3500.0 3.153324092e-15 1e-20
3500.773926 3.064446619e-15 1e-20
3501.547852 2.95983212e-15 1e-20
3502.321777 2.979609069e-15 1e-20
3503.095459 3.217385193e-15 1e-20
3503.869385 2.981627337e-15 1e-20
3504.643311 2.883948133e-15 1e-20
3505.417236 3.128567013e-15 1e-20
3506.191162 3.226497362e-15 1e-20
3506.965088 3.354552438e-15 1e-20
3507.73877 3.376582918e-15 1e-20
3508.512695 3.262128438e-15 1e-20
3509.286621 3.372368718e-15 1e-20
3510.060547 3.576723251e-15 1e-20
3510.834473 3.67867129e-15 1e-20
3511.608398 3.523303848e-15 1e-20
3512.382324 3.450402687e-15 1e-20
3513.156006 3.445093061e-15 1e-20
3513.929932 3.339057665e-15 1e-20
3514.703857 3.553190558e-15 1e-20
3515.477783 3.777055861e-15 1e-20
3516.251709 3.75509272e-15 1e-20
3517.025635 3.796643074e-15 1e-20
3517.799561 3.448756478e-15 1e-20
3518.573242 3.463070911e-15 1e-20
3519.347168 3.284741677e-15 1e-20
3520.121094 3.498091065e-15 1e-20
3520.89502 3.631282761e-15 1e-20
3521.668945 3.909202741e-15 1e-20
3522.442871 3.528615168e-15 1e-20
3523.216553 3.475529072e-15 1e-20
3523.990479 3.754874609e-15 1e-20
3524.764404 3.429211193e-15 1e-20
3525.53833 3.267626953e-15 1e-20
3526.312256 3.590708189e-15 1e-20
3527.086182 3.461534605e-15 1e-20
3527.860107 3.571035001e-15 1e-20
3528.633789 3.642425903e-15 1e-20
3529.407715 3.624857169e-15 1e-20
3530.181641 3.389877524e-15 1e-20
3530.955566 3.877153132e-15 1e-20
3531.729492 3.779879445e-15 1e-20
3532.503418 3.489522056e-15 1e-20
3533.2771 3.695561974e-15 1e-20
3534.051025 3.481690813e-15 1e-20
3534.824951 3.331545329e-15 1e-20
3535.598877 3.333449036e-15 1e-20
3536.372803 3.360933138e-15 1e-20
3537.146729 3.331055956e-15 1e-20
3537.920654 3.402192112e-15 1e-20
3538.694336 3.728414147e-15 1e-20
3539.468262 3.594563883e-15 1e-20
3540.242188 3.760375664e-15 1e-20
3541.016113 3.774681204e-15 1e-20
3541.790039 3.489488387e-15 1e-20
3542.563965 3.520722303e-15 1e-20
3543.337891 3.725141635e-15 1e-20
3544.111572 3.347156994e-15 1e-20
3544.885498 3.530050042e-15 1e-20
3545.659424 3.721872935e-15 1e-20
3546.43335 3.462796685e-15 1e-20
3547.207275 3.705311746e-15 1e-20
3547.981201 3.677226675e-15 1e-20
3548.754883 3.496344271e-15 1e-20
3549.528809 3.724755388e-15 1e-20
3550.302734 4.10729749e-15 1e-20
3551.07666 3.838384434e-15 1e-20
3551.850586 3.649940356e-15 1e-20
3552.624512 3.690962585e-15 1e-20
3553.398438 3.48110869e-15 1e-20
3554.172119 3.632210686e-15 1e-20
3554.946045 3.97920832e-15 1e-20
3555.719971 3.866558868e-15 1e-20
3556.493896 3.859299795e-15 1e-20
3557.267822 3.802160647e-15 1e-20
3558.041748 3.788720351e-15 1e-20
3558.81543 3.886207914e-15 1e-20
3559.589355 4.072733463e-15 1e-20
3560.363281 3.918008496e-15 1e-20
3561.137207 3.838710118e-15 1e-20
3561.911133 3.886254501e-15 1e-20
3562.685059 3.654726092e-15 1e-20
3563.458984 3.732169467e-15 1e-20
3564.232666 3.899900625e-15 1e-20
3565.006592 3.845384738e-15 1e-20
3565.780518 3.667224486e-15 1e-20
3566.554443 3.564500989e-15 1e-20
3567.328369 3.51334274e-15 1e-20
3568.102295 3.728310385e-15 1e-20
3568.875977 3.98182904e-15 1e-20
3569.649902 3.759983488e-15 1e-20
3570.423828 3.730372063e-15 1e-20
3571.197754 3.92055383e-15 1e-20
3571.97168 3.913264688e-15 1e-20
3572.745605 3.79786619e-15 1e-20
3573.519531 3.952087172e-15 1e-20
3574.293213 3.816444587e-15 1e-20
3575.067139 3.699558699e-15 1e-20
3575.841064 3.920713072e-15 1e-20
3576.61499 3.894335619e-15 1e-20
3577.388916 3.846022977e-15 1e-20
3578.162842 3.970247135e-15 1e-20
3578.936768 3.812771852e-15 1e-20
3579.710449 3.9407814e-15 1e-20
3580.484375 3.97576132e-15 1e-20
3581.258301 3.927107747e-15 1e-20
3582.032227 3.608626324e-15 1e-20
3582.806152 3.956476921e-15 1e-20
3583.580078 3.910789657e-15 1e-20
3584.35376 3.542463733e-15 1e-20
3585.127686 3.751624543e-15 1e-20
3585.901611 3.901280019e-15 1e-20
3586.675537 3.758876416e-15 1e-20
3587.449463 3.902263e-15 1e-20
3588.223389 3.578709967e-15 1e-20
3588.997314 3.474773942e-15 1e-20
3589.770996 3.536069905e-15 1e-20
3590.544922 3.211689109e-15 1e-20
3591.318848 3.209487035e-15 1e-20
3592.092773 3.736685e-15 1e-20
3592.866699 3.77586832e-15 1e-20
3593.640625 3.8223717e-15 1e-20
3594.414551 3.735008722e-15 1e-20
3595.188232 3.768986601e-15 1e-20
3595.962158 3.628225819e-15 1e-20
3596.736084 3.927801891e-15 1e-20
3597.51001 3.690351027e-15 1e-20
3598.283936 3.734758e-15 1e-20
3599.057861 3.914146873e-15 1e-20
3599.831543 3.968679277e-15 1e-20
3600.605469 3.828460173e-15 1e-20
3601.379395 3.976900155e-15 1e-20
3602.15332 4.023431063e-15 1e-20
3602.927246 3.589719278e-15 1e-20
3603.701172 3.700144845e-15 1e-20
3604.475098 3.689877536e-15 1e-20
3605.248779 3.709102219e-15 1e-20
3606.022705 3.903776225e-15 1e-20
3606.796631 3.866498728e-15 1e-20
3607.570557 3.913349391e-15 1e-20
3608.344482 3.813702318e-15 1e-20
3609.118408 3.875771198e-15 1e-20
3609.89209 4.095090051e-15 1e-20
3610.666016 4.239675187e-15 1e-20
3611.439941 4.037836976e-15 1e-20
3612.213867 3.901023368e-15 1e-20
3612.987793 3.982023858e-15 1e-20
3613.761719 4.024675355e-15 1e-20
3614.535645 4.058507968e-15 1e-20
3615.309326 4.048602342e-15 1e-20
3616.083252 4.061875771e-15 1e-20
3616.857178 3.756766457e-15 1e-20
3617.631104 3.672279156e-15 1e-20
3618.405029 3.847266845e-15 1e-20
3619.178955 3.668574657e-15 1e-20
3619.952637 3.987120032e-15 1e-20
3620.726562 3.910725706e-15 1e-20
3621.500488 3.900047162e-15 1e-20
3622.274414 4.023787241e-15 1e-20
3623.04834 4.052029013e-15 1e-20
3623.822266 3.85988213e-15 1e-20
3624.596191 3.965219995e-15 1e-20
3625.369873 3.96349713e-15 1e-20
3626.143799 3.832291726e-15 1e-20
3626.917725 3.775964035e-15 1e-20
3627.69165 3.716529851e-15 1e-20
3628.465576 3.691520356e-15 1e-20
3629.239502 3.694339282e-15 1e-20
3630.013184 4.00350546e-15 1e-20
3630.787109 3.81348463e-15 1e-20
3631.561035 3.861496999e-15 1e-20
3632.334961 3.957784739e-15 1e-20
3633.108887 3.823548229e-15 1e-20
3633.882812 4.035792662e-15 1e-20
3634.656738 3.94612406e-15 1e-20
3635.43042 3.739566606e-15 1e-20
3636.204346 3.858419728e-15 1e-20
3636.978271 3.867936143e-15 1e-20
3637.752197 3.779098904e-15 1e-20
3638.526123 3.833023139e-15 1e-20
3639.300049 4.024120548e-15 1e-20
3640.073975 3.846041188e-15 1e-20
3640.847656 3.761802068e-15 1e-20
3641.621582 3.90402737e-15 1e-20
3642.395508 3.85836213e-15 1e-20
3643.169434 3.982889102e-15 1e-20
3643.943359 3.685741897e-15 1e-20
3644.717285 3.621850202e-15 1e-20
3645.491211 3.692225934e-15 1e-20
3646.264893 3.545711681e-15 1e-20
3647.038818 3.752596937e-15 1e-20
3647.812744 3.976145449e-15 1e-20
3648.58667 3.671901379e-15 1e-20
3649.360596 3.594459274e-15 1e-20
3650.134521 3.719152265e-15 1e-20
3650.908203 3.565152358e-15 1e-20
3651.682129 3.457810837e-15 1e-20
3652.456055 3.487706865e-15 1e-20
3653.22998 3.69699473e-15 1e-20
3654.003906 3.613254512e-15 1e-20
3654.777832 3.506825881e-15 1e-20
3655.551758 3.558282073e-15 1e-20
3656.325439 3.594468168e-15 1e-20
3657.099365 3.676857369e-15 1e-20
3657.873291 3.627474501e-15 1e-20
3658.647217 3.405656901e-15 1e-20
3659.421143 3.468652223e-15 1e-20
3660.195068 3.643690947e-15 1e-20
3660.96875 3.4715387e-15 1e-20
3661.742676 3.282375067e-15 1e-20
3662.516602 3.52265248e-15 1e-20
3663.290527 3.305200487e-15 1e-20
3664.064453 3.407106598e-15 1e-20
3664.838379 3.287820218e-15 1e-20
3665.612305 3.171407186e-15 1e-20
3666.385986 3.261898045e-15 1e-20
3667.159912 3.129599546e-15 1e-20
3667.933838 3.174356555e-15 1e-20
3668.707764 3.175458968e-15 1e-20
3669.481689 3.062567899e-15 1e-20
3670.255615 3.251236865e-15 1e-20
3671.029297 3.216940713e-15 1e-20
3671.803223 2.864646793e-15 1e-20
3672.577148 2.860966011e-15 1e-20
3673.351074 2.910137544e-15 1e-20
3674.125 2.745790071e-15 1e-20
3674.898926 2.861258238e-15 1e-20
3675.672852 2.85330968e-15 1e-20
3676.446533 2.849969406e-15 1e-20
3677.220459 2.790349933e-15 1e-20
3677.994385 2.744792901e-15 1e-20
3678.768311 2.718934256e-15 1e-20
3679.542236 2.794873724e-15 1e-20
3680.316162 2.852773509e-15 1e-20
3681.089844 2.649616468e-15 1e-20
3681.86377 2.796010019e-15 1e-20
3682.637695 2.687497899e-15 1e-20
3683.411621 2.639311465e-15 1e-20
3684.185547 2.660936851e-15 1e-20
3684.959473 2.640422349e-15 1e-20
3685.733398 2.392363456e-15 1e-20
3686.50708 2.39239882e-15 1e-20
3687.281006 2.427018539e-15 1e-20
3688.054932 2.361804837e-15 1e-20
3688.828857 2.566029351e-15 1e-20
3689.602783 2.526450254e-15 1e-20
3690.376709 2.233773901e-15 1e-20
3691.150635 2.193363441e-15 1e-20
3691.924316 2.286788211e-15 1e-20
3692.698242 2.343510407e-15 1e-20
3693.472168 2.296856891e-15 1e-20
3694.246094 2.31670965e-15 1e-20
3695.02002 2.139001079e-15 1e-20
3695.793945 2.231419785e-15 1e-20
3696.567871 2.173698301e-15 1e-20
3697.341553 2.060015044e-15 1e-20
3698.115479 2.175478341e-15 1e-20
3698.889404 2.042223541e-15 1e-20
3699.66333 1.996411552e-15 1e-20
3700.437256 2.025131687e-15 1e-20
3701.211182 2.066357204e-15 1e-20
3701.984863 1.993221203e-15 1e-20
3702.758789 1.982359911e-15 1e-20
3703.532715 2.001951571e-15 1e-20
3704.306641 1.863088778e-15 1e-20
3705.080566 1.733514019e-15 1e-20
3705.854492 1.76826291e-15 1e-20
3706.628418 1.785113042e-15 1e-20
3707.4021 1.747621247e-15 1e-20
3708.176025 1.641401303e-15 1e-20
3708.949951 1.758027364e-15 1e-20
3709.723877 1.81925927e-15 1e-20
3710.497803 1.736771602e-15 1e-20
3711.271729 1.831355536e-15 1e-20
3712.04541 1.639240734e-15 1e-20
3712.819336 1.663027643e-15 1e-20
3713.593262 1.561950248e-15 1e-20
3714.367188 1.512191509e-15 1e-20
3715.141113 1.70368713e-15 1e-20
3715.915039 1.70885996e-15 1e-20
3716.688965 1.631539828e-15 1e-20
3717.462646 1.555767014e-15 1e-20
3718.236572 1.532337553e-15 1e-20
3719.010498 1.48931135e-15 1e-20
3719.784424 1.519163438e-15 1e-20
3720.55835 1.620440097e-15 1e-20
3721.332275 1.52813034e-15 1e-20
3722.105957 1.456411955e-15 1e-20
3722.879883 1.360808299e-15 1e-20
3723.653809 1.38567581e-15 1e-20
3724.427734 1.405047665e-15 1e-20
3725.20166 1.218940974e-15 1e-20
3725.975586 1.125721186e-15 1e-20
3726.749512 1.159319595e-15 1e-20
3727.523193 1.21283249e-15 1e-20
3728.297119 1.245941208e-15 1e-20
3729.071045 1.348253576e-15 1e-20
3729.844971 1.429202821e-15 1e-20
3730.618896 1.303459721e-15 1e-20
3731.392822 1.220129467e-15 1e-20
3732.166504 1.153634416e-15 1e-20
3732.94043 1.25247342e-15 1e-20
3733.714355 1.210493303e-15 1e-20
3734.488281 1.252219946e-15 1e-20
3735.262207 1.204285398e-15 1e-20
3736.036133 1.174694196e-15 1e-20
3736.810059 1.20329564e-15 1e-20
3737.58374 1.100325445e-15 1e-20
3738.357666 1.23137817e-15 1e-20
3739.131592 1.247940735e-15 1e-20
3739.905518 1.155004598e-15 1e-20
3740.679443 1.149064567e-15 1e-20
3741.453369 1.152324268e-15 1e-20
3742.227295 1.020934211e-15 1e-20
3743.000977 1.153904831e-15 1e-20
3743.774902 1.216149365e-15 1e-20
3744.548828 1.171783473e-15 1e-20
3745.322754 1.065501803e-15 1e-20
3746.09668 1.105041512e-15 1e-20
3746.870605 1.133098314e-15 1e-20
3747.644531 1.246703643e-15 1e-20
3748.418213 1.297467069e-15 1e-20
3749.192139 1.065309314e-15 1e-20
3749.966064 1.141069847e-15 1e-20
3750.73999 1.184329937e-15 1e-20
3751.513916 1.213808801e-15 1e-20
3752.287842 1.165868219e-15 1e-20
3753.061523 1.101890338e-15 1e-20
3753.835449 1.0490232e-15 1e-20
3754.609375 9.462753508e-16 1e-20
3755.383301 1.091959618e-15 1e-20
3756.157227 1.079654664e-15 1e-20
3756.931152 1.149594916e-15 1e-20
3757.705078 1.202878159e-15 1e-20
3758.47876 1.007459929e-15 1e-20
3759.252686 1.053812536e-15 1e-20
3760.026611 1.129160352e-15 1e-20
3760.800537 1.207309518e-15 1e-20
3761.574463 1.140214026e-15 1e-20
3762.348389 9.979590777e-16 1e-20
3763.12207 1.052647654e-15 1e-20
3763.895996 1.103911782e-15 1e-20
3764.669922 1.013600918e-15 1e-20
3765.443848 1.023415065e-15 1e-20
3766.217773 1.039084221e-15 1e-20
3766.991699 9.263711353e-16 1e-20
3767.765625 9.876813917e-16 1e-20
3768.539307 1.016786397e-15 1e-20
3769.313232 1.056562005e-15 1e-20
3770.087158 1.068379068e-15 1e-20
3770.861084 1.010355087e-15 1e-20
3771.63501 9.297296209e-16 1e-20
3772.408936 1.07026361e-15 1e-20
3773.182617 1.086383918e-15 1e-20
3773.956543 1.062762498e-15 1e-20
3774.730469 1.057923822e-15 1e-20
3775.504395 1.046834679e-15 1e-20
3776.27832 1.026144628e-15 1e-20
3777.052246 1.000284501e-15 1e-20
3777.826172 1.012106646e-15 1e-20
3778.599854 1.125639448e-15 1e-20
3779.373779 1.033070605e-15 1e-20
3780.147705 9.91270588e-16 1e-20
3780.921631 1.026305988e-15 1e-20
3781.695557 1.143622487e-15 1e-20
3782.469482 1.121214336e-15 1e-20
3783.243164 1.004936194e-15 1e-20
3784.01709 1.037350239e-15 1e-20
3784.791016 1.087214433e-15 1e-20
3785.564941 1.106829811e-15 1e-20
3786.338867 1.08979079e-15 1e-20
3787.112793 1.056710871e-15 1e-20
3787.886719 1.218524869e-15 1e-20
3788.660645 1.230771377e-15 1e-20
3789.434326 1.154707501e-15 1e-20
3790.208252 1.280609843e-15 1e-20
3790.982178 1.160239685e-15 1e-20
3791.756104 1.185660838e-15 1e-20
3792.530029 1.334595805e-15 1e-20
3793.303711 1.250263617e-15 1e-20
3794.077637 1.263778663e-15 1e-20
3794.851562 1.250188655e-15 1e-20
3795.625488 1.263435932e-15 1e-20
3796.399414 1.350876202e-15 1e-20
3797.17334 1.312476493e-15 1e-20
3797.947266 1.233483683e-15 1e-20
3798.721191 1.284606886e-15 1e-20
3799.494873 1.301318316e-15 1e-20
3800.268799 1.348640247e-15 1e-20
3801.042725 1.398817632e-15 1e-20
3801.81665 1.421684663e-15 1e-20
3802.590576 1.282015071e-15 1e-20
3803.364502 1.386410717e-15 1e-20
3804.138184 1.301785455e-15 1e-20
3804.912109 1.422574471e-15 1e-20
3805.686035 1.514044923e-15 1e-20
3806.459961 1.517777586e-15 1e-20
3807.233887 1.448127972e-15 1e-20
3808.007812 1.583182505e-15 1e-20
3808.781738 1.550430494e-15 1e-20
3809.55542 1.437770348e-15 1e-20
3810.329346 1.553480448e-15 1e-20
3811.103271 1.594217862e-15 1e-20
3811.877197 1.614712036e-15 1e-20
3812.651123 1.522714094e-15 1e-20
3813.425049 1.584513194e-15 1e-20
3814.19873 1.642808649e-15 1e-20
3814.972656 1.755302777e-15 1e-20
3815.746582 1.658716457e-15 1e-20
3816.520508 1.718005587e-15 1e-20
3817.294434 1.670948036e-15 1e-20
3818.068359 1.674959372e-15 1e-20
3818.842285 1.851802488e-15 1e-20
3819.615967 1.932157327e-15 1e-20
3820.389893 1.861008889e-15 1e-20
3821.163818 2.026998759e-15 1e-20
3821.937744 1.962929822e-15 1e-20
3822.71167 1.988792067e-15 1e-20
3823.485596 2.080288778e-15 1e-20
3824.259277 2.090047233e-15 1e-20
3825.033203 1.997915247e-15 1e-20
3825.807129 2.099684562e-15 1e-20
3826.581055 2.094413476e-15 1e-20
3827.35498 2.063944007e-15 1e-20
3828.128906 2.075097101e-15 1e-20
3828.902832 2.037116356e-15 1e-20
3829.676514 2.048178606e-15 1e-20
3830.450439 2.086594515e-15 1e-20
3831.224365 2.112671695e-15 1e-20
3831.998291 2.087624507e-15 1e-20
3832.772217 1.953050665e-15 1e-20
3833.546143 1.941882747e-15 1e-20
3834.319824 1.880213243e-15 1e-20
3835.09375 1.921867359e-15 1e-20
3835.867676 1.924335189e-15 1e-20
3836.641602 1.961504901e-15 1e-20
3837.415527 2.028356341e-15 1e-20
3838.189453 1.981263215e-15 1e-20
3838.963379 2.016852998e-15 1e-20
3839.737305 1.946730529e-15 1e-20
3840.510986 1.947780638e-15 1e-20
3841.284912 2.010830382e-15 1e-20
3842.058838 1.935004628e-15 1e-20
3842.832764 1.812435784e-15 1e-20
3843.606689 1.903538836e-15 1e-20
3844.380371 1.92053667e-15 1e-20
3845.154297 2.004371333e-15 1e-20
3845.928223 2.03982305e-15 1e-20
3846.702148 2.021486269e-15 1e-20
3847.476074 2.001418787e-15 1e-20
3848.25 2.033926853e-15 1e-20
3849.023926 2.065892183e-15 1e-20
3849.797852 2.102835948e-15 1e-20
3850.571533 2.144372961e-15 1e-20
3851.345459 2.065706047e-15 1e-20
3852.119385 2.139113099e-15 1e-20
3852.893311 2.115416081e-15 1e-20
3853.667236 2.218769348e-15 1e-20
3854.440918 2.149266906e-15 1e-20
3855.214844 2.063319108e-15 1e-20
3855.98877 2.113007755e-15 1e-20
3856.762695 2.109627882e-15 1e-20
3857.536621 2.110695143e-15 1e-20
3858.310547 2.123692652e-15 1e-20
3859.084473 2.167964735e-15 1e-20
3859.858398 2.135841434e-15 1e-20
3860.63208 2.220464896e-15 1e-20
3861.406006 2.127908759e-15 1e-20
3862.179932 2.104974283e-15 1e-20
3862.953857 2.331611712e-15 1e-20
3863.727783 2.294424425e-15 1e-20
3864.501709 2.159449724e-15 1e-20
3865.275391 2.217242994e-15 1e-20
3866.049316 2.090773987e-15 1e-20
3866.823242 2.15410537e-15 1e-20
3867.597168 2.131793463e-15 1e-20
3868.371094 2.187671592e-15 1e-20
3869.14502 2.233331326e-15 1e-20
3869.918945 2.206187308e-15 1e-20
3870.692627 2.201658011e-15 1e-20
3871.466553 2.116828297e-15 1e-20
3872.240479 2.163842226e-15 1e-20
3873.014404 2.100339954e-15 1e-20
3873.78833 2.126830697e-15 1e-20
3874.562256 2.139981731e-15 1e-20
3875.335938 2.102934839e-15 1e-20
3876.109863 2.216544827e-15 1e-20
3876.883789 2.162504549e-15 1e-20
3877.657715 2.172163477e-15 1e-20
3878.431641 2.232871176e-15 1e-20
3879.205566 2.247434848e-15 1e-20
3879.979492 2.385518371e-15 1e-20
3880.753174 2.300771666e-15 1e-20
3881.5271 2.200979538e-15 1e-20
3882.301025 2.208234799e-15 1e-20
3883.074951 2.198079297e-15 1e-20
3883.848877 2.272352652e-15 1e-20
3884.622803 2.271062832e-15 1e-20
3885.396484 2.351732768e-15 1e-20
3886.17041 2.28641954e-15 1e-20
3886.944336 2.27265716e-15 1e-20
3887.718262 2.192947972e-15 1e-20
3888.492188 2.270913966e-15 1e-20
3889.266113 2.428705405e-15 1e-20
3890.040039 2.417866983e-15 1e-20
3890.813721 2.462764176e-15 1e-20
3891.587646 2.48055568e-15 1e-20
3892.361572 2.513241834e-15 1e-20
3893.135498 2.488051498e-15 1e-20
3893.909424 2.446840592e-15 1e-20
3894.68335 2.496124992e-15 1e-20
3895.457031 2.540942141e-15 1e-20
3896.230957 2.564418082e-15 1e-20
3897.004883 2.520519329e-15 1e-20
3897.778809 2.563105181e-15 1e-20
3898.552734 2.644903788e-15 1e-20
3899.32666 2.652068205e-15 1e-20
3900.100586 2.617155624e-15 1e-20
3900.874512 2.726503342e-15 1e-20
3901.648193 2.690076267e-15 1e-20
3902.422119 2.811257459e-15 1e-20
3903.196045 2.712550169e-15 1e-20
3903.969971 2.630247577e-15 1e-20
3904.743896 2.815880353e-15 1e-20
3905.517578 2.839519772e-15 1e-20
3906.291504 2.819885125e-15 1e-20
3907.06543 2.889908915e-15 1e-20
3907.839355 2.919407261e-15 1e-20
3908.613281 2.916998088e-15 1e-20
3909.387207 2.805428178e-15 1e-20
3910.161133 2.875633022e-15 1e-20
3910.935059 2.990420598e-15 1e-20
3911.70874 3.069894734e-15 1e-20
3912.482666 3.150665043e-15 1e-20
3913.256592 3.052382328e-15 1e-20
3914.030518 3.161580334e-15 1e-20
3914.804443 3.225484946e-15 1e-20
3915.578369 3.274470132e-15 1e-20
3916.352051 3.272922179e-15 1e-20
3917.125977 3.176519877e-15 1e-20
3917.899902 3.266267465e-15 1e-20
3918.673828 3.27887555e-15 1e-20
3919.447754 3.431781514e-15 1e-20
3920.22168 3.484844317e-15 1e-20
3920.995605 3.454011471e-15 1e-20
3921.769287 3.551011143e-15 1e-20
3922.543213 3.546479093e-15 1e-20
3923.317139 3.619672057e-15 1e-20
3924.091064 3.604579624e-15 1e-20
3924.86499 3.539792191e-15 1e-20
3925.638916 3.734657203e-15 1e-20
3926.412598 3.735867613e-15 1e-20
3927.186523 3.730958634e-15 1e-20
3927.960449 3.890720059e-15 1e-20
3928.734375 3.798951662e-15 1e-20
3929.508301 3.834302159e-15 1e-20
3930.282227 3.895839949e-15 1e-20
3931.056152 3.891208797e-15 1e-20
3931.829834 3.938965785e-15 1e-20
3932.60376 4.038512485e-15 1e-20
3933.377686 4.037993677e-15 1e-20
3934.151611 3.825407889e-15 1e-20
3934.925537 3.861673181e-15 1e-20
3935.699463 4.065546812e-15 1e-20
3936.473145 4.154892271e-15 1e-20
3937.24707 4.033966883e-15 1e-20
3938.020996 3.942588968e-15 1e-20
3938.794922 3.965407189e-15 1e-20
3939.568848 4.155515687e-15 1e-20
3940.342773 4.24215657e-15 1e-20
3941.116699 4.310385921e-15 1e-20
3941.890381 4.390659657e-15 1e-20
3942.664307 4.432722889e-15 1e-20
3943.438232 4.454987574e-15 1e-20
3944.212158 4.397620573e-15 1e-20
3944.986084 4.477269199e-15 1e-20
3945.76001 4.470281177e-15 1e-20
3946.533691 4.437712337e-15 1e-20
3947.307617 4.485078843e-15 1e-20
3948.081543 4.490350776e-15 1e-20
3948.855469 4.510277226e-15 1e-20
3949.629395 4.460175651e-15 1e-20
3950.40332 4.469969893e-15 1e-20
3951.177246 4.509410288e-15 1e-20
3951.951172 4.640204457e-15 1e-20
3952.724854 4.700104933e-15 1e-20
3953.498779 4.629894372e-15 1e-20
3954.272705 4.860659604e-15 1e-20
3955.046631 4.724658724e-15 1e-20
3955.820557 4.645376863e-15 1e-20
3956.594238 4.632782331e-15 1e-20
3957.368164 4.840122443e-15 1e-20
3958.14209 4.827117947e-15 1e-20
3958.916016 4.71094526e-15 1e-20
3959.689941 4.663371655e-15 1e-20
3960.463867 4.699575114e-15 1e-20
3961.237793 4.645113013e-15 1e-20
3962.011719 4.801773874e-15 1e-20
3962.7854 4.707862484e-15 1e-20
3963.559326 4.704838576e-15 1e-20
3964.333252 4.662588573e-15 1e-20
3965.107178 4.678162544e-15 1e-20
3965.881104 4.756914162e-15 1e-20
3966.655029 4.777662234e-15 1e-20
3967.428711 4.782287457e-15 1e-20
3968.202637 4.708479547e-15 1e-20
3968.976562 4.600511646e-15 1e-20
3969.750488 4.607478915e-15 1e-20
3970.524414 4.664823893e-15 1e-20
3971.29834 4.598855696e-15 1e-20
3972.072266 4.676080961e-15 1e-20
3972.845947 4.620136552e-15 1e-20
3973.619873 4.665000923e-15 1e-20
3974.393799 4.672794049e-15 1e-20
3975.167725 4.787804606e-15 1e-20
3975.94165 4.828172079e-15 1e-20
3976.715576 4.809241316e-15 1e-20
3977.489258 4.726706849e-15 1e-20
3978.263184 4.76847235e-15 1e-20
3979.037109 4.80245023e-15 1e-20
3979.811035 4.858540328e-15 1e-20
3980.584961 4.841271867e-15 1e-20
3981.358887 4.812650624e-15 1e-20
3982.132812 4.884303682e-15 1e-20
3982.906494 4.855311015e-15 1e-20
3983.68042 4.86606791e-15 1e-20
3984.454346 4.93039498e-15 1e-20
3985.228271 4.828184361e-15 1e-20
3986.002197 4.858146458e-15 1e-20
3986.776123 4.934918983e-15 1e-20
3987.549805 4.958028159e-15 1e-20
3988.32373 4.965903024e-15 1e-20
3989.097656 4.992234314e-15 1e-20
3989.871582 5.052666303e-15 1e-20
3990.645508 5.028694847e-15 1e-20
3991.419434 4.999044883e-15 1e-20
3992.193359 5.023395809e-15 1e-20
3992.967041 4.99815338e-15 1e-20
3993.740967 5.099497061e-15 1e-20
3994.514893 5.036733614e-15 1e-20
3995.288818 5.022469155e-15 1e-20
3996.062744 5.015663246e-15 1e-20
3996.83667 5.084776899e-15 1e-20
3997.610352 5.191079534e-15 1e-20
3998.384277 5.122262765e-15 1e-20
3999.158203 5.147742364e-15 1e-20
3999.932129 5.159389067e-15 1e-20
4000.706055 5.090701471e-15 1e-20
4001.47998 5.207453951e-15 1e-20
4002.253906 5.159116745e-15 1e-20
4003.027832 5.162047479e-15 1e-20
4003.801514 5.280007405e-15 1e-20
4004.575439 5.287806461e-15 1e-20
4005.349365 5.245432791e-15 1e-20
4006.123291 5.229491631e-15 1e-20
4006.897217 5.260412992e-15 1e-20
4007.670898 5.291485549e-15 1e-20
4008.444824 5.314512986e-15 1e-20
4009.21875 5.262182444e-15 1e-20
4009.992676 5.218416252e-15 1e-20
4010.766602 5.38979304e-15 1e-20
4011.540527 5.506335456e-15 1e-20
4012.314453 5.348921582e-15 1e-20
4013.088379 5.34605734e-15 1e-20
4013.862061 5.316794046e-15 1e-20
4014.635986 5.311450962e-15 1e-20
4015.409912 5.464510239e-15 1e-20
4016.183838 5.51366822e-15 1e-20
4016.957764 5.349157481e-15 1e-20
4017.731445 5.288199061e-15 1e-20
4018.505371 5.220157751e-15 1e-20
4019.279297 4.939411646e-15 1e-20
4020.053223 4.779491402e-15 1e-20
4020.827148 4.967956656e-15 1e-20
4021.601074 5.234403575e-15 1e-20
4022.375 5.13615707e-15 1e-20
4023.148926 5.155817552e-15 1e-20
4023.922607 5.034973056e-15 1e-20
4024.696533 4.988754703e-15 1e-20
4025.470459 4.9382042e-15 1e-20
4026.244385 5.057000147e-15 1e-20
4027.018311 5.065349775e-15 1e-20
4027.791992 4.988106723e-15 1e-20
4028.565918 4.922563313e-15 1e-20
4029.339844 4.909573216e-15 1e-20
4030.11377 4.917296039e-15 1e-20
4030.887695 5.10308001e-15 1e-20
4031.661621 5.037282491e-15 1e-20
4032.435547 4.887845974e-15 1e-20
4033.209473 4.957022731e-15 1e-20
4033.983398 4.930089201e-15 1e-20
4034.75708 4.936135322e-15 1e-20
4035.531006 4.970759488e-15 1e-20
4036.304932 4.850206371e-15 1e-20
4037.078857 4.824993164e-15 1e-20
4037.852783 4.840271521e-15 1e-20
4038.626465 4.766095576e-15 1e-20
4039.400391 4.686437633e-15 1e-20
4040.174316 4.587412705e-15 1e-20
4040.948242 4.700967636e-15 1e-20
4041.722168 4.774688725e-15 1e-20
4042.496094 4.692835272e-15 1e-20
4043.27002 4.750941309e-15 1e-20
4044.043945 4.634891443e-15 1e-20
4044.817627 4.637841658e-15 1e-20
4045.591553 4.636879429e-15 1e-20
4046.365479 4.690762159e-15 1e-20
4047.139404 4.615493965e-15 1e-20
4047.91333 4.59886459e-15 1e-20
4048.687012 4.694666981e-15 1e-20
4049.460938 4.736286792e-15 1e-20
4050.234863 4.689183713e-15 1e-20
4051.008789 4.588840379e-15 1e-20
4051.782715 4.583947069e-15 1e-20
4052.556641 4.67200165e-15 1e-20
4053.330566 4.580967631e-15 1e-20
4054.104492 4.407150965e-15 1e-20
4054.878174 4.211407156e-15 1e-20
4055.6521 4.282512184e-15 1e-20
4056.426025 4.47350922e-15 1e-20
4057.199951 4.648594742e-15 1e-20
4057.973877 4.551053392e-15 1e-20
4058.747559 4.427786805e-15 1e-20
4059.521484 4.391149665e-15 1e-20
4060.29541 4.400667351e-15 1e-20
4061.069336 4.442489179e-15 1e-20
4061.843262 4.437110096e-15 1e-20
4062.617188 4.429647736e-15 1e-20
4063.391113 4.435950932e-15 1e-20
4064.165039 4.4040504e-15 1e-20
4064.938721 4.526916765e-15 1e-20
4065.712646 4.42961089e-15 1e-20
4066.486572 4.542978627e-15 1e-20
4067.260498 4.521293313e-15 1e-20
4068.034424 4.442300714e-15 1e-20
4068.808105 4.454451402e-15 1e-20
4069.582031 4.430743797e-15 1e-20
4070.355957 4.533361415e-15 1e-20
4071.129883 4.462177189e-15 1e-20
4071.903809 4.486801284e-15 1e-20
4072.677734 4.504768124e-15 1e-20
4073.45166 4.548824001e-15 1e-20
4074.225586 4.527054831e-15 1e-20
4074.999268 4.471325145e-15 1e-20
4075.773193 4.473709119e-15 1e-20
4076.547119 4.409053401e-15 1e-20
4077.321045 4.460554274e-15 1e-20
4078.094971 4.474783157e-15 1e-20
4078.868652 4.523158056e-15 1e-20
4079.642578 4.441828917e-15 1e-20
4080.416504 4.464356605e-15 1e-20
4081.19043 4.517142851e-15 1e-20
4081.964355 4.478737531e-15 1e-20
4082.738281 4.542880795e-15 1e-20
4083.512207 4.480305812e-15 1e-20
4084.286133 4.547585639e-15 1e-20
4085.060059 4.544318633e-15 1e-20
4085.83374 4.455749056e-15 1e-20
4086.607666 4.59821661e-15 1e-20
4087.381592 4.549809524e-15 1e-20
4088.155518 4.494417805e-15 1e-20
4088.929199 4.515646991e-15 1e-20
4089.703125 4.532707082e-15 1e-20
4090.477051 4.609921758e-15 1e-20
4091.250977 4.692507894e-15 1e-20
4092.024902 4.559279776e-15 1e-20
4092.798828 4.674256028e-15 1e-20
4093.572754 4.566302103e-15 1e-20
4094.34668 4.64883064e-15 1e-20
4095.120605 4.633438358e-15 1e-20
4095.894287 4.712632973e-15 1e-20
4096.667969 4.699423918e-15 1e-20
4097.442383 4.638115673e-15 1e-20
4098.21582 4.747036911e-15 1e-20
4098.989746 4.714942409e-15 1e-20
4099.763672 4.75610101e-15 1e-20
4100.537598 4.707701971e-15 1e-20
4101.311523 4.745084076e-15 1e-20
4102.085449 4.679165008e-15 1e-20
4102.859375 4.722157435e-15 1e-20
4103.633301 4.859690175e-15 1e-20
4104.407227 4.787464523e-15 1e-20
4105.181152 4.812818336e-15 1e-20
4105.955078 4.855062834e-15 1e-20
4106.729004 4.822708293e-15 1e-20
4107.50293 4.964382177e-15 1e-20
4108.276367 4.991620215e-15 1e-20
4109.050293 4.84702788e-15 1e-20
4109.824219 4.912702156e-15 1e-20
4110.598145 4.541931271e-15 1e-20
4111.37207 4.384956584e-15 1e-20
4112.145996 4.437715725e-15 1e-20
4112.919922 4.46190868e-15 1e-20
4113.693848 4.414749274e-15 1e-20
4114.467773 4.383005443e-15 1e-20
4115.241699 4.411848186e-15 1e-20
4116.015625 4.540570089e-15 1e-20
4116.789551 4.481597961e-15 1e-20
4117.563477 4.634936335e-15 1e-20
4118.336914 4.616382079e-15 1e-20
4119.11084 4.743656402e-15 1e-20
4119.884766 5.007397898e-15 1e-20
4120.658691 4.952361085e-15 1e-20
4121.432617 4.983921533e-15 1e-20
4122.206543 4.978772843e-15 1e-20
4122.980469 5.02045364e-15 1e-20
4123.754395 4.93949169e-15 1e-20
4124.52832 5.049650866e-15 1e-20
4125.302246 4.95722856e-15 1e-20
4126.076172 5.005438287e-15 1e-20
4126.850098 4.948219518e-15 1e-20
4127.624023 4.987215644e-15 1e-20
4128.397461 5.046965772e-15 1e-20
4129.171387 5.019776014e-15 1e-20
4129.945312 5.021601794e-15 1e-20
4130.719238 5.094037934e-15 1e-20
4131.493164 5.049672042e-15 1e-20
4132.26709 5.120478914e-15 1e-20
4133.041016 5.142750798e-15 1e-20
4133.814941 5.080515476e-15 1e-20
4134.588867 4.989204054e-15 1e-20
4135.362793 5.077252282e-15 1e-20
4136.136719 5.013859489e-15 1e-20
4136.910645 4.952354309e-15 1e-20
4137.68457 4.93323254e-15 1e-20
4138.458008 5.016968523e-15 1e-20
4139.231934 4.964618076e-15 1e-20
4140.005859 5.048895313e-15 1e-20
4140.779785 5.125025363e-15 1e-20
4141.553711 5.054708923e-15 1e-20
4142.327637 5.026611993e-15 1e-20
4143.101562 5.024320769e-15 1e-20
4143.875488 4.992621408e-15 1e-20
4144.649414 5.035698116e-15 1e-20
4145.42334 5.039219655e-15 1e-20
4146.197266 5.04617549e-15 1e-20
4146.971191 5.02510851e-15 1e-20
4147.745117 4.99360439e-15 1e-20
4148.518555 5.106042508e-15 1e-20
4149.29248 5.068113643e-15 1e-20
4150.066406 5.074669255e-15 1e-20
4150.840332 4.93816566e-15 1e-20
4151.614258 5.081877082e-15 1e-20
4152.388184 5.0514182e-15 1e-20
4153.162109 5.112893311e-15 1e-20
4153.936035 4.978783007e-15 1e-20
4154.709961 4.915382591e-15 1e-20
4155.483887 5.024822636e-15 1e-20
4156.257812 5.057252987e-15 1e-20
4157.031738 5.055108723e-15 1e-20
4157.805664 4.964549889e-15 1e-20
4158.579102 4.925746887e-15 1e-20
4159.353027 4.899479548e-15 1e-20
4160.126953 4.89838984e-15 1e-20
4160.900879 4.955097002e-15 1e-20
4161.674805 4.926323292e-15 1e-20
4162.44873 4.974430529e-15 1e-20
4163.222656 4.948529108e-15 1e-20
4163.996582 4.874383656e-15 1e-20
4164.770508 4.785043279e-15 1e-20
4165.544434 4.897048987e-15 1e-20
4166.318359 4.962649994e-15 1e-20
4167.092285 4.926431289e-15 1e-20
4167.866211 4.841564941e-15 1e-20
4168.639648 4.835069045e-15 1e-20
4169.413574 4.943044146e-15 1e-20
4170.1875 4.826151906e-15 1e-20
4170.961426 4.770638637e-15 1e-20
4171.735352 4.831346335e-15 1e-20
4172.509277 4.861276244e-15 1e-20
4173.283203 4.74839894e-15 1e-20
4174.057129 4.735846335e-15 1e-20
4174.831055 4.846540412e-15 1e-20
4175.60498 4.842803726e-15 1e-20
4176.378906 4.74079936e-15 1e-20
4177.152832 4.717921424e-15 1e-20
4177.926758 4.795351246e-15 1e-20
4178.700195 4.674412729e-15 1e-20
4179.474609 4.684015118e-15 1e-20
4180.248047 4.700891403e-15 1e-20
4181.021973 4.722513613e-15 1e-20
4181.795898 4.618686008e-15 1e-20
4182.569824 4.620477906e-15 1e-20
4183.34375 4.597397529e-15 1e-20
4184.117676 4.604524041e-15 1e-20
4184.891602 4.695711373e-15 1e-20
4185.665527 4.650478543e-15 1e-20
4186.439453 4.591781701e-15 1e-20
4187.213379 4.543718934e-15 1e-20
4187.987305 4.493922714e-15 1e-20
4188.760742 4.514598364e-15 1e-20
4189.535156 4.505196722e-15 1e-20
4190.308594 4.451679063e-15 1e-20
4191.08252 4.503766931e-15 1e-20
4191.856445 4.510666861e-15 1e-20
4192.630371 4.398366809e-15 1e-20
4193.404297 4.409866129e-15 1e-20
4194.178223 4.428151029e-15 1e-20
4194.952148 4.428643155e-15 1e-20
4195.726074 4.412922224e-15 1e-20
4196.5 4.401044704e-15 1e-20
4197.273926 4.371631485e-15 1e-20
4198.047852 4.362032908e-15 1e-20
4198.821289 4.336430913e-15 1e-20
4199.595703 4.3566966e-15 1e-20
4200.369141 4.253374251e-15 1e-20
4201.143066 4.334378976e-15 1e-20
4201.916992 4.377200303e-15 1e-20
4202.690918 4.324512313e-15 1e-20
4203.464844 4.27103997e-15 1e-20
4204.23877 4.309979345e-15 1e-20
4205.012695 4.301233306e-15 1e-20
4205.786621 4.232478795e-15 1e-20
4206.560547 4.257631438e-15 1e-20
4207.334473 4.248543622e-15 1e-20
4208.108398 4.191941492e-15 1e-20
4208.881836 4.185285507e-15 1e-20
4209.65625 4.226731676e-15 1e-20
4210.429688 4.199723184e-15 1e-20
4211.203613 4.171123963e-15 1e-20
4211.977539 4.176054542e-15 1e-20
4212.751465 4.253240419e-15 1e-20
4213.525391 4.174727665e-15 1e-20
4214.299316 4.168964029e-15 1e-20
4215.073242 4.12084324e-15 1e-20
4215.847168 4.200394034e-15 1e-20
4216.621094 4.138195557e-15 1e-20
4217.39502 4.121331555e-15 1e-20
4218.168945 4.188244617e-15 1e-20
4218.942871 4.150136604e-15 1e-20
4219.716797 4.125744173e-15 1e-20
4220.490234 4.131591242e-15 1e-20
4221.26416 4.180423114e-15 1e-20
4222.038086 4.140812042e-15 1e-20
4222.812012 4.194065004e-15 1e-20
4223.585938 4.204641481e-15 1e-20
4224.359863 4.16193535e-15 1e-20
4225.133789 4.165700835e-15 1e-20
4225.907715 4.150419937e-15 1e-20
4226.681641 4.209375971e-15 1e-20
4227.455566 4.242566957e-15 1e-20
4228.229492 4.202335433e-15 1e-20
4229.003418 4.102601115e-15 1e-20
4229.777344 4.178828998e-15 1e-20
4230.550781 4.105567001e-15 1e-20
4231.324707 4.114273653e-15 1e-20
4232.098633 4.197069853e-15 1e-20
4232.872559 4.148865208e-15 1e-20
4233.646484 4.090284409e-15 1e-20
4234.42041 4.095076922e-15 1e-20
4235.194336 4.100633034e-15 1e-20
4235.968262 4.1762879e-15 1e-20
4236.742188 4.112714689e-15 1e-20
4237.516113 4.029744847e-15 1e-20
4238.290039 4.072064731e-15 1e-20
4239.063965 4.063896792e-15 1e-20
4239.837891 4.106771906e-15 1e-20
4240.611328 4.115587401e-15 1e-20
4241.385254 4.027501904e-15 1e-20
4242.15918 4.045048191e-15 1e-20
4242.933105 4.020876412e-15 1e-20
4243.707031 4.168021705e-15 1e-20
4244.480957 4.097795898e-15 1e-20
4245.254883 4.081443079e-15 1e-20
4246.028809 4.111501738e-15 1e-20
4246.802734 4.080197517e-15 1e-20
4247.57666 4.136522667e-15 1e-20
4248.350586 4.082361263e-15 1e-20
4249.124512 4.046185757e-15 1e-20
4249.898438 4.019530477e-15 1e-20
4250.671875 4.076125407e-15 1e-20
4251.445801 3.970130668e-15 1e-20
4252.219727 4.002817246e-15 1e-20
4252.993652 4.077711476e-15 1e-20
4253.767578 4.002151902e-15 1e-20
4254.541504 4.001383643e-15 1e-20
4255.31543 3.948388179e-15 1e-20
4256.089355 4.00772919e-15 1e-20
4256.863281 3.969709693e-15 1e-20
4257.637207 3.95374651e-15 1e-20
4258.411133 3.979451419e-15 1e-20
4259.185059 3.843964264e-15 1e-20
4259.958984 3.890467219e-15 1e-20
4260.732422 3.882858323e-15 1e-20
4261.506348 3.818197098e-15 1e-20
4262.280273 3.77898159e-15 1e-20
4263.054199 3.834681206e-15 1e-20
4263.828125 3.845537627e-15 1e-20
4264.602051 3.845953944e-15 1e-20
4265.375977 3.896515882e-15 1e-20
4266.149902 3.856098434e-15 1e-20
4266.923828 3.814233831e-15 1e-20
4267.697754 3.774134444e-15 1e-20
4268.47168 3.793658977e-15 1e-20
4269.245605 3.714568546e-15 1e-20
4270.019531 3.726694246e-15 1e-20
4270.792969 3.66488244e-15 1e-20
4271.566895 3.706026219e-15 1e-20
4272.34082 3.693428298e-15 1e-20
4273.114746 3.716786078e-15 1e-20
4273.888672 3.758741738e-15 1e-20
4274.662598 3.623194443e-15 1e-20
4275.436523 3.679365857e-15 1e-20
4276.210449 3.55690988e-15 1e-20
4276.984375 3.608785142e-15 1e-20
4277.758301 3.543949641e-15 1e-20
4278.532227 3.398008193e-15 1e-20
4279.306152 3.411866076e-15 1e-20
4280.080078 3.55787338e-15 1e-20
4280.853516 3.499096281e-15 1e-20
4281.627441 3.559711441e-15 1e-20
4282.401367 3.522914636e-15 1e-20
4283.175293 3.502150471e-15 1e-20
4283.949219 3.492197833e-15 1e-20
4284.723145 3.526721838e-15 1e-20
4285.49707 3.481163959e-15 1e-20
4286.270996 3.539492765e-15 1e-20
4287.044922 3.441149699e-15 1e-20
4287.818848 3.371183083e-15 1e-20
4288.592773 3.333540939e-15 1e-20
4289.366699 3.402096398e-15 1e-20
4290.140625 3.400967091e-15 1e-20
4290.914062 3.365557302e-15 1e-20
4291.688477 3.36624234e-15 1e-20
4292.461914 3.387249392e-15 1e-20
4293.23584 3.334727632e-15 1e-20
4294.009766 3.306304806e-15 1e-20
4294.783691 3.285927735e-15 1e-20
4295.557617 3.291394274e-15 1e-20
4296.331543 3.238410457e-15 1e-20
4297.105469 3.288306415e-15 1e-20
4297.879395 3.313447624e-15 1e-20
4298.65332 3.283042529e-15 1e-20
4299.427246 3.302998202e-15 1e-20
4300.201172 3.273096033e-15 1e-20
4300.974609 3.278914726e-15 1e-20
4301.749023 3.302383891e-15 1e-20
4302.522461 3.196907748e-15 1e-20
4303.296387 3.230727868e-15 1e-20
4304.070312 3.162060813e-15 1e-20
4304.844238 3.126982638e-15 1e-20
4305.618164 3.106456912e-15 1e-20
4306.39209 3.191718825e-15 1e-20
4307.166016 3.162700323e-15 1e-20
4307.939941 3.098393793e-15 1e-20
4308.713867 3.090629678e-15 1e-20
4309.487793 3.102824199e-15 1e-20
4310.261719 3.043058613e-15 1e-20
4311.035156 3.0664003e-15 1e-20
4311.80957 3.075450212e-15 1e-20
4312.583008 3.111349162e-15 1e-20
4313.356934 3.079533758e-15 1e-20
4314.130859 3.056299856e-15 1e-20
4314.904785 3.03864536e-15 1e-20
4315.678711 3.032654507e-15 1e-20
4316.452637 3.050393495e-15 1e-20
4317.226562 3.033902187e-15 1e-20
4318.000488 3.042208404e-15 1e-20
4318.774414 2.996391756e-15 1e-20
4319.54834 3.058121824e-15 1e-20
4320.322266 2.960385445e-15 1e-20
4321.096191 2.950263189e-15 1e-20
4321.870117 3.042347952e-15 1e-20
4322.643555 2.981819402e-15 1e-20
4323.41748 3.006509777e-15 1e-20
4324.191406 2.907481673e-15 1e-20
4324.965332 2.98908885e-15 1e-20
4325.739258 2.945708481e-15 1e-20
4326.513184 2.933570076e-15 1e-20
4327.287109 2.884576843e-15 1e-20
4328.061035 2.863713151e-15 1e-20
4328.834961 2.821999531e-15 1e-20
4329.608887 2.84678795e-15 1e-20
4330.382812 2.828521473e-15 1e-20
4331.156738 2.929393356e-15 1e-20
4331.930664 2.836364575e-15 1e-20
4332.704102 2.82567396e-15 1e-20
4333.478027 2.763239797e-15 1e-20
4334.251953 2.794188475e-15 1e-20
4335.025879 2.783304101e-15 1e-20
4335.799805 2.779232626e-15 1e-20
4336.57373 2.724904991e-15 1e-20
4337.347656 2.80172855e-15 1e-20
4338.121582 2.729321845e-15 1e-20
4338.895508 2.761141273e-15 1e-20
4339.669434 2.684005158e-15 1e-20
4340.443359 2.708831482e-15 1e-20
4341.217285 2.7047905e-15 1e-20
4341.991211 2.693061211e-15 1e-20
4342.764648 2.679160765e-15 1e-20
4343.538574 2.723157139e-15 1e-20
4344.3125 2.664202375e-15 1e-20
4345.086426 2.619135564e-15 1e-20
4345.860352 2.665531158e-15 1e-20
4346.634277 2.684936259e-15 1e-20
4347.408203 2.71043301e-15 1e-20
4348.182129 2.645713975e-15 1e-20
4348.956055 2.571306366e-15 1e-20
4349.72998 2.585086957e-15 1e-20
4350.503906 2.571809292e-15 1e-20
4351.277832 2.624097059e-15 1e-20
4352.051758 2.588475936e-15 1e-20
4352.825195 2.560371806e-15 1e-20
4353.599121 2.614830942e-15 1e-20
4354.373047 2.567458295e-15 1e-20
4355.146973 2.517555349e-15 1e-20
4355.920898 2.547134375e-15 1e-20
4356.694824 2.507320227e-15 1e-20
4357.46875 2.462605993e-15 1e-20
4358.242676 2.494744752e-15 1e-20
4359.016602 2.511584614e-15 1e-20
4359.790527 2.534335284e-15 1e-20
4360.564453 2.521583414e-15 1e-20
4361.338379 2.462019422e-15 1e-20
4362.112305 2.431902319e-15 1e-20
4362.885742 2.38884234e-15 1e-20
4363.659668 2.402841042e-15 1e-20
4364.433594 2.408969537e-15 1e-20
4365.20752 2.383761413e-15 1e-20
4365.981445 2.442051468e-15 1e-20
4366.755371 2.425095986e-15 1e-20
4367.529297 2.335878852e-15 1e-20
4368.303223 2.323312695e-15 1e-20
4369.077148 2.377821383e-15 1e-20
4369.851074 2.346552738e-15 1e-20
4370.625 2.330989778e-15 1e-20
4371.398926 2.363220017e-15 1e-20
4372.172852 2.336620006e-15 1e-20
4372.946289 2.334242596e-15 1e-20
4373.720215 2.408100269e-15 1e-20
4374.494141 2.321317932e-15 1e-20
4375.268066 2.285526555e-15 1e-20
4376.041992 2.338143183e-15 1e-20
4376.815918 2.402850783e-15 1e-20
4377.589844 2.364072767e-15 1e-20
4378.36377 2.327041546e-15 1e-20
4379.137695 2.374191847e-15 1e-20
4379.911621 2.397207638e-15 1e-20
4380.685547 2.405175253e-15 1e-20
4381.459473 2.412677212e-15 1e-20
4382.233398 2.423846188e-15 1e-20
4383.006836 2.438112341e-15 1e-20
4383.780762 2.44493138e-15 1e-20
4384.554688 2.416346135e-15 1e-20
4385.328613 2.399362701e-15 1e-20
4386.102539 2.412862077e-15 1e-20
4386.876465 2.511435748e-15 1e-20
4387.650391 2.489932546e-15 1e-20
4388.424316 2.485428448e-15 1e-20
4389.198242 2.494109901e-15 1e-20
4389.972168 2.416025957e-15 1e-20
4390.746094 2.475954173e-15 1e-20
4391.52002 2.544740236e-15 1e-20
4392.293945 2.532431789e-15 1e-20
4393.067383 2.516755327e-15 1e-20
4393.841797 2.569237912e-15 1e-20
4394.615234 2.529357271e-15 1e-20
4395.38916 2.545472073e-15 1e-20
4396.163086 2.540792851e-15 1e-20
4396.937012 2.604731133e-15 1e-20
4397.710938 2.586335907e-15 1e-20
4398.484863 2.517629676e-15 1e-20
4399.258789 2.606106079e-15 1e-20
4400.032715 2.555087379e-15 1e-20
4400.806641 2.638222604e-15 1e-20
4401.580566 2.682424595e-15 1e-20
4402.354492 2.692070606e-15 1e-20
4403.12793 2.641634453e-15 1e-20
4403.902344 2.624150422e-15 1e-20
4404.675781 2.59742378e-15 1e-20
4405.449707 2.632519108e-15 1e-20
4406.223633 2.655942957e-15 1e-20
4406.997559 2.671808519e-15 1e-20
4407.771484 2.698252464e-15 1e-20
4408.54541 2.678692568e-15 1e-20
4409.319336 2.675998579e-15 1e-20
4410.093262 2.680231203e-15 1e-20
4410.867188 2.662845428e-15 1e-20
4411.641113 2.640400326e-15 1e-20
4412.415039 2.64727908e-15 1e-20
4413.188477 2.673869562e-15 1e-20
4413.962891 2.711055367e-15 1e-20
4414.736328 2.729229518e-15 1e-20
4415.510254 2.717603567e-15 1e-20
4416.28418 2.653935489e-15 1e-20
4417.058105 2.75307519e-15 1e-20
4417.832031 2.680373928e-15 1e-20
4418.605957 2.71523124e-15 1e-20
4419.379883 2.696379886e-15 1e-20
4420.153809 2.722781056e-15 1e-20
4420.927734 2.757179064e-15 1e-20
4421.70166 2.735030635e-15 1e-20
4422.475586 2.781379219e-15 1e-20
4423.249512 2.71113393e-15 1e-20
4424.023438 2.765259759e-15 1e-20
4424.796875 2.74659814e-15 1e-20
4425.570801 2.767515831e-15 1e-20
4426.344727 2.727226709e-15 1e-20
4427.118652 2.749871287e-15 1e-20
4427.892578 2.791172402e-15 1e-20
4428.666504 2.847086106e-15 1e-20
4429.44043 2.814042504e-15 1e-20
4430.214355 2.887847237e-15 1e-20
4430.988281 2.853432712e-15 1e-20
4431.762207 2.803314619e-15 1e-20
4432.536133 2.820489695e-15 1e-20
4433.310059 2.884357038e-15 1e-20
4434.083984 2.853384008e-15 1e-20
4434.857422 2.886775952e-15 1e-20
4435.631348 2.902660573e-15 1e-20
4436.405273 2.840907848e-15 1e-20
4437.179199 2.852988867e-15 1e-20
4437.953125 2.868416725e-15 1e-20
4438.727051 2.916780612e-15 1e-20
4439.500977 2.899839741e-15 1e-20
4440.274902 2.91541223e-15 1e-20
4441.048828 2.965520158e-15 1e-20
4441.822754 2.932816004e-15 1e-20
4442.59668 2.884264076e-15 1e-20
4443.370605 2.947843004e-15 1e-20
4444.144531 2.939651137e-15 1e-20
4444.917969 2.876871384e-15 1e-20
4445.691895 2.9508847e-15 1e-20
4446.46582 3.015825022e-15 1e-20
4447.239746 2.993032e-15 1e-20
4448.013672 2.977410807e-15 1e-20
4448.787598 2.942938472e-15 1e-20
4449.561523 2.991470283e-15 1e-20
4450.335449 2.973646169e-15 1e-20
4451.109375 2.962615259e-15 1e-20
4451.883301 2.971365956e-15 1e-20
4452.657227 2.933793481e-15 1e-20
4453.431152 3.025812811e-15 1e-20
4454.205078 3.012547851e-15 1e-20
4454.978516 3.051156248e-15 1e-20
4455.752441 3.089837066e-15 1e-20
4456.526367 3.052174382e-15 1e-20
4457.300293 3.071205941e-15 1e-20
4458.074219 3.078227209e-15 1e-20
4458.848145 3.060039506e-15 1e-20
4459.62207 3.060067035e-15 1e-20
4460.395996 3.038175468e-15 1e-20
4461.169922 3.089018197e-15 1e-20
4461.943848 3.061100415e-15 1e-20
4462.717773 3.022012385e-15 1e-20
4463.491699 3.09594248e-15 1e-20
4464.265625 3.043160257e-15 1e-20
4465.039062 3.065693451e-15 1e-20
4465.812988 3.098081026e-15 1e-20
4466.586914 3.019338726e-15 1e-20
4467.36084 3.042012316e-15 1e-20
4468.134766 3.05456492e-15 1e-20
4468.908691 3.113028405e-15 1e-20
4469.682617 3.079732599e-15 1e-20
4470.456543 3.015040881e-15 1e-20
4471.230469 2.997064301e-15 1e-20
4472.004395 3.00920673e-15 1e-20
4472.77832 3.066300774e-15 1e-20
4473.552246 2.980085949e-15 1e-20
4474.326172 3.031496613e-15 1e-20
4475.099609 2.977625741e-15 1e-20
4475.873535 2.97383654e-15 1e-20
4476.647461 2.982295434e-15 1e-20
4477.421387 3.005197087e-15 1e-20
4478.195312 2.906514784e-15 1e-20
4478.969238 2.895699232e-15 1e-20
4479.743164 2.924575009e-15 1e-20
4480.51709 2.944253279e-15 1e-20
4481.291016 2.914215584e-15 1e-20
4482.064941 2.88665165e-15 1e-20
4482.838867 2.805671912e-15 1e-20
4483.612793 2.821292259e-15 1e-20
4484.386719 2.839785317e-15 1e-20
4485.160156 2.852042519e-15 1e-20
4485.934082 2.846989968e-15 1e-20
4486.708008 2.839917454e-15 1e-20
4487.481934 2.805600973e-15 1e-20
4488.255859 2.803021758e-15 1e-20
4489.029785 2.794771657e-15 1e-20
4489.803711 2.796245071e-15 1e-20
4490.577637 2.794648202e-15 1e-20
4491.351562 2.78377971e-15 1e-20
4492.125488 2.807125421e-15 1e-20
4492.899414 2.763919329e-15 1e-20
4493.67334 2.763651243e-15 1e-20
4494.447266 2.746657221e-15 1e-20
4495.220703 2.76273793e-15 1e-20
4495.995117 2.648738095e-15 1e-20
4496.768555 2.717240614e-15 1e-20
4497.54248 2.703069329e-15 1e-20
4498.316406 2.540244609e-15 1e-20
4499.090332 2.64968783e-15 1e-20
4499.864258 2.607362441e-15 1e-20
4500.638184 2.620208543e-15 1e-20
4501.412109 2.709596141e-15 1e-20
4502.186035 2.653612769e-15 1e-20
4502.959961 2.638404716e-15 1e-20
4503.733887 2.614944868e-15 1e-20
4504.507812 2.649324453e-15 1e-20
4505.28125 2.628391516e-15 1e-20
4506.055664 2.631860116e-15 1e-20
4506.829102 2.641073505e-15 1e-20
4507.603027 2.637619305e-15 1e-20
4508.376953 2.622938742e-15 1e-20
4509.150879 2.638791387e-15 1e-20
4509.924805 2.617464579e-15 1e-20
4510.69873 2.640773444e-15 1e-20
4511.472656 2.613955534e-15 1e-20
4512.246582 2.617163459e-15 1e-20
4513.020508 2.595440876e-15 1e-20
4513.794434 2.652231682e-15 1e-20
4514.568359 2.668897055e-15 1e-20
4515.341797 2.645403961e-15 1e-20
4516.116211 2.620711045e-15 1e-20
4516.889648 2.604157904e-15 1e-20
4517.663574 2.601215099e-15 1e-20
4518.4375 2.640585403e-15 1e-20
4519.211426 2.549594159e-15 1e-20
4519.985352 2.614768262e-15 1e-20
4520.759277 2.626836152e-15 1e-20
4521.533203 2.671594643e-15 1e-20
4522.307129 2.708783837e-15 1e-20
4523.081055 2.677567285e-15 1e-20
4523.85498 2.688866704e-15 1e-20
4524.628906 2.665920158e-15 1e-20
4525.402344 2.797836857e-15 1e-20
4526.176758 2.794878171e-15 1e-20
4526.950195 2.759601367e-15 1e-20
4527.724121 2.824202028e-15 1e-20
4528.498047 2.727305483e-15 1e-20
4529.271973 2.769043031e-15 1e-20
4530.045898 2.772740753e-15 1e-20
4530.819824 2.790464706e-15 1e-20
4531.59375 2.804856219e-15 1e-20
4532.367676 2.882653019e-15 1e-20
4533.141602 2.791040477e-15 1e-20
4533.915527 2.850487578e-15 1e-20
4534.689453 2.929593891e-15 1e-20
4535.462891 2.88449701e-15 1e-20
4536.237305 2.921013871e-15 1e-20
4537.010742 2.902561682e-15 1e-20
4537.784668 2.943842468e-15 1e-20
4538.558594 2.840039215e-15 1e-20
4539.33252 2.837408754e-15 1e-20
4540.106445 2.925049983e-15 1e-20
4540.880371 2.929557257e-15 1e-20
4541.654297 2.938922053e-15 1e-20
4542.428223 2.966135528e-15 1e-20
4543.202148 2.983515797e-15 1e-20
4543.976074 2.986358863e-15 1e-20
4544.75 2.989501355e-15 1e-20
4545.523438 3.015492773e-15 1e-20
4546.297852 2.99909845e-15 1e-20
4547.071289 3.021215751e-15 1e-20
4547.845215 3.004456357e-15 1e-20
4548.619141 3.035893561e-15 1e-20
4549.393066 3.065821141e-15 1e-20
4550.166992 3.099325106e-15 1e-20
4550.940918 3.073205575e-15 1e-20
4551.714844 3.085213961e-15 1e-20
4552.48877 3.111014161e-15 1e-20
4553.262695 3.116367409e-15 1e-20
4554.036621 3.146362963e-15 1e-20
4554.810547 3.111805713e-15 1e-20
4555.583984 3.123125885e-15 1e-20
4556.358398 3.119707472e-15 1e-20
4557.131836 3.155207681e-15 1e-20
4557.905762 3.097466927e-15 1e-20
4558.679688 3.215416265e-15 1e-20
4559.453613 3.142064483e-15 1e-20
4560.227539 3.156135606e-15 1e-20
4561.001465 3.222707101e-15 1e-20
4561.775391 3.156314541e-15 1e-20
4562.549316 3.221919573e-15 1e-20
4563.323242 3.241702239e-15 1e-20
4564.097168 3.165279326e-15 1e-20
4564.871094 3.244093413e-15 1e-20
4565.644531 3.241628123e-15 1e-20
4566.418945 3.214623443e-15 1e-20
4567.192383 3.260939628e-15 1e-20
4567.966797 3.238632168e-15 1e-20
4568.740234 3.179346426e-15 1e-20
4569.51416 3.21205058e-15 1e-20
4570.288086 3.304433922e-15 1e-20
4571.062012 3.309790347e-15 1e-20
4571.835938 3.226702132e-15 1e-20
4572.609863 3.250087653e-15 1e-20
4573.383789 3.23558539e-15 1e-20
4574.157715 3.284601069e-15 1e-20
4574.931641 3.202178834e-15 1e-20
4575.705566 3.247013135e-15 1e-20
4576.479492 3.259839967e-15 1e-20
4577.25293 3.300800151e-15 1e-20
4578.027344 3.348139975e-15 1e-20
4578.800781 3.318339874e-15 1e-20
4579.574707 3.257460863e-15 1e-20
4580.348633 3.298122892e-15 1e-20
4581.122559 3.28889108e-15 1e-20
4581.896484 3.325639392e-15 1e-20
4582.67041 3.288396624e-15 1e-20
4583.444336 3.286142034e-15 1e-20
4584.218262 3.26891169e-15 1e-20
4584.992188 3.279651856e-15 1e-20
4585.766113 3.347227297e-15 1e-20
4586.540039 3.353271089e-15 1e-20
4587.313477 3.379755904e-15 1e-20
4588.087891 3.372337589e-15 1e-20
4588.861328 3.323466541e-15 1e-20
4589.635254 3.364096382e-15 1e-20
4590.40918 3.378860166e-15 1e-20
4591.183105 3.368774122e-15 1e-20
4591.957031 3.375883904e-15 1e-20
4592.730957 3.390160009e-15 1e-20
4593.504883 3.413404076e-15 1e-20
4594.278809 3.364004267e-15 1e-20
4595.052734 3.365107316e-15 1e-20
4595.82666 3.333256124e-15 1e-20
4596.600586 3.320338872e-15 1e-20
4597.374023 3.374907064e-15 1e-20
4598.148438 3.3534856e-15 1e-20
4598.921875 3.345129197e-15 1e-20
4599.695801 3.350472069e-15 1e-20
4600.469727 3.356818675e-15 1e-20
4601.243652 3.304477968e-15 1e-20
4602.017578 3.308612336e-15 1e-20
4602.791504 3.319094792e-15 1e-20
4603.56543 3.325281521e-15 1e-20
4604.339355 3.360673098e-15 1e-20
4605.113281 3.326640797e-15 1e-20
4605.887207 3.337849372e-15 1e-20
4606.661133 3.306151917e-15 1e-20
4607.43457 3.291574903e-15 1e-20
4608.208984 3.306292101e-15 1e-20
4608.982422 3.328370438e-15 1e-20
4609.756348 3.333873188e-15 1e-20
4610.530273 3.265592168e-15 1e-20
4611.304199 3.211812987e-15 1e-20
4612.078125 3.269930671e-15 1e-20
4612.852051 3.24861064e-15 1e-20
4613.625977 3.248487396e-15 1e-20
4614.399902 3.217168988e-15 1e-20
4615.173828 3.248686872e-15 1e-20
4615.947754 3.253908831e-15 1e-20
4616.72168 3.236775683e-15 1e-20
4617.495117 3.273542631e-15 1e-20
4618.269531 3.23768942e-15 1e-20
4619.042969 3.247454863e-15 1e-20
4619.816895 3.294140355e-15 1e-20
4620.59082 3.168334363e-15 1e-20
4621.364746 3.152733921e-15 1e-20
4622.138672 3.134076962e-15 1e-20
4622.912598 3.179654534e-15 1e-20
4623.686523 3.164363472e-15 1e-20
4624.460449 3.252567342e-15 1e-20
4625.234375 3.183220543e-15 1e-20
4626.008301 3.220609001e-15 1e-20
4626.782227 3.205322174e-15 1e-20
4627.555664 3.181195075e-15 1e-20
4628.330078 3.200844546e-15 1e-20
4629.103516 3.111518357e-15 1e-20
4629.877441 3.141955851e-15 1e-20
4630.651367 3.189378896e-15 1e-20
4631.425293 3.169181395e-15 1e-20
4632.199219 3.193439149e-15 1e-20
4632.973145 3.164551937e-15 1e-20
4633.74707 3.224428484e-15 1e-20
4634.520996 3.232125261e-15 1e-20
4635.294922 3.089711494e-15 1e-20
4636.068848 3.151872701e-15 1e-20
4636.842773 3.214152492e-15 1e-20
4637.616211 3.172428708e-15 1e-20
4638.390625 3.152028131e-15 1e-20
4639.164062 3.17129199e-15 1e-20
4639.937988 3.158910062e-15 1e-20
4640.711914 3.155975305e-15 1e-20
4641.48584 3.146041091e-15 1e-20
4642.259766 3.128261869e-15 1e-20
4643.033691 3.220844476e-15 1e-20
4643.807617 3.215441041e-15 1e-20
4644.581543 3.167370015e-15 1e-20
4645.355469 3.232463015e-15 1e-20
4646.129395 3.179550985e-15 1e-20
4646.90332 3.153643423e-15 1e-20
4647.676758 3.245744915e-15 1e-20
4648.451172 3.180046922e-15 1e-20
4649.224609 3.208770657e-15 1e-20
4649.998535 3.228820562e-15 1e-20
4650.772461 3.204337498e-15 1e-20
4651.546387 3.172370898e-15 1e-20
4652.320312 3.230308375e-15 1e-20
4653.094238 3.229502e-15 1e-20
4653.868164 3.260440937e-15 1e-20
4654.64209 3.270186898e-15 1e-20
4655.416016 3.302747903e-15 1e-20
4656.189941 3.259794439e-15 1e-20
4656.963867 3.241539185e-15 1e-20
4657.737305 3.289687291e-15 1e-20
4658.511719 3.26873953e-15 1e-20
4659.285156 3.283459269e-15 1e-20
4660.059082 3.216936054e-15 1e-20
4660.833008 3.282410854e-15 1e-20
4661.606934 3.278812658e-15 1e-20
4662.380859 3.2708965e-15 1e-20
4663.154785 3.225820371e-15 1e-20
4663.928711 3.206513949e-15 1e-20
4664.702637 3.268663509e-15 1e-20
4665.476562 3.277496157e-15 1e-20
4666.250488 3.247258351e-15 1e-20
4667.024414 3.263349225e-15 1e-20
4667.797852 3.303583713e-15 1e-20
4668.572266 3.282710068e-15 1e-20
4669.345703 3.256800813e-15 1e-20
4670.120117 3.2522118e-15 1e-20
4670.893555 3.273270521e-15 1e-20
4671.66748 3.30666289e-15 1e-20
4672.441406 3.226302545e-15 1e-20
4673.215332 3.343953727e-15 1e-20
4673.989258 3.244467378e-15 1e-20
4674.763184 3.247392183e-15 1e-20
4675.537109 3.253309555e-15 1e-20
4676.311035 3.321074308e-15 1e-20
4677.084961 3.286875565e-15 1e-20
4677.858398 3.311262702e-15 1e-20
4678.632812 3.316641573e-15 1e-20
4679.40625 3.347894336e-15 1e-20
4680.180664 3.311294678e-15 1e-20
4680.954102 3.272828582e-15 1e-20
4681.728027 3.30512256e-15 1e-20
4682.501953 3.228235262e-15 1e-20
4683.275879 3.324635658e-15 1e-20
4684.049805 3.280663849e-15 1e-20
4684.82373 3.21885416e-15 1e-20
4685.597656 3.282519698e-15 1e-20
4686.371582 3.281393356e-15 1e-20
4687.145508 3.262209118e-15 1e-20
4687.919434 3.252151449e-15 1e-20
4688.693359 3.255718728e-15 1e-20
4689.466797 3.229043755e-15 1e-20
4690.241211 3.229076577e-15 1e-20
4691.014648 3.230493452e-15 1e-20
4691.788574 3.277736714e-15 1e-20
4692.5625 3.265464478e-15 1e-20
4693.336426 3.269379252e-15 1e-20
4694.110352 3.260658836e-15 1e-20
4694.884277 3.23917194e-15 1e-20
4695.658203 3.209806154e-15 1e-20
4696.432129 3.204977643e-15 1e-20
4697.206055 3.156676225e-15 1e-20
4697.97998 3.167321946e-15 1e-20
4698.753906 3.138253046e-15 1e-20
4699.527344 3.132714933e-15 1e-20
4700.301758 3.10042879e-15 1e-20
4701.075195 3.135356405e-15 1e-20
4701.849121 3.126256095e-15 1e-20
4702.623047 3.122911162e-15 1e-20
4703.396973 3.124039622e-15 1e-20
4704.170898 3.091575178e-15 1e-20
4704.944824 3.058595527e-15 1e-20
4705.71875 3.064357257e-15 1e-20
4706.492676 3.031020369e-15 1e-20
4707.266602 3.003857505e-15 1e-20
4708.040527 3.010897619e-15 1e-20
4708.814453 3.03094456e-15 1e-20
4709.587891 2.951544115e-15 1e-20
4710.362305 2.996179363e-15 1e-20
4711.135742 3.028525222e-15 1e-20
4711.909668 2.946377637e-15 1e-20
4712.683594 2.960017832e-15 1e-20
4713.45752 2.932903884e-15 1e-20
4714.231445 2.96865058e-15 1e-20
4715.005371 2.937811381e-15 1e-20
4715.779297 2.91566867e-15 1e-20
4716.553223 2.889559091e-15 1e-20
4717.327148 2.88795121e-15 1e-20
4718.101074 2.838123227e-15 1e-20
4718.875 2.840512495e-15 1e-20
4719.648438 2.814400163e-15 1e-20
4720.422852 2.856402621e-15 1e-20
4721.196289 2.807732532e-15 1e-20
4721.970215 2.839040563e-15 1e-20
4722.744141 2.811716551e-15 1e-20
4723.518066 2.802642287e-15 1e-20
4724.291992 2.751975529e-15 1e-20
4725.065918 2.741527801e-15 1e-20
4725.839844 2.728036684e-15 1e-20
4726.61377 2.748200515e-15 1e-20
4727.387695 2.734207531e-15 1e-20
4728.161621 2.736789711e-15 1e-20
4728.935547 2.767776082e-15 1e-20
4729.708984 2.746365206e-15 1e-20
4730.483398 2.717930099e-15 1e-20
4731.256836 2.708257829e-15 1e-20
4732.030762 2.705013058e-15 1e-20
4732.804688 2.679307725e-15 1e-20
4733.578613 2.716358852e-15 1e-20
4734.352539 2.696060767e-15 1e-20
4735.126465 2.684316443e-15 1e-20
4735.900391 2.661562385e-15 1e-20
4736.674316 2.667368584e-15 1e-20
4737.448242 2.657343949e-15 1e-20
4738.222168 2.660807044e-15 1e-20
4738.996094 2.680589922e-15 1e-20
4739.769531 2.671868447e-15 1e-20
4740.543945 2.662681104e-15 1e-20
4741.317383 2.716244079e-15 1e-20
4742.091309 2.635408125e-15 1e-20
4742.865234 2.650834289e-15 1e-20
4743.63916 2.629966362e-15 1e-20
4744.413086 2.666433036e-15 1e-20
4745.187012 2.627723842e-15 1e-20
4745.960938 2.617430275e-15 1e-20
4746.734863 2.578968414e-15 1e-20
4747.508789 2.548545108e-15 1e-20
4748.282715 2.607027863e-15 1e-20
4749.056641 2.671694593e-15 1e-20
4749.830078 2.6425916e-15 1e-20
4750.604492 2.593882335e-15 1e-20
4751.37793 2.584403401e-15 1e-20
4752.151855 2.542085e-15 1e-20
4752.925781 2.561728964e-15 1e-20
4753.699707 2.617469026e-15 1e-20
4754.473633 2.583705446e-15 1e-20
4755.247559 2.617217881e-15 1e-20
4756.021484 2.600883698e-15 1e-20
4756.79541 2.572118459e-15 1e-20
4757.569336 2.592520306e-15 1e-20
4758.343262 2.605982201e-15 1e-20
4759.117188 2.582687312e-15 1e-20
4759.890625 2.583774267e-15 1e-20
4760.665039 2.566019822e-15 1e-20
4761.438477 2.554356813e-15 1e-20
4762.212402 2.517395472e-15 1e-20
4762.986328 2.596579288e-15 1e-20
4763.760254 2.61163064e-15 1e-20
4764.53418 2.543519662e-15 1e-20
4765.308105 2.556988545e-15 1e-20
4766.082031 2.597692289e-15 1e-20
4766.855957 2.547201079e-15 1e-20
4767.629883 2.592947423e-15 1e-20
4768.403809 2.597256914e-15 1e-20
4769.177734 2.596918101e-15 1e-20
4769.951172 2.536702741e-15 1e-20
4770.725586 2.534941971e-15 1e-20
4771.499023 2.558446924e-15 1e-20
4772.273438 2.586671544e-15 1e-20
4773.046875 2.581489184e-15 1e-20
4773.820801 2.554193548e-15 1e-20
4774.594727 2.572207186e-15 1e-20
4775.368652 2.602213116e-15 1e-20
4776.142578 2.554264698e-15 1e-20
4776.916504 2.546057796e-15 1e-20
4777.69043 2.560330725e-15 1e-20
4778.464355 2.533875345e-15 1e-20
4779.238281 2.577787227e-15 1e-20
4780.011719 2.558507698e-15 1e-20
4780.786133 2.57898112e-15 1e-20
4781.55957 2.610557661e-15 1e-20
4782.333984 2.573173862e-15 1e-20
4783.107422 2.541082536e-15 1e-20
4783.881348 2.556368728e-15 1e-20
4784.655273 2.571468785e-15 1e-20
4785.429199 2.525837426e-15 1e-20
4786.203125 2.558496263e-15 1e-20
4786.977051 2.589231277e-15 1e-20
4787.750977 2.64178586e-15 1e-20
4788.524902 2.605157191e-15 1e-20
4789.298828 2.586562488e-15 1e-20
4790.072754 2.557732028e-15 1e-20
4790.84668 2.606168336e-15 1e-20
4791.620117 2.613316024e-15 1e-20
4792.394531 2.565185071e-15 1e-20
4793.167969 2.577492671e-15 1e-20
4793.941895 2.515915705e-15 1e-20
4794.71582 2.494809126e-15 1e-20
4795.489746 2.546137629e-15 1e-20
4796.263672 2.49418804e-15 1e-20
4797.037598 2.519372447e-15 1e-20
4797.811523 2.477349025e-15 1e-20
4798.585449 2.465780672e-15 1e-20
4799.359375 2.450860398e-15 1e-20
4800.133301 2.428665594e-15 1e-20
4800.907227 2.444169897e-15 1e-20
4801.680664 2.455839258e-15 1e-20
4802.455078 2.417103806e-15 1e-20
4803.228516 2.386139246e-15 1e-20
4804.002441 2.520353311e-15 1e-20
4804.776367 2.466538767e-15 1e-20
4805.550293 2.446606387e-15 1e-20
4806.324219 2.436395829e-15 1e-20
4807.098145 2.398139797e-15 1e-20
4807.87207 2.390117972e-15 1e-20
4808.645996 2.343376364e-15 1e-20
4809.419922 2.349477966e-15 1e-20
4810.193848 2.383937172e-15 1e-20
4810.967773 2.344926011e-15 1e-20
4811.741211 2.35109474e-15 1e-20
4812.515625 2.343377635e-15 1e-20
4813.289062 2.260755712e-15 1e-20
4814.062988 2.353344672e-15 1e-20
4814.836914 2.373271969e-15 1e-20
4815.61084 2.334310571e-15 1e-20
4816.384766 2.329554904e-15 1e-20
4817.158691 2.299334675e-15 1e-20
4817.932617 2.290272481e-15 1e-20
4818.706543 2.314055684e-15 1e-20
4819.480469 2.344619597e-15 1e-20
4820.254395 2.319195056e-15 1e-20
4821.02832 2.283686164e-15 1e-20
4821.801758 2.271731777e-15 1e-20
4822.576172 2.36919287e-15 1e-20
4823.349609 2.241582062e-15 1e-20
4824.123535 2.293445678e-15 1e-20
4824.897461 2.284610066e-15 1e-20
4825.671387 2.252659559e-15 1e-20
4826.445312 2.25037257e-15 1e-20
4827.219238 2.291163136e-15 1e-20
4827.993164 2.266526759e-15 1e-20
4828.76709 2.257411626e-15 1e-20
4829.541016 2.232316792e-15 1e-20
4830.314941 2.223471227e-15 1e-20
4831.088867 2.218987035e-15 1e-20
4831.862305 2.221953556e-15 1e-20
4832.636719 2.215493871e-15 1e-20
4833.410156 2.246989097e-15 1e-20
4834.184082 2.225648737e-15 1e-20
4834.958008 2.215740569e-15 1e-20
4835.731934 2.223915073e-15 1e-20
4836.505859 2.260234575e-15 1e-20
4837.279785 2.202181054e-15 1e-20
4838.053711 2.210606915e-15 1e-20
4838.827637 2.258408372e-15 1e-20
4839.601562 2.263247683e-15 1e-20
4840.375488 2.234132196e-15 1e-20
4841.149414 2.273876888e-15 1e-20
4841.922852 2.284223395e-15 1e-20
4842.697266 2.274627359e-15 1e-20
4843.470703 2.217272852e-15 1e-20
4844.244629 2.2823163e-15 1e-20
4845.018555 2.213941471e-15 1e-20
4845.79248 2.250613975e-15 1e-20
4846.566406 2.280869568e-15 1e-20
4847.340332 2.294097258e-15 1e-20
4848.114258 2.282044826e-15 1e-20
4848.888184 2.28083251e-15 1e-20
4849.662109 2.275828028e-15 1e-20
4850.436035 2.281542324e-15 1e-20
4851.209961 2.285102827e-15 1e-20
4851.983398 2.282689207e-15 1e-20
4852.757812 2.323937594e-15 1e-20
4853.53125 2.305264964e-15 1e-20
4854.305176 2.272354558e-15 1e-20
4855.079102 2.315771984e-15 1e-20
4855.853027 2.357392854e-15 1e-20
4856.626953 2.318161888e-15 1e-20
4857.400879 2.332224117e-15 1e-20
4858.174805 2.350218697e-15 1e-20
4858.94873 2.355702388e-15 1e-20
4859.722656 2.423718498e-15 1e-20
4860.496582 2.382626177e-15 1e-20
4861.270508 2.383724567e-15 1e-20
4862.043945 2.395792457e-15 1e-20
4862.818359 2.415497196e-15 1e-20
4863.591797 2.433463612e-15 1e-20
4864.365723 2.403003884e-15 1e-20
4865.139648 2.409187436e-15 1e-20
4865.913574 2.402183956e-15 1e-20
4866.6875 2.415131913e-15 1e-20
4867.461426 2.432765445e-15 1e-20
4868.235352 2.456719749e-15 1e-20
4869.009277 2.478646467e-15 1e-20
4869.783203 2.432600486e-15 1e-20
4870.557129 2.432179087e-15 1e-20
4871.331055 2.44762325e-15 1e-20
4872.104492 2.41733674e-15 1e-20
4872.878906 2.467318249e-15 1e-20
4873.652344 2.424895874e-15 1e-20
4874.42627 2.422844572e-15 1e-20
4875.200195 2.45904676e-15 1e-20
4875.974121 2.443014968e-15 1e-20
4876.748047 2.359068285e-15 1e-20
4877.521973 2.426157318e-15 1e-20
4878.295898 2.415624675e-15 1e-20
4879.069824 2.483821415e-15 1e-20
4879.84375 2.381918905e-15 1e-20
4880.617676 2.466529026e-15 1e-20
4881.391602 2.404815052e-15 1e-20
4882.165039 2.387377608e-15 1e-20
4882.939453 2.401751546e-15 1e-20
4883.712891 2.366995666e-15 1e-20
4884.487305 2.370133076e-15 1e-20
4885.260742 2.341315745e-15 1e-20
4886.034668 2.359535847e-15 1e-20
4886.808594 2.328748529e-15 1e-20
4887.58252 2.326691933e-15 1e-20
4888.356445 2.326016001e-15 1e-20
4889.130371 2.297474378e-15 1e-20
4889.904297 2.301296403e-15 1e-20
4890.678223 2.257635878e-15 1e-20
4891.452148 2.25502024e-15 1e-20
4892.226074 2.22049073e-15 1e-20
4893.0 2.256208416e-15 1e-20
4893.773438 2.270647151e-15 1e-20
4894.547852 2.241760786e-15 1e-20
4895.321289 2.222087387e-15 1e-20
4896.095215 2.223667739e-15 1e-20
4896.869141 2.163639361e-15 1e-20
4897.643066 2.16839291e-15 1e-20
4898.416992 2.212673463e-15 1e-20
4899.190918 2.17055962e-15 1e-20
4899.964844 2.172202864e-15 1e-20
4900.73877 2.136923095e-15 1e-20
4901.512695 2.169069689e-15 1e-20
4902.286621 2.156570024e-15 1e-20
4903.060547 2.130126079e-15 1e-20
4903.833984 2.160744838e-15 1e-20
4904.608398 2.063179348e-15 1e-20
4905.381836 2.120931113e-15 1e-20
4906.155762 2.1641101e-15 1e-20
4906.929688 2.118825813e-15 1e-20
4907.703613 2.129138227e-15 1e-20
4908.477539 2.057881792e-15 1e-20
4909.251465 2.049529412e-15 1e-20
4910.025391 2.048346954e-15 1e-20
4910.799316 2.068512267e-15 1e-20
4911.573242 2.032785053e-15 1e-20
4912.347168 2.052627435e-15 1e-20
4913.121094 2.003293907e-15 1e-20
4913.894531 2.036334756e-15 1e-20
4914.668945 2.000322092e-15 1e-20
4915.442383 1.966631991e-15 1e-20
4916.216309 1.990858192e-15 1e-20
4916.990234 2.013683613e-15 1e-20
4917.76416 1.983680012e-15 1e-20
4918.538086 1.911233919e-15 1e-20
4919.312012 1.915605668e-15 1e-20
4920.085938 1.966155747e-15 1e-20
4920.859863 1.872653474e-15 1e-20
4921.633789 1.930026615e-15 1e-20
4922.407715 1.90591794e-15 1e-20
4923.181641 1.831361041e-15 1e-20
4923.955078 1.839869064e-15 1e-20
4924.729492 1.881137568e-15 1e-20
4925.50293 1.867615957e-15 1e-20
4926.276855 1.82388174e-15 1e-20
4927.050781 1.830115479e-15 1e-20
4927.824707 1.886206848e-15 1e-20
4928.598633 1.879419997e-15 1e-20
4929.372559 1.799029582e-15 1e-20
4930.146484 1.828054013e-15 1e-20
4930.92041 1.788280099e-15 1e-20
4931.694336 1.802938427e-15 1e-20
4932.468262 1.844856182e-15 1e-20
4933.242188 1.806846214e-15 1e-20
4934.015625 1.802035067e-15 1e-20
4934.790039 1.789647633e-15 1e-20
4935.563477 1.808290617e-15 1e-20
4936.337402 1.830034164e-15 1e-20
4937.111328 1.803670476e-15 1e-20
4937.885254 1.725871558e-15 1e-20
4938.65918 1.762714527e-15 1e-20
4939.433105 1.73415554e-15 1e-20
4940.207031 1.751027907e-15 1e-20
4940.980957 1.747695786e-15 1e-20
4941.754883 1.810867079e-15 1e-20
4942.528809 1.769858191e-15 1e-20
4943.302734 1.787112887e-15 1e-20
4944.076172 1.765094583e-15 1e-20
4944.850586 1.790762964e-15 1e-20
4945.624023 1.734079943e-15 1e-20
4946.397949 1.778303745e-15 1e-20
4947.171875 1.75694475e-15 1e-20
4947.945801 2.355350657e-15 1e-20
4948.719727 2.042903708e-15 1e-20
4949.493652 1.742969871e-15 1e-20
4950.267578 1.757575366e-15 1e-20
4951.041504 1.776163822e-15 1e-20
4951.81543 1.777825595e-15 1e-20
4952.589355 1.742967224e-15 1e-20
4953.363281 1.737872744e-15 1e-20
4954.136719 1.826168941e-15 1e-20
4954.911133 1.811383558e-15 1e-20
4955.68457 1.798033683e-15 1e-20
4956.458496 1.768733331e-15 1e-20
4957.232422 1.767781478e-15 1e-20
4958.006348 1.781299065e-15 1e-20
4958.780273 1.843305053e-15 1e-20
4959.554199 1.796781768e-15 1e-20
4960.328125 1.818502234e-15 1e-20
4961.102051 1.855227889e-15 1e-20
4961.875977 1.828872035e-15 1e-20
4962.649902 1.844802184e-15 1e-20
4963.423828 1.825852786e-15 1e-20
4964.197266 1.834549485e-15 1e-20
4964.97168 1.801369299e-15 1e-20
4965.745117 1.815749377e-15 1e-20
4966.519043 1.840867504e-15 1e-20
4967.292969 1.808051753e-15 1e-20
4968.066895 1.837563864e-15 1e-20
4968.84082 1.868404122e-15 1e-20
4969.614746 1.884598121e-15 1e-20
4970.388672 1.863855343e-15 1e-20
4971.162598 1.881454358e-15 1e-20
4971.936523 1.85987217e-15 1e-20
4972.710449 1.871296316e-15 1e-20
4973.484375 1.860532433e-15 1e-20
4974.257812 1.862639427e-15 1e-20
4975.032227 1.888050415e-15 1e-20
4975.805664 1.904342247e-15 1e-20
4976.57959 1.899375881e-15 1e-20
4977.353516 1.876018101e-15 1e-20
4978.127441 1.946166828e-15 1e-20
4978.901367 1.861766983e-15 1e-20
4979.675293 1.886826876e-15 1e-20
4980.449219 1.942058718e-15 1e-20
4981.223145 1.913333925e-15 1e-20
4981.99707 1.908535696e-15 1e-20
4982.770996 1.874991285e-15 1e-20
4983.544922 1.901762608e-15 1e-20
4984.318359 1.948771243e-15 1e-20
4985.092773 1.889402492e-15 1e-20
4985.866211 1.887699956e-15 1e-20
4986.640625 1.941014539e-15 1e-20
4987.414062 1.929499549e-15 1e-20
4988.187988 1.890072495e-15 1e-20
4988.961914 1.94222516e-15 1e-20
4989.73584 1.945253303e-15 1e-20
4990.509766 1.903133531e-15 1e-20
4991.283691 1.87194959e-15 1e-20
4992.057617 1.875217019e-15 1e-20
4992.831543 1.929457198e-15 1e-20
4993.605469 1.917515304e-15 1e-20
4994.378906 1.966189205e-15 1e-20
4995.15332 1.940764664e-15 1e-20
4995.926758 1.948466523e-15 1e-20
4996.701172 1.944366672e-15 1e-20
4997.474609 1.929799187e-15 1e-20
4998.248535 1.907301992e-15 1e-20
4999.022461 1.924062021e-15 1e-20
4999.796387 1.946732858e-15 1e-20
5000.570312 1.950553188e-15 1e-20
5001.344238 1.947862588e-15 1e-20
5002.118164 1.929142313e-15 1e-20
5002.89209 1.925549411e-15 1e-20
5003.666016 1.943997365e-15 1e-20
5004.439941 1.933088851e-15 1e-20
5005.213867 1.895702511e-15 1e-20
5005.987305 1.93235045e-15 1e-20
5006.761719 1.946219768e-15 1e-20
5007.535156 1.948646517e-15 1e-20
5008.309082 1.948072229e-15 1e-20
5009.083008 1.961887125e-15 1e-20
5009.856934 1.965443604e-15 1e-20
5010.630859 1.979533362e-15 1e-20
5011.404785 1.942608231e-15 1e-20
5012.178711 1.998748304e-15 1e-20
5012.952637 1.923660316e-15 1e-20
5013.726562 1.943446158e-15 1e-20
5014.500488 1.924958817e-15 1e-20
5015.274414 1.966260567e-15 1e-20
5016.047852 1.983015514e-15 1e-20
5016.822266 1.959642275e-15 1e-20
5017.595703 1.94996683e-15 1e-20
5018.369629 1.965696443e-15 1e-20
5019.143555 1.956828432e-15 1e-20
5019.91748 1.952051378e-15 1e-20
5020.691406 1.957296206e-15 1e-20
5021.465332 1.969366002e-15 1e-20
5022.239258 2.038712166e-15 1e-20
5023.013184 2.013982827e-15 1e-20
5023.787109 2.002738465e-15 1e-20
5024.561035 1.945953588e-15 1e-20
5025.334961 1.938862228e-15 1e-20
5026.108398 1.935475578e-15 1e-20
5026.882812 1.957606008e-15 1e-20
5027.65625 1.927260841e-15 1e-20
5028.430176 1.881736632e-15 1e-20
5029.204102 1.947067648e-15 1e-20
5029.978027 1.952060907e-15 1e-20
5030.751953 1.947620972e-15 1e-20
5031.525879 1.968175709e-15 1e-20
5032.299805 1.922133962e-15 1e-20
5033.07373 1.917989219e-15 1e-20
5033.847656 1.896247577e-15 1e-20
5034.621582 1.884662495e-15 1e-20
5035.395508 1.88100289e-15 1e-20
5036.168945 1.853339852e-15 1e-20
5036.943359 1.88330576e-15 1e-20
5037.716797 1.907913762e-15 1e-20
5038.490723 1.895929092e-15 1e-20
5039.264648 1.865454118e-15 1e-20
5040.038574 1.868218833e-15 1e-20
5040.8125 1.845937843e-15 1e-20
5041.586426 1.871291869e-15 1e-20
5042.360352 1.856107109e-15 1e-20
5043.134277 1.864970462e-15 1e-20
5043.908203 1.840796353e-15 1e-20
5044.682129 1.835811141e-15 1e-20
5045.456055 1.875573197e-15 1e-20
5046.229492 1.821962364e-15 1e-20
5047.003906 1.839459947e-15 1e-20
5047.777344 1.827743787e-15 1e-20
5048.55127 1.822233203e-15 1e-20
5049.325195 1.849581355e-15 1e-20
5050.099121 1.834941238e-15 1e-20
5050.873047 1.855307086e-15 1e-20
5051.646973 1.824728562e-15 1e-20
5052.420898 1.822645919e-15 1e-20
5053.194824 1.851079545e-15 1e-20
5053.96875 1.848038061e-15 1e-20
5054.742676 1.848009686e-15 1e-20
5055.516602 1.833098306e-15 1e-20
5056.290039 1.863518647e-15 1e-20
5057.064453 1.848369675e-15 1e-20
5057.837891 1.840718003e-15 1e-20
5058.611816 1.794817922e-15 1e-20
5059.385742 1.860947479e-15 1e-20
5060.159668 1.827642143e-15 1e-20
5060.933594 1.829560038e-15 1e-20
5061.70752 1.81894735e-15 1e-20
5062.481445 1.833608008e-15 1e-20
5063.255371 1.839848947e-15 1e-20
5064.029297 1.801201163e-15 1e-20
5064.803223 1.808062977e-15 1e-20
5065.577148 1.816793345e-15 1e-20
5066.350586 1.807241143e-15 1e-20
5067.125 1.799827911e-15 1e-20
5067.898438 1.845718673e-15 1e-20
5068.672363 1.793905244e-15 1e-20
5069.446289 1.819907462e-15 1e-20
5070.220215 1.795798575e-15 1e-20
5070.994141 1.842343671e-15 1e-20
5071.768066 1.856683938e-15 1e-20
5072.541992 1.844678729e-15 1e-20
5073.315918 1.846065957e-15 1e-20
5074.089844 1.82757311e-15 1e-20
5074.86377 1.850534903e-15 1e-20
5075.637695 1.893626857e-15 1e-20
5076.411133 1.824087993e-15 1e-20
5077.185547 1.786274113e-15 1e-20
5077.958984 1.802548157e-15 1e-20
5078.73291 1.828178739e-15 1e-20
5079.506836 1.806144871e-15 1e-20
5080.280762 1.805154266e-15 1e-20
5081.054688 1.809736502e-15 1e-20
5081.828613 1.886404842e-15 1e-20
5082.602539 1.851209353e-15 1e-20
5083.376465 1.857595558e-15 1e-20
5084.150391 1.835671592e-15 1e-20
5084.924316 1.844832889e-15 1e-20
5085.698242 1.844126887e-15 1e-20
5086.47168 1.805867044e-15 1e-20
5087.246094 1.820464598e-15 1e-20
5088.019531 1.879125865e-15 1e-20
5088.793457 1.814063146e-15 1e-20
5089.567383 1.823340275e-15 1e-20
5090.341309 1.874409162e-15 1e-20
5091.115234 1.845097375e-15 1e-20
5091.88916 1.819901744e-15 1e-20
5092.663086 1.843290018e-15 1e-20
5093.437012 1.88168581e-15 1e-20
5094.210938 1.887163148e-15 1e-20
5094.984863 1.887780635e-15 1e-20
5095.758789 1.887120585e-15 1e-20
5096.532227 1.852219016e-15 1e-20
5097.306641 1.889726694e-15 1e-20
5098.080078 1.876275175e-15 1e-20
5098.854492 1.849216072e-15 1e-20
5099.62793 1.861682492e-15 1e-20
5100.401855 1.870858611e-15 1e-20
5101.175781 1.893914848e-15 1e-20
5101.949707 1.646739834e-15 1e-20
5102.723633 1.54848253e-15 1e-20
5103.497559 1.52467741e-15 1e-20
5104.271484 1.582875244e-15 1e-20
5105.04541 1.584003598e-15 1e-20
5105.819336 1.605070896e-15 1e-20
5106.593262 1.565265429e-15 1e-20
5107.367188 1.556275657e-15 1e-20
5108.140625 1.554622778e-15 1e-20
5108.915039 1.863690383e-15 1e-20
5109.688477 1.957720781e-15 1e-20
5110.462402 1.851297021e-15 1e-20
5111.236328 1.933876804e-15 1e-20
5112.010254 1.938384501e-15 1e-20
5112.78418 1.931312411e-15 1e-20
5113.558105 1.916835136e-15 1e-20
5114.332031 1.955191753e-15 1e-20
5115.105957 1.965180177e-15 1e-20
5115.879883 2.001173995e-15 1e-20
5116.653809 1.938383654e-15 1e-20
5117.427734 1.94424851e-15 1e-20
5118.201172 2.010895392e-15 1e-20
5118.975586 2.005264317e-15 1e-20
5119.749023 2.01778304e-15 1e-20
5120.522949 1.983926287e-15 1e-20
5121.296875 1.961920794e-15 1e-20
5122.070801 1.981896796e-15 1e-20
5122.844727 2.047966213e-15 1e-20
5123.618652 1.94153504e-15 1e-20
5124.392578 1.999132646e-15 1e-20
5125.166504 1.98600427e-15 1e-20
5125.94043 2.01004603e-15 1e-20
5126.714355 2.004239619e-15 1e-20
5127.488281 2.017712948e-15 1e-20
5128.261719 2.062019124e-15 1e-20
5129.036133 1.96975966e-15 1e-20
5129.80957 2.020044195e-15 1e-20
5130.583496 2.067984142e-15 1e-20
5131.357422 2.059115495e-15 1e-20
5132.131348 2.004653395e-15 1e-20
5132.905273 1.993629472e-15 1e-20
5133.679199 2.044845955e-15 1e-20
5134.453125 2.108229642e-15 1e-20
5135.227051 2.094836992e-15 1e-20
5136.000977 2.066888717e-15 1e-20
5136.774902 2.113253395e-15 1e-20
5137.548828 2.087535145e-15 1e-20
5138.322266 2.049227233e-15 1e-20
5139.09668 2.094111932e-15 1e-20
5139.870117 2.130138785e-15 1e-20
5140.644043 2.113654041e-15 1e-20
5141.417969 2.14127388e-15 1e-20
5142.191895 2.177770412e-15 1e-20
5142.96582 2.094089698e-15 1e-20
5143.739746 2.101804897e-15 1e-20
5144.513672 2.435027023e-15 1e-20
5145.287598 1.950282985e-15 1e-20
5146.061523 1.866891109e-15 1e-20
5146.835449 1.75966542e-15 1e-20
5147.609375 1.746378438e-15 1e-20
5148.382812 2.092373185e-15 1e-20
5149.157227 2.179037573e-15 1e-20
5149.930664 2.179552993e-15 1e-20
5150.70459 2.136883073e-15 1e-20
5151.478516 2.17167241e-15 1e-20
5152.252441 2.16752216e-15 1e-20
5153.026367 2.190098129e-15 1e-20
5153.800293 2.170615524e-15 1e-20
5154.574219 2.221863135e-15 1e-20
5155.348145 2.203177377e-15 1e-20
5156.12207 2.180600772e-15 1e-20
5156.895996 2.268530839e-15 1e-20
5157.669922 2.205415873e-15 1e-20
5158.443359 2.206947097e-15 1e-20
5159.217773 2.238018807e-15 1e-20
5159.991211 2.268320987e-15 1e-20
5160.765137 2.264910409e-15 1e-20
5161.539062 2.284532139e-15 1e-20
5162.312988 2.207688463e-15 1e-20
5163.086914 2.206734703e-15 1e-20
5163.86084 2.236997497e-15 1e-20
5164.634766 2.261836526e-15 1e-20
5165.408691 2.2511421e-15 1e-20
5166.182617 2.294722157e-15 1e-20
5166.956543 2.277190057e-15 1e-20
5167.730469 2.28119377e-15 1e-20
5168.503906 2.322933436e-15 1e-20
5169.27832 2.344077072e-15 1e-20
5170.051758 2.282119365e-15 1e-20
5170.825684 2.248835629e-15 1e-20
5171.599609 2.25102415e-15 1e-20
5172.373535 2.301016882e-15 1e-20
5173.147461 2.325130851e-15 1e-20
5173.921387 2.339429826e-15 1e-20
5174.695312 2.312625469e-15 1e-20
5175.469238 2.349538529e-15 1e-20
5176.243164 2.28300515e-15 1e-20
5177.01709 2.352158826e-15 1e-20
5177.791016 2.330008067e-15 1e-20
5178.564453 2.326452434e-15 1e-20
5179.338867 2.339196257e-15 1e-20
5180.112305 2.326369849e-15 1e-20
5180.88623 2.320444218e-15 1e-20
5181.660156 2.332633446e-15 1e-20
5182.434082 2.364331112e-15 1e-20
5183.208008 2.371173233e-15 1e-20
5183.981934 2.364205963e-15 1e-20
5184.755859 2.345976544e-15 1e-20
5185.529785 2.368512491e-15 1e-20
5186.303711 2.373742284e-15 1e-20
5187.077637 2.388801471e-15 1e-20
5187.851562 2.359735959e-15 1e-20
5188.625 2.43111966e-15 1e-20
5189.399414 2.334163187e-15 1e-20
5190.172852 2.034846943e-15 1e-20
5190.946777 1.987124471e-15 1e-20
5191.720703 1.936612297e-15 1e-20
5192.494629 1.964717062e-15 1e-20
5193.268555 1.956293107e-15 1e-20
5194.04248 1.924908631e-15 1e-20
5194.816406 2.017302138e-15 1e-20
5195.590332 2.371342428e-15 1e-20
5196.364258 2.404707055e-15 1e-20
5197.138184 2.41008275e-15 1e-20
5197.912109 2.352486416e-15 1e-20
5198.685547 2.35595311e-15 1e-20
5199.459961 2.405906878e-15 1e-20
5200.233398 2.446366465e-15 1e-20
5201.007812 2.362062758e-15 1e-20
5201.78125 2.384419346e-15 1e-20
5202.555176 2.415387717e-15 1e-20
5203.329102 2.404707055e-15 1e-20
5204.103027 2.399655351e-15 1e-20
5204.876953 2.365490701e-15 1e-20
5205.650879 2.404249869e-15 1e-20
5206.424805 2.362901956e-15 1e-20
5207.19873 2.362133486e-15 1e-20
5207.972656 2.398003213e-15 1e-20
5208.746094 2.413042707e-15 1e-20
5209.520508 2.427095195e-15 1e-20
5210.293945 2.392629636e-15 1e-20
5211.068359 2.404159872e-15 1e-20
5211.841797 2.372943532e-15 1e-20
5212.615723 2.372397831e-15 1e-20
5213.389648 2.365305412e-15 1e-20
5214.163574 2.357736961e-15 1e-20
5214.9375 2.394886556e-15 1e-20
5215.711426 2.381580303e-15 1e-20
5216.485352 2.369711254e-15 1e-20
5217.259277 2.353082303e-15 1e-20
5218.033203 2.352819299e-15 1e-20
5218.807129 2.343914866e-15 1e-20
5219.581055 2.339855248e-15 1e-20
5220.354492 2.31224028e-15 1e-20
5221.128906 2.359830826e-15 1e-20
5221.902344 2.36721653e-15 1e-20
5222.67627 2.372914097e-15 1e-20
5223.450195 2.340025926e-15 1e-20
5224.224121 2.355005703e-15 1e-20
5224.998047 2.322192282e-15 1e-20
5225.771973 2.318485242e-15 1e-20
5226.545898 2.34414907e-15 1e-20
5227.319824 2.326472551e-15 1e-20
5228.09375 2.275918237e-15 1e-20
5228.867676 2.296840798e-15 1e-20
5229.641602 2.319958868e-15 1e-20
5230.415039 2.326026165e-15 1e-20
5231.189453 2.327552942e-15 1e-20
5231.962891 2.290508591e-15 1e-20
5232.736816 2.301796364e-15 1e-20
5233.510742 2.298151581e-15 1e-20
5234.284668 2.315544556e-15 1e-20
5235.058594 2.315962567e-15 1e-20
5235.83252 2.303887688e-15 1e-20
5236.606445 2.290358031e-15 1e-20
5237.380371 2.316622617e-15 1e-20
5238.154297 2.272799038e-15 1e-20
5238.928223 2.273647765e-15 1e-20
5239.702148 2.272896447e-15 1e-20
5240.475586 2.290134626e-15 1e-20
5241.25 2.288327481e-15 1e-20
5242.023438 2.286039645e-15 1e-20
5242.797363 2.275075439e-15 1e-20
5243.571289 2.22235992e-15 1e-20
5244.345215 2.272986444e-15 1e-20
5245.119141 2.272145764e-15 1e-20
5245.893066 2.302159318e-15 1e-20
5246.666992 2.278309199e-15 1e-20
5247.440918 2.254899114e-15 1e-20
5248.214844 2.253849429e-15 1e-20
5248.98877 2.311438564e-15 1e-20
5249.762695 2.228683868e-15 1e-20
5250.536133 2.215042403e-15 1e-20
5251.310547 2.253835241e-15 1e-20
5252.083984 2.296179689e-15 1e-20
5252.85791 2.310913403e-15 1e-20
5253.631836 2.282958351e-15 1e-20
5254.405762 2.270086203e-15 1e-20
5255.179688 2.269667769e-15 1e-20
5255.953613 2.318895842e-15 1e-20
5256.727539 2.311003189e-15 1e-20
5257.501465 2.309336228e-15 1e-20
5258.275391 2.257531693e-15 1e-20
5259.049316 2.263551556e-15 1e-20
5259.823242 2.258138168e-15 1e-20
5260.59668 2.281796434e-15 1e-20
5261.371094 2.286170088e-15 1e-20
5262.144531 2.255666314e-15 1e-20
5262.918457 2.287263396e-15 1e-20
5263.692383 2.294373814e-15 1e-20
5264.466309 2.284625947e-15 1e-20
5265.240234 2.288572909e-15 1e-20
5266.01416 2.321594912e-15 1e-20
5266.788086 2.348423834e-15 1e-20
5267.562012 2.24840936e-15 1e-20
5268.335938 2.324625173e-15 1e-20
5269.109863 2.267317253e-15 1e-20
5269.883789 2.350134629e-15 1e-20
5270.657227 2.329614197e-15 1e-20
5271.431641 2.321703121e-15 1e-20
5272.205078 2.314818225e-15 1e-20
5272.979004 2.291095373e-15 1e-20
5273.75293 2.308548064e-15 1e-20
5274.526855 2.314048696e-15 1e-20
5275.300781 2.321286169e-15 1e-20
5276.074707 2.322625328e-15 1e-20
5276.848633 2.327415723e-15 1e-20
5277.622559 2.336085105e-15 1e-20
5278.396484 2.340533934e-15 1e-20
5279.17041 2.345097112e-15 1e-20
5279.944336 2.312232445e-15 1e-20
5280.717773 2.298114312e-15 1e-20
5281.492188 2.459462442e-15 1e-20
5282.265625 2.973619699e-15 1e-20
5283.039551 3.540492264e-15 1e-20
5283.813477 2.78160093e-15 1e-20
5284.587402 2.346589796e-15 1e-20
5285.361328 2.333153312e-15 1e-20
5286.135254 2.308855748e-15 1e-20
5286.90918 2.322542319e-15 1e-20
5287.683105 2.32125017e-15 1e-20
5288.457031 2.319675112e-15 1e-20
5289.230957 2.333424998e-15 1e-20
5290.004883 2.327812981e-15 1e-20
5290.77832 2.313148511e-15 1e-20
5291.552734 2.363652639e-15 1e-20
5292.326172 2.297455108e-15 1e-20
5293.100098 2.34247491e-15 1e-20
5293.874023 2.287495907e-15 1e-20
5294.647949 2.241568933e-15 1e-20
5295.421875 2.311397059e-15 1e-20
5296.195801 2.329335311e-15 1e-20
5296.969727 2.312968093e-15 1e-20
5297.743652 2.282749346e-15 1e-20
5298.517578 2.262319758e-15 1e-20
5299.291504 2.270572189e-15 1e-20
5300.06543 2.218772736e-15 1e-20
5300.838867 2.235277808e-15 1e-20
5301.613281 2.187565077e-15 1e-20
5302.386719 2.244771777e-15 1e-20
5303.160645 2.207186384e-15 1e-20
5303.93457 2.190526728e-15 1e-20
5304.708496 2.190084153e-15 1e-20
5305.482422 2.144368515e-15 1e-20
5306.256348 2.175511798e-15 1e-20
5307.030273 2.209975663e-15 1e-20
5307.804199 2.165567208e-15 1e-20
5308.578125 2.172498479e-15 1e-20
5309.352051 2.15526877e-15 1e-20
5310.125977 2.15034052e-15 1e-20
5310.899414 2.138135411e-15 1e-20
5311.673828 2.094324749e-15 1e-20
5312.447266 2.066529151e-15 1e-20
5313.22168 2.049944034e-15 1e-20
5313.995117 2.107212144e-15 1e-20
5314.769043 2.070848384e-15 1e-20
5315.542969 2.083236029e-15 1e-20
5316.316895 2.069765241e-15 1e-20
5317.09082 1.99258021e-15 1e-20
5317.864746 2.035349869e-15 1e-20
5318.638672 2.015496052e-15 1e-20
5319.412598 1.979014131e-15 1e-20
5320.186523 1.984799789e-15 1e-20
5320.960449 1.967705606e-15 1e-20
5321.734375 2.021464881e-15 1e-20
5322.507812 1.944405423e-15 1e-20
5323.282227 1.934895573e-15 1e-20
5324.055664 1.920385051e-15 1e-20
5324.82959 1.921686306e-15 1e-20
5325.603516 1.894522594e-15 1e-20
5326.377441 1.903556412e-15 1e-20
5327.151367 1.894368646e-15 1e-20
5327.925293 1.878284337e-15 1e-20
5328.699219 1.848962386e-15 1e-20
5329.473145 1.810316296e-15 1e-20
5330.24707 1.790680802e-15 1e-20
5331.020996 1.835023824e-15 1e-20
5331.794922 1.784554848e-15 1e-20
5332.568359 1.78169717e-15 1e-20
5333.342773 1.758855445e-15 1e-20
5334.116211 1.762076499e-15 1e-20
5334.890137 1.737233129e-15 1e-20
5335.664062 1.769553683e-15 1e-20
5336.437988 1.742262704e-15 1e-20
5337.211914 1.684539421e-15 1e-20
5337.98584 1.693959592e-15 1e-20
5338.759766 1.728184805e-15 1e-20
5339.533691 1.739003216e-15 1e-20
5340.307617 1.698280519e-15 1e-20
5341.081543 1.673637154e-15 1e-20
5341.855469 1.667250525e-15 1e-20
5342.628906 1.629890761e-15 1e-20
5343.40332 1.637547092e-15 1e-20
5344.176758 1.697015899e-15 1e-20
5344.950684 1.63027182e-15 1e-20
5345.724609 1.625560623e-15 1e-20
5346.498535 1.613753089e-15 1e-20
5347.272461 1.640586352e-15 1e-20
5348.046387 1.615016968e-15 1e-20
5348.820312 1.634007447e-15 1e-20
5349.594238 1.642155692e-15 1e-20
5350.368164 1.636271142e-15 1e-20
5351.14209 1.602441176e-15 1e-20
5351.916016 1.588391546e-15 1e-20
5352.689453 1.56462846e-15 1e-20
5353.463867 1.608440393e-15 1e-20
5354.237305 1.530403459e-15 1e-20
5355.01123 1.598510731e-15 1e-20
5355.785156 1.597419859e-15 1e-20
5356.559082 1.585831707e-15 1e-20
5357.333008 1.585625137e-15 1e-20
5358.106934 1.590113458e-15 1e-20
5358.880859 1.554431031e-15 1e-20
5359.654785 1.565445636e-15 1e-20
5360.428711 1.538995549e-15 1e-20
5361.202637 1.558239079e-15 1e-20
5361.976562 1.551520626e-15 1e-20
5362.75 1.528523787e-15 1e-20
5363.524414 1.568236397e-15 1e-20
5364.297852 1.522741834e-15 1e-20
5365.071777 1.538131364e-15 1e-20
5365.845703 1.521520519e-15 1e-20
5366.619629 1.528286724e-15 1e-20
5367.393555 1.527101301e-15 1e-20
5368.16748 1.565366861e-15 1e-20
5368.941406 1.576585601e-15 1e-20
5369.715332 1.523428143e-15 1e-20
5370.489258 1.529984813e-15 1e-20
5371.263184 1.542700683e-15 1e-20
5372.037109 1.521561494e-15 1e-20
5372.810547 1.509264905e-15 1e-20
5373.584961 1.522004069e-15 1e-20
5374.358398 1.552915054e-15 1e-20
5375.132324 1.544432019e-15 1e-20
5375.90625 1.515284344e-15 1e-20
5376.680176 1.520749189e-15 1e-20
5377.454102 1.522255955e-15 1e-20
5378.228027 1.52746849e-15 1e-20
5379.001953 1.515253216e-15 1e-20
5379.775879 1.534681187e-15 1e-20
5380.549805 1.486277489e-15 1e-20
5381.32373 1.546858556e-15 1e-20
5382.097656 1.521027334e-15 1e-20
5382.871094 1.510057939e-15 1e-20
5383.645508 1.541874509e-15 1e-20
5384.418945 1.546748654e-15 1e-20
5385.192871 1.520865021e-15 1e-20
5385.966797 1.562496055e-15 1e-20
5386.740723 1.538114847e-15 1e-20
5387.514648 1.500281062e-15 1e-20
5388.288574 1.489313891e-15 1e-20
5389.0625 1.489575624e-15 1e-20
5389.836426 1.558217798e-15 1e-20
5390.610352 1.530143632e-15 1e-20
5391.384277 1.555273405e-15 1e-20
5392.158203 1.484084521e-15 1e-20
5392.931641 1.495809786e-15 1e-20
5393.706055 1.51966414e-15 1e-20
5394.479492 1.518238372e-15 1e-20
5395.253418 1.538448684e-15 1e-20
5396.027344 1.568241374e-15 1e-20
5396.80127 1.512991003e-15 1e-20
5397.575195 1.466646866e-15 1e-20
5398.349121 1.552339283e-15 1e-20
5399.123047 1.537133348e-15 1e-20
5399.896973 1.563426944e-15 1e-20
5400.670898 1.544672153e-15 1e-20
5401.444824 1.528068083e-15 1e-20
5402.21875 1.533357275e-15 1e-20
5402.992188 1.503661147e-15 1e-20
5403.766602 1.519587272e-15 1e-20
5404.540039 1.55065157e-15 1e-20
5405.313965 1.546059169e-15 1e-20
5406.087891 1.523815025e-15 1e-20
5406.861816 1.506124954e-15 1e-20
5407.635742 1.545593407e-15 1e-20
5408.409668 1.5483199e-15 1e-20
5409.183594 1.513536598e-15 1e-20
5409.95752 1.532720094e-15 1e-20
5410.731445 1.506213045e-15 1e-20
5411.505371 1.574814455e-15 1e-20
5412.279297 1.537787998e-15 1e-20
5413.052734 1.526057756e-15 1e-20
5413.827148 1.548973068e-15 1e-20
5414.600586 1.564100547e-15 1e-20
5415.375 1.560842223e-15 1e-20
5416.148438 1.566895544e-15 1e-20
5416.922363 1.601479688e-15 1e-20
5417.696289 1.54620507e-15 1e-20
5418.470215 1.577761918e-15 1e-20
5419.244141 1.590155281e-15 1e-20
5420.018066 1.563206927e-15 1e-20
5420.791992 1.567491114e-15 1e-20
5421.565918 1.583532118e-15 1e-20
5422.339844 1.584386139e-15 1e-20
5423.113281 1.634863374e-15 1e-20
5423.887695 1.603409017e-15 1e-20
5424.661133 1.571740149e-15 1e-20
5425.435547 1.590804108e-15 1e-20
5426.208984 1.613129461e-15 1e-20
5426.98291 1.59985942e-15 1e-20
5427.756836 1.613454616e-15 1e-20
5428.530762 1.604320636e-15 1e-20
5429.304688 1.610317629e-15 1e-20
5430.078613 1.667918411e-15 1e-20
5430.852539 1.627734109e-15 1e-20
5431.626465 1.628873792e-15 1e-20
5432.400391 1.664060599e-15 1e-20
5433.174316 1.661562276e-15 1e-20
5433.948242 1.662411214e-15 1e-20
5434.72168 1.66898779e-15 1e-20
5435.496094 1.673495488e-15 1e-20
5436.269531 1.64117991e-15 1e-20
5437.043457 1.68227329e-15 1e-20
5437.817383 1.66034636e-15 1e-20
5438.591309 1.663990719e-15 1e-20
5439.365234 1.680590447e-15 1e-20
5440.13916 1.712863779e-15 1e-20
5440.913086 1.67878235e-15 1e-20
5441.687012 1.684215219e-15 1e-20
5442.460938 1.687951587e-15 1e-20
5443.234863 1.662307029e-15 1e-20
5444.008789 1.689624689e-15 1e-20
5444.782227 1.72192502e-15 1e-20
5445.556641 1.745389209e-15 1e-20
5446.330078 1.709001838e-15 1e-20
5447.104004 1.690261023e-15 1e-20
5447.87793 1.721602512e-15 1e-20
5448.651855 1.731877022e-15 1e-20
5449.425781 1.70107668e-15 1e-20
5450.199707 1.694539598e-15 1e-20
5450.973633 1.677037779e-15 1e-20
5451.747559 1.725057771e-15 1e-20
5452.521484 1.6064757e-15 1e-20
5453.29541 1.468336696e-15 1e-20
5454.069336 1.437345031e-15 1e-20
5454.842773 1.466270571e-15 1e-20
5455.617188 1.760857619e-15 1e-20
5456.390625 1.776548269e-15 1e-20
5457.164551 1.734145164e-15 1e-20
5457.938477 1.732360254e-15 1e-20
5458.712402 1.735127511e-15 1e-20
5459.486328 1.76873439e-15 1e-20
5460.260254 1.752745372e-15 1e-20
5461.03418 1.756151292e-15 1e-20
5461.808105 1.756832306e-15 1e-20
5462.582031 1.74234889e-15 1e-20
5463.355957 1.776002568e-15 1e-20
5464.129883 1.721922479e-15 1e-20
5464.90332 1.761584161e-15 1e-20
5465.677734 1.775427115e-15 1e-20
5466.451172 1.758154737e-15 1e-20
5467.225098 1.723701036e-15 1e-20
5467.999023 1.760364434e-15 1e-20
5468.772949 1.773462316e-15 1e-20
5469.546875 1.760569204e-15 1e-20
5470.320801 1.714570339e-15 1e-20
5471.094727 1.755386951e-15 1e-20
5471.868652 1.715027419e-15 1e-20
5472.642578 1.753793788e-15 1e-20
5473.416504 1.76039948e-15 1e-20
5474.19043 1.791221632e-15 1e-20
5474.963867 1.703207709e-15 1e-20
5475.738281 1.696129055e-15 1e-20
5476.511719 1.715162521e-15 1e-20
5477.285645 1.733282355e-15 1e-20
5478.05957 1.739150388e-15 1e-20
5478.833496 1.70059006e-15 1e-20
5479.607422 1.735566062e-15 1e-20
5480.381348 1.773611711e-15 1e-20
5481.155273 1.771336475e-15 1e-20
5481.929199 1.747201648e-15 1e-20
5482.703125 1.721892515e-15 1e-20
5483.477051 1.751540256e-15 1e-20
5484.250977 1.706416694e-15 1e-20
5485.024414 1.747479686e-15 1e-20
5485.798828 1.719706005e-15 1e-20
5486.572266 1.736872928e-15 1e-20
5487.346191 1.75814796e-15 1e-20
5488.120117 1.734030285e-15 1e-20
5488.894043 1.728937182e-15 1e-20
5489.667969 1.7322008e-15 1e-20
5490.441895 1.755014786e-15 1e-20
5491.21582 1.747724161e-15 1e-20
5491.989746 1.694388614e-15 1e-20
5492.763672 1.732076922e-15 1e-20
5493.537598 1.737244458e-15 1e-20
5494.311523 1.662600526e-15 1e-20
5495.084961 1.713398363e-15 1e-20
5495.859375 1.749274231e-15 1e-20
5496.632812 1.758297673e-15 1e-20
5497.406738 1.760565181e-15 1e-20
5498.180664 1.741909704e-15 1e-20
5498.95459 1.677485966e-15 1e-20
5499.728516 1.701616134e-15 1e-20
5500.502441 1.696725578e-15 1e-20
5501.276367 1.662901223e-15 1e-20
5502.050293 1.686684002e-15 1e-20
5502.824219 1.687150612e-15 1e-20
5503.598145 1.668981331e-15 1e-20
5504.37207 1.684307546e-15 1e-20
5505.145508 1.654123209e-15 1e-20
5505.919922 1.648941485e-15 1e-20
5506.693359 1.611404161e-15 1e-20
5507.467285 1.636300365e-15 1e-20
5508.241211 1.657238596e-15 1e-20
5509.015137 1.641153546e-15 1e-20
5509.789062 1.597654593e-15 1e-20
5510.562988 1.577892679e-15 1e-20
5511.336914 1.610824473e-15 1e-20
5512.11084 1.59575078e-15 1e-20
5512.884766 1.609372658e-15 1e-20
5513.658691 1.572043599e-15 1e-20
5514.432617 1.586312504e-15 1e-20
5515.206055 1.591317622e-15 1e-20
5515.980469 1.595525681e-15 1e-20
5516.753906 1.577357566e-15 1e-20
5517.527832 1.531921342e-15 1e-20
5518.301758 1.53497299e-15 1e-20
5519.075684 1.528589961e-15 1e-20
5519.849609 1.557781893e-15 1e-20
5520.623535 1.552455962e-15 1e-20
5521.397461 1.564565357e-15 1e-20
5522.171387 1.5036477e-15 1e-20
5522.945312 1.531318043e-15 1e-20
5523.719238 1.513818024e-15 1e-20
5524.493164 1.488536632e-15 1e-20
5525.266602 1.480140312e-15 1e-20
5526.041016 1.479404664e-15 1e-20
5526.814453 1.495375258e-15 1e-20
5527.588867 1.456028672e-15 1e-20
5528.362305 1.484068851e-15 1e-20
5529.13623 1.488644311e-15 1e-20
5529.910156 1.464170141e-15 1e-20
5530.684082 1.468971124e-15 1e-20
5531.458008 1.456891693e-15 1e-20
5532.231934 1.450571874e-15 1e-20
5533.005859 1.45426282e-15 1e-20
5533.779785 1.451384814e-15 1e-20
5534.553711 1.471779038e-15 1e-20
5535.327637 1.414209067e-15 1e-20
5536.101562 1.437700785e-15 1e-20
5536.875 1.510215064e-15 1e-20
5537.649414 1.425388314e-15 1e-20
5538.422852 1.377799462e-15 1e-20
5539.196777 1.449346853e-15 1e-20
5539.970703 1.451448447e-15 1e-20
5540.744629 1.472546874e-15 1e-20
5541.518555 1.397450944e-15 1e-20
5542.29248 1.456955856e-15 1e-20
5543.066406 1.431189855e-15 1e-20
5543.840332 1.395215942e-15 1e-20
5544.614258 1.412189635e-15 1e-20
5545.388184 1.395272058e-15 1e-20
5546.162109 1.443977935e-15 1e-20
5546.935547 1.414369263e-15 1e-20
5547.709961 1.443558336e-15 1e-20
5548.483398 1.450184251e-15 1e-20
5549.257812 1.418218816e-15 1e-20
5550.03125 1.444382181e-15 1e-20
5550.805176 1.479221176e-15 1e-20
5551.579102 1.493943243e-15 1e-20
5552.353027 1.425739621e-15 1e-20
5553.126953 1.371559053e-15 1e-20
5553.900879 1.390321468e-15 1e-20
5554.674805 1.428101784e-15 1e-20
5555.448242 1.447476286e-15 1e-20
5556.222656 1.443249063e-15 1e-20
5556.996094 1.630087061e-15 1e-20
5557.770508 1.895055166e-15 1e-20
5558.543945 1.910026474e-15 1e-20
5559.318359 1.850980442e-15 1e-20
5560.091797 1.44938264e-15 1e-20
5560.865723 1.394661982e-15 1e-20
5561.639648 1.465158735e-15 1e-20
5562.413574 1.466711558e-15 1e-20
5563.1875 1.467009819e-15 1e-20
5563.961426 1.427136908e-15 1e-20
5564.735352 1.455045691e-15 1e-20
5565.508789 1.539363585e-15 1e-20
5566.283203 1.447588624e-15 1e-20
5567.056641 1.480052644e-15 1e-20
5567.831055 1.433843503e-15 1e-20
5568.604492 1.480271179e-15 1e-20
5569.378906 1.494523779e-15 1e-20
5570.152344 1.516046568e-15 1e-20
5570.92627 1.488373155e-15 1e-20
5571.700195 1.541554754e-15 1e-20
5572.474121 1.495346883e-15 1e-20
5573.248047 1.529577072e-15 1e-20
5574.021973 1.542963581e-15 1e-20
5574.795898 1.509705256e-15 1e-20
5575.569336 1.581486745e-15 1e-20
5576.34375 2.20959344e-16 1e-20
5577.117188 -2.966231454e-15 1e-20
5577.891602 -1.347426131e-15 1e-20
5578.665039 4.963806194e-15 1e-20
5579.439453 1.518182256e-15 1e-20
5580.212891 1.535221912e-15 1e-20
5580.986816 1.515567042e-15 1e-20
5581.760742 1.540179702e-15 1e-20
5582.534668 1.569667883e-15 1e-20
5583.308594 1.604111419e-15 1e-20
5584.08252 1.593473638e-15 1e-20
5584.856445 1.597370731e-15 1e-20
5585.629883 1.609802633e-15 1e-20
5586.404297 1.662069013e-15 1e-20
5587.177734 1.674319757e-15 1e-20
5587.952148 1.667251161e-15 1e-20
5588.725586 1.669490822e-15 1e-20
5589.5 1.658654412e-15 1e-20
5590.273438 1.684958385e-15 1e-20
5591.047363 1.654284569e-15 1e-20
5591.821289 1.702711348e-15 1e-20
5592.595215 1.736024095e-15 1e-20
5593.369141 1.716256887e-15 1e-20
5594.143066 1.725146921e-15 1e-20
5594.916992 1.677984127e-15 1e-20
5595.69043 1.711820552e-15 1e-20
5596.464844 1.69630132e-15 1e-20
5597.238281 1.750824514e-15 1e-20
5598.012695 1.779685255e-15 1e-20
5598.786133 1.733107549e-15 1e-20
5599.560547 1.761883693e-15 1e-20
5600.333984 1.698654907e-15 1e-20
5601.10791 1.756880587e-15 1e-20
5601.881836 1.725009173e-15 1e-20
5602.655762 1.736224418e-15 1e-20
5603.429688 1.794230929e-15 1e-20
5604.203613 1.79106599e-15 1e-20
5604.977539 1.747941319e-15 1e-20
5605.750977 1.753267145e-15 1e-20
5606.525391 1.779922213e-15 1e-20
5607.298828 1.770069949e-15 1e-20
5608.073242 1.789194471e-15 1e-20
5608.84668 1.779962447e-15 1e-20
5609.621094 1.838095377e-15 1e-20
5610.394531 1.821341277e-15 1e-20
5611.168457 1.820022447e-15 1e-20
5611.942383 1.79778042e-15 1e-20
5612.716309 1.862486326e-15 1e-20
5613.490234 1.886840005e-15 1e-20
5614.26416 1.838307982e-15 1e-20
5615.038086 1.843717135e-15 1e-20
5615.811523 1.901378691e-15 1e-20
5616.585938 1.899802998e-15 1e-20
5617.359375 1.845602206e-15 1e-20
5618.133789 1.841741642e-15 1e-20
5618.907227 1.889098195e-15 1e-20
5619.681641 1.835411341e-15 1e-20
5620.455078 1.913218094e-15 1e-20
5621.229004 1.906611872e-15 1e-20
5622.00293 1.920730005e-15 1e-20
5622.776855 1.913591e-15 1e-20
5623.550781 1.914422363e-15 1e-20
5624.324707 1.887558501e-15 1e-20
5625.098633 1.899642908e-15 1e-20
5625.872559 1.952946904e-15 1e-20
5626.646484 1.964806635e-15 1e-20
5627.419922 1.938850581e-15 1e-20
5628.194336 1.933344867e-15 1e-20
5628.967773 1.960120426e-15 1e-20
5629.742188 1.921181474e-15 1e-20
5630.515625 1.901123522e-15 1e-20
5631.289551 1.966402657e-15 1e-20
5632.063477 1.971608522e-15 1e-20
5632.837402 1.921184227e-15 1e-20
5633.611328 1.973859723e-15 1e-20
5634.385254 1.934508479e-15 1e-20
5635.15918 1.959581501e-15 1e-20
5635.933105 2.028773081e-15 1e-20
5636.707031 1.99741571e-15 1e-20
5637.480469 1.980293997e-15 1e-20
5638.254883 1.95656564e-15 1e-20
5639.02832 1.979374755e-15 1e-20
5639.802734 2.012837003e-15 1e-20
5640.576172 2.041801718e-15 1e-20
5641.350098 1.997211363e-15 1e-20
5642.124023 1.951080255e-15 1e-20
5642.897949 1.983693988e-15 1e-20
5643.671875 2.013664555e-15 1e-20
5644.445801 1.971358435e-15 1e-20
5645.219727 2.023740435e-15 1e-20
5645.993652 2.031674381e-15 1e-20
5646.767578 2.050164475e-15 1e-20
5647.541016 2.078422553e-15 1e-20
5648.31543 2.053408823e-15 1e-20
5649.088867 2.025203896e-15 1e-20
5649.863281 1.947715416e-15 1e-20
5650.636719 2.011634217e-15 1e-20
5651.411133 2.00322932e-15 1e-20
5652.18457 1.987420086e-15 1e-20
5652.958496 1.948133427e-15 1e-20
5653.732422 2.065716635e-15 1e-20
5654.506348 1.943201578e-15 1e-20
5655.280273 1.944086515e-15 1e-20
5656.054199 1.969554467e-15 1e-20
5656.828125 2.027663045e-15 1e-20
5657.601562 1.993515547e-15 1e-20
5658.375977 1.967747745e-15 1e-20
5659.149414 1.996917019e-15 1e-20
5659.923828 2.006555619e-15 1e-20
5660.697266 2.026222877e-15 1e-20
5661.47168 1.980562083e-15 1e-20
5662.245117 1.904332295e-15 1e-20
5663.019043 1.906007937e-15 1e-20
5663.792969 1.948799195e-15 1e-20
5664.566895 1.93340903e-15 1e-20
5665.34082 1.994424625e-15 1e-20
5666.114746 1.984845529e-15 1e-20
5666.888672 1.964295239e-15 1e-20
5667.662109 1.969324074e-15 1e-20
5668.436523 1.987819673e-15 1e-20
5669.209961 1.931917828e-15 1e-20
5669.984375 1.905477695e-15 1e-20
5670.757812 1.925247444e-15 1e-20
5671.532227 1.96985474e-15 1e-20
5672.305664 1.960886779e-15 1e-20
5673.07959 1.944341261e-15 1e-20
5673.853516 1.916819042e-15 1e-20
5674.627441 1.968196885e-15 1e-20
5675.401367 1.990010524e-15 1e-20
5676.175293 1.940438133e-15 1e-20
5676.949219 1.905747898e-15 1e-20
5677.722656 1.938476828e-15 1e-20
5678.49707 1.955274338e-15 1e-20
5679.270508 2.041502504e-15 1e-20
5680.044922 2.002535812e-15 1e-20
5680.818359 1.941436149e-15 1e-20
5681.592773 1.934198676e-15 1e-20
5682.366211 1.928606353e-15 1e-20
5683.140137 1.952499882e-15 1e-20
5683.914062 1.933800783e-15 1e-20
5684.687988 1.992809333e-15 1e-20
5685.461914 1.968100746e-15 1e-20
5686.23584 1.946649425e-15 1e-20
5687.009766 1.985055805e-15 1e-20
5687.783203 1.947510858e-15 1e-20
5688.557617 1.89855913e-15 1e-20
5689.331055 2.022041075e-15 1e-20
5690.105469 1.918502309e-15 1e-20
5690.878906 1.933684104e-15 1e-20
5691.65332 1.963431901e-15 1e-20
5692.426758 2.093559243e-15 1e-20
5693.200684 2.065447702e-15 1e-20
5693.974609 1.902294333e-15 1e-20
5694.748535 1.957256819e-15 1e-20
5695.522461 2.002936459e-15 1e-20
5696.296387 1.954487021e-15 1e-20
5697.070312 1.983964191e-15 1e-20
5697.84375 1.946474301e-15 1e-20
5698.618164 1.932622771e-15 1e-20
5699.391602 1.917572478e-15 1e-20
