3500.0 -7.385854661e-17 1e-20
3500.774658 6.536279953e-17 1e-20
3501.549316 1.544177062e-16 1e-20
3502.324219 8.762074751e-17 1e-20
3503.098877 1.981306844e-18 1e-20
3503.873535 -2.095377532e-17 1e-20
3504.648193 1.145460522e-17 1e-20
3505.422852 8.075665059e-17 1e-20
3506.19751 1.21005446e-16 1e-20
3506.972412 1.990383695e-16 1e-20
3507.74707 1.439223724e-16 1e-20
3508.521729 5.978684782e-17 1e-20
3509.296387 -3.232148025e-17 1e-20
3510.071045 5.384988801e-17 1e-20
3510.845703 2.804306389e-17 1e-20
3511.620605 1.801015054e-16 1e-20
3512.395264 1.54189219e-16 1e-20
3513.169922 8.59430995e-17 1e-20
3513.94458 1.509625794e-17 1e-20
3514.719238 4.702015879e-17 1e-20
3515.493896 1.062267659e-16 1e-20
3516.268799 1.313474668e-16 1e-20
3517.043457 1.858784289e-16 1e-20
3517.818115 9.782882463e-17 1e-20
3518.592773 6.10495688e-19 1e-20
3519.367432 5.728868958e-17 1e-20
3520.14209 2.769443373e-17 1e-20
3520.916992 1.255478322e-16 1e-20
3521.69165 9.590361139e-17 1e-20
3522.466309 8.717747135e-17 1e-20
3523.240967 6.797363963e-17 1e-20
3524.015625 -3.77453333e-17 1e-20
3524.790283 5.978505449e-17 1e-20
3525.565186 8.845577641e-17 1e-20
3526.339844 4.768449732e-17 1e-20
3527.114502 3.55403378e-17 1e-20
3527.88916 -4.520301173e-17 1e-20
3528.663818 1.052715576e-16 1e-20
3529.438477 9.352004744e-17 1e-20
3530.213379 1.112491749e-16 1e-20
3530.988037 1.372147317e-16 1e-20
3531.762695 6.097758424e-17 1e-20
3532.537354 -2.480919136e-17 1e-20
3533.312012 -9.948609092e-17 1e-20
3534.08667 -7.367485958e-18 1e-20
3534.861572 5.612587216e-17 1e-20
3535.63623 2.103886375e-16 1e-20
3536.410889 1.884870918e-16 1e-20
3537.185547 1.077712775e-17 1e-20
3537.960205 5.668124784e-17 1e-20
3538.734863 2.110982459e-17 1e-20
3539.509766 1.091260736e-16 1e-20
3540.284424 8.309631441e-17 1e-20
3541.059082 9.214095207e-17 1e-20
3541.83374 -1.78798729e-17 1e-20
3542.608398 -6.743985005e-17 1e-20
3543.383057 3.117156685e-17 1e-20
3544.157959 9.239708027e-17 1e-20
3544.932617 1.763371586e-16 1e-20
3545.707275 2.533961795e-16 1e-20
3546.481934 1.340150383e-16 1e-20
3547.256592 2.797571154e-17 1e-20
3548.03125 -1.862542071e-17 1e-20
3548.806152 1.651710541e-16 1e-20
3549.580811 1.766630016e-16 1e-20
3550.355469 1.936038988e-16 1e-20
3551.130127 1.282595553e-16 1e-20
3551.904785 4.335923276e-17 1e-20
3552.679443 2.431149995e-17 1e-20
3553.454346 4.626186908e-17 1e-20
3554.229004 2.159308799e-16 1e-20
3555.003662 1.889673331e-16 1e-20
3555.77832 8.200611021e-17 1e-20
3556.552979 5.746405187e-17 1e-20
3557.327637 5.546014397e-17 1e-20
3558.102539 1.31994203e-16 1e-20
3558.877197 2.590305897e-16 1e-20
3559.651855 1.342367492e-16 1e-20
3560.426514 7.66720989e-18 1e-20
3561.201172 2.946908356e-17 1e-20
3561.97583 -6.86156906e-18 1e-20
3562.750732 5.05120091e-17 1e-20
3563.525391 8.539426847e-17 1e-20
3564.300049 1.556028773e-16 1e-20
3565.074707 7.449372868e-17 1e-20
3565.849365 2.97352372e-17 1e-20
3566.624023 -2.970700387e-17 1e-20
3567.398926 1.194529405e-16 1e-20
3568.173584 2.499601374e-16 1e-20
3568.948242 2.608147058e-16 1e-20
3569.7229 1.875278403e-16 1e-20
3570.497559 5.994589149e-17 1e-20
3571.272217 3.131679329e-18 1e-20
3572.047119 4.971978845e-17 1e-20
3572.821777 1.463038982e-16 1e-20
3573.596436 2.481449193e-16 1e-20
3574.371094 1.04648009e-16 1e-20
3575.145752 4.069343478e-17 1e-20
3575.92041 1.522647867e-16 1e-20
3576.695312 1.530568816e-16 1e-20
3577.469971 1.377158311e-16 1e-20
3578.244629 1.470808127e-16 1e-20
3579.019287 1.692723347e-16 1e-20
3579.793945 4.261520034e-17 1e-20
3580.568604 5.57440522e-17 1e-20
3581.343506 8.575442953e-17 1e-20
3582.118164 5.082862737e-17 1e-20
3582.892822 1.581139859e-16 1e-20
3583.66748 1.330197481e-16 1e-20
3584.442139 1.381501208e-16 1e-20
3585.216797 6.768915567e-17 1e-20
3585.991699 1.279584615e-16 1e-20
3586.766357 1.019730061e-16 1e-20
3587.541016 1.316213496e-16 1e-20
3588.315674 1.994635006e-16 1e-20
3589.090332 9.359905973e-17 1e-20
3589.86499 4.674707338e-17 1e-20
3590.639893 1.126312018e-16 1e-20
3591.414551 1.232250032e-16 1e-20
3592.189209 1.972442214e-16 1e-20
3592.963867 2.400362465e-16 1e-20
3593.738525 2.422418607e-17 1e-20
3594.513184 4.500816106e-17 1e-20
3595.288086 9.921196326e-17 1e-20
3596.062744 1.252884284e-16 1e-20
3596.837402 2.167471418e-16 1e-20
3597.612061 1.121329744e-16 1e-20
3598.386719 1.655180729e-16 1e-20
3599.161377 1.335382911e-16 1e-20
3599.936279 4.63523825e-17 1e-20
3600.710938 1.543071684e-16 1e-20
3601.485596 1.612050474e-16 1e-20
3602.260254 1.471702011e-16 1e-20
3603.034912 1.324797381e-16 1e-20
3603.80957 4.166234783e-17 1e-20
3604.584473 1.320765769e-16 1e-20
3605.359131 2.525856219e-16 1e-20
3606.133789 2.393675669e-16 1e-20
3606.908447 8.850774983e-17 1e-20
3607.683105 1.250723225e-17 1e-20
3608.457764 3.254207939e-18 1e-20
3609.232666 2.181082708e-17 1e-20
3610.007324 1.60064041e-16 1e-20
3610.781982 1.33830266e-16 1e-20
3611.556641 1.682692624e-16 1e-20
3612.331299 6.132200901e-17 1e-20
3613.105957 6.970177213e-17 1e-20
3613.880859 9.934687973e-17 1e-20
3614.655518 1.856675839e-16 1e-20
3615.430176 2.100980522e-16 1e-20
3616.204834 8.011024533e-17 1e-20
3616.979492 1.041918552e-16 1e-20
3617.754395 1.100874428e-16 1e-20
3618.529053 1.241549527e-16 1e-20
3619.303711 2.00958077e-16 1e-20
3620.078369 1.944137946e-16 1e-20
3620.853027 1.328333611e-16 1e-20
3621.627686 6.586753191e-17 1e-20
3622.402344 6.348122834e-17 1e-20
3623.177246 1.062611303e-16 1e-20
3623.951904 2.174336355e-16 1e-20
3624.726562 1.177853047e-16 1e-20
3625.501221 1.628911856e-16 1e-20
3626.275879 3.903215171e-17 1e-20
3627.050781 5.5962547e-17 1e-20
3627.825439 9.387231388e-17 1e-20
3628.600098 1.450138008e-16 1e-20
3629.374756 1.556176475e-16 1e-20
3630.149414 1.37146122e-16 1e-20
3630.924072 1.014904025e-16 1e-20
3631.69873 8.516711144e-17 1e-20
3632.473633 8.488670383e-17 1e-20
3633.248291 1.099247926e-16 1e-20
3634.022949 2.061508258e-16 1e-20
3634.797607 1.759583893e-16 1e-20
3635.572266 2.710491535e-17 1e-20
3636.347168 3.791885925e-17 1e-20
3637.121826 9.480486407e-17 1e-20
3637.896484 1.645562935e-16 1e-20
3638.671143 2.025666456e-16 1e-20
3639.445801 2.026525532e-16 1e-20
3640.220459 1.969862469e-16 1e-20
3640.995117 1.804282616e-16 1e-20
3641.77002 1.057874866e-16 1e-20
3642.544678 1.082492622e-16 1e-20
3643.319336 1.609222972e-16 1e-20
3644.093994 9.848262819e-17 1e-20
3644.868652 9.239269953e-18 1e-20
3645.643555 9.509290821e-17 1e-20
3646.418213 1.514178066e-16 1e-20
3647.192871 2.270937948e-16 1e-20
3647.967529 2.471913985e-16 1e-20
3648.742188 2.040326214e-16 1e-20
3649.516846 9.157169961e-17 1e-20
3650.291748 5.815519105e-17 1e-20
3651.066406 1.407566e-16 1e-20
3651.841064 1.773265328e-16 1e-20
3652.615723 1.709478188e-16 1e-20
3653.390381 1.730724289e-16 1e-20
3654.165039 1.337924804e-16 1e-20
3654.939941 7.609483933e-17 1e-20
3655.7146 1.228051131e-16 1e-20
3656.489258 1.567977232e-16 1e-20
3657.263916 1.853124918e-16 1e-20
3658.038574 1.870577635e-16 1e-20
3658.813232 1.275564253e-16 1e-20
3659.588135 1.086150084e-16 1e-20
3660.362793 1.230849913e-16 1e-20
3661.137451 1.878822441e-16 1e-20
3661.912109 2.444144274e-16 1e-20
3662.686768 1.124513529e-16 1e-20
3663.461426 1.367801376e-16 1e-20
3664.236328 1.107939874e-16 1e-20
3665.010986 1.640268714e-16 1e-20
3665.785645 1.844282291e-16 1e-20
3666.560303 1.556218429e-16 1e-20
3667.334961 1.489337766e-16 1e-20
3668.109619 1.081095216e-16 1e-20
3668.884521 1.040928384e-16 1e-20
3669.65918 7.825014775e-17 1e-20
3670.433838 1.362040361e-16 1e-20
3671.208496 1.682664037e-16 1e-20
3671.983154 7.12318445e-17 1e-20
3672.757812 1.383991485e-16 1e-20
3673.532715 1.293848783e-16 1e-20
3674.307373 1.6114688e-16 1e-20
3675.082031 1.513666406e-16 1e-20
3675.856689 1.646155329e-16 1e-20
3676.631348 1.575586764e-16 1e-20
3677.406006 3.578747951e-17 1e-20
3678.180908 8.413324817e-17 1e-20
3678.955566 1.330556676e-16 1e-20
3679.730225 2.183466973e-16 1e-20
3680.504883 1.933173899e-16 1e-20
3681.279541 1.102619448e-16 1e-20
3682.054199 9.158196326e-17 1e-20
3682.829102 1.403976433e-16 1e-20
3683.60376 1.869194059e-16 1e-20
3684.378418 1.755549766e-16 1e-20
3685.153076 1.672561316e-16 1e-20
3685.927734 8.027764022e-17 1e-20
3686.702393 5.903859347e-17 1e-20
3687.477295 1.222586577e-16 1e-20
3688.251953 1.53672079e-16 1e-20
3689.026611 2.041630777e-16 1e-20
3689.80127 2.25429825e-16 1e-20
3690.575928 1.798861208e-16 1e-20
3691.350586 6.7876747e-17 1e-20
3692.125488 1.181834631e-16 1e-20
3692.900146 1.449250609e-16 1e-20
3693.674805 1.381052677e-16 1e-20
3694.449463 1.607471731e-16 1e-20
3695.224121 1.69086014e-16 1e-20
3695.998779 1.186288171e-16 1e-20
3696.773682 9.994738638e-17 1e-20
3697.54834 1.288020402e-16 1e-20
3698.322998 1.632999319e-16 1e-20
3699.097656 1.815506067e-16 1e-20
3699.872314 2.014062766e-16 1e-20
3700.646973 1.65819299e-16 1e-20
3701.421875 1.56144899e-16 1e-20
3702.196533 1.486359122e-16 1e-20
3702.971191 1.481506682e-16 1e-20
3703.74585 1.411188389e-16 1e-20
3704.520508 1.174085603e-16 1e-20
3705.295166 1.01630871e-16 1e-20
3706.070068 1.058367469e-16 1e-20
3706.844727 2.215404218e-16 1e-20
3707.619385 2.218707911e-16 1e-20
3708.394043 1.828757765e-16 1e-20
3709.168701 1.659383733e-16 1e-20
3709.943359 1.652636322e-16 1e-20
3710.718262 1.105088681e-16 1e-20
3711.49292 1.754739791e-16 1e-20
3712.267578 2.302182611e-16 1e-20
3713.042236 1.452001481e-16 1e-20
3713.816895 1.305175995e-16 1e-20
3714.591553 1.500199376e-16 1e-20
3715.366455 1.170901024e-16 1e-20
3716.141113 1.22415875e-16 1e-20
3716.915771 1.452848646e-16 1e-20
3717.69043 1.169206958e-16 1e-20
3718.465088 1.335890337e-16 1e-20
3719.239746 1.058252127e-16 1e-20
3720.014648 1.362261913e-16 1e-20
3720.789307 1.950658115e-16 1e-20
3721.563965 1.650137178e-16 1e-20
3722.338623 1.220952465e-16 1e-20
3723.113281 5.419443851e-17 1e-20
3723.888184 8.643886523e-17 1e-20
3724.662842 1.16693916e-16 1e-20
3725.4375 2.003197583e-16 1e-20
3726.212158 1.892646152e-16 1e-20
3726.986816 1.512622437e-16 1e-20
3727.761475 1.224902551e-16 1e-20
3728.536133 1.453177533e-16 1e-20
3729.311035 2.127323512e-16 1e-20
3730.085693 2.011179942e-16 1e-20
3730.860352 1.640177526e-16 1e-20
3731.63501 9.892616905e-17 1e-20
3732.409668 8.850970197e-17 1e-20
3733.18457 8.870631288e-17 1e-20
3733.959229 7.319667639e-17 1e-20
3734.733887 1.05967104e-16 1e-20
3735.508545 1.476250446e-16 1e-20
3736.283203 1.106113062e-16 1e-20
3737.057861 5.060153651e-17 1e-20
3737.83252 1.013893078e-16 1e-20
3738.607422 1.84840615e-16 1e-20
3739.38208 2.455792301e-16 1e-20
3740.156738 1.077313743e-16 1e-20
3740.931396 6.303710514e-17 1e-20
3741.706055 8.896401603e-17 1e-20
3742.480957 9.412504072e-17 1e-20
3743.255615 1.459414872e-16 1e-20
3744.030273 1.529339162e-16 1e-20
3744.804932 1.233151857e-16 1e-20
3745.57959 1.004802098e-16 1e-20
3746.354248 7.650768848e-17 1e-20
3747.128906 1.227953193e-16 1e-20
3747.903809 1.374501804e-16 1e-20
3748.678467 1.600473783e-16 1e-20
3749.453125 8.300996337e-17 1e-20
3750.227783 9.548409185e-17 1e-20
3751.002441 1.34591153e-16 1e-20
3751.777344 1.241591614e-16 1e-20
3752.552002 1.794158984e-16 1e-20
3753.32666 1.75741615e-16 1e-20
3754.101318 9.524155588e-17 1e-20
3754.875977 4.65105659e-17 1e-20
3755.650635 1.249087724e-16 1e-20
3756.425293 1.194954113e-16 1e-20
3757.200195 8.477404845e-17 1e-20
3757.974854 6.762507895e-17 1e-20
3758.749512 1.119302424e-16 1e-20
3759.52417 9.296809959e-17 1e-20
3760.298828 7.796139554e-17 1e-20
3761.07373 1.32681557e-16 1e-20
3761.848389 1.544496949e-16 1e-20
3762.623047 9.521008993e-17 1e-20
3763.397705 1.132107709e-16 1e-20
3764.172363 6.67847958e-17 1e-20
3764.947021 9.121893685e-17 1e-20
3765.72168 1.245080993e-16 1e-20
3766.496582 1.489494071e-16 1e-20
3767.27124 9.309252741e-17 1e-20
3768.045898 8.730716003e-17 1e-20
3768.820557 7.148197069e-17 1e-20
3769.595215 6.71992927e-17 1e-20
3770.370117 9.944484438e-17 1e-20
3771.144775 1.180376411e-16 1e-20
3771.919434 8.386471887e-17 1e-20
3772.694092 5.226017261e-17 1e-20
3773.46875 2.873963599e-17 1e-20
3774.243408 1.021714964e-16 1e-20
3775.018066 1.319272874e-16 1e-20
3775.792969 1.090650608e-16 1e-20
3776.567627 3.312017276e-17 1e-20
3777.342285 6.108176929e-17 1e-20
3778.116943 5.756341942e-17 1e-20
3778.891602 1.020034993e-16 1e-20
3779.666504 1.027759404e-16 1e-20
3780.441162 1.237608707e-16 1e-20
3781.21582 4.465613946e-17 1e-20
3781.990479 1.697989378e-17 1e-20
3782.765137 6.049240641e-17 1e-20
3783.539795 1.209015654e-16 1e-20
3784.314453 8.313406031e-17 1e-20
3785.089355 5.479982223e-17 1e-20
3785.864014 9.826283637e-18 1e-20
3786.638672 2.209902342e-17 1e-20
3787.41333 4.970542859e-17 1e-20
3788.187988 1.204558937e-16 1e-20
3788.962891 1.077453173e-16 1e-20
3789.737549 4.277998795e-17 1e-20
3790.512207 7.084206376e-18 1e-20
3791.286865 7.042251776e-18 1e-20
3792.061523 5.794345928e-17 1e-20
3792.836182 1.112784638e-16 1e-20
3793.611084 7.137992969e-17 1e-20
3794.385742 5.714329769e-17 1e-20
3795.1604 3.691502595e-17 1e-20
3795.935059 4.442133928e-17 1e-20
3796.709717 6.464825445e-17 1e-20
3797.484375 1.046230877e-16 1e-20
3798.259277 1.112269933e-16 1e-20
3799.033936 3.845508736e-17 1e-20
3799.808594 3.417719047e-17 1e-20
3800.583252 7.082487164e-17 1e-20
3801.35791 7.559282672e-17 1e-20
3802.132568 8.478378271e-17 1e-20
3802.907471 5.869009235e-17 1e-20
3803.682129 -1.505765838e-17 1e-20
3804.456787 -3.364593538e-18 1e-20
3805.231445 5.954296189e-17 1e-20
3806.006104 8.441356975e-17 1e-20
3806.780762 8.137387953e-17 1e-20
3807.555664 2.709828136e-17 1e-20
3808.330322 4.773470387e-17 1e-20
3809.10498 5.862153562e-17 1e-20
3809.879639 6.200381759e-17 1e-20
3810.654297 9.555593745e-17 1e-20
3811.428955 9.845253867e-17 1e-20
3812.203857 1.66548515e-18 1e-20
3812.978516 -1.006030296e-18 1e-20
3813.753174 3.961478796e-17 1e-20
3814.527832 9.19191684e-17 1e-20
3815.30249 1.088825517e-16 1e-20
3816.077148 4.221113254e-17 1e-20
3816.852051 4.903578949e-17 1e-20
3817.626709 3.774959163e-17 1e-20
3818.401367 4.216113112e-17 1e-20
3819.176025 8.197054144e-17 1e-20
3819.950684 9.930831988e-17 1e-20
3820.725586 5.862959567e-17 1e-20
3821.500244 3.231662304e-18 1e-20
3822.274902 8.220726068e-18 1e-20
3823.049561 8.60054623e-17 1e-20
3823.824219 1.003771365e-16 1e-20
3824.598877 5.796139255e-17 1e-20
3825.373535 5.85461894e-17 1e-20
3826.148438 4.98668016e-17 1e-20
3826.923096 4.635406333e-17 1e-20
3827.697754 5.914778131e-17 1e-20
3828.472412 6.970441911e-17 1e-20
3829.24707 7.339552399e-17 1e-20
3830.021973 6.675183431e-17 1e-20
3830.796631 5.242187649e-17 1e-20
3831.571289 6.96697834e-17 1e-20
3832.345947 8.718225576e-17 1e-20
3833.120605 8.472638961e-17 1e-20
3833.895264 8.972474426e-17 1e-20
3834.669922 2.652584259e-17 1e-20
3835.444824 2.447849117e-17 1e-20
3836.219482 3.858621534e-17 1e-20
3836.994141 8.553671559e-17 1e-20
3837.768799 9.559027537e-17 1e-20
3838.543457 5.216672767e-17 1e-20
3839.318359 3.151628279e-17 1e-20
3840.093018 1.812127729e-17 1e-20
3840.867676 8.03630582e-17 1e-20
3841.642334 8.662317431e-17 1e-20
3842.416992 7.278846607e-17 1e-20
3843.19165 4.365685896e-17 1e-20
3843.966309 2.339274051e-17 1e-20
3844.741211 1.20944989e-17 1e-20
3845.515869 4.893073094e-17 1e-20
3846.290527 7.491907157e-17 1e-20
3847.065186 8.160934807e-17 1e-20
3847.839844 6.528206671e-17 1e-20
3848.614746 3.894022217e-17 1e-20
3849.389404 8.813162087e-17 1e-20
3850.164062 1.08620395e-16 1e-20
3850.938721 1.5203982e-16 1e-20
3851.713379 9.993357577e-17 1e-20
3852.488037 1.022117503e-16 1e-20
3853.262695 1.783110365e-16 1e-20
3854.037598 2.10192867e-16 1e-20
3854.812256 1.64869431e-16 1e-20
3855.586914 8.399823244e-17 1e-20
3856.361572 6.970193095e-17 1e-20
3857.13623 4.010167639e-17 1e-20
3857.911133 3.07347063e-17 1e-20
3858.685791 4.969590278e-17 1e-20
3859.460449 7.947187366e-17 1e-20
3860.235107 7.104623179e-17 1e-20
3861.009766 5.337652894e-17 1e-20
3861.784424 3.461169852e-17 1e-20
3862.559082 8.629908495e-17 1e-20
3863.333984 9.625616238e-17 1e-20
3864.108643 1.410929118e-16 1e-20
3864.883301 8.239220503e-17 1e-20
3865.657959 4.754055796e-17 1e-20
3866.432617 7.297228545e-17 1e-20
3867.20752 1.053100711e-16 1e-20
3867.982178 8.643042799e-17 1e-20
3868.756836 8.399780892e-17 1e-20
3869.531494 1.029507932e-16 1e-20
3870.306152 7.585072178e-17 1e-20
3871.080811 8.371233235e-17 1e-20
3871.855469 1.074220419e-16 1e-20
3872.630371 1.037058767e-16 1e-20
3873.405029 8.144212523e-17 1e-20
3874.179688 5.98843691e-17 1e-20
3874.954346 5.324386241e-17 1e-20
3875.729004 1.146606795e-16 1e-20
3876.503906 1.066758852e-16 1e-20
3877.278564 1.026300059e-16 1e-20
3878.053223 8.666383189e-17 1e-20
3878.827881 8.01507441e-17 1e-20
3879.602539 9.80034193e-17 1e-20
3880.377197 1.063917057e-16 1e-20
3881.151855 1.448554056e-16 1e-20
3881.926758 1.306267212e-16 1e-20
3882.701416 1.155334014e-16 1e-20
3883.476074 7.165621463e-17 1e-20
3884.250732 1.152493939e-16 1e-20
3885.025391 1.411761725e-16 1e-20
3885.800293 1.245542097e-16 1e-20
3886.574951 1.124300712e-16 1e-20
3887.349609 5.570431445e-17 1e-20
3888.124268 8.155776508e-17 1e-20
3888.898926 1.387486554e-16 1e-20
3889.673584 1.418471946e-16 1e-20
3890.448242 1.354434932e-16 1e-20
3891.223145 1.099476228e-16 1e-20
3891.997803 9.979141321e-17 1e-20
3892.772461 9.999864511e-17 1e-20
3893.547119 1.524943723e-16 1e-20
3894.321777 1.208562623e-16 1e-20
3895.09668 1.018248878e-16 1e-20
3895.871338 8.607695717e-17 1e-20
3896.645996 8.776987163e-17 1e-20
3897.420654 9.493874822e-17 1e-20
3898.195312 1.257941733e-16 1e-20
3898.969971 1.40345789e-16 1e-20
3899.744629 8.986876634e-17 1e-20
3900.519531 7.879818468e-17 1e-20
3901.294189 1.100321011e-16 1e-20
3902.068848 1.157233088e-16 1e-20
3902.843506 1.508346245e-16 1e-20
3903.618164 1.329638175e-16 1e-20
3904.393066 1.167172226e-16 1e-20
3905.167725 1.083019238e-16 1e-20
3905.942383 8.974070554e-17 1e-20
3906.717041 8.703864397e-17 1e-20
3907.491699 1.159406522e-16 1e-20
3908.266357 1.161154322e-16 1e-20
3909.041016 1.134562913e-16 1e-20
3909.815918 8.906679819e-17 1e-20
3910.590576 9.192938574e-17 1e-20
3911.365234 1.182385335e-16 1e-20
3912.139893 1.11179083e-16 1e-20
3912.914551 1.019499179e-16 1e-20
3913.689453 1.090838411e-16 1e-20
3914.464111 7.742262303e-17 1e-20
3915.23877 1.126486322e-16 1e-20
3916.013428 1.484723554e-16 1e-20
3916.788086 1.476036173e-16 1e-20
3917.562744 9.204947913e-17 1e-20
3918.337646 7.904469774e-17 1e-20
3919.112305 1.221039816e-16 1e-20
3919.886963 1.112854915e-16 1e-20
3920.661621 1.021801321e-16 1e-20
3921.436279 8.780585068e-17 1e-20
3922.210938 9.725006952e-17 1e-20
3922.98584 9.01386853e-17 1e-20
3923.760498 1.097572918e-16 1e-20
3924.535156 1.205043863e-16 1e-20
3925.309814 1.319569865e-16 1e-20
3926.084473 1.312792145e-16 1e-20
3926.859131 1.310643064e-16 1e-20
3927.634033 8.957488561e-17 1e-20
3928.408691 1.200463003e-16 1e-20
3929.18335 1.295819722e-16 1e-20
3929.958008 1.479973553e-16 1e-20
3930.732666 1.144206119e-16 1e-20
3931.507324 1.167810545e-16 1e-20
3932.282227 1.191151729e-16 1e-20
3933.056885 1.586493107e-16 1e-20
3933.831543 1.435139172e-16 1e-20
3934.606201 1.207462672e-16 1e-20
3935.380859 1.205527334e-16 1e-20
3936.155518 8.821177798e-17 1e-20
3936.93042 1.044469247e-16 1e-20
3937.705078 1.118686207e-16 1e-20
3938.479736 1.225245599e-16 1e-20
3939.254395 1.394252098e-16 1e-20
3940.029053 1.359782489e-16 1e-20
3940.803711 1.278257421e-16 1e-20
3941.578613 1.501316136e-16 1e-20
3942.353271 1.366635383e-16 1e-20
3943.12793 1.276224409e-16 1e-20
3943.902588 1.234077638e-16 1e-20
3944.677246 1.23674341e-16 1e-20
3945.452148 1.359112274e-16 1e-20
3946.226807 1.677022136e-16 1e-20
3947.001465 1.562204305e-16 1e-20
3947.776123 1.495873287e-16 1e-20
3948.550781 1.217242858e-16 1e-20
3949.325439 1.203857488e-16 1e-20
3950.100098 1.170802556e-16 1e-20
3950.875 1.506224692e-16 1e-20
3951.649658 1.639660439e-16 1e-20
3952.424316 1.342502487e-16 1e-20
3953.198975 1.142572404e-16 1e-20
3953.973633 1.273812615e-16 1e-20
3954.748535 1.344569645e-16 1e-20
3955.523193 1.657102171e-16 1e-20
3956.297852 1.329691776e-16 1e-20
3957.07251 1.342230643e-16 1e-20
3957.847168 1.262028666e-16 1e-20
3958.621826 1.554630507e-16 1e-20
3959.396484 1.485679643e-16 1e-20
3960.171387 1.13543999e-16 1e-20
3960.946045 1.367885418e-16 1e-20
3961.720703 1.406737496e-16 1e-20
3962.495361 1.44024334e-16 1e-20
3963.27002 1.592889e-16 1e-20
3964.044922 1.712516654e-16 1e-20
3964.81958 1.335538553e-16 1e-20
3965.594238 1.544105593e-16 1e-20
3966.368896 1.344327579e-16 1e-20
3967.143555 1.437480821e-16 1e-20
3967.918213 1.40749109e-16 1e-20
3968.692871 1.509616265e-16 1e-20
3969.467773 1.255542512e-16 1e-20
3970.242432 1.092458361e-16 1e-20
3971.01709 1.545221295e-16 1e-20
3971.791748 1.684173476e-16 1e-20
3972.566406 1.888028498e-16 1e-20
3973.341309 1.951597659e-16 1e-20
3974.115967 1.733983116e-16 1e-20
3974.890625 1.469062974e-16 1e-20
3975.665283 1.566742152e-16 1e-20
3976.439941 1.822025838e-16 1e-20
3977.2146 2.031630229e-16 1e-20
3977.989258 1.591376649e-16 1e-20
3978.76416 1.628329653e-16 1e-20
3979.538818 1.669250476e-16 1e-20
3980.313477 1.918788103e-16 1e-20
3981.088135 1.752372069e-16 1e-20
3981.862793 2.054313639e-16 1e-20
3982.637695 1.661243765e-16 1e-20
3983.412354 1.605225109e-16 1e-20
3984.187012 1.780488137e-16 1e-20
3984.96167 1.634285485e-16 1e-20
3985.736328 1.733543189e-16 1e-20
3986.510986 1.836133172e-16 1e-20
3987.285645 1.611725292e-16 1e-20
3988.060547 1.579199492e-16 1e-20
3988.835205 1.988406138e-16 1e-20
3989.609863 2.037878421e-16 1e-20
3990.384521 2.012045107e-16 1e-20
3991.15918 1.733455176e-16 1e-20
3991.934082 1.724537111e-16 1e-20
3992.70874 1.722345942e-16 1e-20
3993.483398 1.932687252e-16 1e-20
3994.258057 2.030357033e-16 1e-20
3995.032715 2.021382851e-16 1e-20
3995.807373 1.736928673e-16 1e-20
3996.582031 1.787069053e-16 1e-20
3997.356934 2.055495382e-16 1e-20
3998.131592 2.0023393e-16 1e-20
3998.90625 1.955283444e-16 1e-20
3999.680908 1.982562669e-16 1e-20
4000.455566 1.886007531e-16 1e-20
4001.230469 2.00985063e-16 1e-20
4002.005127 2.028189026e-16 1e-20
4002.779785 2.146223993e-16 1e-20
4003.554443 2.053784905e-16 1e-20
4004.329102 1.76419387e-16 1e-20
4005.10376 2.039708277e-16 1e-20
4005.878418 2.106555323e-16 1e-20
4006.65332 1.997080682e-16 1e-20
4007.427979 1.756302831e-16 1e-20
4008.202637 1.961868596e-16 1e-20
4008.977295 1.850989865e-16 1e-20
4009.751953 1.776261442e-16 1e-20
4010.526855 1.954203742e-16 1e-20
4011.301514 2.002463841e-16 1e-20
4012.076172 1.788625476e-16 1e-20
4012.85083 1.760854707e-16 1e-20
4013.625488 1.883010622e-16 1e-20
4014.400146 2.05854576e-16 1e-20
4015.174805 2.218394641e-16 1e-20
4015.949707 2.273454695e-16 1e-20
4016.724365 1.786773915e-16 1e-20
4017.499023 1.668696464e-16 1e-20
4018.273682 1.956915968e-16 1e-20
4019.04834 2.14902079e-16 1e-20
4019.823242 2.186239682e-16 1e-20
4020.5979 1.929531128e-16 1e-20
4021.372559 1.95361651e-16 1e-20
4022.147217 1.881744705e-16 1e-20
4022.921875 2.045093421e-16 1e-20
4023.696777 1.947772379e-16 1e-20
4024.471191 1.699823469e-16 1e-20
4025.246094 2.034192769e-16 1e-20
4026.020752 1.897180689e-16 1e-20
4026.79541 1.84286629e-16 1e-20
4027.570068 1.759436986e-16 1e-20
4028.344727 2.381554892e-16 1e-20
4029.119629 1.885095118e-16 1e-20
4029.894287 2.036903142e-16 1e-20
4030.668945 1.864491041e-16 1e-20
4031.443604 2.35121629e-16 1e-20
4032.218262 2.356318604e-16 1e-20
4032.993164 2.096061114e-16 1e-20
4033.767578 1.684646623e-16 1e-20
4034.54248 1.866284501e-16 1e-20
4035.317139 2.182004782e-16 1e-20
4036.091797 2.08400757e-16 1e-20
4036.866455 2.317112626e-16 1e-20
4037.641113 2.245388523e-16 1e-20
4038.416016 1.979691228e-16 1e-20
4039.190674 1.867507008e-16 1e-20
4039.965332 2.194465166e-16 1e-20
4040.73999 2.382971819e-16 1e-20
4041.514648 1.950533839e-16 1e-20
4042.289551 2.093730185e-16 1e-20
4043.063965 2.063548019e-16 1e-20
4043.838867 2.403625924e-16 1e-20
4044.613525 2.412430567e-16 1e-20
4045.388184 2.256902083e-16 1e-20
4046.162842 2.171250905e-16 1e-20
4046.9375 1.765406715e-16 1e-20
4047.712402 1.973199647e-16 1e-20
4048.487061 2.111650755e-16 1e-20
4049.261719 2.193706013e-16 1e-20
4050.036377 2.101439244e-16 1e-20
4050.811035 2.095425045e-16 1e-20
4051.585938 2.015070603e-16 1e-20
4052.360352 1.963194732e-16 1e-20
4053.135254 1.928415956e-16 1e-20
4053.909912 2.36798913e-16 1e-20
4054.68457 2.220514606e-16 1e-20
4055.459229 2.133971132e-16 1e-20
4056.233887 1.927082276e-16 1e-20
4057.008789 2.281690502e-16 1e-20
4057.783447 2.152803454e-16 1e-20
4058.558105 2.251969439e-16 1e-20
4059.332764 2.225309077e-16 1e-20
4060.107422 1.852823162e-16 1e-20
4060.882324 2.244450698e-16 1e-20
4061.656738 2.618474772e-16 1e-20
4062.431641 2.306427834e-16 1e-20
4063.206299 2.171228935e-16 1e-20
4063.980957 2.071223593e-16 1e-20
4064.755615 1.854212826e-16 1e-20
4065.530273 1.798053747e-16 1e-20
4066.305176 1.977232979e-16 1e-20
4067.079834 1.796579116e-16 1e-20
4067.854492 2.069624554e-16 1e-20
4068.62915 1.844780055e-16 1e-20
4069.403809 1.683736857e-16 1e-20
4070.178711 2.222596189e-16 1e-20
4070.953125 2.071402132e-16 1e-20
4071.728027 1.853610903e-16 1e-20
4072.502686 1.958897363e-16 1e-20
4073.277344 2.121828518e-16 1e-20
4074.052002 2.316413823e-16 1e-20
4074.82666 1.834488075e-16 1e-20
4075.601562 1.847708274e-16 1e-20
4076.376221 1.68963353e-16 1e-20
4077.150879 1.637794452e-16 1e-20
4077.925537 2.183979296e-16 1e-20
4078.700195 2.359295925e-16 1e-20
4079.475098 1.799292003e-16 1e-20
4080.249756 1.594193828e-16 1e-20
4081.024414 1.56411185e-16 1e-20
4081.799072 1.891947746e-16 1e-20
4082.57373 2.189290325e-16 1e-20
4083.348389 2.465201249e-16 1e-20
4084.123047 2.462378776e-16 1e-20
4084.897949 2.325271141e-16 1e-20
4085.672607 2.538859498e-16 1e-20
4086.447266 2.21525162e-16 1e-20
4087.221924 2.278749445e-16 1e-20
4087.996582 2.371456671e-16 1e-20
4088.771484 2.164461407e-16 1e-20
4089.546143 2.138978156e-16 1e-20
4090.320801 2.305773237e-16 1e-20
4091.095459 1.948340024e-16 1e-20
4091.870117 2.22343237e-16 1e-20
4092.644775 2.081234729e-16 1e-20
4093.419434 2.034496906e-16 1e-20
4094.194336 2.107988132e-16 1e-20
4094.968994 2.073929466e-16 1e-20
4095.743652 2.657856775e-16 1e-20
4096.518555 2.476687015e-16 1e-20
4097.292969 2.101512168e-16 1e-20
4098.067871 1.808976237e-16 1e-20
4098.842285 1.897793068e-16 1e-20
4099.617188 1.884663395e-16 1e-20
4100.391602 2.108374591e-16 1e-20
4101.166504 1.892810397e-16 1e-20
4101.941406 1.786176492e-16 1e-20
4102.71582 1.939703729e-16 1e-20
4103.490723 1.972443008e-16 1e-20
4104.265137 2.21098575e-16 1e-20
4105.040039 2.090670014e-16 1e-20
4105.814941 1.593766606e-16 1e-20
4106.589355 1.600551075e-16 1e-20
4107.364258 1.904373852e-16 1e-20
4108.138672 2.023245927e-16 1e-20
4108.913574 2.323347317e-16 1e-20
4109.688477 2.051557473e-16 1e-20
4110.462891 2.045339325e-16 1e-20
4111.237793 1.824611936e-16 1e-20
4112.012207 1.822952281e-16 1e-20
4112.787109 1.815924422e-16 1e-20
4113.561523 2.248173408e-16 1e-20
4114.336426 1.940522439e-16 1e-20
4115.111328 1.630138333e-16 1e-20
4115.885742 1.902039218e-16 1e-20
4116.660645 1.939828004e-16 1e-20
4117.435059 1.978118658e-16 1e-20
4118.209961 1.84283082e-16 1e-20
4118.984375 1.780044636e-16 1e-20
4119.759277 1.720301681e-16 1e-20
4120.53418 1.728646544e-16 1e-20
4121.308594 1.943877351e-16 1e-20
4122.083496 1.712738074e-16 1e-20
4122.85791 1.892654887e-16 1e-20
4123.632812 1.864346648e-16 1e-20
4124.407715 1.61221313e-16 1e-20
4125.182129 2.063620149e-16 1e-20
4125.957031 2.032372707e-16 1e-20
4126.731445 1.972280483e-16 1e-20
4127.506348 1.532810674e-16 1e-20
4128.28125 1.810447692e-16 1e-20
4129.055664 2.323714983e-16 1e-20
4129.830566 2.299122969e-16 1e-20
4130.60498 1.833449931e-16 1e-20
4131.379883 1.72972082e-16 1e-20
4132.154297 1.893493979e-16 1e-20
4132.929199 1.985082328e-16 1e-20
4133.704102 1.94406661e-16 1e-20
4134.478516 1.780412168e-16 1e-20
4135.253418 1.763480245e-16 1e-20
4136.027832 1.890081495e-16 1e-20
4136.802734 2.153982021e-16 1e-20
4137.577148 1.878432012e-16 1e-20
4138.352051 1.800516098e-16 1e-20
4139.126953 1.900565777e-16 1e-20
4139.901367 1.794683085e-16 1e-20
4140.67627 1.759758858e-16 1e-20
4141.451172 1.965885385e-16 1e-20
4142.225586 2.336147573e-16 1e-20
4143.000488 1.81517943e-16 1e-20
4143.774902 1.758570497e-16 1e-20
4144.549805 1.976883578e-16 1e-20
4145.324219 1.971439539e-16 1e-20
4146.099121 2.026719159e-16 1e-20
4146.874023 2.24139635e-16 1e-20
4147.648438 2.10644362e-16 1e-20
4148.42334 1.811766152e-16 1e-20
4149.197754 1.991385047e-16 1e-20
4149.972656 2.08581003e-16 1e-20
4150.74707 2.189992833e-16 1e-20
4151.521973 2.22166313e-16 1e-20
4152.296875 2.025460653e-16 1e-20
4153.071289 1.985859745e-16 1e-20
4153.846191 2.193794422e-16 1e-20
4154.620605 2.459766738e-16 1e-20
4155.395508 1.992114554e-16 1e-20
4156.169922 2.069892693e-16 1e-20
4156.944824 2.012079121e-16 1e-20
4157.719727 2.090489755e-16 1e-20
4158.494141 2.026907623e-16 1e-20
4159.269043 4.46329612e-16 1e-20
4160.043945 4.082274495e-16 1e-20
4160.818359 3.675824412e-16 1e-20
4161.593262 3.943411649e-16 1e-20
4162.367676 4.132583488e-16 1e-20
4163.142578 4.420733773e-16 1e-20
4163.916992 4.537398268e-16 1e-20
4164.691895 3.983004087e-16 1e-20
4165.466797 4.11437572e-16 1e-20
4166.241211 4.18332632e-16 1e-20
4167.016113 4.415110004e-16 1e-20
4167.790527 4.699376908e-16 1e-20
4168.56543 3.972879396e-16 1e-20
4169.339844 3.443774707e-16 1e-20
4170.114746 4.238027178e-16 1e-20
4170.889648 4.234095357e-16 1e-20
4171.664062 4.889985791e-16 1e-20
4172.438965 3.83412587e-16 1e-20
4173.213379 4.328909843e-16 1e-20
4173.988281 3.869847102e-16 1e-20
4174.762695 4.428636326e-16 1e-20
4175.537598 4.891986377e-16 1e-20
4176.3125 4.122609145e-16 1e-20
4177.086914 3.998557464e-16 1e-20
4177.861816 4.07098487e-16 1e-20
4178.636719 4.491960774e-16 1e-20
4179.411133 4.241507425e-16 1e-20
4180.186035 4.000590608e-16 1e-20
4180.960449 4.253627937e-16 1e-20
4181.735352 3.904925119e-16 1e-20
4182.509766 4.048163684e-16 1e-20
4183.284668 4.461009131e-16 1e-20
4184.05957 4.392305759e-16 1e-20
4184.833984 4.236586693e-16 1e-20
4185.608887 4.151941102e-16 1e-20
4186.383301 3.996925073e-16 1e-20
4187.158203 4.867103196e-16 1e-20
4187.932617 4.275938255e-16 1e-20
4188.70752 4.434945927e-16 1e-20
4189.482422 4.263303171e-16 1e-20
4190.256836 4.556737089e-16 1e-20
4191.031738 4.108309906e-16 1e-20
4191.806152 5.015902003e-16 1e-20
4192.581055 4.493149796e-16 1e-20
4193.355469 4.478038728e-16 1e-20
4194.130371 4.018108308e-16 1e-20
4194.905273 4.65045652e-16 1e-20
4195.679688 5.067058558e-16 1e-20
4196.45459 4.656445572e-16 1e-20
4197.229492 4.733034821e-16 1e-20
4198.003906 4.485133688e-16 1e-20
4198.778809 4.429323746e-16 1e-20
4199.553223 4.683397102e-16 1e-20
4200.328125 5.138596314e-16 1e-20
4201.102539 4.39914608e-16 1e-20
4201.877441 4.217829678e-16 1e-20
4202.652344 4.365078679e-16 1e-20
4203.426758 5.137081183e-16 1e-20
4204.20166 4.586477474e-16 1e-20
4204.976074 4.964606217e-16 1e-20
4205.750977 4.537725964e-16 1e-20
4206.525391 4.81415146e-16 1e-20
4207.300293 4.260706485e-16 1e-20
4208.075195 4.270378013e-16 1e-20
4208.849609 4.583760087e-16 1e-20
4209.624512 4.651509488e-16 1e-20
4210.398926 4.828913656e-16 1e-20
4211.173828 4.408378739e-16 1e-20
4211.94873 4.3039544e-16 1e-20
4212.723145 4.065466979e-16 1e-20
4213.498047 4.843577385e-16 1e-20
4214.272461 4.484148483e-16 1e-20
4215.047363 4.258702723e-16 1e-20
4215.822266 4.101845456e-16 1e-20
4216.59668 4.544697574e-16 1e-20
4217.371582 4.606768678e-16 1e-20
4218.145996 4.595937774e-16 1e-20
4218.920898 4.966810091e-16 1e-20
4219.695312 4.76694102e-16 1e-20
4220.470215 4.364702279e-16 1e-20
4221.245117 4.006611954e-16 1e-20
4222.019531 4.399657211e-16 1e-20
4222.794434 4.26022103e-16 1e-20
4223.568848 4.212584426e-16 1e-20
4224.34375 4.101213358e-16 1e-20
4225.118164 4.903161388e-16 1e-20
4225.893066 4.388714869e-16 1e-20
4226.667969 4.021004632e-16 1e-20
4227.442383 4.018693291e-16 1e-20
4228.217285 4.055506401e-16 1e-20
4228.991699 4.235022858e-16 1e-20
4229.766602 4.56475055e-16 1e-20
4230.541504 4.352516651e-16 1e-20
4231.315918 3.589637221e-16 1e-20
4232.09082 4.038137726e-16 1e-20
4232.865234 4.470100971e-16 1e-20
4233.640137 4.361817867e-16 1e-20
4234.415039 4.378610825e-16 1e-20
4235.189453 4.311025536e-16 1e-20
4235.964355 3.880886324e-16 1e-20
4236.73877 4.162294492e-16 1e-20
4237.513672 4.605017438e-16 1e-20
4238.288086 4.464436438e-16 1e-20
4239.062988 3.891357239e-16 1e-20
4239.837891 3.8689736e-16 1e-20
4240.612305 3.897105681e-16 1e-20
4241.387207 4.281576848e-16 1e-20
4242.161621 4.025574374e-16 1e-20
4242.936523 3.993798727e-16 1e-20
4243.710938 3.643291729e-16 1e-20
4244.48584 4.084080264e-16 1e-20
4245.260742 4.380416593e-16 1e-20
4246.035156 4.22183879e-16 1e-20
4246.810059 4.247417068e-16 1e-20
4247.584473 3.920561877e-16 1e-20
4248.359375 3.6554268e-16 1e-20
4249.134277 4.336614137e-16 1e-20
4249.908691 4.527787091e-16 1e-20
4250.683594 4.526661596e-16 1e-20
4251.458008 4.415772542e-16 1e-20
4252.23291 3.867486263e-16 1e-20
4253.007812 4.662907375e-16 1e-20
4253.782227 4.645270031e-16 1e-20
4254.557129 4.253201244e-16 1e-20
4255.331543 4.279925928e-16 1e-20
4256.106445 3.976420523e-16 1e-20
4256.880859 3.967131219e-16 1e-20
4257.655762 3.748714773e-16 1e-20
4258.430664 3.991952196e-16 1e-20
4259.205078 4.167031788e-16 1e-20
4259.97998 3.835936138e-16 1e-20
4260.754395 3.788390591e-16 1e-20
4261.529297 3.705802761e-16 1e-20
4262.303711 4.33637935e-16 1e-20
4263.078613 3.822587428e-16 1e-20
4263.853516 3.276199826e-16 1e-20
4264.62793 3.363928881e-16 1e-20
4265.402832 3.779751384e-16 1e-20
4266.177734 3.975371526e-16 1e-20
4266.952148 3.767768515e-16 1e-20
4267.727051 3.698562747e-16 1e-20
4268.501465 3.518329753e-16 1e-20
4269.276367 4.076495613e-16 1e-20
4270.050781 3.8974617e-16 1e-20
4270.825684 3.999789633e-16 1e-20
4271.600586 4.224161249e-16 1e-20
4272.375 3.502578646e-16 1e-20
4273.149902 3.740523435e-16 1e-20
4273.924316 3.401169744e-16 1e-20
4274.699219 3.638212443e-16 1e-20
4275.473633 4.122190393e-16 1e-20
4276.248535 3.667741865e-16 1e-20
4277.023438 3.34278138e-16 1e-20
4277.797852 3.852986382e-16 1e-20
4278.572754 3.924639546e-16 1e-20
4279.347168 3.637562346e-16 1e-20
4280.12207 3.542128732e-16 1e-20
4280.896484 3.461995444e-16 1e-20
4281.671387 3.845114005e-16 1e-20
4282.446289 3.602212484e-16 1e-20
4283.220703 3.991302363e-16 1e-20
4283.995605 3.673863266e-16 1e-20
4284.770508 3.90467895e-16 1e-20
4285.544922 3.642250144e-16 1e-20
4286.319824 3.49297991e-16 1e-20
4287.094238 3.664222708e-16 1e-20
4287.869141 3.916436032e-16 1e-20
4288.643555 3.454043393e-16 1e-20
4289.418457 3.310085114e-16 1e-20
4290.193359 3.796836039e-16 1e-20
4290.967773 4.04518954e-16 1e-20
4291.742676 3.804130316e-16 1e-20
4292.51709 3.647201316e-16 1e-20
4293.291992 3.433932978e-16 1e-20
4294.066406 3.652844143e-16 1e-20
4294.841309 3.749203935e-16 1e-20
4295.616211 3.935515449e-16 1e-20
4296.390625 3.536657958e-16 1e-20
4297.165527 3.623642947e-16 1e-20
4297.939941 3.534840807e-16 1e-20
4298.714844 3.687461321e-16 1e-20
4299.489258 3.604375065e-16 1e-20
4300.26416 3.790778959e-16 1e-20
4301.039062 3.786951958e-16 1e-20
4301.813477 3.384861183e-16 1e-20
4302.588379 3.737495028e-16 1e-20
4303.363281 3.886305482e-16 1e-20
4304.137695 3.892756432e-16 1e-20
4304.912598 3.464639511e-16 1e-20
4305.687012 3.638652371e-16 1e-20
4306.461914 3.720116294e-16 1e-20
4307.236328 3.965691792e-16 1e-20
4308.01123 3.500800671e-16 1e-20
4308.786133 2.97577868e-16 1e-20
4309.560547 3.529437266e-16 1e-20
4310.335449 3.520053994e-16 1e-20
4311.109863 3.358555516e-16 1e-20
4311.884766 3.748365902e-16 1e-20
4312.65918 3.638844012e-16 1e-20
4313.434082 3.337516806e-16 1e-20
4314.208984 3.329761955e-16 1e-20
4314.983398 4.270818471e-16 1e-20
4315.758301 3.660910279e-16 1e-20
4316.532715 3.650965054e-16 1e-20
4317.307617 3.464335638e-16 1e-20
4318.082031 3.634721079e-16 1e-20
4318.856934 3.495821176e-16 1e-20
4319.631836 3.767066007e-16 1e-20
4320.40625 3.446681883e-16 1e-20
4321.181152 3.778609213e-16 1e-20
4321.956055 3.249811573e-16 1e-20
4322.730469 3.627905111e-16 1e-20
4323.505371 3.71822397e-16 1e-20
4324.279785 3.272388178e-16 1e-20
4325.054688 3.320050986e-16 1e-20
4325.829102 3.670457664e-16 1e-20
4326.604004 3.133656092e-16 1e-20
4327.378906 3.756652796e-16 1e-20
4328.15332 3.605226863e-16 1e-20
4328.928223 3.303468199e-16 1e-20
4329.702637 2.96913556e-16 1e-20
4330.477539 3.346513884e-16 1e-20
4331.251953 3.460296349e-16 1e-20
4332.026855 3.275812573e-16 1e-20
4332.801758 3.114890607e-16 1e-20
4333.576172 2.944050414e-16 1e-20
4334.351074 3.05905896e-16 1e-20
4335.125488 3.16118731e-16 1e-20
4335.900391 3.444722854e-16 1e-20
4336.675293 3.20361122e-16 1e-20
4337.449707 2.957723114e-16 1e-20
4338.224609 2.918719894e-16 1e-20
4338.999023 3.284995204e-16 1e-20
4339.773926 3.257136026e-16 1e-20
4340.548828 3.170658727e-16 1e-20
4341.323242 3.198298471e-16 1e-20
4342.098145 3.302058948e-16 1e-20
4342.872559 3.251085299e-16 1e-20
4343.647461 3.238100019e-16 1e-20
4344.421875 3.170798487e-16 1e-20
4345.196777 3.262316691e-16 1e-20
4345.97168 3.580835755e-16 1e-20
4346.746094 2.927895378e-16 1e-20
4347.520996 3.038874429e-16 1e-20
4348.29541 3.526822846e-16 1e-20
4349.070312 3.356835245e-16 1e-20
4349.844727 2.609427401e-16 1e-20
4350.619629 3.111162868e-16 1e-20
4351.394531 3.242314538e-16 1e-20
4352.168945 2.950286959e-16 1e-20
4352.943848 3.268137661e-16 1e-20
4353.718262 2.865717601e-16 1e-20
4354.493164 3.037797903e-16 1e-20
4355.268066 2.925217431e-16 1e-20
4356.04248 2.929911846e-16 1e-20
4356.817383 2.992799278e-16 1e-20
4357.591797 2.926472098e-16 1e-20
4358.366699 2.923186934e-16 1e-20
4359.141602 2.797151872e-16 1e-20
4359.916016 2.97672471e-16 1e-20
4360.690918 3.363538187e-16 1e-20
4361.465332 2.614904793e-16 1e-20
4362.240234 2.944580339e-16 1e-20
4363.014648 2.69119705e-16 1e-20
4363.789551 3.104949352e-16 1e-20
4364.564453 3.147964861e-16 1e-20
4365.338867 2.966781073e-16 1e-20
4366.11377 2.603146123e-16 1e-20
4366.888184 2.629553434e-16 1e-20
4367.663086 3.20922546e-16 1e-20
4368.4375 2.806905192e-16 1e-20
4369.212402 2.892640014e-16 1e-20
4369.987305 2.645642295e-16 1e-20
4370.761719 2.607855626e-16 1e-20
4371.536621 3.209123022e-16 1e-20
4372.311035 2.872181522e-16 1e-20
4373.085938 2.77128031e-16 1e-20
4373.86084 2.401067355e-16 1e-20
4374.635254 2.609637042e-16 1e-20
4375.410156 2.956759614e-16 1e-20
4376.18457 2.604936009e-16 1e-20
4376.959473 2.485543539e-16 1e-20
4377.734375 2.663196524e-16 1e-20
4378.508789 2.701585645e-16 1e-20
4379.283691 2.632041064e-16 1e-20
4380.058105 2.489917405e-16 1e-20
4380.833008 2.944968121e-16 1e-20
4381.607422 2.660736158e-16 1e-20
4382.382324 2.466498268e-16 1e-20
4383.157227 2.597408533e-16 1e-20
4383.931641 2.594573355e-16 1e-20
4384.706543 2.840499048e-16 1e-20
4385.480957 2.802346831e-16 1e-20
4386.255859 2.645927375e-16 1e-20
4387.030273 2.143659733e-16 1e-20
4387.805176 2.884568055e-16 1e-20
4388.580078 2.770600566e-16 1e-20
4389.354492 2.781460058e-16 1e-20
4390.129395 2.264274446e-16 1e-20
4390.904297 2.40628296e-16 1e-20
4391.678711 2.792933384e-16 1e-20
4392.453613 2.905961725e-16 1e-20
4393.228027 2.726546647e-16 1e-20
4394.00293 2.484020733e-16 1e-20
4394.777344 2.541294189e-16 1e-20
4395.552246 2.618393245e-16 1e-20
4396.327148 2.658999475e-16 1e-20
4397.101562 2.761778453e-16 1e-20
4397.876465 1.79877796e-16 1e-20
4398.650879 2.06766407e-16 1e-20
4399.425781 2.602150859e-16 1e-20
4400.200195 2.547081806e-16 1e-20
4400.975098 2.26191043e-16 1e-20
4401.75 2.323093208e-16 1e-20
4402.524414 1.924751347e-16 1e-20
4403.299316 2.214478967e-16 1e-20
4404.07373 3.034281658e-16 1e-20
4404.848633 2.546458972e-16 1e-20
4405.623047 2.542080606e-16 1e-20
4406.397949 2.41040907e-16 1e-20
4407.172852 2.133930633e-16 1e-20
4407.947266 2.411997256e-16 1e-20
4408.722168 2.60859678e-16 1e-20
4409.49707 2.542929227e-16 1e-20
4410.271484 2.402919181e-16 1e-20
4411.046387 2.250877296e-16 1e-20
4411.820801 2.459915498e-16 1e-20
4412.595703 2.482878032e-16 1e-20
4413.370117 2.38516987e-16 1e-20
4414.14502 2.47262761e-16 1e-20
4414.919922 2.255849115e-16 1e-20
4415.694336 2.478118501e-16 1e-20
4416.469238 2.835106889e-16 1e-20
4417.243652 2.42793524e-16 1e-20
4418.018555 1.961439785e-16 1e-20
4418.792969 2.07712781e-16 1e-20
4419.567871 2.026403242e-16 1e-20
4420.342773 2.648400976e-16 1e-20
4421.117188 2.593971168e-16 1e-20
4421.89209 2.316414882e-16 1e-20
4422.666504 2.081917914e-16 1e-20
4423.441406 2.474754986e-16 1e-20
4424.21582 2.371273236e-16 1e-20
4424.990723 2.724657234e-16 1e-20
4425.765625 2.255847791e-16 1e-20
4426.540039 2.222818006e-16 1e-20
4427.314941 2.323500577e-16 1e-20
4428.089844 2.440225423e-16 1e-20
4428.864258 2.583715981e-16 1e-20
4429.63916 2.211999278e-16 1e-20
4430.413574 2.046674064e-16 1e-20
4431.188477 2.159093468e-16 1e-20
4431.962891 2.501197237e-16 1e-20
4432.737793 2.569404565e-16 1e-20
4433.512695 2.522121333e-16 1e-20
4434.287109 2.111092111e-16 1e-20
4435.062012 2.321696662e-16 1e-20
4435.836426 2.185273933e-16 1e-20
4436.611328 2.707576285e-16 1e-20
4437.385742 2.160512248e-16 1e-20
4438.160645 1.969072081e-16 1e-20
4438.935547 2.071018717e-16 1e-20
4439.709961 2.30913834e-16 1e-20
4440.484863 2.439264835e-16 1e-20
4441.259277 2.181307304e-16 1e-20
4442.03418 2.252618213e-16 1e-20
4442.808594 2.028198422e-16 1e-20
4443.583496 2.03869819e-16 1e-20
4444.358398 2.04482462e-16 1e-20
4445.132812 2.229036287e-16 1e-20
4445.907715 1.871792068e-16 1e-20
4446.682617 2.055627996e-16 1e-20
4447.457031 2.011223882e-16 1e-20
4448.231934 2.257010873e-16 1e-20
4449.006348 2.709308203e-16 1e-20
4449.78125 2.62918021e-16 1e-20
4450.555664 2.094757742e-16 1e-20
4451.330566 2.400339965e-16 1e-20
4452.105469 2.688902385e-16 1e-20
4452.879883 2.859057011e-16 1e-20
4453.654785 2.375682307e-16 1e-20
4454.429199 2.496623524e-16 1e-20
4455.204102 2.096732652e-16 1e-20
4455.978516 2.612059027e-16 1e-20
4456.753418 2.545046015e-16 1e-20
4457.52832 2.625624789e-16 1e-20
4458.302734 2.401330994e-16 1e-20
4459.077637 2.494552264e-16 1e-20
4459.852051 2.593491535e-16 1e-20
4460.626953 2.64617222e-16 1e-20
4461.401855 2.440349567e-16 1e-20
4462.17627 2.294621783e-16 1e-20
4462.951172 2.336358538e-16 1e-20
4463.725586 2.28149939e-16 1e-20
4464.500488 2.798459215e-16 1e-20
4465.275391 2.511357927e-16 1e-20
4466.049805 2.263134657e-16 1e-20
4466.824707 2.32176866e-16 1e-20
4467.599121 2.60256617e-16 1e-20
4468.374023 2.292792721e-16 1e-20
4469.148438 2.536576745e-16 1e-20
4469.92334 2.685336377e-16 1e-20
4470.698242 2.484577921e-16 1e-20
4471.472656 2.450057888e-16 1e-20
4472.247559 2.387824789e-16 1e-20
4473.021973 2.579614489e-16 1e-20
4473.796875 2.210000545e-16 1e-20
4474.571289 2.481676039e-16 1e-20
4475.346191 2.460684975e-16 1e-20
4476.121094 2.440547825e-16 1e-20
4476.895508 2.918793745e-16 1e-20
4477.67041 2.604849718e-16 1e-20
4478.444824 2.169107118e-16 1e-20
4479.219727 2.403278376e-16 1e-20
4479.994629 2.804396916e-16 1e-20
4480.769043 2.661279053e-16 1e-20
4481.543945 2.614847883e-16 1e-20
4482.318359 2.508070115e-16 1e-20
4483.093262 2.619692382e-16 1e-20
4483.868164 2.600627788e-16 1e-20
4484.642578 2.750720967e-16 1e-20
4485.41748 2.976053701e-16 1e-20
4486.191895 2.972219818e-16 1e-20
4486.966797 2.791369814e-16 1e-20
4487.741211 2.749289746e-16 1e-20
4488.516113 2.841007003e-16 1e-20
4489.291016 2.971559133e-16 1e-20
4490.06543 2.740203465e-16 1e-20
4490.840332 2.574180772e-16 1e-20
4491.614746 2.445605406e-16 1e-20
4492.389648 2.89858698e-16 1e-20
4493.164062 2.924466748e-16 1e-20
4493.938965 2.758748722e-16 1e-20
4494.713867 2.99282813e-16 1e-20
4495.488281 2.989803958e-16 1e-20
4496.263184 2.869015471e-16 1e-20
4497.037598 2.874803089e-16 1e-20
4497.8125 3.15835822e-16 1e-20
4498.587402 2.608891124e-16 1e-20
4499.361816 3.19648635e-16 1e-20
4500.136719 3.030917613e-16 1e-20
4500.911133 3.202726335e-16 1e-20
4501.686035 3.159743913e-16 1e-20
4502.460938 2.849527361e-16 1e-20
4503.235352 2.660486018e-16 1e-20
4504.010254 3.232627657e-16 1e-20
4504.784668 3.108361571e-16 1e-20
4505.55957 3.199672517e-16 1e-20
4506.333984 2.894462459e-16 1e-20
4507.108887 2.772866908e-16 1e-20
4507.883789 3.207085908e-16 1e-20
4508.658203 3.010816992e-16 1e-20
4509.433105 3.313022201e-16 1e-20
4510.20752 3.055167637e-16 1e-20
4510.982422 3.139089279e-16 1e-20
4511.756836 2.890568754e-16 1e-20
4512.531738 3.075698922e-16 1e-20
4513.306641 3.026637715e-16 1e-20
4514.081055 2.948271021e-16 1e-20
4514.855957 2.968419023e-16 1e-20
4515.630859 3.078059232e-16 1e-20
4516.405273 2.90959682e-16 1e-20
4517.180176 3.158051171e-16 1e-20
4517.95459 2.834454939e-16 1e-20
4518.729492 2.826618296e-16 1e-20
4519.503906 2.963010188e-16 1e-20
4520.278809 3.194658347e-16 1e-20
4521.053711 2.855482002e-16 1e-20
4521.828125 3.004099492e-16 1e-20
4522.603027 2.987744609e-16 1e-20
4523.377441 2.938511348e-16 1e-20
4524.152344 2.89913808e-16 1e-20
4524.926758 2.921579689e-16 1e-20
4525.70166 2.88536903e-16 1e-20
4526.476562 3.132377073e-16 1e-20
4527.250977 3.198630137e-16 1e-20
4528.025879 3.027098289e-16 1e-20
4528.800293 3.220302269e-16 1e-20
4529.575195 2.903084989e-16 1e-20
4530.349609 2.860710843e-16 1e-20
4531.124512 2.864144502e-16 1e-20
4531.899414 3.217230716e-16 1e-20
4532.673828 3.062478326e-16 1e-20
4533.44873 2.856592674e-16 1e-20
4534.223633 2.519088426e-16 1e-20
4534.998047 2.816885358e-16 1e-20
4535.772461 2.947308844e-16 1e-20
4536.547363 2.613692742e-16 1e-20
4537.322266 2.893207262e-16 1e-20
4538.09668 2.722687353e-16 1e-20
4538.871582 2.896994028e-16 1e-20
4539.646484 2.678181595e-16 1e-20
4540.420898 2.742952616e-16 1e-20
4541.195801 2.89683521e-16 1e-20
4541.970215 2.837368997e-16 1e-20
4542.745117 2.408169726e-16 1e-20
4543.519531 3.09845658e-16 1e-20
4544.294434 2.933381505e-16 1e-20
4545.069336 2.674564235e-16 1e-20
4545.84375 2.474213414e-16 1e-20
4546.618652 2.661179526e-16 1e-20
4547.393555 2.891276821e-16 1e-20
4548.167969 2.964827074e-16 1e-20
4548.942383 2.808601376e-16 1e-20
4549.717285 2.963035599e-16 1e-20
4550.492188 2.718743091e-16 1e-20
4551.266602 2.866959034e-16 1e-20
4552.041504 2.812291263e-16 1e-20
4552.816406 2.915007243e-16 1e-20
4553.59082 2.555253292e-16 1e-20
4554.365723 2.615819324e-16 1e-20
4555.140137 2.99922667e-16 1e-20
4555.915039 2.904914316e-16 1e-20
4556.689453 2.927883467e-16 1e-20
4557.464355 2.357253517e-16 1e-20
4558.239258 2.528148237e-16 1e-20
4559.013672 2.528357878e-16 1e-20
4559.788574 2.898098877e-16 1e-20
4560.562988 3.087911019e-16 1e-20
4561.337891 2.868396343e-16 1e-20
4562.112305 2.342052452e-16 1e-20
4562.887207 2.770011613e-16 1e-20
4563.662109 2.823249752e-16 1e-20
4564.436523 3.10244584e-16 1e-20
4565.211426 2.626504644e-16 1e-20
4565.986328 2.612637127e-16 1e-20
4566.760742 2.6874619e-16 1e-20
4567.535156 2.883103482e-16 1e-20
4568.310059 2.831907752e-16 1e-20
4569.084961 2.82946168e-16 1e-20
4569.859375 2.720134608e-16 1e-20
4570.634277 2.786515521e-16 1e-20
4571.40918 3.007636648e-16 1e-20
4572.183594 2.92851583e-16 1e-20
4572.958496 2.89823652e-16 1e-20
4573.73291 2.547269212e-16 1e-20
4574.507812 2.819086055e-16 1e-20
4575.282227 2.930482535e-16 1e-20
4576.057129 2.916624811e-16 1e-20
4576.832031 2.804855372e-16 1e-20
4577.606445 2.694644739e-16 1e-20
4578.381348 2.636999383e-16 1e-20
4579.155762 2.994276292e-16 1e-20
4579.930664 2.844949412e-16 1e-20
4580.705078 2.63574048e-16 1e-20
4581.47998 2.668260457e-16 1e-20
4582.254883 2.641347309e-16 1e-20
4583.029297 3.01069179e-16 1e-20
4583.804199 3.126092088e-16 1e-20
4584.579102 3.090894958e-16 1e-20
4585.353516 2.864614606e-16 1e-20
4586.12793 2.761643457e-16 1e-20
4586.902832 2.76194336e-16 1e-20
4587.677734 2.968653016e-16 1e-20
4588.452148 3.081413747e-16 1e-20
4589.227051 2.899948585e-16 1e-20
4590.001953 2.846632096e-16 1e-20
4590.776367 2.938669108e-16 1e-20
4591.55127 3.235672741e-16 1e-20
4592.325684 2.929478801e-16 1e-20
4593.100586 3.151741834e-16 1e-20
4593.875 2.793967558e-16 1e-20
4594.649902 3.098901007e-16 1e-20
4595.424805 2.990323295e-16 1e-20
4596.199219 3.101588484e-16 1e-20
4596.974121 2.886111772e-16 1e-20
4597.748535 2.878862229e-16 1e-20
4598.523438 3.535814101e-16 1e-20
4599.297852 3.419800233e-16 1e-20
4600.072754 3.396575384e-16 1e-20
4600.847656 3.004619623e-16 1e-20
4601.62207 3.123404082e-16 1e-20
4602.396973 3.119088714e-16 1e-20
4603.171875 3.358513959e-16 1e-20
4603.946289 3.632413179e-16 1e-20
4604.720703 3.219913693e-16 1e-20
4605.495605 3.044863746e-16 1e-20
4606.270508 3.183164639e-16 1e-20
4607.044922 3.333498429e-16 1e-20
4607.819824 3.248603757e-16 1e-20
4608.594727 2.980785439e-16 1e-20
4609.369141 3.180630422e-16 1e-20
4610.144043 3.252241234e-16 1e-20
4610.918457 3.280671631e-16 1e-20
4611.693359 3.539272378e-16 1e-20
4612.467773 2.902176282e-16 1e-20
4613.242676 3.252319585e-16 1e-20
4614.017578 3.28945298e-16 1e-20
4614.791992 3.313740062e-16 1e-20
4615.566895 3.198081154e-16 1e-20
4616.341309 3.35545167e-16 1e-20
4617.116211 3.436553486e-16 1e-20
4617.890625 3.377189712e-16 1e-20
4618.665527 3.511998181e-16 1e-20
4619.44043 3.46961927e-16 1e-20
4620.214844 3.161148135e-16 1e-20
4620.989746 3.216925255e-16 1e-20
4621.764648 2.997642453e-16 1e-20
4622.539062 3.355916479e-16 1e-20
4623.313477 3.187240456e-16 1e-20
4624.088379 3.486008034e-16 1e-20
4624.863281 3.469617417e-16 1e-20
4625.637695 3.239281366e-16 1e-20
4626.412598 3.449481591e-16 1e-20
4627.1875 3.504992954e-16 1e-20
4627.961914 3.027299195e-16 1e-20
4628.736816 3.198153946e-16 1e-20
4629.51123 3.134715942e-16 1e-20
4630.286133 3.641227087e-16 1e-20
4631.060547 3.426578879e-16 1e-20
4631.835449 3.231589512e-16 1e-20
4632.610352 3.256512398e-16 1e-20
4633.384766 3.200606635e-16 1e-20
4634.159668 3.453648729e-16 1e-20
4634.934082 3.514722186e-16 1e-20
4635.708984 3.308432341e-16 1e-20
4636.483398 2.921498162e-16 1e-20
4637.258301 3.336759241e-16 1e-20
4638.033203 3.54010644e-16 1e-20
4638.807617 3.451850637e-16 1e-20
4639.58252 3.459948536e-16 1e-20
4640.357422 3.532823281e-16 1e-20
4641.131836 3.452126452e-16 1e-20
4641.90625 3.511173118e-16 1e-20
4642.681152 3.290773822e-16 1e-20
4643.456055 3.252882333e-16 1e-20
4644.230469 3.368986727e-16 1e-20
4645.005371 3.287823765e-16 1e-20
4645.780273 3.49339575e-16 1e-20
4646.554688 3.393057286e-16 1e-20
4647.32959 3.246326827e-16 1e-20
4648.104004 3.519106376e-16 1e-20
4648.878906 3.045537402e-16 1e-20
4649.65332 3.231639276e-16 1e-20
4650.428223 3.503140334e-16 1e-20
4651.203125 3.477731728e-16 1e-20
4651.977539 3.31590026e-16 1e-20
4652.752441 3.30082175e-16 1e-20
4653.526855 3.313744032e-16 1e-20
4654.301758 3.463206966e-16 1e-20
4655.076172 3.48834161e-16 1e-20
4655.851074 3.143852252e-16 1e-20
4656.625977 3.150334701e-16 1e-20
4657.400391 3.319351655e-16 1e-20
4658.175293 3.352717077e-16 1e-20
4658.950195 3.367693943e-16 1e-20
4659.724609 3.348183333e-16 1e-20
4660.499512 3.361159084e-16 1e-20
4661.273926 3.243794993e-16 1e-20
4662.048828 3.5254623e-16 1e-20
4662.823242 3.289475744e-16 1e-20
4663.598145 3.194287505e-16 1e-20
4664.373047 3.303878481e-16 1e-20
4665.147461 3.355617371e-16 1e-20
4665.922363 3.474906344e-16 1e-20
4666.696777 3.225771455e-16 1e-20
4667.47168 3.393162635e-16 1e-20
4668.246094 3.288146961e-16 1e-20
4669.020996 3.424297978e-16 1e-20
4669.795898 3.79756634e-16 1e-20
4670.570312 3.546100522e-16 1e-20
4671.345215 3.360290875e-16 1e-20
4672.120117 3.216588294e-16 1e-20
4672.894531 3.309049352e-16 1e-20
4673.668945 3.331891713e-16 1e-20
4674.443848 3.350142626e-16 1e-20
4675.21875 3.243896372e-16 1e-20
4675.993164 3.025942618e-16 1e-20
4676.768066 3.326859808e-16 1e-20
4677.542969 3.200193972e-16 1e-20
4678.317383 3.33415435e-16 1e-20
4679.092285 3.144227064e-16 1e-20
4679.866699 3.212877496e-16 1e-20
4680.641602 3.292635177e-16 1e-20
4681.416016 3.247395677e-16 1e-20
4682.190918 3.109130253e-16 1e-20
4682.96582 2.870996734e-16 1e-20
4683.740234 2.969473049e-16 1e-20
4684.515137 3.317796026e-16 1e-20
4685.289551 3.376762489e-16 1e-20
4686.064453 3.092472556e-16 1e-20
4686.838867 2.989436557e-16 1e-20
4687.61377 3.05279568e-16 1e-20
4688.388672 3.245353004e-16 1e-20
4689.163086 3.341880084e-16 1e-20
4689.937988 3.276168327e-16 1e-20
4690.712891 3.34566791e-16 1e-20
4691.487305 3.270613379e-16 1e-20
4692.261719 2.968015094e-16 1e-20
4693.036621 3.31880373e-16 1e-20
4693.811523 3.000021557e-16 1e-20
4694.585938 2.925812736e-16 1e-20
4695.36084 2.930095282e-16 1e-20
4696.135742 3.169024483e-16 1e-20
4696.910156 3.274444615e-16 1e-20
4697.685059 3.43245517e-16 1e-20
4698.459473 3.213284336e-16 1e-20
4699.234375 2.954465214e-16 1e-20
4700.008789 3.150171911e-16 1e-20
4700.783691 3.29319713e-16 1e-20
4701.558594 3.348864136e-16 1e-20
4702.333008 3.295937017e-16 1e-20
4703.10791 3.24165094e-16 1e-20
4703.882324 3.048840566e-16 1e-20
4704.657227 3.392531066e-16 1e-20
4705.431641 3.18380706e-16 1e-20
4706.206543 3.117195331e-16 1e-20
4706.981445 2.93865402e-16 1e-20
4707.755859 2.916154972e-16 1e-20
4708.530762 3.367362012e-16 1e-20
4709.305664 3.280347641e-16 1e-20
4710.080078 3.059941991e-16 1e-20
4710.854492 3.231140056e-16 1e-20
4711.629395 3.156333547e-16 1e-20
4712.404297 3.444767588e-16 1e-20
4713.178711 3.303231559e-16 1e-20
4713.953613 2.946601572e-16 1e-20
4714.728516 2.880288686e-16 1e-20
4715.50293 3.172062155e-16 1e-20
4716.277832 3.268603264e-16 1e-20
4717.052246 3.224441084e-16 1e-20
4717.827148 2.972173232e-16 1e-20
4718.601562 3.012096277e-16 1e-20
4719.376465 3.398188188e-16 1e-20
4720.151367 3.410635337e-16 1e-20
4720.925781 3.40043759e-16 1e-20
4721.700684 3.075711363e-16 1e-20
4722.475098 2.912842809e-16 1e-20
4723.25 3.23678553e-16 1e-20
4724.024414 3.255917357e-16 1e-20
4724.799316 3.053941557e-16 1e-20
4725.574219 3.246170655e-16 1e-20
4726.348633 2.862607138e-16 1e-20
4727.123535 3.170421558e-16 1e-20
4727.898438 3.43452696e-16 1e-20
4728.672852 3.252039799e-16 1e-20
4729.447266 2.989261857e-16 1e-20
4730.222168 3.036482355e-16 1e-20
4730.99707 3.078591539e-16 1e-20
4731.771484 3.059964755e-16 1e-20
4732.546387 2.78960825e-16 1e-20
4733.321289 2.938493613e-16 1e-20
4734.095703 3.142002543e-16 1e-20
4734.870605 3.108495508e-16 1e-20
4735.64502 2.966786367e-16 1e-20
4736.419922 3.05989064e-16 1e-20
4737.194336 2.777489326e-16 1e-20
4737.969238 2.96036321e-16 1e-20
4738.744141 3.128783535e-16 1e-20
4739.518555 3.302112946e-16 1e-20
4740.293457 3.171608992e-16 1e-20
4741.067871 2.853770466e-16 1e-20
4741.842773 3.043863189e-16 1e-20
4742.617188 2.993611371e-16 1e-20
4743.39209 3.251154385e-16 1e-20
4744.166992 3.233006704e-16 1e-20
4744.941406 2.995224174e-16 1e-20
4745.716309 3.042584698e-16 1e-20
4746.491211 3.263380777e-16 1e-20
4747.265625 3.240052695e-16 1e-20
4748.040039 3.257769183e-16 1e-20
4748.814941 2.806109775e-16 1e-20
4749.589844 2.687691128e-16 1e-20
4750.364258 3.213043726e-16 1e-20
4751.13916 3.290893465e-16 1e-20
4751.914062 3.09814556e-16 1e-20
4752.688477 3.063838343e-16 1e-20
4753.463379 3.147483376e-16 1e-20
4754.237793 3.315295161e-16 1e-20
4755.012695 3.291575062e-16 1e-20
4755.787109 3.329268293e-16 1e-20
4756.562012 3.066670874e-16 1e-20
4757.336914 3.000675096e-16 1e-20
4758.111328 3.255187056e-16 1e-20
4758.88623 2.975677036e-16 1e-20
4759.660645 3.184740914e-16 1e-20
4760.435547 2.973748713e-16 1e-20
4761.209961 2.870200259e-16 1e-20
4761.984863 3.038136981e-16 1e-20
4762.759766 3.296289065e-16 1e-20
4763.53418 3.139811904e-16 1e-20
4764.309082 3.172844866e-16 1e-20
4765.083984 2.996895212e-16 1e-20
4765.858398 2.994491756e-16 1e-20
4766.632812 3.18908487e-16 1e-20
4767.407715 3.081833558e-16 1e-20
4768.182617 2.764679541e-16 1e-20
4768.957031 2.885668139e-16 1e-20
4769.731934 3.16052636e-16 1e-20
4770.506836 3.357944064e-16 1e-20
4771.28125 3.125972445e-16 1e-20
4772.056152 2.920677069e-16 1e-20
4772.830566 2.844251934e-16 1e-20
4773.605469 2.978653298e-16 1e-20
4774.379883 3.10653198e-16 1e-20
4775.154785 2.96611377e-16 1e-20
4775.929688 2.902112754e-16 1e-20
4776.704102 3.032037285e-16 1e-20
4777.479004 3.142857782e-16 1e-20
4778.253418 2.943117619e-16 1e-20
4779.02832 2.889251088e-16 1e-20
4779.802734 2.535415251e-16 1e-20
4780.577637 2.598164775e-16 1e-20
4781.352539 2.822219018e-16 1e-20
4782.126953 2.721927671e-16 1e-20
4782.901855 3.046351613e-16 1e-20
4783.676758 2.529430169e-16 1e-20
4784.451172 2.689851592e-16 1e-20
4785.226074 2.811704693e-16 1e-20
4786.000488 2.787599194e-16 1e-20
4786.775391 2.858217389e-16 1e-20
4787.549805 2.579816453e-16 1e-20
4788.324707 2.503475226e-16 1e-20
4789.099609 2.633237233e-16 1e-20
4789.874023 2.881549971e-16 1e-20
4790.648926 2.766921531e-16 1e-20
4791.42334 2.59683308e-16 1e-20
4792.198242 2.685443579e-16 1e-20
4792.972656 2.991609726e-16 1e-20
4793.747559 2.858226918e-16 1e-20
4794.522461 2.673194953e-16 1e-20
4795.296875 2.571807227e-16 1e-20
4796.071777 2.391091424e-16 1e-20
4796.84668 2.650283506e-16 1e-20
4797.621094 2.728889752e-16 1e-20
4798.395508 2.479171734e-16 1e-20
4799.17041 2.706666784e-16 1e-20
4799.945312 2.521640642e-16 1e-20
4800.719727 2.458191522e-16 1e-20
4801.494629 2.803528707e-16 1e-20
4802.269531 2.657864186e-16 1e-20
4803.043945 2.499879307e-16 1e-20
4803.818848 2.633483137e-16 1e-20
4804.593262 2.774888406e-16 1e-20
4805.368164 2.462441774e-16 1e-20
4806.142578 2.571372858e-16 1e-20
4806.91748 2.728947721e-16 1e-20
4807.692383 2.381651242e-16 1e-20
4808.466797 2.362768231e-16 1e-20
4809.241699 2.603413732e-16 1e-20
4810.016113 2.374538812e-16 1e-20
4810.791016 2.234648939e-16 1e-20
4811.56543 2.346400907e-16 1e-20
4812.340332 2.567786732e-16 1e-20
4813.115234 2.691711888e-16 1e-20
4813.889648 2.404886679e-16 1e-20
4814.664551 2.2285953e-16 1e-20
4815.439453 2.468745023e-16 1e-20
4816.213867 2.578742309e-16 1e-20
4816.988281 2.544141808e-16 1e-20
4817.763184 2.426963799e-16 1e-20
4818.538086 2.401346876e-16 1e-20
4819.3125 2.553541226e-16 1e-20
4820.087402 2.601241622e-16 1e-20
4820.862305 2.577760545e-16 1e-20
4821.636719 2.372921244e-16 1e-20
4822.411621 2.331239547e-16 1e-20
4823.186035 2.546091572e-16 1e-20
4823.960938 2.547340945e-16 1e-20
4824.735352 2.735457963e-16 1e-20
4825.510254 2.279242841e-16 1e-20
4826.285156 2.318040127e-16 1e-20
4827.05957 2.682544344e-16 1e-20
4827.834473 2.705668608e-16 1e-20
4828.608887 2.636379725e-16 1e-20
4829.383789 2.363608911e-16 1e-20
4830.158203 2.498368677e-16 1e-20
4830.933105 2.619279718e-16 1e-20
4831.708008 2.412585944e-16 1e-20
4832.482422 2.582150823e-16 1e-20
4833.257324 2.330603743e-16 1e-20
4834.032227 2.731984599e-16 1e-20
4834.806641 2.543428447e-16 1e-20
4835.581055 2.707980744e-16 1e-20
4836.355957 2.786424465e-16 1e-20
4837.130859 2.422967127e-16 1e-20
4837.905273 2.323569664e-16 1e-20
4838.680176 2.709778042e-16 1e-20
4839.455078 2.69933492e-16 1e-20
4840.229492 2.655763809e-16 1e-20
4841.004395 2.285894697e-16 1e-20
4841.778809 2.553100769e-16 1e-20
4842.553711 2.630292735e-16 1e-20
4843.328125 2.588761121e-16 1e-20
4844.103027 2.587975233e-16 1e-20
4844.87793 2.703901751e-16 1e-20
4845.652344 2.572477971e-16 1e-20
4846.427246 2.613201463e-16 1e-20
4847.20166 2.606588253e-16 1e-20
4847.976562 2.62327189e-16 1e-20
4848.750977 2.587196492e-16 1e-20
4849.525879 2.634810067e-16 1e-20
4850.300781 2.663088792e-16 1e-20
4851.075195 2.804166099e-16 1e-20
4851.850098 2.698871169e-16 1e-20
4852.625 2.63936181e-16 1e-20
4853.399414 2.442845402e-16 1e-20
4854.173828 2.580142031e-16 1e-20
4854.94873 2.702392444e-16 1e-20
4855.723633 2.689375136e-16 1e-20
4856.498047 2.5201361e-16 1e-20
4857.272949 2.462136578e-16 1e-20
4858.047852 2.691221403e-16 1e-20
4858.822266 2.621438593e-16 1e-20
4859.597168 2.697659118e-16 1e-20
4860.371582 2.294660429e-16 1e-20
4861.146484 2.406060879e-16 1e-20
4861.920898 2.405597393e-16 1e-20
4862.695801 2.743920616e-16 1e-20
4863.470703 2.712979032e-16 1e-20
4864.245117 2.454931504e-16 1e-20
4865.02002 2.437967286e-16 1e-20
4865.794434 2.778206657e-16 1e-20
4866.569336 2.613711271e-16 1e-20
4867.34375 2.67560185e-16 1e-20
4868.118652 2.710899302e-16 1e-20
4868.893555 2.942420935e-16 1e-20
4869.667969 2.633437609e-16 1e-20
4870.442871 2.433078053e-16 1e-20
4871.217773 2.464240396e-16 1e-20
4871.992188 2.544687085e-16 1e-20
4872.766602 2.679799428e-16 1e-20
4873.541504 2.647956813e-16 1e-20
4874.316406 2.41457806e-16 1e-20
4875.09082 2.379757329e-16 1e-20
4875.865723 2.476247617e-16 1e-20
4876.640625 2.818851004e-16 1e-20
4877.415039 2.828168366e-16 1e-20
4878.189941 2.712775215e-16 1e-20
4878.964355 2.788780011e-16 1e-20
4879.739258 2.23117478e-16 1e-20
4880.513672 2.571505736e-16 1e-20
4881.288574 2.5767449e-16 1e-20
4882.063477 2.228287192e-16 1e-20
4882.837891 2.154288012e-16 1e-20
4883.612793 2.447754752e-16 1e-20
4884.387207 2.463444449e-16 1e-20
4885.162109 2.380229286e-16 1e-20
4885.936523 2.586020175e-16 1e-20
4886.711426 2.400950358e-16 1e-20
4887.486328 2.180045489e-16 1e-20
4888.260742 2.282367599e-16 1e-20
4889.035645 2.356338192e-16 1e-20
4889.810547 2.405642127e-16 1e-20
4890.584961 2.297381522e-16 1e-20
4891.359375 2.239974129e-16 1e-20
4892.134277 2.553938008e-16 1e-20
4892.90918 2.671004314e-16 1e-20
4893.683594 2.302989675e-16 1e-20
4894.458496 2.220576281e-16 1e-20
4895.233398 2.375156882e-16 1e-20
4896.007812 2.264044953e-16 1e-20
4896.782715 2.231937639e-16 1e-20
4897.557129 2.124203519e-16 1e-20
4898.332031 2.359799116e-16 1e-20
4899.106445 2.388930961e-16 1e-20
4899.881348 2.405690567e-16 1e-20
4900.65625 2.343406646e-16 1e-20
4901.430664 2.276521748e-16 1e-20
4902.205566 2.340857606e-16 1e-20
4902.97998 2.285010606e-16 1e-20
4903.754883 2.387524886e-16 1e-20
4904.529297 2.48903755e-16 1e-20
4905.304199 2.365968427e-16 1e-20
4906.079102 2.097594243e-16 1e-20
4906.853516 2.382166344e-16 1e-20
4907.628418 2.542140163e-16 1e-20
4908.40332 2.71294171e-16 1e-20
4909.177734 2.171069455e-16 1e-20
4909.952637 2.473663902e-16 1e-20
4910.727051 2.427837037e-16 1e-20
4911.501953 2.340106394e-16 1e-20
4912.276367 2.433868971e-16 1e-20
4913.05127 2.468058132e-16 1e-20
4913.826172 2.10911045e-16 1e-20
4914.600586 2.380155435e-16 1e-20
4915.375488 2.165758161e-16 1e-20
4916.149902 2.426705983e-16 1e-20
4916.924805 2.585696979e-16 1e-20
4917.699219 2.337581706e-16 1e-20
4918.474121 2.419765078e-16 1e-20
4919.249023 2.728453001e-16 1e-20
4920.023438 2.429672452e-16 1e-20
4920.79834 2.298562075e-16 1e-20
4921.573242 2.180781349e-16 1e-20
4922.347656 2.135704638e-16 1e-20
4923.12207 2.717034996e-16 1e-20
4923.896973 2.544780259e-16 1e-20
4924.671875 2.465434447e-16 1e-20
4925.446289 2.447492701e-16 1e-20
4926.221191 2.499343294e-16 1e-20
4926.996094 2.826875847e-16 1e-20
4927.770508 2.755065452e-16 1e-20
4928.54541 2.45304262e-16 1e-20
4929.319824 2.244691044e-16 1e-20
4930.094727 2.39561511e-16 1e-20
4930.869141 2.582747981e-16 1e-20
4931.644043 2.482032587e-16 1e-20
4932.418945 2.584358932e-16 1e-20
4933.193359 2.439841876e-16 1e-20
4933.968262 2.789781362e-16 1e-20
4934.742676 2.567204132e-16 1e-20
4935.517578 2.386618032e-16 1e-20
4936.291992 2.603388851e-16 1e-20
4937.066895 2.539376189e-16 1e-20
4937.841797 2.632257851e-16 1e-20
4938.616211 2.683064211e-16 1e-20
4939.391113 2.542241542e-16 1e-20
4940.166016 2.551725135e-16 1e-20
4940.94043 2.672256335e-16 1e-20
4941.714844 2.492890756e-16 1e-20
4942.489746 2.730553378e-16 1e-20
4943.264648 2.845868708e-16 1e-20
4944.039062 2.402086441e-16 1e-20
4944.813965 2.554835069e-16 1e-20
4945.588867 2.672459094e-16 1e-20
4946.363281 2.682778866e-16 1e-20
4947.138184 2.696292748e-16 1e-20
4947.912598 2.21177852e-16 1e-20
4948.6875 2.507809653e-16 1e-20
4949.461914 2.600641023e-16 1e-20
4950.236816 2.688040265e-16 1e-20
4951.011719 2.483288843e-16 1e-20
4951.786133 2.421020804e-16 1e-20
4952.561035 2.732938305e-16 1e-20
4953.335449 2.602987569e-16 1e-20
4954.110352 2.663179318e-16 1e-20
4954.884766 2.559233023e-16 1e-20
4955.659668 2.403064235e-16 1e-20
4956.43457 2.495908311e-16 1e-20
4957.208984 2.791559073e-16 1e-20
4957.983887 2.34709918e-16 1e-20
4958.758789 2.485599655e-16 1e-20
4959.533203 2.356515275e-16 1e-20
4960.307617 2.715518278e-16 1e-20
4961.08252 2.597510442e-16 1e-20
4961.857422 2.818610658e-16 1e-20
4962.631836 2.584692981e-16 1e-20
4963.406738 2.441473209e-16 1e-20
4964.181641 2.53421167e-16 1e-20
4964.956055 2.712778126e-16 1e-20
4965.730957 2.397263383e-16 1e-20
4966.505371 2.151505508e-16 1e-20
4967.280273 2.141065827e-16 1e-20
4968.054688 2.653681697e-16 1e-20
4968.82959 2.448305324e-16 1e-20
4969.604492 2.376600014e-16 1e-20
4970.378906 2.33853303e-16 1e-20
4971.153809 2.323330377e-16 1e-20
4971.928223 2.550023128e-16 1e-20
4972.703125 2.534769388e-16 1e-20
4973.477539 2.42024471e-16 1e-20
4974.252441 2.395402822e-16 1e-20
4975.027344 2.328846149e-16 1e-20
4975.801758 2.495280183e-16 1e-20
4976.57666 2.487130138e-16 1e-20
4977.351562 2.340301211e-16 1e-20
4978.125977 1.921331584e-16 1e-20
4978.900391 2.287771934e-16 1e-20
4979.675293 2.566672619e-16 1e-20
4980.450195 2.249909032e-16 1e-20
4981.224609 2.175486996e-16 1e-20
4981.999512 2.135549525e-16 1e-20
4982.774414 2.045372809e-16 1e-20
4983.548828 2.215411232e-16 1e-20
4984.32373 2.279935555e-16 1e-20
4985.098145 2.096101745e-16 1e-20
4985.873047 2.037752822e-16 1e-20
4986.647461 2.223588012e-16 1e-20
4987.422363 2.207903344e-16 1e-20
4988.197266 2.137805544e-16 1e-20
4988.97168 2.153520785e-16 1e-20
4989.746582 1.924634086e-16 1e-20
4990.520996 2.175180212e-16 1e-20
4991.295898 2.449063947e-16 1e-20
4992.070312 2.107538146e-16 1e-20
4992.845215 2.010726647e-16 1e-20
4993.620117 2.014993179e-16 1e-20
4994.394531 2.049127812e-16 1e-20
4995.169434 2.114418965e-16 1e-20
4995.944336 2.082724845e-16 1e-20
4996.71875 1.671470761e-16 1e-20
4997.493164 2.118668423e-16 1e-20
4998.268066 2.274966384e-16 1e-20
4999.042969 2.071719372e-16 1e-20
4999.817383 1.947853244e-16 1e-20
5000.592285 1.970543537e-16 1e-20
5001.367188 1.82734944e-16 1e-20
5002.141602 2.020197534e-16 1e-20
5002.916504 1.992723359e-16 1e-20
5003.690918 2.034802368e-16 1e-20
5004.46582 1.882385671e-16 1e-20
5005.240234 1.866246517e-16 1e-20
5006.015137 1.955439351e-16 1e-20
5006.790039 1.929802311e-16 1e-20
5007.564453 1.785592172e-16 1e-20
5008.339355 1.795180717e-16 1e-20
5009.11377 1.90338375e-16 1e-20
5009.888672 2.013741158e-16 1e-20
5010.663086 2.011314409e-16 1e-20
5011.437988 1.751840291e-16 1e-20
5012.212891 1.861122629e-16 1e-20
5012.987305 1.920839908e-16 1e-20
5013.762207 1.913856254e-16 1e-20
5014.537109 1.691662174e-16 1e-20
5015.311523 1.6031872e-16 1e-20
5016.085938 1.731950502e-16 1e-20
5016.86084 1.883202925e-16 1e-20
5017.635742 2.126939171e-16 1e-20
5018.410156 1.725105682e-16 1e-20
5019.185059 1.615274228e-16 1e-20
5019.959961 1.751321881e-16 1e-20
5020.734375 1.734833855e-16 1e-20
5021.509277 1.775151962e-16 1e-20
5022.283691 1.699091712e-16 1e-20
5023.058594 2.103611354e-16 1e-20
5023.833008 2.761879303e-16 1e-20
5024.60791 2.715480691e-16 1e-20
5025.382812 2.060363704e-16 1e-20
5026.157227 1.897608971e-16 1e-20
5026.932129 1.632055671e-16 1e-20
5027.707031 1.654715391e-16 1e-20
5028.481445 1.890945733e-16 1e-20
5029.255859 1.828640107e-16 1e-20
5030.030762 1.899112057e-16 1e-20
5030.805664 1.66743809e-16 1e-20
5031.580078 1.79972452e-16 1e-20
5032.35498 1.956375852e-16 1e-20
5033.129883 1.732660421e-16 1e-20
5033.904297 1.716636146e-16 1e-20
5034.679199 1.67868232e-16 1e-20
5035.453613 1.777000346e-16 1e-20
5036.228516 2.011558857e-16 1e-20
5037.00293 1.721581098e-16 1e-20
5037.777832 1.975285201e-16 1e-20
5038.552734 1.960496799e-16 1e-20
5039.327148 1.941467542e-16 1e-20
5040.102051 2.087787984e-16 1e-20
5040.876465 1.967209403e-16 1e-20
5041.651367 1.956763369e-16 1e-20
5042.425781 1.899169893e-16 1e-20
5043.200684 2.02686064e-16 1e-20
5043.975586 2.151060154e-16 1e-20
5044.75 1.647765882e-16 1e-20
5045.524902 1.861341667e-16 1e-20
5046.299805 2.020258547e-16 1e-20
5047.074219 1.925976236e-16 1e-20
5047.848633 2.035498258e-16 1e-20
5048.623535 1.838954321e-16 1e-20
5049.398438 1.657702108e-16 1e-20
5050.172852 1.810577791e-16 1e-20
5050.947754 2.35761033e-16 1e-20
5051.722656 1.928007527e-16 1e-20
5052.49707 1.893926759e-16 1e-20
5053.271973 1.728629736e-16 1e-20
5054.046387 2.132403592e-16 1e-20
5054.821289 2.017954618e-16 1e-20
5055.595703 2.001776818e-16 1e-20
5056.370605 1.895821069e-16 1e-20
5057.145508 1.686713649e-16 1e-20
5057.919922 1.60005159e-16 1e-20
5058.694824 1.959051417e-16 1e-20
5059.469238 1.942719034e-16 1e-20
5060.244141 1.761513805e-16 1e-20
5061.018555 1.876839326e-16 1e-20
5061.793457 1.966150083e-16 1e-20
5062.568359 2.189760693e-16 1e-20
5063.342773 2.119470458e-16 1e-20
5064.117676 1.964182054e-16 1e-20
5064.892578 1.699370438e-16 1e-20
5065.666992 2.03561446e-16 1e-20
5066.441406 1.785187846e-16 1e-20
5067.216309 1.748716196e-16 1e-20
5067.991211 1.837924382e-16 1e-20
5068.765625 1.794157925e-16 1e-20
5069.540527 1.961361699e-16 1e-20
5070.31543 2.047346661e-16 1e-20
5071.089844 1.919626136e-16 1e-20
5071.864746 1.984032272e-16 1e-20
5072.63916 1.945529595e-16 1e-20
5073.414062 1.984389878e-16 1e-20
5074.188477 1.971809321e-16 1e-20
5074.963379 2.039865507e-16 1e-20
5075.738281 1.903922807e-16 1e-20
5076.512695 1.936739378e-16 1e-20
5077.287598 2.178396157e-16 1e-20
5078.062012 1.974122383e-16 1e-20
5078.836914 1.923248658e-16 1e-20
5079.611328 1.828777088e-16 1e-20
5080.38623 1.979579525e-16 1e-20
5081.161133 1.977764492e-16 1e-20
5081.935547 2.043613893e-16 1e-20
5082.710449 1.980946954e-16 1e-20
5083.485352 1.826269606e-16 1e-20
5084.259766 2.241175857e-16 1e-20
5085.03418 2.119095116e-16 1e-20
5085.809082 2.229612269e-16 1e-20
5086.583984 1.858539046e-16 1e-20
5087.358398 2.062001257e-16 1e-20
5088.133301 2.110848986e-16 1e-20
5088.908203 1.947000785e-16 1e-20
5089.682617 2.006959601e-16 1e-20
5090.45752 2.005578937e-16 1e-20
5091.231934 1.995020406e-16 1e-20
5092.006836 2.172220361e-16 1e-20
5092.78125 1.945758029e-16 1e-20
5093.556152 1.890600302e-16 1e-20
5094.331055 1.960503814e-16 1e-20
5095.105469 1.957332734e-16 1e-20
5095.880371 2.296198323e-16 1e-20
5096.654785 2.107537616e-16 1e-20
5097.429688 1.981825089e-16 1e-20
5098.204102 2.075205839e-16 1e-20
5098.979004 2.159253213e-16 1e-20
5099.753906 2.19595568e-16 1e-20
5100.52832 2.103727688e-16 1e-20
5101.303223 2.056664553e-16 1e-20
5102.078125 1.890187374e-16 1e-20
5102.852539 2.098007966e-16 1e-20
5103.626953 2.162007261e-16 1e-20
5104.401855 1.862092879e-16 1e-20
5105.176758 1.818770188e-16 1e-20
5105.951172 1.97543277e-16 1e-20
5106.726074 2.447673755e-16 1e-20
5107.500977 2.145164408e-16 1e-20
5108.275391 2.039149235e-16 1e-20
5109.050293 1.878620212e-16 1e-20
5109.824707 1.893162974e-16 1e-20
5110.599609 2.030735551e-16 1e-20
5111.374023 1.917444365e-16 1e-20
5112.148926 1.910510473e-16 1e-20
5112.923828 1.906049521e-16 1e-20
5113.698242 2.103842038e-16 1e-20
5114.473145 2.097552157e-16 1e-20
5115.247559 2.098842558e-16 1e-20
5116.022461 2.043619981e-16 1e-20
5116.796875 1.958690105e-16 1e-20
5117.571777 2.148478027e-16 1e-20
5118.34668 2.036274881e-16 1e-20
5119.121094 2.133668715e-16 1e-20
5119.895996 1.949477959e-16 1e-20
5120.670898 1.837637714e-16 1e-20
5121.445312 2.115386435e-16 1e-20
5122.219727 2.161700609e-16 1e-20
5122.994629 2.158827182e-16 1e-20
5123.769531 2.007573435e-16 1e-20
5124.543945 2.287325124e-16 1e-20
5125.318848 2.616014141e-16 1e-20
5126.09375 2.161034497e-16 1e-20
5126.868164 2.078244835e-16 1e-20
5127.643066 1.82720743e-16 1e-20
5128.41748 2.025009211e-16 1e-20
5129.192383 2.09948723e-16 1e-20
5129.966797 2.067857564e-16 1e-20
5130.741699 2.235228892e-16 1e-20
5131.516602 1.99452251e-16 1e-20
5132.291016 1.932523669e-16 1e-20
5133.065918 2.160618656e-16 1e-20
5133.840332 2.079803375e-16 1e-20
5134.615234 2.17762774e-16 1e-20
5135.389648 2.00223898e-16 1e-20
5136.164551 2.16663934e-16 1e-20
5136.939453 2.169638631e-16 1e-20
5137.713867 2.127271896e-16 1e-20
5138.48877 2.072324471e-16 1e-20
5139.263672 2.018455691e-16 1e-20
5140.038086 2.116381699e-16 1e-20
5140.8125 2.184234464e-16 1e-20
5141.587402 2.043185347e-16 1e-20
5142.362305 2.022943642e-16 1e-20
5143.136719 2.011380583e-16 1e-20
5143.911621 2.006361119e-16 1e-20
5144.686523 2.318344e-16 1e-20
5145.460938 2.276917736e-16 1e-20
5146.23584 1.905268531e-16 1e-20
5147.010254 2.124086787e-16 1e-20
5147.785156 2.266168358e-16 1e-20
5148.55957 1.964683789e-16 1e-20
5149.334473 2.06846981e-16 1e-20
5150.109375 2.005445661e-16 1e-20
5150.883789 2.080625262e-16 1e-20
5151.658691 2.373610782e-16 1e-20
5152.433594 2.187046084e-16 1e-20
5153.208008 1.896356553e-16 1e-20
5153.982422 1.917435762e-16 1e-20
5154.757324 2.15197495e-16 1e-20
5155.532227 2.372005919e-16 1e-20
5156.306641 2.239131067e-16 1e-20
5157.081543 1.911954665e-16 1e-20
5157.856445 2.190493508e-16 1e-20
5158.630859 2.421405145e-16 1e-20
5159.405762 2.061822851e-16 1e-20
5160.180176 2.27881959e-16 1e-20
5160.955078 2.230852378e-16 1e-20
5161.729492 2.058738725e-16 1e-20
5162.504395 2.216010905e-16 1e-20
5163.279297 2.076133605e-16 1e-20
5164.053711 1.971309307e-16 1e-20
5164.828613 2.099286721e-16 1e-20
5165.603027 1.93435273e-16 1e-20
5166.37793 2.190062448e-16 1e-20
5167.152344 2.236019809e-16 1e-20
5167.927246 1.96682215e-16 1e-20
5168.702148 2.129564443e-16 1e-20
5169.476562 2.039340611e-16 1e-20
5170.251465 2.136593758e-16 1e-20
5171.026367 2.196970266e-16 1e-20
5171.800781 2.034993479e-16 1e-20
5172.575195 2.215175122e-16 1e-20
5173.350098 2.794146229e-16 1e-20
5174.125 3.449444004e-16 1e-20
5174.899414 3.415422661e-16 1e-20
5175.674316 2.340327681e-16 1e-20
5176.449219 2.065036944e-16 1e-20
5177.223633 2.235376064e-16 1e-20
5177.998535 2.366271241e-16 1e-20
5178.772949 2.048564006e-16 1e-20
5179.547852 2.182321096e-16 1e-20
5180.322266 2.171848063e-16 1e-20
5181.097168 2.413241865e-16 1e-20
5181.87207 2.29340682e-16 1e-20
5182.646484 1.969947967e-16 1e-20
5183.421387 2.095783975e-16 1e-20
5184.195801 2.148570142e-16 1e-20
5184.970703 2.297297613e-16 1e-20
5185.745117 2.209637909e-16 1e-20
5186.52002 2.220398801e-16 1e-20
5187.294922 2.417469354e-16 1e-20
5188.069336 2.345215591e-16 1e-20
5188.844238 2.356927674e-16 1e-20
5189.619141 2.075108563e-16 1e-20
5190.393555 1.988871477e-16 1e-20
5191.167969 2.046577449e-16 1e-20
5191.942871 2.169507076e-16 1e-20
5192.717773 2.322265762e-16 1e-20
5193.492188 2.234974252e-16 1e-20
5194.26709 2.193745718e-16 1e-20
5195.041992 2.406820297e-16 1e-20
5195.816406 2.349938329e-16 1e-20
5196.591309 2.347780512e-16 1e-20
5197.365723 2.036897186e-16 1e-20
5198.140625 2.21270033e-16 1e-20
5198.915039 2.265717843e-16 1e-20
5199.689941 2.508544189e-16 1e-20
5200.464844 2.265187918e-16 1e-20
5201.239258 1.952222611e-16 1e-20
5202.01416 2.115475771e-16 1e-20
5202.788574 2.356979819e-16 1e-20
5203.563477 2.443365533e-16 1e-20
5204.337891 2.263772579e-16 1e-20
5205.112793 2.188526274e-16 1e-20
5205.887695 2.261799786e-16 1e-20
5206.662109 2.657350937e-16 1e-20
5207.437012 2.292137065e-16 1e-20
5208.211914 2.328327871e-16 1e-20
5208.986328 2.264796694e-16 1e-20
5209.760742 2.228450775e-16 1e-20
5210.535645 2.459508923e-16 1e-20
5211.310547 2.421678049e-16 1e-20
5212.084961 2.073406291e-16 1e-20
5212.859863 2.308419156e-16 1e-20
5213.634766 2.322735336e-16 1e-20
5214.40918 2.479136264e-16 1e-20
5215.184082 2.607494049e-16 1e-20
5215.958496 2.15565544e-16 1e-20
5216.733398 2.279987171e-16 1e-20
5217.507812 2.347660075e-16 1e-20
5218.282715 2.428599896e-16 1e-20
5219.057617 2.06305171e-16 1e-20
5219.832031 2.160957072e-16 1e-20
5220.606934 2.317318825e-16 1e-20
5221.381348 2.437159429e-16 1e-20
5222.15625 2.519153806e-16 1e-20
5222.930664 2.387297246e-16 1e-20
5223.705566 2.072613124e-16 1e-20
5224.480469 2.474857954e-16 1e-20
5225.254883 2.485683035e-16 1e-20
5226.029785 2.342442616e-16 1e-20
5226.804688 2.469891164e-16 1e-20
5227.579102 2.386078578e-16 1e-20
5228.353516 2.532205525e-16 1e-20
5229.128418 2.459666682e-16 1e-20
5229.90332 2.394845104e-16 1e-20
5230.677734 2.466280951e-16 1e-20
5231.452637 2.337846139e-16 1e-20
5232.227539 2.556686366e-16 1e-20
5233.001953 2.574759402e-16 1e-20
5233.776855 2.479862065e-16 1e-20
5234.55127 2.408397896e-16 1e-20
5235.326172 2.266232945e-16 1e-20
5236.100586 2.510344134e-16 1e-20
5236.875488 2.524797163e-16 1e-20
5237.650391 2.479195292e-16 1e-20
5238.424805 2.593311541e-16 1e-20
5239.199707 2.439966814e-16 1e-20
5239.974121 2.485563921e-16 1e-20
5240.749023 2.346631194e-16 1e-20
5241.523438 2.19250852e-16 1e-20
5242.29834 2.269850305e-16 1e-20
5243.073242 2.534416811e-16 1e-20
5243.847656 2.791603013e-16 1e-20
5244.622559 2.520776668e-16 1e-20
5245.397461 2.24627579e-16 1e-20
5246.171875 2.414185248e-16 1e-20
5246.946289 2.518924578e-16 1e-20
5247.721191 2.696418744e-16 1e-20
5248.496094 2.52938517e-16 1e-20
5249.270508 2.493369594e-16 1e-20
5250.04541 2.360361863e-16 1e-20
5250.820312 2.687632101e-16 1e-20
5251.594727 2.683145208e-16 1e-20
5252.369629 2.444864252e-16 1e-20
5253.144043 2.534909943e-16 1e-20
5253.918945 2.553002831e-16 1e-20
5254.693359 2.849878879e-16 1e-20
5255.468262 2.701610791e-16 1e-20
5256.243164 2.565650621e-16 1e-20
5257.017578 2.727136923e-16 1e-20
5257.79248 2.717175022e-16 1e-20
5258.566895 2.73447064e-16 1e-20
5259.341797 2.675297183e-16 1e-20
5260.116211 2.380612039e-16 1e-20
5260.891113 2.722988844e-16 1e-20
5261.666016 2.953389217e-16 1e-20
5262.44043 2.780276064e-16 1e-20
5263.215332 2.586049027e-16 1e-20
5263.990234 2.46210852e-16 1e-20
5264.764648 2.636864651e-16 1e-20
5265.539062 2.762831421e-16 1e-20
5266.313965 2.699679556e-16 1e-20
5267.088867 2.575867691e-16 1e-20
5267.863281 2.595202807e-16 1e-20
5268.638184 2.78904365e-16 1e-20
5269.413086 2.865690073e-16 1e-20
5270.1875 2.829345213e-16 1e-20
5270.962402 2.431425545e-16 1e-20
5271.736816 2.24517597e-16 1e-20
5272.511719 2.723506328e-16 1e-20
5273.286133 2.705484114e-16 1e-20
5274.061035 2.718260547e-16 1e-20
5274.835938 2.386531475e-16 1e-20
5275.610352 2.467869667e-16 1e-20
5276.385254 2.4746724e-16 1e-20
5277.160156 2.56435519e-16 1e-20
5277.93457 2.466921255e-16 1e-20
5278.708984 2.256554534e-16 1e-20
5279.483887 2.497379766e-16 1e-20
5280.258789 2.575139772e-16 1e-20
5281.033203 2.917992504e-16 1e-20
5281.808105 2.52944208e-16 1e-20
5282.583008 2.638763329e-16 1e-20
5283.357422 2.561512865e-16 1e-20
5284.132324 2.716726888e-16 1e-20
5284.906738 2.553065829e-16 1e-20
5285.681641 2.365626967e-16 1e-20
5286.456055 2.368351501e-16 1e-20
5287.230957 2.505193115e-16 1e-20
5288.005859 2.515868377e-16 1e-20
5288.780273 2.405340107e-16 1e-20
5289.555176 2.517812847e-16 1e-20
5290.32959 2.51000188e-16 1e-20
5291.104492 2.612980175e-16 1e-20
5291.878906 2.50669554e-16 1e-20
5292.653809 2.351703069e-16 1e-20
5293.428711 2.501983919e-16 1e-20
5294.203125 2.44538306e-16 1e-20
5294.978027 2.532283876e-16 1e-20
5295.75293 2.368486762e-16 1e-20
5296.527344 2.541217691e-16 1e-20
5297.301758 2.515970286e-16 1e-20
5298.07666 2.632177383e-16 1e-20
5298.851562 2.809698019e-16 1e-20
5299.625977 2.23334689e-16 1e-20
5300.400879 2.599380532e-16 1e-20
5301.175781 2.423020861e-16 1e-20
5301.950195 2.360677912e-16 1e-20
5302.725098 2.646824965e-16 1e-20
5303.499512 2.310821024e-16 1e-20
5304.274414 2.235398563e-16 1e-20
5305.048828 2.482649598e-16 1e-20
5305.82373 2.60250026e-16 1e-20
5306.598633 2.651359503e-16 1e-20
5307.373047 2.406999497e-16 1e-20
5308.147949 2.461187107e-16 1e-20
5308.922363 2.568038725e-16 1e-20
5309.697266 2.490353363e-16 1e-20
5310.47168 2.210414665e-16 1e-20
5311.246582 2.341329298e-16 1e-20
5312.021484 2.441370771e-16 1e-20
5312.795898 2.288986632e-16 1e-20
5313.570801 2.583520899e-16 1e-20
5314.345703 2.242255824e-16 1e-20
5315.120117 2.381783591e-16 1e-20
5315.894531 2.396951304e-16 1e-20
5316.669434 2.572850931e-16 1e-20
5317.444336 2.48691785e-16 1e-20
5318.21875 2.305067817e-16 1e-20
5318.993652 2.327134878e-16 1e-20
5319.768555 2.463453449e-16 1e-20
5320.542969 2.684723072e-16 1e-20
5321.317871 2.395090479e-16 1e-20
5322.092285 2.417565704e-16 1e-20
5322.867188 2.349248526e-16 1e-20
5323.641602 2.671944256e-16 1e-20
5324.416504 2.574080717e-16 1e-20
5325.191406 2.370813191e-16 1e-20
5325.96582 2.429785478e-16 1e-20
5326.740723 2.62022416e-16 1e-20
5327.515137 2.755709991e-16 1e-20
5328.290039 2.529006917e-16 1e-20
5329.064453 2.561115818e-16 1e-20
5329.839355 2.633859273e-16 1e-20
5330.614258 2.443024073e-16 1e-20
5331.388672 2.809615433e-16 1e-20
5332.163574 2.478433227e-16 1e-20
5332.938477 2.477884508e-16 1e-20
5333.712891 2.420313796e-16 1e-20
5334.487305 2.547447089e-16 1e-20
5335.262207 2.746398982e-16 1e-20
5336.037109 2.454331169e-16 1e-20
5336.811523 2.509548188e-16 1e-20
5337.586426 2.274666746e-16 1e-20
5338.361328 2.673393212e-16 1e-20
5339.135742 2.363511502e-16 1e-20
5339.910645 2.424717574e-16 1e-20
5340.685059 2.556558252e-16 1e-20
5341.459961 2.498910248e-16 1e-20
5342.234375 2.520490265e-16 1e-20
5343.009277 2.430871003e-16 1e-20
5343.78418 2.321869245e-16 1e-20
5344.558594 2.175762811e-16 1e-20
5345.333496 2.530016739e-16 1e-20
5346.10791 2.728016249e-16 1e-20
5346.882812 2.525918953e-16 1e-20
5347.657227 2.308770675e-16 1e-20
5348.432129 2.532477635e-16 1e-20
5349.207031 2.640284547e-16 1e-20
5349.981445 2.605435759e-16 1e-20
5350.756348 2.406199316e-16 1e-20
5351.53125 2.532018384e-16 1e-20
5352.305664 2.676651377e-16 1e-20
5353.080078 2.841877594e-16 1e-20
5353.85498 2.552079565e-16 1e-20
5354.629883 2.657667516e-16 1e-20
5355.404297 2.437370658e-16 1e-20
5356.179199 2.571936664e-16 1e-20
5356.954102 2.571167717e-16 1e-20
5357.728516 2.386862877e-16 1e-20
5358.503418 2.439807201e-16 1e-20
5359.277832 2.409992965e-16 1e-20
5360.052734 2.721328395e-16 1e-20
5360.827148 2.607557576e-16 1e-20
5361.602051 2.622789876e-16 1e-20
5362.376953 2.486579037e-16 1e-20
5363.151367 2.554368142e-16 1e-20
5363.92627 2.818173377e-16 1e-20
5364.700684 2.521818784e-16 1e-20
5365.475586 2.565392541e-16 1e-20
5366.25 2.423008155e-16 1e-20
5367.024902 2.536522746e-16 1e-20
5367.799805 2.753380916e-16 1e-20
5368.574219 2.59477532e-16 1e-20
5369.349121 2.440549149e-16 1e-20
5370.124023 2.411149959e-16 1e-20
5370.898438 2.82919407e-16 1e-20
5371.672852 2.692337369e-16 1e-20
5372.447754 2.430555219e-16 1e-20
5373.222656 2.575235858e-16 1e-20
5373.99707 2.508629951e-16 1e-20
5374.771973 2.729839752e-16 1e-20
5375.546875 2.690559129e-16 1e-20
5376.321289 2.410404305e-16 1e-20
5377.096191 2.294705428e-16 1e-20
5377.870605 2.702406473e-16 1e-20
5378.645508 2.66404885e-16 1e-20
5379.419922 2.407421161e-16 1e-20
5380.194824 2.573311769e-16 1e-20
5380.969727 2.414124633e-16 1e-20
5381.744141 2.643747588e-16 1e-20
5382.519043 2.499922982e-16 1e-20
5383.293457 2.532709775e-16 1e-20
5384.068359 2.457576629e-16 1e-20
5384.842773 2.452400199e-16 1e-20
5385.617676 2.617553359e-16 1e-20
5386.392578 2.598087218e-16 1e-20
5387.166992 2.363529502e-16 1e-20
5387.941895 2.450161385e-16 1e-20
5388.716797 2.318385293e-16 1e-20
5389.491211 2.500746986e-16 1e-20
5390.265625 2.590418129e-16 1e-20
5391.040527 2.231042696e-16 1e-20
5391.81543 2.109566525e-16 1e-20
5392.589844 2.389086074e-16 1e-20
5393.364746 2.549279062e-16 1e-20
5394.139648 2.351361873e-16 1e-20
5394.914062 2.371487906e-16 1e-20
5395.688965 2.307063374e-16 1e-20
5396.463379 2.440103398e-16 1e-20
5397.238281 2.197941972e-16 1e-20
5398.012695 2.140787233e-16 1e-20
5398.787598 2.067483413e-16 1e-20
5399.5625 2.185990602e-16 1e-20
5400.336914 2.325581632e-16 1e-20
5401.111816 2.079803375e-16 1e-20
5401.886719 2.108895119e-16 1e-20
5402.661133 1.955187888e-16 1e-20
5403.435547 2.346715898e-16 1e-20
5404.210449 2.228149285e-16 1e-20
5404.985352 2.061684679e-16 1e-20
5405.759766 2.250329901e-16 1e-20
5406.534668 2.265656962e-16 1e-20
5407.30957 2.39160785e-16 1e-20
5408.083984 2.230616268e-16 1e-20
5408.858887 2.158417959e-16 1e-20
5409.633301 2.078542355e-16 1e-20
5410.408203 2.229564624e-16 1e-20
5411.182617 2.373211618e-16 1e-20
5411.95752 1.944385306e-16 1e-20
5412.732422 1.932758323e-16 1e-20
5413.506836 1.98214127e-16 1e-20
5414.281738 2.050672853e-16 1e-20
5415.056152 2.067493339e-16 1e-20
5415.831055 1.967682815e-16 1e-20
5416.605469 2.020486187e-16 1e-20
5417.380371 2.020043348e-16 1e-20
5418.155273 2.179993344e-16 1e-20
5418.929688 2.190403114e-16 1e-20
5419.70459 1.918496803e-16 1e-20
5420.479492 1.992442912e-16 1e-20
5421.253906 1.993954998e-16 1e-20
5422.02832 1.899824491e-16 1e-20
5422.803223 1.847422136e-16 1e-20
5423.578125 1.805171206e-16 1e-20
5424.352539 1.680798579e-16 1e-20
5425.127441 1.91453613e-16 1e-20
5425.902344 2.0741624e-16 1e-20
5426.676758 1.97935162e-16 1e-20
5427.45166 1.995584742e-16 1e-20
5428.226074 1.771049543e-16 1e-20
5429.000977 1.897080898e-16 1e-20
5429.775391 1.929340942e-16 1e-20
5430.550293 1.984319469e-16 1e-20
5431.325195 1.800078685e-16 1e-20
5432.099609 2.05942416e-16 1e-20
5432.874512 2.11924467e-16 1e-20
5433.648926 1.999124678e-16 1e-20
5434.423828 1.699179327e-16 1e-20
5435.198242 1.994864102e-16 1e-20
5435.973145 1.708383663e-16 1e-20
5436.748047 1.914150995e-16 1e-20
5437.522461 1.870163647e-16 1e-20
5438.297363 1.782562573e-16 1e-20
5439.072266 1.884146838e-16 1e-20
5439.84668 1.972155281e-16 1e-20
5440.621094 1.900989161e-16 1e-20
5441.395996 1.751791587e-16 1e-20
5442.170898 1.704493532e-16 1e-20
5442.945312 2.120801358e-16 1e-20
5443.720215 2.077015446e-16 1e-20
5444.495117 1.864256784e-16 1e-20
5445.269531 1.916211402e-16 1e-20
5446.044434 1.528250989e-16 1e-20
5446.818848 1.852848706e-16 1e-20
5447.59375 1.951219803e-16 1e-20
5448.368164 1.796656407e-16 1e-20
5449.143066 1.739233794e-16 1e-20
5449.917969 1.919915451e-16 1e-20
5450.692383 2.014511958e-16 1e-20
5451.467285 1.896380243e-16 1e-20
5452.241699 1.772074453e-16 1e-20
5453.016602 1.952329416e-16 1e-20
5453.791016 2.151765706e-16 1e-20
5454.565918 2.027780067e-16 1e-20
5455.34082 2.075409921e-16 1e-20
5456.115234 1.869738145e-16 1e-20
5456.890137 1.572326878e-16 1e-20
5457.665039 1.930574434e-16 1e-20
5458.439453 1.879333176e-16 1e-20
5459.213867 1.877723946e-16 1e-20
5459.98877 1.89894265e-16 1e-20
5460.763672 1.932820262e-16 1e-20
5461.538086 1.90450673e-16 1e-20
5462.312988 2.054237009e-16 1e-20
5463.087891 1.947862112e-16 1e-20
5463.862305 1.869025844e-16 1e-20
5464.637207 1.965879561e-16 1e-20
5465.411621 1.900105997e-16 1e-20
5466.186523 1.769469562e-16 1e-20
5466.960938 1.57568232e-16 1e-20
5467.73584 1.81569387e-16 1e-20
5468.510742 2.013175234e-16 1e-20
5469.285156 1.84818923e-16 1e-20
5470.060059 1.814226518e-16 1e-20
5470.834473 1.581849117e-16 1e-20
5471.609375 1.857090091e-16 1e-20
5472.383789 2.133409443e-16 1e-20
5473.158691 1.86999927e-16 1e-20
5473.933594 1.754743894e-16 1e-20
5474.708008 1.918642916e-16 1e-20
5475.48291 2.02334757e-16 1e-20
5476.257812 1.961969048e-16 1e-20
5477.032227 1.799094936e-16 1e-20
5477.806641 1.668972146e-16 1e-20
5478.581543 1.867294323e-16 1e-20
5479.356445 1.922793907e-16 1e-20
5480.130859 2.025876229e-16 1e-20
5480.905762 1.816259397e-16 1e-20
5481.680664 1.852573288e-16 1e-20
5482.455078 1.824653361e-16 1e-20
5483.22998 2.049611018e-16 1e-20
5484.004395 1.86510514e-16 1e-20
5484.779297 1.767954167e-16 1e-20
5485.553711 1.877576641e-16 1e-20
5486.328613 1.914053586e-16 1e-20
5487.103516 2.135745666e-16 1e-20
5487.87793 1.703430903e-16 1e-20
5488.652832 1.752066211e-16 1e-20
5489.427246 1.998193074e-16 1e-20
5490.202148 2.109396324e-16 1e-20
5490.976562 1.875139436e-16 1e-20
5491.751465 1.880785308e-16 1e-20
5492.526367 1.765940875e-16 1e-20
5493.300781 1.915553099e-16 1e-20
5494.075684 2.023052697e-16 1e-20
5494.850586 1.80717113e-16 1e-20
5495.625 1.816300425e-16 1e-20
5496.399414 2.010168267e-16 1e-20
5497.174316 2.081147775e-16 1e-20
5497.949219 1.869510241e-16 1e-20
5498.723633 1.53872164e-16 1e-20
5499.498535 1.790333042e-16 1e-20
5500.273438 1.871218071e-16 1e-20
5501.047852 2.200145316e-16 1e-20
5501.822754 2.015798522e-16 1e-20
5502.597168 1.836335534e-16 1e-20
5503.37207 1.874911267e-16 1e-20
5504.146484 1.929102979e-16 1e-20
5504.921387 2.125016538e-16 1e-20
5505.696289 2.043606084e-16 1e-20
5506.470703 1.850436779e-16 1e-20
5507.245605 1.956510583e-16 1e-20
5508.02002 2.010033007e-16 1e-20
5508.794922 2.024831996e-16 1e-20
5509.569336 2.058364442e-16 1e-20
5510.344238 1.953673817e-16 1e-20
5511.119141 2.119874254e-16 1e-20
5511.893555 2.224573217e-16 1e-20
5512.668457 2.022568035e-16 1e-20
5513.443359 1.729584368e-16 1e-20
5514.217773 1.842400951e-16 1e-20
5514.992676 1.905436349e-16 1e-20
5515.76709 2.105456165e-16 1e-20
5516.541992 1.837898574e-16 1e-20
5517.316406 1.704909769e-16 1e-20
5518.091309 1.955546818e-16 1e-20
5518.866211 2.223809564e-16 1e-20
5519.640625 2.233986136e-16 1e-20
5520.415527 1.927616171e-16 1e-20
5521.189941 1.908268351e-16 1e-20
5521.964844 2.086402291e-16 1e-20
5522.739258 2.030853738e-16 1e-20
5523.51416 1.763646872e-16 1e-20
5524.289062 1.760419015e-16 1e-20
5525.063477 1.839242577e-16 1e-20
5525.838379 2.108417207e-16 1e-20
5526.613281 2.139104946e-16 1e-20
5527.387695 1.854246707e-16 1e-20
5528.162109 1.745727228e-16 1e-20
5528.937012 1.934671162e-16 1e-20
5529.711914 2.266997921e-16 1e-20
5530.486328 2.000288687e-16 1e-20
5531.26123 1.922875699e-16 1e-20
5532.036133 1.744221362e-16 1e-20
5532.810547 1.899009751e-16 1e-20
5533.585449 2.135863457e-16 1e-20
5534.359863 1.962293303e-16 1e-20
5535.134766 1.920674207e-16 1e-20
5535.90918 1.932913304e-16 1e-20
5536.684082 1.970376512e-16 1e-20
5537.458984 2.195548972e-16 1e-20
5538.233398 2.013251864e-16 1e-20
5539.008301 1.831314349e-16 1e-20
5539.782715 2.244054975e-16 1e-20
5540.557617 2.20243085e-16 1e-20
5541.332031 1.885392903e-16 1e-20
5542.106934 1.815235678e-16 1e-20
5542.881836 2.115338525e-16 1e-20
5543.65625 2.075288954e-16 1e-20
5544.431152 1.972830525e-16 1e-20
5545.206055 1.971135666e-16 1e-20
5545.980469 2.078468372e-16 1e-20
5546.754883 2.193572076e-16 1e-20
5547.529785 2.112715767e-16 1e-20
5548.304688 2.083765372e-16 1e-20
5549.079102 1.773367898e-16 1e-20
5549.854004 1.898382682e-16 1e-20
5550.628906 2.145395224e-16 1e-20
5551.40332 1.978665788e-16 1e-20
5552.177734 1.864365177e-16 1e-20
5552.952637 1.978423987e-16 1e-20
5553.727539 2.029425032e-16 1e-20
5554.501953 2.353844209e-16 1e-20
5555.276855 2.09772421e-16 1e-20
5556.051758 1.837158347e-16 1e-20
5556.826172 1.894949287e-16 1e-20
5557.600586 1.861775242e-16 1e-20
5558.375977 1.834900342e-16 1e-20
5559.150391 2.026966122e-16 1e-20
5559.924805 1.852027216e-16 1e-20
5560.699707 1.87432827e-16 1e-20
5561.474609 2.00308019e-16 1e-20
5562.249023 2.210260478e-16 1e-20
5563.023926 1.824223492e-16 1e-20
5563.798828 1.759862487e-16 1e-20
5564.573242 1.92979834e-16 1e-20
5565.347656 1.996991479e-16 1e-20
5566.122559 1.916667212e-16 1e-20
5566.897461 1.826881984e-16 1e-20
5567.671875 1.824183787e-16 1e-20
5568.446777 2.065978342e-16 1e-20
5569.22168 1.986879493e-16 1e-20
5569.996094 1.943543435e-16 1e-20
5570.770508 1.986234028e-16 1e-20
5571.54541 2.017807975e-16 1e-20
5572.320312 2.010386643e-16 1e-20
5573.094727 1.943100463e-16 1e-20
5573.869629 1.953795842e-16 1e-20
5574.644531 1.731621483e-16 1e-20
5575.418945 1.698581639e-16 1e-20
5576.193848 2.63668651e-17 1e-20
5576.96875 -2.509241933e-16 1e-20
5577.743164 4.969110315e-16 1e-20
5578.517578 2.437878348e-16 1e-20
5579.29248 2.276092938e-16 1e-20
5580.067383 2.034393674e-16 1e-20
5580.841797 1.934430816e-16 1e-20
5581.616699 1.749458408e-16 1e-20
5582.391602 1.897862551e-16 1e-20
5583.166016 1.826994084e-16 1e-20
5583.94043 1.874409003e-16 1e-20
5584.715332 1.756252274e-16 1e-20
5585.490234 1.993173081e-16 1e-20
5586.264648 2.136174212e-16 1e-20
5587.039551 1.925523735e-16 1e-20
5587.814453 1.915413074e-16 1e-20
5588.588867 1.97204305e-16 1e-20
5589.363281 1.909668867e-16 1e-20
5590.138672 2.286845491e-16 1e-20
5590.913086 1.757656628e-16 1e-20
5591.6875 1.720973352e-16 1e-20
5592.462402 1.76208939e-16 1e-20
5593.237305 1.83761098e-16 1e-20
5594.011719 2.01674336e-16 1e-20
5594.786621 1.841969229e-16 1e-20
5595.561523 1.659789383e-16 1e-20
5596.335938 1.393392492e-16 1e-20
5597.110352 2.023557476e-16 1e-20
5597.885254 1.928235035e-16 1e-20
5598.660156 1.75071559e-16 1e-20
5599.43457 1.673580667e-16 1e-20
5600.209473 2.044977351e-16 1e-20
5600.984375 1.907938008e-16 1e-20
5601.758789 1.85547292e-16 1e-20
5602.533203 1.822616114e-16 1e-20
5603.308105 1.538132158e-16 1e-20
5604.083008 2.062186678e-16 1e-20
5604.857422 1.899257773e-16 1e-20
5605.632324 1.657091848e-16 1e-20
5606.407227 1.521249997e-16 1e-20
5607.181641 1.575015678e-16 1e-20
5607.956055 1.986827216e-16 1e-20
5608.731445 1.64448535e-16 1e-20
5609.505859 1.646741105e-16 1e-20
5610.280273 1.683784238e-16 1e-20
5611.055176 1.978493735e-16 1e-20
5611.830078 1.993427587e-16 1e-20
5612.604492 1.902574966e-16 1e-20
5613.379395 1.662917449e-16 1e-20
5614.154297 1.664637191e-16 1e-20
5614.928711 2.01975218e-16 1e-20
5615.703125 1.719537234e-16 1e-20
5616.478027 1.424930308e-16 1e-20
5617.25293 1.832039091e-16 1e-20
5618.027344 1.985951992e-16 1e-20
5618.802246 1.644698961e-16 1e-20
5619.577148 1.647309014e-16 1e-20
5620.351562 1.632243474e-16 1e-20
5621.125977 1.720872634e-16 1e-20
5621.900879 2.030487264e-16 1e-20
5622.675781 1.828683517e-16 1e-20
5623.450195 1.580781326e-16 1e-20
5624.225098 1.457361214e-16 1e-20
5625.0 1.69526074e-16 1e-20
5625.774414 1.85157273e-16 1e-20
5626.548828 1.588941297e-16 1e-20
5627.324219 1.499735228e-16 1e-20
5628.098633 1.267789946e-16 1e-20
5628.873047 1.699789984e-16 1e-20
5629.647949 1.549378373e-16 1e-20
5630.422852 1.380141191e-16 1e-20
5631.197266 1.564887414e-16 1e-20
5631.972168 1.603855827e-16 1e-20
5632.74707 2.038564517e-16 1e-20
5633.521484 1.471444328e-16 1e-20
5634.295898 1.654689715e-16 1e-20
5635.070801 1.540413059e-16 1e-20
5635.845703 1.733568997e-16 1e-20
5636.620117 1.868760749e-16 1e-20
5637.39502 1.415747544e-16 1e-20
5638.169922 1.307945926e-16 1e-20
5638.944336 1.807135529e-16 1e-20
5639.71875 2.031912926e-16 1e-20
5640.493652 1.690116074e-16 1e-20
5641.268555 1.387623536e-16 1e-20
5642.042969 1.522003724e-16 1e-20
5642.817871 1.874833975e-16 1e-20
5643.592773 2.053699276e-16 1e-20
5644.367188 1.956419527e-16 1e-20
5645.141602 1.523949121e-16 1e-20
5645.916992 1.7506919e-16 1e-20
5646.691406 2.231598561e-16 1e-20
5647.46582 1.914875208e-16 1e-20
5648.240723 1.355032355e-16 1e-20
5649.015625 1.698582168e-16 1e-20
5649.790039 1.772489366e-16 1e-20
5650.564941 2.18271179e-16 1e-20
5651.339844 2.036616871e-16 1e-20
5652.114258 1.634697223e-16 1e-20
5652.888672 1.760038114e-16 1e-20
5653.663574 2.134231462e-16 1e-20
5654.438477 1.732172583e-16 1e-20
5655.212891 1.393967415e-16 1e-20
5655.987793 1.361953276e-16 1e-20
5656.762695 1.992215933e-16 1e-20
5657.537109 1.972706515e-16 1e-20
5658.311523 1.787490849e-16 1e-20
5659.086426 1.716346037e-16 1e-20
5659.861328 1.492542463e-16 1e-20
5660.635742 1.875507631e-16 1e-20
5661.410645 2.044589172e-16 1e-20
5662.185547 1.662670618e-16 1e-20
5662.959961 1.433859226e-16 1e-20
5663.734375 1.479787867e-16 1e-20
5664.509766 2.184060028e-16 1e-20
5665.28418 2.196100734e-16 1e-20
5666.058594 1.433142292e-16 1e-20
5666.833496 1.729305377e-16 1e-20
5667.608398 2.049141841e-16 1e-20
5668.382812 2.299325463e-16 1e-20
5669.157715 2.122734446e-16 1e-20
5669.932617 1.84422366e-16 1e-20
5670.707031 2.114680619e-16 1e-20
5671.481445 2.214941659e-16 1e-20
5672.256348 1.718521853e-16 1e-20
5673.03125 1.426840632e-16 1e-20
5673.805664 1.905767618e-16 1e-20
5674.580566 2.526084124e-16 1e-20
5675.355469 2.324118117e-16 1e-20
5676.129883 1.719070837e-16 1e-20
5676.904297 1.79721492e-16 1e-20
5677.679199 2.144128645e-16 1e-20
5678.454102 2.027015488e-16 1e-20
5679.228516 2.101435008e-16 1e-20
5680.003418 1.623075931e-16 1e-20
5680.77832 1.819763731e-16 1e-20
5681.552734 1.952925384e-16 1e-20
5682.327148 2.078871904e-16 1e-20
5683.102539 2.147834282e-16 1e-20
5683.876953 1.600846478e-16 1e-20
5684.651367 2.096149391e-16 1e-20
5685.42627 2.286596411e-16 1e-20
5686.201172 2.061397614e-16 1e-20
5686.975586 1.68125333e-16 1e-20
5687.750488 1.608238693e-16 1e-20
5688.525391 2.167402993e-16 1e-20
5689.299805 2.056645891e-16 1e-20
5690.074219 1.741382875e-16 1e-20
5690.849121 1.379200984e-16 1e-20
5691.624023 1.999065518e-16 1e-20
5692.398438 2.505251084e-16 1e-20
5693.17334 2.228913996e-16 1e-20
5693.948242 1.922022842e-16 1e-20
5694.722656 2.202056964e-16 1e-20
5695.49707 2.401816714e-16 1e-20
5696.271973 2.680168946e-16 1e-20
5697.046875 1.901316328e-16 1e-20
5697.821289 1.743427666e-16 1e-20
5698.596191 2.055930016e-16 1e-20
5699.371094 2.738927092e-16 1e-20
