3650.381836 1.22561e-16 1e-20
3655.900281 1.19385e-16 1e-20
3661.418726 1.6906e-16 1e-20
3666.937171 1.62958e-16 1e-20
3672.455616 1.77595e-16 1e-20
3677.974061 1.6117e-16 1e-20
3683.492506 1.68333e-16 1e-20
3689.010951 1.55845e-16 1e-20
3694.529396 1.70796e-16 1e-20
3700.047841 1.74886e-16 1e-20
3705.566286 1.65453e-16 1e-20
3711.084731 1.56935e-16 1e-20
3716.603176 1.764e-16 1e-20
3722.121621 1.60148e-16 1e-20
3727.640066 1.57948e-16 1e-20
3733.158511 1.26136e-16 1e-20
3738.676956 2.25387e-16 1e-20
3744.195401 -1.38089e-16 1e-20
3749.713846 -1.93825e-16 1e-20
3755.232291 1.03246e-16 1e-20
3760.750736 1.40309e-16 1e-20
3766.269181 1.47308e-16 1e-20
3771.787626 1.73657e-16 1e-20
3777.306071 1.49733e-16 1e-20
3782.824516 1.81301e-16 1e-20
3788.342961 1.93199e-16 1e-20
3793.861406 1.47586e-16 1e-20
3799.379851 1.90838e-16 1e-20
3804.898296 1.73651e-16 1e-20
3810.416741 1.48498e-16 1e-20
3815.935186 1.5851e-16 1e-20
3821.453631 1.7581e-16 1e-20
3826.972076 1.59747e-16 1e-20
3832.490521 1.48169e-16 1e-20
3838.008966 1.75347e-16 1e-20
3843.527411 1.6817e-16 1e-20
3849.045856 1.29374e-16 1e-20
3854.564301 1.36131e-16 1e-20
3860.082747 1.6063e-16 1e-20
3865.601192 1.35754e-16 1e-20
3871.119637 1.41931e-16 1e-20
3876.638082 1.1226e-16 1e-20
3882.156527 1.19663e-16 1e-20
3887.674972 1.18898e-16 1e-20
3893.193417 1.049e-16 1e-20
3898.711862 1.10982e-16 1e-20
3904.230307 9.79659e-17 1e-20
3909.748752 1.02031e-16 1e-20
3915.267197 8.25914e-17 1e-20
3920.785642 7.58132e-17 1e-20
3926.304087 1.00733e-16 1e-20
3931.822532 7.28933e-17 1e-20
3937.340977 9.58306e-17 1e-20
3942.859422 8.20111e-17 1e-20
3948.377867 8.86738e-17 1e-20
3953.896312 6.91045e-17 1e-20
3959.414757 9.19264e-17 1e-20
3964.933202 8.18393e-17 1e-20
3970.451647 9.4205e-17 1e-20
3975.970092 9.10711e-17 1e-20
3981.488537 8.66292e-17 1e-20
3987.006982 8.07341e-17 1e-20
3992.525427 9.18389e-17 1e-20
3998.043872 1.06321e-16 1e-20
4003.562317 1.29349e-16 1e-20
4009.080762 1.05539e-16 1e-20
4014.599207 1.07718e-16 1e-20
4020.117652 1.06506e-16 1e-20
4025.636097 1.11292e-16 1e-20
4031.154542 1.08812e-16 1e-20
4036.672987 9.6016e-17 1e-20
4042.191432 1.14846e-16 1e-20
4047.709877 1.18791e-16 1e-20
4053.228322 1.11951e-16 1e-20
4058.746767 1.23023e-16 1e-20
4064.265212 1.12242e-16 1e-20
4069.783657 1.14092e-16 1e-20
4075.302102 1.05884e-16 1e-20
4080.820547 1.07458e-16 1e-20
4086.338992 1.13853e-16 1e-20
4091.857437 1.12679e-16 1e-20
4097.375882 1.14698e-16 1e-20
4102.894327 1.31858e-16 1e-20
4108.412772 1.21717e-16 1e-20
4113.931217 1.27413e-16 1e-20
4119.449662 1.36879e-16 1e-20
4124.968107 1.11289e-16 1e-20
4130.486552 1.36911e-16 1e-20
4136.004997 1.46524e-16 1e-20
4141.523442 1.55872e-16 1e-20
4147.041887 1.49666e-16 1e-20
4152.560332 1.66576e-16 1e-20
4158.078777 1.60262e-16 1e-20
4163.597222 1.59922e-16 1e-20
4169.115667 1.63936e-16 1e-20
4174.634112 1.76111e-16 1e-20
4180.152557 1.60392e-16 1e-20
4185.671002 1.79829e-16 1e-20
4191.189447 1.69282e-16 1e-20
4196.707892 1.66856e-16 1e-20
4202.226337 1.62908e-16 1e-20
4207.744782 1.8458e-16 1e-20
4213.263227 1.73408e-16 1e-20
4218.781672 1.78158e-16 1e-20
4224.300117 1.83346e-16 1e-20
4229.818563 1.65442e-16 1e-20
4235.337008 1.67701e-16 1e-20
4240.855453 1.63221e-16 1e-20
4246.373898 1.75012e-16 1e-20
4251.892343 1.60031e-16 1e-20
4257.410788 1.56769e-16 1e-20
4262.929233 1.63052e-16 1e-20
4268.447678 1.7092e-16 1e-20
4273.966123 1.62251e-16 1e-20
4279.484568 1.54583e-16 1e-20
4285.003013 1.6186e-16 1e-20
4290.521458 1.63826e-16 1e-20
4296.039903 1.61293e-16 1e-20
4301.558348 1.61311e-16 1e-20
4307.076793 1.6905e-16 1e-20
4312.595238 1.61829e-16 1e-20
4318.113683 1.72172e-16 1e-20
4323.632128 1.82206e-16 1e-20
4329.150573 1.70524e-16 1e-20
4334.669018 1.61351e-16 1e-20
4340.187463 1.63346e-16 1e-20
4345.705908 1.71662e-16 1e-20
4351.224353 1.67002e-16 1e-20
4356.742798 1.72321e-16 1e-20
4362.261243 1.55433e-16 1e-20
4367.779688 1.65051e-16 1e-20
4373.298133 1.7438e-16 1e-20
4378.816578 1.67441e-16 1e-20
4384.335023 1.64757e-16 1e-20
4389.853468 1.57807e-16 1e-20
4395.371913 1.57153e-16 1e-20
4400.890358 1.48216e-16 1e-20
4406.408803 1.49183e-16 1e-20
4411.927248 1.54929e-16 1e-20
4417.445693 1.5104e-16 1e-20
4422.964138 1.35359e-16 1e-20
4428.482583 1.36001e-16 1e-20
4434.001028 1.35822e-16 1e-20
4439.519473 1.44461e-16 1e-20
4445.037918 1.45355e-16 1e-20
4450.556363 1.45322e-16 1e-20
4456.074808 1.40453e-16 1e-20
4461.593253 1.30478e-16 1e-20
4467.111698 1.3551e-16 1e-20
4472.630143 1.30796e-16 1e-20
4478.148588 1.26745e-16 1e-20
4483.667033 1.26482e-16 1e-20
4489.185478 1.33268e-16 1e-20
4494.703923 1.2099e-16 1e-20
4500.222368 1.16428e-16 1e-20
4505.740813 1.24087e-16 1e-20
4511.259258 1.22996e-16 1e-20
4516.777703 1.10513e-16 1e-20
4522.296148 1.07673e-16 1e-20
4527.814593 1.16367e-16 1e-20
4533.333038 1.14517e-16 1e-20
4538.851483 1.0464e-16 1e-20
4544.369928 1.07631e-16 1e-20
4549.888373 1.02397e-16 1e-20
4555.406818 1.07343e-16 1e-20
4560.925263 1.20274e-16 1e-20
4566.443708 1.10325e-16 1e-20
4571.962153 1.0305e-16 1e-20
4577.480598 1.01125e-16 1e-20
4582.999043 1.04385e-16 1e-20
4588.517488 1.18669e-16 1e-20
4594.035933 1.04757e-16 1e-20
4599.554379 1.09751e-16 1e-20
4605.072824 1.11067e-16 1e-20
4610.591269 9.84388e-17 1e-20
4616.109714 1.02821e-16 1e-20
4621.628159 1.06304e-16 1e-20
4627.146604 1.1231e-16 1e-20
4632.665049 1.04329e-16 1e-20
4638.183494 1.06234e-16 1e-20
4643.701939 1.06786e-16 1e-20
4649.220384 9.95573e-17 1e-20
4654.738829 1.1659e-16 1e-20
4660.257274 1.09608e-16 1e-20
4665.775719 1.13848e-16 1e-20
4671.294164 1.09747e-16 1e-20
4676.812609 1.08855e-16 1e-20
4682.331054 1.0389e-16 1e-20
4687.849499 1.08201e-16 1e-20
4693.367944 9.7096e-17 1e-20
4698.886389 1.0004e-16 1e-20
4704.404834 1.05532e-16 1e-20
4709.923279 9.73385e-17 1e-20
4715.441724 9.31901e-17 1e-20
4720.960169 1.02309e-16 1e-20
4726.478614 9.60068e-17 1e-20
4731.997059 9.84387e-17 1e-20
4737.515504 1.05809e-16 1e-20
4743.033949 9.51048e-17 1e-20
4748.552394 9.60103e-17 1e-20
4754.070839 1.14644e-16 1e-20
4759.589284 1.05629e-16 1e-20
4765.107729 1.10141e-16 1e-20
4770.626174 1.17562e-16 1e-20
4776.144619 1.12668e-16 1e-20
4781.663064 1.23311e-16 1e-20
4787.181509 1.21365e-16 1e-20
4792.699954 1.11225e-16 1e-20
4798.218399 1.03491e-16 1e-20
4803.736844 1.06488e-16 1e-20
4809.255289 1.03768e-16 1e-20
4814.773734 1.13129e-16 1e-20
4820.292179 1.11084e-16 1e-20
4825.810624 1.16727e-16 1e-20
4831.329069 1.15231e-16 1e-20
4836.847514 1.12123e-16 1e-20
4842.365959 1.13916e-16 1e-20
4847.884404 1.15716e-16 1e-20
4853.402849 1.19789e-16 1e-20
4858.921294 1.21394e-16 1e-20
4864.439739 1.31827e-16 1e-20
4869.958184 1.2268e-16 1e-20
4875.476629 1.11369e-16 1e-20
4880.995074 1.08314e-16 1e-20
4886.513519 1.02804e-16 1e-20
4892.031964 1.06081e-16 1e-20
4897.550409 1.12994e-16 1e-20
4903.068854 1.18303e-16 1e-20
4908.587299 1.11485e-16 1e-20
4914.105744 1.17912e-16 1e-20
4919.624189 1.25339e-16 1e-20
4925.142634 1.16219e-16 1e-20
4930.661079 1.1911e-16 1e-20
4936.179524 1.17782e-16 1e-20
4941.697969 1.05029e-16 1e-20
4947.216414 1.10699e-16 1e-20
4952.734859 1.18091e-16 1e-20
4958.253304 1.13582e-16 1e-20
4963.771749 9.99276e-17 1e-20
4969.290195 1.02314e-16 1e-20
4974.80864 9.91808e-17 1e-20
4980.327085 9.57968e-17 1e-20
4985.84553 1.07227e-16 1e-20
4991.363975 9.66758e-17 1e-20
4996.88242 1.02541e-16 1e-20
5002.400865 8.93503e-17 1e-20
5007.91931 8.88216e-17 1e-20
5013.437755 1.00446e-16 1e-20
5018.9562 1.03301e-16 1e-20
5024.474645 9.60523e-17 1e-20
5029.99309 1.07876e-16 1e-20
5035.511535 1.01368e-16 1e-20
5041.02998 1.02875e-16 1e-20
5046.548425 9.25424e-17 1e-20
5052.06687 9.80938e-17 1e-20
5057.585315 1.07926e-16 1e-20
5063.10376 1.02844e-16 1e-20
5068.622205 1.02561e-16 1e-20
5074.14065 9.5323e-17 1e-20
5079.659095 9.98646e-17 1e-20
5085.17754 1.04069e-16 1e-20
5090.695985 9.99485e-17 1e-20
5096.21443 9.81981e-17 1e-20
5101.732875 9.58436e-17 1e-20
5107.25132 1.03212e-16 1e-20
5112.769765 1.05166e-16 1e-20
5118.28821 9.93126e-17 1e-20
5123.806655 9.83276e-17 1e-20
5129.3251 1.06291e-16 1e-20
5134.843545 8.76595e-17 1e-20
5140.36199 9.18394e-17 1e-20
5145.880435 1.00619e-16 1e-20
5151.39888 9.16773e-17 1e-20
5156.917325 8.75232e-17 1e-20
5162.43577 8.75573e-17 1e-20
5167.954215 8.78145e-17 1e-20
5173.47266 8.75959e-17 1e-20
5178.991105 9.01906e-17 1e-20
5184.50955 8.5096e-17 1e-20
5190.027995 8.65735e-17 1e-20
5195.54644 5.12404e-17 1e-20
5201.064885 5.79289e-17 1e-20
5206.58333 8.61696e-17 1e-20
5212.101775 8.30786e-17 1e-20
5217.62022 8.15768e-17 1e-20
5223.138665 7.62243e-17 1e-20
5228.65711 8.81447e-17 1e-20
5234.175555 7.87526e-17 1e-20
5239.694 8.41302e-17 1e-20
5245.212445 8.56645e-17 1e-20
5250.73089 8.02103e-17 1e-20
5256.249335 8.94127e-17 1e-20
5261.76778 8.68292e-17 1e-20
5267.286225 9.26627e-17 1e-20
5272.80467 8.68258e-17 1e-20
5278.323115 8.30809e-17 1e-20
5283.84156 8.61456e-17 1e-20
5289.360005 7.99995e-17 1e-20
5294.87845 8.48177e-17 1e-20
5300.396895 7.82097e-17 1e-20
5305.91534 8.32897e-17 1e-20
5311.433785 8.42197e-17 1e-20
5316.95223 8.03119e-17 1e-20
5322.470675 9.10997e-17 1e-20
5327.98912 8.61821e-17 1e-20
5333.507566 7.76191e-17 1e-20
5339.026011 8.30579e-17 1e-20
5344.544456 8.44967e-17 1e-20
5350.062901 8.70702e-17 1e-20
5355.581346 8.75346e-17 1e-20
5361.099791 8.56263e-17 1e-20
5366.618236 8.71728e-17 1e-20
5372.136681 8.51549e-17 1e-20
5377.655126 8.41762e-17 1e-20
5383.173571 7.86834e-17 1e-20
5388.692016 8.65134e-17 1e-20
5394.210461 8.34931e-17 1e-20
5399.728906 9.46224e-17 1e-20
5405.247351 8.98259e-17 1e-20
5410.765796 9.0326e-17 1e-20
5416.284241 1.06424e-16 1e-20
5421.802686 9.42644e-17 1e-20
5427.321131 1.01357e-16 1e-20
5432.839576 8.91208e-17 1e-20
5438.358021 9.11584e-17 1e-20
5443.876466 9.75723e-17 1e-20
5449.394911 9.34659e-17 1e-20
5454.913356 1.02135e-16 1e-20
5460.431801 8.11067e-17 1e-20
5465.950246 8.97133e-17 1e-20
5471.468691 9.12412e-17 1e-20
5476.987136 9.46531e-17 1e-20
5482.505581 8.22282e-17 1e-20
5488.024026 8.46255e-17 1e-20
5493.542471 9.46296e-17 1e-20
5499.060916 8.7568e-17 1e-20
5504.579361 9.31467e-17 1e-20
5510.097806 1.04604e-16 1e-20
5515.616251 9.77194e-17 1e-20
5521.134696 8.43408e-17 1e-20
5526.653141 9.61436e-17 1e-20
5532.171586 9.88449e-17 1e-20
5537.690031 8.45858e-17 1e-20
5543.208476 9.51788e-17 1e-20
5548.726921 9.45731e-17 1e-20
5554.245366 8.88992e-17 1e-20
5559.763811 8.77899e-17 1e-20
5565.282256 9.46255e-17 1e-20
5570.800701 1.0659e-16 1e-20
5576.319146 9.0284e-17 1e-20
5581.837591 7.07676e-17 1e-20
5587.356036 7.96267e-17 1e-20
5592.874481 8.80962e-17 1e-20
5598.392926 7.55431e-17 1e-20
5603.911371 8.52072e-17 1e-20
5609.429816 7.66483e-17 1e-20
5614.948261 7.60554e-17 1e-20
5620.466706 7.37301e-17 1e-20
5625.985151 7.16851e-17 1e-20
5631.503596 8.04001e-17 1e-20
5637.022041 7.12886e-17 1e-20
5642.540486 7.10364e-17 1e-20
5648.058931 6.89608e-17 1e-20
5653.577376 7.06603e-17 1e-20
5659.095821 7.1544e-17 1e-20
5664.614266 7.24086e-17 1e-20
5670.132711 6.94708e-17 1e-20
5675.651156 7.70275e-17 1e-20
5681.169601 7.05994e-17 1e-20
5686.688046 7.59331e-17 1e-20
5692.206491 7.17991e-17 1e-20
5697.724936 7.7037e-17 1e-20
5703.243382 7.26728e-17 1e-20
5708.761827 6.90919e-17 1e-20
5714.280272 7.89251e-17 1e-20
5719.798717 7.62526e-17 1e-20
5725.317162 7.21433e-17 1e-20
5730.835607 7.24792e-17 1e-20
5736.354052 6.32224e-17 1e-20
5741.872497 7.50062e-17 1e-20
5747.390942 7.10092e-17 1e-20
5752.909387 7.28743e-17 1e-20
5758.427832 8.08557e-17 1e-20
5763.946277 8.31191e-17 1e-20
5769.464722 6.52517e-17 1e-20
5774.983167 6.75737e-17 1e-20
5780.501612 6.24799e-17 1e-20
5786.020057 6.32035e-17 1e-20
5791.538502 5.70224e-17 1e-20
5797.056947 5.90129e-17 1e-20
5802.575392 6.27684e-17 1e-20
5808.093837 6.84547e-17 1e-20
5813.612282 6.88203e-17 1e-20
5819.130727 7.15322e-17 1e-20
5824.649172 5.85304e-17 1e-20
5830.167617 6.18638e-17 1e-20
5835.686062 6.20948e-17 1e-20
5841.204507 6.96269e-17 1e-20
5846.722952 6.99243e-17 1e-20
5852.241397 7.12726e-17 1e-20
5857.759842 6.84749e-17 1e-20
5863.278287 6.29345e-17 1e-20
5868.796732 7.45233e-17 1e-20
5874.315177 7.33269e-17 1e-20
5879.833622 6.80173e-17 1e-20
5885.352067 6.44213e-17 1e-20
5890.870512 8.06565e-17 1e-20
5896.388957 7.72144e-17 1e-20
5901.907402 6.3185e-17 1e-20
5907.425847 6.30325e-17 1e-20
5912.944292 6.29537e-17 1e-20
5918.462737 6.19415e-17 1e-20
5923.981182 5.51681e-17 1e-20
5929.499627 7.101e-17 1e-20
5935.018072 6.44645e-17 1e-20
5940.536517 6.47303e-17 1e-20
5946.054962 7.52836e-17 1e-20
5951.573407 6.88825e-17 1e-20
5957.091852 6.90157e-17 1e-20
5962.610297 7.4409e-17 1e-20
5968.128742 7.69478e-17 1e-20
5973.647187 6.96963e-17 1e-20
5979.165632 7.06597e-17 1e-20
5984.684077 7.35035e-17 1e-20
5990.202522 7.11793e-17 1e-20
5995.720967 7.61167e-17 1e-20
6001.239412 7.35544e-17 1e-20
6006.757857 7.00738e-17 1e-20
6012.276302 6.89282e-17 1e-20
6017.794747 6.28284e-17 1e-20
6023.313192 6.97308e-17 1e-20
6028.831637 7.74838e-17 1e-20
6034.350082 7.43385e-17 1e-20
6039.868527 7.19214e-17 1e-20
6045.386972 7.27772e-17 1e-20
6050.905417 7.17636e-17 1e-20
6056.423862 7.92688e-17 1e-20
6061.942307 6.58412e-17 1e-20
6067.460752 7.89998e-17 1e-20
6072.979197 8.02519e-17 1e-20
6078.497643 6.79406e-17 1e-20
6084.016088 7.27866e-17 1e-20
6089.534533 6.52284e-17 1e-20
6095.052978 6.89704e-17 1e-20
6100.571423 6.88239e-17 1e-20
6106.089868 7.25588e-17 1e-20
6111.608313 5.95762e-17 1e-20
6117.126758 5.94512e-17 1e-20
6122.645203 6.62366e-17 1e-20
6128.163648 6.67939e-17 1e-20
6133.682093 7.28504e-17 1e-20
6139.200538 7.22461e-17 1e-20
6144.718983 6.99717e-17 1e-20
6150.237428 7.1794e-17 1e-20
6155.755873 7.33899e-17 1e-20
6161.274318 7.62182e-17 1e-20
6166.792763 6.93735e-17 1e-20
6172.311208 6.19087e-17 1e-20
6177.829653 6.28814e-17 1e-20
6183.348098 7.23061e-17 1e-20
6188.866543 6.26687e-17 1e-20
6194.384988 6.9063e-17 1e-20
6199.903433 7.46476e-17 1e-20
6205.421878 6.98832e-17 1e-20
6210.940323 6.8413e-17 1e-20
6216.458768 7.37577e-17 1e-20
6221.977213 7.71279e-17 1e-20
6227.495658 6.22224e-17 1e-20
6233.014103 6.23583e-17 1e-20
6238.532548 6.60653e-17 1e-20
6244.050993 6.53094e-17 1e-20
6249.569438 6.96881e-17 1e-20
6255.087883 6.03636e-17 1e-20
6260.606328 6.14603e-17 1e-20
6266.124773 6.85343e-17 1e-20
6271.643218 6.23676e-17 1e-20
6277.161663 6.72011e-17 1e-20
6282.680108 5.47338e-17 1e-20
6288.198553 5.99834e-17 1e-20
6293.716998 6.73617e-17 1e-20
6299.235443 6.13926e-17 1e-20
6304.753888 7.31365e-17 1e-20
6310.272333 7.11304e-17 1e-20
6315.790778 6.61232e-17 1e-20
6321.309223 6.84111e-17 1e-20
6326.827668 6.10542e-17 1e-20
6332.346113 6.96062e-17 1e-20
6337.864558 5.95527e-17 1e-20
6343.383003 5.95747e-17 1e-20
6348.901448 6.91273e-17 1e-20
6354.419893 6.61552e-17 1e-20
6359.938338 6.62809e-17 1e-20
6365.456783 5.61861e-17 1e-20
6370.975228 6.2694e-17 1e-20
6376.493673 6.91389e-17 1e-20
6382.012118 6.61928e-17 1e-20
6387.530563 6.44725e-17 1e-20
6393.049008 6.60748e-17 1e-20
6398.567453 5.90303e-17 1e-20
6404.085898 6.56683e-17 1e-20
6409.604343 6.66355e-17 1e-20
6415.122788 5.98258e-17 1e-20
6420.641233 5.83758e-17 1e-20
6426.159678 6.67514e-17 1e-20
6431.678123 6.78975e-17 1e-20
6437.196568 6.44316e-17 1e-20
6442.715014 6.47362e-17 1e-20
6448.233459 6.29617e-17 1e-20
6453.751904 5.97498e-17 1e-20
6459.270349 6.10841e-17 1e-20
6464.788794 5.55879e-17 1e-20
6470.307239 5.36227e-17 1e-20
6475.825684 4.70891e-17 1e-20
6481.344129 4.40409e-17 1e-20
6486.862574 6.35779e-17 1e-20
6492.381019 5.99737e-17 1e-20
6497.899464 4.45982e-17 1e-20
6503.417909 4.61309e-17 1e-20
6508.936354 5.08203e-17 1e-20
6514.454799 4.58988e-17 1e-20
6519.973244 4.8917e-17 1e-20
6525.491689 4.67511e-17 1e-20
6531.010134 4.3064e-17 1e-20
6536.528579 3.9604e-17 1e-20
6542.047024 4.3331e-17 1e-20
6547.565469 4.58575e-17 1e-20
6553.083914 3.25222e-17 1e-20
6558.602359 4.28632e-17 1e-20
6564.120804 4.01367e-17 1e-20
6569.639249 4.54066e-17 1e-20
6575.157694 5.19304e-17 1e-20
6580.676139 4.12398e-17 1e-20
6586.194584 4.6091e-17 1e-20
6591.713029 4.67064e-17 1e-20
6597.231474 4.76589e-17 1e-20
6602.749919 4.43043e-17 1e-20
6608.268364 4.32776e-17 1e-20
6613.786809 4.48408e-17 1e-20
6619.305254 4.73213e-17 1e-20
6624.823699 4.81177e-17 1e-20
6630.342144 4.70925e-17 1e-20
6635.860589 4.87755e-17 1e-20
6641.379034 5.08467e-17 1e-20
6646.897479 5.1429e-17 1e-20
6652.415924 5.66e-17 1e-20
6657.934369 5.04625e-17 1e-20
6663.452814 5.62441e-17 1e-20
6668.971259 5.84839e-17 1e-20
6674.489704 5.21543e-17 1e-20
6680.008149 6.04591e-17 1e-20
6685.526594 5.97814e-17 1e-20
6691.045039 4.77038e-17 1e-20
6696.563484 5.56843e-17 1e-20
6702.081929 6.24459e-17 1e-20
6707.600374 5.21409e-17 1e-20
6713.118819 6.0726e-17 1e-20
6718.637264 5.98252e-17 1e-20
6724.155709 5.31002e-17 1e-20
6729.674154 5.76594e-17 1e-20
6735.192599 6.10528e-17 1e-20
6740.711044 5.91602e-17 1e-20
6746.229489 5.66575e-17 1e-20
6751.747934 6.33592e-17 1e-20
6757.266379 5.20414e-17 1e-20
6762.784824 5.9096e-17 1e-20
6768.303269 6.13879e-17 1e-20
6773.821714 5.71929e-17 1e-20
6779.340159 4.96591e-17 1e-20
6784.858604 5.4347e-17 1e-20
6790.377049 5.46695e-17 1e-20
6795.895494 5.76101e-17 1e-20
6801.413939 5.91136e-17 1e-20
6806.932384 6.13626e-17 1e-20
6812.45083 5.94908e-17 1e-20
6817.969275 5.50931e-17 1e-20
6823.48772 5.66726e-17 1e-20
6829.006165 5.80428e-17 1e-20
6834.52461 5.98151e-17 1e-20
6840.043055 5.13713e-17 1e-20
6845.5615 5.17926e-17 1e-20
6851.079945 5.63746e-17 1e-20
6856.59839 5.5617e-17 1e-20
6862.116835 5.82642e-17 1e-20
6867.63528 5.09158e-17 1e-20
6873.153725 4.68281e-17 1e-20
6878.67217 4.72837e-17 1e-20
6884.190615 4.31276e-17 1e-20
6889.70906 4.95903e-17 1e-20
6895.227505 5.42624e-17 1e-20
6900.74595 6.03386e-17 1e-20
6906.264395 5.07002e-17 1e-20
6911.78284 4.28037e-17 1e-20
6917.301285 4.46465e-17 1e-20
6922.81973 5.44846e-17 1e-20
6928.338175 4.48398e-17 1e-20
6933.85662 4.96136e-17 1e-20
6939.375065 5.284e-17 1e-20
6944.89351 4.84154e-17 1e-20
6950.411955 4.64324e-17 1e-20
6955.9304 5.60861e-17 1e-20
6961.448845 6.14792e-17 1e-20
6966.96729 5.94412e-17 1e-20
6972.485735 5.55261e-17 1e-20
6978.00418 4.90676e-17 1e-20
6983.522625 5.2716e-17 1e-20
6989.04107 5.94789e-17 1e-20
6994.559515 5.36087e-17 1e-20
7000.07796 4.99664e-17 1e-20
7005.596405 5.39029e-17 1e-20
7011.11485 5.51423e-17 1e-20
7016.633295 5.20439e-17 1e-20
7022.15174 4.71592e-17 1e-20
7027.670185 5.46313e-17 1e-20
7033.18863 6.0531e-17 1e-20
7038.707075 5.52792e-17 1e-20
7044.22552 5.60103e-17 1e-20
7049.743965 5.22226e-17 1e-20
7055.26241 4.01569e-17 1e-20
7060.780855 4.6422e-17 1e-20
7066.2993 5.54706e-17 1e-20
7071.817745 5.33219e-17 1e-20
7077.33619 5.30682e-17 1e-20
7082.854635 4.99458e-17 1e-20
7088.37308 4.37754e-17 1e-20
7093.891525 5.54333e-17 1e-20
7099.40997 5.30296e-17 1e-20
7104.928415 5.10175e-17 1e-20
7110.44686 5.35974e-17 1e-20
7115.965305 4.72481e-17 1e-20
7121.48375 5.02723e-17 1e-20
7127.002195 4.77604e-17 1e-20
7132.52064 4.47881e-17 1e-20
7138.039085 4.26395e-17 1e-20
7143.55753 4.77687e-17 1e-20
7149.075975 5.12074e-17 1e-20
7154.59442 4.8359e-17 1e-20
7160.112865 5.18521e-17 1e-20
7165.63131 4.79609e-17 1e-20
7171.149755 4.71782e-17 1e-20
7176.6682 -3.14483e-17 1e-20
7182.186646 -1.18389e-17 1e-20
7187.705091 4.26644e-17 1e-20
7193.223536 4.13188e-17 1e-20
7198.741981 4.15695e-17 1e-20
7204.260426 4.04938e-17 1e-20
7209.778871 4.28645e-17 1e-20
7215.297316 5.01297e-17 1e-20
7220.815761 4.68734e-17 1e-20
7226.334206 4.47074e-17 1e-20
7231.852651 4.80648e-17 1e-20
7237.371096 3.90499e-17 1e-20
7242.889541 4.7394e-17 1e-20
7248.407986 4.34428e-17 1e-20
7253.926431 3.58116e-17 1e-20
7259.444876 5.00196e-17 1e-20
7264.963321 4.38245e-17 1e-20
7270.481766 5.57698e-17 1e-20
7276.000211 4.81923e-17 1e-20
7281.518656 4.32002e-17 1e-20
7287.037101 4.27521e-17 1e-20
7292.555546 2.95651e-17 1e-20
7298.073991 3.54836e-17 1e-20
7303.592436 3.712e-17 1e-20
7309.110881 3.7731e-17 1e-20
7314.629326 5.18072e-17 1e-20
7320.147771 4.26408e-17 1e-20
7325.666216 3.86729e-17 1e-20
7331.184661 4.43614e-17 1e-20
7336.703106 4.39886e-17 1e-20
7342.221551 4.25715e-17 1e-20
7347.739996 4.69077e-17 1e-20
7353.258441 5.29537e-17 1e-20
7358.776886 4.62896e-17 1e-20
7364.295331 4.35448e-17 1e-20
7369.813776 4.4433e-17 1e-20
7375.332221 3.83236e-17 1e-20
7380.850666 4.64212e-17 1e-20
7386.369111 4.14309e-17 1e-20
7391.887556 3.6405e-17 1e-20
7397.406001 4.70946e-17 1e-20
7402.924446 2.77553e-17 1e-20
7408.442891 3.80634e-17 1e-20
7413.961336 3.24643e-17 1e-20
7419.479781 3.41469e-17 1e-20
7424.998226 4.2341e-17 1e-20
7430.516671 4.80281e-17 1e-20
7436.035116 4.5621e-17 1e-20
7441.553561 4.52698e-17 1e-20
7447.072006 3.24366e-17 1e-20
7452.590451 3.92943e-17 1e-20
7458.108896 4.10467e-17 1e-20
7463.627341 3.66309e-17 1e-20
7469.145786 4.44325e-17 1e-20
7474.664231 4.36146e-17 1e-20
7480.182676 4.86143e-17 1e-20
7485.701121 4.43144e-17 1e-20
7491.219566 3.24215e-17 1e-20
7496.738011 3.9939e-17 1e-20
7502.256456 3.34446e-17 1e-20
7507.774901 4.70689e-17 1e-20
7513.293346 4.69338e-17 1e-20
7518.811791 3.99393e-17 1e-20
7524.330236 4.53111e-17 1e-20
7529.848681 4.88668e-17 1e-20
7535.367126 4.18439e-17 1e-20
7540.885571 4.07322e-17 1e-20
7546.404016 3.71532e-17 1e-20
7551.922462 4.26456e-17 1e-20
7557.440907 3.69374e-17 1e-20
7562.959352 3.85429e-17 1e-20
7568.477797 4.46933e-17 1e-20
7573.996242 3.3799e-17 1e-20
7579.514687 3.56135e-17 1e-20
7585.033132 3.83052e-17 1e-20
7590.551577 3.51035e-17 1e-20
7596.070022 3.30256e-17 1e-20
7601.588467 2.7778e-17 1e-20
7607.106912 1.68446e-17 1e-20
7612.625357 1.396e-17 1e-20
7618.143802 1.86118e-17 1e-20
7623.662247 2.59649e-17 1e-20
7629.180692 2.67616e-17 1e-20
7634.699137 1.50928e-17 1e-20
7640.217582 1.95173e-17 1e-20
7645.736027 2.82537e-17 1e-20
7651.254472 3.1319e-17 1e-20
7656.772917 2.14695e-17 1e-20
7662.291362 1.20973e-17 1e-20
7667.809807 2.88763e-17 1e-20
7673.328252 3.8388e-17 1e-20
7678.846697 3.78259e-17 1e-20
7684.365142 3.31454e-17 1e-20
7689.883587 3.27181e-17 1e-20
7695.402032 5.14033e-17 1e-20
7700.920477 4.48453e-17 1e-20
7706.438922 3.82828e-17 1e-20
7711.957367 3.00572e-17 1e-20
7717.475812 4.55955e-17 1e-20
7722.994257 3.74641e-17 1e-20
7728.512702 3.14354e-17 1e-20
7734.031147 5.47489e-17 1e-20
7739.549592 5.25703e-17 1e-20
7745.068037 4.38697e-17 1e-20
7750.586482 4.04469e-17 1e-20
7756.104927 3.87645e-17 1e-20
7761.623372 4.23817e-17 1e-20
7767.141817 3.99139e-17 1e-20
7772.660262 3.44589e-17 1e-20
7778.178707 4.32716e-17 1e-20
7783.697152 3.23687e-17 1e-20
7789.215597 3.98755e-17 1e-20
7794.734042 4.19787e-17 1e-20
7800.252487 4.99381e-17 1e-20
7805.770932 4.0101e-17 1e-20
7811.289377 3.73289e-17 1e-20
7816.807822 3.77327e-17 1e-20
7822.326267 2.03366e-17 1e-20
7827.844712 2.98928e-17 1e-20
7833.363157 4.86927e-17 1e-20
7838.881602 4.74977e-17 1e-20
7844.400047 3.21637e-17 1e-20
7849.918492 3.63715e-17 1e-20
7855.436937 2.93079e-17 1e-20
7860.955382 2.1597e-17 1e-20
7866.473827 3.51243e-17 1e-20
7871.992272 3.12364e-17 1e-20
7877.510717 3.56605e-17 1e-20
7883.029162 4.11536e-17 1e-20
7888.547607 3.66449e-17 1e-20
7894.066052 3.06312e-17 1e-20
7899.584497 3.07002e-17 1e-20
7905.102942 4.39465e-17 1e-20
7910.621387 3.60682e-17 1e-20
7916.139833 2.97638e-17 1e-20
7921.658278 3.01206e-17 1e-20
7927.176723 2.08051e-17 1e-20
7932.695168 3.23609e-17 1e-20
7938.213613 3.00904e-17 1e-20
7943.732058 2.79605e-17 1e-20
7949.250503 9.4514e-18 1e-20
7954.768948 -4.87824e-17 1e-20
7960.287393 1.68621e-17 1e-20
7965.805838 5.78994e-17 1e-20
7971.324283 2.60523e-17 1e-20
7976.842728 1.89508e-17 1e-20
7982.361173 2.01639e-17 1e-20
7987.879618 2.20497e-17 1e-20
7993.398063 2.78816e-17 1e-20
7998.916508 2.51857e-17 1e-20
8004.434953 2.90605e-17 1e-20
8009.953398 4.16706e-17 1e-20
8015.471843 3.69255e-17 1e-20
8020.990288 2.03708e-17 1e-20
8026.508733 2.29011e-17 1e-20
8032.027178 3.88336e-17 1e-20
8037.545623 3.45182e-17 1e-20
8043.064068 2.36122e-17 1e-20
8048.582513 3.02013e-17 1e-20
8054.100958 2.51442e-17 1e-20
8059.619403 1.95191e-17 1e-20
8065.137848 1.9816e-17 1e-20
8070.656293 2.8664e-17 1e-20
8076.174738 2.58593e-17 1e-20
8081.693183 2.06599e-17 1e-20
8087.211628 4.79569e-17 1e-20
8092.730073 3.53345e-17 1e-20
8098.248518 2.18181e-17 1e-20
8103.766963 2.45611e-17 1e-20
8109.285408 4.22469e-17 1e-20
8114.803853 3.84577e-17 1e-20
8120.322298 3.99043e-17 1e-20
8125.840743 4.90962e-17 1e-20
8131.359188 3.53402e-17 1e-20
8136.877633 3.19076e-17 1e-20
8142.396078 3.24334e-17 1e-20
8147.914523 1.80903e-17 1e-20
8153.432968 1.81287e-17 1e-20
8158.951413 2.57486e-17 1e-20
8164.469858 2.94778e-17 1e-20
8169.988303 3.16095e-17 1e-20
8175.506748 3.40997e-17 1e-20
8181.025193 3.11193e-17 1e-20
8186.543638 3.52901e-17 1e-20
8192.062083 5.17168e-17 1e-20
8197.580528 5.10954e-17 1e-20
8203.098973 4.16936e-17 1e-20
8208.617418 2.15868e-17 1e-20
8214.135863 3.47433e-17 1e-20
8219.654308 3.3236e-17 1e-20
8225.172753 3.98281e-17 1e-20
8230.691198 2.4113e-17 1e-20
8236.209643 2.44401e-17 1e-20
8241.728088 4.66067e-17 1e-20
8247.246533 3.93458e-17 1e-20
8252.764978 1.23715e-17 1e-20
8258.283423 4.40328e-17 1e-20
8263.801868 3.4399e-17 1e-20
8269.320313 4.35916e-17 1e-20
8274.838758 3.26523e-17 1e-20
8280.357203 1.36481e-17 1e-20
8285.875648 -6.53436e-18 1e-20
8291.394094 2.1192e-17 1e-20
8296.912539 4.81808e-17 1e-20
8302.430984 5.11639e-17 1e-20
8307.949429 3.94466e-17 1e-20
8313.467874 1.98746e-17 1e-20
8318.986319 2.63041e-17 1e-20
8324.504764 2.73942e-17 1e-20
8330.023209 4.69307e-17 1e-20
8335.541654 5.2791e-17 1e-20
8341.060099 6.79767e-17 1e-20
8346.578544 2.01263e-17 1e-20
8352.096989 2.83515e-17 1e-20
8357.615434 2.00749e-17 1e-20
8363.133879 1.44387e-17 1e-20
8368.652324 5.00454e-17 1e-20
8374.170769 3.51926e-17 1e-20
8379.689214 1.23499e-17 1e-20
8385.207659 2.71346e-17 1e-20
8390.726104 -9.92478e-18 1e-20
8396.244549 -1.81789e-18 1e-20
8401.762994 2.42465e-17 1e-20
8407.281439 5.76534e-17 1e-20
8412.799884 7.4368e-17 1e-20
8418.318329 8.792e-17 1e-20
8423.836774 1.68463e-17 1e-20
8429.355219 -1.60104e-18 1e-20
8434.873664 -3.91585e-18 1e-20
8440.392109 1.98819e-17 1e-20
8445.910554 2.22051e-17 1e-20
8451.428999 1.43948e-17 1e-20
8456.947444 2.27306e-17 1e-20
8462.465889 6.44036e-17 1e-20
8467.984334 3.05776e-17 1e-20
8473.502779 -1.85069e-17 1e-20
8479.021224 1.10575e-17 1e-20
8484.539669 7.07046e-17 1e-20
8490.058114 8.59322e-17 1e-20
8495.576559 4.73686e-17 1e-20
8501.095004 3.28554e-17 1e-20
8506.613449 3.78531e-18 1e-20
8512.131894 2.43231e-17 1e-20
8517.650339 1.96514e-17 1e-20
8523.168784 1.74326e-17 1e-20
8528.687229 2.50262e-17 1e-20
8534.205674 5.75571e-17 1e-20
8539.724119 3.11064e-17 1e-20
8545.242564 1.00937e-17 1e-20
8550.761009 1.87713e-18 1e-20
8556.279454 3.59433e-17 1e-20
8561.797899 1.00236e-17 1e-20
8567.316344 -2.74763e-17 1e-20
8572.834789 1.22374e-17 1e-20
8578.353234 -1.27907e-16 1e-20
8583.871679 -5.8486e-17 1e-20
8589.390124 7.78149e-17 1e-20
8594.908569 5.12447e-17 1e-20
8600.427014 3.54663e-17 1e-20
8605.945459 6.12966e-17 1e-20
8611.463904 5.87541e-17 1e-20
8616.982349 6.65596e-17 1e-20
8622.500794 2.96264e-17 1e-20
8628.019239 -1.05685e-17 1e-20
8633.537684 2.67386e-17 1e-20
8639.056129 5.4728e-17 1e-20
8644.574574 7.21571e-17 1e-20
8650.093019 3.85554e-17 1e-20
8655.611464 -5.00718e-18 1e-20
8661.12991 -9.07932e-19 1e-20
8666.648355 5.43379e-18 1e-20
8672.1668 4.3444e-17 1e-20
8677.685245 3.78953e-17 1e-20
8683.20369 1.52673e-17 1e-20
8688.722135 3.78501e-17 1e-20
8694.24058 5.74533e-17 1e-20
8699.759025 3.00888e-17 1e-20
8705.27747 2.79759e-17 1e-20
8710.795915 4.35678e-17 1e-20
8716.31436 3.88291e-17 1e-20
8721.832805 5.43373e-17 1e-20
8727.35125 2.38956e-17 1e-20
8732.869695 2.16551e-17 1e-20
8738.38814 2.68462e-17 1e-20
8743.906585 3.5243e-17 1e-20
8749.42503 2.74116e-17 1e-20
8754.943475 3.14674e-17 1e-20
8760.46192 2.00272e-17 1e-20
8765.980365 2.34845e-17 1e-20
8771.49881 2.5716e-17 1e-20
8777.017255 -6.96751e-18 1e-20
8782.5357 9.63014e-18 1e-20
8788.054145 2.30768e-17 1e-20
8793.57259 2.36621e-17 1e-20
8799.091035 2.7987e-17 1e-20
8804.60948 3.42007e-17 1e-20
8810.127925 3.73735e-17 1e-20
8815.64637 1.78733e-17 1e-20
8821.164815 3.38905e-17 1e-20
8826.68326 2.41247e-17 1e-20
8832.201705 3.03509e-17 1e-20
8837.72015 4.51109e-17 1e-20
8843.238595 4.01618e-17 1e-20
8848.75704 3.17835e-17 1e-20
8854.275485 8.1947e-18 1e-20
8859.79393 2.84088e-17 1e-20
8865.312375 4.95917e-18 1e-20
8870.83082 2.3349e-17 1e-20
8876.349265 2.17068e-17 1e-20
8881.86771 2.27005e-17 1e-20
8887.386155 1.83751e-17 1e-20
8892.9046 2.296e-17 1e-20
8898.423045 5.38294e-18 1e-20
8903.94149 1.62201e-17 1e-20
8909.459935 -1.57912e-16 1e-20
8914.97838 -5.42781e-16 1e-20
8920.496825 -1.92785e-16 1e-20
8926.01527 2.28315e-17 1e-20
8931.533715 3.44398e-17 1e-20
8937.05216 3.32001e-17 1e-20
8942.570605 1.73138e-17 1e-20
8948.08905 8.11198e-18 1e-20
8953.607495 6.70882e-18 1e-20
8959.12594 1.13893e-17 1e-20
8964.644385 2.22292e-17 1e-20
8970.16283 4.44357e-17 1e-20
8975.681275 2.99034e-17 1e-20
8981.19972 2.06058e-17 1e-20
8986.718165 1.41093e-17 1e-20
8992.23661 1.23658e-17 1e-20
8997.755055 2.50206e-17 1e-20
9003.2735 1.29654e-17 1e-20
9008.791945 2.88981e-17 1e-20
9014.31039 2.5139e-17 1e-20
9019.828835 1.78862e-17 1e-20
9025.347281 1.61253e-17 1e-20
9030.865726 2.53514e-17 1e-20
9036.384171 3.74291e-17 1e-20
9041.902616 1.78018e-17 1e-20
9047.421061 2.46322e-17 1e-20
9052.939506 2.31984e-17 1e-20
9058.457951 1.36915e-17 1e-20
9063.976396 3.94502e-18 1e-20
9069.494841 -9.44496e-18 1e-20
9075.013286 1.74736e-17 1e-20
9080.531731 3.60438e-17 1e-20
9086.050176 3.90024e-17 1e-20
9091.568621 1.38215e-17 1e-20
9097.087066 2.51664e-17 1e-20
9102.605511 2.24515e-17 1e-20
9108.123956 4.2389e-17 1e-20
9113.642401 3.05491e-17 1e-20
9119.160846 2.10249e-17 1e-20
9124.679291 3.02015e-17 1e-20
9130.197736 3.36358e-17 1e-20
9135.716181 -1.33825e-17 1e-20
9141.234626 -1.58469e-16 1e-20
9146.753071 -5.64465e-17 1e-20
9152.271516 3.01708e-17 1e-20
9157.789961 1.68192e-17 1e-20
9163.308406 2.84828e-17 1e-20
9168.826851 3.47119e-17 1e-20
9174.345296 1.88022e-17 1e-20
9179.863741 2.50834e-17 1e-20
9185.382186 3.79231e-17 1e-20
9190.900631 3.30123e-17 1e-20
9196.419076 1.62077e-17 1e-20
9201.937521 4.06951e-17 1e-20
9207.455966 2.3701e-17 1e-20
9212.974411 2.78876e-18 1e-20
9218.492856 2.79987e-17 1e-20
9224.011301 1.47363e-17 1e-20
9229.529746 7.16126e-18 1e-20
9235.048191 2.05065e-17 1e-20
9240.566636 2.60429e-17 1e-20
9246.085081 3.53987e-17 1e-20
