3352.730469 2.212925e-15 1e-20
3356.812362 2.273988e-15 1e-20
3360.894255 2.280894e-15 1e-20
3364.976148 2.493798e-15 1e-20
3369.058041 2.457251e-15 1e-20
3373.139934 2.478027e-15 1e-20
3377.221827 2.540529e-15 1e-20
3381.30372 2.669952e-15 1e-20
3385.385612 2.529539e-15 1e-20
3389.467505 2.711935e-15 1e-20
3393.549398 2.686811e-15 1e-20
3397.631291 2.72131e-15 1e-20
3401.713184 2.704534e-15 1e-20
3405.795077 2.755073e-15 1e-20
3409.87697 2.766613e-15 1e-20
3413.958863 2.660392e-15 1e-20
3418.040756 2.619157e-15 1e-20
3422.122649 2.655909e-15 1e-20
3426.204542 2.636834e-15 1e-20
3430.286435 2.497621e-15 1e-20
3434.368328 2.54942e-15 1e-20
3438.450221 2.444959e-15 1e-20
3442.532114 2.366265e-15 1e-20
3446.614007 2.33515e-15 1e-20
3450.6959 2.308191e-15 1e-20
3454.777793 2.286189e-15 1e-20
3458.859686 2.250743e-15 1e-20
3462.941579 2.239553e-15 1e-20
3467.023472 2.326503e-15 1e-20
3471.105365 2.274952e-15 1e-20
3475.187258 2.412785e-15 1e-20
3479.269151 2.439355e-15 1e-20
3483.351044 2.412894e-15 1e-20
3487.432937 2.463343e-15 1e-20
3491.51483 2.534011e-15 1e-20
3495.596723 2.532611e-15 1e-20
3499.678616 2.61214e-15 1e-20
3503.760509 2.571094e-15 1e-20
3507.842402 2.635195e-15 1e-20
3511.924294 2.601952e-15 1e-20
3516.006187 2.662866e-15 1e-20
3520.08808 2.599986e-15 1e-20
3524.169973 2.574154e-15 1e-20
3528.251866 2.514466e-15 1e-20
3532.333759 2.502478e-15 1e-20
3536.415652 2.451082e-15 1e-20
3540.497545 2.410811e-15 1e-20
3544.579438 2.355902e-15 1e-20
3548.661331 2.332119e-15 1e-20
3552.743224 2.335692e-15 1e-20
3556.825117 2.309141e-15 1e-20
3560.90701 2.34236e-15 1e-20
3564.988903 2.297621e-15 1e-20
3569.070796 2.284513e-15 1e-20
3573.152689 2.205819e-15 1e-20
3577.234582 2.160587e-15 1e-20
3581.316475 2.099495e-15 1e-20
3585.398368 2.058742e-15 1e-20
3589.480261 2.041365e-15 1e-20
3593.562154 1.994052e-15 1e-20
3597.644047 2.014782e-15 1e-20
3601.72594 2.028552e-15 1e-20
3605.807833 2.020489e-15 1e-20
3609.889726 1.93454e-15 1e-20
3613.971619 1.936127e-15 1e-20
3618.053512 1.9252e-15 1e-20
3622.135405 1.909685e-15 1e-20
3626.217298 1.922327e-15 1e-20
3630.299191 1.973148e-15 1e-20
3634.381083 1.98559e-15 1e-20
3638.462976 2.031463e-15 1e-20
3642.544869 2.060466e-15 1e-20
3646.626762 2.107878e-15 1e-20
3650.708655 2.151672e-15 1e-20
3654.790548 2.094271e-15 1e-20
3658.872441 2.098861e-15 1e-20
3662.954334 2.046693e-15 1e-20
3667.036227 2.022994e-15 1e-20
3671.11812 2.07523e-15 1e-20
3675.200013 2.074955e-15 1e-20
3679.281906 2.090712e-15 1e-20
3683.363799 2.119583e-15 1e-20
3687.445692 2.088332e-15 1e-20
3691.527585 2.054819e-15 1e-20
3695.609478 2.080156e-15 1e-20
3699.691371 2.065365e-15 1e-20
3703.773264 2.036347e-15 1e-20
3707.855157 1.965317e-15 1e-20
3711.93705 1.941496e-15 1e-20
3716.018943 1.94675e-15 1e-20
3720.100836 1.920134e-15 1e-20
3724.182729 1.861105e-15 1e-20
3728.264622 1.832264e-15 1e-20
3732.346515 1.797108e-15 1e-20
3736.428408 1.790915e-15 1e-20
3740.510301 1.73746e-15 1e-20
3744.592194 1.713228e-15 1e-20
3748.674087 1.711396e-15 1e-20
3752.75598 1.70361e-15 1e-20
3756.837873 1.716688e-15 1e-20
3760.919765 1.774809e-15 1e-20
3765.001658 1.787269e-15 1e-20
3769.083551 1.757916e-15 1e-20
3773.165444 1.763485e-15 1e-20
3777.247337 1.787664e-15 1e-20
3781.32923 1.803655e-15 1e-20
3785.411123 1.742799e-15 1e-20
3789.493016 1.760307e-15 1e-20
3793.574909 1.731717e-15 1e-20
3797.656802 1.733353e-15 1e-20
3801.738695 1.778659e-15 1e-20
3805.820588 1.740038e-15 1e-20
3809.902481 1.761245e-15 1e-20
3813.984374 1.791846e-15 1e-20
3818.066267 1.810698e-15 1e-20
3822.14816 1.860222e-15 1e-20
3826.230053 1.862832e-15 1e-20
3830.311946 1.84556e-15 1e-20
3834.393839 1.923391e-15 1e-20
3838.475732 1.956467e-15 1e-20
3842.557625 1.985802e-15 1e-20
3846.639518 1.967854e-15 1e-20
3850.721411 1.982296e-15 1e-20
3854.803304 2.024589e-15 1e-20
3858.885197 2.00227e-15 1e-20
3862.96709 1.98835e-15 1e-20
3867.048983 1.933661e-15 1e-20
3871.130876 1.912369e-15 1e-20
3875.212769 1.854123e-15 1e-20
3879.294662 1.871554e-15 1e-20
3883.376554 1.843193e-15 1e-20
3887.458447 1.808412e-15 1e-20
3891.54034 1.80891e-15 1e-20
3895.622233 1.81731e-15 1e-20
3899.704126 1.766054e-15 1e-20
3903.786019 1.773501e-15 1e-20
3907.867912 1.760997e-15 1e-20
3911.949805 1.744933e-15 1e-20
3916.031698 1.787153e-15 1e-20
3920.113591 1.755988e-15 1e-20
3924.195484 1.706621e-15 1e-20
3928.277377 1.697922e-15 1e-20
3932.35927 1.654666e-15 1e-20
3936.441163 1.661365e-15 1e-20
3940.523056 1.682071e-15 1e-20
3944.604949 1.632847e-15 1e-20
3948.686842 1.639777e-15 1e-20
3952.768735 1.638112e-15 1e-20
3956.850628 1.661752e-15 1e-20
3960.932521 1.660422e-15 1e-20
3965.014414 1.67577e-15 1e-20
3969.096307 1.668024e-15 1e-20
3973.1782 1.64527e-15 1e-20
3977.260093 1.720528e-15 1e-20
3981.341986 1.737713e-15 1e-20
3985.423879 1.775913e-15 1e-20
3989.505772 1.755806e-15 1e-20
3993.587665 1.784576e-15 1e-20
3997.669558 1.816716e-15 1e-20
4001.751451 1.868212e-15 1e-20
4005.833344 1.877094e-15 1e-20
4009.915236 1.866293e-15 1e-20
4013.997129 1.886728e-15 1e-20
4018.079022 1.884669e-15 1e-20
4022.160915 1.875804e-15 1e-20
4026.242808 1.847778e-15 1e-20
4030.324701 1.836757e-15 1e-20
4034.406594 1.815631e-15 1e-20
4038.488487 1.840325e-15 1e-20
4042.57038 1.80931e-15 1e-20
4046.652273 1.77654e-15 1e-20
4050.734166 1.718073e-15 1e-20
4054.816059 1.707566e-15 1e-20
4058.897952 1.70818e-15 1e-20
4062.979845 1.689558e-15 1e-20
4067.061738 1.68867e-15 1e-20
4071.143631 1.643503e-15 1e-20
4075.225524 1.661004e-15 1e-20
4079.307417 1.657875e-15 1e-20
4083.38931 1.649487e-15 1e-20
4087.471203 1.681463e-15 1e-20
4091.553096 1.693395e-15 1e-20
4095.634989 1.720321e-15 1e-20
4099.716882 1.732955e-15 1e-20
4103.798775 1.743743e-15 1e-20
4107.880668 1.738804e-15 1e-20
4111.962561 1.739255e-15 1e-20
4116.044454 1.779288e-15 1e-20
4120.126347 1.738375e-15 1e-20
4124.20824 1.735332e-15 1e-20
4128.290133 1.771739e-15 1e-20
4132.372025 1.785576e-15 1e-20
4136.453918 1.756795e-15 1e-20
4140.535811 1.752903e-15 1e-20
4144.617704 1.777986e-15 1e-20
4148.699597 1.768969e-15 1e-20
4152.78149 1.766955e-15 1e-20
4156.863383 1.776242e-15 1e-20
4160.945276 1.756469e-15 1e-20
4165.027169 1.764392e-15 1e-20
4169.109062 1.748496e-15 1e-20
4173.190955 1.769932e-15 1e-20
4177.272848 1.7545e-15 1e-20
4181.354741 1.743696e-15 1e-20
4185.436634 1.72073e-15 1e-20
4189.518527 1.664975e-15 1e-20
4193.60042 1.651264e-15 1e-20
4197.682313 1.657589e-15 1e-20
4201.764206 1.583513e-15 1e-20
4205.846099 1.576541e-15 1e-20
4209.927992 1.532234e-15 1e-20
4214.009885 1.52686e-15 1e-20
4218.091778 1.526399e-15 1e-20
4222.173671 1.530756e-15 1e-20
4226.255564 1.486198e-15 1e-20
4230.337457 1.456457e-15 1e-20
4234.41935 1.441516e-15 1e-20
4238.501243 1.434866e-15 1e-20
4242.583136 1.443991e-15 1e-20
4246.665029 1.3951e-15 1e-20
4250.746922 1.405576e-15 1e-20
4254.828815 1.389377e-15 1e-20
4258.910707 1.365279e-15 1e-20
4262.9926 1.347408e-15 1e-20
4267.074493 1.321373e-15 1e-20
4271.156386 1.328997e-15 1e-20
4275.238279 1.292956e-15 1e-20
4279.320172 1.238609e-15 1e-20
4283.402065 1.253259e-15 1e-20
4287.483958 1.227383e-15 1e-20
4291.565851 1.184641e-15 1e-20
4295.647744 1.167304e-15 1e-20
4299.729637 1.142713e-15 1e-20
4303.81153 1.114238e-15 1e-20
4307.893423 1.119686e-15 1e-20
4311.975316 1.120261e-15 1e-20
4316.057209 1.092664e-15 1e-20
4320.139102 1.105881e-15 1e-20
4324.220995 1.129789e-15 1e-20
4328.302888 1.122769e-15 1e-20
4332.384781 1.15295e-15 1e-20
4336.466674 1.139321e-15 1e-20
4340.548567 1.16126e-15 1e-20
4344.63046 1.158588e-15 1e-20
4348.712353 1.160457e-15 1e-20
4352.794246 1.165545e-15 1e-20
4356.876139 1.170054e-15 1e-20
4360.958032 1.161161e-15 1e-20
4365.039925 1.154713e-15 1e-20
4369.121818 1.136132e-15 1e-20
4373.203711 1.124284e-15 1e-20
4377.285604 1.140873e-15 1e-20
4381.367496 1.136907e-15 1e-20
4385.449389 1.160764e-15 1e-20
4389.531282 1.163347e-15 1e-20
4393.613175 1.174665e-15 1e-20
4397.695068 1.181501e-15 1e-20
4401.776961 1.181721e-15 1e-20
4405.858854 1.172046e-15 1e-20
4409.940747 1.209952e-15 1e-20
4414.02264 1.199325e-15 1e-20
4418.104533 1.211306e-15 1e-20
4422.186426 1.252853e-15 1e-20
4426.268319 1.245466e-15 1e-20
4430.350212 1.250436e-15 1e-20
4434.432105 1.264433e-15 1e-20
4438.513998 1.289212e-15 1e-20
4442.595891 1.310411e-15 1e-20
4446.677784 1.288526e-15 1e-20
4450.759677 1.317813e-15 1e-20
4454.84157 1.31417e-15 1e-20
4458.923463 1.317642e-15 1e-20
4463.005356 1.341531e-15 1e-20
4467.087249 1.327828e-15 1e-20
4471.169142 1.32936e-15 1e-20
4475.251035 1.341418e-15 1e-20
4479.332928 1.325515e-15 1e-20
4483.414821 1.306698e-15 1e-20
4487.496714 1.284345e-15 1e-20
4491.578607 1.234348e-15 1e-20
4495.6605 1.212182e-15 1e-20
4499.742393 1.171967e-15 1e-20
4503.824286 1.156496e-15 1e-20
4507.906178 1.107629e-15 1e-20
4511.988071 1.073872e-15 1e-20
4516.069964 1.054418e-15 1e-20
4520.151857 1.054697e-15 1e-20
4524.23375 1.04729e-15 1e-20
4528.315643 1.070832e-15 1e-20
4532.397536 1.076005e-15 1e-20
4536.479429 1.080701e-15 1e-20
4540.561322 1.116053e-15 1e-20
4544.643215 1.122882e-15 1e-20
4548.725108 1.127748e-15 1e-20
4552.807001 1.128167e-15 1e-20
4556.888894 1.151131e-15 1e-20
4560.970787 1.136657e-15 1e-20
4565.05268 1.142957e-15 1e-20
4569.134573 1.165453e-15 1e-20
4573.216466 1.159545e-15 1e-20
4577.298359 1.176576e-15 1e-20
4581.380252 1.169871e-15 1e-20
4585.462145 1.133341e-15 1e-20
4589.544038 1.114541e-15 1e-20
4593.625931 1.119744e-15 1e-20
4597.707824 1.114499e-15 1e-20
4601.789717 1.090101e-15 1e-20
4605.87161 1.097316e-15 1e-20
4609.953503 1.074109e-15 1e-20
4614.035396 1.067896e-15 1e-20
4618.117289 1.07805e-15 1e-20
4622.199182 1.0667e-15 1e-20
4626.281075 1.085131e-15 1e-20
4630.362967 1.093597e-15 1e-20
4634.44486 1.112605e-15 1e-20
4638.526753 1.112394e-15 1e-20
4642.608646 1.126334e-15 1e-20
4646.690539 1.133195e-15 1e-20
4650.772432 1.125608e-15 1e-20
4654.854325 1.116407e-15 1e-20
4658.936218 1.14554e-15 1e-20
4663.018111 1.149075e-15 1e-20
4667.100004 1.167837e-15 1e-20
4671.181897 1.179881e-15 1e-20
4675.26379 1.211338e-15 1e-20
4679.345683 1.200404e-15 1e-20
4683.427576 1.195624e-15 1e-20
4687.509469 1.231506e-15 1e-20
4691.591362 1.218917e-15 1e-20
4695.673255 1.239325e-15 1e-20
4699.755148 1.242978e-15 1e-20
4703.837041 1.265083e-15 1e-20
4707.918934 1.237566e-15 1e-20
4712.000827 1.274702e-15 1e-20
4716.08272 1.271236e-15 1e-20
4720.164613 1.255733e-15 1e-20
4724.246506 1.270321e-15 1e-20
4728.328399 1.264035e-15 1e-20
4732.410292 1.217345e-15 1e-20
4736.492185 1.231691e-15 1e-20
4740.574078 1.204161e-15 1e-20
4744.655971 1.178655e-15 1e-20
4748.737864 1.165366e-15 1e-20
4752.819757 1.137606e-15 1e-20
4756.901649 1.122557e-15 1e-20
4760.983542 1.10291e-15 1e-20
4765.065435 1.106301e-15 1e-20
4769.147328 1.067638e-15 1e-20
4773.229221 1.069106e-15 1e-20
4777.311114 1.066246e-15 1e-20
4781.393007 1.074022e-15 1e-20
4785.4749 1.067703e-15 1e-20
4789.556793 1.068356e-15 1e-20
4793.638686 1.06349e-15 1e-20
4797.720579 1.071511e-15 1e-20
4801.802472 1.065195e-15 1e-20
4805.884365 1.072268e-15 1e-20
4809.966258 1.065358e-15 1e-20
4814.048151 1.059016e-15 1e-20
4818.130044 1.083255e-15 1e-20
4822.211937 1.062369e-15 1e-20
4826.29383 1.060985e-15 1e-20
4830.375723 1.066486e-15 1e-20
4834.457616 1.071464e-15 1e-20
4838.539509 1.066353e-15 1e-20
4842.621402 1.055091e-15 1e-20
4846.703295 1.045438e-15 1e-20
4850.785188 1.046882e-15 1e-20
4854.867081 1.077557e-15 1e-20
4858.948974 1.063054e-15 1e-20
4863.030867 1.056915e-15 1e-20
4867.11276 1.040805e-15 1e-20
4871.194653 1.029807e-15 1e-20
4875.276546 1.066239e-15 1e-20
4879.358438 1.028028e-15 1e-20
4883.440331 1.045271e-15 1e-20
4887.522224 1.02623e-15 1e-20
4891.604117 1.047527e-15 1e-20
4895.68601 1.049076e-15 1e-20
4899.767903 1.026149e-15 1e-20
4903.849796 1.032343e-15 1e-20
4907.931689 1.019746e-15 1e-20
4912.013582 1.04689e-15 1e-20
4916.095475 1.041455e-15 1e-20
4920.177368 1.049798e-15 1e-20
4924.259261 1.031721e-15 1e-20
4928.341154 1.033545e-15 1e-20
4932.423047 1.022892e-15 1e-20
4936.50494 1.019148e-15 1e-20
4940.586833 1.034567e-15 1e-20
4944.668726 1.0327e-15 1e-20
4948.750619 1.040405e-15 1e-20
4952.832512 1.003993e-15 1e-20
4956.914405 1.014088e-15 1e-20
4960.996298 1.005778e-15 1e-20
4965.078191 9.970088e-16 1e-20
4969.160084 9.917745e-16 1e-20
4973.241977 1.000459e-15 1e-20
4977.32387 9.828245e-16 1e-20
4981.405763 9.904518e-16 1e-20
4985.487656 9.751268e-16 1e-20
4989.569549 9.670582e-16 1e-20
4993.651442 9.648656e-16 1e-20
4997.733335 9.404406e-16 1e-20
5001.815228 9.347303e-16 1e-20
5005.89712 9.401941e-16 1e-20
5009.979013 9.409669e-16 1e-20
5014.060906 9.289075e-16 1e-20
5018.142799 9.263249e-16 1e-20
5022.224692 8.982176e-16 1e-20
5026.306585 9.228106e-16 1e-20
5030.388478 9.26486e-16 1e-20
5034.470371 9.135478e-16 1e-20
5038.552264 9.049887e-16 1e-20
5042.634157 8.978319e-16 1e-20
5046.71605 8.906067e-16 1e-20
5050.797943 8.859236e-16 1e-20
5054.879836 8.603915e-16 1e-20
5058.961729 8.59144e-16 1e-20
5063.043622 8.603448e-16 1e-20
5067.125515 8.346981e-16 1e-20
5071.207408 8.298771e-16 1e-20
5075.289301 8.403269e-16 1e-20
5079.371194 8.342443e-16 1e-20
5083.453087 8.177248e-16 1e-20
5087.53498 7.972917e-16 1e-20
5091.616873 7.903663e-16 1e-20
5095.698766 8.028921e-16 1e-20
5099.780659 7.897803e-16 1e-20
5103.862552 7.992362e-16 1e-20
5107.944445 8.083771e-16 1e-20
5112.026338 7.912033e-16 1e-20
5116.108231 7.884095e-16 1e-20
5120.190124 8.012036e-16 1e-20
5124.272017 7.967402e-16 1e-20
5128.353909 8.027332e-16 1e-20
5132.435802 8.086584e-16 1e-20
5136.517695 7.909731e-16 1e-20
5140.599588 7.936593e-16 1e-20
5144.681481 7.86763e-16 1e-20
5148.763374 7.788173e-16 1e-20
5152.845267 7.707562e-16 1e-20
5156.92716 7.626136e-16 1e-20
5161.009053 7.738752e-16 1e-20
5165.090946 7.822901e-16 1e-20
5169.172839 7.533623e-16 1e-20
5173.254732 7.745143e-16 1e-20
5177.336625 8.109607e-16 1e-20
5181.418518 7.883441e-16 1e-20
5185.500411 7.958522e-16 1e-20
5189.582304 8.323749e-16 1e-20
5193.664197 8.114832e-16 1e-20
5197.74609 8.016776e-16 1e-20
5201.827983 8.387172e-16 1e-20
5205.909876 8.50346e-16 1e-20
5209.991769 8.432651e-16 1e-20
5214.073662 8.236178e-16 1e-20
5218.155555 8.41984e-16 1e-20
5222.237448 8.457292e-16 1e-20
5226.319341 8.352463e-16 1e-20
5230.401234 8.661255e-16 1e-20
5234.483127 8.458306e-16 1e-20
5238.56502 8.568813e-16 1e-20
5242.646913 8.437464e-16 1e-20
5246.728806 8.497988e-16 1e-20
5250.810699 8.514851e-16 1e-20
5254.892591 8.666459e-16 1e-20
5258.974484 8.687184e-16 1e-20
5263.056377 8.709664e-16 1e-20
5267.13827 8.551567e-16 1e-20
5271.220163 8.584145e-16 1e-20
5275.302056 8.685067e-16 1e-20
5279.383949 8.571738e-16 1e-20
5283.465842 8.631053e-16 1e-20
5287.547735 8.714143e-16 1e-20
5291.629628 8.578712e-16 1e-20
5295.711521 8.504051e-16 1e-20
5299.793414 8.791503e-16 1e-20
5303.875307 8.644871e-16 1e-20
5307.9572 8.609805e-16 1e-20
5312.039093 8.626393e-16 1e-20
5316.120986 8.45698e-16 1e-20
5320.202879 8.321026e-16 1e-20
5324.284772 8.46155e-16 1e-20
5328.366665 8.393694e-16 1e-20
5332.448558 8.446701e-16 1e-20
5336.530451 8.499621e-16 1e-20
5340.612344 8.512203e-16 1e-20
5344.694237 8.352581e-16 1e-20
5348.77613 8.229927e-16 1e-20
5352.858023 8.232891e-16 1e-20
5356.939916 8.182557e-16 1e-20
5361.021809 8.222414e-16 1e-20
5365.103702 8.042125e-16 1e-20
5369.185595 8.010924e-16 1e-20
5373.267488 7.969021e-16 1e-20
5377.34938 7.881725e-16 1e-20
5381.431273 7.709427e-16 1e-20
5385.513166 7.728331e-16 1e-20
5389.595059 7.785004e-16 1e-20
5393.676952 7.64275e-16 1e-20
5397.758845 7.542941e-16 1e-20
5401.840738 7.443989e-16 1e-20
5405.922631 7.378259e-16 1e-20
5410.004524 7.495275e-16 1e-20
5414.086417 7.449523e-16 1e-20
5418.16831 7.521271e-16 1e-20
5422.250203 7.333196e-16 1e-20
5426.332096 7.23374e-16 1e-20
5430.413989 7.289221e-16 1e-20
5434.495882 7.396929e-16 1e-20
5438.577775 7.209151e-16 1e-20
5442.659668 7.05953e-16 1e-20
5446.741561 7.389112e-16 1e-20
5450.823454 7.26622e-16 1e-20
5454.905347 7.084786e-16 1e-20
5458.98724 7.056759e-16 1e-20
5463.069133 7.030835e-16 1e-20
5467.151026 6.984778e-16 1e-20
5471.232919 7.090723e-16 1e-20
5475.314812 7.137671e-16 1e-20
5479.396705 7.07823e-16 1e-20
5483.478598 6.899586e-16 1e-20
5487.560491 6.92317e-16 1e-20
5491.642384 6.89211e-16 1e-20
5495.724277 6.845539e-16 1e-20
5499.80617 7.044904e-16 1e-20
5503.888062 7.119591e-16 1e-20
5507.969955 7.023079e-16 1e-20
5512.051848 6.822588e-16 1e-20
5516.133741 6.964972e-16 1e-20
5520.215634 6.851308e-16 1e-20
5524.297527 6.928568e-16 1e-20
5528.37942 7.004254e-16 1e-20
5532.461313 7.022451e-16 1e-20
5536.543206 6.957462e-16 1e-20
5540.625099 7.024381e-16 1e-20
5544.706992 6.855995e-16 1e-20
5548.788885 6.943799e-16 1e-20
5552.870778 6.783544e-16 1e-20
5556.952671 6.978317e-16 1e-20
5561.034564 7.122622e-16 1e-20
5565.116457 6.780946e-16 1e-20
5569.19835 6.947367e-16 1e-20
5573.280243 7.08053e-16 1e-20
5577.362136 7.019161e-16 1e-20
5581.444029 6.983296e-16 1e-20
5585.525922 7.03842e-16 1e-20
5589.607815 7.006755e-16 1e-20
5593.689708 6.818671e-16 1e-20
5597.771601 6.986621e-16 1e-20
5601.853494 7.016769e-16 1e-20
5605.935387 6.931541e-16 1e-20
5610.01728 6.833022e-16 1e-20
5614.099173 7.029081e-16 1e-20
5618.181066 6.780271e-16 1e-20
5622.262959 6.975522e-16 1e-20
5626.344851 6.913156e-16 1e-20
5630.426744 6.983698e-16 1e-20
5634.508637 7.072205e-16 1e-20
5638.59053 6.976308e-16 1e-20
5642.672423 6.905597e-16 1e-20
5646.754316 6.955183e-16 1e-20
5650.836209 6.853887e-16 1e-20
5654.918102 6.557055e-16 1e-20
5658.999995 6.362931e-16 1e-20
5663.081888 6.34965e-16 1e-20
5667.163781 6.388942e-16 1e-20
5671.245674 6.22022e-16 1e-20
5675.327567 6.201704e-16 1e-20
5679.40946 6.217527e-16 1e-20
5683.491353 6.173576e-16 1e-20
5687.573246 6.179307e-16 1e-20
5691.655139 6.31883e-16 1e-20
5695.737032 6.303053e-16 1e-20
5699.818925 6.275646e-16 1e-20
5703.900818 6.206805e-16 1e-20
5707.982711 6.2858e-16 1e-20
5712.064604 6.103729e-16 1e-20
5716.146497 5.992547e-16 1e-20
5720.22839 6.157517e-16 1e-20
5724.310283 6.161206e-16 1e-20
5728.392176 6.232955e-16 1e-20
5732.474069 6.37296e-16 1e-20
5736.555962 6.17521e-16 1e-20
5740.637855 6.2348e-16 1e-20
5744.719748 6.333425e-16 1e-20
5748.801641 6.421227e-16 1e-20
5752.883533 6.287985e-16 1e-20
5756.965426 6.259936e-16 1e-20
5761.047319 6.33567e-16 1e-20
5765.129212 6.264528e-16 1e-20
5769.211105 6.235493e-16 1e-20
5773.292998 6.279033e-16 1e-20
5777.374891 6.365202e-16 1e-20
5781.456784 6.323285e-16 1e-20
5785.538677 6.224183e-16 1e-20
5789.62057 6.295131e-16 1e-20
5793.702463 6.341479e-16 1e-20
5797.784356 6.320431e-16 1e-20
5801.866249 6.290396e-16 1e-20
5805.948142 6.399969e-16 1e-20
5810.030035 6.221893e-16 1e-20
5814.111928 6.084365e-16 1e-20
5818.193821 6.376255e-16 1e-20
5822.275714 6.400931e-16 1e-20
5826.357607 6.287308e-16 1e-20
5830.4395 6.365754e-16 1e-20
5834.521393 6.478364e-16 1e-20
5838.603286 6.258698e-16 1e-20
5842.685179 6.321434e-16 1e-20
5846.767072 6.413334e-16 1e-20
5850.848965 6.385204e-16 1e-20
5854.930858 6.417467e-16 1e-20
5859.012751 6.605374e-16 1e-20
5863.094644 6.421826e-16 1e-20
5867.176537 6.434538e-16 1e-20
5871.25843 6.51346e-16 1e-20
5875.340322 6.310823e-16 1e-20
5879.422215 6.377067e-16 1e-20
5883.504108 6.470904e-16 1e-20
5887.586001 6.289011e-16 1e-20
5891.667894 6.294723e-16 1e-20
5895.749787 6.443274e-16 1e-20
5899.83168 6.285555e-16 1e-20
5903.913573 6.204584e-16 1e-20
5907.995466 6.35504e-16 1e-20
5912.077359 6.327367e-16 1e-20
5916.159252 6.396326e-16 1e-20
5920.241145 6.254834e-16 1e-20
5924.323038 6.281204e-16 1e-20
5928.404931 6.242523e-16 1e-20
5932.486824 6.388458e-16 1e-20
5936.568717 6.270579e-16 1e-20
5940.65061 6.280421e-16 1e-20
5944.732503 6.213589e-16 1e-20
5948.814396 6.173098e-16 1e-20
5952.896289 6.210571e-16 1e-20
5956.978182 6.128435e-16 1e-20
5961.060075 6.077401e-16 1e-20
5965.141968 6.177363e-16 1e-20
5969.223861 5.953733e-16 1e-20
5973.305754 5.854351e-16 1e-20
5977.387647 6.149008e-16 1e-20
5981.46954 6.062623e-16 1e-20
5985.551433 6.140947e-16 1e-20
5989.633326 6.043343e-16 1e-20
5993.715219 6.009868e-16 1e-20
5997.797112 6.020798e-16 1e-20
6001.879004 5.913229e-16 1e-20
6005.960897 5.884527e-16 1e-20
6010.04279 5.941146e-16 1e-20
6014.124683 5.917378e-16 1e-20
6018.206576 5.795896e-16 1e-20
6022.288469 5.830259e-16 1e-20
6026.370362 5.94498e-16 1e-20
6030.452255 5.859375e-16 1e-20
6034.534148 5.7846e-16 1e-20
6038.616041 5.827182e-16 1e-20
6042.697934 5.754602e-16 1e-20
6046.779827 5.649113e-16 1e-20
6050.86172 5.72166e-16 1e-20
6054.943613 5.722719e-16 1e-20
6059.025506 5.7528e-16 1e-20
6063.107399 5.68541e-16 1e-20
6067.189292 5.669865e-16 1e-20
6071.271185 5.633912e-16 1e-20
6075.353078 5.673674e-16 1e-20
6079.434971 5.676618e-16 1e-20
6083.516864 5.613676e-16 1e-20
6087.598757 5.691746e-16 1e-20
6091.68065 5.764642e-16 1e-20
6095.762543 5.71702e-16 1e-20
6099.844436 5.657478e-16 1e-20
6103.926329 5.643584e-16 1e-20
6108.008222 5.696712e-16 1e-20
6112.090115 5.418404e-16 1e-20
6116.172008 5.607456e-16 1e-20
6120.253901 5.650675e-16 1e-20
6124.335793 5.708653e-16 1e-20
6128.417686 5.532628e-16 1e-20
6132.499579 5.471579e-16 1e-20
6136.581472 5.570463e-16 1e-20
6140.663365 5.465589e-16 1e-20
6144.745258 5.420516e-16 1e-20
6148.827151 5.482707e-16 1e-20
6152.909044 5.437553e-16 1e-20
6156.990937 5.410798e-16 1e-20
6161.07283 5.450457e-16 1e-20
6165.154723 5.159695e-16 1e-20
6169.236616 5.274441e-16 1e-20
6173.318509 5.393561e-16 1e-20
6177.400402 5.461334e-16 1e-20
6181.482295 5.257458e-16 1e-20
6185.564188 5.295656e-16 1e-20
6189.646081 5.249585e-16 1e-20
6193.727974 5.333917e-16 1e-20
6197.809867 5.422539e-16 1e-20
6201.89176 5.175787e-16 1e-20
6205.973653 5.06891e-16 1e-20
6210.055546 5.113989e-16 1e-20
6214.137439 5.200629e-16 1e-20
6218.219332 5.175115e-16 1e-20
6222.301225 5.040897e-16 1e-20
6226.383118 5.189952e-16 1e-20
6230.465011 5.102023e-16 1e-20
6234.546904 5.051983e-16 1e-20
6238.628797 5.038519e-16 1e-20
6242.71069 5.074349e-16 1e-20
6246.792583 5.075146e-16 1e-20
6250.874475 5.074936e-16 1e-20
6254.956368 4.750657e-16 1e-20
6259.038261 4.682771e-16 1e-20
6263.120154 4.938569e-16 1e-20
6267.202047 4.937444e-16 1e-20
6271.28394 4.888761e-16 1e-20
6275.365833 4.808081e-16 1e-20
6279.447726 4.853869e-16 1e-20
6283.529619 4.669668e-16 1e-20
6287.611512 4.837196e-16 1e-20
6291.693405 4.844079e-16 1e-20
6295.775298 4.671854e-16 1e-20
6299.857191 4.755749e-16 1e-20
6303.939084 4.854347e-16 1e-20
6308.020977 4.631345e-16 1e-20
6312.10287 4.500033e-16 1e-20
6316.184763 4.568911e-16 1e-20
6320.266656 4.499007e-16 1e-20
6324.348549 4.50289e-16 1e-20
6328.430442 4.468426e-16 1e-20
6332.512335 4.458465e-16 1e-20
6336.594228 4.512293e-16 1e-20
6340.676121 4.371372e-16 1e-20
6344.758014 4.381884e-16 1e-20
6348.839907 4.50809e-16 1e-20
6352.9218 4.584786e-16 1e-20
6357.003693 4.549383e-16 1e-20
6361.085586 4.443285e-16 1e-20
6365.167479 4.379266e-16 1e-20
6369.249372 4.430501e-16 1e-20
6373.331264 4.454981e-16 1e-20
6377.413157 4.410943e-16 1e-20
6381.49505 4.510053e-16 1e-20
6385.576943 4.445494e-16 1e-20
6389.658836 4.548299e-16 1e-20
6393.740729 4.446199e-16 1e-20
6397.822622 4.57176e-16 1e-20
6401.904515 4.648957e-16 1e-20
6405.986408 4.418909e-16 1e-20
6410.068301 4.401996e-16 1e-20
6414.150194 4.470002e-16 1e-20
6418.232087 4.743178e-16 1e-20
6422.31398 4.89921e-16 1e-20
6426.395873 4.577402e-16 1e-20
6430.477766 4.481548e-16 1e-20
6434.559659 4.625183e-16 1e-20
6438.641552 4.503303e-16 1e-20
6442.723445 4.553579e-16 1e-20
6446.805338 4.550013e-16 1e-20
6450.887231 4.302552e-16 1e-20
6454.969124 4.460917e-16 1e-20
6459.051017 4.521206e-16 1e-20
6463.13291 4.455812e-16 1e-20
6467.214803 4.495257e-16 1e-20
6471.296696 4.389286e-16 1e-20
6475.378589 4.531177e-16 1e-20
6479.460482 4.446093e-16 1e-20
6483.542375 4.327819e-16 1e-20
6487.624268 4.502495e-16 1e-20
6491.706161 4.589457e-16 1e-20
6495.788054 4.565058e-16 1e-20
6499.869946 4.463034e-16 1e-20
6503.951839 4.313063e-16 1e-20
6508.033732 4.418079e-16 1e-20
6512.115625 4.305502e-16 1e-20
6516.197518 4.328263e-16 1e-20
6520.279411 4.3968e-16 1e-20
6524.361304 4.564349e-16 1e-20
6528.443197 4.444115e-16 1e-20
6532.52509 4.38371e-16 1e-20
6536.606983 4.30958e-16 1e-20
6540.688876 4.221587e-16 1e-20
6544.770769 4.207355e-16 1e-20
6548.852662 4.193148e-16 1e-20
6552.934555 4.075745e-16 1e-20
6557.016448 4.39085e-16 1e-20
6561.098341 4.129162e-16 1e-20
6565.180234 4.353815e-16 1e-20
6569.262127 4.152307e-16 1e-20
6573.34402 4.197922e-16 1e-20
6577.425913 4.214571e-16 1e-20
6581.507806 4.146083e-16 1e-20
6585.589699 4.135001e-16 1e-20
6589.671592 4.247755e-16 1e-20
6593.753485 4.059986e-16 1e-20
6597.835378 3.874873e-16 1e-20
6601.917271 3.96834e-16 1e-20
6605.999164 4.108157e-16 1e-20
6610.081057 4.063364e-16 1e-20
6614.16295 4.085486e-16 1e-20
6618.244843 4.25655e-16 1e-20
6622.326735 4.268936e-16 1e-20
6626.408628 4.07276e-16 1e-20
6630.490521 4.000381e-16 1e-20
6634.572414 4.050847e-16 1e-20
6638.654307 4.004193e-16 1e-20
6642.7362 3.902989e-16 1e-20
6646.818093 3.847842e-16 1e-20
6650.899986 4.00473e-16 1e-20
6654.981879 4.092035e-16 1e-20
6659.063772 3.986039e-16 1e-20
6663.145665 3.966103e-16 1e-20
6667.227558 3.97487e-16 1e-20
6671.309451 3.844123e-16 1e-20
6675.391344 4.06493e-16 1e-20
6679.473237 4.028718e-16 1e-20
6683.55513 4.10557e-16 1e-20
6687.637023 4.137248e-16 1e-20
6691.718916 4.015918e-16 1e-20
6695.800809 4.02938e-16 1e-20
6699.882702 4.111303e-16 1e-20
6703.964595 3.973775e-16 1e-20
6708.046488 3.961822e-16 1e-20
6712.128381 3.977773e-16 1e-20
6716.210274 4.063814e-16 1e-20
6720.292167 3.905426e-16 1e-20
6724.37406 4.004175e-16 1e-20
6728.455953 4.106304e-16 1e-20
6732.537846 3.964198e-16 1e-20
6736.619739 3.844028e-16 1e-20
6740.701632 3.863525e-16 1e-20
6744.783525 3.996671e-16 1e-20
6748.865417 3.893491e-16 1e-20
6752.94731 3.826211e-16 1e-20
6757.029203 3.964914e-16 1e-20
6761.111096 3.898908e-16 1e-20
6765.192989 3.897347e-16 1e-20
6769.274882 3.825434e-16 1e-20
6773.356775 3.92514e-16 1e-20
6777.438668 3.893147e-16 1e-20
6781.520561 3.867809e-16 1e-20
6785.602454 3.777519e-16 1e-20
6789.684347 3.781955e-16 1e-20
6793.76624 3.770693e-16 1e-20
6797.848133 3.652324e-16 1e-20
6801.930026 3.741648e-16 1e-20
6806.011919 3.834523e-16 1e-20
6810.093812 3.846293e-16 1e-20
6814.175705 3.828967e-16 1e-20
6818.257598 3.896172e-16 1e-20
6822.339491 3.96591e-16 1e-20
6826.421384 3.787477e-16 1e-20
6830.503277 3.718169e-16 1e-20
6834.58517 3.685288e-16 1e-20
6838.667063 3.732379e-16 1e-20
6842.748956 3.85325e-16 1e-20
6846.830849 3.797149e-16 1e-20
6850.912742 3.826083e-16 1e-20
6854.994635 3.770615e-16 1e-20
6859.076528 3.821812e-16 1e-20
6863.158421 3.934225e-16 1e-20
6867.240314 3.810315e-16 1e-20
6871.322206 4.024304e-16 1e-20
6875.404099 4.009812e-16 1e-20
6879.485992 3.665775e-16 1e-20
6883.567885 3.723601e-16 1e-20
6887.649778 3.75516e-16 1e-20
6891.731671 3.838936e-16 1e-20
6895.813564 3.75447e-16 1e-20
6899.895457 3.589485e-16 1e-20
6903.97735 3.428108e-16 1e-20
6908.059243 3.531929e-16 1e-20
6912.141136 3.680686e-16 1e-20
6916.223029 3.730966e-16 1e-20
6920.304922 3.529199e-16 1e-20
6924.386815 3.474672e-16 1e-20
6928.468708 3.568813e-16 1e-20
6932.550601 3.616747e-16 1e-20
6936.632494 3.656156e-16 1e-20
6940.714387 3.467457e-16 1e-20
6944.79628 3.355259e-16 1e-20
6948.878173 3.582264e-16 1e-20
6952.960066 3.591611e-16 1e-20
6957.041959 3.477528e-16 1e-20
6961.123852 3.552203e-16 1e-20
6965.205745 3.604132e-16 1e-20
6969.287638 3.503222e-16 1e-20
6973.369531 3.524269e-16 1e-20
6977.451424 3.597447e-16 1e-20
6981.533317 3.556873e-16 1e-20
6985.61521 3.509567e-16 1e-20
6989.697103 3.432835e-16 1e-20
6993.778996 3.725099e-16 1e-20
6997.860888 3.629091e-16 1e-20
7001.942781 3.42988e-16 1e-20
7006.024674 3.326382e-16 1e-20
7010.106567 3.39159e-16 1e-20
7014.18846 3.483748e-16 1e-20
7018.270353 3.340518e-16 1e-20
7022.352246 3.268444e-16 1e-20
7026.434139 3.378778e-16 1e-20
7030.516032 3.42291e-16 1e-20
7034.597925 3.209926e-16 1e-20
7038.679818 3.48435e-16 1e-20
7042.761711 3.493995e-16 1e-20
7046.843604 3.505411e-16 1e-20
7050.925497 3.234319e-16 1e-20
7055.00739 3.459779e-16 1e-20
7059.089283 3.526139e-16 1e-20
7063.171176 3.399532e-16 1e-20
7067.253069 3.309424e-16 1e-20
7071.334962 3.188731e-16 1e-20
7075.416855 3.250252e-16 1e-20
7079.498748 3.417142e-16 1e-20
7083.580641 3.409596e-16 1e-20
7087.662534 3.409277e-16 1e-20
7091.744427 3.404645e-16 1e-20
7095.82632 3.327888e-16 1e-20
7099.908213 3.279616e-16 1e-20
7103.990106 3.318284e-16 1e-20
7108.071999 3.243485e-16 1e-20
7112.153892 3.33874e-16 1e-20
7116.235785 3.428082e-16 1e-20
7120.317677 3.258045e-16 1e-20
7124.39957 3.212424e-16 1e-20
7128.481463 3.326233e-16 1e-20
7132.563356 3.279478e-16 1e-20
7136.645249 3.30486e-16 1e-20
7140.727142 3.294147e-16 1e-20
7144.809035 3.209672e-16 1e-20
7148.890928 3.183861e-16 1e-20
7152.972821 3.23249e-16 1e-20
7157.054714 3.296033e-16 1e-20
7161.136607 3.20454e-16 1e-20
7165.2185 3.176592e-16 1e-20
7169.300393 3.228113e-16 1e-20
7173.382286 3.236518e-16 1e-20
7177.464179 3.324394e-16 1e-20
7181.546072 3.367118e-16 1e-20
7185.627965 3.175319e-16 1e-20
7189.709858 3.251089e-16 1e-20
7193.791751 3.130562e-16 1e-20
7197.873644 3.089946e-16 1e-20
7201.955537 3.164387e-16 1e-20
7206.03743 3.156255e-16 1e-20
7210.119323 3.052034e-16 1e-20
7214.201216 3.275256e-16 1e-20
7218.283109 3.20903e-16 1e-20
7222.365002 3.050765e-16 1e-20
7226.446895 3.194424e-16 1e-20
7230.528788 3.053003e-16 1e-20
7234.610681 2.967251e-16 1e-20
7238.692574 3.250402e-16 1e-20
7242.774467 3.047933e-16 1e-20
7246.856359 3.209302e-16 1e-20
7250.938252 3.240875e-16 1e-20
7255.020145 3.184504e-16 1e-20
7259.102038 2.945339e-16 1e-20
7263.183931 3.104475e-16 1e-20
7267.265824 3.012667e-16 1e-20
7271.347717 2.891217e-16 1e-20
7275.42961 2.980959e-16 1e-20
7279.511503 3.099502e-16 1e-20
7283.593396 3.097749e-16 1e-20
7287.675289 3.139461e-16 1e-20
7291.757182 3.14862e-16 1e-20
7295.839075 2.957145e-16 1e-20
7299.920968 2.977008e-16 1e-20
7304.002861 2.908961e-16 1e-20
7308.084754 2.737718e-16 1e-20
7312.166647 2.941714e-16 1e-20
7316.24854 3.117873e-16 1e-20
7320.330433 2.909643e-16 1e-20
7324.412326 2.785968e-16 1e-20
7328.494219 2.914685e-16 1e-20
7332.576112 3.007397e-16 1e-20
7336.658005 2.911383e-16 1e-20
7340.739898 2.838275e-16 1e-20
7344.821791 2.904608e-16 1e-20
7348.903684 2.859594e-16 1e-20
7352.985577 2.795336e-16 1e-20
7357.06747 2.8637e-16 1e-20
7361.149363 2.874661e-16 1e-20
7365.231256 2.940631e-16 1e-20
7369.313148 2.809101e-16 1e-20
7373.395041 2.80416e-16 1e-20
7377.476934 2.747693e-16 1e-20
7381.558827 2.777372e-16 1e-20
7385.64072 2.924945e-16 1e-20
7389.722613 2.840838e-16 1e-20
7393.804506 2.786176e-16 1e-20
7397.886399 2.778837e-16 1e-20
7401.968292 2.774006e-16 1e-20
7406.050185 2.797396e-16 1e-20
7410.132078 2.979506e-16 1e-20
7414.213971 2.859836e-16 1e-20
7418.295864 2.801375e-16 1e-20
7422.377757 3.091659e-16 1e-20
7426.45965 3.022809e-16 1e-20
7430.541543 2.948191e-16 1e-20
7434.623436 3.137056e-16 1e-20
7438.705329 3.109444e-16 1e-20
7442.787222 3.044034e-16 1e-20
7446.869115 3.231086e-16 1e-20
7450.951008 3.312794e-16 1e-20
7455.032901 3.245314e-16 1e-20
7459.114794 3.274577e-16 1e-20
7463.196687 3.226352e-16 1e-20
7467.27858 3.254065e-16 1e-20
7471.360473 3.456888e-16 1e-20
7475.442366 3.40738e-16 1e-20
