3666.782715 5.257851e-16 1e-20
3672.302632 4.9102e-16 1e-20
3677.822549 5.249806e-16 1e-20
3683.342466 5.173265e-16 1e-20
3688.862383 5.156914e-16 1e-20
3694.3823 5.194926e-16 1e-20
3699.902217 4.268909e-16 1e-20
3705.422134 3.94478e-16 1e-20
3710.942051 4.319075e-16 1e-20
3716.461968 4.086665e-16 1e-20
3721.981885 2.785321e-16 1e-20
3727.501802 3.762733e-16 1e-20
3733.021719 3.766245e-16 1e-20
3738.541636 4.076748e-16 1e-20
3744.061553 4.329988e-16 1e-20
3749.58147 3.793015e-16 1e-20
3755.101387 3.782848e-16 1e-20
3760.621304 3.567569e-16 1e-20
3766.141221 4.08382e-16 1e-20
3771.661138 4.100265e-16 1e-20
3777.181055 3.828349e-16 1e-20
3782.700972 4.073871e-16 1e-20
3788.220889 4.518804e-16 1e-20
3793.740806 4.461944e-16 1e-20
3799.260723 4.075368e-16 1e-20
3804.78064 5.008865e-16 1e-20
3810.300557 4.750049e-16 1e-20
3815.820474 5.413552e-16 1e-20
3821.340391 5.418846e-16 1e-20
3826.860308 5.814143e-16 1e-20
3832.380225 6.114147e-16 1e-20
3837.900142 6.652543e-16 1e-20
3843.420059 6.781347e-16 1e-20
3848.939976 7.635995e-16 1e-20
3854.459893 7.754052e-16 1e-20
3859.97981 8.59447e-16 1e-20
3865.499727 9.107326e-16 1e-20
3871.019644 9.1439e-16 1e-20
3876.539561 9.635736e-16 1e-20
3882.059478 1.024087e-15 1e-20
3887.579395 9.630801e-16 1e-20
3893.099312 1.012722e-15 1e-20
3898.619229 1.085316e-15 1e-20
3904.139146 1.135021e-15 1e-20
3909.659063 1.210017e-15 1e-20
3915.17898 1.229494e-15 1e-20
3920.698897 1.193215e-15 1e-20
3926.218814 1.214999e-15 1e-20
3931.738731 1.23401e-15 1e-20
3937.258648 1.24595e-15 1e-20
3942.778565 1.275552e-15 1e-20
3948.298482 1.353538e-15 1e-20
3953.818399 1.392702e-15 1e-20
3959.338316 1.355601e-15 1e-20
3964.858233 1.36993e-15 1e-20
3970.37815 1.403481e-15 1e-20
3975.898067 1.421981e-15 1e-20
3981.417984 1.457633e-15 1e-20
3986.937901 1.431475e-15 1e-20
3992.457819 1.493971e-15 1e-20
3997.977736 1.507383e-15 1e-20
4003.497653 1.464358e-15 1e-20
4009.01757 1.482574e-15 1e-20
4014.537487 1.5148e-15 1e-20
4020.057404 1.565197e-15 1e-20
4025.577321 1.567926e-15 1e-20
4031.097238 1.606411e-15 1e-20
4036.617155 1.586304e-15 1e-20
4042.137072 1.625122e-15 1e-20
4047.656989 1.57196e-15 1e-20
4053.176906 1.507221e-15 1e-20
4058.696823 1.499285e-15 1e-20
4064.21674 1.58313e-15 1e-20
4069.736657 1.594703e-15 1e-20
4075.256574 1.59767e-15 1e-20
4080.776491 1.586314e-15 1e-20
4086.296408 1.555064e-15 1e-20
4091.816325 1.507524e-15 1e-20
4097.336242 1.434269e-15 1e-20
4102.856159 1.53973e-15 1e-20
4108.376076 1.503735e-15 1e-20
4113.895993 1.593947e-15 1e-20
4119.41591 1.561131e-15 1e-20
4124.935827 1.538192e-15 1e-20
4130.455744 1.578298e-15 1e-20
4135.975661 1.591424e-15 1e-20
4141.495578 1.587134e-15 1e-20
4147.015495 1.604328e-15 1e-20
4152.535412 1.609243e-15 1e-20
4158.055329 1.669661e-15 1e-20
4163.575246 1.618312e-15 1e-20
4169.095163 1.639411e-15 1e-20
4174.61508 1.62511e-15 1e-20
4180.134997 1.652631e-15 1e-20
4185.654914 1.596084e-15 1e-20
4191.174831 1.596316e-15 1e-20
4196.694748 1.650028e-15 1e-20
4202.214665 1.577501e-15 1e-20
4207.734582 1.577382e-15 1e-20
4213.254499 1.520678e-15 1e-20
4218.774416 1.512817e-15 1e-20
4224.294333 1.491498e-15 1e-20
4229.81425 1.464079e-15 1e-20
4235.334167 1.473937e-15 1e-20
4240.854084 1.398741e-15 1e-20
4246.374001 1.425118e-15 1e-20
4251.893918 1.378879e-15 1e-20
4257.413835 1.367522e-15 1e-20
4262.933752 1.347871e-15 1e-20
4268.453669 1.317913e-15 1e-20
4273.973586 1.290155e-15 1e-20
4279.493503 1.25599e-15 1e-20
4285.01342 1.259615e-15 1e-20
4290.533337 1.209828e-15 1e-20
4296.053254 1.200569e-15 1e-20
4301.573171 1.155053e-15 1e-20
4307.093088 1.109376e-15 1e-20
4312.613005 1.06365e-15 1e-20
4318.132922 1.071447e-15 1e-20
4323.652839 1.024134e-15 1e-20
4329.172756 1.006961e-15 1e-20
4334.692673 1.01229e-15 1e-20
4340.21259 9.55512e-16 1e-20
4345.732507 9.30788e-16 1e-20
4351.252424 9.313174e-16 1e-20
4356.772341 8.861786e-16 1e-20
4362.292258 8.854331e-16 1e-20
4367.812175 8.572654e-16 1e-20
4373.332092 8.460585e-16 1e-20
4378.852009 8.458829e-16 1e-20
4384.371926 8.12128e-16 1e-20
4389.891843 7.999221e-16 1e-20
4395.41176 8.055342e-16 1e-20
4400.931677 7.985555e-16 1e-20
4406.451594 8.171581e-16 1e-20
4411.971511 8.381178e-16 1e-20
4417.491428 8.509074e-16 1e-20
4423.011345 8.480576e-16 1e-20
4428.531262 8.878554e-16 1e-20
4434.051179 8.392677e-16 1e-20
4439.571096 8.487438e-16 1e-20
4445.091013 8.873838e-16 1e-20
4450.61093 8.65002e-16 1e-20
4456.130847 8.886843e-16 1e-20
4461.650764 9.399215e-16 1e-20
4467.170681 9.616308e-16 1e-20
4472.690598 9.920553e-16 1e-20
4478.210515 1.034058e-15 1e-20
4483.730433 1.000758e-15 1e-20
4489.25035 9.983405e-16 1e-20
4494.770267 1.046903e-15 1e-20
4500.290184 1.022144e-15 1e-20
4505.810101 1.028725e-15 1e-20
4511.330018 9.491374e-16 1e-20
4516.849935 9.270435e-16 1e-20
4522.369852 9.207848e-16 1e-20
4527.889769 9.207931e-16 1e-20
4533.409686 9.38057e-16 1e-20
4538.929603 9.29461e-16 1e-20
4544.44952 9.264814e-16 1e-20
4549.969437 9.471337e-16 1e-20
4555.489354 9.757057e-16 1e-20
4561.009271 9.712551e-16 1e-20
4566.529188 1.022827e-15 1e-20
4572.049105 1.008837e-15 1e-20
4577.569022 1.029236e-15 1e-20
4583.088939 1.050502e-15 1e-20
4588.608856 1.015823e-15 1e-20
4594.128773 1.036371e-15 1e-20
4599.64869 1.015512e-15 1e-20
4605.168607 1.041095e-15 1e-20
4610.688524 1.027244e-15 1e-20
4616.208441 1.018155e-15 1e-20
4621.728358 1.007809e-15 1e-20
4627.248275 1.011047e-15 1e-20
4632.768192 1.001772e-15 1e-20
4638.288109 1.025439e-15 1e-20
4643.808026 9.999431e-16 1e-20
4649.327943 9.83611e-16 1e-20
4654.84786 1.000388e-15 1e-20
4660.367777 1.038531e-15 1e-20
4665.887694 1.005951e-15 1e-20
4671.407611 1.006364e-15 1e-20
4676.927528 9.731501e-16 1e-20
4682.447445 9.739404e-16 1e-20
4687.967362 9.679477e-16 1e-20
4693.487279 9.318591e-16 1e-20
4699.007196 9.340595e-16 1e-20
4704.527113 9.38051e-16 1e-20
4710.04703 9.295344e-16 1e-20
4715.566947 9.775802e-16 1e-20
4721.086864 9.533585e-16 1e-20
4726.606781 9.450384e-16 1e-20
4732.126698 9.948044e-16 1e-20
4737.646615 9.464384e-16 1e-20
4743.166532 9.548122e-16 1e-20
4748.686449 9.317653e-16 1e-20
4754.206366 9.620269e-16 1e-20
4759.726283 9.190189e-16 1e-20
4765.2462 8.847009e-16 1e-20
4770.766117 8.56194e-16 1e-20
4776.286034 8.136245e-16 1e-20
4781.805951 7.93073e-16 1e-20
4787.325868 8.109943e-16 1e-20
4792.845785 7.757661e-16 1e-20
4798.365702 7.937337e-16 1e-20
4803.885619 7.744701e-16 1e-20
4809.405536 8.131899e-16 1e-20
4814.925453 8.011681e-16 1e-20
4820.44537 8.042343e-16 1e-20
4825.965287 8.123817e-16 1e-20
4831.485204 8.056747e-16 1e-20
4837.005121 8.34559e-16 1e-20
4842.525038 8.081287e-16 1e-20
4848.044955 7.992071e-16 1e-20
4853.564872 8.055102e-16 1e-20
4859.084789 7.992836e-16 1e-20
4864.604706 7.737481e-16 1e-20
4870.124623 7.932467e-16 1e-20
4875.64454 7.812021e-16 1e-20
4881.164457 7.855369e-16 1e-20
4886.684374 7.756278e-16 1e-20
4892.204291 7.536587e-16 1e-20
4897.724208 7.742323e-16 1e-20
4903.244125 7.785819e-16 1e-20
4908.764042 7.753217e-16 1e-20
4914.283959 7.688525e-16 1e-20
4919.803876 7.86682e-16 1e-20
4925.323793 7.686572e-16 1e-20
4930.84371 7.66716e-16 1e-20
4936.363627 7.256761e-16 1e-20
4941.883544 7.476228e-16 1e-20
4947.403461 7.381335e-16 1e-20
4952.923378 7.46211e-16 1e-20
4958.443295 7.125753e-16 1e-20
4963.963212 6.841961e-16 1e-20
4969.483129 6.753225e-16 1e-20
4975.003047 6.76351e-16 1e-20
4980.522964 6.414276e-16 1e-20
4986.042881 6.398078e-16 1e-20
4991.562798 6.448395e-16 1e-20
4997.082715 6.285815e-16 1e-20
5002.602632 6.222502e-16 1e-20
5008.122549 6.111257e-16 1e-20
5013.642466 6.323437e-16 1e-20
5019.162383 6.340802e-16 1e-20
5024.6823 6.228227e-16 1e-20
5030.202217 6.213728e-16 1e-20
5035.722134 6.24799e-16 1e-20
5041.242051 6.21213e-16 1e-20
5046.761968 6.274384e-16 1e-20
5052.281885 6.173726e-16 1e-20
5057.801802 6.355241e-16 1e-20
5063.321719 6.322533e-16 1e-20
5068.841636 6.384962e-16 1e-20
5074.361553 6.583259e-16 1e-20
5079.88147 6.251592e-16 1e-20
5085.401387 6.266835e-16 1e-20
5090.921304 6.415963e-16 1e-20
5096.441221 6.499785e-16 1e-20
5101.961138 6.473168e-16 1e-20
5107.481055 6.727608e-16 1e-20
5113.000972 6.220546e-16 1e-20
5118.520889 6.381541e-16 1e-20
5124.040806 6.644692e-16 1e-20
5129.560723 6.677598e-16 1e-20
5135.08064 6.687541e-16 1e-20
5140.600557 7.169638e-16 1e-20
5146.120474 7.026896e-16 1e-20
5151.640391 7.046489e-16 1e-20
5157.160308 7.219324e-16 1e-20
5162.680225 7.117968e-16 1e-20
5168.200142 6.908357e-16 1e-20
5173.720059 7.220874e-16 1e-20
5179.239976 7.488035e-16 1e-20
5184.759893 7.261979e-16 1e-20
5190.27981 7.366753e-16 1e-20
5195.799727 7.331e-16 1e-20
5201.319644 7.540973e-16 1e-20
5206.839561 7.643027e-16 1e-20
5212.359478 7.666944e-16 1e-20
5217.879395 8.075775e-16 1e-20
5223.399312 7.711506e-16 1e-20
5228.919229 7.721378e-16 1e-20
5234.439146 7.987324e-16 1e-20
5239.959063 7.979514e-16 1e-20
5245.47898 7.682845e-16 1e-20
5250.998897 8.109394e-16 1e-20
5256.518814 7.637182e-16 1e-20
5262.038731 7.759694e-16 1e-20
5267.558648 7.430085e-16 1e-20
5273.078565 7.245169e-16 1e-20
5278.598482 7.605265e-16 1e-20
5284.118399 7.756257e-16 1e-20
5289.638316 8.115954e-16 1e-20
5295.158233 7.677325e-16 1e-20
5300.67815 7.648945e-16 1e-20
5306.198067 7.883889e-16 1e-20
5311.717984 7.549522e-16 1e-20
5317.237901 7.662796e-16 1e-20
5322.757818 7.423878e-16 1e-20
5328.277735 7.479067e-16 1e-20
5333.797652 7.327352e-16 1e-20
5339.317569 7.451155e-16 1e-20
5344.837486 7.540243e-16 1e-20
5350.357403 7.620733e-16 1e-20
5355.87732 7.598851e-16 1e-20
5361.397237 7.581526e-16 1e-20
5366.917154 7.452605e-16 1e-20
5372.437071 7.368856e-16 1e-20
5377.956988 6.941527e-16 1e-20
5383.476905 6.604052e-16 1e-20
5388.996822 6.569618e-16 1e-20
5394.516739 6.648443e-16 1e-20
5400.036656 6.503622e-16 1e-20
5405.556573 6.08151e-16 1e-20
5411.07649 6.136489e-16 1e-20
5416.596407 6.226541e-16 1e-20
5422.116324 6.233125e-16 1e-20
5427.636241 6.182536e-16 1e-20
5433.156158 6.108232e-16 1e-20
5438.676075 6.040585e-16 1e-20
5444.195992 6.034756e-16 1e-20
5449.715909 6.150431e-16 1e-20
5455.235826 6.195572e-16 1e-20
5460.755743 6.097956e-16 1e-20
5466.275661 5.829662e-16 1e-20
5471.795578 5.766302e-16 1e-20
5477.315495 6.010754e-16 1e-20
5482.835412 6.198717e-16 1e-20
5488.355329 6.134619e-16 1e-20
5493.875246 6.09556e-16 1e-20
5499.395163 6.053201e-16 1e-20
5504.91508 6.139317e-16 1e-20
5510.434997 6.122367e-16 1e-20
5515.954914 5.983242e-16 1e-20
5521.474831 6.053739e-16 1e-20
5526.994748 5.977783e-16 1e-20
5532.514665 5.958766e-16 1e-20
5538.034582 5.98282e-16 1e-20
5543.554499 6.021911e-16 1e-20
5549.074416 5.820538e-16 1e-20
5554.594333 5.610656e-16 1e-20
5560.11425 5.532945e-16 1e-20
5565.634167 5.500887e-16 1e-20
5571.154084 5.429548e-16 1e-20
5576.674001 5.654032e-16 1e-20
5582.193918 5.729457e-16 1e-20
5587.713835 5.444643e-16 1e-20
5593.233752 5.266751e-16 1e-20
5598.753669 5.238978e-16 1e-20
5604.273586 5.310722e-16 1e-20
5609.793503 5.433116e-16 1e-20
5615.31342 5.43938e-16 1e-20
5620.833337 5.472468e-16 1e-20
5626.353254 5.584107e-16 1e-20
5631.873171 5.583831e-16 1e-20
5637.393088 5.626459e-16 1e-20
5642.913005 5.59804e-16 1e-20
5648.432922 5.690849e-16 1e-20
5653.952839 5.542926e-16 1e-20
5659.472756 5.606668e-16 1e-20
5664.992673 5.664005e-16 1e-20
5670.51259 5.599928e-16 1e-20
5676.032507 5.449674e-16 1e-20
5681.552424 5.509963e-16 1e-20
5687.072341 5.61261e-16 1e-20
5692.592258 5.357338e-16 1e-20
5698.112175 5.352817e-16 1e-20
5703.632092 5.418751e-16 1e-20
5709.152009 5.559811e-16 1e-20
5714.671926 5.633046e-16 1e-20
5720.191843 5.579861e-16 1e-20
5725.71176 5.681953e-16 1e-20
5731.231677 5.782663e-16 1e-20
5736.751594 5.737275e-16 1e-20
5742.271511 5.698139e-16 1e-20
5747.791428 5.640893e-16 1e-20
5753.311345 5.632386e-16 1e-20
5758.831262 5.661875e-16 1e-20
5764.351179 5.503008e-16 1e-20
5769.871096 5.416157e-16 1e-20
5775.391013 5.621626e-16 1e-20
5780.91093 5.513352e-16 1e-20
5786.430847 5.369906e-16 1e-20
5791.950764 5.443221e-16 1e-20
5797.470681 5.302824e-16 1e-20
5802.990598 5.403306e-16 1e-20
5808.510515 5.711876e-16 1e-20
5814.030432 5.498303e-16 1e-20
5819.550349 5.272164e-16 1e-20
5825.070266 5.294432e-16 1e-20
5830.590183 5.413249e-16 1e-20
5836.1101 5.420557e-16 1e-20
5841.630017 5.344254e-16 1e-20
5847.149934 5.412745e-16 1e-20
5852.669851 5.273455e-16 1e-20
5858.189768 5.135185e-16 1e-20
5863.709685 5.178933e-16 1e-20
5869.229602 5.180516e-16 1e-20
5874.749519 5.23865e-16 1e-20
5880.269436 5.335633e-16 1e-20
5885.789353 5.33324e-16 1e-20
5891.30927 4.922887e-16 1e-20
5896.829187 5.009753e-16 1e-20
5902.349104 5.152968e-16 1e-20
5907.869021 5.277819e-16 1e-20
5913.388938 5.065007e-16 1e-20
5918.908855 5.146904e-16 1e-20
5924.428772 4.971119e-16 1e-20
5929.948689 4.875828e-16 1e-20
5935.468606 4.831023e-16 1e-20
5940.988523 5.174525e-16 1e-20
5946.50844 4.827721e-16 1e-20
5952.028358 5.344371e-16 1e-20
5957.548275 4.725755e-16 1e-20
5963.068192 4.921916e-16 1e-20
5968.588109 4.887726e-16 1e-20
5974.108026 4.820566e-16 1e-20
5979.627943 4.755901e-16 1e-20
5985.14786 4.964205e-16 1e-20
5990.667777 4.790413e-16 1e-20
5996.187694 4.91491e-16 1e-20
6001.707611 5.195612e-16 1e-20
6007.227528 5.007913e-16 1e-20
6012.747445 4.998186e-16 1e-20
6018.267362 4.958965e-16 1e-20
6023.787279 4.935324e-16 1e-20
6029.307196 4.940553e-16 1e-20
6034.827113 4.900512e-16 1e-20
6040.34703 4.999278e-16 1e-20
6045.866947 4.68418e-16 1e-20
6051.386864 4.715746e-16 1e-20
6056.906781 4.673785e-16 1e-20
6062.426698 4.662312e-16 1e-20
6067.946615 4.520758e-16 1e-20
6073.466532 4.337916e-16 1e-20
6078.986449 4.287349e-16 1e-20
6084.506366 4.138706e-16 1e-20
6090.026283 4.282848e-16 1e-20
6095.5462 4.309056e-16 1e-20
6101.066117 4.440678e-16 1e-20
6106.586034 3.996916e-16 1e-20
6112.105951 4.071818e-16 1e-20
6117.625868 4.100844e-16 1e-20
6123.145785 4.03713e-16 1e-20
6128.665702 3.806617e-16 1e-20
6134.185619 3.898087e-16 1e-20
6139.705536 3.91408e-16 1e-20
6145.225453 3.763974e-16 1e-20
6150.74537 3.824503e-16 1e-20
6156.265287 3.590064e-16 1e-20
6161.785204 3.689375e-16 1e-20
6167.305121 3.817886e-16 1e-20
6172.825038 3.712927e-16 1e-20
6178.344955 3.81687e-16 1e-20
6183.864872 3.639119e-16 1e-20
6189.384789 3.659414e-16 1e-20
6194.904706 3.858425e-16 1e-20
6200.424623 3.817619e-16 1e-20
6205.94454 3.803727e-16 1e-20
6211.464457 3.838472e-16 1e-20
6216.984374 3.754851e-16 1e-20
6222.504291 3.527269e-16 1e-20
6228.024208 3.490072e-16 1e-20
6233.544125 3.414211e-16 1e-20
6239.064042 3.638691e-16 1e-20
6244.583959 3.688051e-16 1e-20
6250.103876 3.48427e-16 1e-20
6255.623793 3.644708e-16 1e-20
6261.14371 3.582492e-16 1e-20
6266.663627 3.493683e-16 1e-20
6272.183544 3.558079e-16 1e-20
6277.703461 3.567434e-16 1e-20
6283.223378 3.301908e-16 1e-20
6288.743295 3.355576e-16 1e-20
6294.263212 3.452455e-16 1e-20
6299.783129 3.596683e-16 1e-20
6305.303046 3.777992e-16 1e-20
6310.822963 3.247274e-16 1e-20
6316.34288 3.41303e-16 1e-20
6321.862797 3.605352e-16 1e-20
6327.382714 3.764952e-16 1e-20
6332.902631 3.862156e-16 1e-20
6338.422548 3.949074e-16 1e-20
6343.942465 3.887591e-16 1e-20
6349.462382 4.02689e-16 1e-20
6354.982299 3.998702e-16 1e-20
6360.502216 4.281042e-16 1e-20
6366.022133 4.186683e-16 1e-20
6371.54205 4.291604e-16 1e-20
6377.061967 4.119502e-16 1e-20
6382.581884 4.254257e-16 1e-20
6388.101801 4.389511e-16 1e-20
6393.621718 4.353139e-16 1e-20
6399.141635 4.311567e-16 1e-20
6404.661552 4.429005e-16 1e-20
6410.181469 4.53468e-16 1e-20
6415.701386 4.592184e-16 1e-20
6421.221303 4.471391e-16 1e-20
6426.74122 4.614729e-16 1e-20
6432.261137 4.730615e-16 1e-20
6437.781054 4.912054e-16 1e-20
6443.300972 4.760293e-16 1e-20
6448.820889 4.591946e-16 1e-20
6454.340806 4.735624e-16 1e-20
6459.860723 4.837025e-16 1e-20
6465.38064 4.789298e-16 1e-20
6470.900557 4.826262e-16 1e-20
6476.420474 4.827721e-16 1e-20
6481.940391 4.771638e-16 1e-20
6487.460308 4.785044e-16 1e-20
6492.980225 4.756387e-16 1e-20
6498.500142 4.687885e-16 1e-20
6504.020059 4.618249e-16 1e-20
6509.539976 4.591568e-16 1e-20
6515.059893 4.667058e-16 1e-20
6520.57981 4.567532e-16 1e-20
6526.099727 4.542009e-16 1e-20
6531.619644 4.672911e-16 1e-20
6537.139561 4.63583e-16 1e-20
6542.659478 4.619157e-16 1e-20
6548.179395 4.411732e-16 1e-20
6553.699312 4.611021e-16 1e-20
6559.219229 4.379845e-16 1e-20
6564.739146 4.552116e-16 1e-20
6570.259063 4.420879e-16 1e-20
6575.77898 4.463317e-16 1e-20
6581.298897 4.434996e-16 1e-20
6586.818814 4.368292e-16 1e-20
6592.338731 4.212976e-16 1e-20
6597.858648 4.444447e-16 1e-20
6603.378565 4.378415e-16 1e-20
6608.898482 4.518175e-16 1e-20
6614.418399 4.305075e-16 1e-20
6619.938316 4.351583e-16 1e-20
6625.458233 4.308357e-16 1e-20
6630.97815 4.29461e-16 1e-20
6636.498067 4.2801e-16 1e-20
6642.017984 4.284341e-16 1e-20
6647.537901 4.360828e-16 1e-20
6653.057818 4.11784e-16 1e-20
6658.577735 4.08861e-16 1e-20
6664.097652 4.303971e-16 1e-20
6669.617569 4.287753e-16 1e-20
6675.137486 4.189611e-16 1e-20
6680.657403 4.070345e-16 1e-20
6686.17732 3.999505e-16 1e-20
6691.697237 4.119384e-16 1e-20
6697.217154 4.141771e-16 1e-20
6702.737071 4.567711e-16 1e-20
6708.256988 4.207686e-16 1e-20
6713.776905 4.110775e-16 1e-20
6719.296822 3.960517e-16 1e-20
6724.816739 4.190327e-16 1e-20
6730.336656 4.352482e-16 1e-20
6735.856573 4.179437e-16 1e-20
6741.37649 4.2636e-16 1e-20
6746.896407 4.308692e-16 1e-20
6752.416324 4.227163e-16 1e-20
6757.936241 4.102836e-16 1e-20
6763.456158 4.153679e-16 1e-20
6768.976075 4.289517e-16 1e-20
6774.495992 4.088554e-16 1e-20
6780.015909 4.372847e-16 1e-20
6785.535826 4.192306e-16 1e-20
6791.055743 4.018679e-16 1e-20
6796.57566 4.038956e-16 1e-20
6802.095577 4.030639e-16 1e-20
6807.615494 3.914117e-16 1e-20
6813.135411 4.072573e-16 1e-20
6818.655328 4.234014e-16 1e-20
6824.175245 3.968872e-16 1e-20
6829.695162 3.951037e-16 1e-20
6835.215079 4.189315e-16 1e-20
6840.734996 3.943309e-16 1e-20
6846.254913 3.914014e-16 1e-20
6851.77483 4.264001e-16 1e-20
6857.294747 4.19769e-16 1e-20
6862.814664 4.166349e-16 1e-20
6868.334581 4.143732e-16 1e-20
6873.854498 3.943906e-16 1e-20
6879.374415 4.264706e-16 1e-20
6884.894332 4.085474e-16 1e-20
6890.414249 4.10563e-16 1e-20
6895.934166 4.024506e-16 1e-20
6901.454083 4.007345e-16 1e-20
6906.974 4.1248e-16 1e-20
6912.493917 3.836565e-16 1e-20
6918.013834 3.753222e-16 1e-20
6923.533751 3.72612e-16 1e-20
6929.053668 3.58889e-16 1e-20
6934.573586 3.606139e-16 1e-20
6940.093503 3.72231e-16 1e-20
6945.61342 3.555404e-16 1e-20
6951.133337 3.595219e-16 1e-20
6956.653254 3.831951e-16 1e-20
6962.173171 3.451424e-16 1e-20
6967.693088 3.525438e-16 1e-20
6973.213005 3.790684e-16 1e-20
6978.732922 3.571818e-16 1e-20
6984.252839 3.536005e-16 1e-20
6989.772756 3.508932e-16 1e-20
6995.292673 3.516595e-16 1e-20
7000.81259 3.390496e-16 1e-20
7006.332507 3.405008e-16 1e-20
7011.852424 3.558746e-16 1e-20
7017.372341 3.655383e-16 1e-20
7022.892258 3.44077e-16 1e-20
7028.412175 3.414095e-16 1e-20
7033.932092 3.660423e-16 1e-20
7039.452009 3.5109e-16 1e-20
7044.971926 3.575715e-16 1e-20
7050.491843 3.28174e-16 1e-20
7056.01176 3.13528e-16 1e-20
7061.531677 3.49194e-16 1e-20
7067.051594 3.549066e-16 1e-20
7072.571511 3.444428e-16 1e-20
7078.091428 3.477045e-16 1e-20
7083.611345 3.113759e-16 1e-20
7089.131262 3.256588e-16 1e-20
7094.651179 3.24388e-16 1e-20
7100.171096 3.366972e-16 1e-20
7105.691013 3.199811e-16 1e-20
7111.21093 3.424614e-16 1e-20
7116.730847 3.347621e-16 1e-20
7122.250764 3.094151e-16 1e-20
7127.770681 2.94948e-16 1e-20
7133.290598 3.084873e-16 1e-20
7138.810515 2.936178e-16 1e-20
7144.330432 3.142787e-16 1e-20
7149.850349 3.045858e-16 1e-20
7155.370266 2.766673e-16 1e-20
7160.890183 2.973764e-16 1e-20
7166.4101 3.217145e-16 1e-20
7171.930017 3.146714e-16 1e-20
7177.449934 2.917966e-16 1e-20
7182.969851 3.055723e-16 1e-20
7188.489768 3.269599e-16 1e-20
7194.009685 2.871378e-16 1e-20
7199.529602 2.863456e-16 1e-20
7205.049519 3.199651e-16 1e-20
7210.569436 2.982568e-16 1e-20
7216.089353 2.968871e-16 1e-20
7221.60927 3.191557e-16 1e-20
7227.129187 3.090835e-16 1e-20
7232.649104 2.946993e-16 1e-20
7238.169021 3.118152e-16 1e-20
7243.688938 2.911046e-16 1e-20
7249.208855 3.010616e-16 1e-20
7254.728772 3.013249e-16 1e-20
7260.248689 2.810767e-16 1e-20
7265.768606 2.890016e-16 1e-20
7271.288523 3.133878e-16 1e-20
7276.80844 3.05862e-16 1e-20
7282.328357 3.053858e-16 1e-20
7287.848274 2.818513e-16 1e-20
7293.368191 2.936489e-16 1e-20
7298.888108 3.153384e-16 1e-20
7304.408025 3.123579e-16 1e-20
7309.927942 3.021879e-16 1e-20
7315.447859 2.937689e-16 1e-20
7320.967776 2.97352e-16 1e-20
7326.487693 2.932495e-16 1e-20
7332.00761 3.064083e-16 1e-20
7337.527527 3.020258e-16 1e-20
7343.047444 2.914465e-16 1e-20
7348.567361 2.729224e-16 1e-20
7354.087278 2.892605e-16 1e-20
7359.607195 3.069867e-16 1e-20
7365.127112 2.809988e-16 1e-20
7370.647029 2.878543e-16 1e-20
7376.166946 2.695412e-16 1e-20
7381.686863 2.846371e-16 1e-20
7387.20678 2.87347e-16 1e-20
7392.726697 2.779321e-16 1e-20
7398.246614 2.755505e-16 1e-20
7403.766531 2.797617e-16 1e-20
7409.286448 2.6836e-16 1e-20
7414.806365 3.038894e-16 1e-20
7420.326282 2.861708e-16 1e-20
7425.8462 3.115524e-16 1e-20
7431.366117 2.756959e-16 1e-20
7436.886034 2.768565e-16 1e-20
7442.405951 2.900378e-16 1e-20
7447.925868 2.979973e-16 1e-20
7453.445785 3.023744e-16 1e-20
7458.965702 2.985089e-16 1e-20
7464.485619 2.73436e-16 1e-20
7470.005536 2.899236e-16 1e-20
7475.525453 3.027508e-16 1e-20
7481.04537 2.901817e-16 1e-20
7486.565287 2.885586e-16 1e-20
7492.085204 2.85958e-16 1e-20
7497.605121 2.687019e-16 1e-20
7503.125038 2.508626e-16 1e-20
7508.644955 2.69563e-16 1e-20
7514.164872 2.861765e-16 1e-20
7519.684789 3.091962e-16 1e-20
7525.204706 2.805759e-16 1e-20
7530.724623 2.707416e-16 1e-20
7536.24454 2.702858e-16 1e-20
7541.764457 2.819573e-16 1e-20
7547.284374 2.590362e-16 1e-20
7552.804291 2.528083e-16 1e-20
7558.324208 2.483694e-16 1e-20
7563.844125 2.721657e-16 1e-20
7569.364042 2.680058e-16 1e-20
7574.883959 2.800106e-16 1e-20
7580.403876 2.784597e-16 1e-20
7585.923793 3.01853e-16 1e-20
7591.44371 3.526502e-16 1e-20
7596.963627 3.470717e-16 1e-20
7602.483544 3.396311e-16 1e-20
7608.003461 2.751675e-16 1e-20
7613.523378 3.012975e-16 1e-20
7619.043295 3.80227e-16 1e-20
7624.563212 3.565755e-16 1e-20
7630.083129 2.892895e-16 1e-20
7635.603046 2.846422e-16 1e-20
7641.122963 2.861309e-16 1e-20
7646.64288 2.754044e-16 1e-20
7652.162797 2.974268e-16 1e-20
7657.682714 2.857028e-16 1e-20
7663.202631 2.439664e-16 1e-20
7668.722548 2.651844e-16 1e-20
7674.242465 2.588162e-16 1e-20
7679.762382 2.621299e-16 1e-20
7685.282299 2.58544e-16 1e-20
7690.802216 2.466927e-16 1e-20
7696.322133 2.189856e-16 1e-20
7701.84205 2.339099e-16 1e-20
7707.361967 2.419751e-16 1e-20
7712.881884 2.351702e-16 1e-20
7718.401801 2.494937e-16 1e-20
7723.921718 2.520073e-16 1e-20
7729.441635 2.637055e-16 1e-20
7734.961552 2.388185e-16 1e-20
7740.481469 2.607961e-16 1e-20
7746.001386 2.501899e-16 1e-20
7751.521303 2.551474e-16 1e-20
7757.04122 2.652048e-16 1e-20
7762.561137 2.641036e-16 1e-20
7768.081054 2.639267e-16 1e-20
7773.600971 2.46706e-16 1e-20
7779.120888 2.54191e-16 1e-20
7784.640805 2.704148e-16 1e-20
7790.160722 2.437358e-16 1e-20
7795.680639 2.538288e-16 1e-20
7801.200556 2.493116e-16 1e-20
7806.720473 2.249611e-16 1e-20
7812.24039 2.344718e-16 1e-20
7817.760307 2.181427e-16 1e-20
7823.280224 2.21659e-16 1e-20
7828.800141 2.61315e-16 1e-20
7834.320058 2.49512e-16 1e-20
7839.839975 2.55146e-16 1e-20
7845.359892 2.159698e-16 1e-20
7850.879809 2.472613e-16 1e-20
7856.399726 2.477357e-16 1e-20
7861.919643 2.59586e-16 1e-20
7867.43956 2.268493e-16 1e-20
7872.959477 2.379668e-16 1e-20
7878.479394 2.42464e-16 1e-20
7883.999311 2.326112e-16 1e-20
7889.519228 2.330432e-16 1e-20
7895.039145 2.360092e-16 1e-20
7900.559062 2.406226e-16 1e-20
7906.078979 2.676397e-16 1e-20
7911.598896 2.430158e-16 1e-20
7917.118814 2.260076e-16 1e-20
7922.638731 2.612542e-16 1e-20
7928.158648 2.458668e-16 1e-20
7933.678565 2.594669e-16 1e-20
7939.198482 2.878242e-16 1e-20
7944.718399 2.341388e-16 1e-20
7950.238316 2.236067e-16 1e-20
7955.758233 2.403953e-16 1e-20
7961.27815 2.764153e-16 1e-20
7966.798067 2.221047e-16 1e-20
7972.317984 2.34828e-16 1e-20
7977.837901 2.18883e-16 1e-20
7983.357818 2.192602e-16 1e-20
7988.877735 2.337147e-16 1e-20
7994.397652 2.374547e-16 1e-20
7999.917569 2.294127e-16 1e-20
8005.437486 2.317329e-16 1e-20
8010.957403 1.909881e-16 1e-20
8016.47732 2.077099e-16 1e-20
8021.997237 1.920955e-16 1e-20
8027.517154 1.883138e-16 1e-20
8033.037071 1.976124e-16 1e-20
8038.556988 1.97842e-16 1e-20
8044.076905 1.669858e-16 1e-20
8049.596822 1.658098e-16 1e-20
8055.116739 1.783794e-16 1e-20
8060.636656 1.608898e-16 1e-20
8066.156573 1.538182e-16 1e-20
8071.67649 1.640458e-16 1e-20
8077.196407 1.750053e-16 1e-20
8082.716324 1.477564e-16 1e-20
8088.236241 1.43293e-16 1e-20
8093.756158 1.396131e-16 1e-20
8099.276075 1.566423e-16 1e-20
8104.795992 1.663632e-16 1e-20
8110.315909 1.748531e-16 1e-20
8115.835826 1.65348e-16 1e-20
8121.355743 1.387126e-16 1e-20
8126.87566 1.497866e-16 1e-20
8132.395577 1.426092e-16 1e-20
8137.915494 1.40031e-16 1e-20
8143.435411 1.415851e-16 1e-20
8148.955328 1.428632e-16 1e-20
8154.475245 1.386069e-16 1e-20
8159.995162 1.539215e-16 1e-20
8165.515079 1.612476e-16 1e-20
8171.034996 1.355819e-16 1e-20
8176.554913 1.27753e-16 1e-20
8182.07483 1.384524e-16 1e-20
8187.594747 1.300922e-16 1e-20
8193.114664 1.101448e-16 1e-20
8198.634581 1.208178e-16 1e-20
8204.154498 1.324554e-16 1e-20
8209.674415 1.197248e-16 1e-20
8215.194332 1.265579e-16 1e-20
8220.714249 1.221677e-16 1e-20
8226.234166 1.295019e-16 1e-20
8231.754083 1.502797e-16 1e-20
8237.274 1.252737e-16 1e-20
8242.793917 1.4531e-16 1e-20
8248.313834 1.386151e-16 1e-20
8253.833751 1.504393e-16 1e-20
8259.353668 1.402716e-16 1e-20
8264.873585 1.341373e-16 1e-20
8270.393502 1.586715e-16 1e-20
8275.913419 1.461534e-16 1e-20
8281.433336 1.579514e-16 1e-20
8286.953253 1.825343e-16 1e-20
8292.47317 1.69847e-16 1e-20
8297.993087 1.885643e-16 1e-20
8303.513004 1.572662e-16 1e-20
8309.032921 1.760013e-16 1e-20
8314.552838 1.657665e-16 1e-20
8320.072755 1.681252e-16 1e-20
8325.592672 1.822142e-16 1e-20
8331.112589 1.843496e-16 1e-20
8336.632506 1.599316e-16 1e-20
8342.152423 1.580568e-16 1e-20
8347.67234 2.006749e-16 1e-20
8353.192257 1.906397e-16 1e-20
8358.712174 1.70294e-16 1e-20
8364.232091 1.85381e-16 1e-20
8369.752008 1.771226e-16 1e-20
8375.271925 1.754596e-16 1e-20
8380.791842 1.564252e-16 1e-20
8386.311759 1.721454e-16 1e-20
8391.831676 1.635889e-16 1e-20
8397.351593 1.486905e-16 1e-20
8402.871511 1.771546e-16 1e-20
8408.391428 1.879879e-16 1e-20
8413.911345 1.894629e-16 1e-20
8419.431262 1.74995e-16 1e-20
8424.951179 1.568109e-16 1e-20
8430.471096 1.903797e-16 1e-20
8435.991013 1.705923e-16 1e-20
8441.51093 1.827357e-16 1e-20
8447.030847 1.599112e-16 1e-20
8452.550764 1.499551e-16 1e-20
8458.070681 1.623286e-16 1e-20
8463.590598 1.625616e-16 1e-20
8469.110515 1.399533e-16 1e-20
8474.630432 1.417922e-16 1e-20
8480.150349 1.59167e-16 1e-20
8485.670266 1.887653e-16 1e-20
8491.190183 1.919192e-16 1e-20
8496.7101 1.615831e-16 1e-20
8502.230017 1.636879e-16 1e-20
8507.749934 1.531229e-16 1e-20
8513.269851 1.813798e-16 1e-20
8518.789768 2.085155e-16 1e-20
8524.309685 1.954044e-16 1e-20
8529.829602 2.022132e-16 1e-20
8535.349519 1.568208e-16 1e-20
8540.869436 1.578166e-16 1e-20
8546.389353 1.521799e-16 1e-20
8551.90927 1.890003e-16 1e-20
8557.429187 2.181382e-16 1e-20
8562.949104 1.922518e-16 1e-20
8568.469021 1.658144e-16 1e-20
8573.988938 1.701656e-16 1e-20
8579.508855 1.505817e-16 1e-20
8585.028772 1.770523e-16 1e-20
8590.548689 1.787126e-16 1e-20
8596.068606 2.022621e-16 1e-20
8601.588523 1.57893e-16 1e-20
8607.10844 1.599183e-16 1e-20
8612.628357 1.701267e-16 1e-20
8618.148274 1.904646e-16 1e-20
8623.668191 1.743279e-16 1e-20
8629.188108 1.798004e-16 1e-20
8634.708025 2.016699e-16 1e-20
8640.227942 2.361466e-16 1e-20
8645.747859 1.904429e-16 1e-20
8651.267776 1.681388e-16 1e-20
8656.787693 2.17785e-16 1e-20
8662.30761 1.950642e-16 1e-20
8667.827527 2.072224e-16 1e-20
8673.347444 2.298455e-16 1e-20
8678.867361 1.932777e-16 1e-20
8684.387278 1.861436e-16 1e-20
8689.907195 2.016402e-16 1e-20
8695.427112 2.235781e-16 1e-20
8700.947029 1.95564e-16 1e-20
8706.466946 1.693288e-16 1e-20
8711.986863 1.869627e-16 1e-20
8717.50678 2.093953e-16 1e-20
8723.026697 1.891539e-16 1e-20
8728.546614 1.981215e-16 1e-20
8734.066531 1.780587e-16 1e-20
8739.586448 1.791579e-16 1e-20
8745.106365 1.810878e-16 1e-20
8750.626282 1.674286e-16 1e-20
8756.146199 2.020182e-16 1e-20
8761.666116 1.820608e-16 1e-20
8767.186033 1.659555e-16 1e-20
8772.70595 1.832254e-16 1e-20
8778.225867 1.999318e-16 1e-20
8783.745784 2.053399e-16 1e-20
8789.265701 2.023212e-16 1e-20
8794.785618 1.962027e-16 1e-20
8800.305535 1.623404e-16 1e-20
8805.825452 1.662906e-16 1e-20
8811.345369 2.179834e-16 1e-20
8816.865286 2.184865e-16 1e-20
8822.385203 2.113168e-16 1e-20
8827.90512 1.886186e-16 1e-20
8833.425037 1.677848e-16 1e-20
8838.944954 1.874668e-16 1e-20
8844.464871 1.747683e-16 1e-20
8849.984788 1.904883e-16 1e-20
8855.504705 1.743254e-16 1e-20
8861.024622 2.04785e-16 1e-20
8866.544539 2.091213e-16 1e-20
8872.064456 1.793662e-16 1e-20
8877.584373 1.458913e-16 1e-20
8883.10429 1.888415e-16 1e-20
8888.624207 1.6374e-16 1e-20
8894.144125 1.990759e-16 1e-20
8899.664042 1.940984e-16 1e-20
8905.183959 1.842182e-16 1e-20
8910.703876 1.520421e-16 1e-20
8916.223793 1.824283e-16 1e-20
8921.74371 1.910594e-16 1e-20
8927.263627 1.636901e-16 1e-20
8932.783544 1.915026e-16 1e-20
8938.303461 1.858533e-16 1e-20
8943.823378 1.925426e-16 1e-20
8949.343295 1.361848e-16 1e-20
8954.863212 1.759929e-16 1e-20
8960.383129 1.731497e-16 1e-20
8965.903046 1.797967e-16 1e-20
8971.422963 1.5715e-16 1e-20
8976.94288 1.611639e-16 1e-20
8982.462797 1.995792e-16 1e-20
8987.982714 1.875407e-16 1e-20
8993.502631 1.780495e-16 1e-20
8999.022548 1.875009e-16 1e-20
9004.542465 2.156886e-16 1e-20
9010.062382 1.979747e-16 1e-20
9015.582299 1.43177e-16 1e-20
9021.102216 1.393235e-16 1e-20
9026.622133 1.604332e-16 1e-20
9032.14205 1.74352e-16 1e-20
9037.661967 1.748669e-16 1e-20
9043.181884 1.617244e-16 1e-20
9048.701801 1.613445e-16 1e-20
9054.221718 1.700011e-16 1e-20
9059.741635 1.813656e-16 1e-20
9065.261552 1.5884e-16 1e-20
9070.781469 1.754754e-16 1e-20
9076.301386 1.528562e-16 1e-20
9081.821303 1.637108e-16 1e-20
9087.34122 1.641909e-16 1e-20
9092.861137 1.627875e-16 1e-20
9098.381054 1.36511e-16 1e-20
9103.900971 1.62277e-16 1e-20
9109.420888 1.772802e-16 1e-20
9114.940805 1.731838e-16 1e-20
9120.460722 1.600181e-16 1e-20
9125.980639 1.674511e-16 1e-20
9131.500556 1.367487e-16 1e-20
9137.020473 1.580744e-16 1e-20
9142.54039 1.568365e-16 1e-20
9148.060307 1.57247e-16 1e-20
9153.580224 1.293222e-16 1e-20
9159.100141 1.793495e-16 1e-20
9164.620058 1.606782e-16 1e-20
9170.139975 1.446202e-16 1e-20
9175.659892 1.838548e-16 1e-20
9181.179809 1.479246e-16 1e-20
9186.699726 8.868025e-17 1e-20
9192.219643 1.068239e-16 1e-20
9197.73956 1.973676e-16 1e-20
9203.259477 2.180175e-16 1e-20
9208.779394 1.812739e-16 1e-20
9214.299311 1.423484e-16 1e-20
9219.819228 1.318138e-16 1e-20
9225.339145 9.181999e-17 1e-20
9230.859062 1.77232e-16 1e-20
9236.378979 1.811316e-16 1e-20
9241.898896 1.523032e-16 1e-20
9247.418813 1.287011e-16 1e-20
9252.93873 1.589571e-16 1e-20
9258.458647 1.585685e-16 1e-20
9263.978564 1.58306e-16 1e-20
