3668.666048 1.1696e-15 1e-20
3674.191447 1.04273e-15 1e-20
3679.716846 1.08001e-15 1e-20
3685.242245 8.73373e-16 1e-20
3690.767643 8.68429e-16 1e-20
3696.293042 7.12936e-16 1e-20
3701.818441 7.26952e-16 1e-20
3707.34384 5.57072e-16 1e-20
3712.869239 5.95159e-16 1e-20
3718.394638 5.49687e-16 1e-20
3723.920037 5.26682e-16 1e-20
3729.445436 5.27488e-16 1e-20
3734.970835 4.94557e-16 1e-20
3740.496234 5.40963e-16 1e-20
3746.021632 4.83936e-16 1e-20
3751.547031 3.85162e-16 1e-20
3757.07243 4.76508e-16 1e-20
3762.597829 5.82062e-16 1e-20
3768.123228 5.66747e-16 1e-20
3773.648627 5.66529e-16 1e-20
3779.174026 5.15791e-16 1e-20
3784.699425 7.17692e-16 1e-20
3790.224824 6.52551e-16 1e-20
3795.750223 6.75288e-16 1e-20
3801.275621 7.87719e-16 1e-20
3806.80102 9.18609e-16 1e-20
3812.326419 9.01659e-16 1e-20
3817.851818 1.02712e-15 1e-20
3823.377217 9.90127e-16 1e-20
3828.902616 1.14566e-15 1e-20
3834.428015 1.07857e-15 1e-20
3839.953414 1.15325e-15 1e-20
3845.478813 1.22704e-15 1e-20
3851.004212 1.1881e-15 1e-20
3856.52961 1.23452e-15 1e-20
3862.055009 1.27913e-15 1e-20
3867.580408 1.24028e-15 1e-20
3873.105807 1.21851e-15 1e-20
3878.631206 1.36831e-15 1e-20
3884.156605 1.37109e-15 1e-20
3889.682004 1.30366e-15 1e-20
3895.207403 1.43984e-15 1e-20
3900.732802 1.46966e-15 1e-20
3906.258201 1.53074e-15 1e-20
3911.783599 1.63145e-15 1e-20
3917.308998 1.61121e-15 1e-20
3922.834397 1.6209e-15 1e-20
3928.359796 1.64989e-15 1e-20
3933.885195 1.71075e-15 1e-20
3939.410594 1.69068e-15 1e-20
3944.935993 1.82883e-15 1e-20
3950.461392 1.84029e-15 1e-20
3955.986791 1.84868e-15 1e-20
3961.51219 1.89874e-15 1e-20
3967.037588 1.91494e-15 1e-20
3972.562987 1.92529e-15 1e-20
3978.088386 1.97074e-15 1e-20
3983.613785 2.02782e-15 1e-20
3989.139184 2.05073e-15 1e-20
3994.664583 2.06886e-15 1e-20
4000.189982 2.14964e-15 1e-20
4005.715381 2.17669e-15 1e-20
4011.24078 2.13434e-15 1e-20
4016.766179 2.19393e-15 1e-20
4022.291577 2.09448e-15 1e-20
4027.816976 2.05092e-15 1e-20
4033.342375 1.97406e-15 1e-20
4038.867774 2.04041e-15 1e-20
4044.393173 2.03721e-15 1e-20
4049.918572 1.97581e-15 1e-20
4055.443971 1.93618e-15 1e-20
4060.96937 1.86709e-15 1e-20
4066.494769 1.89721e-15 1e-20
4072.020168 1.895e-15 1e-20
4077.545566 1.90698e-15 1e-20
4083.070965 1.95898e-15 1e-20
4088.596364 1.9764e-15 1e-20
4094.121763 1.97122e-15 1e-20
4099.647162 2.017e-15 1e-20
4105.172561 2.03262e-15 1e-20
4110.69796 2.03491e-15 1e-20
4116.223359 2.12663e-15 1e-20
4121.748758 2.04124e-15 1e-20
4127.274157 2.03895e-15 1e-20
4132.799555 2.08752e-15 1e-20
4138.324954 2.13131e-15 1e-20
4143.850353 2.1116e-15 1e-20
4149.375752 2.13105e-15 1e-20
4154.901151 2.08928e-15 1e-20
4160.42655 2.11423e-15 1e-20
4165.951949 2.06378e-15 1e-20
4171.477348 2.02824e-15 1e-20
4177.002747 1.96065e-15 1e-20
4182.528146 1.90851e-15 1e-20
4188.053544 1.9513e-15 1e-20
4193.578943 1.86491e-15 1e-20
4199.104342 1.88089e-15 1e-20
4204.629741 1.80503e-15 1e-20
4210.15514 1.83891e-15 1e-20
4215.680539 1.782e-15 1e-20
4221.205938 1.72444e-15 1e-20
4226.731337 1.74818e-15 1e-20
4232.256736 1.72853e-15 1e-20
4237.782135 1.71274e-15 1e-20
4243.307534 1.63248e-15 1e-20
4248.832932 1.63061e-15 1e-20
4254.358331 1.58712e-15 1e-20
4259.88373 1.58434e-15 1e-20
4265.409129 1.56924e-15 1e-20
4270.934528 1.49235e-15 1e-20
4276.459927 1.48986e-15 1e-20
4281.985326 1.39991e-15 1e-20
4287.510725 1.44903e-15 1e-20
4293.036124 1.38224e-15 1e-20
4298.561523 1.35345e-15 1e-20
4304.086921 1.31922e-15 1e-20
4309.61232 1.31701e-15 1e-20
4315.137719 1.26524e-15 1e-20
4320.663118 1.24735e-15 1e-20
4326.188517 1.2425e-15 1e-20
4331.713916 1.21594e-15 1e-20
4337.239315 1.16544e-15 1e-20
4342.764714 1.18742e-15 1e-20
4348.290113 1.15289e-15 1e-20
4353.815512 1.14066e-15 1e-20
4359.34091 1.06565e-15 1e-20
4364.866309 1.08613e-15 1e-20
4370.391708 1.0477e-15 1e-20
4375.917107 1.1056e-15 1e-20
4381.442506 1.14508e-15 1e-20
4386.967905 1.16478e-15 1e-20
4392.493304 1.17968e-15 1e-20
4398.018703 1.12946e-15 1e-20
4403.544102 1.21035e-15 1e-20
4409.069501 1.2341e-15 1e-20
4414.594899 1.2567e-15 1e-20
4420.120298 1.26811e-15 1e-20
4425.645697 1.33823e-15 1e-20
4431.171096 1.32014e-15 1e-20
4436.696495 1.35776e-15 1e-20
4442.221894 1.38601e-15 1e-20
4447.747293 1.37301e-15 1e-20
4453.272692 1.36827e-15 1e-20
4458.798091 1.32514e-15 1e-20
4464.32349 1.32584e-15 1e-20
4469.848888 1.33488e-15 1e-20
4475.374287 1.3075e-15 1e-20
4480.899686 1.24614e-15 1e-20
4486.425085 1.22846e-15 1e-20
4491.950484 1.21543e-15 1e-20
4497.475883 1.18935e-15 1e-20
4503.001282 1.21884e-15 1e-20
4508.526681 1.26598e-15 1e-20
4514.05208 1.22701e-15 1e-20
4519.577479 1.27072e-15 1e-20
4525.102877 1.2854e-15 1e-20
4530.628276 1.33499e-15 1e-20
4536.153675 1.34669e-15 1e-20
4541.679074 1.39713e-15 1e-20
4547.204473 1.38613e-15 1e-20
4552.729872 1.38118e-15 1e-20
4558.255271 1.39141e-15 1e-20
4563.78067 1.41068e-15 1e-20
4569.306069 1.44429e-15 1e-20
4574.831468 1.45865e-15 1e-20
4580.356866 1.43084e-15 1e-20
4585.882265 1.42019e-15 1e-20
4591.407664 1.42589e-15 1e-20
4596.933063 1.44016e-15 1e-20
4602.458462 1.41903e-15 1e-20
4607.983861 1.42597e-15 1e-20
4613.50926 1.39033e-15 1e-20
4619.034659 1.42307e-15 1e-20
4624.560058 1.41519e-15 1e-20
4630.085457 1.39408e-15 1e-20
4635.610855 1.41416e-15 1e-20
4641.136254 1.3895e-15 1e-20
4646.661653 1.33621e-15 1e-20
4652.187052 1.39913e-15 1e-20
4657.712451 1.33532e-15 1e-20
4663.23785 1.36166e-15 1e-20
4668.763249 1.37627e-15 1e-20
4674.288648 1.3449e-15 1e-20
4679.814047 1.37751e-15 1e-20
4685.339446 1.38065e-15 1e-20
4690.864844 1.36527e-15 1e-20
4696.390243 1.35338e-15 1e-20
4701.915642 1.34686e-15 1e-20
4707.441041 1.31225e-15 1e-20
4712.96644 1.3051e-15 1e-20
4718.491839 1.24423e-15 1e-20
4724.017238 1.25177e-15 1e-20
4729.542637 1.21099e-15 1e-20
4735.068036 1.17595e-15 1e-20
4740.593435 1.1399e-15 1e-20
4746.118833 1.14041e-15 1e-20
4751.644232 1.13545e-15 1e-20
4757.169631 1.12355e-15 1e-20
4762.69503 1.0946e-15 1e-20
4768.220429 1.09233e-15 1e-20
4773.745828 1.13822e-15 1e-20
4779.271227 1.11031e-15 1e-20
4784.796626 1.0985e-15 1e-20
4790.322025 1.08813e-15 1e-20
4795.847424 1.09003e-15 1e-20
4801.372823 1.07523e-15 1e-20
4806.898221 1.09937e-15 1e-20
4812.42362 1.06399e-15 1e-20
4817.949019 1.07698e-15 1e-20
4823.474418 1.05644e-15 1e-20
4828.999817 1.0864e-15 1e-20
4834.525216 1.09646e-15 1e-20
4840.050615 1.07233e-15 1e-20
4845.576014 1.08499e-15 1e-20
4851.101413 1.14194e-15 1e-20
4856.626812 1.11008e-15 1e-20
4862.15221 1.12807e-15 1e-20
4867.677609 1.13283e-15 1e-20
4873.203008 1.17796e-15 1e-20
4878.728407 1.09587e-15 1e-20
4884.253806 1.10416e-15 1e-20
4889.779205 1.08604e-15 1e-20
4895.304604 1.06309e-15 1e-20
4900.830003 1.02529e-15 1e-20
4906.355402 1.00689e-15 1e-20
4911.880801 1.00318e-15 1e-20
4917.406199 9.6535e-16 1e-20
4922.931598 9.61634e-16 1e-20
4928.456997 9.3928e-16 1e-20
4933.982396 8.89986e-16 1e-20
4939.507795 8.5987e-16 1e-20
4945.033194 8.72757e-16 1e-20
4950.558593 8.93122e-16 1e-20
4956.083992 8.65503e-16 1e-20
4961.609391 8.23979e-16 1e-20
4967.13479 8.50269e-16 1e-20
4972.660188 8.43857e-16 1e-20
4978.185587 8.11012e-16 1e-20
4983.710986 8.46142e-16 1e-20
4989.236385 8.64153e-16 1e-20
4994.761784 8.81081e-16 1e-20
5000.287183 8.74008e-16 1e-20
5005.812582 8.5873e-16 1e-20
5011.337981 8.85004e-16 1e-20
5016.86338 9.42191e-16 1e-20
5022.388779 8.89268e-16 1e-20
5027.914177 8.4921e-16 1e-20
5033.439576 8.82245e-16 1e-20
5038.964975 8.42836e-16 1e-20
5044.490374 8.27954e-16 1e-20
5050.015773 8.39252e-16 1e-20
5055.541172 8.55707e-16 1e-20
5061.066571 8.75325e-16 1e-20
5066.59197 9.1101e-16 1e-20
5072.117369 9.15785e-16 1e-20
5077.642768 8.97319e-16 1e-20
5083.168166 8.82506e-16 1e-20
5088.693565 9.00984e-16 1e-20
5094.218964 9.4089e-16 1e-20
5099.744363 9.1734e-16 1e-20
5105.269762 9.26166e-16 1e-20
5110.795161 9.17241e-16 1e-20
5116.32056 9.51076e-16 1e-20
5121.845959 9.46725e-16 1e-20
5127.371358 9.44979e-16 1e-20
5132.896757 9.69487e-16 1e-20
5138.422155 9.61673e-16 1e-20
5143.947554 9.33654e-16 1e-20
5149.472953 9.91255e-16 1e-20
5154.998352 1.01432e-15 1e-20
5160.523751 9.94868e-16 1e-20
5166.04915 1.03721e-15 1e-20
5171.574549 1.05685e-15 1e-20
5177.099948 1.04679e-15 1e-20
5182.625347 1.06776e-15 1e-20
5188.150746 1.06842e-15 1e-20
5193.676144 1.04981e-15 1e-20
5199.201543 1.0823e-15 1e-20
5204.726942 1.062e-15 1e-20
5210.252341 1.03265e-15 1e-20
5215.77774 1.04118e-15 1e-20
5221.303139 1.05039e-15 1e-20
5226.828538 1.02042e-15 1e-20
5232.353937 1.00538e-15 1e-20
5237.879336 1.0849e-15 1e-20
5243.404735 1.04726e-15 1e-20
5248.930133 1.03968e-15 1e-20
5254.455532 1.03517e-15 1e-20
5259.980931 1.09641e-15 1e-20
5265.50633 1.05428e-15 1e-20
5271.031729 1.0606e-15 1e-20
5276.557128 1.09469e-15 1e-20
5282.082527 1.08779e-15 1e-20
5287.607926 1.08668e-15 1e-20
5293.133325 1.06369e-15 1e-20
5298.658724 1.02676e-15 1e-20
5304.184122 1.04313e-15 1e-20
5309.709521 9.95559e-16 1e-20
5315.23492 9.73615e-16 1e-20
5320.760319 9.79823e-16 1e-20
5326.285718 9.48546e-16 1e-20
5331.811117 8.97253e-16 1e-20
5337.336516 9.10286e-16 1e-20
5342.861915 8.80614e-16 1e-20
5348.387314 8.21403e-16 1e-20
5353.912713 8.55115e-16 1e-20
5359.438112 8.4204e-16 1e-20
5364.96351 8.31237e-16 1e-20
5370.488909 8.4572e-16 1e-20
5376.014308 8.34202e-16 1e-20
5381.539707 8.2384e-16 1e-20
5387.065106 7.84336e-16 1e-20
5392.590505 7.98292e-16 1e-20
5398.115904 7.65874e-16 1e-20
5403.641303 8.03341e-16 1e-20
5409.166702 8.56757e-16 1e-20
5414.692101 8.25187e-16 1e-20
5420.217499 8.60997e-16 1e-20
5425.742898 8.28796e-16 1e-20
5431.268297 8.31823e-16 1e-20
5436.793696 8.58681e-16 1e-20
5442.319095 8.35835e-16 1e-20
5447.844494 8.57053e-16 1e-20
5453.369893 8.655e-16 1e-20
5458.895292 8.76691e-16 1e-20
5464.420691 8.7016e-16 1e-20
5469.94609 8.6116e-16 1e-20
5475.471488 8.34426e-16 1e-20
5480.996887 8.60342e-16 1e-20
5486.522286 7.98067e-16 1e-20
5492.047685 8.35279e-16 1e-20
5497.573084 7.98142e-16 1e-20
5503.098483 7.96014e-16 1e-20
5508.623882 8.09232e-16 1e-20
5514.149281 7.87317e-16 1e-20
5519.67468 7.71346e-16 1e-20
5525.200079 7.52151e-16 1e-20
5530.725477 7.43937e-16 1e-20
5536.250876 7.71889e-16 1e-20
5541.776275 7.37674e-16 1e-20
5547.301674 7.48015e-16 1e-20
5552.827073 7.16574e-16 1e-20
5558.352472 7.692e-16 1e-20
5563.877871 8.07412e-16 1e-20
5569.40327 7.81278e-16 1e-20
5574.928669 7.73901e-16 1e-20
5580.454068 7.7647e-16 1e-20
5585.979466 8.23561e-16 1e-20
5591.504865 8.05418e-16 1e-20
5597.030264 8.1676e-16 1e-20
5602.555663 8.39894e-16 1e-20
5608.081062 8.54965e-16 1e-20
5613.606461 8.16104e-16 1e-20
5619.13186 7.88685e-16 1e-20
5624.657259 8.2315e-16 1e-20
5630.182658 7.77611e-16 1e-20
5635.708057 8.03126e-16 1e-20
5641.233455 7.74889e-16 1e-20
5646.758854 7.73402e-16 1e-20
5652.284253 7.78014e-16 1e-20
5657.809652 7.90046e-16 1e-20
5663.335051 7.78741e-16 1e-20
5668.86045 8.13156e-16 1e-20
5674.385849 8.10443e-16 1e-20
5679.911248 8.05258e-16 1e-20
5685.436647 8.14343e-16 1e-20
5690.962046 7.97481e-16 1e-20
5696.487444 8.27503e-16 1e-20
5702.012843 8.07051e-16 1e-20
5707.538242 8.28504e-16 1e-20
5713.063641 8.07663e-16 1e-20
5718.58904 8.25794e-16 1e-20
5724.114439 8.24078e-16 1e-20
5729.639838 8.08316e-16 1e-20
5735.165237 8.16918e-16 1e-20
5740.690636 8.35789e-16 1e-20
5746.216035 8.15196e-16 1e-20
5751.741433 8.27626e-16 1e-20
5757.266832 7.71603e-16 1e-20
5762.792231 8.11224e-16 1e-20
5768.31763 7.8673e-16 1e-20
5773.843029 7.863e-16 1e-20
5779.368428 8.20768e-16 1e-20
5784.893827 7.82668e-16 1e-20
5790.419226 7.62202e-16 1e-20
5795.944625 8.02584e-16 1e-20
5801.470024 7.79582e-16 1e-20
5806.995423 7.92252e-16 1e-20
5812.520821 7.88141e-16 1e-20
5818.04622 7.7146e-16 1e-20
5823.571619 7.78503e-16 1e-20
5829.097018 7.80698e-16 1e-20
5834.622417 7.75669e-16 1e-20
5840.147816 7.46245e-16 1e-20
5845.673215 7.58976e-16 1e-20
5851.198614 7.4105e-16 1e-20
5856.724013 7.64121e-16 1e-20
5862.249412 7.74717e-16 1e-20
5867.77481 7.31306e-16 1e-20
5873.300209 7.43963e-16 1e-20
5878.825608 7.28281e-16 1e-20
5884.351007 7.33869e-16 1e-20
5889.876406 7.66647e-16 1e-20
5895.401805 7.20274e-16 1e-20
5900.927204 7.46503e-16 1e-20
5906.452603 7.56442e-16 1e-20
5911.978002 7.48683e-16 1e-20
5917.503401 7.59842e-16 1e-20
5923.028799 7.50397e-16 1e-20
5928.554198 7.50216e-16 1e-20
5934.079597 7.12479e-16 1e-20
5939.604996 7.55321e-16 1e-20
5945.130395 7.46102e-16 1e-20
5950.655794 7.43652e-16 1e-20
5956.181193 7.55763e-16 1e-20
5961.706592 7.46052e-16 1e-20
5967.231991 7.64613e-16 1e-20
5972.75739 7.62391e-16 1e-20
5978.282788 7.50343e-16 1e-20
5983.808187 7.71038e-16 1e-20
5989.333586 7.78884e-16 1e-20
5994.858985 7.41305e-16 1e-20
6000.384384 7.45193e-16 1e-20
6005.909783 7.40882e-16 1e-20
6011.435182 7.52475e-16 1e-20
6016.960581 7.40643e-16 1e-20
6022.48598 6.74162e-16 1e-20
6028.011379 6.50639e-16 1e-20
6033.536777 6.51725e-16 1e-20
6039.062176 6.41042e-16 1e-20
6044.587575 6.88066e-16 1e-20
6050.112974 7.1182e-16 1e-20
6055.638373 6.55766e-16 1e-20
6061.163772 6.69264e-16 1e-20
6066.689171 6.83809e-16 1e-20
6072.21457 6.50051e-16 1e-20
6077.739969 6.25951e-16 1e-20
6083.265368 6.29842e-16 1e-20
6088.790766 6.54258e-16 1e-20
6094.316165 6.64145e-16 1e-20
6099.841564 6.21345e-16 1e-20
6105.366963 5.97786e-16 1e-20
6110.892362 6.33623e-16 1e-20
6116.417761 6.16007e-16 1e-20
6121.94316 6.12552e-16 1e-20
6127.468559 6.05275e-16 1e-20
6132.993958 5.91469e-16 1e-20
6138.519357 6.11082e-16 1e-20
6144.044755 6.0829e-16 1e-20
6149.570154 5.97912e-16 1e-20
6155.095553 5.89223e-16 1e-20
6160.620952 5.68569e-16 1e-20
6166.146351 5.62638e-16 1e-20
6171.67175 5.62434e-16 1e-20
6177.197149 5.01507e-16 1e-20
6182.722548 5.18071e-16 1e-20
6188.247947 4.94446e-16 1e-20
6193.773346 5.07041e-16 1e-20
6199.298744 4.98066e-16 1e-20
6204.824143 5.06904e-16 1e-20
6210.349542 4.73769e-16 1e-20
6215.874941 4.60858e-16 1e-20
6221.40034 4.81835e-16 1e-20
6226.925739 4.3842e-16 1e-20
6232.451138 4.3587e-16 1e-20
6237.976537 4.52049e-16 1e-20
6243.501936 4.67271e-16 1e-20
6249.027335 4.73201e-16 1e-20
6254.552733 4.76199e-16 1e-20
6260.078132 4.59029e-16 1e-20
6265.603531 4.89306e-16 1e-20
6271.12893 4.75991e-16 1e-20
6276.654329 4.62418e-16 1e-20
6282.179728 4.94937e-16 1e-20
6287.705127 5.13747e-16 1e-20
6293.230526 5.21887e-16 1e-20
6298.755925 5.07995e-16 1e-20
6304.281324 5.14275e-16 1e-20
6309.806722 5.42736e-16 1e-20
6315.332121 5.50524e-16 1e-20
6320.85752 5.83233e-16 1e-20
6326.382919 6.06098e-16 1e-20
6331.908318 5.94101e-16 1e-20
6337.433717 5.73119e-16 1e-20
6342.959116 6.01085e-16 1e-20
6348.484515 6.16213e-16 1e-20
6354.009914 6.35715e-16 1e-20
6359.535313 6.39908e-16 1e-20
6365.060712 6.63193e-16 1e-20
6370.58611 6.53152e-16 1e-20
6376.111509 6.77989e-16 1e-20
6381.636908 6.73388e-16 1e-20
6387.162307 6.76728e-16 1e-20
6392.687706 6.86008e-16 1e-20
6398.213105 7.19874e-16 1e-20
6403.738504 6.6049e-16 1e-20
6409.263903 6.80426e-16 1e-20
6414.789302 7.32334e-16 1e-20
6420.314701 6.8412e-16 1e-20
6425.840099 7.17182e-16 1e-20
6431.365498 6.85989e-16 1e-20
6436.890897 6.62764e-16 1e-20
6442.416296 7.21404e-16 1e-20
6447.941695 6.69664e-16 1e-20
6453.467094 6.87153e-16 1e-20
6458.992493 6.6981e-16 1e-20
6464.517892 6.90069e-16 1e-20
6470.043291 6.62416e-16 1e-20
6475.56869 6.53971e-16 1e-20
6481.094088 6.33931e-16 1e-20
6486.619487 6.66315e-16 1e-20
6492.144886 6.66491e-16 1e-20
6497.670285 6.67896e-16 1e-20
6503.195684 6.53677e-16 1e-20
6508.721083 6.27991e-16 1e-20
6514.246482 6.49958e-16 1e-20
6519.771881 6.63685e-16 1e-20
6525.29728 6.67573e-16 1e-20
6530.822679 6.70015e-16 1e-20
6536.348077 6.25335e-16 1e-20
6541.873476 6.32154e-16 1e-20
6547.398875 6.502e-16 1e-20
6552.924274 6.21629e-16 1e-20
6558.449673 6.38041e-16 1e-20
6563.975072 6.30498e-16 1e-20
6569.500471 6.39478e-16 1e-20
6575.02587 6.39669e-16 1e-20
6580.551269 6.37234e-16 1e-20
6586.076668 6.06258e-16 1e-20
6591.602066 6.21733e-16 1e-20
6597.127465 6.17594e-16 1e-20
6602.652864 6.17725e-16 1e-20
6608.178263 6.14575e-16 1e-20
6613.703662 5.97027e-16 1e-20
6619.229061 5.72453e-16 1e-20
6624.75446 6.07983e-16 1e-20
6630.279859 5.98398e-16 1e-20
6635.805258 6.12517e-16 1e-20
6641.330657 5.91249e-16 1e-20
6646.856055 5.94298e-16 1e-20
6652.381454 6.02473e-16 1e-20
6657.906853 6.0278e-16 1e-20
6663.432252 5.97169e-16 1e-20
6668.957651 5.84407e-16 1e-20
6674.48305 5.69872e-16 1e-20
6680.008449 5.72859e-16 1e-20
6685.533848 5.96685e-16 1e-20
6691.059247 5.84312e-16 1e-20
6696.584646 5.62447e-16 1e-20
6702.110044 5.71593e-16 1e-20
6707.635443 5.78766e-16 1e-20
6713.160842 5.61002e-16 1e-20
6718.686241 5.3553e-16 1e-20
6724.21164 5.56867e-16 1e-20
6729.737039 5.66041e-16 1e-20
6735.262438 5.64372e-16 1e-20
6740.787837 5.64039e-16 1e-20
6746.313236 5.4804e-16 1e-20
6751.838635 5.63869e-16 1e-20
6757.364033 5.67645e-16 1e-20
6762.889432 5.74921e-16 1e-20
6768.414831 5.73249e-16 1e-20
6773.94023 5.89512e-16 1e-20
6779.465629 5.72274e-16 1e-20
6784.991028 5.57166e-16 1e-20
6790.516427 5.72201e-16 1e-20
6796.041826 5.51316e-16 1e-20
6801.567225 5.48181e-16 1e-20
6807.092624 5.20657e-16 1e-20
6812.618022 5.70727e-16 1e-20
6818.143421 5.46566e-16 1e-20
6823.66882 5.52169e-16 1e-20
6829.194219 5.43252e-16 1e-20
6834.719618 5.20197e-16 1e-20
6840.245017 5.27416e-16 1e-20
6845.770416 4.99867e-16 1e-20
6851.295815 5.20184e-16 1e-20
6856.821214 5.13603e-16 1e-20
6862.346613 5.03869e-16 1e-20
6867.872011 5.18327e-16 1e-20
6873.39741 4.71549e-16 1e-20
6878.922809 4.56471e-16 1e-20
6884.448208 4.80995e-16 1e-20
6889.973607 4.88749e-16 1e-20
6895.499006 4.94484e-16 1e-20
6901.024405 4.93966e-16 1e-20
6906.549804 4.87853e-16 1e-20
6912.075203 4.99591e-16 1e-20
6917.600602 4.7966e-16 1e-20
6923.126001 5.08424e-16 1e-20
6928.651399 5.26583e-16 1e-20
6934.176798 4.72777e-16 1e-20
6939.702197 4.91098e-16 1e-20
6945.227596 4.89912e-16 1e-20
6950.752995 4.91895e-16 1e-20
6956.278394 5.01856e-16 1e-20
6961.803793 5.06507e-16 1e-20
6967.329192 4.91664e-16 1e-20
6972.854591 4.92092e-16 1e-20
6978.37999 4.59425e-16 1e-20
6983.905388 4.67417e-16 1e-20
6989.430787 4.93552e-16 1e-20
6994.956186 4.76217e-16 1e-20
7000.481585 4.80716e-16 1e-20
7006.006984 4.66129e-16 1e-20
7011.532383 4.6844e-16 1e-20
7017.057782 4.83953e-16 1e-20
7022.583181 4.51671e-16 1e-20
7028.10858 4.63541e-16 1e-20
7033.633979 4.53358e-16 1e-20
7039.159377 4.70927e-16 1e-20
7044.684776 4.72469e-16 1e-20
7050.210175 4.45251e-16 1e-20
7055.735574 4.4476e-16 1e-20
7061.260973 4.65715e-16 1e-20
7066.786372 4.62729e-16 1e-20
7072.311771 4.36428e-16 1e-20
7077.83717 4.43463e-16 1e-20
7083.362569 4.61989e-16 1e-20
7088.887968 4.74818e-16 1e-20
7094.413366 4.88493e-16 1e-20
7099.938765 4.45519e-16 1e-20
7105.464164 4.51424e-16 1e-20
7110.989563 4.40494e-16 1e-20
7116.514962 4.59215e-16 1e-20
7122.040361 4.51109e-16 1e-20
7127.56576 4.64593e-16 1e-20
7133.091159 4.33437e-16 1e-20
7138.616558 4.74062e-16 1e-20
7144.141957 4.45442e-16 1e-20
7149.667355 4.45598e-16 1e-20
7155.192754 4.52167e-16 1e-20
7160.718153 4.62739e-16 1e-20
7166.243552 4.33573e-16 1e-20
7171.768951 4.5367e-16 1e-20
7177.29435 4.32322e-16 1e-20
7182.819749 4.24032e-16 1e-20
7188.345148 4.42249e-16 1e-20
7193.870547 4.21925e-16 1e-20
7199.395946 4.09834e-16 1e-20
7204.921344 4.15679e-16 1e-20
7210.446743 4.0625e-16 1e-20
7215.972142 4.13839e-16 1e-20
7221.497541 4.31496e-16 1e-20
7227.02294 4.44974e-16 1e-20
7232.548339 4.15218e-16 1e-20
7238.073738 3.64552e-16 1e-20
7243.599137 3.9748e-16 1e-20
7249.124536 3.97332e-16 1e-20
7254.649935 4.19894e-16 1e-20
7260.175333 4.16421e-16 1e-20
7265.700732 4.13814e-16 1e-20
7271.226131 4.42302e-16 1e-20
7276.75153 4.75017e-16 1e-20
7282.276929 4.35127e-16 1e-20
7287.802328 4.20981e-16 1e-20
7293.327727 4.20062e-16 1e-20
7298.853126 4.34871e-16 1e-20
7304.378525 4.17643e-16 1e-20
7309.903924 4.21612e-16 1e-20
7315.429322 3.99996e-16 1e-20
7320.954721 3.65406e-16 1e-20
7326.48012 3.86589e-16 1e-20
7332.005519 4.3507e-16 1e-20
7337.530918 4.1581e-16 1e-20
7343.056317 3.78744e-16 1e-20
7348.581716 3.90754e-16 1e-20
7354.107115 3.6409e-16 1e-20
7359.632514 3.62542e-16 1e-20
7365.157913 3.92746e-16 1e-20
7370.683311 3.68419e-16 1e-20
7376.20871 3.81465e-16 1e-20
7381.734109 3.76728e-16 1e-20
7387.259508 3.96594e-16 1e-20
7392.784907 4.08833e-16 1e-20
7398.310306 3.82276e-16 1e-20
7403.835705 3.85085e-16 1e-20
7409.361104 3.71741e-16 1e-20
7414.886503 3.90112e-16 1e-20
7420.411902 3.90504e-16 1e-20
7425.9373 3.81694e-16 1e-20
7431.462699 3.99976e-16 1e-20
7436.988098 3.72111e-16 1e-20
7442.513497 3.83948e-16 1e-20
7448.038896 3.8345e-16 1e-20
7453.564295 3.84861e-16 1e-20
7459.089694 3.93173e-16 1e-20
7464.615093 3.77132e-16 1e-20
7470.140492 3.69611e-16 1e-20
7475.665891 3.71366e-16 1e-20
7481.191289 3.73727e-16 1e-20
7486.716688 3.86901e-16 1e-20
7492.242087 3.76174e-16 1e-20
7497.767486 3.46186e-16 1e-20
7503.292885 3.36278e-16 1e-20
7508.818284 3.45329e-16 1e-20
7514.343683 3.83889e-16 1e-20
7519.869082 3.64489e-16 1e-20
7525.394481 3.54761e-16 1e-20
7530.91988 3.62648e-16 1e-20
7536.445279 3.73422e-16 1e-20
7541.970677 3.59204e-16 1e-20
7547.496076 3.7821e-16 1e-20
7553.021475 3.8832e-16 1e-20
7558.546874 3.6157e-16 1e-20
7564.072273 3.32179e-16 1e-20
7569.597672 3.1255e-16 1e-20
7575.123071 3.3586e-16 1e-20
7580.64847 3.57301e-16 1e-20
7586.173869 3.94005e-16 1e-20
7591.699268 4.24835e-16 1e-20
7597.224666 4.22363e-16 1e-20
7602.750065 3.62478e-16 1e-20
7608.275464 2.62924e-16 1e-20
7613.800863 2.50762e-16 1e-20
7619.326262 3.13532e-16 1e-20
7624.851661 3.15479e-16 1e-20
7630.37706 2.89423e-16 1e-20
7635.902459 2.63693e-16 1e-20
7641.427858 2.63497e-16 1e-20
7646.953257 3.11481e-16 1e-20
7652.478655 3.14202e-16 1e-20
7658.004054 3.22404e-16 1e-20
7663.529453 3.31592e-16 1e-20
7669.054852 2.88527e-16 1e-20
7674.580251 3.06563e-16 1e-20
7680.10565 3.19714e-16 1e-20
7685.631049 3.58651e-16 1e-20
7691.156448 3.26602e-16 1e-20
7696.681847 3.42817e-16 1e-20
7702.207246 3.07719e-16 1e-20
7707.732644 3.10025e-16 1e-20
7713.258043 3.33956e-16 1e-20
7718.783442 3.8714e-16 1e-20
7724.308841 3.53485e-16 1e-20
7729.83424 3.39977e-16 1e-20
7735.359639 3.27029e-16 1e-20
7740.885038 3.46331e-16 1e-20
7746.410437 3.51093e-16 1e-20
7751.935836 3.81904e-16 1e-20
7757.461235 3.94346e-16 1e-20
7762.986633 3.40399e-16 1e-20
7768.512032 3.19746e-16 1e-20
7774.037431 3.09376e-16 1e-20
7779.56283 3.24485e-16 1e-20
7785.088229 3.4434e-16 1e-20
7790.613628 3.63911e-16 1e-20
7796.139027 3.74169e-16 1e-20
7801.664426 3.4469e-16 1e-20
7807.189825 3.3067e-16 1e-20
7812.715224 3.11788e-16 1e-20
7818.240622 3.25947e-16 1e-20
7823.766021 3.34257e-16 1e-20
7829.29142 3.70752e-16 1e-20
7834.816819 3.59182e-16 1e-20
7840.342218 3.2049e-16 1e-20
7845.867617 3.30804e-16 1e-20
7851.393016 3.14918e-16 1e-20
7856.918415 3.51188e-16 1e-20
7862.443814 3.78148e-16 1e-20
7867.969213 3.39217e-16 1e-20
7873.494611 3.06147e-16 1e-20
7879.02001 2.88482e-16 1e-20
7884.545409 2.81177e-16 1e-20
7890.070808 3.07692e-16 1e-20
7895.596207 3.43534e-16 1e-20
7901.121606 3.52287e-16 1e-20
7906.647005 3.34123e-16 1e-20
7912.172404 3.00657e-16 1e-20
7917.697803 2.90907e-16 1e-20
7923.223202 3.18948e-16 1e-20
7928.7486 3.29965e-16 1e-20
7934.273999 3.45886e-16 1e-20
7939.799398 2.89435e-16 1e-20
7945.324797 3.02911e-16 1e-20
7950.850196 2.57605e-16 1e-20
7956.375595 2.83788e-16 1e-20
7961.900994 3.18184e-16 1e-20
7967.426393 3.52377e-16 1e-20
7972.951792 2.92451e-16 1e-20
7978.477191 2.79273e-16 1e-20
7984.002589 2.35561e-16 1e-20
7989.527988 2.50451e-16 1e-20
7995.053387 2.57328e-16 1e-20
8000.578786 2.52901e-16 1e-20
8006.104185 2.34119e-16 1e-20
8011.629584 2.71036e-16 1e-20
8017.154983 2.48337e-16 1e-20
8022.680382 2.41772e-16 1e-20
8028.205781 2.31772e-16 1e-20
8033.73118 1.99897e-16 1e-20
8039.256578 1.79721e-16 1e-20
8044.781977 1.84675e-16 1e-20
8050.307376 1.872e-16 1e-20
8055.832775 1.74146e-16 1e-20
8061.358174 1.71167e-16 1e-20
8066.883573 1.72563e-16 1e-20
8072.408972 1.79706e-16 1e-20
8077.934371 1.85935e-16 1e-20
8083.45977 1.72929e-16 1e-20
8088.985169 1.82618e-16 1e-20
8094.510568 1.68542e-16 1e-20
8100.035966 1.90936e-16 1e-20
8105.561365 1.83687e-16 1e-20
8111.086764 1.78438e-16 1e-20
8116.612163 2.10449e-16 1e-20
8122.137562 2.06965e-16 1e-20
8127.662961 1.6888e-16 1e-20
8133.18836 1.79701e-16 1e-20
8138.713759 1.83844e-16 1e-20
8144.239158 1.97913e-16 1e-20
8149.764557 2.10204e-16 1e-20
8155.289955 1.9428e-16 1e-20
8160.815354 1.90396e-16 1e-20
8166.340753 1.79235e-16 1e-20
8171.866152 1.85791e-16 1e-20
8177.391551 1.99574e-16 1e-20
8182.91695 2.00967e-16 1e-20
8188.442349 1.99167e-16 1e-20
8193.967748 2.10066e-16 1e-20
8199.493147 1.71444e-16 1e-20
8205.018546 1.6549e-16 1e-20
8210.543944 2.12487e-16 1e-20
8216.069343 2.15661e-16 1e-20
8221.594742 2.33837e-16 1e-20
8227.120141 2.32612e-16 1e-20
8232.64554 2.22935e-16 1e-20
8238.170939 2.27018e-16 1e-20
8243.696338 2.04785e-16 1e-20
8249.221737 2.18492e-16 1e-20
8254.747136 2.6898e-16 1e-20
8260.272535 2.28141e-16 1e-20
8265.797933 2.31781e-16 1e-20
8271.323332 2.68948e-16 1e-20
8276.848731 2.5597e-16 1e-20
8282.37413 2.39816e-16 1e-20
8287.899529 2.92175e-16 1e-20
8293.424928 2.90034e-16 1e-20
8298.950327 2.92993e-16 1e-20
8304.475726 3.02742e-16 1e-20
8310.001125 2.79357e-16 1e-20
8315.526524 2.41438e-16 1e-20
8321.051922 2.00646e-16 1e-20
8326.577321 2.02848e-16 1e-20
8332.10272 2.42515e-16 1e-20
8337.628119 2.7544e-16 1e-20
8343.153518 2.53407e-16 1e-20
8348.678917 2.1407e-16 1e-20
8354.204316 2.24546e-16 1e-20
8359.729715 2.14381e-16 1e-20
8365.255114 2.50474e-16 1e-20
8370.780513 2.53522e-16 1e-20
8376.305911 2.73322e-16 1e-20
8381.83131 2.37578e-16 1e-20
8387.356709 2.47725e-16 1e-20
8392.882108 2.24935e-16 1e-20
8398.407507 2.60452e-16 1e-20
8403.932906 2.23302e-16 1e-20
8409.458305 2.75047e-16 1e-20
8414.983704 2.33934e-16 1e-20
8420.509103 2.30175e-16 1e-20
8426.034502 1.88586e-16 1e-20
8431.5599 2.15742e-16 1e-20
8437.085299 3.01383e-16 1e-20
8442.610698 2.80846e-16 1e-20
8448.136097 2.77977e-16 1e-20
8453.661496 2.80414e-16 1e-20
8459.186895 2.44938e-16 1e-20
8464.712294 2.07552e-16 1e-20
8470.237693 2.36944e-16 1e-20
8475.763092 2.58825e-16 1e-20
8481.288491 2.57612e-16 1e-20
8486.813889 2.83977e-16 1e-20
8492.339288 2.58936e-16 1e-20
8497.864687 2.42262e-16 1e-20
8503.390086 2.25636e-16 1e-20
8508.915485 2.20148e-16 1e-20
8514.440884 2.5633e-16 1e-20
8519.966283 2.43792e-16 1e-20
8525.491682 2.63776e-16 1e-20
8531.017081 2.49784e-16 1e-20
8536.54248 2.35768e-16 1e-20
8542.067878 2.39884e-16 1e-20
8547.593277 2.38756e-16 1e-20
8553.118676 2.37463e-16 1e-20
8558.644075 2.90452e-16 1e-20
8564.169474 2.62977e-16 1e-20
8569.694873 2.61076e-16 1e-20
8575.220272 2.14018e-16 1e-20
8580.745671 2.37404e-16 1e-20
8586.27107 2.33813e-16 1e-20
8591.796469 2.55723e-16 1e-20
8597.321868 2.62309e-16 1e-20
8602.847266 2.53092e-16 1e-20
8608.372665 2.48028e-16 1e-20
8613.898064 2.17864e-16 1e-20
8619.423463 2.24341e-16 1e-20
8624.948862 2.23959e-16 1e-20
8630.474261 2.64623e-16 1e-20
8635.99966 3.06864e-16 1e-20
8641.525059 2.88455e-16 1e-20
8647.050458 2.48867e-16 1e-20
8652.575857 2.21747e-16 1e-20
8658.101255 2.4629e-16 1e-20
8663.626654 2.09046e-16 1e-20
8669.152053 2.51257e-16 1e-20
8674.677452 2.64301e-16 1e-20
8680.202851 2.68159e-16 1e-20
8685.72825 2.38171e-16 1e-20
8691.253649 2.39015e-16 1e-20
8696.779048 2.16485e-16 1e-20
8702.304447 2.75514e-16 1e-20
8707.829846 2.79865e-16 1e-20
8713.355244 2.73661e-16 1e-20
8718.880643 2.16435e-16 1e-20
8724.406042 2.35319e-16 1e-20
8729.931441 2.25185e-16 1e-20
8735.45684 2.39249e-16 1e-20
8740.982239 2.51443e-16 1e-20
8746.507638 2.41824e-16 1e-20
8752.033037 2.81738e-16 1e-20
8757.558436 3.07313e-16 1e-20
8763.083835 2.51697e-16 1e-20
8768.609233 2.22885e-16 1e-20
8774.134632 1.89403e-16 1e-20
8779.660031 2.32589e-16 1e-20
8785.18543 2.61918e-16 1e-20
8790.710829 2.33902e-16 1e-20
8796.236228 2.49653e-16 1e-20
8801.761627 2.55865e-16 1e-20
8807.287026 2.16432e-16 1e-20
8812.812425 2.27797e-16 1e-20
8818.337824 2.39534e-16 1e-20
8823.863222 2.72839e-16 1e-20
8829.388621 3.3219e-16 1e-20
8834.91402 2.9928e-16 1e-20
8840.439419 2.1149e-16 1e-20
8845.964818 2.2653e-16 1e-20
8851.490217 2.22699e-16 1e-20
8857.015616 2.31094e-16 1e-20
8862.541015 2.54649e-16 1e-20
8868.066414 2.60158e-16 1e-20
8873.591813 1.95773e-16 1e-20
8879.117211 2.33767e-16 1e-20
8884.64261 1.76626e-16 1e-20
8890.168009 2.07737e-16 1e-20
8895.693408 2.19407e-16 1e-20
8901.218807 2.65151e-16 1e-20
8906.744206 2.63132e-16 1e-20
8912.269605 2.54211e-16 1e-20
8917.795004 1.94843e-16 1e-20
8923.320403 2.22475e-16 1e-20
8928.845802 1.83252e-16 1e-20
8934.3712 2.16724e-16 1e-20
8939.896599 2.58885e-16 1e-20
8945.421998 2.71371e-16 1e-20
8950.947397 2.22742e-16 1e-20
8956.472796 2.21714e-16 1e-20
8961.998195 2.08787e-16 1e-20
8967.523594 2.11182e-16 1e-20
8973.048993 2.14961e-16 1e-20
8978.574392 2.11571e-16 1e-20
8984.099791 2.28651e-16 1e-20
8989.625189 1.85104e-16 1e-20
8995.150588 1.91139e-16 1e-20
9000.675987 2.35095e-16 1e-20
9006.201386 2.44149e-16 1e-20
9011.726785 2.12008e-16 1e-20
9017.252184 2.10107e-16 1e-20
9022.777583 1.72898e-16 1e-20
9028.302982 2.33974e-16 1e-20
9033.828381 2.25381e-16 1e-20
9039.35378 2.21842e-16 1e-20
9044.879178 2.40234e-16 1e-20
9050.404577 1.85581e-16 1e-20
9055.929976 1.60418e-16 1e-20
9061.455375 2.07489e-16 1e-20
9066.980774 1.94477e-16 1e-20
9072.506173 2.00778e-16 1e-20
9078.031572 2.26741e-16 1e-20
9083.556971 2.26399e-16 1e-20
9089.08237 2.26871e-16 1e-20
9094.607769 1.8838e-16 1e-20
9100.133167 1.98661e-16 1e-20
9105.658566 2.03156e-16 1e-20
9111.183965 2.26115e-16 1e-20
9116.709364 2.04197e-16 1e-20
9122.234763 1.74328e-16 1e-20
9127.760162 2.07159e-16 1e-20
9133.285561 2.55283e-16 1e-20
9138.81096 2.55662e-16 1e-20
9144.336359 2.12648e-16 1e-20
9149.861758 2.387e-16 1e-20
9155.387157 1.7519e-16 1e-20
9160.912555 1.3021e-16 1e-20
9166.437954 1.96297e-16 1e-20
9171.963353 2.19502e-16 1e-20
9177.488752 2.16424e-16 1e-20
9183.014151 1.629e-16 1e-20
9188.53955 2.01978e-16 1e-20
9194.064949 2.47084e-16 1e-20
9199.590348 1.79399e-16 1e-20
9205.115747 2.36624e-16 1e-20
9210.641146 2.25886e-16 1e-20
9216.166544 1.96793e-16 1e-20
9221.691943 2.34144e-16 1e-20
9227.217342 1.51963e-16 1e-20
9232.742741 1.91016e-16 1e-20
9238.26814 2.232e-16 1e-20
9243.793539 1.72182e-16 1e-20
9249.318938 2.25072e-16 1e-20
9254.844337 1.73136e-16 1e-20
9260.369736 2.72413e-16 1e-20
9265.895135 2.25407e-16 1e-20
9271.420533 2.64675e-16 1e-20
