3669.079633 2.40931e-15 1e-20
3674.603543 2.50952e-15 1e-20
3680.127454 2.52795e-15 1e-20
3685.651364 2.45396e-15 1e-20
3691.175274 2.27332e-15 1e-20
3696.699184 2.33598e-15 1e-20
3702.223094 2.32948e-15 1e-20
3707.747004 2.19508e-15 1e-20
3713.270915 1.9658e-15 1e-20
3718.794825 2.12417e-15 1e-20
3724.318735 2.11708e-15 1e-20
3729.842645 2.08233e-15 1e-20
3735.366555 2.00386e-15 1e-20
3740.890466 2.06847e-15 1e-20
3746.414376 1.99701e-15 1e-20
3751.938286 1.86145e-15 1e-20
3757.462196 1.78669e-15 1e-20
3762.986106 1.80195e-15 1e-20
3768.510016 1.59144e-15 1e-20
3774.033927 1.53301e-15 1e-20
3779.557837 1.31064e-15 1e-20
3785.081747 1.20643e-15 1e-20
3790.605657 1.21958e-15 1e-20
3796.129567 1.10883e-15 1e-20
3801.653478 1.28189e-15 1e-20
3807.177388 1.06757e-15 1e-20
3812.701298 1.00148e-15 1e-20
3818.225208 1.15214e-15 1e-20
3823.749118 1.16039e-15 1e-20
3829.273028 1.18015e-15 1e-20
3834.796939 1.26587e-15 1e-20
3840.320849 1.43912e-15 1e-20
3845.844759 1.30853e-15 1e-20
3851.368669 1.4179e-15 1e-20
3856.892579 1.43823e-15 1e-20
3862.41649 1.46641e-15 1e-20
3867.9404 1.56805e-15 1e-20
3873.46431 1.58402e-15 1e-20
3878.98822 1.71162e-15 1e-20
3884.51213 1.74902e-15 1e-20
3890.03604 1.70948e-15 1e-20
3895.559951 1.66947e-15 1e-20
3901.083861 1.76377e-15 1e-20
3906.607771 1.69425e-15 1e-20
3912.131681 1.72428e-15 1e-20
3917.655591 1.85086e-15 1e-20
3923.179501 1.87505e-15 1e-20
3928.703412 2.00113e-15 1e-20
3934.227322 2.12866e-15 1e-20
3939.751232 2.16603e-15 1e-20
3945.275142 2.27304e-15 1e-20
3950.799052 2.47304e-15 1e-20
3956.322963 2.53474e-15 1e-20
3961.846873 2.71456e-15 1e-20
3967.370783 2.78109e-15 1e-20
3972.894693 3.05307e-15 1e-20
3978.418603 3.20776e-15 1e-20
3983.942513 3.27324e-15 1e-20
3989.466424 3.48909e-15 1e-20
3994.990334 3.63835e-15 1e-20
4000.514244 3.74831e-15 1e-20
4006.038154 3.71878e-15 1e-20
4011.562064 3.85758e-15 1e-20
4017.085975 3.81011e-15 1e-20
4022.609885 3.88286e-15 1e-20
4028.133795 4.02692e-15 1e-20
4033.657705 3.97644e-15 1e-20
4039.181615 3.87853e-15 1e-20
4044.705525 3.73042e-15 1e-20
4050.229436 3.59463e-15 1e-20
4055.753346 3.43525e-15 1e-20
4061.277256 3.28885e-15 1e-20
4066.801166 3.21382e-15 1e-20
4072.325076 3.03157e-15 1e-20
4077.848987 2.87051e-15 1e-20
4083.372897 2.8762e-15 1e-20
4088.896807 2.6752e-15 1e-20
4094.420717 2.6273e-15 1e-20
4099.944627 2.5764e-15 1e-20
4105.468537 2.49109e-15 1e-20
4110.992448 2.56325e-15 1e-20
4116.516358 2.50517e-15 1e-20
4122.040268 2.55484e-15 1e-20
4127.564178 2.61064e-15 1e-20
4133.088088 2.69182e-15 1e-20
4138.611998 2.84218e-15 1e-20
4144.135909 2.88059e-15 1e-20
4149.659819 3.0759e-15 1e-20
4155.183729 3.08467e-15 1e-20
4160.707639 3.20224e-15 1e-20
4166.231549 3.44073e-15 1e-20
4171.75546 3.49604e-15 1e-20
4177.27937 3.5336e-15 1e-20
4182.80328 3.70357e-15 1e-20
4188.32719 3.72075e-15 1e-20
4193.8511 3.87463e-15 1e-20
4199.37501 3.80459e-15 1e-20
4204.898921 3.89593e-15 1e-20
4210.422831 3.85881e-15 1e-20
4215.946741 3.86273e-15 1e-20
4221.470651 3.81019e-15 1e-20
4226.994561 3.79273e-15 1e-20
4232.518472 3.72913e-15 1e-20
4238.042382 3.63984e-15 1e-20
4243.566292 3.70058e-15 1e-20
4249.090202 3.73937e-15 1e-20
4254.614112 3.61678e-15 1e-20
4260.138022 3.67729e-15 1e-20
4265.661933 3.48993e-15 1e-20
4271.185843 3.60954e-15 1e-20
4276.709753 3.46404e-15 1e-20
4282.233663 3.44302e-15 1e-20
4287.757573 3.52563e-15 1e-20
4293.281483 3.32253e-15 1e-20
4298.805394 3.48697e-15 1e-20
4304.329304 3.33643e-15 1e-20
4309.853214 3.33878e-15 1e-20
4315.377124 3.27779e-15 1e-20
4320.901034 3.28189e-15 1e-20
4326.424945 3.29111e-15 1e-20
4331.948855 3.22096e-15 1e-20
4337.472765 3.06123e-15 1e-20
4342.996675 3.05083e-15 1e-20
4348.520585 2.98623e-15 1e-20
4354.044495 2.91186e-15 1e-20
4359.568406 2.84715e-15 1e-20
4365.092316 2.80513e-15 1e-20
4370.616226 2.8706e-15 1e-20
4376.140136 2.75283e-15 1e-20
4381.664046 2.59851e-15 1e-20
4387.187957 2.49601e-15 1e-20
4392.711867 2.32536e-15 1e-20
4398.235777 2.21937e-15 1e-20
4403.759687 2.08791e-15 1e-20
4409.283597 1.99408e-15 1e-20
4414.807507 1.87438e-15 1e-20
4420.331418 1.80583e-15 1e-20
4425.855328 1.79386e-15 1e-20
4431.379238 1.78409e-15 1e-20
4436.903148 1.80251e-15 1e-20
4442.427058 1.7932e-15 1e-20
4447.950969 1.88953e-15 1e-20
4453.474879 1.85111e-15 1e-20
4458.998789 1.93647e-15 1e-20
4464.522699 1.90853e-15 1e-20
4470.046609 2.04952e-15 1e-20
4475.570519 1.98522e-15 1e-20
4481.09443 2.02699e-15 1e-20
4486.61834 1.9823e-15 1e-20
4492.14225 2.14496e-15 1e-20
4497.66616 2.10076e-15 1e-20
4503.19007 2.16473e-15 1e-20
4508.71398 2.21898e-15 1e-20
4514.237891 2.23674e-15 1e-20
4519.761801 2.24199e-15 1e-20
4525.285711 2.24197e-15 1e-20
4530.809621 2.47068e-15 1e-20
4536.333531 2.36873e-15 1e-20
4541.857442 2.37728e-15 1e-20
4547.381352 2.29961e-15 1e-20
4552.905262 2.38385e-15 1e-20
4558.429172 2.45264e-15 1e-20
4563.953082 2.4578e-15 1e-20
4569.476992 2.48482e-15 1e-20
4575.000903 2.50039e-15 1e-20
4580.524813 2.46595e-15 1e-20
4586.048723 2.58814e-15 1e-20
4591.572633 2.69354e-15 1e-20
4597.096543 2.72398e-15 1e-20
4602.620454 2.85784e-15 1e-20
4608.144364 2.9477e-15 1e-20
4613.668274 3.00087e-15 1e-20
4619.192184 3.08845e-15 1e-20
4624.716094 3.15919e-15 1e-20
4630.240004 3.22512e-15 1e-20
4635.763915 3.22201e-15 1e-20
4641.287825 3.25495e-15 1e-20
4646.811735 3.26894e-15 1e-20
4652.335645 3.31476e-15 1e-20
4657.859555 3.27676e-15 1e-20
4663.383465 3.1931e-15 1e-20
4668.907376 3.25286e-15 1e-20
4674.431286 3.09184e-15 1e-20
4679.955196 3.18155e-15 1e-20
4685.479106 3.1517e-15 1e-20
4691.003016 3.18239e-15 1e-20
4696.526927 3.18361e-15 1e-20
4702.050837 3.07998e-15 1e-20
4707.574747 3.13754e-15 1e-20
4713.098657 3.03175e-15 1e-20
4718.622567 3.02471e-15 1e-20
4724.146477 2.97106e-15 1e-20
4729.670388 2.94834e-15 1e-20
4735.194298 2.87527e-15 1e-20
4740.718208 2.85365e-15 1e-20
4746.242118 2.86915e-15 1e-20
4751.766028 2.76071e-15 1e-20
4757.289939 2.75493e-15 1e-20
4762.813849 2.668e-15 1e-20
4768.337759 2.56214e-15 1e-20
4773.861669 2.39272e-15 1e-20
4779.385579 2.3358e-15 1e-20
4784.909489 2.18827e-15 1e-20
4790.4334 2.20758e-15 1e-20
4795.95731 2.22642e-15 1e-20
4801.48122 2.105e-15 1e-20
4807.00513 2.14944e-15 1e-20
4812.52904 2.14127e-15 1e-20
4818.052951 2.09155e-15 1e-20
4823.576861 2.14479e-15 1e-20
4829.100771 2.19501e-15 1e-20
4834.624681 2.08702e-15 1e-20
4840.148591 2.11687e-15 1e-20
4845.672501 1.969e-15 1e-20
4851.196412 2.08554e-15 1e-20
4856.720322 2.00662e-15 1e-20
4862.244232 1.99105e-15 1e-20
4867.768142 1.95763e-15 1e-20
4873.292052 1.8847e-15 1e-20
4878.815962 1.91024e-15 1e-20
4884.339873 1.9119e-15 1e-20
4889.863783 1.82263e-15 1e-20
4895.387693 1.82783e-15 1e-20
4900.911603 1.80955e-15 1e-20
4906.435513 1.87469e-15 1e-20
4911.959424 1.91672e-15 1e-20
4917.483334 1.8523e-15 1e-20
4923.007244 1.90423e-15 1e-20
4928.531154 1.87764e-15 1e-20
4934.055064 1.8347e-15 1e-20
4939.578974 1.7486e-15 1e-20
4945.102885 1.82509e-15 1e-20
4950.626795 1.68462e-15 1e-20
4956.150705 1.6766e-15 1e-20
4961.674615 1.60198e-15 1e-20
4967.198525 1.53674e-15 1e-20
4972.722436 1.47834e-15 1e-20
4978.246346 1.47043e-15 1e-20
4983.770256 1.33529e-15 1e-20
4989.294166 1.28709e-15 1e-20
4994.818076 1.29161e-15 1e-20
5000.341986 1.37776e-15 1e-20
5005.865897 1.30524e-15 1e-20
5011.389807 1.29729e-15 1e-20
5016.913717 1.33432e-15 1e-20
5022.437627 1.35363e-15 1e-20
5027.961537 1.40507e-15 1e-20
5033.485448 1.45278e-15 1e-20
5039.009358 1.48211e-15 1e-20
5044.533268 1.52317e-15 1e-20
5050.057178 1.64068e-15 1e-20
5055.581088 1.64428e-15 1e-20
5061.104998 1.65716e-15 1e-20
5066.628909 1.68947e-15 1e-20
5072.152819 1.70306e-15 1e-20
5077.676729 1.74321e-15 1e-20
5083.200639 1.72423e-15 1e-20
5088.724549 1.65781e-15 1e-20
5094.248459 1.65977e-15 1e-20
5099.77237 1.73414e-15 1e-20
5105.29628 1.6436e-15 1e-20
5110.82019 1.71171e-15 1e-20
5116.3441 1.74951e-15 1e-20
5121.86801 1.7155e-15 1e-20
5127.391921 1.7411e-15 1e-20
5132.915831 1.74197e-15 1e-20
5138.439741 1.74793e-15 1e-20
5143.963651 1.77577e-15 1e-20
5149.487561 1.8014e-15 1e-20
5155.011471 1.81092e-15 1e-20
5160.535382 1.81797e-15 1e-20
5166.059292 1.79145e-15 1e-20
5171.583202 1.84023e-15 1e-20
5177.107112 1.80151e-15 1e-20
5182.631022 1.79531e-15 1e-20
5188.154933 1.86999e-15 1e-20
5193.678843 1.90903e-15 1e-20
5199.202753 1.86677e-15 1e-20
5204.726663 1.93894e-15 1e-20
5210.250573 2.01545e-15 1e-20
5215.774483 2.02153e-15 1e-20
5221.298394 2.06045e-15 1e-20
5226.822304 2.06749e-15 1e-20
5232.346214 2.05633e-15 1e-20
5237.870124 2.07724e-15 1e-20
5243.394034 2.21001e-15 1e-20
5248.917944 2.16398e-15 1e-20
5254.441855 2.19059e-15 1e-20
5259.965765 2.18485e-15 1e-20
5265.489675 2.22672e-15 1e-20
5271.013585 2.23455e-15 1e-20
5276.537495 2.18973e-15 1e-20
5282.061406 2.19017e-15 1e-20
5287.585316 2.18341e-15 1e-20
5293.109226 2.12378e-15 1e-20
5298.633136 2.16424e-15 1e-20
5304.157046 2.10897e-15 1e-20
5309.680956 2.09637e-15 1e-20
5315.204867 2.07116e-15 1e-20
5320.728777 2.05956e-15 1e-20
5326.252687 2.15372e-15 1e-20
5331.776597 2.11164e-15 1e-20
5337.300507 2.19194e-15 1e-20
5342.824418 2.16624e-15 1e-20
5348.348328 2.19801e-15 1e-20
5353.872238 2.16153e-15 1e-20
5359.396148 2.08783e-15 1e-20
5364.920058 2.13765e-15 1e-20
5370.443968 2.0133e-15 1e-20
5375.967879 1.9413e-15 1e-20
5381.491789 1.89815e-15 1e-20
5387.015699 1.80455e-15 1e-20
5392.539609 1.67693e-15 1e-20
5398.063519 1.6597e-15 1e-20
5403.58743 1.53605e-15 1e-20
5409.11134 1.53574e-15 1e-20
5414.63525 1.545e-15 1e-20
5420.15916 1.53051e-15 1e-20
5425.68307 1.43521e-15 1e-20
5431.20698 1.46301e-15 1e-20
5436.730891 1.3706e-15 1e-20
5442.254801 1.41725e-15 1e-20
5447.778711 1.43385e-15 1e-20
5453.302621 1.41599e-15 1e-20
5458.826531 1.42615e-15 1e-20
5464.350441 1.50586e-15 1e-20
5469.874352 1.50609e-15 1e-20
5475.398262 1.49548e-15 1e-20
5480.922172 1.47621e-15 1e-20
5486.446082 1.47526e-15 1e-20
5491.969992 1.53227e-15 1e-20
5497.493903 1.59175e-15 1e-20
5503.017813 1.55916e-15 1e-20
5508.541723 1.56257e-15 1e-20
5514.065633 1.56542e-15 1e-20
5519.589543 1.57662e-15 1e-20
5525.113453 1.5449e-15 1e-20
5530.637364 1.58587e-15 1e-20
5536.161274 1.57725e-15 1e-20
5541.685184 1.50016e-15 1e-20
5547.209094 1.53968e-15 1e-20
5552.733004 1.50054e-15 1e-20
5558.256915 1.45158e-15 1e-20
5563.780825 1.41671e-15 1e-20
5569.304735 1.42705e-15 1e-20
5574.828645 1.41244e-15 1e-20
5580.352555 1.28088e-15 1e-20
5585.876465 1.25758e-15 1e-20
5591.400376 1.20845e-15 1e-20
5596.924286 1.26065e-15 1e-20
5602.448196 1.15862e-15 1e-20
5607.972106 1.14509e-15 1e-20
5613.496016 1.14219e-15 1e-20
5619.019926 1.14823e-15 1e-20
5624.543837 1.26379e-15 1e-20
5630.067747 1.27567e-15 1e-20
5635.591657 1.31208e-15 1e-20
5641.115567 1.26588e-15 1e-20
5646.639477 1.27251e-15 1e-20
5652.163388 1.37722e-15 1e-20
5657.687298 1.41778e-15 1e-20
5663.211208 1.43726e-15 1e-20
5668.735118 1.53573e-15 1e-20
5674.259028 1.60535e-15 1e-20
5679.782938 1.67286e-15 1e-20
5685.306849 1.76569e-15 1e-20
5690.830759 1.73087e-15 1e-20
5696.354669 1.83966e-15 1e-20
5701.878579 1.86518e-15 1e-20
5707.402489 1.88562e-15 1e-20
5712.9264 1.89627e-15 1e-20
5718.45031 1.82644e-15 1e-20
5723.97422 1.85789e-15 1e-20
5729.49813 1.83448e-15 1e-20
5735.02204 1.84988e-15 1e-20
5740.54595 1.82425e-15 1e-20
5746.069861 1.8233e-15 1e-20
5751.593771 1.7912e-15 1e-20
5757.117681 1.76297e-15 1e-20
5762.641591 1.76916e-15 1e-20
5768.165501 1.7888e-15 1e-20
5773.689411 1.80905e-15 1e-20
5779.213322 1.78769e-15 1e-20
5784.737232 1.82575e-15 1e-20
5790.261142 1.8052e-15 1e-20
5795.785052 1.82419e-15 1e-20
5801.308962 1.82819e-15 1e-20
5806.832873 1.82577e-15 1e-20
5812.356783 1.77307e-15 1e-20
5817.880693 1.79901e-15 1e-20
5823.404603 1.8266e-15 1e-20
5828.928513 1.84564e-15 1e-20
5834.452423 1.79529e-15 1e-20
5839.976334 1.75228e-15 1e-20
5845.500244 1.67184e-15 1e-20
5851.024154 1.62442e-15 1e-20
5856.548064 1.54043e-15 1e-20
5862.071974 1.54459e-15 1e-20
5867.595885 1.46742e-15 1e-20
5873.119795 1.48098e-15 1e-20
5878.643705 1.36467e-15 1e-20
5884.167615 1.3518e-15 1e-20
5889.691525 1.3438e-15 1e-20
5895.215435 1.24737e-15 1e-20
5900.739346 1.22269e-15 1e-20
5906.263256 1.3255e-15 1e-20
5911.787166 1.31023e-15 1e-20
5917.311076 1.21697e-15 1e-20
5922.834986 1.26415e-15 1e-20
5928.358897 1.32464e-15 1e-20
5933.882807 1.31083e-15 1e-20
5939.406717 1.2939e-15 1e-20
5944.930627 1.31229e-15 1e-20
5950.454537 1.41178e-15 1e-20
5955.978447 1.43572e-15 1e-20
5961.502358 1.41567e-15 1e-20
5967.026268 1.52599e-15 1e-20
5972.550178 1.4632e-15 1e-20
5978.074088 1.43477e-15 1e-20
5983.597998 1.55674e-15 1e-20
5989.121908 1.58704e-15 1e-20
5994.645819 1.57682e-15 1e-20
6000.169729 1.63436e-15 1e-20
6005.693639 1.66455e-15 1e-20
6011.217549 1.66321e-15 1e-20
6016.741459 1.68982e-15 1e-20
6022.26537 1.70254e-15 1e-20
6027.78928 1.68106e-15 1e-20
6033.31319 1.71666e-15 1e-20
6038.8371 1.7243e-15 1e-20
6044.36101 1.70744e-15 1e-20
6049.88492 1.7152e-15 1e-20
6055.408831 1.69091e-15 1e-20
6060.932741 1.70481e-15 1e-20
6066.456651 1.7267e-15 1e-20
6071.980561 1.69337e-15 1e-20
6077.504471 1.6415e-15 1e-20
6083.028382 1.68016e-15 1e-20
6088.552292 1.73173e-15 1e-20
6094.076202 1.72735e-15 1e-20
6099.600112 1.75176e-15 1e-20
6105.124022 1.72097e-15 1e-20
6110.647932 1.72067e-15 1e-20
6116.171843 1.76884e-15 1e-20
6121.695753 1.68296e-15 1e-20
6127.219663 1.66698e-15 1e-20
6132.743573 1.70327e-15 1e-20
6138.267483 1.59036e-15 1e-20
6143.791394 1.55729e-15 1e-20
6149.315304 1.50985e-15 1e-20
6154.839214 1.53326e-15 1e-20
6160.363124 1.47501e-15 1e-20
6165.887034 1.50147e-15 1e-20
6171.410944 1.45833e-15 1e-20
6176.934855 1.41578e-15 1e-20
6182.458765 1.3181e-15 1e-20
6187.982675 1.31296e-15 1e-20
6193.506585 1.29877e-15 1e-20
6199.030495 1.1373e-15 1e-20
6204.554405 1.03554e-15 1e-20
6210.078316 9.95053e-16 1e-20
6215.602226 9.30971e-16 1e-20
6221.126136 8.52765e-16 1e-20
6226.650046 7.95318e-16 1e-20
6232.173956 7.43078e-16 1e-20
6237.697867 7.35062e-16 1e-20
6243.221777 6.62321e-16 1e-20
6248.745687 5.73546e-16 1e-20
6254.269597 6.3613e-16 1e-20
6259.793507 5.8544e-16 1e-20
6265.317417 5.47287e-16 1e-20
6270.841328 5.50188e-16 1e-20
6276.365238 5.30855e-16 1e-20
6281.889148 4.99628e-16 1e-20
6287.413058 5.00798e-16 1e-20
6292.936968 5.33917e-16 1e-20
6298.460879 5.20239e-16 1e-20
6303.984789 5.75268e-16 1e-20
6309.508699 5.81408e-16 1e-20
6315.032609 5.43573e-16 1e-20
6320.556519 5.76383e-16 1e-20
6326.080429 6.43949e-16 1e-20
6331.60434 6.64743e-16 1e-20
6337.12825 6.80464e-16 1e-20
6342.65216 7.21627e-16 1e-20
6348.17607 7.4632e-16 1e-20
6353.69998 8.30881e-16 1e-20
6359.223891 8.97879e-16 1e-20
6364.747801 8.69087e-16 1e-20
6370.271711 9.03718e-16 1e-20
6375.795621 9.62225e-16 1e-20
6381.319531 1.00427e-15 1e-20
6386.843441 1.1117e-15 1e-20
6392.367352 1.17408e-15 1e-20
6397.891262 1.18443e-15 1e-20
6403.415172 1.21415e-15 1e-20
6408.939082 1.29611e-15 1e-20
6414.462992 1.33062e-15 1e-20
6419.986902 1.2945e-15 1e-20
6425.510813 1.38783e-15 1e-20
6431.034723 1.32335e-15 1e-20
6436.558633 1.4524e-15 1e-20
6442.082543 1.48232e-15 1e-20
6447.606453 1.51733e-15 1e-20
6453.130364 1.41285e-15 1e-20
6458.654274 1.54743e-15 1e-20
6464.178184 1.60587e-15 1e-20
6469.702094 1.57916e-15 1e-20
6475.226004 1.54404e-15 1e-20
6480.749914 1.53978e-15 1e-20
6486.273825 1.59831e-15 1e-20
6491.797735 1.57423e-15 1e-20
6497.321645 1.54378e-15 1e-20
6502.845555 1.57342e-15 1e-20
6508.369465 1.56946e-15 1e-20
6513.893376 1.58557e-15 1e-20
6519.417286 1.59003e-15 1e-20
6524.941196 1.56202e-15 1e-20
6530.465106 1.58272e-15 1e-20
6535.989016 1.53912e-15 1e-20
6541.512926 1.5529e-15 1e-20
6547.036837 1.54613e-15 1e-20
6552.560747 1.53858e-15 1e-20
6558.084657 1.54332e-15 1e-20
6563.608567 1.50318e-15 1e-20
6569.132477 1.48902e-15 1e-20
6574.656387 1.49087e-15 1e-20
6580.180298 1.47506e-15 1e-20
6585.704208 1.49556e-15 1e-20
6591.228118 1.48113e-15 1e-20
6596.752028 1.45139e-15 1e-20
6602.275938 1.42251e-15 1e-20
6607.799849 1.42108e-15 1e-20
6613.323759 1.44354e-15 1e-20
6618.847669 1.39974e-15 1e-20
6624.371579 1.34824e-15 1e-20
6629.895489 1.38843e-15 1e-20
6635.419399 1.40975e-15 1e-20
6640.94331 1.31672e-15 1e-20
6646.46722 1.35292e-15 1e-20
6651.99113 1.30632e-15 1e-20
6657.51504 1.2526e-15 1e-20
6663.03895 1.22731e-15 1e-20
6668.562861 1.22169e-15 1e-20
6674.086771 1.23841e-15 1e-20
6679.610681 1.19429e-15 1e-20
6685.134591 1.25083e-15 1e-20
6690.658501 1.22995e-15 1e-20
6696.182411 1.24072e-15 1e-20
6701.706322 1.23459e-15 1e-20
6707.230232 1.22539e-15 1e-20
6712.754142 1.19312e-15 1e-20
6718.278052 1.14712e-15 1e-20
6723.801962 1.1473e-15 1e-20
6729.325872 1.11642e-15 1e-20
6734.849783 1.11823e-15 1e-20
6740.373693 1.13504e-15 1e-20
6745.897603 1.15942e-15 1e-20
6751.421513 1.14545e-15 1e-20
6756.945423 1.126e-15 1e-20
6762.469334 1.15132e-15 1e-20
6767.993244 1.09041e-15 1e-20
6773.517154 1.00846e-15 1e-20
6779.041064 1.0784e-15 1e-20
6784.564974 1.05456e-15 1e-20
6790.088884 1.076e-15 1e-20
6795.612795 1.04222e-15 1e-20
6801.136705 9.93138e-16 1e-20
6806.660615 1.08719e-15 1e-20
6812.184525 1.04185e-15 1e-20
6817.708435 9.91136e-16 1e-20
6823.232346 1.02087e-15 1e-20
6828.756256 9.83578e-16 1e-20
6834.280166 9.50904e-16 1e-20
6839.804076 1.00623e-15 1e-20
6845.327986 1.04456e-15 1e-20
6850.851896 1.02168e-15 1e-20
6856.375807 1.00948e-15 1e-20
6861.899717 9.82e-16 1e-20
6867.423627 9.4767e-16 1e-20
6872.947537 8.75489e-16 1e-20
6878.471447 8.83501e-16 1e-20
6883.995358 9.29575e-16 1e-20
6889.519268 8.96088e-16 1e-20
6895.043178 8.7646e-16 1e-20
6900.567088 8.85605e-16 1e-20
6906.090998 8.95862e-16 1e-20
6911.614908 9.30231e-16 1e-20
6917.138819 8.81692e-16 1e-20
6922.662729 8.24201e-16 1e-20
6928.186639 8.58038e-16 1e-20
6933.710549 8.74674e-16 1e-20
6939.234459 8.54588e-16 1e-20
6944.758369 8.32433e-16 1e-20
6950.28228 7.54047e-16 1e-20
6955.80619 8.16183e-16 1e-20
6961.3301 8.26153e-16 1e-20
6966.85401 8.06113e-16 1e-20
6972.37792 8.15599e-16 1e-20
6977.901831 7.89533e-16 1e-20
6983.425741 7.6602e-16 1e-20
6988.949651 7.67641e-16 1e-20
6994.473561 8.2648e-16 1e-20
6999.997471 8.28262e-16 1e-20
7005.521381 7.76611e-16 1e-20
7011.045292 7.80981e-16 1e-20
7016.569202 7.98321e-16 1e-20
7022.093112 8.06323e-16 1e-20
7027.617022 7.81642e-16 1e-20
7033.140932 7.81703e-16 1e-20
7038.664843 7.72444e-16 1e-20
7044.188753 8.00663e-16 1e-20
7049.712663 7.79251e-16 1e-20
7055.236573 7.21544e-16 1e-20
7060.760483 7.55964e-16 1e-20
7066.284393 7.85539e-16 1e-20
7071.808304 7.76646e-16 1e-20
7077.332214 7.06231e-16 1e-20
7082.856124 7.16253e-16 1e-20
7088.380034 7.84221e-16 1e-20
7093.903944 6.98423e-16 1e-20
7099.427855 7.13108e-16 1e-20
7104.951765 7.51478e-16 1e-20
7110.475675 6.77449e-16 1e-20
7115.999585 7.19501e-16 1e-20
7121.523495 6.82361e-16 1e-20
7127.047405 7.02461e-16 1e-20
7132.571316 7.55845e-16 1e-20
7138.095226 7.04075e-16 1e-20
7143.619136 7.29484e-16 1e-20
7149.143046 7.2933e-16 1e-20
7154.666956 6.92984e-16 1e-20
7160.190866 7.0516e-16 1e-20
7165.714777 6.78688e-16 1e-20
7171.238687 6.99258e-16 1e-20
7176.762597 6.8684e-16 1e-20
7182.286507 6.53037e-16 1e-20
7187.810417 6.60001e-16 1e-20
7193.334328 7.00493e-16 1e-20
7198.858238 6.96626e-16 1e-20
7204.382148 6.62359e-16 1e-20
7209.906058 6.52425e-16 1e-20
7215.429968 6.56879e-16 1e-20
7220.953878 6.75763e-16 1e-20
7226.477789 6.77902e-16 1e-20
7232.001699 6.52705e-16 1e-20
7237.525609 6.0663e-16 1e-20
7243.049519 6.32328e-16 1e-20
7248.573429 7.13749e-16 1e-20
7254.09734 6.49218e-16 1e-20
7259.62125 5.99022e-16 1e-20
7265.14516 5.98567e-16 1e-20
7270.66907 6.73159e-16 1e-20
7276.19298 6.68198e-16 1e-20
7281.71689 6.64632e-16 1e-20
7287.240801 6.30204e-16 1e-20
7292.764711 5.93021e-16 1e-20
7298.288621 6.45453e-16 1e-20
7303.812531 6.48631e-16 1e-20
7309.336441 6.76301e-16 1e-20
7314.860351 6.58564e-16 1e-20
7320.384262 6.10998e-16 1e-20
7325.908172 6.37632e-16 1e-20
7331.432082 6.52837e-16 1e-20
7336.955992 6.78251e-16 1e-20
7342.479902 6.11871e-16 1e-20
7348.003813 5.84666e-16 1e-20
7353.527723 6.16011e-16 1e-20
7359.051633 6.33455e-16 1e-20
7364.575543 6.58803e-16 1e-20
7370.099453 6.42345e-16 1e-20
7375.623363 5.73731e-16 1e-20
7381.147274 5.67924e-16 1e-20
7386.671184 5.85525e-16 1e-20
7392.195094 6.29512e-16 1e-20
7397.719004 6.32324e-16 1e-20
7403.242914 5.6902e-16 1e-20
7408.766825 5.22399e-16 1e-20
7414.290735 6.15295e-16 1e-20
7419.814645 6.01039e-16 1e-20
7425.338555 6.38814e-16 1e-20
7430.862465 6.15604e-16 1e-20
7436.386375 5.75418e-16 1e-20
7441.910286 5.88212e-16 1e-20
7447.434196 5.85595e-16 1e-20
7452.958106 5.7586e-16 1e-20
7458.482016 5.34162e-16 1e-20
7464.005926 5.80333e-16 1e-20
7469.529837 5.61557e-16 1e-20
7475.053747 5.86052e-16 1e-20
7480.577657 6.11681e-16 1e-20
7486.101567 6.02383e-16 1e-20
7491.625477 6.08143e-16 1e-20
7497.149387 5.3755e-16 1e-20
7502.673298 5.33026e-16 1e-20
7508.197208 5.60424e-16 1e-20
7513.721118 5.51066e-16 1e-20
7519.245028 5.80413e-16 1e-20
7524.768938 5.30207e-16 1e-20
7530.292848 4.90443e-16 1e-20
7535.816759 5.03001e-16 1e-20
7541.340669 4.93719e-16 1e-20
7546.864579 5.1316e-16 1e-20
7552.388489 5.25522e-16 1e-20
7557.912399 4.86052e-16 1e-20
7563.43631 4.78055e-16 1e-20
7568.96022 4.78705e-16 1e-20
7574.48413 4.36374e-16 1e-20
7580.00804 4.80601e-16 1e-20
7585.53195 4.59317e-16 1e-20
7591.05586 5.45334e-16 1e-20
7596.579771 4.64476e-16 1e-20
7602.103681 4.08146e-16 1e-20
7607.627591 3.95051e-16 1e-20
7613.151501 3.74603e-16 1e-20
7618.675411 3.72516e-16 1e-20
7624.199322 3.13896e-16 1e-20
7629.723232 3.01427e-16 1e-20
7635.247142 3.38887e-16 1e-20
7640.771052 2.74111e-16 1e-20
7646.294962 2.82308e-16 1e-20
7651.818872 3.08134e-16 1e-20
7657.342783 2.94232e-16 1e-20
7662.866693 3.11348e-16 1e-20
7668.390603 2.83385e-16 1e-20
7673.914513 2.82326e-16 1e-20
7679.438423 2.91264e-16 1e-20
7684.962333 2.98033e-16 1e-20
7690.486244 3.50446e-16 1e-20
7696.010154 3.11839e-16 1e-20
7701.534064 3.42637e-16 1e-20
7707.057974 3.48407e-16 1e-20
7712.581884 3.28715e-16 1e-20
7718.105795 3.23773e-16 1e-20
7723.629705 3.91198e-16 1e-20
7729.153615 3.26003e-16 1e-20
7734.677525 3.06421e-16 1e-20
7740.201435 3.55116e-16 1e-20
7745.725345 3.58709e-16 1e-20
7751.249256 3.83014e-16 1e-20
7756.773166 4.58475e-16 1e-20
7762.297076 4.20626e-16 1e-20
7767.820986 3.85015e-16 1e-20
7773.344896 4.18113e-16 1e-20
7778.868807 3.9422e-16 1e-20
7784.392717 3.65001e-16 1e-20
7789.916627 4.62626e-16 1e-20
7795.440537 4.86407e-16 1e-20
7800.964447 4.28206e-16 1e-20
7806.488357 4.56782e-16 1e-20
7812.012268 4.27158e-16 1e-20
7817.536178 4.89156e-16 1e-20
7823.060088 4.9852e-16 1e-20
7828.583998 5.20503e-16 1e-20
7834.107908 5.07876e-16 1e-20
7839.631819 5.14512e-16 1e-20
7845.155729 5.25068e-16 1e-20
7850.679639 4.90197e-16 1e-20
7856.203549 4.68492e-16 1e-20
7861.727459 4.75159e-16 1e-20
7867.251369 5.12269e-16 1e-20
7872.77528 5.47526e-16 1e-20
7878.29919 5.10453e-16 1e-20
7883.8231 4.78524e-16 1e-20
7889.34701 4.78525e-16 1e-20
7894.87092 4.96593e-16 1e-20
7900.39483 5.37875e-16 1e-20
7905.918741 5.31614e-16 1e-20
7911.442651 5.43056e-16 1e-20
7916.966561 5.45928e-16 1e-20
7922.490471 4.75564e-16 1e-20
7928.014381 4.83444e-16 1e-20
7933.538292 5.37225e-16 1e-20
7939.062202 4.98585e-16 1e-20
7944.586112 5.36555e-16 1e-20
7950.110022 4.97999e-16 1e-20
7955.633932 4.98853e-16 1e-20
7961.157842 5.73978e-16 1e-20
7966.681753 5.38472e-16 1e-20
7972.205663 5.25084e-16 1e-20
7977.729573 5.70802e-16 1e-20
7983.253483 4.93712e-16 1e-20
7988.777393 5.32299e-16 1e-20
7994.301304 6.1686e-16 1e-20
7999.825214 5.18457e-16 1e-20
8005.349124 5.67707e-16 1e-20
8010.873034 5.1943e-16 1e-20
8016.396944 5.60444e-16 1e-20
8021.920854 5.70208e-16 1e-20
8027.444765 5.31816e-16 1e-20
8032.968675 5.1122e-16 1e-20
8038.492585 5.59962e-16 1e-20
8044.016495 6.37404e-16 1e-20
8049.540405 5.85541e-16 1e-20
8055.064315 5.50381e-16 1e-20
8060.588226 5.21474e-16 1e-20
8066.112136 4.80341e-16 1e-20
8071.636046 5.93987e-16 1e-20
8077.159956 6.06351e-16 1e-20
8082.683866 5.53869e-16 1e-20
8088.207777 5.49114e-16 1e-20
8093.731687 5.34615e-16 1e-20
8099.255597 5.08601e-16 1e-20
8104.779507 5.41079e-16 1e-20
8110.303417 5.83097e-16 1e-20
8115.827327 5.52995e-16 1e-20
8121.351238 5.92877e-16 1e-20
8126.875148 5.55341e-16 1e-20
8132.399058 4.14723e-16 1e-20
8137.922968 5.566e-16 1e-20
8143.446878 5.47742e-16 1e-20
8148.970789 5.50829e-16 1e-20
8154.494699 5.4025e-16 1e-20
8160.018609 5.72618e-16 1e-20
8165.542519 4.10556e-16 1e-20
8171.066429 4.56067e-16 1e-20
8176.590339 5.18295e-16 1e-20
8182.11425 5.06332e-16 1e-20
8187.63816 5.60978e-16 1e-20
8193.16207 5.16632e-16 1e-20
8198.68598 4.38326e-16 1e-20
8204.20989 4.39538e-16 1e-20
8209.733801 4.64691e-16 1e-20
8215.257711 5.27625e-16 1e-20
8220.781621 5.38926e-16 1e-20
8226.305531 4.71987e-16 1e-20
8231.829441 5.18326e-16 1e-20
8237.353351 4.24413e-16 1e-20
8242.877262 4.15952e-16 1e-20
8248.401172 4.27707e-16 1e-20
8253.925082 4.34929e-16 1e-20
8259.448992 4.60292e-16 1e-20
8264.972902 4.99968e-16 1e-20
8270.496812 3.84379e-16 1e-20
8276.020723 3.80052e-16 1e-20
8281.544633 3.28992e-16 1e-20
8287.068543 4.39491e-16 1e-20
8292.592453 4.50178e-16 1e-20
8298.116363 4.57718e-16 1e-20
8303.640274 4.2551e-16 1e-20
8309.164184 4.03139e-16 1e-20
8314.688094 3.18586e-16 1e-20
8320.212004 3.40802e-16 1e-20
8325.735914 3.68338e-16 1e-20
8331.259824 3.58508e-16 1e-20
8336.783735 4.39674e-16 1e-20
8342.307645 3.81509e-16 1e-20
8347.831555 3.40392e-16 1e-20
8353.355465 3.22464e-16 1e-20
8358.879375 2.8474e-16 1e-20
8364.403286 3.4382e-16 1e-20
8369.927196 2.40562e-16 1e-20
8375.451106 2.96993e-16 1e-20
8380.975016 3.76628e-16 1e-20
8386.498926 2.84009e-16 1e-20
8392.022836 2.94035e-16 1e-20
8397.546747 3.53014e-16 1e-20
8403.070657 2.90007e-16 1e-20
8408.594567 2.43904e-16 1e-20
8414.118477 2.94167e-16 1e-20
8419.642387 2.39432e-16 1e-20
8425.166298 1.864e-16 1e-20
8430.690208 2.37577e-16 1e-20
8436.214118 2.23671e-16 1e-20
8441.738028 1.96831e-16 1e-20
8447.261938 2.48021e-16 1e-20
8452.785848 2.87112e-16 1e-20
8458.309759 2.40368e-16 1e-20
8463.833669 2.51264e-16 1e-20
8469.357579 2.85373e-16 1e-20
8474.881489 2.19649e-16 1e-20
8480.405399 2.77337e-16 1e-20
8485.929309 2.93273e-16 1e-20
8491.45322 2.71417e-16 1e-20
8496.97713 2.49867e-16 1e-20
8502.50104 1.78414e-16 1e-20
8508.02495 2.43339e-16 1e-20
8513.54886 2.90137e-16 1e-20
8519.072771 2.19265e-16 1e-20
8524.596681 2.73205e-16 1e-20
8530.120591 3.43999e-16 1e-20
8535.644501 3.32268e-16 1e-20
8541.168411 2.75239e-16 1e-20
8546.692321 1.85545e-16 1e-20
8552.216232 2.19221e-16 1e-20
8557.740142 3.50973e-16 1e-20
8563.264052 2.87899e-16 1e-20
8568.787962 2.4066e-16 1e-20
8574.311872 2.1358e-16 1e-20
8579.835783 3.03444e-16 1e-20
8585.359693 2.95976e-16 1e-20
8590.883603 3.13634e-16 1e-20
8596.407513 3.4401e-16 1e-20
8601.931423 2.81728e-16 1e-20
8607.455333 2.93715e-16 1e-20
8612.979244 3.47082e-16 1e-20
8618.503154 3.04203e-16 1e-20
8624.027064 3.67394e-16 1e-20
8629.550974 4.06697e-16 1e-20
8635.074884 3.26248e-16 1e-20
8640.598794 3.67116e-16 1e-20
8646.122705 4.1432e-16 1e-20
8651.646615 4.308e-16 1e-20
8657.170525 3.85069e-16 1e-20
8662.694435 3.57795e-16 1e-20
8668.218345 3.8867e-16 1e-20
8673.742256 5.00159e-16 1e-20
8679.266166 4.97663e-16 1e-20
8684.790076 4.8069e-16 1e-20
8690.313986 4.48082e-16 1e-20
8695.837896 4.48556e-16 1e-20
8701.361806 5.12491e-16 1e-20
8706.885717 5.71356e-16 1e-20
8712.409627 6.41191e-16 1e-20
8717.933537 5.76824e-16 1e-20
8723.457447 5.86277e-16 1e-20
8728.981357 5.17842e-16 1e-20
8734.505268 4.68146e-16 1e-20
8740.029178 4.971e-16 1e-20
8745.553088 5.82992e-16 1e-20
8751.076998 5.57486e-16 1e-20
8756.600908 6.54324e-16 1e-20
8762.124818 5.77439e-16 1e-20
8767.648729 5.52112e-16 1e-20
8773.172639 5.56228e-16 1e-20
8778.696549 5.45425e-16 1e-20
8784.220459 6.14986e-16 1e-20
8789.744369 5.90799e-16 1e-20
8795.26828 5.88189e-16 1e-20
8800.79219 5.77252e-16 1e-20
8806.3161 5.85099e-16 1e-20
8811.84001 4.94124e-16 1e-20
8817.36392 4.92045e-16 1e-20
8822.88783 5.81188e-16 1e-20
8828.411741 5.52277e-16 1e-20
8833.935651 6.35822e-16 1e-20
8839.459561 5.62547e-16 1e-20
8844.983471 4.8216e-16 1e-20
8850.507381 4.79187e-16 1e-20
8856.031291 6.0587e-16 1e-20
8861.555202 6.1833e-16 1e-20
8867.079112 5.95859e-16 1e-20
8872.603022 5.03807e-16 1e-20
8878.126932 6.18517e-16 1e-20
8883.650842 5.34067e-16 1e-20
8889.174753 4.1183e-16 1e-20
8894.698663 5.65731e-16 1e-20
8900.222573 5.41787e-16 1e-20
8905.746483 4.7679e-16 1e-20
8911.270393 6.46448e-16 1e-20
8916.794303 5.17078e-16 1e-20
8922.318214 4.91596e-16 1e-20
8927.842124 4.6511e-16 1e-20
8933.366034 5.57789e-16 1e-20
8938.889944 6.07105e-16 1e-20
8944.413854 5.04544e-16 1e-20
8949.937765 4.34334e-16 1e-20
8955.461675 5.26304e-16 1e-20
8960.985585 6.09598e-16 1e-20
8966.509495 5.76951e-16 1e-20
8972.033405 4.94579e-16 1e-20
8977.557315 6.05848e-16 1e-20
8983.081226 5.13367e-16 1e-20
8988.605136 4.46141e-16 1e-20
8994.129046 4.34637e-16 1e-20
8999.652956 4.03194e-16 1e-20
9005.176866 5.36805e-16 1e-20
9010.700776 5.17855e-16 1e-20
9016.224687 4.36529e-16 1e-20
9021.748597 4.09321e-16 1e-20
9027.272507 3.18067e-16 1e-20
9032.796417 3.61572e-16 1e-20
9038.320327 4.32703e-16 1e-20
9043.844238 4.30962e-16 1e-20
9049.368148 4.06594e-16 1e-20
9054.892058 4.70029e-16 1e-20
9060.415968 3.21282e-16 1e-20
9065.939878 4.47258e-16 1e-20
9071.463788 2.31879e-16 1e-20
9076.987699 2.54626e-16 1e-20
9082.511609 4.11067e-16 1e-20
9088.035519 3.81696e-16 1e-20
9093.559429 2.75301e-16 1e-20
9099.083339 2.81511e-16 1e-20
9104.60725 2.61825e-16 1e-20
9110.13116 2.37425e-16 1e-20
9115.65507 3.03702e-16 1e-20
9121.17898 2.51512e-16 1e-20
9126.70289 2.49834e-16 1e-20
9132.2268 2.59773e-16 1e-20
9137.750711 2.0741e-16 1e-20
9143.274621 3.60914e-16 1e-20
9148.798531 3.39462e-16 1e-20
9154.322441 2.36391e-16 1e-20
9159.846351 2.44691e-16 1e-20
9165.370262 3.19012e-16 1e-20
9170.894172 4.36439e-16 1e-20
9176.418082 3.72346e-16 1e-20
9181.941992 2.8035e-16 1e-20
9187.465902 2.62019e-16 1e-20
9192.989812 2.71621e-16 1e-20
9198.513723 3.16243e-16 1e-20
9204.037633 3.29985e-16 1e-20
9209.561543 2.91527e-16 1e-20
9215.085453 3.66875e-16 1e-20
9220.609363 2.90907e-16 1e-20
9226.133273 2.96218e-16 1e-20
9231.657184 3.60631e-16 1e-20
9237.181094 3.17933e-16 1e-20
9242.705004 3.151e-16 1e-20
9248.228914 3.09685e-16 1e-20
9253.752824 3.50869e-16 1e-20
9259.276735 3.3526e-16 1e-20
9264.800645 4.40269e-16 1e-20
9270.324555 3.45402e-16 1e-20
