3720.0 5.5573904e-15 1e-20
3721.5 5.2401299e-15 1e-20
3723.0 5.1557201e-15 1e-20
3724.5 4.9753301e-15 1e-20
3726.0 4.5433899e-15 1e-20
3727.5 4.8635704e-15 1e-20
3729.0 5.2076801e-15 1e-20
3730.5 5.04777e-15 1e-20
3732.0 4.8493098e-15 1e-20
3733.5 4.6533098e-15 1e-20
3735.0 4.5536601e-15 1e-20
3736.5 4.79432e-15 1e-20
3738.0 4.7481901e-15 1e-20
3739.5 4.6648798e-15 1e-20
3741.0 5.05318e-15 1e-20
3742.5 4.8808397e-15 1e-20
3744.0 4.2082299e-15 1e-20
3745.5 4.3915601e-15 1e-20
3747.0 4.3090201e-15 1e-20
3748.5 4.5075697e-15 1e-20
3750.0 4.2492899e-15 1e-20
3751.5 4.3553799e-15 1e-20
3753.0 3.34867e-15 1e-20
3754.5 3.9864001e-15 1e-20
3756.0 3.9945502e-15 1e-20
3757.5 3.91872e-15 1e-20
3759.0 4.1354601e-15 1e-20
3760.5 3.87943e-15 1e-20
3762.0 3.8568099e-15 1e-20
3763.5 3.9364802e-15 1e-20
3765.0 3.6690299e-15 1e-20
3766.5 3.8502001e-15 1e-20
3768.0 3.58912e-15 1e-20
3769.5 4.2621499e-15 1e-20
3771.0 3.74462e-15 1e-20
3772.5 3.3358099e-15 1e-20
3774.0 3.6807601e-15 1e-20
3775.5 3.49965e-15 1e-20
3777.0 3.4872899e-15 1e-20
3778.5 3.6883101e-15 1e-20
3780.0 3.77734e-15 1e-20
3781.5 3.6466302e-15 1e-20
3783.0 3.68552e-15 1e-20
3784.5 3.4977201e-15 1e-20
3786.0 3.42427e-15 1e-20
3787.5 3.7842201e-15 1e-20
3789.0 3.83981e-15 1e-20
3790.5 3.5098e-15 1e-20
3792.0 3.4757601e-15 1e-20
3793.5 3.6322302e-15 1e-20
3795.0 3.39643e-15 1e-20
3796.5 2.92795e-15 1e-20
3798.0 3.0038099e-15 1e-20
3799.5 2.9568099e-15 1e-20
3801.0 2.8317201e-15 1e-20
3802.5 2.96421e-15 1e-20
3804.0 3.0974e-15 1e-20
3805.5 3.5892102e-15 1e-20
3807.0 3.6321103e-15 1e-20
3808.5 3.2517199e-15 1e-20
3810.0 3.40858e-15 1e-20
3811.5 3.4447e-15 1e-20
3813.0 3.29113e-15 1e-20
3814.5 3.4527801e-15 1e-20
3816.0 3.29351e-15 1e-20
3817.5 3.2160299e-15 1e-20
3819.0 3.5573601e-15 1e-20
3820.5 3.84053e-15 1e-20
3822.0 3.1418099e-15 1e-20
3823.5 3.3055501e-15 1e-20
3825.0 3.1752902e-15 1e-20
3826.5 3.5173399e-15 1e-20
3828.0 3.43201e-15 1e-20
3829.5 3.28263e-15 1e-20
3831.0 3.2721501e-15 1e-20
3832.5 3.7317201e-15 1e-20
3834.0 3.6657401e-15 1e-20
3835.5 3.7503701e-15 1e-20
3837.0 4.0116903e-15 1e-20
3838.5 3.4339198e-15 1e-20
3840.0 3.55944e-15 1e-20
3841.5 3.5699402e-15 1e-20
3843.0 3.5992603e-15 1e-20
3844.5 3.96666e-15 1e-20
3846.0 3.6851799e-15 1e-20
3847.5 3.7923401e-15 1e-20
3849.0 3.9472201e-15 1e-20
3850.5 3.92418e-15 1e-20
3852.0 3.33047e-15 1e-20
3853.5 3.44878e-15 1e-20
3855.0 3.86905e-15 1e-20
3856.5 3.90334e-15 1e-20
3858.0 3.9065799e-15 1e-20
3859.5 3.6087602e-15 1e-20
3861.0 3.31023e-15 1e-20
3862.5 3.3335699e-15 1e-20
3864.0 3.6875401e-15 1e-20
3865.5 3.82358e-15 1e-20
3867.0 3.6736098e-15 1e-20
3868.5 3.78937e-15 1e-20
3870.0 3.9239e-15 1e-20
3871.5 3.8252902e-15 1e-20
3873.0 3.8984598e-15 1e-20
3874.5 3.8818402e-15 1e-20
3876.0 3.6603703e-15 1e-20
3877.5 3.70804e-15 1e-20
3879.0 3.6610602e-15 1e-20
3880.5 3.6002098e-15 1e-20
3882.0 3.5575197e-15 1e-20
3883.5 3.9762801e-15 1e-20
3885.0 4.0385197e-15 1e-20
3886.5 4.28712e-15 1e-20
3888.0 4.1716999e-15 1e-20
3889.5 4.2256199e-15 1e-20
3891.0 4.1788303e-15 1e-20
3892.5 4.12487e-15 1e-20
3894.0 4.1142402e-15 1e-20
3895.5 3.9950601e-15 1e-20
3897.0 4.1374798e-15 1e-20
3898.5 4.2185997e-15 1e-20
3900.0 3.9278201e-15 1e-20
3901.5 4.18685e-15 1e-20
3903.0 4.3191298e-15 1e-20
3904.5 4.30497e-15 1e-20
3906.0 4.6043e-15 1e-20
3907.5 4.18672e-15 1e-20
3909.0 4.3575e-15 1e-20
3910.5 4.9755003e-15 1e-20
3912.0 4.6185399e-15 1e-20
3913.5 4.4301602e-15 1e-20
3915.0 4.4606098e-15 1e-20
3916.5 4.5577403e-15 1e-20
3918.0 4.71611e-15 1e-20
3919.5 4.4459701e-15 1e-20
3921.0 4.4532698e-15 1e-20
3922.5 4.5359703e-15 1e-20
3924.0 4.6083497e-15 1e-20
3925.5 4.5896099e-15 1e-20
3927.0 4.3958202e-15 1e-20
3928.5 4.4873599e-15 1e-20
3930.0 4.7219702e-15 1e-20
3931.5 4.6728902e-15 1e-20
3933.0 4.5112399e-15 1e-20
3934.5 4.6056798e-15 1e-20
3936.0 4.5438701e-15 1e-20
3937.5 4.58663e-15 1e-20
3939.0 4.6541e-15 1e-20
3940.5 4.69279e-15 1e-20
3942.0 4.6240401e-15 1e-20
3943.5 4.3662101e-15 1e-20
3945.0 4.4093198e-15 1e-20
3946.5 4.7965799e-15 1e-20
3948.0 4.78453e-15 1e-20
3949.5 4.84363e-15 1e-20
3951.0 5.0742601e-15 1e-20
3952.5 4.9844501e-15 1e-20
3954.0 5.1609002e-15 1e-20
3955.5 5.18083e-15 1e-20
3957.0 5.06145e-15 1e-20
3958.5 4.82616e-15 1e-20
3960.0 4.60211e-15 1e-20
3961.5 4.8181102e-15 1e-20
3963.0 5.1416704e-15 1e-20
3964.5 5.1740097e-15 1e-20
3966.0 4.8551501e-15 1e-20
3967.5 4.7944102e-15 1e-20
3969.0 4.8133503e-15 1e-20
3970.5 4.61195e-15 1e-20
3972.0 5.0426603e-15 1e-20
3973.5 5.1737598e-15 1e-20
3975.0 5.40715e-15 1e-20
3976.5 4.8817901e-15 1e-20
3978.0 4.8535801e-15 1e-20
3979.5 5.2890503e-15 1e-20
3981.0 5.3544303e-15 1e-20
3982.5 4.9424e-15 1e-20
3984.0 4.9323203e-15 1e-20
3985.5 4.8920799e-15 1e-20
3987.0 4.6041497e-15 1e-20
3988.5 4.4976602e-15 1e-20
3990.0 4.7915904e-15 1e-20
3991.5 5.0444399e-15 1e-20
3993.0 5.10911e-15 1e-20
3994.5 5.0252301e-15 1e-20
3996.0 5.3029497e-15 1e-20
3997.5 5.1198801e-15 1e-20
3999.0 5.05923e-15 1e-20
4000.5 5.0465698e-15 1e-20
4002.0 4.9944502e-15 1e-20
4003.5 5.11555e-15 1e-20
4005.0 5.2076301e-15 1e-20
4006.5 5.25108e-15 1e-20
4008.0 5.4574498e-15 1e-20
4009.5 5.2973e-15 1e-20
4011.0 5.24199e-15 1e-20
4012.5 5.39231e-15 1e-20
4014.0 5.52854e-15 1e-20
4015.5 5.68971e-15 1e-20
4017.0 5.6041898e-15 1e-20
4018.5 5.4986101e-15 1e-20
4020.0 5.4400704e-15 1e-20
4021.5 5.2633899e-15 1e-20
4023.0 5.1805602e-15 1e-20
4024.5 5.2295297e-15 1e-20
4026.0 5.4739398e-15 1e-20
4027.5 5.1825999e-15 1e-20
4029.0 5.2776099e-15 1e-20
4030.5 5.4522401e-15 1e-20
4032.0 5.3481004e-15 1e-20
4033.5 5.5506302e-15 1e-20
4035.0 5.75669e-15 1e-20
4036.5 5.55129e-15 1e-20
4038.0 5.1489502e-15 1e-20
4039.5 5.1781204e-15 1e-20
4041.0 5.29181e-15 1e-20
4042.5 4.9327798e-15 1e-20
4044.0 5.1638296e-15 1e-20
4045.5 5.4762103e-15 1e-20
4047.0 5.5576601e-15 1e-20
4048.5 5.6690797e-15 1e-20
4050.0 5.3391498e-15 1e-20
4051.5 5.4952698e-15 1e-20
4053.0 5.8392203e-15 1e-20
4054.5 5.7940302e-15 1e-20
4056.0 5.8646499e-15 1e-20
4057.5 5.5352803e-15 1e-20
4059.0 5.6167699e-15 1e-20
4060.5 5.6994899e-15 1e-20
4062.0 5.7938498e-15 1e-20
4063.5 5.6099001e-15 1e-20
4065.0 5.31832e-15 1e-20
4066.5 5.4641498e-15 1e-20
4068.0 5.9038603e-15 1e-20
4069.5 6.0020098e-15 1e-20
4071.0 5.8308202e-15 1e-20
4072.5 5.48106e-15 1e-20
4074.0 5.2575204e-15 1e-20
4075.5 5.2525601e-15 1e-20
4077.0 5.1879802e-15 1e-20
4078.5 4.8579999e-15 1e-20
4080.0 4.99328e-15 1e-20
4081.5 5.29977e-15 1e-20
4083.0 5.4522901e-15 1e-20
4084.5 5.7041702e-15 1e-20
4086.0 5.6509401e-15 1e-20
4087.5 5.2722003e-15 1e-20
4089.0 5.2686199e-15 1e-20
4090.5 5.6392298e-15 1e-20
4092.0 5.6118398e-15 1e-20
4093.5 5.4782402e-15 1e-20
4095.0 5.4251101e-15 1e-20
4096.5 5.4505101e-15 1e-20
4098.0 5.4318999e-15 1e-20
4099.5 5.5042302e-15 1e-20
4101.0 5.26198e-15 1e-20
4102.5 5.3972702e-15 1e-20
4104.0 5.7252304e-15 1e-20
4105.5 5.7592802e-15 1e-20
4107.0 5.6655404e-15 1e-20
4108.5 5.6797599e-15 1e-20
4110.0 5.7520699e-15 1e-20
4111.5 5.59256e-15 1e-20
4113.0 5.3448202e-15 1e-20
4114.5 5.3861699e-15 1e-20
4116.0 5.3961903e-15 1e-20
4117.5 5.5459101e-15 1e-20
4119.0 5.1820002e-15 1e-20
4120.5 5.4247099e-15 1e-20
4122.0 5.4560801e-15 1e-20
4123.5 5.1585399e-15 1e-20
4125.0 5.3326403e-15 1e-20
4126.5 5.3601698e-15 1e-20
4128.0 5.32185e-15 1e-20
4129.5 5.3810199e-15 1e-20
4131.0 5.57723e-15 1e-20
4132.5 5.28496e-15 1e-20
4134.0 5.6316701e-15 1e-20
4135.5 5.7089402e-15 1e-20
4137.0 5.7513397e-15 1e-20
4138.5 5.6838799e-15 1e-20
4140.0 5.4711501e-15 1e-20
4141.5 5.8696097e-15 1e-20
4143.0 5.9944602e-15 1e-20
4144.5 5.67693e-15 1e-20
4146.0 5.3486802e-15 1e-20
4147.5 5.3820198e-15 1e-20
4149.0 5.7103099e-15 1e-20
4150.5 5.5139198e-15 1e-20
4152.0 5.2817201e-15 1e-20
4153.5 5.2017598e-15 1e-20
4155.0 5.3443798e-15 1e-20
4156.5 5.6921203e-15 1e-20
4158.0 5.6490203e-15 1e-20
4159.5 5.53457e-15 1e-20
4161.0 5.5234599e-15 1e-20
4162.5 5.4270803e-15 1e-20
4164.0 5.5601801e-15 1e-20
4165.5 5.5463002e-15 1e-20
4167.0 5.3590597e-15 1e-20
4168.5 5.4999899e-15 1e-20
4170.0 5.5701098e-15 1e-20
4171.5 5.6143597e-15 1e-20
4173.0 5.3791598e-15 1e-20
4174.5 5.1616998e-15 1e-20
4176.0 5.0697599e-15 1e-20
4177.5 5.42142e-15 1e-20
4179.0 5.5280098e-15 1e-20
4180.5 5.6088701e-15 1e-20
4182.0 5.6555903e-15 1e-20
4183.5 5.4469e-15 1e-20
4185.0 5.5781202e-15 1e-20
4186.5 5.5024298e-15 1e-20
4188.0 5.3172497e-15 1e-20
4189.5 5.4083901e-15 1e-20
4191.0 5.3897299e-15 1e-20
4192.5 5.157e-15 1e-20
4194.0 5.3087803e-15 1e-20
4195.5 5.2468799e-15 1e-20
4197.0 5.0645298e-15 1e-20
4198.5 4.9392101e-15 1e-20
4200.0 5.03584e-15 1e-20
4201.5 4.9273601e-15 1e-20
4203.0 5.1905497e-15 1e-20
4204.5 5.1645797e-15 1e-20
4206.0 4.9025797e-15 1e-20
4207.5 4.9341401e-15 1e-20
4209.0 4.9209798e-15 1e-20
4210.5 4.89778e-15 1e-20
4212.0 5.0943797e-15 1e-20
4213.5 5.0751e-15 1e-20
4215.0 4.9523103e-15 1e-20
4216.5 4.81923e-15 1e-20
4218.0 4.71425e-15 1e-20
4219.5 4.8348399e-15 1e-20
4221.0 5.0094299e-15 1e-20
4222.5 5.1006901e-15 1e-20
4224.0 4.9137804e-15 1e-20
4225.5 4.8963701e-15 1e-20
4227.0 4.7995699e-15 1e-20
4228.5 4.75372e-15 1e-20
4230.0 4.7374502e-15 1e-20
4231.5 4.7715704e-15 1e-20
4233.0 4.9265101e-15 1e-20
4234.5 4.7403403e-15 1e-20
4236.0 4.7188201e-15 1e-20
4237.5 4.7870999e-15 1e-20
4239.0 4.7570501e-15 1e-20
4240.5 4.8385402e-15 1e-20
4242.0 4.8119302e-15 1e-20
4243.5 4.7926899e-15 1e-20
4245.0 4.6870297e-15 1e-20
4246.5 4.5405201e-15 1e-20
4248.0 4.6081299e-15 1e-20
4249.5 4.5396299e-15 1e-20
4251.0 4.5775901e-15 1e-20
4252.5 4.4200902e-15 1e-20
4254.0 4.3820402e-15 1e-20
4255.5 4.6338301e-15 1e-20
4257.0 4.5400801e-15 1e-20
4258.5 4.2309499e-15 1e-20
4260.0 4.2844299e-15 1e-20
4261.5 4.1532799e-15 1e-20
4263.0 4.1417899e-15 1e-20
4264.5 4.32633e-15 1e-20
4266.0 4.4613001e-15 1e-20
4267.5 4.3499898e-15 1e-20
4269.0 4.24265e-15 1e-20
4270.5 4.0169102e-15 1e-20
4272.0 4.1307302e-15 1e-20
4273.5 4.2580499e-15 1e-20
4275.0 4.0648899e-15 1e-20
4276.5 3.90342e-15 1e-20
4278.0 4.1031398e-15 1e-20
4279.5 4.19739e-15 1e-20
4281.0 4.0733802e-15 1e-20
4282.5 3.9823199e-15 1e-20
4284.0 4.0953399e-15 1e-20
4285.5 4.1283302e-15 1e-20
4287.0 3.9706901e-15 1e-20
4288.5 3.96038e-15 1e-20
4290.0 3.8836202e-15 1e-20
4291.5 3.8183801e-15 1e-20
4293.0 3.82603e-15 1e-20
4294.5 3.71587e-15 1e-20
4296.0 3.68011e-15 1e-20
4297.5 3.7164799e-15 1e-20
4299.0 3.6205102e-15 1e-20
4300.5 3.6148402e-15 1e-20
4302.0 3.7155299e-15 1e-20
4303.5 3.69552e-15 1e-20
4305.0 3.6325499e-15 1e-20
4306.5 3.5967302e-15 1e-20
4308.0 3.6484898e-15 1e-20
4309.5 3.5942399e-15 1e-20
4311.0 3.51525e-15 1e-20
4312.5 3.39982e-15 1e-20
4314.0 3.4116901e-15 1e-20
4315.5 3.4341901e-15 1e-20
4317.0 3.53506e-15 1e-20
4318.5 3.5891598e-15 1e-20
4320.0 3.3642499e-15 1e-20
4321.5 3.2789901e-15 1e-20
4323.0 3.2325799e-15 1e-20
4324.5 3.2966899e-15 1e-20
4326.0 3.30495e-15 1e-20
4327.5 3.2767899e-15 1e-20
4329.0 3.0688099e-15 1e-20
4330.5 2.9639299e-15 1e-20
4332.0 3.0695301e-15 1e-20
4333.5 3.06668e-15 1e-20
4335.0 3.2153599e-15 1e-20
4336.5 3.1120901e-15 1e-20
4338.0 2.97674e-15 1e-20
4339.5 2.9555599e-15 1e-20
4341.0 2.9240899e-15 1e-20
4342.5 3.0216001e-15 1e-20
4344.0 2.9653899e-15 1e-20
4345.5 3.1696301e-15 1e-20
4347.0 3.0999898e-15 1e-20
4348.5 2.9422299e-15 1e-20
4350.0 2.9293002e-15 1e-20
4351.5 2.8406e-15 1e-20
4353.0 2.7343399e-15 1e-20
4354.5 2.8292501e-15 1e-20
4356.0 2.9312001e-15 1e-20
4357.5 2.9719801e-15 1e-20
4359.0 2.9165699e-15 1e-20
4360.5 2.77898e-15 1e-20
4362.0 2.8309601e-15 1e-20
4363.5 2.9070999e-15 1e-20
4365.0 2.9107999e-15 1e-20
4366.5 2.9808199e-15 1e-20
4368.0 2.8064999e-15 1e-20
4369.5 2.7251699e-15 1e-20
4371.0 2.7838299e-15 1e-20
4372.5 2.87501e-15 1e-20
4374.0 2.8703101e-15 1e-20
4375.5 2.75742e-15 1e-20
4377.0 2.87032e-15 1e-20
4378.5 3.0125201e-15 1e-20
4380.0 3.00843e-15 1e-20
4381.5 3.0656901e-15 1e-20
4383.0 3.3211402e-15 1e-20
4384.5 3.2954901e-15 1e-20
4386.0 3.19393e-15 1e-20
4387.5 3.0443499e-15 1e-20
4389.0 2.9976299e-15 1e-20
4390.5 2.9701699e-15 1e-20
4392.0 2.8430301e-15 1e-20
4393.5 2.85811e-15 1e-20
4395.0 2.92411e-15 1e-20
4396.5 3.08953e-15 1e-20
4398.0 3.13935e-15 1e-20
4399.5 3.0666002e-15 1e-20
4401.0 3.16309e-15 1e-20
4402.5 3.10581e-15 1e-20
4404.0 3.08726e-15 1e-20
4405.5 3.0212801e-15 1e-20
4407.0 3.3648001e-15 1e-20
4408.5 3.2656199e-15 1e-20
4410.0 3.1976199e-15 1e-20
4411.5 3.0523099e-15 1e-20
4413.0 3.1190601e-15 1e-20
4414.5 3.3013001e-15 1e-20
4416.0 3.3338302e-15 1e-20
4417.5 3.51294e-15 1e-20
4419.0 3.3752999e-15 1e-20
4420.5 3.40219e-15 1e-20
4422.0 3.3972099e-15 1e-20
4423.5 3.0836101e-15 1e-20
4425.0 3.22782e-15 1e-20
4426.5 3.38359e-15 1e-20
4428.0 3.39548e-15 1e-20
4429.5 3.27294e-15 1e-20
4431.0 3.37903e-15 1e-20
4432.5 3.58072e-15 1e-20
4434.0 3.6553398e-15 1e-20
4435.5 3.63312e-15 1e-20
4437.0 3.5748602e-15 1e-20
4438.5 3.6350101e-15 1e-20
4440.0 3.6683701e-15 1e-20
4441.5 3.7125001e-15 1e-20
4443.0 3.6086098e-15 1e-20
4444.5 3.6667802e-15 1e-20
4446.0 3.7313601e-15 1e-20
4447.5 3.6906903e-15 1e-20
4449.0 3.86418e-15 1e-20
4450.5 3.9490501e-15 1e-20
4452.0 3.8730899e-15 1e-20
4453.5 3.7160597e-15 1e-20
4455.0 3.8083601e-15 1e-20
4456.5 3.9299102e-15 1e-20
4458.0 3.7959299e-15 1e-20
4459.5 3.6805898e-15 1e-20
4461.0 3.9669297e-15 1e-20
4462.5 3.9236201e-15 1e-20
4464.0 3.8205701e-15 1e-20
4465.5 3.8014398e-15 1e-20
4467.0 3.8978402e-15 1e-20
4468.5 4.1015e-15 1e-20
4470.0 3.9584098e-15 1e-20
4471.5 3.8791699e-15 1e-20
4473.0 3.94917e-15 1e-20
4474.5 4.1375298e-15 1e-20
4476.0 3.9156999e-15 1e-20
4477.5 3.9891703e-15 1e-20
4479.0 3.9682799e-15 1e-20
4480.5 3.9125498e-15 1e-20
4482.0 4.0642e-15 1e-20
4483.5 3.95734e-15 1e-20
4485.0 3.8828901e-15 1e-20
4486.5 3.8305299e-15 1e-20
4488.0 3.8008799e-15 1e-20
4489.5 3.6009802e-15 1e-20
4491.0 3.7357499e-15 1e-20
4492.5 3.74199e-15 1e-20
4494.0 3.6616201e-15 1e-20
4495.5 3.7899299e-15 1e-20
4497.0 3.73385e-15 1e-20
4498.5 3.6660297e-15 1e-20
4500.0 3.5679802e-15 1e-20
4501.5 3.4970801e-15 1e-20
4503.0 3.42642e-15 1e-20
4504.5 3.5167e-15 1e-20
4506.0 3.6114198e-15 1e-20
4507.5 3.5371499e-15 1e-20
4509.0 3.5047401e-15 1e-20
4510.5 3.4495298e-15 1e-20
4512.0 3.4509499e-15 1e-20
4513.5 3.4800101e-15 1e-20
4515.0 3.5303399e-15 1e-20
4516.5 3.58886e-15 1e-20
4518.0 3.43236e-15 1e-20
4519.5 3.3891499e-15 1e-20
4521.0 3.4695401e-15 1e-20
4522.5 3.45879e-15 1e-20
4524.0 3.7297398e-15 1e-20
4525.5 3.8048601e-15 1e-20
4527.0 3.5579602e-15 1e-20
4528.5 3.5709401e-15 1e-20
4530.0 3.5865802e-15 1e-20
4531.5 3.5712599e-15 1e-20
4533.0 3.6243202e-15 1e-20
4534.5 3.6880602e-15 1e-20
4536.0 3.7544401e-15 1e-20
4537.5 3.7084602e-15 1e-20
4539.0 3.69768e-15 1e-20
4540.5 3.63382e-15 1e-20
4542.0 3.8205599e-15 1e-20
4543.5 4.0500304e-15 1e-20
4545.0 4.0289897e-15 1e-20
4546.5 3.91545e-15 1e-20
4548.0 3.7474999e-15 1e-20
4549.5 3.9261502e-15 1e-20
4551.0 3.8894703e-15 1e-20
4552.5 3.9199901e-15 1e-20
4554.0 4.0267303e-15 1e-20
4555.5 3.82997e-15 1e-20
4557.0 3.8608799e-15 1e-20
4558.5 3.88232e-15 1e-20
4560.0 3.8877902e-15 1e-20
4561.5 3.97511e-15 1e-20
4563.0 4.0504599e-15 1e-20
4564.5 3.98637e-15 1e-20
4566.0 3.97998e-15 1e-20
4567.5 3.8630898e-15 1e-20
4569.0 3.8457401e-15 1e-20
4570.5 3.9148402e-15 1e-20
4572.0 3.9076899e-15 1e-20
4573.5 3.9603e-15 1e-20
4575.0 3.9230001e-15 1e-20
4576.5 3.9659802e-15 1e-20
4578.0 4.0753004e-15 1e-20
4579.5 4.01579e-15 1e-20
4581.0 3.9918202e-15 1e-20
4582.5 4.1339202e-15 1e-20
4584.0 4.1083499e-15 1e-20
4585.5 3.9696199e-15 1e-20
4587.0 4.0233599e-15 1e-20
4588.5 4.02777e-15 1e-20
4590.0 4.0593902e-15 1e-20
4591.5 3.9207698e-15 1e-20
4593.0 3.9380298e-15 1e-20
4594.5 4.0679304e-15 1e-20
4596.0 4.0627198e-15 1e-20
4597.5 4.07051e-15 1e-20
4599.0 4.0986599e-15 1e-20
4600.5 4.0650403e-15 1e-20
4602.0 3.9467e-15 1e-20
4603.5 3.9481701e-15 1e-20
4605.0 4.0915698e-15 1e-20
4606.5 4.0129198e-15 1e-20
4608.0 3.8606703e-15 1e-20
4609.5 4.0127102e-15 1e-20
4611.0 3.8252698e-15 1e-20
4612.5 3.95762e-15 1e-20
4614.0 4.0275502e-15 1e-20
4615.5 4.09967e-15 1e-20
4617.0 4.1752901e-15 1e-20
4618.5 4.0044397e-15 1e-20
4620.0 3.8347401e-15 1e-20
4621.5 3.9960401e-15 1e-20
4623.0 4.0483199e-15 1e-20
4624.5 4.11853e-15 1e-20
4626.0 4.0648099e-15 1e-20
4627.5 3.9437401e-15 1e-20
4629.0 3.9572799e-15 1e-20
4630.5 3.87557e-15 1e-20
4632.0 3.8389299e-15 1e-20
4633.5 4.14396e-15 1e-20
4635.0 4.3298601e-15 1e-20
4636.5 4.27184e-15 1e-20
4638.0 4.1241496e-15 1e-20
4639.5 3.9984402e-15 1e-20
4641.0 4.0328204e-15 1e-20
4642.5 4.1663399e-15 1e-20
4644.0 4.1106001e-15 1e-20
4645.5 4.0728999e-15 1e-20
4647.0 4.1019201e-15 1e-20
4648.5 4.0632098e-15 1e-20
4650.0 3.9085899e-15 1e-20
4651.5 3.8241899e-15 1e-20
4653.0 3.9329099e-15 1e-20
4654.5 4.0037498e-15 1e-20
4656.0 4.0920903e-15 1e-20
4657.5 4.1415803e-15 1e-20
4659.0 4.2092599e-15 1e-20
4660.5 4.2301897e-15 1e-20
4662.0 4.05647e-15 1e-20
4663.5 4.0086999e-15 1e-20
4665.0 4.0019897e-15 1e-20
4666.5 4.0089599e-15 1e-20
4668.0 4.0003198e-15 1e-20
4669.5 3.94804e-15 1e-20
4671.0 3.9722398e-15 1e-20
4672.5 3.9996599e-15 1e-20
4674.0 4.0459998e-15 1e-20
4675.5 4.0335696e-15 1e-20
4677.0 4.2431599e-15 1e-20
4678.5 4.0026004e-15 1e-20
4680.0 3.9774101e-15 1e-20
4681.5 3.9608201e-15 1e-20
4683.0 3.9943499e-15 1e-20
4684.5 3.96643e-15 1e-20
4686.0 3.8674902e-15 1e-20
4687.5 3.8444001e-15 1e-20
4689.0 3.7186199e-15 1e-20
4690.5 3.7178601e-15 1e-20
4692.0 3.8502802e-15 1e-20
4693.5 3.8438203e-15 1e-20
4695.0 3.9288501e-15 1e-20
4696.5 3.9029703e-15 1e-20
4698.0 3.9348899e-15 1e-20
4699.5 3.7979098e-15 1e-20
4701.0 3.8554297e-15 1e-20
4702.5 3.8728799e-15 1e-20
4704.0 3.84316e-15 1e-20
4705.5 4.0097799e-15 1e-20
4707.0 3.9955201e-15 1e-20
4708.5 3.8494797e-15 1e-20
4710.0 3.8170201e-15 1e-20
4711.5 3.7775399e-15 1e-20
4713.0 3.7802102e-15 1e-20
4714.5 3.7473199e-15 1e-20
4716.0 3.7299901e-15 1e-20
4717.5 3.7869102e-15 1e-20
4719.0 3.74573e-15 1e-20
4720.5 3.8047001e-15 1e-20
4722.0 3.7375202e-15 1e-20
4723.5 3.7615598e-15 1e-20
4725.0 3.7599001e-15 1e-20
4726.5 3.6332902e-15 1e-20
4728.0 3.623e-15 1e-20
4729.5 3.6613499e-15 1e-20
4731.0 3.6538901e-15 1e-20
4732.5 3.5083599e-15 1e-20
4734.0 3.5127901e-15 1e-20
4735.5 3.5354501e-15 1e-20
4737.0 3.47869e-15 1e-20
4738.5 3.5098e-15 1e-20
4740.0 3.53038e-15 1e-20
4741.5 3.59533e-15 1e-20
4743.0 3.60329e-15 1e-20
4744.5 3.3026399e-15 1e-20
4746.0 3.2128e-15 1e-20
4747.5 3.15552e-15 1e-20
4749.0 3.39535e-15 1e-20
4750.5 3.3557501e-15 1e-20
4752.0 3.3716699e-15 1e-20
4753.5 3.3380899e-15 1e-20
4755.0 3.33829e-15 1e-20
4756.5 3.3674299e-15 1e-20
4758.0 3.3022001e-15 1e-20
4759.5 3.3167301e-15 1e-20
4761.0 3.1964499e-15 1e-20
4762.5 3.0691701e-15 1e-20
4764.0 2.9815299e-15 1e-20
4765.5 3.00194e-15 1e-20
4767.0 3.1600298e-15 1e-20
4768.5 3.2244899e-15 1e-20
4770.0 3.3035801e-15 1e-20
4771.5 3.34394e-15 1e-20
4773.0 3.15525e-15 1e-20
4774.5 3.1031499e-15 1e-20
4776.0 3.0871001e-15 1e-20
4777.5 2.96716e-15 1e-20
4779.0 3.10483e-15 1e-20
4780.5 3.2104198e-15 1e-20
4782.0 3.2260899e-15 1e-20
4783.5 3.28103e-15 1e-20
4785.0 3.2734899e-15 1e-20
4786.5 3.2904602e-15 1e-20
4788.0 3.26515e-15 1e-20
4789.5 3.2514601e-15 1e-20
4791.0 3.23247e-15 1e-20
4792.5 3.1823201e-15 1e-20
4794.0 3.1320801e-15 1e-20
4795.5 3.1271902e-15 1e-20
4797.0 3.1171702e-15 1e-20
4798.5 3.0476502e-15 1e-20
4800.0 3.05847e-15 1e-20
4801.5 3.10147e-15 1e-20
4803.0 3.07446e-15 1e-20
4804.5 3.1034701e-15 1e-20
4806.0 3.2069e-15 1e-20
4807.5 3.17887e-15 1e-20
4809.0 3.1488299e-15 1e-20
4810.5 3.06217e-15 1e-20
4812.0 2.9188599e-15 1e-20
4813.5 2.82834e-15 1e-20
4815.0 3.0281e-15 1e-20
4816.5 3.14939e-15 1e-20
4818.0 2.9346399e-15 1e-20
4819.5 2.9200201e-15 1e-20
4821.0 2.8825399e-15 1e-20
4822.5 2.8947101e-15 1e-20
4824.0 3.0225899e-15 1e-20
4825.5 3.00678e-15 1e-20
4827.0 2.7908598e-15 1e-20
4828.5 2.83353e-15 1e-20
4830.0 2.9213e-15 1e-20
4831.5 2.84716e-15 1e-20
4833.0 2.8096299e-15 1e-20
4834.5 2.78291e-15 1e-20
4836.0 2.7308399e-15 1e-20
4837.5 2.7736699e-15 1e-20
4839.0 2.86325e-15 1e-20
4840.5 2.88762e-15 1e-20
4842.0 2.9238e-15 1e-20
4843.5 2.80264e-15 1e-20
4845.0 2.9327601e-15 1e-20
4846.5 2.88127e-15 1e-20
4848.0 2.9242599e-15 1e-20
4849.5 3.0647901e-15 1e-20
4851.0 3.0487299e-15 1e-20
4852.5 2.9579502e-15 1e-20
4854.0 2.92206e-15 1e-20
4855.5 2.94292e-15 1e-20
4857.0 2.8994901e-15 1e-20
4858.5 2.7667698e-15 1e-20
4860.0 2.75685e-15 1e-20
4861.5 2.8185301e-15 1e-20
4863.0 2.88838e-15 1e-20
4864.5 2.94919e-15 1e-20
4866.0 2.97726e-15 1e-20
4867.5 2.8556399e-15 1e-20
4869.0 2.72094e-15 1e-20
4870.5 2.7583899e-15 1e-20
4872.0 2.8765e-15 1e-20
4873.5 2.9073201e-15 1e-20
4875.0 2.84618e-15 1e-20
4876.5 2.8810301e-15 1e-20
4878.0 2.78908e-15 1e-20
4879.5 2.7892302e-15 1e-20
4881.0 2.87212e-15 1e-20
4882.5 2.8833999e-15 1e-20
4884.0 2.8747398e-15 1e-20
4885.5 2.8427501e-15 1e-20
4887.0 2.86486e-15 1e-20
4888.5 2.8448502e-15 1e-20
4890.0 2.94127e-15 1e-20
4891.5 2.944e-15 1e-20
4893.0 2.8177301e-15 1e-20
4894.5 2.97915e-15 1e-20
4896.0 3.1066898e-15 1e-20
4897.5 2.9167099e-15 1e-20
4899.0 2.90608e-15 1e-20
4900.5 2.89581e-15 1e-20
4902.0 2.9526101e-15 1e-20
4903.5 3.0985302e-15 1e-20
4905.0 2.9986502e-15 1e-20
4906.5 3.13492e-15 1e-20
4908.0 3.08077e-15 1e-20
4909.5 2.93045e-15 1e-20
4911.0 2.8457101e-15 1e-20
4912.5 3.01281e-15 1e-20
4914.0 3.1709398e-15 1e-20
4915.5 3.1429299e-15 1e-20
4917.0 3.07433e-15 1e-20
4918.5 3.0083699e-15 1e-20
4920.0 2.97029e-15 1e-20
4921.5 3.02578e-15 1e-20
4923.0 2.96988e-15 1e-20
4924.5 2.9309801e-15 1e-20
4926.0 2.8857601e-15 1e-20
4927.5 2.8907799e-15 1e-20
4929.0 2.93881e-15 1e-20
4930.5 2.8485701e-15 1e-20
4932.0 2.87676e-15 1e-20
4933.5 2.9260001e-15 1e-20
4935.0 2.99949e-15 1e-20
4936.5 2.9566701e-15 1e-20
4938.0 2.76319e-15 1e-20
4939.5 2.6080401e-15 1e-20
4941.0 2.64199e-15 1e-20
4942.5 2.69784e-15 1e-20
4944.0 2.6544098e-15 1e-20
4945.5 2.6162501e-15 1e-20
4947.0 2.62262e-15 1e-20
4948.5 2.57851e-15 1e-20
4950.0 2.5048399e-15 1e-20
4951.5 2.51613e-15 1e-20
4953.0 2.5662799e-15 1e-20
4954.5 2.4624201e-15 1e-20
4956.0 2.57429e-15 1e-20
4957.5 2.57277e-15 1e-20
4959.0 2.5202798e-15 1e-20
4960.5 2.5174698e-15 1e-20
4962.0 2.43812e-15 1e-20
4963.5 2.43597e-15 1e-20
4965.0 2.4000799e-15 1e-20
4966.5 2.4140301e-15 1e-20
4968.0 2.43812e-15 1e-20
4969.5 2.38388e-15 1e-20
4971.0 2.4410801e-15 1e-20
4972.5 2.2586201e-15 1e-20
4974.0 2.3957901e-15 1e-20
4975.5 2.4347301e-15 1e-20
4977.0 2.3642e-15 1e-20
4978.5 2.3317299e-15 1e-20
4980.0 2.4760598e-15 1e-20
4981.5 2.38746e-15 1e-20
4983.0 2.3043999e-15 1e-20
4984.5 2.3341702e-15 1e-20
4986.0 2.39881e-15 1e-20
4987.5 2.27681e-15 1e-20
4989.0 2.1346098e-15 1e-20
4990.5 2.22342e-15 1e-20
4992.0 2.2908199e-15 1e-20
4993.5 2.2967601e-15 1e-20
4995.0 2.3104001e-15 1e-20
4996.5 2.35106e-15 1e-20
4998.0 2.30442e-15 1e-20
4999.5 2.22404e-15 1e-20
5001.0 2.156e-15 1e-20
5002.5 2.1287401e-15 1e-20
5004.0 2.2293799e-15 1e-20
5005.5 2.2443599e-15 1e-20
5007.0 2.1698401e-15 1e-20
5008.5 2.1433402e-15 1e-20
5010.0 2.11803e-15 1e-20
5011.5 2.06233e-15 1e-20
5013.0 2.1073799e-15 1e-20
5014.5 2.0992602e-15 1e-20
5016.0 2.01243e-15 1e-20
5017.5 1.9486901e-15 1e-20
5019.0 2.03366e-15 1e-20
5020.5 2.10333e-15 1e-20
5022.0 2.06032e-15 1e-20
5023.5 2.0137402e-15 1e-20
5025.0 2.1217301e-15 1e-20
5026.5 2.28775e-15 1e-20
5028.0 2.18465e-15 1e-20
5029.5 2.12031e-15 1e-20
5031.0 2.1455601e-15 1e-20
5032.5 2.11432e-15 1e-20
5034.0 2.2207698e-15 1e-20
5035.5 2.18761e-15 1e-20
5037.0 2.07141e-15 1e-20
5038.5 2.0647999e-15 1e-20
5040.0 2.2061901e-15 1e-20
5041.5 2.1682502e-15 1e-20
5043.0 2.2376002e-15 1e-20
5044.5 2.1236802e-15 1e-20
5046.0 2.1156799e-15 1e-20
5047.5 2.26424e-15 1e-20
5049.0 2.15242e-15 1e-20
5050.5 2.10118e-15 1e-20
5052.0 2.24259e-15 1e-20
5053.5 2.19771e-15 1e-20
5055.0 2.04717e-15 1e-20
5056.5 2.1263801e-15 1e-20
5058.0 2.2313001e-15 1e-20
5059.5 2.1860099e-15 1e-20
5061.0 2.0691501e-15 1e-20
5062.5 2.0892701e-15 1e-20
5064.0 2.1456399e-15 1e-20
5065.5 2.19002e-15 1e-20
5067.0 2.0954699e-15 1e-20
5068.5 2.0713401e-15 1e-20
5070.0 2.01279e-15 1e-20
5071.5 2.03367e-15 1e-20
5073.0 2.11706e-15 1e-20
5074.5 2.1563201e-15 1e-20
5076.0 2.1341201e-15 1e-20
5077.5 2.1501099e-15 1e-20
5079.0 2.21859e-15 1e-20
5080.5 2.22515e-15 1e-20
5082.0 2.14218e-15 1e-20
5083.5 2.1721999e-15 1e-20
5085.0 2.24402e-15 1e-20
5086.5 2.15071e-15 1e-20
5088.0 2.16691e-15 1e-20
5089.5 2.19941e-15 1e-20
5091.0 2.16919e-15 1e-20
5092.5 2.21107e-15 1e-20
5094.0 2.1271301e-15 1e-20
5095.5 2.1266501e-15 1e-20
5097.0 2.2454801e-15 1e-20
5098.5 2.2573699e-15 1e-20
5100.0 2.16972e-15 1e-20
5101.5 2.2906799e-15 1e-20
5103.0 2.2134199e-15 1e-20
5104.5 2.2736399e-15 1e-20
5106.0 2.3371799e-15 1e-20
5107.5 2.36493e-15 1e-20
5109.0 2.2957799e-15 1e-20
5110.5 2.24144e-15 1e-20
5112.0 2.3306601e-15 1e-20
5113.5 2.5011301e-15 1e-20
5115.0 2.3695901e-15 1e-20
5116.5 2.3544901e-15 1e-20
5118.0 2.51171e-15 1e-20
5119.5 2.34217e-15 1e-20
5121.0 2.28405e-15 1e-20
5122.5 2.2739999e-15 1e-20
5124.0 2.2750299e-15 1e-20
5125.5 2.2977901e-15 1e-20
5127.0 2.3213101e-15 1e-20
5128.5 2.3967801e-15 1e-20
5130.0 2.3455801e-15 1e-20
5131.5 2.2663099e-15 1e-20
5133.0 2.3914002e-15 1e-20
5134.5 2.48359e-15 1e-20
5136.0 2.4196701e-15 1e-20
5137.5 2.4525801e-15 1e-20
5139.0 2.5252199e-15 1e-20
5140.5 2.6563999e-15 1e-20
5142.0 2.60148e-15 1e-20
5143.5 2.69019e-15 1e-20
5145.0 2.67029e-15 1e-20
5146.5 2.6149199e-15 1e-20
5148.0 2.5559198e-15 1e-20
5149.5 2.5545701e-15 1e-20
5151.0 2.63411e-15 1e-20
5152.5 2.67799e-15 1e-20
5154.0 2.6892599e-15 1e-20
5155.5 2.5576799e-15 1e-20
5157.0 2.56186e-15 1e-20
5158.5 2.60434e-15 1e-20
5160.0 2.56684e-15 1e-20
5161.5 2.5473298e-15 1e-20
5163.0 2.62093e-15 1e-20
5164.5 2.73155e-15 1e-20
5166.0 2.6967299e-15 1e-20
5167.5 2.67784e-15 1e-20
5169.0 2.55757e-15 1e-20
5170.5 2.4988101e-15 1e-20
5172.0 2.5245701e-15 1e-20
5173.5 2.71169e-15 1e-20
5175.0 2.7478901e-15 1e-20
5176.5 2.6659199e-15 1e-20
5178.0 2.6185998e-15 1e-20
5179.5 2.8111601e-15 1e-20
5181.0 2.7911502e-15 1e-20
5182.5 2.7252099e-15 1e-20
5184.0 2.77164e-15 1e-20
5185.5 2.7834201e-15 1e-20
5187.0 2.77947e-15 1e-20
5188.5 2.6897599e-15 1e-20
5190.0 2.8044801e-15 1e-20
5191.5 2.8443601e-15 1e-20
5193.0 2.8243799e-15 1e-20
5194.5 2.94753e-15 1e-20
5196.0 2.8798201e-15 1e-20
5197.5 2.83929e-15 1e-20
5199.0 2.8464301e-15 1e-20
5200.5 2.95482e-15 1e-20
5202.0 3.0175199e-15 1e-20
5203.5 2.9290099e-15 1e-20
5205.0 3.0146201e-15 1e-20
5206.5 2.9226201e-15 1e-20
5208.0 2.9013701e-15 1e-20
5209.5 2.90461e-15 1e-20
5211.0 2.8653901e-15 1e-20
5212.5 2.87523e-15 1e-20
5214.0 2.9209599e-15 1e-20
5215.5 2.8905302e-15 1e-20
5217.0 2.97203e-15 1e-20
5218.5 2.9609798e-15 1e-20
5220.0 2.9074099e-15 1e-20
5221.5 2.9556501e-15 1e-20
5223.0 3.0109201e-15 1e-20
5224.5 2.9233699e-15 1e-20
5226.0 2.9073e-15 1e-20
5227.5 2.9507401e-15 1e-20
5229.0 2.9268e-15 1e-20
5230.5 2.9445701e-15 1e-20
5232.0 2.9565401e-15 1e-20
5233.5 2.93525e-15 1e-20
5235.0 2.93475e-15 1e-20
5236.5 2.9386999e-15 1e-20
5238.0 3.00039e-15 1e-20
5239.5 2.9928401e-15 1e-20
5241.0 3.0016402e-15 1e-20
5242.5 2.92585e-15 1e-20
5244.0 2.97243e-15 1e-20
5245.5 3.05891e-15 1e-20
5247.0 2.88083e-15 1e-20
5248.5 2.80195e-15 1e-20
5250.0 2.8755401e-15 1e-20
5251.5 2.8039101e-15 1e-20
5253.0 2.8196101e-15 1e-20
5254.5 2.8292402e-15 1e-20
5256.0 2.9799699e-15 1e-20
5257.5 2.9264501e-15 1e-20
5259.0 2.7927201e-15 1e-20
5260.5 2.92678e-15 1e-20
5262.0 2.9833e-15 1e-20
5263.5 2.99416e-15 1e-20
5265.0 2.9826501e-15 1e-20
5266.5 2.8830501e-15 1e-20
5268.0 2.91338e-15 1e-20
5269.5 2.82163e-15 1e-20
5271.0 2.86022e-15 1e-20
5272.5 2.9475999e-15 1e-20
5274.0 2.9888201e-15 1e-20
5275.5 3.0376899e-15 1e-20
5277.0 2.96492e-15 1e-20
5278.5 2.9622301e-15 1e-20
5280.0 2.8871201e-15 1e-20
5281.5 2.97352e-15 1e-20
5283.0 2.9429501e-15 1e-20
5284.5 2.85279e-15 1e-20
5286.0 2.87994e-15 1e-20
5287.5 2.86125e-15 1e-20
5289.0 2.8263099e-15 1e-20
5290.5 2.8708401e-15 1e-20
5292.0 2.9163001e-15 1e-20
5293.5 2.9183199e-15 1e-20
5295.0 2.85003e-15 1e-20
5296.5 2.79163e-15 1e-20
5298.0 2.85601e-15 1e-20
5299.5 2.91003e-15 1e-20
5301.0 3.0107801e-15 1e-20
5302.5 2.9777301e-15 1e-20
5304.0 2.8893198e-15 1e-20
5305.5 2.78367e-15 1e-20
5307.0 2.8403899e-15 1e-20
5308.5 2.9145e-15 1e-20
5310.0 2.8448201e-15 1e-20
5311.5 2.84247e-15 1e-20
5313.0 2.84447e-15 1e-20
5314.5 2.82598e-15 1e-20
5316.0 2.8201799e-15 1e-20
5317.5 2.8068199e-15 1e-20
5319.0 2.8360802e-15 1e-20
5320.5 2.86679e-15 1e-20
5322.0 2.76977e-15 1e-20
5323.5 2.6921502e-15 1e-20
5325.0 2.68313e-15 1e-20
5326.5 2.6353399e-15 1e-20
5328.0 2.7325499e-15 1e-20
5329.5 2.6644899e-15 1e-20
5331.0 2.6975001e-15 1e-20
5332.5 2.63161e-15 1e-20
5334.0 2.6751299e-15 1e-20
5335.5 2.5882599e-15 1e-20
5337.0 2.66523e-15 1e-20
5338.5 2.6566602e-15 1e-20
5340.0 2.65313e-15 1e-20
5341.5 2.65415e-15 1e-20
5343.0 2.59942e-15 1e-20
5344.5 2.6439299e-15 1e-20
5346.0 2.6570699e-15 1e-20
5347.5 2.6798699e-15 1e-20
5349.0 2.6519799e-15 1e-20
5350.5 2.6722901e-15 1e-20
5352.0 2.59388e-15 1e-20
5353.5 2.5023401e-15 1e-20
5355.0 2.4533801e-15 1e-20
5356.5 2.4365798e-15 1e-20
5358.0 2.4014299e-15 1e-20
5359.5 2.37624e-15 1e-20
5361.0 2.3859201e-15 1e-20
5362.5 2.4237901e-15 1e-20
5364.0 2.49824e-15 1e-20
5365.5 2.4238801e-15 1e-20
5367.0 2.3945001e-15 1e-20
5368.5 2.4447501e-15 1e-20
5370.0 2.3538402e-15 1e-20
5371.5 2.3374101e-15 1e-20
5373.0 2.4673199e-15 1e-20
5374.5 2.44821e-15 1e-20
5376.0 2.3927501e-15 1e-20
5377.5 2.3552899e-15 1e-20
5379.0 2.27399e-15 1e-20
5380.5 2.2323799e-15 1e-20
5382.0 2.24268e-15 1e-20
5383.5 2.27599e-15 1e-20
5385.0 2.3038599e-15 1e-20
5386.5 2.2719901e-15 1e-20
5388.0 2.20616e-15 1e-20
5389.5 2.2807099e-15 1e-20
5391.0 2.28458e-15 1e-20
5392.5 2.2952001e-15 1e-20
5394.0 2.3816999e-15 1e-20
5395.5 2.26262e-15 1e-20
5397.0 2.2641398e-15 1e-20
5398.5 2.41396e-15 1e-20
5400.0 2.3565299e-15 1e-20
5401.5 2.2530799e-15 1e-20
5403.0 2.28887e-15 1e-20
5404.5 2.3153201e-15 1e-20
5406.0 2.2340801e-15 1e-20
5407.5 2.15246e-15 1e-20
5409.0 2.14995e-15 1e-20
5410.5 2.2410499e-15 1e-20
5412.0 2.28543e-15 1e-20
5413.5 2.2141299e-15 1e-20
5415.0 2.1503899e-15 1e-20
5416.5 2.2171399e-15 1e-20
5418.0 2.1988399e-15 1e-20
5419.5 2.1828899e-15 1e-20
5421.0 2.1546401e-15 1e-20
5422.5 2.12202e-15 1e-20
5424.0 2.1385401e-15 1e-20
5425.5 2.1684101e-15 1e-20
5427.0 2.1649999e-15 1e-20
5428.5 2.2422199e-15 1e-20
5430.0 2.2782099e-15 1e-20
5431.5 2.18201e-15 1e-20
5433.0 2.2375601e-15 1e-20
5434.5 2.2497799e-15 1e-20
5436.0 2.18912e-15 1e-20
5437.5 2.21815e-15 1e-20
5439.0 2.2651899e-15 1e-20
5440.5 2.26271e-15 1e-20
5442.0 2.2351601e-15 1e-20
5443.5 2.22476e-15 1e-20
5445.0 2.2472701e-15 1e-20
5446.5 2.2153499e-15 1e-20
5448.0 2.1777001e-15 1e-20
5449.5 2.1839499e-15 1e-20
5451.0 2.1884301e-15 1e-20
5452.5 2.2135601e-15 1e-20
5454.0 2.1782401e-15 1e-20
5455.5 2.22101e-15 1e-20
5457.0 2.2637999e-15 1e-20
5458.5 2.2719501e-15 1e-20
5460.0 2.3360201e-15 1e-20
5461.5 2.2205401e-15 1e-20
5463.0 2.0765301e-15 1e-20
5464.5 2.19028e-15 1e-20
5466.0 2.20826e-15 1e-20
5467.5 2.1045499e-15 1e-20
5469.0 2.11129e-15 1e-20
5470.5 2.2627399e-15 1e-20
5472.0 2.2596099e-15 1e-20
5473.5 2.19204e-15 1e-20
5475.0 2.1553399e-15 1e-20
5476.5 2.19517e-15 1e-20
5478.0 2.17965e-15 1e-20
5479.5 2.2476201e-15 1e-20
5481.0 2.20195e-15 1e-20
5482.5 2.2476299e-15 1e-20
5484.0 2.3076602e-15 1e-20
5485.5 2.2597899e-15 1e-20
5487.0 2.2793199e-15 1e-20
5488.5 2.18483e-15 1e-20
5490.0 2.2226401e-15 1e-20
5491.5 2.22126e-15 1e-20
5493.0 2.3210001e-15 1e-20
5494.5 2.38454e-15 1e-20
5496.0 2.2386401e-15 1e-20
5497.5 2.2027399e-15 1e-20
5499.0 2.19775e-15 1e-20
5500.5 2.2458702e-15 1e-20
5502.0 2.29478e-15 1e-20
5503.5 2.3427801e-15 1e-20
5505.0 2.2478001e-15 1e-20
5506.5 2.1326301e-15 1e-20
5508.0 2.1239099e-15 1e-20
5509.5 2.2165001e-15 1e-20
5511.0 2.22561e-15 1e-20
5512.5 2.1691e-15 1e-20
5514.0 2.1877e-15 1e-20
5515.5 2.20517e-15 1e-20
5517.0 2.2397499e-15 1e-20
5518.5 2.3246e-15 1e-20
5520.0 2.2835e-15 1e-20
5521.5 2.16436e-15 1e-20
5523.0 2.1157801e-15 1e-20
5524.5 2.0913e-15 1e-20
5526.0 2.2167202e-15 1e-20
5527.5 2.2419601e-15 1e-20
5529.0 2.20697e-15 1e-20
5530.5 2.1979599e-15 1e-20
5532.0 2.18581e-15 1e-20
5533.5 2.00568e-15 1e-20
5535.0 2.08071e-15 1e-20
5536.5 2.2414101e-15 1e-20
5538.0 2.3266699e-15 1e-20
5539.5 2.13024e-15 1e-20
5541.0 2.1156499e-15 1e-20
5542.5 2.1193499e-15 1e-20
5544.0 2.1224899e-15 1e-20
5545.5 2.1847502e-15 1e-20
5547.0 2.0916901e-15 1e-20
5548.5 2.1506099e-15 1e-20
5550.0 2.1591302e-15 1e-20
5551.5 2.0243499e-15 1e-20
5553.0 2.14008e-15 1e-20
5554.5 2.21304e-15 1e-20
5556.0 2.17661e-15 1e-20
5557.5 2.22203e-15 1e-20
5559.0 2.2546101e-15 1e-20
5560.5 2.1662201e-15 1e-20
5562.0 2.14442e-15 1e-20
5563.5 2.1353199e-15 1e-20
5565.0 2.1741599e-15 1e-20
5566.5 2.1347498e-15 1e-20
5568.0 1.9861601e-15 1e-20
5569.5 1.9976501e-15 1e-20
5571.0 2.1143401e-15 1e-20
5572.5 2.2263501e-15 1e-20
5574.0 2.4202899e-15 1e-20
5575.5 2.15273e-15 1e-20
5577.0 1.96343e-15 1e-20
5578.5 2.07976e-15 1e-20
5580.0 1.9486601e-15 1e-20
5581.5 1.9605901e-15 1e-20
5583.0 2.02039e-15 1e-20
5584.5 1.9956501e-15 1e-20
5586.0 2.04573e-15 1e-20
5587.5 2.0780001e-15 1e-20
5589.0 2.1793499e-15 1e-20
5590.5 2.2021899e-15 1e-20
5592.0 2.16104e-15 1e-20
5593.5 2.10131e-15 1e-20
5595.0 2.1241401e-15 1e-20
5596.5 2.2307201e-15 1e-20
5598.0 2.1661201e-15 1e-20
5599.5 2.1711699e-15 1e-20
5601.0 2.1048601e-15 1e-20
5602.5 2.1130099e-15 1e-20
5604.0 2.1161399e-15 1e-20
5605.5 2.0966401e-15 1e-20
5607.0 2.14183e-15 1e-20
5608.5 2.1507299e-15 1e-20
5610.0 1.9798502e-15 1e-20
5611.5 2.02813e-15 1e-20
5613.0 2.1066999e-15 1e-20
5614.5 2.2139499e-15 1e-20
5616.0 2.25159e-15 1e-20
5617.5 2.21018e-15 1e-20
5619.0 2.24729e-15 1e-20
5620.5 2.34198e-15 1e-20
5622.0 2.2492299e-15 1e-20
5623.5 2.23316e-15 1e-20
5625.0 2.2333099e-15 1e-20
5626.5 2.1853001e-15 1e-20
5628.0 2.1408502e-15 1e-20
5629.5 2.1250801e-15 1e-20
5631.0 2.19507e-15 1e-20
5632.5 2.14249e-15 1e-20
5634.0 2.20951e-15 1e-20
5635.5 2.3698699e-15 1e-20
5637.0 2.3411502e-15 1e-20
5638.5 2.2593702e-15 1e-20
5640.0 2.27966e-15 1e-20
5641.5 2.33375e-15 1e-20
5643.0 2.3095399e-15 1e-20
5644.5 2.2278199e-15 1e-20
5646.0 2.16096e-15 1e-20
5647.5 2.17351e-15 1e-20
5649.0 2.22284e-15 1e-20
5650.5 2.2039399e-15 1e-20
5652.0 2.23657e-15 1e-20
5653.5 2.2741899e-15 1e-20
5655.0 2.21769e-15 1e-20
5656.5 2.12576e-15 1e-20
5658.0 2.1002701e-15 1e-20
5659.5 2.1277201e-15 1e-20
5661.0 2.15287e-15 1e-20
5662.5 2.1512301e-15 1e-20
5664.0 2.1271901e-15 1e-20
5665.5 2.1419699e-15 1e-20
5667.0 2.14825e-15 1e-20
5668.5 2.21899e-15 1e-20
5670.0 2.30474e-15 1e-20
5671.5 2.2401e-15 1e-20
5673.0 2.1881699e-15 1e-20
5674.5 2.0743301e-15 1e-20
5676.0 2.0397e-15 1e-20
5677.5 2.23718e-15 1e-20
5679.0 2.1421101e-15 1e-20
5680.5 2.0691799e-15 1e-20
5682.0 2.27055e-15 1e-20
5683.5 2.15867e-15 1e-20
5685.0 2.2104801e-15 1e-20
5686.5 2.24962e-15 1e-20
5688.0 2.1172499e-15 1e-20
5689.5 2.17947e-15 1e-20
5691.0 2.16024e-15 1e-20
5692.5 2.1852201e-15 1e-20
5694.0 2.1953701e-15 1e-20
5695.5 2.16761e-15 1e-20
5697.0 2.1506601e-15 1e-20
5698.5 2.1106901e-15 1e-20
5700.0 2.11397e-15 1e-20
5701.5 2.1092501e-15 1e-20
5703.0 2.0945001e-15 1e-20
5704.5 2.1236001e-15 1e-20
5706.0 2.0589899e-15 1e-20
5707.5 2.0647999e-15 1e-20
5709.0 2.1145301e-15 1e-20
5710.5 2.1299601e-15 1e-20
5712.0 2.1271301e-15 1e-20
5713.5 2.1350501e-15 1e-20
5715.0 2.20723e-15 1e-20
5716.5 2.1468599e-15 1e-20
5718.0 2.1341099e-15 1e-20
5719.5 2.1467599e-15 1e-20
5721.0 2.18166e-15 1e-20
5722.5 2.2210801e-15 1e-20
5724.0 2.1868999e-15 1e-20
5725.5 2.17271e-15 1e-20
5727.0 2.1767199e-15 1e-20
5728.5 2.1549399e-15 1e-20
5730.0 2.1191102e-15 1e-20
5731.5 2.1347498e-15 1e-20
5733.0 2.23062e-15 1e-20
5734.5 2.22506e-15 1e-20
5736.0 2.0670501e-15 1e-20
5737.5 2.1211801e-15 1e-20
5739.0 2.15e-15 1e-20
5740.5 2.1297701e-15 1e-20
5742.0 2.08335e-15 1e-20
5743.5 2.1298999e-15 1e-20
5745.0 2.1681e-15 1e-20
5746.5 2.1220001e-15 1e-20
5748.0 2.14987e-15 1e-20
5749.5 2.1856e-15 1e-20
5751.0 2.14585e-15 1e-20
5752.5 2.0597899e-15 1e-20
5754.0 2.0726801e-15 1e-20
5755.5 2.0648201e-15 1e-20
5757.0 2.07722e-15 1e-20
5758.5 2.10574e-15 1e-20
5760.0 2.2335998e-15 1e-20
5761.5 2.1172499e-15 1e-20
5763.0 2.2478899e-15 1e-20
5764.5 2.1586298e-15 1e-20
5766.0 2.0853401e-15 1e-20
5767.5 2.0946401e-15 1e-20
5769.0 2.0979399e-15 1e-20
5770.5 2.1846801e-15 1e-20
5772.0 2.1137599e-15 1e-20
5773.5 2.10887e-15 1e-20
5775.0 2.25453e-15 1e-20
5776.5 2.2221799e-15 1e-20
5778.0 2.15416e-15 1e-20
5779.5 2.1217102e-15 1e-20
5781.0 2.0847198e-15 1e-20
5782.5 2.10284e-15 1e-20
5784.0 2.19828e-15 1e-20
5785.5 2.1347699e-15 1e-20
5787.0 2.0871601e-15 1e-20
5788.5 2.16869e-15 1e-20
5790.0 2.1221699e-15 1e-20
5791.5 2.1124301e-15 1e-20
5793.0 2.17114e-15 1e-20
5794.5 2.1994e-15 1e-20
5796.0 2.1624501e-15 1e-20
5797.5 2.1182401e-15 1e-20
5799.0 2.1108502e-15 1e-20
5800.5 2.1946101e-15 1e-20
5802.0 2.1891799e-15 1e-20
5803.5 2.1514298e-15 1e-20
5805.0 2.23441e-15 1e-20
5806.5 2.2437799e-15 1e-20
5808.0 2.20088e-15 1e-20
5809.5 2.1836802e-15 1e-20
5811.0 2.0642199e-15 1e-20
5812.5 2.13185e-15 1e-20
5814.0 2.20432e-15 1e-20
5815.5 2.2107799e-15 1e-20
5817.0 2.1478401e-15 1e-20
5818.5 2.1330299e-15 1e-20
5820.0 2.11602e-15 1e-20
5821.5 2.1573601e-15 1e-20
5823.0 2.33636e-15 1e-20
5824.5 2.24354e-15 1e-20
5826.0 2.18139e-15 1e-20
5827.5 2.09536e-15 1e-20
5829.0 2.11673e-15 1e-20
5830.5 2.1642399e-15 1e-20
5832.0 2.1477302e-15 1e-20
5833.5 2.2451e-15 1e-20
5835.0 2.23066e-15 1e-20
5836.5 2.1759601e-15 1e-20
5838.0 2.1097901e-15 1e-20
5839.5 2.21612e-15 1e-20
5841.0 2.1580199e-15 1e-20
5842.5 2.1860298e-15 1e-20
5844.0 2.18184e-15 1e-20
5845.5 2.1328199e-15 1e-20
5847.0 2.07381e-15 1e-20
5848.5 2.08898e-15 1e-20
5850.0 2.11517e-15 1e-20
5851.5 2.13449e-15 1e-20
5853.0 2.0720501e-15 1e-20
5854.5 2.08352e-15 1e-20
5856.0 2.1350101e-15 1e-20
5857.5 2.1649999e-15 1e-20
5859.0 2.1578802e-15 1e-20
5860.5 2.1644102e-15 1e-20
5862.0 2.1677699e-15 1e-20
5863.5 2.06949e-15 1e-20
5865.0 2.0304e-15 1e-20
5866.5 2.14066e-15 1e-20
5868.0 2.13104e-15 1e-20
5869.5 2.106e-15 1e-20
5871.0 2.2052401e-15 1e-20
5872.5 2.2389099e-15 1e-20
5874.0 2.27689e-15 1e-20
5875.5 2.2832601e-15 1e-20
5877.0 2.20329e-15 1e-20
5878.5 2.1654501e-15 1e-20
5880.0 2.1550801e-15 1e-20
5881.5 2.12761e-15 1e-20
5883.0 2.18152e-15 1e-20
5884.5 2.1382102e-15 1e-20
5886.0 2.1383099e-15 1e-20
5887.5 2.20885e-15 1e-20
5889.0 2.15023e-15 1e-20
5890.5 1.95242e-15 1e-20
5892.0 2.0402201e-15 1e-20
5893.5 2.06827e-15 1e-20
5895.0 2.0083001e-15 1e-20
5896.5 2.1023199e-15 1e-20
5898.0 2.0827401e-15 1e-20
5899.5 2.0917801e-15 1e-20
5901.0 2.0815401e-15 1e-20
5902.5 2.10999e-15 1e-20
5904.0 2.10202e-15 1e-20
5905.5 2.1754999e-15 1e-20
5907.0 2.19086e-15 1e-20
5908.5 2.1077299e-15 1e-20
5910.0 2.1347699e-15 1e-20
5911.5 2.1050401e-15 1e-20
5913.0 2.0700901e-15 1e-20
5914.5 2.1245799e-15 1e-20
5916.0 2.1022898e-15 1e-20
5917.5 2.16154e-15 1e-20
5919.0 2.1275301e-15 1e-20
5920.5 2.0960701e-15 1e-20
5922.0 2.14348e-15 1e-20
5923.5 1.9983199e-15 1e-20
5925.0 2.0279701e-15 1e-20
5926.5 2.0150799e-15 1e-20
5928.0 1.99102e-15 1e-20
5929.5 2.0602901e-15 1e-20
5931.0 2.0315101e-15 1e-20
5932.5 1.99803e-15 1e-20
5934.0 2.00649e-15 1e-20
5935.5 2.0494801e-15 1e-20
5937.0 2.0391399e-15 1e-20
5938.5 2.0078399e-15 1e-20
5940.0 2.0156301e-15 1e-20
5941.5 2.0759001e-15 1e-20
5943.0 2.1130099e-15 1e-20
5944.5 2.0676301e-15 1e-20
5946.0 2.0787002e-15 1e-20
5947.5 2.0853401e-15 1e-20
5949.0 2.10651e-15 1e-20
5950.5 2.09967e-15 1e-20
5952.0 2.1296202e-15 1e-20
5953.5 2.0622999e-15 1e-20
5955.0 1.8697299e-15 1e-20
5956.5 1.8622201e-15 1e-20
5958.0 2.0925301e-15 1e-20
5959.5 2.18823e-15 1e-20
5961.0 2.0989999e-15 1e-20
5962.5 2.0368099e-15 1e-20
5964.0 2.0139401e-15 1e-20
5965.5 1.9891999e-15 1e-20
5967.0 2.0473e-15 1e-20
5968.5 1.99648e-15 1e-20
5970.0 1.9992e-15 1e-20
5971.5 2.0429101e-15 1e-20
5973.0 2.0318201e-15 1e-20
5974.5 2.00241e-15 1e-20
5976.0 1.9039799e-15 1e-20
5977.5 2.0578901e-15 1e-20
5979.0 2.19091e-15 1e-20
5980.5 1.9801e-15 1e-20
5982.0 2.1282499e-15 1e-20
5983.5 2.1447598e-15 1e-20
5985.0 2.0316001e-15 1e-20
5986.5 2.01275e-15 1e-20
5988.0 2.03156e-15 1e-20
5989.5 2.05132e-15 1e-20
5991.0 2.0785301e-15 1e-20
5992.5 2.0252299e-15 1e-20
5994.0 2.0170201e-15 1e-20
5995.5 2.0415499e-15 1e-20
5997.0 2.0491199e-15 1e-20
5998.5 2.15242e-15 1e-20
6000.0 2.14843e-15 1e-20
6001.5 2.13583e-15 1e-20
6003.0 2.12519e-15 1e-20
6004.5 2.0601499e-15 1e-20
6006.0 2.0512599e-15 1e-20
6007.5 2.04578e-15 1e-20
6009.0 2.06313e-15 1e-20
6010.5 2.05478e-15 1e-20
6012.0 2.0464301e-15 1e-20
6013.5 2.0380699e-15 1e-20
6015.0 2.0297201e-15 1e-20
6016.5 2.02137e-15 1e-20
6018.0 2.02137e-15 1e-20
6019.5 2.0761002e-15 1e-20
6021.0 2.0641001e-15 1e-20
6022.5 2.0678899e-15 1e-20
6024.0 2.02074e-15 1e-20
6025.5 1.96593e-15 1e-20
6027.0 2.0530399e-15 1e-20
6028.5 2.04681e-15 1e-20
6030.0 1.9641301e-15 1e-20
6031.5 1.9994901e-15 1e-20
6033.0 2.0348402e-15 1e-20
6034.5 2.0702e-15 1e-20
6036.0 2.0702e-15 1e-20
6037.5 1.95941e-15 1e-20
6039.0 1.9952001e-15 1e-20
6040.5 2.10189e-15 1e-20
6042.0 2.1210402e-15 1e-20
6043.5 2.0100801e-15 1e-20
6045.0 2.1348701e-15 1e-20
6046.5 2.07865e-15 1e-20
6048.0 2.01226e-15 1e-20
6049.5 1.9001401e-15 1e-20
6051.0 2.0416401e-15 1e-20
6052.5 2.0514901e-15 1e-20
6054.0 2.1487801e-15 1e-20
6055.5 2.0852202e-15 1e-20
6057.0 1.92462e-15 1e-20
6058.5 1.9393999e-15 1e-20
6060.0 1.97742e-15 1e-20
6061.5 2.07457e-15 1e-20
6063.0 2.1203498e-15 1e-20
6064.5 2.07757e-15 1e-20
6066.0 2.0940001e-15 1e-20
6067.5 2.13195e-15 1e-20
6069.0 2.11581e-15 1e-20
6070.5 2.0789498e-15 1e-20
6072.0 2.1057601e-15 1e-20
6073.5 2.13834e-15 1e-20
6075.0 2.1113501e-15 1e-20
6076.5 2.0312401e-15 1e-20
6078.0 2.1048601e-15 1e-20
6079.5 2.0873799e-15 1e-20
6081.0 2.0621801e-15 1e-20
6082.5 2.0526901e-15 1e-20
6084.0 2.0126299e-15 1e-20
6085.5 2.00657e-15 1e-20
6087.0 1.9523099e-15 1e-20
6088.5 1.96588e-15 1e-20
6090.0 2.0240801e-15 1e-20
6091.5 2.00742e-15 1e-20
6093.0 2.00975e-15 1e-20
6094.5 1.9569201e-15 1e-20
6096.0 1.93106e-15 1e-20
6097.5 1.9512499e-15 1e-20
6099.0 1.93321e-15 1e-20
6100.5 1.92819e-15 1e-20
6102.0 1.99978e-15 1e-20
6103.5 1.98785e-15 1e-20
6105.0 1.84271e-15 1e-20
6106.5 1.82536e-15 1e-20
6108.0 1.8734601e-15 1e-20
6109.5 1.91228e-15 1e-20
6111.0 1.95083e-15 1e-20
6112.5 2.0707499e-15 1e-20
6114.0 2.1588801e-15 1e-20
6115.5 2.0808201e-15 1e-20
6117.0 1.9417999e-15 1e-20
6118.5 1.9253701e-15 1e-20
6120.0 1.8721899e-15 1e-20
6121.5 1.91001e-15 1e-20
6123.0 1.93777e-15 1e-20
6124.5 1.82089e-15 1e-20
6126.0 1.8088501e-15 1e-20
6127.5 1.88134e-15 1e-20
6129.0 1.9184199e-15 1e-20
6130.5 1.91175e-15 1e-20
6132.0 1.97971e-15 1e-20
6133.5 1.902e-15 1e-20
6135.0 1.8035199e-15 1e-20
6136.5 1.76633e-15 1e-20
6138.0 1.7884999e-15 1e-20
6139.5 1.77347e-15 1e-20
6141.0 1.76595e-15 1e-20
6142.5 1.86636e-15 1e-20
6144.0 1.7953499e-15 1e-20
6145.5 1.72531e-15 1e-20
6147.0 1.77485e-15 1e-20
6148.5 1.7847901e-15 1e-20
6150.0 1.77229e-15 1e-20
6151.5 1.71851e-15 1e-20
6153.0 1.74077e-15 1e-20
6154.5 1.7261699e-15 1e-20
6156.0 1.7308101e-15 1e-20
6157.5 1.80995e-15 1e-20
6159.0 1.8108099e-15 1e-20
6160.5 1.76516e-15 1e-20
6162.0 1.8549401e-15 1e-20
6163.5 1.81861e-15 1e-20
6165.0 1.71035e-15 1e-20
6166.5 1.73398e-15 1e-20
6168.0 1.76202e-15 1e-20
6169.5 1.73921e-15 1e-20
6171.0 1.59184e-15 1e-20
6172.5 1.60558e-15 1e-20
6174.0 1.58361e-15 1e-20
6175.5 1.62484e-15 1e-20
6177.0 1.6287301e-15 1e-20
6178.5 1.7000001e-15 1e-20
6180.0 1.69502e-15 1e-20
6181.5 1.66461e-15 1e-20
6183.0 1.6969201e-15 1e-20
6184.5 1.6534899e-15 1e-20
6186.0 1.70818e-15 1e-20
6187.5 1.61308e-15 1e-20
6189.0 1.62719e-15 1e-20
6190.5 1.65005e-15 1e-20
6192.0 1.67241e-15 1e-20
6193.5 1.70981e-15 1e-20
6195.0 1.7708599e-15 1e-20
6196.5 1.74268e-15 1e-20
6198.0 1.5849201e-15 1e-20
6199.5 1.5985e-15 1e-20
6201.0 1.54736e-15 1e-20
6202.5 1.5698399e-15 1e-20
6204.0 1.54678e-15 1e-20
6205.5 1.59911e-15 1e-20
6207.0 1.6465301e-15 1e-20
6208.5 1.59484e-15 1e-20
6210.0 1.53285e-15 1e-20
6211.5 1.50028e-15 1e-20
6213.0 1.5048e-15 1e-20
6214.5 1.54872e-15 1e-20
6216.0 1.5998e-15 1e-20
6217.5 1.5602401e-15 1e-20
6219.0 1.5015e-15 1e-20
6220.5 1.45101e-15 1e-20
6222.0 1.45155e-15 1e-20
6223.5 1.47606e-15 1e-20
6225.0 1.49335e-15 1e-20
6226.5 1.4569001e-15 1e-20
6228.0 1.45896e-15 1e-20
6229.5 1.46851e-15 1e-20
6231.0 1.42817e-15 1e-20
6232.5 1.38246e-15 1e-20
6234.0 1.36939e-15 1e-20
6235.5 1.44128e-15 1e-20
6237.0 1.44046e-15 1e-20
6238.5 1.48673e-15 1e-20
6240.0 1.4584201e-15 1e-20
6241.5 1.48393e-15 1e-20
6243.0 1.50837e-15 1e-20
6244.5 1.4350199e-15 1e-20
6246.0 1.35514e-15 1e-20
6247.5 1.44093e-15 1e-20
6249.0 1.48325e-15 1e-20
6250.5 1.49816e-15 1e-20
6252.0 1.40791e-15 1e-20
6253.5 1.24193e-15 1e-20
6255.0 1.38858e-15 1e-20
6256.5 1.45438e-15 1e-20
6258.0 1.3844201e-15 1e-20
6259.5 1.4152599e-15 1e-20
6261.0 1.4714e-15 1e-20
6262.5 1.3989399e-15 1e-20
6264.0 1.4350801e-15 1e-20
6265.5 1.46463e-15 1e-20
6267.0 1.35035e-15 1e-20
6268.5 1.2988599e-15 1e-20
6270.0 1.37217e-15 1e-20
6271.5 1.35861e-15 1e-20
6273.0 1.32256e-15 1e-20
6274.5 1.29826e-15 1e-20
6276.0 1.355e-15 1e-20
6277.5 1.40412e-15 1e-20
6279.0 1.37187e-15 1e-20
6280.5 1.40353e-15 1e-20
6282.0 1.3810701e-15 1e-20
6283.5 1.2997901e-15 1e-20
6285.0 1.29734e-15 1e-20
6286.5 1.3387001e-15 1e-20
6288.0 1.3635401e-15 1e-20
6289.5 1.37676e-15 1e-20
6291.0 1.3836699e-15 1e-20
6292.5 1.38785e-15 1e-20
6294.0 1.3940801e-15 1e-20
6295.5 1.40352e-15 1e-20
6297.0 1.39805e-15 1e-20
6298.5 1.32406e-15 1e-20
6300.0 1.30575e-15 1e-20
6301.5 1.3869701e-15 1e-20
6303.0 1.42406e-15 1e-20
6304.5 1.45356e-15 1e-20
6306.0 1.49235e-15 1e-20
6307.5 1.4533e-15 1e-20
6309.0 1.4273e-15 1e-20
6310.5 1.41818e-15 1e-20
6312.0 1.36593e-15 1e-20
6313.5 1.37452e-15 1e-20
6315.0 1.43674e-15 1e-20
6316.5 1.40493e-15 1e-20
6318.0 1.4155001e-15 1e-20
6319.5 1.50387e-15 1e-20
6321.0 1.47679e-15 1e-20
6322.5 1.4538601e-15 1e-20
6324.0 1.47777e-15 1e-20
6325.5 1.4298299e-15 1e-20
6327.0 1.3986699e-15 1e-20
6328.5 1.34521e-15 1e-20
6330.0 1.44819e-15 1e-20
6331.5 1.5989401e-15 1e-20
6333.0 1.3478e-15 1e-20
6334.5 1.35142e-15 1e-20
6336.0 1.4061e-15 1e-20
6337.5 1.48359e-15 1e-20
6339.0 1.49036e-15 1e-20
6340.5 1.50527e-15 1e-20
6342.0 1.51551e-15 1e-20
6343.5 1.5338001e-15 1e-20
6345.0 1.5074901e-15 1e-20
6346.5 1.41379e-15 1e-20
6348.0 1.39581e-15 1e-20
6349.5 1.44355e-15 1e-20
6351.0 1.6078e-15 1e-20
6352.5 1.63024e-15 1e-20
6354.0 1.59726e-15 1e-20
6355.5 1.4749e-15 1e-20
6357.0 1.4637199e-15 1e-20
6358.5 1.57573e-15 1e-20
6360.0 1.63226e-15 1e-20
6361.5 1.67387e-15 1e-20
6363.0 1.60146e-15 1e-20
6364.5 1.5898001e-15 1e-20
6366.0 1.6201e-15 1e-20
6367.5 1.57801e-15 1e-20
6369.0 1.58687e-15 1e-20
6370.5 1.59913e-15 1e-20
6372.0 1.55777e-15 1e-20
6373.5 1.5399999e-15 1e-20
6375.0 1.58626e-15 1e-20
6376.5 1.61691e-15 1e-20
6378.0 1.51383e-15 1e-20
6379.5 1.45671e-15 1e-20
6381.0 1.42226e-15 1e-20
6382.5 1.56231e-15 1e-20
6384.0 1.5628801e-15 1e-20
6385.5 1.47765e-15 1e-20
6387.0 1.59902e-15 1e-20
6388.5 1.61925e-15 1e-20
6390.0 1.55311e-15 1e-20
6391.5 1.5684299e-15 1e-20
6393.0 1.56544e-15 1e-20
6394.5 1.5269e-15 1e-20
6396.0 1.5439201e-15 1e-20
6397.5 1.55529e-15 1e-20
6399.0 1.47368e-15 1e-20
6400.5 1.44662e-15 1e-20
6402.0 1.6548701e-15 1e-20
6403.5 1.57826e-15 1e-20
6405.0 1.6302101e-15 1e-20
6406.5 1.5223e-15 1e-20
6408.0 1.64927e-15 1e-20
6409.5 1.62895e-15 1e-20
6411.0 1.62788e-15 1e-20
6412.5 1.59312e-15 1e-20
6414.0 1.58764e-15 1e-20
6415.5 1.6474e-15 1e-20
6417.0 1.63315e-15 1e-20
6418.5 1.54046e-15 1e-20
6420.0 1.6208201e-15 1e-20
6421.5 1.5899399e-15 1e-20
6423.0 1.6154899e-15 1e-20
6424.5 1.64237e-15 1e-20
6426.0 1.61994e-15 1e-20
6427.5 1.66318e-15 1e-20
6429.0 1.65565e-15 1e-20
6430.5 1.64089e-15 1e-20
6432.0 1.61764e-15 1e-20
6433.5 1.60855e-15 1e-20
6435.0 1.61867e-15 1e-20
6436.5 1.6541801e-15 1e-20
6438.0 1.6128499e-15 1e-20
6439.5 1.53783e-15 1e-20
6441.0 1.59977e-15 1e-20
6442.5 1.6261999e-15 1e-20
6444.0 1.59152e-15 1e-20
6445.5 1.6144e-15 1e-20
6447.0 1.6497199e-15 1e-20
6448.5 1.76789e-15 1e-20
6450.0 1.6696399e-15 1e-20
6451.5 1.6180399e-15 1e-20
6453.0 1.8006999e-15 1e-20
6454.5 1.8333799e-15 1e-20
6456.0 1.7717901e-15 1e-20
6457.5 1.6565599e-15 1e-20
6459.0 1.62624e-15 1e-20
6460.5 1.65842e-15 1e-20
6462.0 1.68266e-15 1e-20
6463.5 1.6092201e-15 1e-20
6465.0 1.56505e-15 1e-20
6466.5 1.5671999e-15 1e-20
6468.0 1.65122e-15 1e-20
6469.5 1.63013e-15 1e-20
6471.0 1.64168e-15 1e-20
6472.5 1.6559499e-15 1e-20
6474.0 1.66372e-15 1e-20
6475.5 1.5686001e-15 1e-20
6477.0 1.57486e-15 1e-20
6478.5 1.7243101e-15 1e-20
6480.0 1.6573301e-15 1e-20
6481.5 1.57156e-15 1e-20
6483.0 1.5103001e-15 1e-20
6484.5 1.63843e-15 1e-20
6486.0 1.6770001e-15 1e-20
6487.5 1.5471701e-15 1e-20
6489.0 1.53504e-15 1e-20
6490.5 1.6248799e-15 1e-20
6492.0 1.7157499e-15 1e-20
6493.5 1.73493e-15 1e-20
6495.0 1.6563099e-15 1e-20
6496.5 1.6026599e-15 1e-20
6498.0 1.67321e-15 1e-20
6499.5 1.6967601e-15 1e-20
6501.0 1.66958e-15 1e-20
6502.5 1.6717599e-15 1e-20
6504.0 1.60429e-15 1e-20
6505.5 1.5679601e-15 1e-20
6507.0 1.64759e-15 1e-20
6508.5 1.65828e-15 1e-20
6510.0 1.5482e-15 1e-20
6511.5 1.5659699e-15 1e-20
6513.0 1.65972e-15 1e-20
6514.5 1.63242e-15 1e-20
6516.0 1.65337e-15 1e-20
6517.5 1.72709e-15 1e-20
6519.0 1.6624e-15 1e-20
6520.5 1.6260601e-15 1e-20
6522.0 1.6808799e-15 1e-20
6523.5 1.61762e-15 1e-20
6525.0 1.66344e-15 1e-20
6526.5 1.70324e-15 1e-20
6528.0 1.49894e-15 1e-20
6529.5 1.5186201e-15 1e-20
6531.0 1.6020401e-15 1e-20
6532.5 1.6316901e-15 1e-20
6534.0 1.71962e-15 1e-20
6535.5 1.66434e-15 1e-20
6537.0 1.67416e-15 1e-20
6538.5 1.57863e-15 1e-20
6540.0 1.46355e-15 1e-20
6541.5 1.7081e-15 1e-20
6543.0 1.6179001e-15 1e-20
6544.5 1.5582e-15 1e-20
6546.0 1.53797e-15 1e-20
6547.5 1.53465e-15 1e-20
6549.0 1.6205601e-15 1e-20
6550.5 1.58033e-15 1e-20
6552.0 1.56745e-15 1e-20
6553.5 1.6280299e-15 1e-20
6555.0 1.53073e-15 1e-20
6556.5 1.6318701e-15 1e-20
6558.0 1.6415301e-15 1e-20
6559.5 1.57885e-15 1e-20
6561.0 1.55408e-15 1e-20
6562.5 1.63041e-15 1e-20
6564.0 1.63743e-15 1e-20
6565.5 1.5325299e-15 1e-20
6567.0 1.4511799e-15 1e-20
6568.5 1.50067e-15 1e-20
6570.0 1.55039e-15 1e-20
6571.5 1.53645e-15 1e-20
6573.0 1.45179e-15 1e-20
6574.5 1.51177e-15 1e-20
6576.0 1.4817601e-15 1e-20
6577.5 1.4401799e-15 1e-20
6579.0 1.4951499e-15 1e-20
6580.5 1.5162e-15 1e-20
6582.0 1.51028e-15 1e-20
6583.5 1.5043599e-15 1e-20
6585.0 1.49844e-15 1e-20
6586.5 1.49251e-15 1e-20
6588.0 1.48659e-15 1e-20
6589.5 1.48659e-15 1e-20
6591.0 1.54255e-15 1e-20
6592.5 1.44805e-15 1e-20
6594.0 1.44665e-15 1e-20
6595.5 1.5022101e-15 1e-20
6597.0 1.4664201e-15 1e-20
6598.5 1.4461499e-15 1e-20
6600.0 1.3845801e-15 1e-20
6601.5 1.43538e-15 1e-20
6603.0 1.52709e-15 1e-20
6604.5 1.60411e-15 1e-20
6606.0 1.47268e-15 1e-20
6607.5 1.3869999e-15 1e-20
6609.0 1.3269301e-15 1e-20
6610.5 1.5397299e-15 1e-20
6612.0 1.5155899e-15 1e-20
6613.5 1.4971e-15 1e-20
6615.0 1.40727e-15 1e-20
6616.5 1.3984601e-15 1e-20
6618.0 1.4281301e-15 1e-20
6619.5 1.39466e-15 1e-20
6621.0 1.4964499e-15 1e-20
6622.5 1.49087e-15 1e-20
6624.0 1.4001201e-15 1e-20
6625.5 1.47826e-15 1e-20
6627.0 1.46189e-15 1e-20
6628.5 1.42653e-15 1e-20
6630.0 1.40765e-15 1e-20
6631.5 1.50567e-15 1e-20
6633.0 1.4559199e-15 1e-20
6634.5 1.41743e-15 1e-20
6636.0 1.3738901e-15 1e-20
6637.5 1.3343299e-15 1e-20
6639.0 1.39333e-15 1e-20
6640.5 1.4733301e-15 1e-20
6642.0 1.49139e-15 1e-20
6643.5 1.45259e-15 1e-20
6645.0 1.39333e-15 1e-20
6646.5 1.4355299e-15 1e-20
6648.0 1.40495e-15 1e-20
6649.5 1.35583e-15 1e-20
6651.0 1.35846e-15 1e-20
6652.5 1.3529201e-15 1e-20
6654.0 1.4414099e-15 1e-20
6655.5 1.51536e-15 1e-20
6657.0 1.38555e-15 1e-20
6658.5 1.38637e-15 1e-20
6660.0 1.48251e-15 1e-20
6661.5 1.48959e-15 1e-20
6663.0 1.41953e-15 1e-20
6664.5 1.29475e-15 1e-20
6666.0 1.29169e-15 1e-20
6667.5 1.32821e-15 1e-20
6669.0 1.34274e-15 1e-20
6670.5 1.3798401e-15 1e-20
6672.0 1.4346799e-15 1e-20
6673.5 1.37559e-15 1e-20
6675.0 1.32101e-15 1e-20
6676.5 1.33151e-15 1e-20
6678.0 1.40724e-15 1e-20
6679.5 1.45445e-15 1e-20
6681.0 1.40174e-15 1e-20
6682.5 1.31594e-15 1e-20
6684.0 1.2976299e-15 1e-20
6685.5 1.3392001e-15 1e-20
6687.0 1.3745901e-15 1e-20
6688.5 1.3634e-15 1e-20
6690.0 1.4432699e-15 1e-20
6691.5 1.43621e-15 1e-20
6693.0 1.37106e-15 1e-20
6694.5 1.3507e-15 1e-20
6696.0 1.31135e-15 1e-20
6697.5 1.35987e-15 1e-20
6699.0 1.29805e-15 1e-20
6700.5 1.30585e-15 1e-20
6702.0 1.33853e-15 1e-20
6703.5 1.34603e-15 1e-20
6705.0 1.3942699e-15 1e-20
6706.5 1.3915799e-15 1e-20
6708.0 1.30466e-15 1e-20
6709.5 1.29079e-15 1e-20
6711.0 1.30993e-15 1e-20
6712.5 1.2209001e-15 1e-20
6714.0 1.23437e-15 1e-20
6715.5 1.3623e-15 1e-20
6717.0 1.3737e-15 1e-20
6718.5 1.32129e-15 1e-20
6720.0 1.3359601e-15 1e-20
6721.5 1.29926e-15 1e-20
6723.0 1.2318799e-15 1e-20
6724.5 1.25577e-15 1e-20
6726.0 1.3333499e-15 1e-20
6727.5 1.33715e-15 1e-20
6729.0 1.32766e-15 1e-20
6730.5 1.33435e-15 1e-20
6732.0 1.31897e-15 1e-20
6733.5 1.3157001e-15 1e-20
6735.0 1.27316e-15 1e-20
6736.5 1.16813e-15 1e-20
6738.0 1.2018799e-15 1e-20
6739.5 1.21499e-15 1e-20
6741.0 1.22811e-15 1e-20
6742.5 1.24123e-15 1e-20
6744.0 1.2543401e-15 1e-20
6745.5 1.26746e-15 1e-20
6747.0 1.2805801e-15 1e-20
6748.5 1.2805801e-15 1e-20
6750.0 1.27878e-15 1e-20
6751.5 1.21979e-15 1e-20
6753.0 1.19998e-15 1e-20
6754.5 1.31476e-15 1e-20
6756.0 1.1867401e-15 1e-20
6757.5 1.29211e-15 1e-20
6759.0 1.38906e-15 1e-20
6760.5 1.3226e-15 1e-20
6762.0 1.3978699e-15 1e-20
6763.5 1.4405599e-15 1e-20
6765.0 1.47343e-15 1e-20
6766.5 1.37485e-15 1e-20
6768.0 1.2264001e-15 1e-20
6769.5 1.1894e-15 1e-20
6771.0 1.19278e-15 1e-20
6772.5 1.29557e-15 1e-20
6774.0 1.35448e-15 1e-20
6775.5 1.2725101e-15 1e-20
6777.0 1.15438e-15 1e-20
6778.5 1.2047599e-15 1e-20
6780.0 1.20154e-15 1e-20
6781.5 1.24291e-15 1e-20
6783.0 1.25578e-15 1e-20
6784.5 1.2483799e-15 1e-20
6786.0 1.21259e-15 1e-20
6787.5 1.1912599e-15 1e-20
6789.0 1.21117e-15 1e-20
6790.5 1.25568e-15 1e-20
6792.0 1.2413e-15 1e-20
6793.5 1.2297799e-15 1e-20
6795.0 1.2378699e-15 1e-20
6796.5 1.19546e-15 1e-20
6798.0 1.2088999e-15 1e-20
6799.5 1.21429e-15 1e-20
6801.0 1.18639e-15 1e-20
6802.5 1.1581499e-15 1e-20
6804.0 1.1948599e-15 1e-20
6805.5 1.16847e-15 1e-20
6807.0 1.1994601e-15 1e-20
6808.5 1.2181501e-15 1e-20
6810.0 1.16816e-15 1e-20
6811.5 1.2122001e-15 1e-20
6813.0 1.24078e-15 1e-20
6814.5 1.2568901e-15 1e-20
6816.0 1.27967e-15 1e-20
6817.5 1.1531e-15 1e-20
6819.0 1.15742e-15 1e-20
6820.5 1.0947501e-15 1e-20
6822.0 1.1957701e-15 1e-20
6823.5 1.1911401e-15 1e-20
6825.0 1.21103e-15 1e-20
6826.5 1.37002e-15 1e-20
6828.0 1.24338e-15 1e-20
6829.5 1.23146e-15 1e-20
6831.0 1.20663e-15 1e-20
6832.5 1.19369e-15 1e-20
6834.0 1.18598e-15 1e-20
6835.5 1.20798e-15 1e-20
6837.0 1.2087601e-15 1e-20
6838.5 1.1945401e-15 1e-20
6840.0 1.20336e-15 1e-20
6841.5 1.2363401e-15 1e-20
6843.0 1.09971e-15 1e-20
6844.5 1.14326e-15 1e-20
6846.0 1.17765e-15 1e-20
6847.5 1.20954e-15 1e-20
6849.0 1.23478e-15 1e-20
6850.5 1.2203401e-15 1e-20
6852.0 1.25818e-15 1e-20
6853.5 1.24096e-15 1e-20
6855.0 1.2417e-15 1e-20
6856.5 1.2941199e-15 1e-20
6858.0 1.1788599e-15 1e-20
6859.5 1.17919e-15 1e-20
6861.0 1.24689e-15 1e-20
6862.5 1.2668101e-15 1e-20
6864.0 1.2725801e-15 1e-20
6865.5 1.2052999e-15 1e-20
6867.0 1.14293e-15 1e-20
6868.5 1.2043199e-15 1e-20
6870.0 1.27001e-15 1e-20
6871.5 1.13473e-15 1e-20
6873.0 1.15571e-15 1e-20
6874.5 1.23603e-15 1e-20
6876.0 1.21843e-15 1e-20
6877.5 1.18834e-15 1e-20
6879.0 1.1723699e-15 1e-20
6880.5 1.24743e-15 1e-20
6882.0 1.24066e-15 1e-20
6883.5 1.1959999e-15 1e-20
6885.0 1.1668299e-15 1e-20
6886.5 1.0747699e-15 1e-20
6888.0 1.0280401e-15 1e-20
6889.5 1.16822e-15 1e-20
6891.0 1.0982899e-15 1e-20
6892.5 9.9506498e-16 1e-20
6894.0 1.1659301e-15 1e-20
6895.5 1.23031e-15 1e-20
6897.0 1.17231e-15 1e-20
6898.5 1.2525999e-15 1e-20
6900.0 1.2677e-15 1e-20
6901.5 1.15304e-15 1e-20
6903.0 1.15195e-15 1e-20
6904.5 1.17899e-15 1e-20
6906.0 1.08575e-15 1e-20
6907.5 1.0804201e-15 1e-20
6909.0 1.1436699e-15 1e-20
6910.5 1.20108e-15 1e-20
6912.0 1.11676e-15 1e-20
6913.5 1.1502599e-15 1e-20
6915.0 1.1677e-15 1e-20
6916.5 1.07974e-15 1e-20
6918.0 1.13108e-15 1e-20
6919.5 1.1954301e-15 1e-20
6921.0 1.2352099e-15 1e-20
6922.5 1.22256e-15 1e-20
6924.0 1.22393e-15 1e-20
6925.5 1.12415e-15 1e-20
6927.0 1.07286e-15 1e-20
6928.5 1.1561801e-15 1e-20
6930.0 1.13559e-15 1e-20
6931.5 1.07079e-15 1e-20
6933.0 1.0772001e-15 1e-20
6934.5 1.15806e-15 1e-20
6936.0 1.14632e-15 1e-20
6937.5 1.09525e-15 1e-20
6939.0 1.08778e-15 1e-20
6940.5 1.1333899e-15 1e-20
6942.0 1.18975e-15 1e-20
6943.5 1.10512e-15 1e-20
6945.0 1.08938e-15 1e-20
6946.5 1.08926e-15 1e-20
6948.0 9.8446097e-16 1e-20
6949.5 1.01103e-15 1e-20
6951.0 1.0456e-15 1e-20
6952.5 1.05469e-15 1e-20
6954.0 1.1504e-15 1e-20
6955.5 1.12649e-15 1e-20
6957.0 1.09164e-15 1e-20
6958.5 1.0703699e-15 1e-20
6960.0 1.0372e-15 1e-20
6961.5 1.07963e-15 1e-20
6963.0 1.1037199e-15 1e-20
6964.5 1.1597e-15 1e-20
6966.0 1.0679999e-15 1e-20
6967.5 1.02128e-15 1e-20
6969.0 1.16012e-15 1e-20
6970.5 1.17967e-15 1e-20
6972.0 1.10175e-15 1e-20
6973.5 1.02236e-15 1e-20
6975.0 1.08456e-15 1e-20
6976.5 1.10411e-15 1e-20
6978.0 1.0676599e-15 1e-20
6979.5 1.06458e-15 1e-20
6981.0 1.0987901e-15 1e-20
6982.5 1.0943001e-15 1e-20
6984.0 1.10112e-15 1e-20
6985.5 1.13319e-15 1e-20
6987.0 9.5218404e-16 1e-20
6988.5 1.02329e-15 1e-20
6990.0 1.13606e-15 1e-20
6991.5 1.16073e-15 1e-20
6993.0 1.1121201e-15 1e-20
6994.5 1.07063e-15 1e-20
6996.0 1.1213799e-15 1e-20
6997.5 1.13939e-15 1e-20
6999.0 1.1081899e-15 1e-20
7000.5 1.0997501e-15 1e-20
7002.0 1.04237e-15 1e-20
7003.5 1.08292e-15 1e-20
7005.0 1.11866e-15 1e-20
7006.5 1.08356e-15 1e-20
7008.0 1.0057799e-15 1e-20
7009.5 9.9504804e-16 1e-20
7011.0 1.0104001e-15 1e-20
7012.5 1.02659e-15 1e-20
7014.0 1.03161e-15 1e-20
7015.5 9.6588702e-16 1e-20
7017.0 9.0083404e-16 1e-20
7018.5 9.3395102e-16 1e-20
7020.0 9.8549996e-16 1e-20
7021.5 1.00094e-15 1e-20
7023.0 9.7576004e-16 1e-20
7024.5 1.07414e-15 1e-20
7026.0 1.1577999e-15 1e-20
7027.5 1.11763e-15 1e-20
7029.0 1.08212e-15 1e-20
7030.5 1.00818e-15 1e-20
7032.0 1.05094e-15 1e-20
7033.5 1.05628e-15 1e-20
7035.0 1.07424e-15 1e-20
7036.5 1.08348e-15 1e-20
7038.0 1.01707e-15 1e-20
7039.5 1.03713e-15 1e-20
7041.0 1.0646401e-15 1e-20
7042.5 9.8430798e-16 1e-20
7044.0 9.8203602e-16 1e-20
7045.5 9.5208907e-16 1e-20
7047.0 9.8233503e-16 1e-20
7048.5 1.03229e-15 1e-20
7050.0 1.01046e-15 1e-20
7051.5 1.0154e-15 1e-20
7053.0 1.0082601e-15 1e-20
7054.5 1.00293e-15 1e-20
7056.0 9.2679603e-16 1e-20
7057.5 9.8393899e-16 1e-20
7059.0 1.02242e-15 1e-20
7060.5 1.01741e-15 1e-20
7062.0 1.0024499e-15 1e-20
7063.5 9.5511202e-16 1e-20
7065.0 9.3046696e-16 1e-20
7066.5 1.02653e-15 1e-20
7068.0 1.0487401e-15 1e-20
7069.5 1.08603e-15 1e-20
7071.0 1.06466e-15 1e-20
7072.5 1.01581e-15 1e-20
7074.0 9.6416405e-16 1e-20
7075.5 9.4123201e-16 1e-20
7077.0 9.8141801e-16 1e-20
7078.5 1.0352499e-15 1e-20
7080.0 9.7331e-16 1e-20
7081.5 9.2408002e-16 1e-20
7083.0 9.8277104e-16 1e-20
7084.5 1.05283e-15 1e-20
7086.0 1.0184999e-15 1e-20
7087.5 9.9056501e-16 1e-20
7089.0 1.01489e-15 1e-20
7090.5 9.9380798e-16 1e-20
7092.0 9.8079501e-16 1e-20
7093.5 9.8270401e-16 1e-20
7095.0 1.05997e-15 1e-20
7096.5 1.1069501e-15 1e-20
7098.0 1.02765e-15 1e-20
7099.5 9.5471805e-16 1e-20
7101.0 9.4102195e-16 1e-20
7102.5 9.4564495e-16 1e-20
7104.0 1.01531e-15 1e-20
7105.5 1.05997e-15 1e-20
7107.0 1.01974e-15 1e-20
7108.5 9.7053702e-16 1e-20
7110.0 9.9759199e-16 1e-20
7111.5 9.9354498e-16 1e-20
7113.0 1.02042e-15 1e-20
7114.5 1.10389e-15 1e-20
7116.0 1.08962e-15 1e-20
7117.5 1.07225e-15 1e-20
7119.0 1.0549801e-15 1e-20
7120.5 1.01587e-15 1e-20
7122.0 9.6116693e-16 1e-20
7123.5 1.01217e-15 1e-20
7125.0 1.0212e-15 1e-20
7126.5 1.0313e-15 1e-20
7128.0 1.0220501e-15 1e-20
7129.5 9.7904706e-16 1e-20
7131.0 1.00289e-15 1e-20
7132.5 9.7044999e-16 1e-20
7134.0 9.4657202e-16 1e-20
7135.5 9.0895603e-16 1e-20
7137.0 9.0495295e-16 1e-20
7138.5 9.4918798e-16 1e-20
7140.0 9.0313797e-16 1e-20
7141.5 9.6191804e-16 1e-20
7143.0 1.02106e-15 1e-20
7144.5 1.0682499e-15 1e-20
7146.0 1.0570399e-15 1e-20
7147.5 1.01351e-15 1e-20
7149.0 9.6648302e-16 1e-20
7150.5 9.1511301e-16 1e-20
7152.0 9.1631505e-16 1e-20
7153.5 9.28393e-16 1e-20
7155.0 9.3577002e-16 1e-20
7156.5 9.32346e-16 1e-20
7158.0 9.2892198e-16 1e-20
7159.5 9.2549901e-16 1e-20
7161.0 9.2207498e-16 1e-20
7162.5 9.1865202e-16 1e-20
7164.0 9.1522799e-16 1e-20
7165.5 9.1180503e-16 1e-20
7167.0 9.1180503e-16 1e-20
7168.5 8.94159e-16 1e-20
7170.0 9.2792703e-16 1e-20
7171.5 9.1713699e-16 1e-20
7173.0 9.4939698e-16 1e-20
7174.5 9.6552597e-16 1e-20
7176.0 9.28375e-16 1e-20
7177.5 8.6089803e-16 1e-20
7179.0 9.48268e-16 1e-20
7180.5 9.3612197e-16 1e-20
7182.0 9.1776899e-16 1e-20
7183.5 9.3259799e-16 1e-20
7185.0 9.4586994e-16 1e-20
7186.5 1.04036e-15 1e-20
7188.0 9.5342494e-16 1e-20
7189.5 9.1632405e-16 1e-20
7191.0 9.0664702e-16 1e-20
7192.5 8.7727599e-16 1e-20
7194.0 8.9615705e-16 1e-20
7195.5 8.6109401e-16 1e-20
7197.0 9.2943898e-16 1e-20
7198.5 9.4625301e-16 1e-20
7200.0 8.6979098e-16 1e-20
7201.5 9.9319293e-16 1e-20
7203.0 9.9574207e-16 1e-20
7204.5 9.55344e-16 1e-20
7206.0 9.6964795e-16 1e-20
7207.5 1.01319e-15 1e-20
7209.0 9.7931599e-16 1e-20
7210.5 9.1584696e-16 1e-20
7212.0 9.8715697e-16 1e-20
7213.5 9.8878402e-16 1e-20
7215.0 9.5188504e-16 1e-20
7216.5 9.3078704e-16 1e-20
7218.0 9.0170003e-16 1e-20
7219.5 9.0980497e-16 1e-20
7221.0 9.3719802e-16 1e-20
7222.5 9.4021197e-16 1e-20
7224.0 9.0765001e-16 1e-20
7225.5 9.4087308e-16 1e-20
7227.0 9.8119905e-16 1e-20
7228.5 9.7493598e-16 1e-20
7230.0 9.4205003e-16 1e-20
7231.5 8.3407996e-16 1e-20
7233.0 8.5316197e-16 1e-20
7234.5 9.6516694e-16 1e-20
7236.0 9.87071e-16 1e-20
7237.5 9.8372405e-16 1e-20
7239.0 9.5430004e-16 1e-20
7240.5 9.5778198e-16 1e-20
7242.0 8.9351197e-16 1e-20
7243.5 8.8173403e-16 1e-20
7245.0 8.6089702e-16 1e-20
7246.5 8.4650805e-16 1e-20
7248.0 9.0950798e-16 1e-20
7249.5 8.7411704e-16 1e-20
7251.0 9.8111202e-16 1e-20
7252.5 1.03767e-15 1e-20
7254.0 9.6621599e-16 1e-20
7255.5 9.7230097e-16 1e-20
7257.0 9.7483e-16 1e-20
7258.5 9.9782503e-16 1e-20
7260.0 9.1396306e-16 1e-20
7261.5 9.3559204e-16 1e-20
7263.0 1.01489e-15 1e-20
7264.5 9.5482392e-16 1e-20
7266.0 9.9705794e-16 1e-20
7267.5 9.6100907e-16 1e-20
7269.0 9.1192594e-16 1e-20
7270.5 8.9605403e-16 1e-20
7272.0 9.4420097e-16 1e-20
7273.5 9.8941802e-16 1e-20
7275.0 9.8491403e-16 1e-20
7276.5 1.00973e-15 1e-20
7278.0 9.7198894e-16 1e-20
7279.5 9.5620999e-16 1e-20
7281.0 1.0221899e-15 1e-20
7282.5 1.0091099e-15 1e-20
7284.0 9.6003699e-16 1e-20
7285.5 9.5405598e-16 1e-20
7287.0 9.0984393e-16 1e-20
7288.5 9.05449e-16 1e-20
7290.0 9.1304498e-16 1e-20
7291.5 8.7722999e-16 1e-20
7293.0 9.1391297e-16 1e-20
7294.5 9.2372405e-16 1e-20
7296.0 9.2409304e-16 1e-20
7297.5 9.3275702e-16 1e-20
7299.0 8.9160594e-16 1e-20
7300.5 8.7544503e-16 1e-20
7302.0 8.9443101e-16 1e-20
7303.5 8.8059504e-16 1e-20
7305.0 8.5724504e-16 1e-20
7306.5 9.1774103e-16 1e-20
7308.0 8.7081599e-16 1e-20
7309.5 8.1441598e-16 1e-20
7311.0 8.8626201e-16 1e-20
7312.5 8.9173003e-16 1e-20
7314.0 9.6006102e-16 1e-20
7315.5 9.61984e-16 1e-20
7317.0 9.2480497e-16 1e-20
7318.5 9.1669802e-16 1e-20
7320.0 9.0002195e-16 1e-20
7321.5 9.2466203e-16 1e-20
7323.0 9.2918805e-16 1e-20
7324.5 9.3371396e-16 1e-20
7326.0 9.3823997e-16 1e-20
7327.5 9.4276599e-16 1e-20
7329.0 9.47292e-16 1e-20
7330.5 9.47292e-16 1e-20
7332.0 8.1639704e-16 1e-20
7333.5 7.9327002e-16 1e-20
7335.0 8.5261103e-16 1e-20
7336.5 9.5730499e-16 1e-20
7338.0 8.5033796e-16 1e-20
7339.5 8.6293101e-16 1e-20
7341.0 8.9463101e-16 1e-20
7342.5 8.0509598e-16 1e-20
7344.0 7.7570203e-16 1e-20
7345.5 8.2900999e-16 1e-20
7347.0 8.6323701e-16 1e-20
7348.5 8.4247602e-16 1e-20
7350.0 8.7072404e-16 1e-20
7351.5 9.46631e-16 1e-20
7353.0 9.4737003e-16 1e-20
7354.5 9.2565402e-16 1e-20
7356.0 9.12235e-16 1e-20
7357.5 8.9147507e-16 1e-20
7359.0 9.1387094e-16 1e-20
7360.5 8.8101204e-16 1e-20
7362.0 8.8934796e-16 1e-20
7363.5 8.7319901e-16 1e-20
7365.0 8.6068399e-16 1e-20
7366.5 9.3498197e-16 1e-20
7368.0 9.7248901e-16 1e-20
7369.5 9.7870496e-16 1e-20
7371.0 9.7281702e-16 1e-20
7372.5 9.2616298e-16 1e-20
7374.0 8.8468499e-16 1e-20
7375.5 8.1682405e-16 1e-20
7377.0 8.3924596e-16 1e-20
7378.5 8.6236498e-16 1e-20
7380.0 8.4741999e-16 1e-20
7381.5 8.2112904e-16 1e-20
7383.0 8.3083498e-16 1e-20
7384.5 8.5494699e-16 1e-20
7386.0 9.8844393e-16 1e-20
7387.5 1.02753e-15 1e-20
7389.0 9.7726003e-16 1e-20
7390.5 8.82171e-16 1e-20
7392.0 8.7238999e-16 1e-20
7393.5 9.5364401e-16 1e-20
7395.0 1.00214e-15 1e-20
7396.5 9.3696095e-16 1e-20
7398.0 8.14789e-16 1e-20
7399.5 8.2657202e-16 1e-20
7401.0 8.6477702e-16 1e-20
7402.5 8.8315806e-16 1e-20
7404.0 9.20937e-16 1e-20
7405.5 8.9324601e-16 1e-20
7407.0 8.2094004e-16 1e-20
7408.5 7.8137201e-16 1e-20
7410.0 8.25917e-16 1e-20
7411.5 8.2575601e-16 1e-20
7413.0 8.1085495e-16 1e-20
7414.5 7.8539505e-16 1e-20
7416.0 8.1810201e-16 1e-20
7417.5 7.3708701e-16 1e-20
7419.0 7.4605603e-16 1e-20
7420.5 7.65628e-16 1e-20
7422.0 8.5693503e-16 1e-20
7423.5 8.20354e-16 1e-20
7425.0 7.9463602e-16 1e-20
7426.5 8.0166999e-16 1e-20
7428.0 8.4479498e-16 1e-20
7429.5 8.4205197e-16 1e-20
7431.0 8.5794998e-16 1e-20
7432.5 8.9463906e-16 1e-20
7434.0 9.19192e-16 1e-20
7435.5 8.8671199e-16 1e-20
7437.0 8.7678498e-16 1e-20
7438.5 8.32097e-16 1e-20
7440.0 7.8796299e-16 1e-20
7441.5 8.3552098e-16 1e-20
7443.0 8.6004104e-16 1e-20
7444.5 8.0858898e-16 1e-20
7446.0 7.3973902e-16 1e-20
7447.5 7.8694501e-16 1e-20
7449.0 7.9670797e-16 1e-20
7450.5 7.9989805e-16 1e-20
7452.0 7.7422702e-16 1e-20
7453.5 7.5467904e-16 1e-20
7455.0 8.0419801e-16 1e-20
7456.5 8.4812303e-16 1e-20
7458.0 8.7902099e-16 1e-20
7459.5 8.5328601e-16 1e-20
7461.0 8.1015303e-16 1e-20
7462.5 8.0009001e-16 1e-20
7464.0 8.1861902e-16 1e-20
7465.5 7.9026596e-16 1e-20
7467.0 8.1619301e-16 1e-20
7468.5 7.5635399e-16 1e-20
7470.0 7.4821904e-16 1e-20
7471.5 9.4283195e-16 1e-20
7473.0 8.39723e-16 1e-20
7474.5 8.7973901e-16 1e-20
7476.0 8.1755197e-16 1e-20
7477.5 8.1960899e-16 1e-20
7479.0 8.4052498e-16 1e-20
7480.5 8.1398998e-16 1e-20
7482.0 7.9885901e-16 1e-20
7483.5 8.2856498e-16 1e-20
7485.0 7.4666701e-16 1e-20
7486.5 7.6784998e-16 1e-20
7488.0 7.7030897e-16 1e-20
7489.5 7.6996703e-16 1e-20
7491.0 7.6681797e-16 1e-20
7492.5 7.6228497e-16 1e-20
7494.0 8.1347297e-16 1e-20
7495.5 7.7933103e-16 1e-20
7497.0 7.7137702e-16 1e-20
7498.5 8.0855399e-16 1e-20
7500.0 7.9708701e-16 1e-20
7501.5 7.9745103e-16 1e-20
7503.0 8.0411702e-16 1e-20
7504.5 8.2313201e-16 1e-20
7506.0 7.6897103e-16 1e-20
7507.5 7.7201997e-16 1e-20
7509.0 7.7246795e-16 1e-20
7510.5 7.9885202e-16 1e-20
7512.0 7.6993601e-16 1e-20
7513.5 7.71246e-16 1e-20
7515.0 8.2848298e-16 1e-20
7516.5 7.90969e-16 1e-20
7518.0 7.54771e-16 1e-20
7519.5 7.88462e-16 1e-20
7521.0 8.1429602e-16 1e-20
7522.5 8.0034401e-16 1e-20
7524.0 7.3130204e-16 1e-20
7525.5 7.2282795e-16 1e-20
7527.0 6.5297299e-16 1e-20
7528.5 7.2456003e-16 1e-20
7530.0 8.0064603e-16 1e-20
7531.5 8.3516199e-16 1e-20
7533.0 7.7552701e-16 1e-20
7534.5 7.3145996e-16 1e-20
7536.0 6.9048299e-16 1e-20
7537.5 6.7363297e-16 1e-20
7539.0 7.2056103e-16 1e-20
7540.5 6.8151202e-16 1e-20
