3720.0 3.5426501e-15 1e-20
3721.5 3.4694201e-15 1e-20
3723.0 3.3971501e-15 1e-20
3724.5 3.48343e-15 1e-20
3726.0 3.5158701e-15 1e-20
3727.5 3.4335499e-15 1e-20
3729.0 3.2790401e-15 1e-20
3730.5 3.2838298e-15 1e-20
3732.0 3.33288e-15 1e-20
3733.5 3.2912399e-15 1e-20
3735.0 3.2822198e-15 1e-20
3736.5 3.33249e-15 1e-20
3738.0 3.28625e-15 1e-20
3739.5 3.2768098e-15 1e-20
3741.0 3.25421e-15 1e-20
3742.5 3.2342401e-15 1e-20
3744.0 3.17417e-15 1e-20
3745.5 3.3122201e-15 1e-20
3747.0 3.3370701e-15 1e-20
3748.5 3.2252901e-15 1e-20
3750.0 3.2523702e-15 1e-20
3751.5 3.3772e-15 1e-20
3753.0 3.2373199e-15 1e-20
3754.5 3.26609e-15 1e-20
3756.0 3.3542901e-15 1e-20
3757.5 3.4077101e-15 1e-20
3759.0 3.40684e-15 1e-20
3760.5 3.2948201e-15 1e-20
3762.0 3.3132401e-15 1e-20
3763.5 3.31505e-15 1e-20
3765.0 3.2843298e-15 1e-20
3766.5 3.2885599e-15 1e-20
3768.0 3.46644e-15 1e-20
3769.5 3.4237002e-15 1e-20
3771.0 3.3443999e-15 1e-20
3772.5 3.49455e-15 1e-20
3774.0 3.6453401e-15 1e-20
3775.5 3.5553801e-15 1e-20
3777.0 3.76487e-15 1e-20
3778.5 3.8633499e-15 1e-20
3780.0 3.78123e-15 1e-20
3781.5 4.08383e-15 1e-20
3783.0 4.03426e-15 1e-20
3784.5 3.8782301e-15 1e-20
3786.0 3.9321002e-15 1e-20
3787.5 3.95043e-15 1e-20
3789.0 3.9791702e-15 1e-20
3790.5 3.9878099e-15 1e-20
3792.0 4.0923702e-15 1e-20
3793.5 4.1925996e-15 1e-20
3795.0 4.1345499e-15 1e-20
3796.5 4.1181501e-15 1e-20
3798.0 4.23621e-15 1e-20
3799.5 4.1547398e-15 1e-20
3801.0 4.16511e-15 1e-20
3802.5 4.2255403e-15 1e-20
3804.0 4.1825801e-15 1e-20
3805.5 4.28369e-15 1e-20
3807.0 4.4030801e-15 1e-20
3808.5 4.4213599e-15 1e-20
3810.0 4.4276602e-15 1e-20
3811.5 4.4938998e-15 1e-20
3813.0 4.4639704e-15 1e-20
3814.5 4.4611701e-15 1e-20
3816.0 4.4624601e-15 1e-20
3817.5 4.3974402e-15 1e-20
3819.0 4.3253898e-15 1e-20
3820.5 4.2986799e-15 1e-20
3822.0 4.28436e-15 1e-20
3823.5 4.34714e-15 1e-20
3825.0 4.3298202e-15 1e-20
3826.5 4.3487701e-15 1e-20
3828.0 4.3187699e-15 1e-20
3829.5 4.38298e-15 1e-20
3831.0 4.4515401e-15 1e-20
3832.5 4.37919e-15 1e-20
3834.0 4.5504999e-15 1e-20
3835.5 4.5420397e-15 1e-20
3837.0 4.5997599e-15 1e-20
3838.5 4.5101798e-15 1e-20
3840.0 4.5452398e-15 1e-20
3841.5 4.5671301e-15 1e-20
3843.0 4.6721202e-15 1e-20
3844.5 4.44277e-15 1e-20
3846.0 4.6883604e-15 1e-20
3847.5 4.6203898e-15 1e-20
3849.0 4.5713403e-15 1e-20
3850.5 4.4468497e-15 1e-20
3852.0 4.5848098e-15 1e-20
3853.5 4.6556603e-15 1e-20
3855.0 4.6747698e-15 1e-20
3856.5 4.5847501e-15 1e-20
3858.0 4.5086399e-15 1e-20
3859.5 4.6286001e-15 1e-20
3861.0 4.5886998e-15 1e-20
3862.5 4.6194903e-15 1e-20
3864.0 4.73355e-15 1e-20
3865.5 4.7018701e-15 1e-20
3867.0 4.5632803e-15 1e-20
3868.5 4.6203699e-15 1e-20
3870.0 4.7246799e-15 1e-20
3871.5 4.66358e-15 1e-20
3873.0 4.5926901e-15 1e-20
3874.5 4.6289499e-15 1e-20
3876.0 4.6072002e-15 1e-20
3877.5 4.5630101e-15 1e-20
3879.0 4.6228e-15 1e-20
3880.5 4.6338602e-15 1e-20
3882.0 4.65281e-15 1e-20
3883.5 4.66332e-15 1e-20
3885.0 4.6454802e-15 1e-20
3886.5 4.6683404e-15 1e-20
3888.0 4.7385801e-15 1e-20
3889.5 4.68599e-15 1e-20
3891.0 4.54121e-15 1e-20
3892.5 4.5998501e-15 1e-20
3894.0 4.63158e-15 1e-20
3895.5 4.6270001e-15 1e-20
3897.0 4.7002502e-15 1e-20
3898.5 4.7495501e-15 1e-20
3900.0 4.8267597e-15 1e-20
3901.5 4.8375301e-15 1e-20
3903.0 4.9053897e-15 1e-20
3904.5 4.9405098e-15 1e-20
3906.0 4.9079999e-15 1e-20
3907.5 4.8904701e-15 1e-20
3909.0 4.8716003e-15 1e-20
3910.5 4.7646497e-15 1e-20
3912.0 4.8463003e-15 1e-20
3913.5 4.9156697e-15 1e-20
3915.0 4.9092103e-15 1e-20
3916.5 4.8404397e-15 1e-20
3918.0 4.9354801e-15 1e-20
3919.5 4.9875998e-15 1e-20
3921.0 5.0293797e-15 1e-20
3922.5 5.0974498e-15 1e-20
3924.0 4.98792e-15 1e-20
3925.5 4.8820099e-15 1e-20
3927.0 4.9629401e-15 1e-20
3928.5 4.96793e-15 1e-20
3930.0 4.8506697e-15 1e-20
3931.5 4.89407e-15 1e-20
3933.0 4.9348796e-15 1e-20
3934.5 4.9118001e-15 1e-20
3936.0 4.8455502e-15 1e-20
3937.5 4.8994601e-15 1e-20
3939.0 4.98125e-15 1e-20
3940.5 5.0227699e-15 1e-20
3942.0 5.0517803e-15 1e-20
3943.5 5.1245298e-15 1e-20
3945.0 5.1400699e-15 1e-20
3946.5 5.1014601e-15 1e-20
3948.0 5.1951699e-15 1e-20
3949.5 5.3460696e-15 1e-20
3951.0 5.3782802e-15 1e-20
3952.5 5.3279901e-15 1e-20
3954.0 5.3241302e-15 1e-20
3955.5 5.3158204e-15 1e-20
3957.0 5.33298e-15 1e-20
3958.5 5.3561002e-15 1e-20
3960.0 5.36629e-15 1e-20
3961.5 5.4007503e-15 1e-20
3963.0 5.4434001e-15 1e-20
3964.5 5.4467403e-15 1e-20
3966.0 5.3942599e-15 1e-20
3967.5 5.4048702e-15 1e-20
3969.0 5.35717e-15 1e-20
3970.5 5.3205799e-15 1e-20
3972.0 5.4214102e-15 1e-20
3973.5 5.4604301e-15 1e-20
3975.0 5.41248e-15 1e-20
3976.5 5.3718999e-15 1e-20
3978.0 5.3791501e-15 1e-20
3979.5 5.33558e-15 1e-20
3981.0 5.2533898e-15 1e-20
3982.5 5.21203e-15 1e-20
3984.0 5.1715296e-15 1e-20
3985.5 5.1324903e-15 1e-20
3987.0 4.94825e-15 1e-20
3988.5 4.9188902e-15 1e-20
3990.0 4.99238e-15 1e-20
3991.5 5.12683e-15 1e-20
3993.0 5.1683799e-15 1e-20
3994.5 5.24119e-15 1e-20
3996.0 5.3191801e-15 1e-20
3997.5 5.3207302e-15 1e-20
3999.0 5.42467e-15 1e-20
4000.5 5.4808101e-15 1e-20
4002.0 5.3616199e-15 1e-20
4003.5 5.3633499e-15 1e-20
4005.0 5.3477997e-15 1e-20
4006.5 5.2144399e-15 1e-20
4008.0 5.2374504e-15 1e-20
4009.5 5.28934e-15 1e-20
4011.0 5.2291901e-15 1e-20
4012.5 5.21419e-15 1e-20
4014.0 5.1621199e-15 1e-20
4015.5 5.0906803e-15 1e-20
4017.0 5.0457503e-15 1e-20
4018.5 4.9886298e-15 1e-20
4020.0 4.9387497e-15 1e-20
4021.5 4.9188499e-15 1e-20
4023.0 4.9161199e-15 1e-20
4024.5 4.9508301e-15 1e-20
4026.0 5.0222997e-15 1e-20
4027.5 5.0385399e-15 1e-20
4029.0 5.0810902e-15 1e-20
4030.5 5.1873001e-15 1e-20
4032.0 5.2836098e-15 1e-20
4033.5 5.2452202e-15 1e-20
4035.0 5.23694e-15 1e-20
4036.5 5.2604697e-15 1e-20
4038.0 5.2751598e-15 1e-20
4039.5 5.2240101e-15 1e-20
4041.0 5.3330999e-15 1e-20
4042.5 5.3798599e-15 1e-20
4044.0 5.3033499e-15 1e-20
4045.5 5.3552798e-15 1e-20
4047.0 5.3509401e-15 1e-20
4048.5 5.3103901e-15 1e-20
4050.0 5.3711202e-15 1e-20
4051.5 5.4842402e-15 1e-20
4053.0 5.4737302e-15 1e-20
4054.5 5.4381502e-15 1e-20
4056.0 5.4348501e-15 1e-20
4057.5 5.4350902e-15 1e-20
4059.0 5.4488804e-15 1e-20
4060.5 5.52947e-15 1e-20
4062.0 5.4634701e-15 1e-20
4063.5 5.4403901e-15 1e-20
4065.0 5.5623997e-15 1e-20
4066.5 5.4959402e-15 1e-20
4068.0 5.56244e-15 1e-20
4069.5 5.5193899e-15 1e-20
4071.0 5.3909501e-15 1e-20
4072.5 5.5716599e-15 1e-20
4074.0 5.7163098e-15 1e-20
4075.5 5.6039903e-15 1e-20
4077.0 5.6108699e-15 1e-20
4078.5 5.5675603e-15 1e-20
4080.0 5.5297199e-15 1e-20
4081.5 5.59524e-15 1e-20
4083.0 5.6256299e-15 1e-20
4084.5 5.6371999e-15 1e-20
4086.0 5.6454301e-15 1e-20
4087.5 5.58769e-15 1e-20
4089.0 5.5322301e-15 1e-20
4090.5 5.5485503e-15 1e-20
4092.0 5.6272304e-15 1e-20
4093.5 5.6513801e-15 1e-20
4095.0 5.6322901e-15 1e-20
4096.5 5.6270999e-15 1e-20
4098.0 5.6368099e-15 1e-20
4099.5 5.5971797e-15 1e-20
4101.0 5.51543e-15 1e-20
4102.5 5.5417101e-15 1e-20
4104.0 5.6117902e-15 1e-20
4105.5 5.5083798e-15 1e-20
4107.0 5.4344804e-15 1e-20
4108.5 5.4904798e-15 1e-20
4110.0 5.4790203e-15 1e-20
4111.5 5.4663703e-15 1e-20
4113.0 5.4754501e-15 1e-20
4114.5 5.54011e-15 1e-20
4116.0 5.5233202e-15 1e-20
4117.5 5.4883199e-15 1e-20
4119.0 5.4182703e-15 1e-20
4120.5 5.4366001e-15 1e-20
4122.0 5.47498e-15 1e-20
4123.5 5.4064999e-15 1e-20
4125.0 5.4346498e-15 1e-20
4126.5 5.4420198e-15 1e-20
4128.0 5.3429597e-15 1e-20
4129.5 5.3894301e-15 1e-20
4131.0 5.3383299e-15 1e-20
4132.5 5.2544999e-15 1e-20
4134.0 5.08881e-15 1e-20
4135.5 5.14847e-15 1e-20
4137.0 5.17882e-15 1e-20
4138.5 5.0486001e-15 1e-20
4140.0 5.1209401e-15 1e-20
4141.5 4.9727801e-15 1e-20
4143.0 5.0283598e-15 1e-20
4144.5 4.9830097e-15 1e-20
4146.0 5.0063603e-15 1e-20
4147.5 4.9825002e-15 1e-20
4149.0 4.90618e-15 1e-20
4150.5 4.88683e-15 1e-20
4152.0 4.9862001e-15 1e-20
4153.5 4.8758702e-15 1e-20
4155.0 4.86352e-15 1e-20
4156.5 4.8484102e-15 1e-20
4158.0 4.9180397e-15 1e-20
4159.5 4.9654499e-15 1e-20
4161.0 4.85571e-15 1e-20
4162.5 4.8196103e-15 1e-20
4164.0 4.7994297e-15 1e-20
4165.5 4.7890603e-15 1e-20
4167.0 4.77425e-15 1e-20
4168.5 4.7579797e-15 1e-20
4170.0 4.7844703e-15 1e-20
4171.5 4.7338198e-15 1e-20
4173.0 4.6566699e-15 1e-20
4174.5 4.7080997e-15 1e-20
4176.0 4.7114603e-15 1e-20
4177.5 4.7295999e-15 1e-20
4179.0 4.7193499e-15 1e-20
4180.5 4.7106598e-15 1e-20
4182.0 4.7066699e-15 1e-20
4183.5 4.6909498e-15 1e-20
4185.0 4.71304e-15 1e-20
4186.5 4.7566401e-15 1e-20
4188.0 4.7365299e-15 1e-20
4189.5 4.6737698e-15 1e-20
4191.0 4.6049298e-15 1e-20
4192.5 4.61731e-15 1e-20
4194.0 4.7061599e-15 1e-20
4195.5 4.6590802e-15 1e-20
4197.0 4.6411599e-15 1e-20
4198.5 4.6532797e-15 1e-20
4200.0 4.5517403e-15 1e-20
4201.5 4.5569902e-15 1e-20
4203.0 4.5958398e-15 1e-20
4204.5 4.5444101e-15 1e-20
4206.0 4.5573604e-15 1e-20
4207.5 4.5115499e-15 1e-20
4209.0 4.5131999e-15 1e-20
4210.5 4.5134803e-15 1e-20
4212.0 4.4417002e-15 1e-20
4213.5 4.3723798e-15 1e-20
4215.0 4.3752801e-15 1e-20
4216.5 4.3769301e-15 1e-20
4218.0 4.3068601e-15 1e-20
4219.5 4.33877e-15 1e-20
4221.0 4.29178e-15 1e-20
4222.5 4.2669302e-15 1e-20
4224.0 4.2448904e-15 1e-20
4225.5 4.1894499e-15 1e-20
4227.0 4.1141301e-15 1e-20
4228.5 4.0956203e-15 1e-20
4230.0 4.0896e-15 1e-20
4231.5 4.07247e-15 1e-20
4233.0 3.99714e-15 1e-20
4234.5 3.95994e-15 1e-20
4236.0 3.9646203e-15 1e-20
4237.5 3.96857e-15 1e-20
4239.0 3.9658599e-15 1e-20
4240.5 3.9446799e-15 1e-20
4242.0 3.89582e-15 1e-20
4243.5 3.8388101e-15 1e-20
4245.0 3.81289e-15 1e-20
4246.5 3.7931101e-15 1e-20
4248.0 3.7899498e-15 1e-20
4249.5 3.8283501e-15 1e-20
4251.0 3.8015601e-15 1e-20
4252.5 3.7254101e-15 1e-20
4254.0 3.7198299e-15 1e-20
4255.5 3.7267497e-15 1e-20
4257.0 3.68926e-15 1e-20
4258.5 3.6808401e-15 1e-20
4260.0 3.6503499e-15 1e-20
4261.5 3.6221501e-15 1e-20
4263.0 3.6264399e-15 1e-20
4264.5 3.6224698e-15 1e-20
4266.0 3.68596e-15 1e-20
4267.5 3.6428401e-15 1e-20
4269.0 3.5397899e-15 1e-20
4270.5 3.5547902e-15 1e-20
4272.0 3.56761e-15 1e-20
4273.5 3.5452799e-15 1e-20
4275.0 3.5040499e-15 1e-20
4276.5 3.51181e-15 1e-20
4278.0 3.48914e-15 1e-20
4279.5 3.55769e-15 1e-20
4281.0 3.51409e-15 1e-20
4282.5 3.46403e-15 1e-20
4284.0 3.44502e-15 1e-20
4285.5 3.3671501e-15 1e-20
4287.0 3.3602299e-15 1e-20
4288.5 3.2854401e-15 1e-20
4290.0 3.3293401e-15 1e-20
4291.5 3.3530299e-15 1e-20
4293.0 3.35729e-15 1e-20
4294.5 3.3209301e-15 1e-20
4296.0 3.2444799e-15 1e-20
4297.5 3.2785899e-15 1e-20
4299.0 3.2276002e-15 1e-20
4300.5 3.2382601e-15 1e-20
4302.0 3.2836299e-15 1e-20
4303.5 3.29251e-15 1e-20
4305.0 3.2627599e-15 1e-20
4306.5 3.22948e-15 1e-20
4308.0 3.1978501e-15 1e-20
4309.5 3.1860098e-15 1e-20
4311.0 3.1648399e-15 1e-20
4312.5 3.18902e-15 1e-20
4314.0 3.2234298e-15 1e-20
4315.5 3.1801901e-15 1e-20
4317.0 3.1625199e-15 1e-20
4318.5 3.2028601e-15 1e-20
4320.0 3.2271801e-15 1e-20
4321.5 3.26368e-15 1e-20
4323.0 3.2658702e-15 1e-20
4324.5 3.2987599e-15 1e-20
4326.0 3.29565e-15 1e-20
4327.5 3.3028701e-15 1e-20
4329.0 3.3641e-15 1e-20
4330.5 3.3697099e-15 1e-20
4332.0 3.3641902e-15 1e-20
4333.5 3.38672e-15 1e-20
4335.0 3.40134e-15 1e-20
4336.5 3.4160599e-15 1e-20
4338.0 3.4970801e-15 1e-20
4339.5 3.5132699e-15 1e-20
4341.0 3.6143302e-15 1e-20
4342.5 3.5599698e-15 1e-20
4344.0 3.5299598e-15 1e-20
4345.5 3.5960602e-15 1e-20
4347.0 3.5613403e-15 1e-20
4348.5 3.5261501e-15 1e-20
4350.0 3.5796599e-15 1e-20
4351.5 3.66159e-15 1e-20
4353.0 3.6351601e-15 1e-20
4354.5 3.60244e-15 1e-20
4356.0 3.6079301e-15 1e-20
4357.5 3.6266101e-15 1e-20
4359.0 3.64992e-15 1e-20
4360.5 3.6517399e-15 1e-20
4362.0 3.64804e-15 1e-20
4363.5 3.6991403e-15 1e-20
4365.0 3.76595e-15 1e-20
4366.5 3.7888402e-15 1e-20
4368.0 3.82783e-15 1e-20
4369.5 3.85975e-15 1e-20
4371.0 3.8812003e-15 1e-20
4372.5 3.9036801e-15 1e-20
4374.0 3.9649201e-15 1e-20
4375.5 4.0876196e-15 1e-20
4377.0 4.1373502e-15 1e-20
4378.5 4.1297998e-15 1e-20
4380.0 4.1433002e-15 1e-20
4381.5 4.1560201e-15 1e-20
4383.0 4.13365e-15 1e-20
4384.5 4.1228901e-15 1e-20
4386.0 4.15648e-15 1e-20
4387.5 4.1989799e-15 1e-20
4389.0 4.22547e-15 1e-20
4390.5 4.23258e-15 1e-20
4392.0 4.2615299e-15 1e-20
4393.5 4.35067e-15 1e-20
4395.0 4.3545701e-15 1e-20
4396.5 4.3096901e-15 1e-20
4398.0 4.3482e-15 1e-20
4399.5 4.3838199e-15 1e-20
4401.0 4.4636002e-15 1e-20
4402.5 4.5142003e-15 1e-20
4404.0 4.4699602e-15 1e-20
4405.5 4.4029899e-15 1e-20
4407.0 4.3868899e-15 1e-20
4408.5 4.4116301e-15 1e-20
4410.0 4.3720101e-15 1e-20
4411.5 4.4092597e-15 1e-20
4413.0 4.4008097e-15 1e-20
4414.5 4.36734e-15 1e-20
4416.0 4.3525e-15 1e-20
4417.5 4.3498602e-15 1e-20
4419.0 4.3113697e-15 1e-20
4420.5 4.28238e-15 1e-20
4422.0 4.24095e-15 1e-20
4423.5 4.2145098e-15 1e-20
4425.0 4.3129804e-15 1e-20
4426.5 4.2908504e-15 1e-20
4428.0 4.2550001e-15 1e-20
4429.5 4.2129403e-15 1e-20
4431.0 4.12327e-15 1e-20
4432.5 4.0714599e-15 1e-20
4434.0 4.0860501e-15 1e-20
4435.5 4.0652e-15 1e-20
4437.0 4.0372102e-15 1e-20
4438.5 4.0142001e-15 1e-20
4440.0 4.04439e-15 1e-20
4441.5 4.0359701e-15 1e-20
4443.0 4.0042699e-15 1e-20
4444.5 3.8911698e-15 1e-20
4446.0 3.84682e-15 1e-20
4447.5 3.85457e-15 1e-20
4449.0 3.88873e-15 1e-20
4450.5 3.8412499e-15 1e-20
4452.0 3.9107698e-15 1e-20
4453.5 3.91045e-15 1e-20
4455.0 3.9005799e-15 1e-20
4456.5 3.9464599e-15 1e-20
4458.0 3.9513799e-15 1e-20
4459.5 3.9313298e-15 1e-20
4461.0 4.0092602e-15 1e-20
4462.5 4.0583602e-15 1e-20
4464.0 4.0367498e-15 1e-20
4465.5 4.0473898e-15 1e-20
4467.0 4.04204e-15 1e-20
4468.5 4.0577503e-15 1e-20
4470.0 4.0799197e-15 1e-20
4471.5 4.0485003e-15 1e-20
4473.0 4.1078502e-15 1e-20
4474.5 4.15519e-15 1e-20
4476.0 4.1269999e-15 1e-20
4477.5 4.1171701e-15 1e-20
4479.0 4.1888799e-15 1e-20
4480.5 4.2418097e-15 1e-20
4482.0 4.2148398e-15 1e-20
4483.5 4.2427101e-15 1e-20
4485.0 4.28305e-15 1e-20
4486.5 4.34078e-15 1e-20
4488.0 4.33733e-15 1e-20
4489.5 4.2835202e-15 1e-20
4491.0 4.3225002e-15 1e-20
4492.5 4.3276002e-15 1e-20
4494.0 4.3165104e-15 1e-20
4495.5 4.3372597e-15 1e-20
4497.0 4.3991198e-15 1e-20
4498.5 4.4160999e-15 1e-20
4500.0 4.4156501e-15 1e-20
4501.5 4.4233801e-15 1e-20
4503.0 4.4544603e-15 1e-20
4504.5 4.3943599e-15 1e-20
4506.0 4.4898201e-15 1e-20
4507.5 4.4822104e-15 1e-20
4509.0 4.4417201e-15 1e-20
4510.5 4.4835902e-15 1e-20
4512.0 4.5055398e-15 1e-20
4513.5 4.5278002e-15 1e-20
4515.0 4.4593701e-15 1e-20
4516.5 4.35652e-15 1e-20
4518.0 4.3846796e-15 1e-20
4519.5 4.39586e-15 1e-20
4521.0 4.3408397e-15 1e-20
4522.5 4.40405e-15 1e-20
4524.0 4.3916304e-15 1e-20
4525.5 4.3601699e-15 1e-20
4527.0 4.3299498e-15 1e-20
4528.5 4.3718801e-15 1e-20
4530.0 4.3573399e-15 1e-20
4531.5 4.2840398e-15 1e-20
4533.0 4.3403501e-15 1e-20
4534.5 4.39591e-15 1e-20
4536.0 4.37311e-15 1e-20
4537.5 4.3523501e-15 1e-20
4539.0 4.3404001e-15 1e-20
4540.5 4.3491999e-15 1e-20
4542.0 4.3387501e-15 1e-20
4543.5 4.33282e-15 1e-20
4545.0 4.2910198e-15 1e-20
4546.5 4.29384e-15 1e-20
4548.0 4.3071998e-15 1e-20
4549.5 4.3064798e-15 1e-20
4551.0 4.3509203e-15 1e-20
4552.5 4.36487e-15 1e-20
4554.0 4.2993897e-15 1e-20
4555.5 4.2655902e-15 1e-20
4557.0 4.2619399e-15 1e-20
4558.5 4.2503702e-15 1e-20
4560.0 4.2726599e-15 1e-20
4561.5 4.33421e-15 1e-20
4563.0 4.4002201e-15 1e-20
4564.5 4.4669498e-15 1e-20
4566.0 4.4456702e-15 1e-20
4567.5 4.4133601e-15 1e-20
4569.0 4.4075097e-15 1e-20
4570.5 4.39411e-15 1e-20
4572.0 4.4519903e-15 1e-20
4573.5 4.5397701e-15 1e-20
4575.0 4.5610297e-15 1e-20
4576.5 4.4755904e-15 1e-20
4578.0 4.4395699e-15 1e-20
4579.5 4.4446e-15 1e-20
4581.0 4.4607703e-15 1e-20
4582.5 4.4844601e-15 1e-20
4584.0 4.4280299e-15 1e-20
4585.5 4.3701102e-15 1e-20
4587.0 4.3871004e-15 1e-20
4588.5 4.4021802e-15 1e-20
4590.0 4.3301099e-15 1e-20
4591.5 4.3165498e-15 1e-20
4593.0 4.3706997e-15 1e-20
4594.5 4.3777098e-15 1e-20
4596.0 4.43636e-15 1e-20
4597.5 4.4448702e-15 1e-20
4599.0 4.3912801e-15 1e-20
4600.5 4.4252499e-15 1e-20
4602.0 4.42286e-15 1e-20
4603.5 4.4056102e-15 1e-20
4605.0 4.4284403e-15 1e-20
4606.5 4.4579501e-15 1e-20
4608.0 4.4434298e-15 1e-20
4609.5 4.45421e-15 1e-20
4611.0 4.5036801e-15 1e-20
4612.5 4.4678002e-15 1e-20
4614.0 4.4245901e-15 1e-20
4615.5 4.4315701e-15 1e-20
4617.0 4.4378699e-15 1e-20
4618.5 4.45166e-15 1e-20
4620.0 4.47876e-15 1e-20
4621.5 4.4666402e-15 1e-20
4623.0 4.5125498e-15 1e-20
4624.5 4.5488702e-15 1e-20
4626.0 4.5269799e-15 1e-20
4627.5 4.50151e-15 1e-20
4629.0 4.5304497e-15 1e-20
4630.5 4.5323801e-15 1e-20
4632.0 4.5174097e-15 1e-20
4633.5 4.5199499e-15 1e-20
4635.0 4.4966696e-15 1e-20
4636.5 4.4798598e-15 1e-20
4638.0 4.5409597e-15 1e-20
4639.5 4.52848e-15 1e-20
4641.0 4.46709e-15 1e-20
4642.5 4.5227498e-15 1e-20
4644.0 4.5514003e-15 1e-20
4645.5 4.5125697e-15 1e-20
4647.0 4.5311299e-15 1e-20
4648.5 4.4991201e-15 1e-20
4650.0 4.5244998e-15 1e-20
4651.5 4.5297298e-15 1e-20
4653.0 4.50133e-15 1e-20
4654.5 4.5219104e-15 1e-20
4656.0 4.5682803e-15 1e-20
4657.5 4.4857704e-15 1e-20
4659.0 4.43056e-15 1e-20
4660.5 4.4740903e-15 1e-20
4662.0 4.4989702e-15 1e-20
4663.5 4.4614102e-15 1e-20
4665.0 4.4067202e-15 1e-20
4666.5 4.3423301e-15 1e-20
4668.0 4.3533203e-15 1e-20
4669.5 4.4700398e-15 1e-20
4671.0 4.4870601e-15 1e-20
4672.5 4.4089501e-15 1e-20
4674.0 4.3801598e-15 1e-20
4675.5 4.34016e-15 1e-20
4677.0 4.3238402e-15 1e-20
4678.5 4.3065599e-15 1e-20
4680.0 4.2829298e-15 1e-20
4681.5 4.2423802e-15 1e-20
4683.0 4.1972698e-15 1e-20
4684.5 4.1636802e-15 1e-20
4686.0 4.1739899e-15 1e-20
4687.5 4.1860601e-15 1e-20
4689.0 4.1713099e-15 1e-20
4690.5 4.1459197e-15 1e-20
4692.0 4.1420699e-15 1e-20
4693.5 4.1139899e-15 1e-20
4695.0 4.0535998e-15 1e-20
4696.5 4.0483897e-15 1e-20
4698.0 4.0154702e-15 1e-20
4699.5 4.0246601e-15 1e-20
4701.0 4.0513001e-15 1e-20
4702.5 4.0172901e-15 1e-20
4704.0 4.0001601e-15 1e-20
4705.5 4.01195e-15 1e-20
4707.0 3.9978498e-15 1e-20
4708.5 3.91411e-15 1e-20
4710.0 3.8895901e-15 1e-20
4711.5 3.89113e-15 1e-20
4713.0 3.9109002e-15 1e-20
4714.5 3.8995999e-15 1e-20
4716.0 3.86016e-15 1e-20
4717.5 3.8860398e-15 1e-20
4719.0 3.9078903e-15 1e-20
4720.5 3.90192e-15 1e-20
4722.0 3.8848802e-15 1e-20
4723.5 3.9179297e-15 1e-20
4725.0 3.8528399e-15 1e-20
4726.5 3.82407e-15 1e-20
4728.0 3.8207098e-15 1e-20
4729.5 3.8167703e-15 1e-20
4731.0 3.8328101e-15 1e-20
4732.5 3.82907e-15 1e-20
4734.0 3.8135401e-15 1e-20
4735.5 3.8376001e-15 1e-20
4737.0 3.78589e-15 1e-20
4738.5 3.8242098e-15 1e-20
4740.0 3.84494e-15 1e-20
4741.5 3.8587602e-15 1e-20
4743.0 3.8202198e-15 1e-20
4744.5 3.8330401e-15 1e-20
4746.0 3.8317899e-15 1e-20
4747.5 3.81959e-15 1e-20
4749.0 3.8415202e-15 1e-20
4750.5 3.8177401e-15 1e-20
4752.0 3.7586901e-15 1e-20
4753.5 3.7290299e-15 1e-20
4755.0 3.7493901e-15 1e-20
4756.5 3.7743199e-15 1e-20
4758.0 3.7954098e-15 1e-20
4759.5 3.79233e-15 1e-20
4761.0 3.8071501e-15 1e-20
4762.5 3.8333598e-15 1e-20
4764.0 3.8158699e-15 1e-20
4765.5 3.7831401e-15 1e-20
4767.0 3.7816701e-15 1e-20
4768.5 3.76523e-15 1e-20
4770.0 3.76528e-15 1e-20
4771.5 3.7733501e-15 1e-20
4773.0 3.8003399e-15 1e-20
4774.5 3.8135198e-15 1e-20
4776.0 3.7989301e-15 1e-20
4777.5 3.8251199e-15 1e-20
4779.0 3.7745402e-15 1e-20
4780.5 3.7115599e-15 1e-20
4782.0 3.74707e-15 1e-20
4783.5 3.8494399e-15 1e-20
4785.0 3.83131e-15 1e-20
4786.5 3.7782701e-15 1e-20
4788.0 3.7904301e-15 1e-20
4789.5 3.8460899e-15 1e-20
4791.0 3.8213502e-15 1e-20
4792.5 3.8318e-15 1e-20
4794.0 3.8331299e-15 1e-20
4795.5 3.74454e-15 1e-20
4797.0 3.7542402e-15 1e-20
4798.5 3.7761199e-15 1e-20
4800.0 3.8292699e-15 1e-20
4801.5 3.81183e-15 1e-20
4803.0 3.8022398e-15 1e-20
4804.5 3.8161299e-15 1e-20
4806.0 3.8378101e-15 1e-20
4807.5 3.8718702e-15 1e-20
4809.0 3.8285199e-15 1e-20
4810.5 3.8633202e-15 1e-20
4812.0 3.8957701e-15 1e-20
4813.5 3.8884e-15 1e-20
4815.0 3.8960098e-15 1e-20
4816.5 3.88116e-15 1e-20
4818.0 3.8499502e-15 1e-20
4819.5 3.90759e-15 1e-20
4821.0 3.9610602e-15 1e-20
4822.5 3.9006202e-15 1e-20
4824.0 3.8417899e-15 1e-20
4825.5 3.89144e-15 1e-20
4827.0 3.8810402e-15 1e-20
4828.5 3.8627701e-15 1e-20
4830.0 3.9243299e-15 1e-20
4831.5 3.9453901e-15 1e-20
4833.0 3.9160599e-15 1e-20
4834.5 3.8793901e-15 1e-20
4836.0 3.8690902e-15 1e-20
4837.5 3.8759499e-15 1e-20
4839.0 3.89883e-15 1e-20
4840.5 3.94631e-15 1e-20
4842.0 3.95834e-15 1e-20
4843.5 3.9321798e-15 1e-20
4845.0 3.9499001e-15 1e-20
4846.5 3.9587902e-15 1e-20
4848.0 3.9024201e-15 1e-20
4849.5 3.8751698e-15 1e-20
4851.0 3.9138703e-15 1e-20
4852.5 3.92413e-15 1e-20
4854.0 3.8847002e-15 1e-20
4855.5 3.9156601e-15 1e-20
4857.0 3.91223e-15 1e-20
4858.5 3.83074e-15 1e-20
4860.0 3.76698e-15 1e-20
4861.5 3.82685e-15 1e-20
4863.0 3.8028802e-15 1e-20
4864.5 3.7233502e-15 1e-20
4866.0 3.6865102e-15 1e-20
4867.5 3.7429598e-15 1e-20
4869.0 3.7468202e-15 1e-20
4870.5 3.7185098e-15 1e-20
4872.0 3.6608002e-15 1e-20
4873.5 3.6558598e-15 1e-20
4875.0 3.6532501e-15 1e-20
4876.5 3.6036801e-15 1e-20
4878.0 3.6567899e-15 1e-20
4879.5 3.58059e-15 1e-20
4881.0 3.6036199e-15 1e-20
4882.5 3.6280302e-15 1e-20
4884.0 3.6677302e-15 1e-20
4885.5 3.6304802e-15 1e-20
4887.0 3.5721099e-15 1e-20
4888.5 3.5538199e-15 1e-20
4890.0 3.5617498e-15 1e-20
4891.5 3.5101501e-15 1e-20
4893.0 3.5032201e-15 1e-20
4894.5 3.5091902e-15 1e-20
4896.0 3.52354e-15 1e-20
4897.5 3.47914e-15 1e-20
4899.0 3.44342e-15 1e-20
4900.5 3.4684898e-15 1e-20
4902.0 3.4508601e-15 1e-20
4903.5 3.43134e-15 1e-20
4905.0 3.4644101e-15 1e-20
4906.5 3.4481699e-15 1e-20
4908.0 3.4228599e-15 1e-20
4909.5 3.39467e-15 1e-20
4911.0 3.3544099e-15 1e-20
4912.5 3.3841601e-15 1e-20
4914.0 3.39051e-15 1e-20
4915.5 3.2996099e-15 1e-20
4917.0 3.26315e-15 1e-20
4918.5 3.2506101e-15 1e-20
4920.0 3.23556e-15 1e-20
4921.5 3.2053198e-15 1e-20
4923.0 3.17838e-15 1e-20
4924.5 3.2439899e-15 1e-20
4926.0 3.29984e-15 1e-20
4927.5 3.34267e-15 1e-20
4929.0 3.4257801e-15 1e-20
4930.5 3.4208201e-15 1e-20
4932.0 3.33074e-15 1e-20
4933.5 3.1971299e-15 1e-20
4935.0 3.0494101e-15 1e-20
4936.5 2.9563999e-15 1e-20
4938.0 2.98916e-15 1e-20
4939.5 3.0225899e-15 1e-20
4941.0 2.9759501e-15 1e-20
4942.5 2.9731701e-15 1e-20
4944.0 2.9642001e-15 1e-20
4945.5 2.9517601e-15 1e-20
4947.0 2.93559e-15 1e-20
4948.5 2.9467198e-15 1e-20
4950.0 2.9953101e-15 1e-20
4951.5 3.0008499e-15 1e-20
4953.0 2.96403e-15 1e-20
4954.5 2.9410301e-15 1e-20
4956.0 2.9439001e-15 1e-20
4957.5 2.97297e-15 1e-20
4959.0 2.9413901e-15 1e-20
4960.5 2.9252501e-15 1e-20
4962.0 2.9357499e-15 1e-20
4963.5 2.99224e-15 1e-20
4965.0 2.9770502e-15 1e-20
4966.5 2.95505e-15 1e-20
4968.0 2.9607101e-15 1e-20
4969.5 2.92857e-15 1e-20
4971.0 2.8996301e-15 1e-20
4972.5 2.9003799e-15 1e-20
4974.0 2.89434e-15 1e-20
4975.5 2.90466e-15 1e-20
4977.0 2.87059e-15 1e-20
4978.5 2.8691901e-15 1e-20
4980.0 2.8808101e-15 1e-20
4981.5 2.8758399e-15 1e-20
4983.0 2.8714499e-15 1e-20
4984.5 2.8239998e-15 1e-20
4986.0 2.7909901e-15 1e-20
4987.5 2.8003401e-15 1e-20
4989.0 2.8393601e-15 1e-20
4990.5 2.8308301e-15 1e-20
4992.0 2.79619e-15 1e-20
4993.5 2.80992e-15 1e-20
4995.0 2.8097798e-15 1e-20
4996.5 2.7946101e-15 1e-20
4998.0 2.7929499e-15 1e-20
4999.5 2.8118201e-15 1e-20
5001.0 2.82061e-15 1e-20
5002.5 2.8222202e-15 1e-20
5004.0 2.8224101e-15 1e-20
5005.5 2.7596901e-15 1e-20
5007.0 2.79092e-15 1e-20
5008.5 2.8269199e-15 1e-20
5010.0 2.8067701e-15 1e-20
5011.5 2.83808e-15 1e-20
5013.0 2.84801e-15 1e-20
5014.5 2.81908e-15 1e-20
5016.0 2.79504e-15 1e-20
5017.5 2.8369501e-15 1e-20
5019.0 2.7924099e-15 1e-20
5020.5 2.82334e-15 1e-20
5022.0 2.88064e-15 1e-20
5023.5 2.8670299e-15 1e-20
5025.0 2.8667e-15 1e-20
5026.5 2.8742098e-15 1e-20
5028.0 2.9309199e-15 1e-20
5029.5 2.92656e-15 1e-20
5031.0 2.94583e-15 1e-20
5032.5 2.9661201e-15 1e-20
5034.0 2.9184501e-15 1e-20
5035.5 2.9255601e-15 1e-20
5037.0 2.9483099e-15 1e-20
5038.5 2.98602e-15 1e-20
5040.0 3.0203901e-15 1e-20
5041.5 3.0725301e-15 1e-20
5043.0 3.0950501e-15 1e-20
5044.5 3.0705198e-15 1e-20
5046.0 3.06781e-15 1e-20
5047.5 3.1019399e-15 1e-20
5049.0 3.1018601e-15 1e-20
5050.5 3.10527e-15 1e-20
5052.0 3.12862e-15 1e-20
5053.5 3.1448701e-15 1e-20
5055.0 3.18494e-15 1e-20
5056.5 3.2066601e-15 1e-20
5058.0 3.20028e-15 1e-20
5059.5 3.2298101e-15 1e-20
5061.0 3.2392799e-15 1e-20
5062.5 3.23109e-15 1e-20
5064.0 3.26251e-15 1e-20
5065.5 3.30436e-15 1e-20
5067.0 3.3618801e-15 1e-20
5068.5 3.38118e-15 1e-20
5070.0 3.3716199e-15 1e-20
5071.5 3.3199501e-15 1e-20
5073.0 3.3151099e-15 1e-20
5074.5 3.3725701e-15 1e-20
5076.0 3.38382e-15 1e-20
5077.5 3.3884799e-15 1e-20
5079.0 3.4100901e-15 1e-20
5080.5 3.3691699e-15 1e-20
5082.0 3.37911e-15 1e-20
5083.5 3.3917101e-15 1e-20
5085.0 3.35014e-15 1e-20
5086.5 3.38252e-15 1e-20
5088.0 3.4165101e-15 1e-20
5089.5 3.3903502e-15 1e-20
5091.0 3.4152902e-15 1e-20
5092.5 3.4997e-15 1e-20
5094.0 3.49e-15 1e-20
5095.5 3.51678e-15 1e-20
5097.0 3.52849e-15 1e-20
5098.5 3.51745e-15 1e-20
5100.0 3.48222e-15 1e-20
5101.5 3.52224e-15 1e-20
5103.0 3.5527399e-15 1e-20
5104.5 3.56212e-15 1e-20
5106.0 3.54248e-15 1e-20
5107.5 3.5442099e-15 1e-20
5109.0 3.5519501e-15 1e-20
5110.5 3.5610599e-15 1e-20
5112.0 3.6029897e-15 1e-20
5113.5 3.6294201e-15 1e-20
5115.0 3.6548201e-15 1e-20
5116.5 3.64546e-15 1e-20
5118.0 3.6331602e-15 1e-20
5119.5 3.6682998e-15 1e-20
5121.0 3.7186402e-15 1e-20
5122.5 3.7602702e-15 1e-20
5124.0 3.7383697e-15 1e-20
5125.5 3.7087799e-15 1e-20
5127.0 3.76497e-15 1e-20
5128.5 3.8566299e-15 1e-20
5130.0 3.8506101e-15 1e-20
5131.5 3.8482799e-15 1e-20
5133.0 3.8465198e-15 1e-20
5134.5 3.81946e-15 1e-20
5136.0 3.8589699e-15 1e-20
5137.5 3.83417e-15 1e-20
5139.0 3.80341e-15 1e-20
5140.5 3.8464702e-15 1e-20
5142.0 3.8702498e-15 1e-20
5143.5 3.85532e-15 1e-20
5145.0 3.8845901e-15 1e-20
5146.5 3.8589398e-15 1e-20
5148.0 3.8348803e-15 1e-20
5149.5 3.8623999e-15 1e-20
5151.0 3.8253702e-15 1e-20
5152.5 3.8587399e-15 1e-20
5154.0 3.91277e-15 1e-20
5155.5 3.86941e-15 1e-20
5157.0 3.8609202e-15 1e-20
5158.5 3.9110798e-15 1e-20
5160.0 3.9584797e-15 1e-20
5161.5 3.94657e-15 1e-20
5163.0 3.9823699e-15 1e-20
5164.5 3.9140901e-15 1e-20
5166.0 3.9392398e-15 1e-20
5167.5 3.94144e-15 1e-20
5169.0 3.9444601e-15 1e-20
5170.5 3.9065901e-15 1e-20
5172.0 3.9137001e-15 1e-20
5173.5 3.9239199e-15 1e-20
5175.0 3.9214e-15 1e-20
5176.5 3.9670199e-15 1e-20
5178.0 3.9705e-15 1e-20
5179.5 3.9569801e-15 1e-20
5181.0 3.9758202e-15 1e-20
5182.5 3.9955501e-15 1e-20
5184.0 3.98539e-15 1e-20
5185.5 3.9995502e-15 1e-20
5187.0 4.0231702e-15 1e-20
5188.5 4.02169e-15 1e-20
5190.0 3.9915602e-15 1e-20
5191.5 3.9544199e-15 1e-20
5193.0 3.9613901e-15 1e-20
5194.5 3.9733299e-15 1e-20
5196.0 3.94822e-15 1e-20
5197.5 3.9456701e-15 1e-20
5199.0 3.9762102e-15 1e-20
5200.5 3.9883101e-15 1e-20
5202.0 4.00046e-15 1e-20
5203.5 4.0079498e-15 1e-20
5205.0 4.0185001e-15 1e-20
5206.5 4.0216599e-15 1e-20
5208.0 4.0460202e-15 1e-20
5209.5 4.0348901e-15 1e-20
5211.0 4.00533e-15 1e-20
5212.5 4.0197901e-15 1e-20
5214.0 4.00371e-15 1e-20
5215.5 3.9902502e-15 1e-20
5217.0 4.0065798e-15 1e-20
5218.5 3.98905e-15 1e-20
5220.0 3.9840699e-15 1e-20
5221.5 4.0091501e-15 1e-20
5223.0 4.02669e-15 1e-20
5224.5 4.0209598e-15 1e-20
5226.0 4.0343599e-15 1e-20
5227.5 4.0857202e-15 1e-20
5229.0 4.1109999e-15 1e-20
5230.5 4.06992e-15 1e-20
5232.0 4.0463501e-15 1e-20
5233.5 4.0524102e-15 1e-20
5235.0 4.0022303e-15 1e-20
5236.5 4.0312e-15 1e-20
5238.0 3.9652899e-15 1e-20
5239.5 3.9784701e-15 1e-20
5241.0 3.9559801e-15 1e-20
5242.5 3.9265398e-15 1e-20
5244.0 3.8953398e-15 1e-20
5245.5 3.9777802e-15 1e-20
5247.0 3.9686102e-15 1e-20
5248.5 3.9015701e-15 1e-20
5250.0 3.9452902e-15 1e-20
5251.5 3.9642302e-15 1e-20
5253.0 3.98176e-15 1e-20
5254.5 3.9562901e-15 1e-20
5256.0 3.9265e-15 1e-20
5257.5 3.9482399e-15 1e-20
5259.0 3.9231102e-15 1e-20
5260.5 3.9207601e-15 1e-20
5262.0 3.9513901e-15 1e-20
5263.5 3.9501602e-15 1e-20
5265.0 3.96741e-15 1e-20
5266.5 3.95842e-15 1e-20
5268.0 3.9286701e-15 1e-20
5269.5 3.9187501e-15 1e-20
5271.0 3.9157901e-15 1e-20
5272.5 3.9426703e-15 1e-20
5274.0 3.93003e-15 1e-20
5275.5 3.86624e-15 1e-20
5277.0 3.8367899e-15 1e-20
5278.5 3.7978001e-15 1e-20
5280.0 3.7873799e-15 1e-20
5281.5 3.78087e-15 1e-20
5283.0 3.7575601e-15 1e-20
5284.5 3.7989301e-15 1e-20
5286.0 3.8544399e-15 1e-20
5287.5 3.836e-15 1e-20
5289.0 3.7913e-15 1e-20
5290.5 3.7836699e-15 1e-20
5292.0 3.75513e-15 1e-20
5293.5 3.6972001e-15 1e-20
5295.0 3.6715901e-15 1e-20
5296.5 3.6967e-15 1e-20
5298.0 3.7123099e-15 1e-20
5299.5 3.65123e-15 1e-20
5301.0 3.6249101e-15 1e-20
5302.5 3.64278e-15 1e-20
5304.0 3.6546499e-15 1e-20
5305.5 3.6406899e-15 1e-20
5307.0 3.5976903e-15 1e-20
5308.5 3.6082701e-15 1e-20
5310.0 3.6238403e-15 1e-20
5311.5 3.6492e-15 1e-20
5313.0 3.6427402e-15 1e-20
5314.5 3.6403901e-15 1e-20
5316.0 3.6315699e-15 1e-20
5317.5 3.6041997e-15 1e-20
5319.0 3.5764899e-15 1e-20
5320.5 3.5860402e-15 1e-20
5322.0 3.60991e-15 1e-20
5323.5 3.5899501e-15 1e-20
5325.0 3.5580398e-15 1e-20
5326.5 3.5722302e-15 1e-20
5328.0 3.5784999e-15 1e-20
5329.5 3.5897599e-15 1e-20
5331.0 3.6019801e-15 1e-20
5332.5 3.60208e-15 1e-20
5334.0 3.5631398e-15 1e-20
5335.5 3.50613e-15 1e-20
5337.0 3.47453e-15 1e-20
5338.5 3.4668601e-15 1e-20
5340.0 3.4505501e-15 1e-20
5341.5 3.44275e-15 1e-20
5343.0 3.44877e-15 1e-20
5344.5 3.4440802e-15 1e-20
5346.0 3.43555e-15 1e-20
5347.5 3.45213e-15 1e-20
5349.0 3.4815599e-15 1e-20
5350.5 3.4616202e-15 1e-20
5352.0 3.44573e-15 1e-20
5353.5 3.4639999e-15 1e-20
5355.0 3.4589401e-15 1e-20
5356.5 3.4365899e-15 1e-20
5358.0 3.4508601e-15 1e-20
5359.5 3.51504e-15 1e-20
5361.0 3.53631e-15 1e-20
5362.5 3.5398701e-15 1e-20
5364.0 3.5294198e-15 1e-20
5365.5 3.4974302e-15 1e-20
5367.0 3.51509e-15 1e-20
5368.5 3.4969001e-15 1e-20
5370.0 3.49277e-15 1e-20
5371.5 3.4970501e-15 1e-20
5373.0 3.4603301e-15 1e-20
5374.5 3.4706e-15 1e-20
5376.0 3.49488e-15 1e-20
5377.5 3.4637799e-15 1e-20
5379.0 3.4450801e-15 1e-20
5380.5 3.49813e-15 1e-20
5382.0 3.4893501e-15 1e-20
5383.5 3.49237e-15 1e-20
5385.0 3.50145e-15 1e-20
5386.5 3.4488899e-15 1e-20
5388.0 3.45593e-15 1e-20
5389.5 3.5151802e-15 1e-20
5391.0 3.45553e-15 1e-20
5392.5 3.46613e-15 1e-20
5394.0 3.4654701e-15 1e-20
5395.5 3.4677601e-15 1e-20
5397.0 3.45996e-15 1e-20
5398.5 3.443e-15 1e-20
5400.0 3.4200499e-15 1e-20
5401.5 3.3863498e-15 1e-20
5403.0 3.37872e-15 1e-20
5404.5 3.41355e-15 1e-20
5406.0 3.4535401e-15 1e-20
5407.5 3.51543e-15 1e-20
5409.0 3.53436e-15 1e-20
5410.5 3.47525e-15 1e-20
5412.0 3.41815e-15 1e-20
5413.5 3.4065101e-15 1e-20
5415.0 3.40907e-15 1e-20
5416.5 3.4324001e-15 1e-20
5418.0 3.4358202e-15 1e-20
5419.5 3.42039e-15 1e-20
5421.0 3.3984599e-15 1e-20
5422.5 3.3938702e-15 1e-20
5424.0 3.4323899e-15 1e-20
5425.5 3.4448199e-15 1e-20
5427.0 3.39853e-15 1e-20
5428.5 3.39092e-15 1e-20
5430.0 3.4149599e-15 1e-20
5431.5 3.4274199e-15 1e-20
5433.0 3.46196e-15 1e-20
5434.5 3.4324401e-15 1e-20
5436.0 3.41054e-15 1e-20
5437.5 3.4169599e-15 1e-20
5439.0 3.40787e-15 1e-20
5440.5 3.3971601e-15 1e-20
5442.0 3.36933e-15 1e-20
5443.5 3.34267e-15 1e-20
5445.0 3.3997499e-15 1e-20
5446.5 3.38215e-15 1e-20
5448.0 3.3881701e-15 1e-20
5449.5 3.36549e-15 1e-20
5451.0 3.32904e-15 1e-20
5452.5 3.3785099e-15 1e-20
5454.0 3.3695801e-15 1e-20
5455.5 3.40326e-15 1e-20
5457.0 3.3852301e-15 1e-20
5458.5 3.3758699e-15 1e-20
5460.0 3.35993e-15 1e-20
5461.5 3.36548e-15 1e-20
5463.0 3.40108e-15 1e-20
5464.5 3.36445e-15 1e-20
5466.0 3.35579e-15 1e-20
5467.5 3.3469101e-15 1e-20
5469.0 3.3892101e-15 1e-20
5470.5 3.3642601e-15 1e-20
5472.0 3.35274e-15 1e-20
5473.5 3.3631001e-15 1e-20
5475.0 3.35069e-15 1e-20
5476.5 3.3619398e-15 1e-20
5478.0 3.32501e-15 1e-20
5479.5 3.2888801e-15 1e-20
5481.0 3.27253e-15 1e-20
5482.5 3.2674899e-15 1e-20
5484.0 3.2832602e-15 1e-20
5485.5 3.2939502e-15 1e-20
5487.0 3.2636899e-15 1e-20
5488.5 3.22894e-15 1e-20
5490.0 3.2834201e-15 1e-20
5491.5 3.3111998e-15 1e-20
5493.0 3.30092e-15 1e-20
5494.5 3.29391e-15 1e-20
5496.0 3.3076899e-15 1e-20
5497.5 3.3347499e-15 1e-20
5499.0 3.3523e-15 1e-20
5500.5 3.3038601e-15 1e-20
5502.0 3.29689e-15 1e-20
5503.5 3.3069602e-15 1e-20
5505.0 3.2843599e-15 1e-20
5506.5 3.2827401e-15 1e-20
5508.0 3.29981e-15 1e-20
5509.5 3.2937802e-15 1e-20
5511.0 3.2881899e-15 1e-20
5512.5 3.31621e-15 1e-20
5514.0 3.3444901e-15 1e-20
5515.5 3.3577199e-15 1e-20
5517.0 3.35238e-15 1e-20
5518.5 3.3278201e-15 1e-20
5520.0 3.32865e-15 1e-20
5521.5 3.3776099e-15 1e-20
5523.0 3.3371698e-15 1e-20
5524.5 3.29492e-15 1e-20
5526.0 3.2848999e-15 1e-20
5527.5 3.2930701e-15 1e-20
5529.0 3.2921001e-15 1e-20
5530.5 3.2725899e-15 1e-20
5532.0 3.2421402e-15 1e-20
5533.5 3.2767999e-15 1e-20
5535.0 3.2510901e-15 1e-20
5536.5 3.2562699e-15 1e-20
5538.0 3.2815001e-15 1e-20
5539.5 3.24758e-15 1e-20
5541.0 3.2217902e-15 1e-20
5542.5 3.2583901e-15 1e-20
5544.0 3.27034e-15 1e-20
5545.5 3.2622801e-15 1e-20
5547.0 3.27176e-15 1e-20
5548.5 3.2733902e-15 1e-20
5550.0 3.2193501e-15 1e-20
5551.5 3.2162999e-15 1e-20
5553.0 3.1862199e-15 1e-20
5554.5 3.19313e-15 1e-20
5556.0 3.2156401e-15 1e-20
5557.5 3.2297999e-15 1e-20
5559.0 3.2238099e-15 1e-20
5560.5 3.23349e-15 1e-20
5562.0 3.2557799e-15 1e-20
5563.5 3.2585701e-15 1e-20
5565.0 3.2557499e-15 1e-20
5566.5 3.2390201e-15 1e-20
5568.0 3.2103902e-15 1e-20
5569.5 3.1896701e-15 1e-20
5571.0 3.1770999e-15 1e-20
5572.5 3.1339499e-15 1e-20
5574.0 3.11766e-15 1e-20
5575.5 3.1454302e-15 1e-20
5577.0 3.11863e-15 1e-20
5578.5 3.1228199e-15 1e-20
5580.0 3.08771e-15 1e-20
5581.5 3.0553101e-15 1e-20
5583.0 3.0409201e-15 1e-20
5584.5 3.0674701e-15 1e-20
5586.0 3.03687e-15 1e-20
5587.5 3.01661e-15 1e-20
5589.0 3.0222699e-15 1e-20
5590.5 3.0220799e-15 1e-20
5592.0 3.03785e-15 1e-20
5593.5 3.0299101e-15 1e-20
5595.0 3.04459e-15 1e-20
5596.5 3.05681e-15 1e-20
5598.0 3.02541e-15 1e-20
5599.5 3.0923e-15 1e-20
5601.0 3.13486e-15 1e-20
5602.5 3.0736001e-15 1e-20
5604.0 3.05899e-15 1e-20
5605.5 3.07125e-15 1e-20
5607.0 3.0725e-15 1e-20
5608.5 3.0626799e-15 1e-20
5610.0 3.0513699e-15 1e-20
5611.5 3.06499e-15 1e-20
5613.0 3.1108899e-15 1e-20
5614.5 3.14636e-15 1e-20
5616.0 3.13541e-15 1e-20
5617.5 3.0996599e-15 1e-20
5619.0 3.0983201e-15 1e-20
5620.5 3.1458099e-15 1e-20
5622.0 3.1500601e-15 1e-20
5623.5 3.1293901e-15 1e-20
5625.0 3.15302e-15 1e-20
5626.5 3.1735402e-15 1e-20
5628.0 3.1593899e-15 1e-20
5629.5 3.1615299e-15 1e-20
5631.0 3.1639099e-15 1e-20
5632.5 3.15033e-15 1e-20
5634.0 3.1336801e-15 1e-20
5635.5 3.11635e-15 1e-20
5637.0 3.13688e-15 1e-20
5638.5 3.17448e-15 1e-20
5640.0 3.2080299e-15 1e-20
5641.5 3.2017801e-15 1e-20
5643.0 3.14815e-15 1e-20
5644.5 3.1303799e-15 1e-20
5646.0 3.1489799e-15 1e-20
5647.5 3.1254201e-15 1e-20
5649.0 3.1134801e-15 1e-20
5650.5 3.15857e-15 1e-20
5652.0 3.18428e-15 1e-20
5653.5 3.1748e-15 1e-20
5655.0 3.1872001e-15 1e-20
5656.5 3.2084401e-15 1e-20
5658.0 3.23645e-15 1e-20
5659.5 3.2107102e-15 1e-20
5661.0 3.17909e-15 1e-20
5662.5 3.1646801e-15 1e-20
5664.0 3.1264702e-15 1e-20
5665.5 3.18458e-15 1e-20
5667.0 3.1590801e-15 1e-20
5668.5 3.08176e-15 1e-20
5670.0 3.1483901e-15 1e-20
5671.5 3.16362e-15 1e-20
5673.0 3.1446801e-15 1e-20
5674.5 3.1404901e-15 1e-20
5676.0 3.09217e-15 1e-20
5677.5 3.1211199e-15 1e-20
5679.0 3.11519e-15 1e-20
5680.5 3.0604802e-15 1e-20
5682.0 3.13679e-15 1e-20
5683.5 3.1513399e-15 1e-20
5685.0 3.13004e-15 1e-20
5686.5 3.12981e-15 1e-20
5688.0 3.1875e-15 1e-20
5689.5 3.1914899e-15 1e-20
5691.0 3.1182999e-15 1e-20
5692.5 3.1232e-15 1e-20
5694.0 3.1560299e-15 1e-20
5695.5 3.0922501e-15 1e-20
5697.0 3.0700701e-15 1e-20
5698.5 3.12829e-15 1e-20
5700.0 3.1203e-15 1e-20
5701.5 3.0921099e-15 1e-20
5703.0 3.09017e-15 1e-20
5704.5 3.1166001e-15 1e-20
5706.0 3.1028901e-15 1e-20
5707.5 3.1103499e-15 1e-20
5709.0 3.15235e-15 1e-20
5710.5 3.1355099e-15 1e-20
5712.0 3.0886e-15 1e-20
5713.5 3.06701e-15 1e-20
5715.0 3.0625101e-15 1e-20
5716.5 3.0696499e-15 1e-20
5718.0 3.1034701e-15 1e-20
5719.5 3.0952401e-15 1e-20
5721.0 3.1209901e-15 1e-20
5722.5 3.11595e-15 1e-20
5724.0 3.06933e-15 1e-20
5725.5 3.0473101e-15 1e-20
5727.0 3.08194e-15 1e-20
5728.5 3.0939001e-15 1e-20
5730.0 3.10031e-15 1e-20
5731.5 3.10984e-15 1e-20
5733.0 3.1095801e-15 1e-20
5734.5 3.0654199e-15 1e-20
5736.0 3.0370601e-15 1e-20
5737.5 3.0469101e-15 1e-20
5739.0 3.0296501e-15 1e-20
5740.5 3.01129e-15 1e-20
5742.0 3.0457899e-15 1e-20
5743.5 3.0618301e-15 1e-20
5745.0 3.0620201e-15 1e-20
5746.5 3.0340299e-15 1e-20
5748.0 3.0285102e-15 1e-20
5749.5 3.0712701e-15 1e-20
5751.0 3.0075201e-15 1e-20
5752.5 3.0541899e-15 1e-20
5754.0 3.08373e-15 1e-20
5755.5 3.04997e-15 1e-20
5757.0 3.0329101e-15 1e-20
5758.5 3.02855e-15 1e-20
5760.0 3.0603002e-15 1e-20
5761.5 3.07808e-15 1e-20
5763.0 3.0995199e-15 1e-20
5764.5 3.0308198e-15 1e-20
5766.0 3.0097302e-15 1e-20
5767.5 3.0205701e-15 1e-20
5769.0 3.0412e-15 1e-20
5770.5 3.0193601e-15 1e-20
5772.0 3.0218699e-15 1e-20
5773.5 3.0434101e-15 1e-20
5775.0 3.00316e-15 1e-20
5776.5 2.96179e-15 1e-20
5778.0 2.97996e-15 1e-20
5779.5 2.9776899e-15 1e-20
5781.0 2.9439799e-15 1e-20
5782.5 2.94481e-15 1e-20
5784.0 2.9691802e-15 1e-20
5785.5 2.9980699e-15 1e-20
5787.0 2.9853301e-15 1e-20
5788.5 2.9664801e-15 1e-20
5790.0 2.9934e-15 1e-20
5791.5 2.99967e-15 1e-20
5793.0 3.0044301e-15 1e-20
5794.5 3.0162399e-15 1e-20
5796.0 3.0330501e-15 1e-20
5797.5 3.034e-15 1e-20
5799.0 3.04772e-15 1e-20
5800.5 3.03083e-15 1e-20
5802.0 3.03619e-15 1e-20
5803.5 3.0768499e-15 1e-20
5805.0 3.0738201e-15 1e-20
5806.5 3.0397501e-15 1e-20
5808.0 3.0567001e-15 1e-20
5809.5 3.0806701e-15 1e-20
5811.0 3.03759e-15 1e-20
5812.5 2.9960798e-15 1e-20
5814.0 3.0154701e-15 1e-20
5815.5 3.0431001e-15 1e-20
5817.0 3.0399699e-15 1e-20
5818.5 3.0657301e-15 1e-20
5820.0 3.07974e-15 1e-20
5821.5 3.05474e-15 1e-20
5823.0 3.0294599e-15 1e-20
5824.5 3.03811e-15 1e-20
5826.0 3.06146e-15 1e-20
5827.5 3.0619199e-15 1e-20
5829.0 3.0437602e-15 1e-20
5830.5 3.06932e-15 1e-20
5832.0 3.09887e-15 1e-20
5833.5 3.0753901e-15 1e-20
5835.0 3.05171e-15 1e-20
5836.5 3.0411301e-15 1e-20
5838.0 3.0239301e-15 1e-20
5839.5 3.0227101e-15 1e-20
5841.0 3.0344301e-15 1e-20
5842.5 3.04674e-15 1e-20
5844.0 3.0617799e-15 1e-20
5845.5 3.07935e-15 1e-20
5847.0 3.04943e-15 1e-20
5848.5 3.0439501e-15 1e-20
5850.0 3.07719e-15 1e-20
5851.5 3.0766301e-15 1e-20
5853.0 3.04093e-15 1e-20
5854.5 3.0392101e-15 1e-20
5856.0 3.04894e-15 1e-20
5857.5 3.0488201e-15 1e-20
5859.0 3.0358902e-15 1e-20
5860.5 3.0176201e-15 1e-20
5862.0 3.01228e-15 1e-20
5863.5 3.00928e-15 1e-20
5865.0 2.9796201e-15 1e-20
5866.5 2.98138e-15 1e-20
5868.0 3.0346101e-15 1e-20
5869.5 3.0533799e-15 1e-20
5871.0 3.0466901e-15 1e-20
5872.5 3.0214201e-15 1e-20
5874.0 3.00963e-15 1e-20
5875.5 3.02873e-15 1e-20
5877.0 3.04799e-15 1e-20
5878.5 3.06262e-15 1e-20
5880.0 3.0395301e-15 1e-20
5881.5 3.01241e-15 1e-20
5883.0 3.0248201e-15 1e-20
5884.5 3.05014e-15 1e-20
5886.0 3.0088601e-15 1e-20
5887.5 2.9349302e-15 1e-20
5889.0 2.8699001e-15 1e-20
5890.5 2.8188401e-15 1e-20
5892.0 2.80125e-15 1e-20
5893.5 2.83742e-15 1e-20
5895.0 2.8833499e-15 1e-20
5896.5 2.83777e-15 1e-20
5898.0 2.8447102e-15 1e-20
5899.5 2.9286598e-15 1e-20
5901.0 3.00951e-15 1e-20
5902.5 3.0172099e-15 1e-20
5904.0 3.0481201e-15 1e-20
5905.5 3.0856e-15 1e-20
5907.0 3.0883601e-15 1e-20
5908.5 3.0725e-15 1e-20
5910.0 3.0738002e-15 1e-20
5911.5 3.0855301e-15 1e-20
5913.0 3.0518502e-15 1e-20
5914.5 3.01367e-15 1e-20
5916.0 3.06574e-15 1e-20
5917.5 3.1003e-15 1e-20
5919.0 3.0962999e-15 1e-20
5920.5 3.0717599e-15 1e-20
5922.0 3.0348401e-15 1e-20
5923.5 3.0445399e-15 1e-20
5925.0 3.0859901e-15 1e-20
5926.5 3.12115e-15 1e-20
5928.0 3.1160701e-15 1e-20
5929.5 3.0885799e-15 1e-20
5931.0 3.0766901e-15 1e-20
5932.5 3.0940199e-15 1e-20
5934.0 3.0811901e-15 1e-20
5935.5 3.06234e-15 1e-20
5937.0 3.0792699e-15 1e-20
5938.5 3.0648898e-15 1e-20
5940.0 3.0360702e-15 1e-20
5941.5 3.0297202e-15 1e-20
5943.0 3.05744e-15 1e-20
5944.5 3.0582701e-15 1e-20
5946.0 3.06775e-15 1e-20
5947.5 3.0310401e-15 1e-20
5949.0 3.0173601e-15 1e-20
5950.5 3.0624999e-15 1e-20
5952.0 3.0391e-15 1e-20
5953.5 3.07532e-15 1e-20
5955.0 3.13707e-15 1e-20
5956.5 3.12615e-15 1e-20
5958.0 3.0666599e-15 1e-20
5959.5 3.07808e-15 1e-20
5961.0 3.07201e-15 1e-20
5962.5 3.0774501e-15 1e-20
5964.0 3.05252e-15 1e-20
5965.5 3.0481999e-15 1e-20
5967.0 2.9612001e-15 1e-20
5968.5 2.87082e-15 1e-20
5970.0 2.80111e-15 1e-20
5971.5 2.7456601e-15 1e-20
5973.0 2.7126901e-15 1e-20
5974.5 2.7680099e-15 1e-20
5976.0 2.78529e-15 1e-20
5977.5 2.7760899e-15 1e-20
5979.0 2.76995e-15 1e-20
5980.5 2.8410101e-15 1e-20
5982.0 2.9166601e-15 1e-20
5983.5 2.9528898e-15 1e-20
5985.0 2.97588e-15 1e-20
5986.5 3.02681e-15 1e-20
5988.0 3.0429801e-15 1e-20
5989.5 2.9863701e-15 1e-20
5991.0 3.01585e-15 1e-20
5992.5 3.0149801e-15 1e-20
5994.0 3.0035801e-15 1e-20
5995.5 2.99694e-15 1e-20
5997.0 2.98974e-15 1e-20
5998.5 2.9805501e-15 1e-20
6000.0 2.9598601e-15 1e-20
6001.5 2.94843e-15 1e-20
6003.0 2.9518099e-15 1e-20
6004.5 2.9783002e-15 1e-20
6006.0 2.9710701e-15 1e-20
6007.5 2.9651201e-15 1e-20
6009.0 2.9750499e-15 1e-20
6010.5 2.95125e-15 1e-20
6012.0 2.9417401e-15 1e-20
6013.5 2.93658e-15 1e-20
6015.0 2.8762101e-15 1e-20
6016.5 2.85133e-15 1e-20
6018.0 2.8886199e-15 1e-20
6019.5 2.9303998e-15 1e-20
6021.0 2.91566e-15 1e-20
6022.5 2.8746699e-15 1e-20
6024.0 2.8697e-15 1e-20
6025.5 2.91056e-15 1e-20
6027.0 2.9048499e-15 1e-20
6028.5 2.93068e-15 1e-20
6030.0 2.8680699e-15 1e-20
6031.5 2.8270099e-15 1e-20
6033.0 2.8770499e-15 1e-20
6034.5 2.85695e-15 1e-20
6036.0 2.85369e-15 1e-20
6037.5 2.79785e-15 1e-20
6039.0 2.7937201e-15 1e-20
6040.5 2.8227e-15 1e-20
6042.0 2.8224999e-15 1e-20
6043.5 2.8008102e-15 1e-20
6045.0 2.8152002e-15 1e-20
6046.5 2.7981702e-15 1e-20
6048.0 2.7813102e-15 1e-20
6049.5 2.7656701e-15 1e-20
6051.0 2.77254e-15 1e-20
6052.5 2.7794198e-15 1e-20
6054.0 2.7862899e-15 1e-20
6055.5 2.7862899e-15 1e-20
6057.0 2.8152999e-15 1e-20
6058.5 2.8175901e-15 1e-20
6060.0 2.7885798e-15 1e-20
6061.5 2.76892e-15 1e-20
6063.0 2.74433e-15 1e-20
6064.5 2.75725e-15 1e-20
6066.0 2.7423302e-15 1e-20
6067.5 2.7435802e-15 1e-20
6069.0 2.7288899e-15 1e-20
6070.5 2.7153399e-15 1e-20
6072.0 2.7408099e-15 1e-20
6073.5 2.7539599e-15 1e-20
6075.0 2.7629601e-15 1e-20
6076.5 2.75827e-15 1e-20
6078.0 2.75264e-15 1e-20
6079.5 2.75319e-15 1e-20
6081.0 2.75474e-15 1e-20
6082.5 2.74702e-15 1e-20
6084.0 2.7410901e-15 1e-20
6085.5 2.72837e-15 1e-20
6087.0 2.7089702e-15 1e-20
6088.5 2.6971299e-15 1e-20
6090.0 2.69899e-15 1e-20
6091.5 2.68647e-15 1e-20
6093.0 2.6887701e-15 1e-20
6094.5 2.6956101e-15 1e-20
6096.0 2.6789299e-15 1e-20
6097.5 2.6640402e-15 1e-20
6099.0 2.6815299e-15 1e-20
6100.5 2.68888e-15 1e-20
6102.0 2.6780501e-15 1e-20
6103.5 2.69496e-15 1e-20
6105.0 2.7032101e-15 1e-20
6106.5 2.7222599e-15 1e-20
6108.0 2.7102498e-15 1e-20
6109.5 2.6821999e-15 1e-20
6111.0 2.6691402e-15 1e-20
6112.5 2.7035202e-15 1e-20
6114.0 2.7205999e-15 1e-20
6115.5 2.6923499e-15 1e-20
6117.0 2.6635002e-15 1e-20
6118.5 2.6523501e-15 1e-20
6120.0 2.6763001e-15 1e-20
6121.5 2.68044e-15 1e-20
6123.0 2.6823498e-15 1e-20
6124.5 2.67343e-15 1e-20
6126.0 2.67101e-15 1e-20
6127.5 2.69572e-15 1e-20
6129.0 2.6665101e-15 1e-20
6130.5 2.6377599e-15 1e-20
6132.0 2.6444299e-15 1e-20
6133.5 2.6452e-15 1e-20
6135.0 2.6633401e-15 1e-20
6136.5 2.68044e-15 1e-20
6138.0 2.66323e-15 1e-20
6139.5 2.6510702e-15 1e-20
6141.0 2.6563301e-15 1e-20
6142.5 2.6577101e-15 1e-20
6144.0 2.6672398e-15 1e-20
6145.5 2.6708399e-15 1e-20
6147.0 2.6666802e-15 1e-20
6148.5 2.64306e-15 1e-20
6150.0 2.6351699e-15 1e-20
6151.5 2.6315501e-15 1e-20
6153.0 2.6089201e-15 1e-20
6154.5 2.5947899e-15 1e-20
6156.0 2.6122898e-15 1e-20
6157.5 2.61207e-15 1e-20
6159.0 2.5977601e-15 1e-20
6160.5 2.57988e-15 1e-20
6162.0 2.56795e-15 1e-20
6163.5 2.58082e-15 1e-20
6165.0 2.5477301e-15 1e-20
6166.5 2.52888e-15 1e-20
6168.0 2.5431499e-15 1e-20
6169.5 2.5390001e-15 1e-20
6171.0 2.5128501e-15 1e-20
6172.5 2.50611e-15 1e-20
6174.0 2.53584e-15 1e-20
6175.5 2.51295e-15 1e-20
6177.0 2.49051e-15 1e-20
6178.5 2.51081e-15 1e-20
6180.0 2.4999e-15 1e-20
6181.5 2.5169499e-15 1e-20
6183.0 2.4854001e-15 1e-20
6184.5 2.4908399e-15 1e-20
6186.0 2.5029298e-15 1e-20
6187.5 2.4798601e-15 1e-20
6189.0 2.4721501e-15 1e-20
6190.5 2.49687e-15 1e-20
6192.0 2.4714401e-15 1e-20
6193.5 2.48082e-15 1e-20
6195.0 2.5280099e-15 1e-20
6196.5 2.49829e-15 1e-20
6198.0 2.5461601e-15 1e-20
6199.5 2.52012e-15 1e-20
6201.0 2.51882e-15 1e-20
6202.5 2.49772e-15 1e-20
6204.0 2.4789501e-15 1e-20
6205.5 2.47102e-15 1e-20
6207.0 2.4883799e-15 1e-20
6208.5 2.5003599e-15 1e-20
6210.0 2.52329e-15 1e-20
6211.5 2.5412699e-15 1e-20
6213.0 2.5281301e-15 1e-20
6214.5 2.50831e-15 1e-20
6216.0 2.5485e-15 1e-20
6217.5 2.5604201e-15 1e-20
6219.0 2.56888e-15 1e-20
6220.5 2.5809901e-15 1e-20
6222.0 2.55351e-15 1e-20
6223.5 2.53432e-15 1e-20
6225.0 2.5557402e-15 1e-20
6226.5 2.5532502e-15 1e-20
6228.0 2.5368099e-15 1e-20
6229.5 2.56517e-15 1e-20
6231.0 2.59223e-15 1e-20
6232.5 2.5961901e-15 1e-20
6234.0 2.5685599e-15 1e-20
6235.5 2.5560401e-15 1e-20
6237.0 2.57841e-15 1e-20
6238.5 2.5611401e-15 1e-20
6240.0 2.53124e-15 1e-20
6241.5 2.5590898e-15 1e-20
6243.0 2.5383799e-15 1e-20
6244.5 2.5444901e-15 1e-20
6246.0 2.5435902e-15 1e-20
6247.5 2.5464699e-15 1e-20
6249.0 2.52575e-15 1e-20
6250.5 2.5121602e-15 1e-20
6252.0 2.51354e-15 1e-20
6253.5 2.5075801e-15 1e-20
6255.0 2.52359e-15 1e-20
6256.5 2.5209301e-15 1e-20
6258.0 2.5264299e-15 1e-20
6259.5 2.4939202e-15 1e-20
6261.0 2.5138401e-15 1e-20
6262.5 2.51809e-15 1e-20
6264.0 2.52507e-15 1e-20
6265.5 2.5922101e-15 1e-20
6267.0 2.5920898e-15 1e-20
6268.5 2.57126e-15 1e-20
6270.0 2.57013e-15 1e-20
6271.5 2.5520201e-15 1e-20
6273.0 2.5859598e-15 1e-20
6274.5 2.5741401e-15 1e-20
6276.0 2.54823e-15 1e-20
6277.5 2.51532e-15 1e-20
6279.0 2.54112e-15 1e-20
6280.5 2.5680999e-15 1e-20
6282.0 2.5411899e-15 1e-20
6283.5 2.4985399e-15 1e-20
6285.0 2.5100602e-15 1e-20
6286.5 2.5655101e-15 1e-20
6288.0 2.5952001e-15 1e-20
6289.5 2.6313301e-15 1e-20
6291.0 2.64302e-15 1e-20
6292.5 2.58954e-15 1e-20
6294.0 2.57483e-15 1e-20
6295.5 2.59245e-15 1e-20
6297.0 2.6153199e-15 1e-20
6298.5 2.62294e-15 1e-20
6300.0 2.6219399e-15 1e-20
6301.5 2.65098e-15 1e-20
6303.0 2.6660099e-15 1e-20
6304.5 2.61222e-15 1e-20
6306.0 2.5733901e-15 1e-20
6307.5 2.59322e-15 1e-20
6309.0 2.5954398e-15 1e-20
6310.5 2.5803101e-15 1e-20
6312.0 2.6397801e-15 1e-20
6313.5 2.6791502e-15 1e-20
6315.0 2.6328001e-15 1e-20
6316.5 2.5938499e-15 1e-20
6318.0 2.5966301e-15 1e-20
6319.5 2.6374399e-15 1e-20
6321.0 2.64252e-15 1e-20
6322.5 2.63041e-15 1e-20
6324.0 2.61257e-15 1e-20
6325.5 2.6245202e-15 1e-20
6327.0 2.6360301e-15 1e-20
6328.5 2.6400499e-15 1e-20
6330.0 2.6395499e-15 1e-20
6331.5 2.65416e-15 1e-20
6333.0 2.63113e-15 1e-20
6334.5 2.61722e-15 1e-20
6336.0 2.65893e-15 1e-20
6337.5 2.66429e-15 1e-20
6339.0 2.6260901e-15 1e-20
6340.5 2.6559201e-15 1e-20
6342.0 2.7151999e-15 1e-20
6343.5 2.6664301e-15 1e-20
6345.0 2.6296301e-15 1e-20
6346.5 2.64695e-15 1e-20
6348.0 2.6226298e-15 1e-20
6349.5 2.6216701e-15 1e-20
6351.0 2.6795599e-15 1e-20
6352.5 2.6909699e-15 1e-20
6354.0 2.6875801e-15 1e-20
6355.5 2.6323099e-15 1e-20
6357.0 2.63864e-15 1e-20
6358.5 2.65316e-15 1e-20
6360.0 2.6722901e-15 1e-20
6361.5 2.6805698e-15 1e-20
6363.0 2.6891301e-15 1e-20
6364.5 2.6957099e-15 1e-20
6366.0 2.6830599e-15 1e-20
6367.5 2.6583199e-15 1e-20
6369.0 2.6297601e-15 1e-20
6370.5 2.60712e-15 1e-20
6372.0 2.5698901e-15 1e-20
6373.5 2.60234e-15 1e-20
6375.0 2.63936e-15 1e-20
6376.5 2.6289698e-15 1e-20
6378.0 2.6524301e-15 1e-20
6379.5 2.66882e-15 1e-20
6381.0 2.6680401e-15 1e-20
6382.5 2.6891699e-15 1e-20
6384.0 2.7116699e-15 1e-20
6385.5 2.75823e-15 1e-20
6387.0 2.7462699e-15 1e-20
6388.5 2.6955699e-15 1e-20
6390.0 2.7109899e-15 1e-20
6391.5 2.70526e-15 1e-20
6393.0 2.68711e-15 1e-20
6394.5 2.6545602e-15 1e-20
6396.0 2.6586499e-15 1e-20
6397.5 2.68076e-15 1e-20
6399.0 2.6964e-15 1e-20
6400.5 2.6874102e-15 1e-20
6402.0 2.6822501e-15 1e-20
6403.5 2.6704099e-15 1e-20
6405.0 2.6676401e-15 1e-20
6406.5 2.6937001e-15 1e-20
6408.0 2.6736701e-15 1e-20
6409.5 2.6555601e-15 1e-20
6411.0 2.6814499e-15 1e-20
6412.5 2.6660701e-15 1e-20
6414.0 2.67257e-15 1e-20
6415.5 2.71295e-15 1e-20
6417.0 2.6551499e-15 1e-20
6418.5 2.69206e-15 1e-20
6420.0 2.70896e-15 1e-20
6421.5 2.7117e-15 1e-20
6423.0 2.66851e-15 1e-20
6424.5 2.6846002e-15 1e-20
6426.0 2.6549399e-15 1e-20
6427.5 2.66769e-15 1e-20
6429.0 2.67176e-15 1e-20
6430.5 2.6601099e-15 1e-20
6432.0 2.6855e-15 1e-20
6433.5 2.6676401e-15 1e-20
6435.0 2.6640698e-15 1e-20
6436.5 2.6701401e-15 1e-20
6438.0 2.6767001e-15 1e-20
6439.5 2.6898001e-15 1e-20
6441.0 2.6622902e-15 1e-20
6442.5 2.6453099e-15 1e-20
6444.0 2.65218e-15 1e-20
6445.5 2.6560601e-15 1e-20
6447.0 2.6624801e-15 1e-20
6448.5 2.63715e-15 1e-20
6450.0 2.6222899e-15 1e-20
6451.5 2.6340201e-15 1e-20
6453.0 2.60971e-15 1e-20
6454.5 2.6031999e-15 1e-20
6456.0 2.6344601e-15 1e-20
6457.5 2.6175899e-15 1e-20
6459.0 2.63653e-15 1e-20
6460.5 2.6531702e-15 1e-20
6462.0 2.6311099e-15 1e-20
6463.5 2.63725e-15 1e-20
6465.0 2.64243e-15 1e-20
6466.5 2.63538e-15 1e-20
6468.0 2.62862e-15 1e-20
6469.5 2.6085701e-15 1e-20
6471.0 2.5981901e-15 1e-20
6472.5 2.6077002e-15 1e-20
6474.0 2.60505e-15 1e-20
6475.5 2.5920602e-15 1e-20
6477.0 2.6096302e-15 1e-20
6478.5 2.6047102e-15 1e-20
6480.0 2.6094999e-15 1e-20
6481.5 2.59643e-15 1e-20
6483.0 2.6059301e-15 1e-20
6484.5 2.5672601e-15 1e-20
6486.0 2.5828e-15 1e-20
6487.5 2.5806e-15 1e-20
6489.0 2.5588601e-15 1e-20
6490.5 2.5632602e-15 1e-20
6492.0 2.5801202e-15 1e-20
6493.5 2.57197e-15 1e-20
6495.0 2.4805601e-15 1e-20
6496.5 2.4783e-15 1e-20
6498.0 2.52776e-15 1e-20
6499.5 2.57318e-15 1e-20
6501.0 2.58056e-15 1e-20
6502.5 2.5977001e-15 1e-20
6504.0 2.5950099e-15 1e-20
6505.5 2.5495601e-15 1e-20
6507.0 2.55847e-15 1e-20
6508.5 2.56845e-15 1e-20
6510.0 2.5433801e-15 1e-20
6511.5 2.5319901e-15 1e-20
6513.0 2.5166799e-15 1e-20
6514.5 2.5030201e-15 1e-20
6516.0 2.5019901e-15 1e-20
6517.5 2.49222e-15 1e-20
6519.0 2.47634e-15 1e-20
6520.5 2.4840802e-15 1e-20
6522.0 2.50052e-15 1e-20
6523.5 2.47639e-15 1e-20
6525.0 2.486e-15 1e-20
6526.5 2.5165201e-15 1e-20
6528.0 2.5228902e-15 1e-20
6529.5 2.5340399e-15 1e-20
6531.0 2.5355101e-15 1e-20
6532.5 2.50929e-15 1e-20
6534.0 2.4894599e-15 1e-20
6535.5 2.4931199e-15 1e-20
6537.0 2.5205001e-15 1e-20
6538.5 2.5031901e-15 1e-20
6540.0 2.4606801e-15 1e-20
6541.5 2.4743601e-15 1e-20
6543.0 2.4643401e-15 1e-20
6544.5 2.4343901e-15 1e-20
6546.0 2.4297401e-15 1e-20
6547.5 2.4547999e-15 1e-20
6549.0 2.47419e-15 1e-20
6550.5 2.4438501e-15 1e-20
6552.0 2.42623e-15 1e-20
6553.5 2.4633402e-15 1e-20
6555.0 2.47848e-15 1e-20
6556.5 2.48354e-15 1e-20
6558.0 2.4664699e-15 1e-20
6559.5 2.4755002e-15 1e-20
6561.0 2.4784201e-15 1e-20
6562.5 2.4717201e-15 1e-20
6564.0 2.47424e-15 1e-20
6565.5 2.4533998e-15 1e-20
6567.0 2.4442402e-15 1e-20
6568.5 2.4420701e-15 1e-20
6570.0 2.4442101e-15 1e-20
6571.5 2.4630498e-15 1e-20
6573.0 2.4587802e-15 1e-20
6574.5 2.4542401e-15 1e-20
6576.0 2.4669199e-15 1e-20
6577.5 2.4666701e-15 1e-20
6579.0 2.4694e-15 1e-20
6580.5 2.4647702e-15 1e-20
6582.0 2.44468e-15 1e-20
6583.5 2.44129e-15 1e-20
6585.0 2.4112699e-15 1e-20
6586.5 2.41526e-15 1e-20
6588.0 2.4006e-15 1e-20
6589.5 2.41785e-15 1e-20
6591.0 2.43941e-15 1e-20
6592.5 2.45121e-15 1e-20
6594.0 2.4378199e-15 1e-20
6595.5 2.4330001e-15 1e-20
6597.0 2.4545901e-15 1e-20
6598.5 2.49391e-15 1e-20
6600.0 2.49669e-15 1e-20
6601.5 2.4850901e-15 1e-20
6603.0 2.49177e-15 1e-20
6604.5 2.4794501e-15 1e-20
6606.0 2.4573902e-15 1e-20
6607.5 2.4729199e-15 1e-20
6609.0 2.4668001e-15 1e-20
6610.5 2.4564e-15 1e-20
6612.0 2.44486e-15 1e-20
6613.5 2.45577e-15 1e-20
6615.0 2.4203702e-15 1e-20
6616.5 2.4335699e-15 1e-20
6618.0 2.45243e-15 1e-20
6619.5 2.48015e-15 1e-20
6621.0 2.4642799e-15 1e-20
6622.5 2.4291101e-15 1e-20
6624.0 2.3993699e-15 1e-20
6625.5 2.43091e-15 1e-20
6627.0 2.4431401e-15 1e-20
6628.5 2.4276699e-15 1e-20
6630.0 2.4452401e-15 1e-20
6631.5 2.4631701e-15 1e-20
6633.0 2.4954501e-15 1e-20
6634.5 2.47017e-15 1e-20
6636.0 2.5572401e-15 1e-20
6637.5 2.62348e-15 1e-20
6639.0 2.63814e-15 1e-20
6640.5 2.64471e-15 1e-20
6642.0 2.6547899e-15 1e-20
6643.5 2.5746401e-15 1e-20
6645.0 2.47776e-15 1e-20
6646.5 2.43991e-15 1e-20
6648.0 2.4672799e-15 1e-20
6649.5 2.6063699e-15 1e-20
6651.0 2.9371399e-15 1e-20
6652.5 3.7658399e-15 1e-20
6654.0 4.7550202e-15 1e-20
6655.5 4.7686701e-15 1e-20
6657.0 4.0060101e-15 1e-20
6658.5 3.14815e-15 1e-20
6660.0 2.6158199e-15 1e-20
6661.5 2.43176e-15 1e-20
6663.0 2.36756e-15 1e-20
6664.5 2.3766999e-15 1e-20
6666.0 2.3971801e-15 1e-20
6667.5 2.40709e-15 1e-20
6669.0 2.4196602e-15 1e-20
6670.5 2.4574399e-15 1e-20
6672.0 2.5990101e-15 1e-20
6673.5 2.8249599e-15 1e-20
6675.0 3.1789401e-15 1e-20
6676.5 3.3343899e-15 1e-20
6678.0 3.0218502e-15 1e-20
6679.5 2.69966e-15 1e-20
6681.0 2.5379602e-15 1e-20
6682.5 2.44776e-15 1e-20
6684.0 2.4012899e-15 1e-20
6685.5 2.3690701e-15 1e-20
6687.0 2.3827299e-15 1e-20
6688.5 2.37923e-15 1e-20
6690.0 2.3784399e-15 1e-20
6691.5 2.4190901e-15 1e-20
6693.0 2.4195001e-15 1e-20
6694.5 2.4244499e-15 1e-20
6696.0 2.4331701e-15 1e-20
6697.5 2.38307e-15 1e-20
6699.0 2.3759302e-15 1e-20
6700.5 2.4061201e-15 1e-20
6702.0 2.38549e-15 1e-20
6703.5 2.3901601e-15 1e-20
6705.0 2.3975598e-15 1e-20
6706.5 2.3955301e-15 1e-20
6708.0 2.38557e-15 1e-20
6709.5 2.3879002e-15 1e-20
6711.0 2.4063799e-15 1e-20
6712.5 2.3993e-15 1e-20
6714.0 2.4216901e-15 1e-20
6715.5 2.4256999e-15 1e-20
6717.0 2.4084001e-15 1e-20
6718.5 2.3972199e-15 1e-20
6720.0 2.37551e-15 1e-20
6721.5 2.3607901e-15 1e-20
6723.0 2.3772901e-15 1e-20
6724.5 2.3980801e-15 1e-20
6726.0 2.3910101e-15 1e-20
6727.5 2.3771901e-15 1e-20
6729.0 2.36386e-15 1e-20
6730.5 2.3653099e-15 1e-20
6732.0 2.3812201e-15 1e-20
6733.5 2.3852401e-15 1e-20
6735.0 2.38044e-15 1e-20
6736.5 2.37235e-15 1e-20
6738.0 2.3427601e-15 1e-20
6739.5 2.32043e-15 1e-20
6741.0 2.3280002e-15 1e-20
6742.5 2.3371799e-15 1e-20
6744.0 2.36559e-15 1e-20
6745.5 2.3789899e-15 1e-20
6747.0 2.3703201e-15 1e-20
6748.5 2.3595299e-15 1e-20
6750.0 2.3274801e-15 1e-20
6751.5 2.33344e-15 1e-20
6753.0 2.3373002e-15 1e-20
6754.5 2.3301e-15 1e-20
6756.0 2.33461e-15 1e-20
6757.5 2.3270699e-15 1e-20
6759.0 2.3374101e-15 1e-20
6760.5 2.32705e-15 1e-20
6762.0 2.30658e-15 1e-20
6763.5 2.3301402e-15 1e-20
6765.0 2.3411502e-15 1e-20
6766.5 2.3201799e-15 1e-20
6768.0 2.3178301e-15 1e-20
6769.5 2.33099e-15 1e-20
6771.0 2.3117399e-15 1e-20
6772.5 2.2795401e-15 1e-20
6774.0 2.3183601e-15 1e-20
6775.5 2.31932e-15 1e-20
6777.0 2.2906001e-15 1e-20
6778.5 2.2877801e-15 1e-20
6780.0 2.3228801e-15 1e-20
6781.5 2.3178301e-15 1e-20
6783.0 2.29481e-15 1e-20
6784.5 2.2897101e-15 1e-20
6786.0 2.2987299e-15 1e-20
6787.5 2.3094999e-15 1e-20
6789.0 2.2780801e-15 1e-20
6790.5 2.2808198e-15 1e-20
6792.0 2.3010599e-15 1e-20
6793.5 2.3366399e-15 1e-20
6795.0 2.3225099e-15 1e-20
6796.5 2.2895701e-15 1e-20
6798.0 2.2854499e-15 1e-20
6799.5 2.29673e-15 1e-20
6801.0 2.2857e-15 1e-20
6802.5 2.27e-15 1e-20
6804.0 2.2405902e-15 1e-20
6805.5 2.26401e-15 1e-20
6807.0 2.36671e-15 1e-20
6808.5 2.47254e-15 1e-20
6810.0 2.4912501e-15 1e-20
6811.5 2.47039e-15 1e-20
6813.0 2.4433099e-15 1e-20
6814.5 2.3617599e-15 1e-20
6816.0 2.29544e-15 1e-20
6817.5 2.2666299e-15 1e-20
6819.0 2.2622799e-15 1e-20
6820.5 2.28668e-15 1e-20
6822.0 2.35688e-15 1e-20
6823.5 2.4189601e-15 1e-20
6825.0 2.4537399e-15 1e-20
6826.5 2.4231e-15 1e-20
6828.0 2.3972699e-15 1e-20
6829.5 2.32106e-15 1e-20
6831.0 2.2246399e-15 1e-20
6832.5 2.21474e-15 1e-20
6834.0 2.1982701e-15 1e-20
6835.5 2.17535e-15 1e-20
6837.0 2.1785501e-15 1e-20
6838.5 2.1841299e-15 1e-20
6840.0 2.2301098e-15 1e-20
6841.5 2.1920901e-15 1e-20
6843.0 2.2237501e-15 1e-20
6844.5 2.1977602e-15 1e-20
6846.0 2.2240701e-15 1e-20
6847.5 2.19663e-15 1e-20
6849.0 2.1818199e-15 1e-20
6850.5 2.2016301e-15 1e-20
6852.0 2.1926001e-15 1e-20
6853.5 2.1783801e-15 1e-20
6855.0 2.2390799e-15 1e-20
6856.5 2.2214201e-15 1e-20
6858.0 2.2283499e-15 1e-20
6859.5 2.2056101e-15 1e-20
6861.0 2.18255e-15 1e-20
6862.5 2.2197e-15 1e-20
6864.0 2.2207899e-15 1e-20
6865.5 2.2008099e-15 1e-20
6867.0 2.1785901e-15 1e-20
6868.5 2.1717999e-15 1e-20
6870.0 2.2153899e-15 1e-20
6871.5 2.1958001e-15 1e-20
6873.0 2.1791e-15 1e-20
6874.5 2.1622301e-15 1e-20
6876.0 2.1461699e-15 1e-20
6877.5 2.1470398e-15 1e-20
6879.0 2.1310599e-15 1e-20
6880.5 2.1475699e-15 1e-20
6882.0 2.1798302e-15 1e-20
6883.5 2.1898999e-15 1e-20
6885.0 2.1940701e-15 1e-20
6886.5 2.1879301e-15 1e-20
6888.0 2.1807899e-15 1e-20
6889.5 2.15792e-15 1e-20
6891.0 2.15559e-15 1e-20
6892.5 2.1882501e-15 1e-20
6894.0 2.1974199e-15 1e-20
6895.5 2.1878099e-15 1e-20
6897.0 2.1829701e-15 1e-20
6898.5 2.1450902e-15 1e-20
6900.0 2.1234701e-15 1e-20
6901.5 2.12318e-15 1e-20
6903.0 2.1338302e-15 1e-20
6904.5 2.1894e-15 1e-20
6906.0 2.2123598e-15 1e-20
6907.5 2.14378e-15 1e-20
6909.0 2.13221e-15 1e-20
6910.5 2.1872e-15 1e-20
6912.0 2.19101e-15 1e-20
6913.5 2.1721499e-15 1e-20
6915.0 2.14066e-15 1e-20
6916.5 2.14454e-15 1e-20
6918.0 2.19878e-15 1e-20
6919.5 2.1710998e-15 1e-20
6921.0 2.16967e-15 1e-20
6922.5 2.19453e-15 1e-20
6924.0 2.1371802e-15 1e-20
6925.5 2.12237e-15 1e-20
6927.0 2.16355e-15 1e-20
6928.5 2.1728201e-15 1e-20
6930.0 2.12448e-15 1e-20
6931.5 2.11383e-15 1e-20
6933.0 2.1578601e-15 1e-20
6934.5 2.1312499e-15 1e-20
6936.0 2.1250301e-15 1e-20
6937.5 2.1023199e-15 1e-20
6939.0 2.0928098e-15 1e-20
6940.5 2.1203401e-15 1e-20
6942.0 2.14388e-15 1e-20
6943.5 2.15206e-15 1e-20
6945.0 2.1340301e-15 1e-20
6946.5 2.1190299e-15 1e-20
6948.0 2.1097801e-15 1e-20
6949.5 2.09403e-15 1e-20
6951.0 2.1177799e-15 1e-20
6952.5 2.1467199e-15 1e-20
6954.0 2.1136898e-15 1e-20
6955.5 2.0775101e-15 1e-20
6957.0 2.0789399e-15 1e-20
6958.5 2.0964601e-15 1e-20
6960.0 2.1067802e-15 1e-20
6961.5 2.1077801e-15 1e-20
6963.0 2.10937e-15 1e-20
6964.5 2.1203401e-15 1e-20
6966.0 2.1230701e-15 1e-20
6967.5 2.1099502e-15 1e-20
6969.0 2.1026299e-15 1e-20
6970.5 2.0768299e-15 1e-20
6972.0 2.0866102e-15 1e-20
6973.5 2.0977199e-15 1e-20
6975.0 2.0862701e-15 1e-20
6976.5 2.0964798e-15 1e-20
6978.0 2.09323e-15 1e-20
6979.5 2.0722301e-15 1e-20
6981.0 2.0802801e-15 1e-20
6982.5 2.0721801e-15 1e-20
6984.0 2.03684e-15 1e-20
6985.5 2.09456e-15 1e-20
6987.0 2.11884e-15 1e-20
6988.5 2.06724e-15 1e-20
6990.0 2.0870699e-15 1e-20
6991.5 2.08182e-15 1e-20
6993.0 2.06849e-15 1e-20
6994.5 2.11232e-15 1e-20
6996.0 2.1306099e-15 1e-20
6997.5 2.1340101e-15 1e-20
6999.0 2.10834e-15 1e-20
7000.5 2.05549e-15 1e-20
7002.0 2.09175e-15 1e-20
7003.5 2.10073e-15 1e-20
7005.0 2.0415201e-15 1e-20
7006.5 2.05133e-15 1e-20
7008.0 2.09872e-15 1e-20
7009.5 2.0889001e-15 1e-20
7011.0 2.0404501e-15 1e-20
7012.5 2.02383e-15 1e-20
7014.0 2.0038199e-15 1e-20
7015.5 2.0322101e-15 1e-20
7017.0 2.0317701e-15 1e-20
7018.5 2.0469301e-15 1e-20
7020.0 2.0622999e-15 1e-20
7021.5 2.0692699e-15 1e-20
7023.0 2.0884701e-15 1e-20
7024.5 2.05298e-15 1e-20
7026.0 2.0542902e-15 1e-20
7027.5 2.0578202e-15 1e-20
7029.0 2.00952e-15 1e-20
7030.5 1.9682699e-15 1e-20
7032.0 1.9848e-15 1e-20
7033.5 1.99822e-15 1e-20
7035.0 2.0137601e-15 1e-20
7036.5 2.02566e-15 1e-20
7038.0 2.0412399e-15 1e-20
7039.5 2.02178e-15 1e-20
7041.0 1.9880399e-15 1e-20
7042.5 2.0144502e-15 1e-20
7044.0 2.01918e-15 1e-20
7045.5 2.0386601e-15 1e-20
7047.0 2.0709701e-15 1e-20
7048.5 2.06791e-15 1e-20
7050.0 2.00193e-15 1e-20
7051.5 1.9870501e-15 1e-20
7053.0 2.00107e-15 1e-20
7054.5 2.0016799e-15 1e-20
7056.0 2.01605e-15 1e-20
7057.5 1.97434e-15 1e-20
7059.0 1.9849499e-15 1e-20
7060.5 2.0039501e-15 1e-20
7062.0 2.01792e-15 1e-20
7063.5 2.0186e-15 1e-20
7065.0 2.00017e-15 1e-20
7066.5 1.99589e-15 1e-20
7068.0 1.9878e-15 1e-20
7069.5 1.96763e-15 1e-20
7071.0 1.9769101e-15 1e-20
7072.5 1.9891502e-15 1e-20
7074.0 1.9773999e-15 1e-20
7075.5 1.9377399e-15 1e-20
7077.0 1.97475e-15 1e-20
7078.5 1.9839701e-15 1e-20
7080.0 1.9852801e-15 1e-20
7081.5 2.0028702e-15 1e-20
7083.0 2.0304502e-15 1e-20
7084.5 2.01457e-15 1e-20
7086.0 2.0011401e-15 1e-20
7087.5 1.9814201e-15 1e-20
7089.0 1.99925e-15 1e-20
7090.5 1.98722e-15 1e-20
7092.0 1.9677401e-15 1e-20
7093.5 1.97497e-15 1e-20
7095.0 1.98426e-15 1e-20
7096.5 1.97411e-15 1e-20
7098.0 1.97089e-15 1e-20
7099.5 1.95252e-15 1e-20
7101.0 1.9451701e-15 1e-20
7102.5 1.95896e-15 1e-20
7104.0 1.97497e-15 1e-20
7105.5 1.9772e-15 1e-20
7107.0 1.9833399e-15 1e-20
7108.5 1.9601801e-15 1e-20
7110.0 1.9458401e-15 1e-20
7111.5 1.9672399e-15 1e-20
7113.0 1.9660101e-15 1e-20
7114.5 1.9455e-15 1e-20
7116.0 1.9613499e-15 1e-20
7117.5 1.9392199e-15 1e-20
7119.0 1.90822e-15 1e-20
7120.5 1.9379301e-15 1e-20
7122.0 1.94622e-15 1e-20
7123.5 1.9519e-15 1e-20
7125.0 1.95913e-15 1e-20
7126.5 1.9583599e-15 1e-20
7128.0 1.9594701e-15 1e-20
7129.5 1.95055e-15 1e-20
7131.0 1.93929e-15 1e-20
7132.5 1.9419799e-15 1e-20
7134.0 1.91354e-15 1e-20
7135.5 1.88662e-15 1e-20
7137.0 1.8919701e-15 1e-20
7138.5 1.9257499e-15 1e-20
7140.0 1.9611699e-15 1e-20
7141.5 1.89721e-15 1e-20
7143.0 1.8554799e-15 1e-20
7144.5 1.91497e-15 1e-20
7146.0 1.92033e-15 1e-20
7147.5 1.89628e-15 1e-20
7149.0 1.9098101e-15 1e-20
7150.5 1.91312e-15 1e-20
7152.0 1.9233399e-15 1e-20
7153.5 1.9037701e-15 1e-20
7155.0 1.8858301e-15 1e-20
7156.5 1.88613e-15 1e-20
7158.0 1.88464e-15 1e-20
7159.5 1.8772101e-15 1e-20
7161.0 1.84356e-15 1e-20
7162.5 1.86385e-15 1e-20
7164.0 1.89628e-15 1e-20
7165.5 1.8815799e-15 1e-20
7167.0 1.83959e-15 1e-20
7168.5 1.8480499e-15 1e-20
7170.0 1.89056e-15 1e-20
7171.5 1.88071e-15 1e-20
7173.0 1.8538701e-15 1e-20
7174.5 1.85187e-15 1e-20
7176.0 1.87911e-15 1e-20
7177.5 1.92051e-15 1e-20
7179.0 1.9079999e-15 1e-20
7180.5 1.8764899e-15 1e-20
7182.0 1.8581499e-15 1e-20
7183.5 1.85881e-15 1e-20
7185.0 1.83784e-15 1e-20
7186.5 1.84338e-15 1e-20
7188.0 1.8522499e-15 1e-20
7189.5 1.82773e-15 1e-20
7191.0 1.80685e-15 1e-20
7192.5 1.8264701e-15 1e-20
7194.0 1.8487299e-15 1e-20
7195.5 1.8581999e-15 1e-20
7197.0 1.83243e-15 1e-20
7198.5 1.8296799e-15 1e-20
7200.0 1.83109e-15 1e-20
7201.5 1.80655e-15 1e-20
7203.0 1.7459499e-15 1e-20
7204.5 1.77208e-15 1e-20
7206.0 1.8090301e-15 1e-20
7207.5 1.80467e-15 1e-20
7209.0 1.83493e-15 1e-20
7210.5 1.8422799e-15 1e-20
7212.0 1.80953e-15 1e-20
7213.5 1.7854199e-15 1e-20
7215.0 1.8268999e-15 1e-20
7216.5 1.7926101e-15 1e-20
7218.0 1.77767e-15 1e-20
7219.5 1.8145301e-15 1e-20
7221.0 1.8289099e-15 1e-20
7222.5 1.80615e-15 1e-20
7224.0 1.8015501e-15 1e-20
7225.5 1.82707e-15 1e-20
7227.0 1.7777701e-15 1e-20
7228.5 1.7807e-15 1e-20
7230.0 1.8021501e-15 1e-20
7231.5 1.78553e-15 1e-20
7233.0 1.7844001e-15 1e-20
7234.5 1.78177e-15 1e-20
7236.0 1.7897499e-15 1e-20
7237.5 1.7890299e-15 1e-20
7239.0 1.77993e-15 1e-20
7240.5 1.76556e-15 1e-20
7242.0 1.76606e-15 1e-20
7243.5 1.7738001e-15 1e-20
7245.0 1.7911299e-15 1e-20
7246.5 1.7862e-15 1e-20
7248.0 1.77131e-15 1e-20
7249.5 1.7658699e-15 1e-20
7251.0 1.73914e-15 1e-20
7252.5 1.7439601e-15 1e-20
7254.0 1.7796499e-15 1e-20
7255.5 1.80141e-15 1e-20
7257.0 1.78643e-15 1e-20
7258.5 1.7662e-15 1e-20
7260.0 1.74642e-15 1e-20
7261.5 1.70478e-15 1e-20
7263.0 1.68464e-15 1e-20
7264.5 1.6816799e-15 1e-20
7266.0 1.68736e-15 1e-20
7267.5 1.6673e-15 1e-20
7269.0 1.69114e-15 1e-20
7270.5 1.73585e-15 1e-20
7272.0 1.73131e-15 1e-20
7273.5 1.7491699e-15 1e-20
7275.0 1.75114e-15 1e-20
7276.5 1.72473e-15 1e-20
7278.0 1.7348e-15 1e-20
7279.5 1.7084301e-15 1e-20
7281.0 1.65972e-15 1e-20
7282.5 1.6599099e-15 1e-20
7284.0 1.66473e-15 1e-20
7285.5 1.6837799e-15 1e-20
7287.0 1.70838e-15 1e-20
7288.5 1.6864199e-15 1e-20
7290.0 1.6495e-15 1e-20
7291.5 1.64616e-15 1e-20
7293.0 1.63893e-15 1e-20
7294.5 1.65318e-15 1e-20
7296.0 1.6785099e-15 1e-20
7297.5 1.6698901e-15 1e-20
7299.0 1.67204e-15 1e-20
7300.5 1.7007001e-15 1e-20
7302.0 1.70477e-15 1e-20
7303.5 1.6781201e-15 1e-20
7305.0 1.6834901e-15 1e-20
7306.5 1.7066501e-15 1e-20
7308.0 1.7273099e-15 1e-20
7309.5 1.71283e-15 1e-20
7311.0 1.66388e-15 1e-20
7312.5 1.64632e-15 1e-20
7314.0 1.6888301e-15 1e-20
7315.5 1.70684e-15 1e-20
7317.0 1.69199e-15 1e-20
7318.5 1.69875e-15 1e-20
7320.0 1.69023e-15 1e-20
7321.5 1.70159e-15 1e-20
7323.0 1.6890399e-15 1e-20
7324.5 1.65447e-15 1e-20
7326.0 1.65402e-15 1e-20
7327.5 1.68052e-15 1e-20
7329.0 1.68576e-15 1e-20
7330.5 1.69521e-15 1e-20
7332.0 1.70602e-15 1e-20
7333.5 1.6907901e-15 1e-20
7335.0 1.69771e-15 1e-20
7336.5 1.70742e-15 1e-20
7338.0 1.7313401e-15 1e-20
7339.5 1.73561e-15 1e-20
7341.0 1.70545e-15 1e-20
7342.5 1.70063e-15 1e-20
7344.0 1.71725e-15 1e-20
7345.5 1.72591e-15 1e-20
7347.0 1.72271e-15 1e-20
7348.5 1.69354e-15 1e-20
7350.0 1.7015501e-15 1e-20
7351.5 1.68408e-15 1e-20
7353.0 1.67696e-15 1e-20
7354.5 1.6991399e-15 1e-20
7356.0 1.70013e-15 1e-20
7357.5 1.68656e-15 1e-20
7359.0 1.6645101e-15 1e-20
7360.5 1.6548099e-15 1e-20
7362.0 1.6979099e-15 1e-20
7363.5 1.62666e-15 1e-20
7365.0 1.63031e-15 1e-20
7366.5 1.6425801e-15 1e-20
7368.0 1.66135e-15 1e-20
7369.5 1.65867e-15 1e-20
7371.0 1.7101e-15 1e-20
7372.5 1.73078e-15 1e-20
7374.0 1.70072e-15 1e-20
7375.5 1.68267e-15 1e-20
7377.0 1.68862e-15 1e-20
7378.5 1.6981099e-15 1e-20
7380.0 1.6891299e-15 1e-20
7381.5 1.68989e-15 1e-20
7383.0 1.68109e-15 1e-20
7384.5 1.65676e-15 1e-20
7386.0 1.6444e-15 1e-20
7387.5 1.63785e-15 1e-20
7389.0 1.64613e-15 1e-20
7390.5 1.64919e-15 1e-20
7392.0 1.65746e-15 1e-20
7393.5 1.64463e-15 1e-20
7395.0 1.6690701e-15 1e-20
7396.5 1.68395e-15 1e-20
7398.0 1.67537e-15 1e-20
7399.5 1.6939e-15 1e-20
7401.0 1.71319e-15 1e-20
7402.5 1.6973501e-15 1e-20
7404.0 1.6526399e-15 1e-20
7405.5 1.6184e-15 1e-20
7407.0 1.614e-15 1e-20
7408.5 1.6311899e-15 1e-20
7410.0 1.63922e-15 1e-20
7411.5 1.64133e-15 1e-20
7413.0 1.64737e-15 1e-20
7414.5 1.63703e-15 1e-20
7416.0 1.60797e-15 1e-20
7417.5 1.61568e-15 1e-20
7419.0 1.62308e-15 1e-20
7420.5 1.62151e-15 1e-20
7422.0 1.62234e-15 1e-20
7423.5 1.6249699e-15 1e-20
7425.0 1.61508e-15 1e-20
7426.5 1.60953e-15 1e-20
7428.0 1.60982e-15 1e-20
7429.5 1.61557e-15 1e-20
7431.0 1.6160001e-15 1e-20
7432.5 1.63108e-15 1e-20
7434.0 1.63677e-15 1e-20
7435.5 1.63385e-15 1e-20
7437.0 1.6231001e-15 1e-20
7438.5 1.63468e-15 1e-20
7440.0 1.6353801e-15 1e-20
7441.5 1.6303001e-15 1e-20
7443.0 1.6148e-15 1e-20
7444.5 1.62061e-15 1e-20
7446.0 1.63755e-15 1e-20
7447.5 1.61844e-15 1e-20
7449.0 1.6186101e-15 1e-20
7450.5 1.6247401e-15 1e-20
7452.0 1.61858e-15 1e-20
7453.5 1.61802e-15 1e-20
7455.0 1.5995099e-15 1e-20
7456.5 1.62306e-15 1e-20
7458.0 1.6135499e-15 1e-20
7459.5 1.5892201e-15 1e-20
7461.0 1.58635e-15 1e-20
7462.5 1.58189e-15 1e-20
7464.0 1.5981801e-15 1e-20
7465.5 1.60867e-15 1e-20
7467.0 1.5953899e-15 1e-20
7468.5 1.58716e-15 1e-20
7470.0 1.60219e-15 1e-20
7471.5 1.6141401e-15 1e-20
7473.0 1.58099e-15 1e-20
7474.5 1.57768e-15 1e-20
7476.0 1.60768e-15 1e-20
7477.5 1.64097e-15 1e-20
7479.0 1.6236001e-15 1e-20
7480.5 1.6235501e-15 1e-20
7482.0 1.6242501e-15 1e-20
7483.5 1.6107201e-15 1e-20
7485.0 1.59415e-15 1e-20
7486.5 1.5769001e-15 1e-20
7488.0 1.5700801e-15 1e-20
7489.5 1.58308e-15 1e-20
7491.0 1.59694e-15 1e-20
7492.5 1.57294e-15 1e-20
7494.0 1.5479999e-15 1e-20
7495.5 1.5536701e-15 1e-20
7497.0 1.55581e-15 1e-20
7498.5 1.55679e-15 1e-20
7500.0 1.57486e-15 1e-20
7501.5 1.59621e-15 1e-20
7503.0 1.58451e-15 1e-20
7504.5 1.5932699e-15 1e-20
7506.0 1.60651e-15 1e-20
7507.5 1.57734e-15 1e-20
7509.0 1.5991401e-15 1e-20
7510.5 1.59202e-15 1e-20
7512.0 1.56394e-15 1e-20
7513.5 1.57013e-15 1e-20
7515.0 1.56804e-15 1e-20
7516.5 1.5411101e-15 1e-20
7518.0 1.5476101e-15 1e-20
7519.5 1.5932601e-15 1e-20
7521.0 1.5926e-15 1e-20
7522.5 1.56129e-15 1e-20
7524.0 1.52521e-15 1e-20
7525.5 1.54751e-15 1e-20
7527.0 1.57049e-15 1e-20
7528.5 1.5520101e-15 1e-20
7530.0 1.53033e-15 1e-20
7531.5 1.52845e-15 1e-20
7533.0 1.52909e-15 1e-20
7534.5 1.5455601e-15 1e-20
7536.0 1.5402499e-15 1e-20
7537.5 1.52894e-15 1e-20
7539.0 1.53538e-15 1e-20
7540.5 1.46807e-15 1e-20
