3720.0 4.7459303e-15 1e-20
3721.5 4.7814798e-15 1e-20
3723.0 4.5201803e-15 1e-20
3724.5 4.8155898e-15 1e-20
3726.0 5.16743e-15 1e-20
3727.5 5.1607998e-15 1e-20
3729.0 4.9398699e-15 1e-20
3730.5 4.8552098e-15 1e-20
3732.0 4.9194699e-15 1e-20
3733.5 5.3607102e-15 1e-20
3735.0 5.5953302e-15 1e-20
3736.5 5.0910301e-15 1e-20
3738.0 4.8628301e-15 1e-20
3739.5 4.9363598e-15 1e-20
3741.0 5.0549304e-15 1e-20
3742.5 4.9598599e-15 1e-20
3744.0 5.07106e-15 1e-20
3745.5 6.0348099e-15 1e-20
3747.0 5.4062699e-15 1e-20
3748.5 4.7876403e-15 1e-20
3750.0 5.1953202e-15 1e-20
3751.5 5.1720501e-15 1e-20
3753.0 5.6159199e-15 1e-20
3754.5 5.3958502e-15 1e-20
3756.0 5.2988098e-15 1e-20
3757.5 5.49984e-15 1e-20
3759.0 5.49389e-15 1e-20
3760.5 5.6043799e-15 1e-20
3762.0 5.3201699e-15 1e-20
3763.5 5.9376997e-15 1e-20
3765.0 5.6535604e-15 1e-20
3766.5 5.9212698e-15 1e-20
3768.0 5.77047e-15 1e-20
3769.5 6.04739e-15 1e-20
3771.0 5.9304e-15 1e-20
3772.5 6.1440704e-15 1e-20
3774.0 6.5123201e-15 1e-20
3775.5 6.1723998e-15 1e-20
3777.0 6.5936598e-15 1e-20
3778.5 6.38121e-15 1e-20
3780.0 6.45641e-15 1e-20
3781.5 6.39806e-15 1e-20
3783.0 6.5678503e-15 1e-20
3784.5 6.7105198e-15 1e-20
3786.0 7.0906102e-15 1e-20
3787.5 7.2561306e-15 1e-20
3789.0 7.4930398e-15 1e-20
3790.5 7.7402802e-15 1e-20
3792.0 7.8266598e-15 1e-20
3793.5 7.5298103e-15 1e-20
3795.0 7.4181604e-15 1e-20
3796.5 7.7060398e-15 1e-20
3798.0 8.0436493e-15 1e-20
3799.5 7.8628603e-15 1e-20
3801.0 8.0592601e-15 1e-20
3802.5 8.1852504e-15 1e-20
3804.0 8.4555801e-15 1e-20
3805.5 8.6785403e-15 1e-20
3807.0 8.7437602e-15 1e-20
3808.5 8.9662901e-15 1e-20
3810.0 9.0412195e-15 1e-20
3811.5 8.8561699e-15 1e-20
3813.0 8.9792006e-15 1e-20
3814.5 9.3149103e-15 1e-20
3816.0 9.9271101e-15 1e-20
3817.5 9.9175302e-15 1e-20
3819.0 9.8032104e-15 1e-20
3820.5 1.0472299e-14 1e-20
3822.0 1.08151e-14 1e-20
3823.5 1.07935e-14 1e-20
3825.0 1.12871e-14 1e-20
3826.5 1.17019e-14 1e-20
3828.0 1.10893e-14 1e-20
3829.5 1.1454e-14 1e-20
3831.0 1.16078e-14 1e-20
3832.5 1.19937e-14 1e-20
3834.0 1.26053e-14 1e-20
3835.5 1.31592e-14 1e-20
3837.0 1.30439e-14 1e-20
3838.5 1.22255e-14 1e-20
3840.0 1.25177e-14 1e-20
3841.5 1.26798e-14 1e-20
3843.0 1.34509e-14 1e-20
3844.5 1.3536999e-14 1e-20
3846.0 1.3739101e-14 1e-20
3847.5 1.43597e-14 1e-20
3849.0 1.34325e-14 1e-20
3850.5 1.4646201e-14 1e-20
3852.0 1.49689e-14 1e-20
3853.5 1.4906299e-14 1e-20
3855.0 1.58993e-14 1e-20
3856.5 1.6512199e-14 1e-20
3858.0 1.64634e-14 1e-20
3859.5 1.67447e-14 1e-20
3861.0 1.66823e-14 1e-20
3862.5 1.64168e-14 1e-20
3864.0 1.7142598e-14 1e-20
3865.5 1.78434e-14 1e-20
3867.0 1.82038e-14 1e-20
3868.5 1.85515e-14 1e-20
3870.0 1.85282e-14 1e-20
3871.5 1.8519301e-14 1e-20
3873.0 1.865e-14 1e-20
3874.5 1.8391299e-14 1e-20
3876.0 1.86672e-14 1e-20
3877.5 1.9167802e-14 1e-20
3879.0 1.99489e-14 1e-20
3880.5 1.97967e-14 1e-20
3882.0 1.9257099e-14 1e-20
3883.5 1.96038e-14 1e-20
3885.0 1.99311e-14 1e-20
3886.5 2.0282499e-14 1e-20
3888.0 2.08874e-14 1e-20
3889.5 2.05935e-14 1e-20
3891.0 2.0632699e-14 1e-20
3892.5 2.0859899e-14 1e-20
3894.0 2.0985101e-14 1e-20
3895.5 2.1675698e-14 1e-20
3897.0 2.16222e-14 1e-20
3898.5 2.1822599e-14 1e-20
3900.0 2.16698e-14 1e-20
3901.5 2.1509301e-14 1e-20
3903.0 2.1333501e-14 1e-20
3904.5 2.1698401e-14 1e-20
3906.0 2.16287e-14 1e-20
3907.5 2.1312001e-14 1e-20
3909.0 2.2015499e-14 1e-20
3910.5 2.2408001e-14 1e-20
3912.0 2.1961901e-14 1e-20
3913.5 2.24336e-14 1e-20
3915.0 2.3007099e-14 1e-20
3916.5 2.2222099e-14 1e-20
3918.0 2.2590701e-14 1e-20
3919.5 2.30004e-14 1e-20
3921.0 2.265e-14 1e-20
3922.5 2.2248399e-14 1e-20
3924.0 2.30208e-14 1e-20
3925.5 2.263e-14 1e-20
3927.0 2.3013501e-14 1e-20
3928.5 2.3341201e-14 1e-20
3930.0 2.3379e-14 1e-20
3931.5 2.3140301e-14 1e-20
3933.0 2.3428899e-14 1e-20
3934.5 2.3711e-14 1e-20
3936.0 2.40257e-14 1e-20
3937.5 2.3821199e-14 1e-20
3939.0 2.40353e-14 1e-20
3940.5 2.3980401e-14 1e-20
3942.0 2.3478701e-14 1e-20
3943.5 2.36e-14 1e-20
3945.0 2.38591e-14 1e-20
3946.5 2.35052e-14 1e-20
3948.0 2.33297e-14 1e-20
3949.5 2.31463e-14 1e-20
3951.0 2.28114e-14 1e-20
3952.5 2.2563801e-14 1e-20
3954.0 2.2262801e-14 1e-20
3955.5 2.22568e-14 1e-20
3957.0 2.17708e-14 1e-20
3958.5 2.12733e-14 1e-20
3960.0 2.1552201e-14 1e-20
3961.5 2.1025801e-14 1e-20
3963.0 1.9791501e-14 1e-20
3964.5 1.99319e-14 1e-20
3966.0 1.9345801e-14 1e-20
3967.5 1.8440902e-14 1e-20
3969.0 1.8820801e-14 1e-20
3970.5 1.93833e-14 1e-20
3972.0 1.9916901e-14 1e-20
3973.5 1.9628999e-14 1e-20
3975.0 1.9624901e-14 1e-20
3976.5 1.96303e-14 1e-20
3978.0 1.9280299e-14 1e-20
3979.5 1.88359e-14 1e-20
3981.0 1.9030001e-14 1e-20
3982.5 1.9138399e-14 1e-20
3984.0 1.8273899e-14 1e-20
3985.5 1.8432501e-14 1e-20
3987.0 1.88396e-14 1e-20
3988.5 1.8375601e-14 1e-20
3990.0 1.8935301e-14 1e-20
3991.5 1.9010001e-14 1e-20
3993.0 1.79408e-14 1e-20
3994.5 1.73493e-14 1e-20
3996.0 1.74848e-14 1e-20
3997.5 1.7793399e-14 1e-20
3999.0 1.7803801e-14 1e-20
4000.5 1.6947799e-14 1e-20
4002.0 1.65012e-14 1e-20
4003.5 1.68965e-14 1e-20
4005.0 1.71865e-14 1e-20
4006.5 1.74443e-14 1e-20
4008.0 1.7354299e-14 1e-20
4009.5 1.6907e-14 1e-20
4011.0 1.67708e-14 1e-20
4012.5 1.72348e-14 1e-20
4014.0 1.72508e-14 1e-20
4015.5 1.6910999e-14 1e-20
4017.0 1.7433901e-14 1e-20
4018.5 1.75614e-14 1e-20
4020.0 1.7296199e-14 1e-20
4021.5 1.74816e-14 1e-20
4023.0 1.7544399e-14 1e-20
4024.5 1.7424499e-14 1e-20
4026.0 1.7933902e-14 1e-20
4027.5 1.8043899e-14 1e-20
4029.0 1.7360099e-14 1e-20
4030.5 1.7232501e-14 1e-20
4032.0 1.78248e-14 1e-20
4033.5 1.79092e-14 1e-20
4035.0 1.8216201e-14 1e-20
4036.5 1.84774e-14 1e-20
4038.0 1.8289301e-14 1e-20
4039.5 1.85702e-14 1e-20
4041.0 1.92185e-14 1e-20
4042.5 1.89408e-14 1e-20
4044.0 1.88874e-14 1e-20
4045.5 1.9594899e-14 1e-20
4047.0 1.9110202e-14 1e-20
4048.5 1.9223901e-14 1e-20
4050.0 1.9527399e-14 1e-20
4051.5 1.9310801e-14 1e-20
4053.0 1.95049e-14 1e-20
4054.5 2.0498501e-14 1e-20
4056.0 2.02561e-14 1e-20
4057.5 1.96473e-14 1e-20
4059.0 1.9500999e-14 1e-20
4060.5 2.04527e-14 1e-20
4062.0 2.11282e-14 1e-20
4063.5 2.0536502e-14 1e-20
4065.0 2.08539e-14 1e-20
4066.5 2.05681e-14 1e-20
4068.0 2.0713699e-14 1e-20
4069.5 2.1087099e-14 1e-20
4071.0 2.1172702e-14 1e-20
4072.5 2.1062501e-14 1e-20
4074.0 2.1605e-14 1e-20
4075.5 2.17428e-14 1e-20
4077.0 2.1573401e-14 1e-20
4078.5 2.17446e-14 1e-20
4080.0 2.15912e-14 1e-20
4081.5 2.1716802e-14 1e-20
4083.0 2.17125e-14 1e-20
4084.5 2.1600501e-14 1e-20
4086.0 2.1538401e-14 1e-20
4087.5 2.13478e-14 1e-20
4089.0 2.1590799e-14 1e-20
4090.5 2.1837299e-14 1e-20
4092.0 2.1930799e-14 1e-20
4093.5 2.17507e-14 1e-20
4095.0 2.17274e-14 1e-20
4096.5 2.23426e-14 1e-20
4098.0 2.2698601e-14 1e-20
4099.5 2.2523399e-14 1e-20
4101.0 2.23044e-14 1e-20
4102.5 2.22982e-14 1e-20
4104.0 2.2823799e-14 1e-20
4105.5 2.26841e-14 1e-20
4107.0 2.2313499e-14 1e-20
4108.5 2.1762801e-14 1e-20
4110.0 2.1721201e-14 1e-20
4111.5 2.2459201e-14 1e-20
4113.0 2.27269e-14 1e-20
4114.5 2.20816e-14 1e-20
4116.0 2.20553e-14 1e-20
4117.5 2.2490802e-14 1e-20
4119.0 2.16115e-14 1e-20
4120.5 2.1650699e-14 1e-20
4122.0 2.1566099e-14 1e-20
4123.5 2.15132e-14 1e-20
4125.0 2.13476e-14 1e-20
4126.5 2.1140901e-14 1e-20
4128.0 2.11794e-14 1e-20
4129.5 2.0621402e-14 1e-20
4131.0 2.1249101e-14 1e-20
4132.5 2.0699801e-14 1e-20
4134.0 2.0438299e-14 1e-20
4135.5 2.0324301e-14 1e-20
4137.0 2.09322e-14 1e-20
4138.5 2.07675e-14 1e-20
4140.0 2.0028099e-14 1e-20
4141.5 2.0122199e-14 1e-20
4143.0 2.0598101e-14 1e-20
4144.5 1.99785e-14 1e-20
4146.0 1.97619e-14 1e-20
4147.5 1.9838399e-14 1e-20
4149.0 1.98237e-14 1e-20
4150.5 2.02085e-14 1e-20
4152.0 2.0132199e-14 1e-20
4153.5 1.96857e-14 1e-20
4155.0 1.9622101e-14 1e-20
4156.5 2.02022e-14 1e-20
4158.0 2.0318599e-14 1e-20
4159.5 1.96077e-14 1e-20
4161.0 1.93159e-14 1e-20
4162.5 1.9386401e-14 1e-20
4164.0 1.9225e-14 1e-20
4165.5 1.92649e-14 1e-20
4167.0 1.91619e-14 1e-20
4168.5 1.8861299e-14 1e-20
4170.0 1.8980601e-14 1e-20
4171.5 1.9425801e-14 1e-20
4173.0 1.9670099e-14 1e-20
4174.5 1.94171e-14 1e-20
4176.0 1.92053e-14 1e-20
4177.5 1.8787201e-14 1e-20
4179.0 1.90873e-14 1e-20
4180.5 1.9131799e-14 1e-20
4182.0 1.9354401e-14 1e-20
4183.5 1.93842e-14 1e-20
4185.0 1.88608e-14 1e-20
4186.5 1.86442e-14 1e-20
4188.0 1.86444e-14 1e-20
4189.5 1.8607401e-14 1e-20
4191.0 1.83894e-14 1e-20
4192.5 1.83628e-14 1e-20
4194.0 1.84773e-14 1e-20
4195.5 1.8321401e-14 1e-20
4197.0 1.76845e-14 1e-20
4198.5 1.8057801e-14 1e-20
4200.0 1.82821e-14 1e-20
4201.5 1.8222201e-14 1e-20
4203.0 1.76393e-14 1e-20
4204.5 1.72043e-14 1e-20
4206.0 1.75916e-14 1e-20
4207.5 1.72061e-14 1e-20
4209.0 1.7198299e-14 1e-20
4210.5 1.7141399e-14 1e-20
4212.0 1.69872e-14 1e-20
4213.5 1.72171e-14 1e-20
4215.0 1.68214e-14 1e-20
4216.5 1.6636999e-14 1e-20
4218.0 1.6792499e-14 1e-20
4219.5 1.65824e-14 1e-20
4221.0 1.6200599e-14 1e-20
4222.5 1.57765e-14 1e-20
4224.0 1.6041901e-14 1e-20
4225.5 1.6652e-14 1e-20
4227.0 1.62916e-14 1e-20
4228.5 1.6096901e-14 1e-20
4230.0 1.6092599e-14 1e-20
4231.5 1.60308e-14 1e-20
4233.0 1.6007e-14 1e-20
4234.5 1.58248e-14 1e-20
4236.0 1.58008e-14 1e-20
4237.5 1.5930701e-14 1e-20
4239.0 1.5764699e-14 1e-20
4240.5 1.5474801e-14 1e-20
4242.0 1.5549201e-14 1e-20
4243.5 1.5606801e-14 1e-20
4245.0 1.5194001e-14 1e-20
4246.5 1.4845601e-14 1e-20
4248.0 1.50767e-14 1e-20
4249.5 1.50799e-14 1e-20
4251.0 1.4804599e-14 1e-20
4252.5 1.47857e-14 1e-20
4254.0 1.4862299e-14 1e-20
4255.5 1.4741501e-14 1e-20
4257.0 1.4750599e-14 1e-20
4258.5 1.4841699e-14 1e-20
4260.0 1.43398e-14 1e-20
4261.5 1.44115e-14 1e-20
4263.0 1.44088e-14 1e-20
4264.5 1.41986e-14 1e-20
4266.0 1.39936e-14 1e-20
4267.5 1.41495e-14 1e-20
4269.0 1.4422901e-14 1e-20
4270.5 1.4094599e-14 1e-20
4272.0 1.4386501e-14 1e-20
4273.5 1.3939e-14 1e-20
4275.0 1.36693e-14 1e-20
4276.5 1.38885e-14 1e-20
4278.0 1.35245e-14 1e-20
4279.5 1.29373e-14 1e-20
4281.0 1.2737e-14 1e-20
4282.5 1.2948101e-14 1e-20
4284.0 1.30675e-14 1e-20
4285.5 1.27851e-14 1e-20
4287.0 1.22586e-14 1e-20
4288.5 1.23797e-14 1e-20
4290.0 1.26599e-14 1e-20
4291.5 1.2561599e-14 1e-20
4293.0 1.1996101e-14 1e-20
4294.5 1.1666601e-14 1e-20
4296.0 1.15208e-14 1e-20
4297.5 1.12388e-14 1e-20
4299.0 1.08649e-14 1e-20
4300.5 1.0759599e-14 1e-20
4302.0 1.07816e-14 1e-20
4303.5 1.06867e-14 1e-20
4305.0 1.07746e-14 1e-20
4306.5 1.06892e-14 1e-20
4308.0 1.0607001e-14 1e-20
4309.5 1.06502e-14 1e-20
4311.0 1.06162e-14 1e-20
4312.5 1.06144e-14 1e-20
4314.0 1.0630801e-14 1e-20
4315.5 1.06272e-14 1e-20
4317.0 1.08031e-14 1e-20
4318.5 1.0732899e-14 1e-20
4320.0 1.03586e-14 1e-20
4321.5 1.03448e-14 1e-20
4323.0 1.03471e-14 1e-20
4324.5 1.0459601e-14 1e-20
4326.0 1.0705599e-14 1e-20
4327.5 1.07668e-14 1e-20
4329.0 1.07322e-14 1e-20
4330.5 1.05281e-14 1e-20
4332.0 1.04586e-14 1e-20
4333.5 1.07108e-14 1e-20
4335.0 1.0703201e-14 1e-20
4336.5 1.07122e-14 1e-20
4338.0 1.06766e-14 1e-20
4339.5 1.08875e-14 1e-20
4341.0 1.1039601e-14 1e-20
4342.5 1.1190799e-14 1e-20
4344.0 1.10963e-14 1e-20
4345.5 1.14077e-14 1e-20
4347.0 1.13049e-14 1e-20
4348.5 1.16451e-14 1e-20
4350.0 1.16358e-14 1e-20
4351.5 1.12625e-14 1e-20
4353.0 1.18624e-14 1e-20
4354.5 1.16465e-14 1e-20
4356.0 1.12318e-14 1e-20
4357.5 1.1445501e-14 1e-20
4359.0 1.2002e-14 1e-20
4360.5 1.20322e-14 1e-20
4362.0 1.18619e-14 1e-20
4363.5 1.20222e-14 1e-20
4365.0 1.2279299e-14 1e-20
4366.5 1.1865e-14 1e-20
4368.0 1.21236e-14 1e-20
4369.5 1.23294e-14 1e-20
4371.0 1.21032e-14 1e-20
4372.5 1.20696e-14 1e-20
4374.0 1.235e-14 1e-20
4375.5 1.24721e-14 1e-20
4377.0 1.22654e-14 1e-20
4378.5 1.24846e-14 1e-20
4380.0 1.29501e-14 1e-20
4381.5 1.30139e-14 1e-20
4383.0 1.2723699e-14 1e-20
4384.5 1.2669e-14 1e-20
4386.0 1.28469e-14 1e-20
4387.5 1.3034799e-14 1e-20
4389.0 1.30475e-14 1e-20
4390.5 1.2728401e-14 1e-20
4392.0 1.2756601e-14 1e-20
4393.5 1.30754e-14 1e-20
4395.0 1.32098e-14 1e-20
4396.5 1.30413e-14 1e-20
4398.0 1.27773e-14 1e-20
4399.5 1.2764499e-14 1e-20
4401.0 1.28724e-14 1e-20
4402.5 1.29389e-14 1e-20
4404.0 1.27912e-14 1e-20
4405.5 1.2684201e-14 1e-20
4407.0 1.29349e-14 1e-20
4408.5 1.2870401e-14 1e-20
4410.0 1.2793801e-14 1e-20
4411.5 1.27329e-14 1e-20
4413.0 1.2842e-14 1e-20
4414.5 1.2927801e-14 1e-20
4416.0 1.2882599e-14 1e-20
4417.5 1.32871e-14 1e-20
4419.0 1.28362e-14 1e-20
4420.5 1.25015e-14 1e-20
4422.0 1.2549699e-14 1e-20
4423.5 1.23602e-14 1e-20
4425.0 1.27085e-14 1e-20
4426.5 1.30682e-14 1e-20
4428.0 1.28803e-14 1e-20
4429.5 1.25206e-14 1e-20
4431.0 1.24895e-14 1e-20
4432.5 1.3136e-14 1e-20
4434.0 1.30673e-14 1e-20
4435.5 1.3074e-14 1e-20
4437.0 1.31715e-14 1e-20
4438.5 1.29173e-14 1e-20
4440.0 1.30918e-14 1e-20
4441.5 1.3475001e-14 1e-20
4443.0 1.34767e-14 1e-20
4444.5 1.3301401e-14 1e-20
4446.0 1.34852e-14 1e-20
4447.5 1.3938501e-14 1e-20
4449.0 1.39753e-14 1e-20
4450.5 1.3972101e-14 1e-20
4452.0 1.397e-14 1e-20
4453.5 1.4117501e-14 1e-20
4455.0 1.4270701e-14 1e-20
4456.5 1.41027e-14 1e-20
4458.0 1.42792e-14 1e-20
4459.5 1.43635e-14 1e-20
4461.0 1.45628e-14 1e-20
4462.5 1.4808699e-14 1e-20
4464.0 1.46991e-14 1e-20
4465.5 1.4801099e-14 1e-20
4467.0 1.50506e-14 1e-20
4468.5 1.50575e-14 1e-20
4470.0 1.51651e-14 1e-20
4471.5 1.52261e-14 1e-20
4473.0 1.5054e-14 1e-20
4474.5 1.50475e-14 1e-20
4476.0 1.52662e-14 1e-20
4477.5 1.52974e-14 1e-20
4479.0 1.56694e-14 1e-20
4480.5 1.59766e-14 1e-20
4482.0 1.61497e-14 1e-20
4483.5 1.57797e-14 1e-20
4485.0 1.5831e-14 1e-20
4486.5 1.6018e-14 1e-20
4488.0 1.62073e-14 1e-20
4489.5 1.6120801e-14 1e-20
4491.0 1.6045799e-14 1e-20
4492.5 1.5724801e-14 1e-20
4494.0 1.5930101e-14 1e-20
4495.5 1.6475799e-14 1e-20
4497.0 1.6473302e-14 1e-20
4498.5 1.6414699e-14 1e-20
4500.0 1.64403e-14 1e-20
4501.5 1.61283e-14 1e-20
4503.0 1.6030198e-14 1e-20
4504.5 1.5916899e-14 1e-20
4506.0 1.5955101e-14 1e-20
4507.5 1.6011999e-14 1e-20
4509.0 1.64053e-14 1e-20
4510.5 1.65739e-14 1e-20
4512.0 1.63586e-14 1e-20
4513.5 1.6566601e-14 1e-20
4515.0 1.6518399e-14 1e-20
4516.5 1.65774e-14 1e-20
4518.0 1.68422e-14 1e-20
4519.5 1.6846901e-14 1e-20
4521.0 1.68627e-14 1e-20
4522.5 1.6643699e-14 1e-20
4524.0 1.6617201e-14 1e-20
4525.5 1.67327e-14 1e-20
4527.0 1.6880899e-14 1e-20
4528.5 1.69941e-14 1e-20
4530.0 1.70993e-14 1e-20
4531.5 1.71666e-14 1e-20
4533.0 1.70948e-14 1e-20
4534.5 1.6925301e-14 1e-20
4536.0 1.70483e-14 1e-20
4537.5 1.7135099e-14 1e-20
4539.0 1.69814e-14 1e-20
4540.5 1.67468e-14 1e-20
4542.0 1.6742201e-14 1e-20
4543.5 1.6537902e-14 1e-20
4545.0 1.6626699e-14 1e-20
4546.5 1.67875e-14 1e-20
4548.0 1.64124e-14 1e-20
4549.5 1.63586e-14 1e-20
4551.0 1.6629899e-14 1e-20
4552.5 1.6756099e-14 1e-20
4554.0 1.66079e-14 1e-20
4555.5 1.6197901e-14 1e-20
4557.0 1.63121e-14 1e-20
4558.5 1.64463e-14 1e-20
4560.0 1.6437999e-14 1e-20
4561.5 1.65643e-14 1e-20
4563.0 1.6295799e-14 1e-20
4564.5 1.6200899e-14 1e-20
4566.0 1.6302799e-14 1e-20
4567.5 1.5896901e-14 1e-20
4569.0 1.6153999e-14 1e-20
4570.5 1.6018101e-14 1e-20
4572.0 1.55811e-14 1e-20
4573.5 1.5514901e-14 1e-20
4575.0 1.54696e-14 1e-20
4576.5 1.5741901e-14 1e-20
4578.0 1.6057502e-14 1e-20
4579.5 1.56016e-14 1e-20
4581.0 1.5670601e-14 1e-20
4582.5 1.59295e-14 1e-20
4584.0 1.58515e-14 1e-20
4585.5 1.5531701e-14 1e-20
4587.0 1.54633e-14 1e-20
4588.5 1.57533e-14 1e-20
4590.0 1.60202e-14 1e-20
4591.5 1.6186002e-14 1e-20
4593.0 1.59925e-14 1e-20
4594.5 1.55814e-14 1e-20
4596.0 1.54554e-14 1e-20
4597.5 1.5616101e-14 1e-20
4599.0 1.55778e-14 1e-20
4600.5 1.52774e-14 1e-20
4602.0 1.52859e-14 1e-20
4603.5 1.56019e-14 1e-20
4605.0 1.57728e-14 1e-20
4606.5 1.56413e-14 1e-20
4608.0 1.5590001e-14 1e-20
4609.5 1.5659999e-14 1e-20
4611.0 1.56591e-14 1e-20
4612.5 1.5575199e-14 1e-20
4614.0 1.5385801e-14 1e-20
4615.5 1.53916e-14 1e-20
4617.0 1.5666499e-14 1e-20
4618.5 1.57119e-14 1e-20
4620.0 1.55803e-14 1e-20
4621.5 1.53132e-14 1e-20
4623.0 1.52506e-14 1e-20
4624.5 1.51378e-14 1e-20
4626.0 1.5102701e-14 1e-20
4627.5 1.50711e-14 1e-20
4629.0 1.4943e-14 1e-20
4630.5 1.4683901e-14 1e-20
4632.0 1.4412799e-14 1e-20
4633.5 1.4598e-14 1e-20
4635.0 1.46842e-14 1e-20
4636.5 1.4432599e-14 1e-20
4638.0 1.4128e-14 1e-20
4639.5 1.4274001e-14 1e-20
4641.0 1.4184e-14 1e-20
4642.5 1.3860501e-14 1e-20
4644.0 1.3661899e-14 1e-20
4645.5 1.34886e-14 1e-20
4647.0 1.32972e-14 1e-20
4648.5 1.33691e-14 1e-20
4650.0 1.32347e-14 1e-20
4651.5 1.2970001e-14 1e-20
4653.0 1.29234e-14 1e-20
4654.5 1.2755e-14 1e-20
4656.0 1.25452e-14 1e-20
4657.5 1.24544e-14 1e-20
4659.0 1.2405e-14 1e-20
4660.5 1.2154801e-14 1e-20
4662.0 1.2065501e-14 1e-20
4663.5 1.22899e-14 1e-20
4665.0 1.19767e-14 1e-20
4666.5 1.1688e-14 1e-20
4668.0 1.1911801e-14 1e-20
4669.5 1.18997e-14 1e-20
4671.0 1.19081e-14 1e-20
4672.5 1.20719e-14 1e-20
4674.0 1.2197e-14 1e-20
4675.5 1.22143e-14 1e-20
4677.0 1.22185e-14 1e-20
4678.5 1.21929e-14 1e-20
4680.0 1.2031901e-14 1e-20
4681.5 1.19424e-14 1e-20
4683.0 1.1991999e-14 1e-20
4684.5 1.20132e-14 1e-20
4686.0 1.18767e-14 1e-20
4687.5 1.1903301e-14 1e-20
4689.0 1.20601e-14 1e-20
4690.5 1.19626e-14 1e-20
4692.0 1.1771e-14 1e-20
4693.5 1.18987e-14 1e-20
4695.0 1.21109e-14 1e-20
4696.5 1.19838e-14 1e-20
4698.0 1.2008001e-14 1e-20
4699.5 1.22103e-14 1e-20
4701.0 1.2004501e-14 1e-20
4702.5 1.18581e-14 1e-20
4704.0 1.2021401e-14 1e-20
4705.5 1.2135899e-14 1e-20
4707.0 1.22196e-14 1e-20
4708.5 1.20624e-14 1e-20
4710.0 1.19529e-14 1e-20
4711.5 1.18223e-14 1e-20
4713.0 1.1545999e-14 1e-20
4714.5 1.15116e-14 1e-20
4716.0 1.162e-14 1e-20
4717.5 1.18047e-14 1e-20
4719.0 1.2151e-14 1e-20
4720.5 1.1965801e-14 1e-20
4722.0 1.1893e-14 1e-20
4723.5 1.1843e-14 1e-20
4725.0 1.14302e-14 1e-20
4726.5 1.10309e-14 1e-20
4728.0 1.13573e-14 1e-20
4729.5 1.1513699e-14 1e-20
4731.0 1.14914e-14 1e-20
4732.5 1.12084e-14 1e-20
4734.0 1.1027e-14 1e-20
4735.5 1.09985e-14 1e-20
4737.0 1.10181e-14 1e-20
4738.5 1.09787e-14 1e-20
4740.0 1.06935e-14 1e-20
4741.5 1.0555299e-14 1e-20
4743.0 1.0720101e-14 1e-20
4744.5 1.0916001e-14 1e-20
4746.0 1.07207e-14 1e-20
4747.5 1.02977e-14 1e-20
4749.0 1.02638e-14 1e-20
4750.5 1.02498e-14 1e-20
4752.0 9.9009707e-15 1e-20
4753.5 9.9719605e-15 1e-20
4755.0 1.01322e-14 1e-20
4756.5 1.00238e-14 1e-20
4758.0 9.8401097e-15 1e-20
4759.5 9.7804607e-15 1e-20
4761.0 9.8693001e-15 1e-20
4762.5 9.87733e-15 1e-20
4764.0 9.88671e-15 1e-20
4765.5 9.7381896e-15 1e-20
4767.0 9.8194903e-15 1e-20
4768.5 1.00009e-14 1e-20
4770.0 9.9194097e-15 1e-20
4771.5 1.02395e-14 1e-20
4773.0 1.04311e-14 1e-20
4774.5 1.0424401e-14 1e-20
4776.0 1.0400601e-14 1e-20
4777.5 1.0073399e-14 1e-20
4779.0 1.0101401e-14 1e-20
4780.5 1.04682e-14 1e-20
4782.0 1.05775e-14 1e-20
4783.5 1.06521e-14 1e-20
4785.0 1.05667e-14 1e-20
4786.5 1.05379e-14 1e-20
4788.0 1.0883199e-14 1e-20
4789.5 1.10208e-14 1e-20
4791.0 1.06681e-14 1e-20
4792.5 1.07107e-14 1e-20
4794.0 1.09505e-14 1e-20
4795.5 1.1058799e-14 1e-20
4797.0 1.0916799e-14 1e-20
4798.5 1.08504e-14 1e-20
4800.0 1.0878801e-14 1e-20
4801.5 1.08254e-14 1e-20
4803.0 1.0747e-14 1e-20
4804.5 1.0818e-14 1e-20
4806.0 1.07153e-14 1e-20
4807.5 1.07053e-14 1e-20
4809.0 1.0786101e-14 1e-20
4810.5 1.05997e-14 1e-20
4812.0 1.06417e-14 1e-20
4813.5 1.06397e-14 1e-20
4815.0 1.04597e-14 1e-20
4816.5 1.05743e-14 1e-20
4818.0 1.0673001e-14 1e-20
4819.5 1.04875e-14 1e-20
4821.0 1.0401399e-14 1e-20
4822.5 1.0303e-14 1e-20
4824.0 1.0027899e-14 1e-20
4825.5 9.9077393e-15 1e-20
4827.0 9.8709001e-15 1e-20
4828.5 9.7355697e-15 1e-20
4830.0 9.6719202e-15 1e-20
4831.5 9.39934e-15 1e-20
4833.0 9.3275903e-15 1e-20
4834.5 9.3403899e-15 1e-20
4836.0 8.9804695e-15 1e-20
4837.5 8.8264399e-15 1e-20
4839.0 8.7223506e-15 1e-20
4840.5 8.5446998e-15 1e-20
4842.0 8.5111802e-15 1e-20
4843.5 8.36778e-15 1e-20
4845.0 8.2104301e-15 1e-20
4846.5 8.2214695e-15 1e-20
4848.0 8.3107502e-15 1e-20
4849.5 8.3379094e-15 1e-20
4851.0 8.3440801e-15 1e-20
4852.5 7.7870797e-15 1e-20
4854.0 7.7425503e-15 1e-20
4855.5 7.5244003e-15 1e-20
4857.0 7.6667502e-15 1e-20
4858.5 7.6551797e-15 1e-20
4860.0 7.6804103e-15 1e-20
4861.5 7.7471598e-15 1e-20
4863.0 7.9319401e-15 1e-20
4864.5 7.8698805e-15 1e-20
4866.0 7.8875098e-15 1e-20
4867.5 7.7517499e-15 1e-20
4869.0 7.5770604e-15 1e-20
4870.5 7.4259904e-15 1e-20
4872.0 7.56766e-15 1e-20
4873.5 7.7274299e-15 1e-20
4875.0 7.6076899e-15 1e-20
4876.5 7.6370803e-15 1e-20
4878.0 7.7197804e-15 1e-20
4879.5 7.7294204e-15 1e-20
4881.0 7.6220895e-15 1e-20
4882.5 7.4743e-15 1e-20
4884.0 7.4940401e-15 1e-20
4885.5 7.54731e-15 1e-20
4887.0 7.3681304e-15 1e-20
4888.5 7.4587104e-15 1e-20
4890.0 7.6432001e-15 1e-20
4891.5 7.7837703e-15 1e-20
4893.0 7.8439901e-15 1e-20
4894.5 7.8271697e-15 1e-20
4896.0 7.8715805e-15 1e-20
4897.5 7.9054898e-15 1e-20
4899.0 7.9280497e-15 1e-20
4900.5 8.1164501e-15 1e-20
4902.0 8.2061399e-15 1e-20
4903.5 8.2906196e-15 1e-20
4905.0 8.34763e-15 1e-20
4906.5 8.2856195e-15 1e-20
4908.0 8.3124798e-15 1e-20
4909.5 8.3219606e-15 1e-20
4911.0 8.3943794e-15 1e-20
4912.5 8.4227999e-15 1e-20
4914.0 8.3226408e-15 1e-20
4915.5 8.49664e-15 1e-20
4917.0 8.4468607e-15 1e-20
4918.5 8.3893997e-15 1e-20
4920.0 8.4140501e-15 1e-20
4921.5 8.4328805e-15 1e-20
4923.0 8.4243805e-15 1e-20
4924.5 8.6155592e-15 1e-20
4926.0 8.5489401e-15 1e-20
4927.5 8.67785e-15 1e-20
4929.0 8.6694695e-15 1e-20
4930.5 8.9207299e-15 1e-20
4932.0 8.6374101e-15 1e-20
4933.5 8.4697103e-15 1e-20
4935.0 8.8083803e-15 1e-20
4936.5 8.6473797e-15 1e-20
4938.0 8.9277002e-15 1e-20
4939.5 8.7607296e-15 1e-20
4941.0 8.5585903e-15 1e-20
4942.5 8.6034297e-15 1e-20
4944.0 8.6089896e-15 1e-20
4945.5 8.7427505e-15 1e-20
4947.0 8.7440702e-15 1e-20
4948.5 8.7806197e-15 1e-20
4950.0 8.9534906e-15 1e-20
4951.5 9.09808e-15 1e-20
4953.0 9.0766001e-15 1e-20
4954.5 8.9817002e-15 1e-20
4956.0 8.9083903e-15 1e-20
4957.5 8.7903097e-15 1e-20
4959.0 8.8093392e-15 1e-20
4960.5 9.0603904e-15 1e-20
4962.0 9.0022899e-15 1e-20
4963.5 8.7985895e-15 1e-20
4965.0 8.76853e-15 1e-20
4966.5 9.0869305e-15 1e-20
4968.0 9.0555293e-15 1e-20
4969.5 8.8443902e-15 1e-20
4971.0 8.7924603e-15 1e-20
4972.5 8.7798599e-15 1e-20
4974.0 8.7402899e-15 1e-20
4975.5 8.9738906e-15 1e-20
4977.0 9.1499099e-15 1e-20
4978.5 8.9396603e-15 1e-20
4980.0 8.96561e-15 1e-20
4981.5 9.1737903e-15 1e-20
4983.0 9.0890701e-15 1e-20
4984.5 9.0001799e-15 1e-20
4986.0 9.0238706e-15 1e-20
4987.5 9.2211505e-15 1e-20
4989.0 9.2473806e-15 1e-20
4990.5 9.1164708e-15 1e-20
4992.0 9.1637403e-15 1e-20
4993.5 9.2538993e-15 1e-20
4995.0 9.1962799e-15 1e-20
4996.5 9.3674695e-15 1e-20
4998.0 9.7962198e-15 1e-20
4999.5 9.4974001e-15 1e-20
5001.0 9.3153499e-15 1e-20
5002.5 9.6458706e-15 1e-20
5004.0 9.4158198e-15 1e-20
5005.5 9.3587103e-15 1e-20
5007.0 9.6503099e-15 1e-20
5008.5 9.6665399e-15 1e-20
5010.0 9.8645296e-15 1e-20
5011.5 9.7876393e-15 1e-20
5013.0 1.0033901e-14 1e-20
5014.5 9.4856399e-15 1e-20
5016.0 9.6751297e-15 1e-20
5017.5 9.6506902e-15 1e-20
5019.0 9.9682395e-15 1e-20
5020.5 9.5814402e-15 1e-20
5022.0 9.6417998e-15 1e-20
5023.5 1.00127e-14 1e-20
5025.0 1.00118e-14 1e-20
5026.5 9.6585507e-15 1e-20
5028.0 9.8486604e-15 1e-20
5029.5 1.003e-14 1e-20
5031.0 9.9200899e-15 1e-20
5032.5 9.9875298e-15 1e-20
5034.0 1.00258e-14 1e-20
5035.5 9.8376998e-15 1e-20
5037.0 9.7443102e-15 1e-20
5038.5 9.8511397e-15 1e-20
5040.0 1.00439e-14 1e-20
5041.5 1.01705e-14 1e-20
5043.0 1.01711e-14 1e-20
5044.5 1.01452e-14 1e-20
5046.0 1.02024e-14 1e-20
5047.5 1.01881e-14 1e-20
5049.0 1.03344e-14 1e-20
5050.5 1.04535e-14 1e-20
5052.0 1.03054e-14 1e-20
5053.5 1.0414799e-14 1e-20
5055.0 1.05617e-14 1e-20
5056.5 1.06946e-14 1e-20
5058.0 1.07409e-14 1e-20
5059.5 1.07342e-14 1e-20
5061.0 1.07039e-14 1e-20
5062.5 1.05826e-14 1e-20
5064.0 1.0655501e-14 1e-20
5065.5 1.0724e-14 1e-20
5067.0 1.09112e-14 1e-20
5068.5 1.10672e-14 1e-20
5070.0 1.12273e-14 1e-20
5071.5 1.09135e-14 1e-20
5073.0 1.09854e-14 1e-20
5074.5 1.14319e-14 1e-20
5076.0 1.1292499e-14 1e-20
5077.5 1.11261e-14 1e-20
5079.0 1.12204e-14 1e-20
5080.5 1.11026e-14 1e-20
5082.0 1.12349e-14 1e-20
5083.5 1.14093e-14 1e-20
5085.0 1.15335e-14 1e-20
5086.5 1.16095e-14 1e-20
5088.0 1.16409e-14 1e-20
5089.5 1.16555e-14 1e-20
5091.0 1.15349e-14 1e-20
5092.5 1.17009e-14 1e-20
5094.0 1.16143e-14 1e-20
5095.5 1.17777e-14 1e-20
5097.0 1.19566e-14 1e-20
5098.5 1.1806501e-14 1e-20
5100.0 1.18957e-14 1e-20
5101.5 1.1881501e-14 1e-20
5103.0 1.18682e-14 1e-20
5104.5 1.20351e-14 1e-20
5106.0 1.1916099e-14 1e-20
5107.5 1.2028401e-14 1e-20
5109.0 1.23829e-14 1e-20
5110.5 1.24383e-14 1e-20
5112.0 1.2262299e-14 1e-20
5113.5 1.2167201e-14 1e-20
5115.0 1.22567e-14 1e-20
5116.5 1.21615e-14 1e-20
5118.0 1.20366e-14 1e-20
5119.5 1.21933e-14 1e-20
5121.0 1.22618e-14 1e-20
5122.5 1.24226e-14 1e-20
5124.0 1.23674e-14 1e-20
5125.5 1.21602e-14 1e-20
5127.0 1.22469e-14 1e-20
5128.5 1.21392e-14 1e-20
5130.0 1.1972e-14 1e-20
5131.5 1.1756e-14 1e-20
5133.0 1.1475099e-14 1e-20
5134.5 1.14472e-14 1e-20
5136.0 1.16244e-14 1e-20
5137.5 1.18301e-14 1e-20
5139.0 1.17938e-14 1e-20
5140.5 1.17735e-14 1e-20
5142.0 1.17821e-14 1e-20
5143.5 1.14086e-14 1e-20
5145.0 1.1270199e-14 1e-20
5146.5 1.15003e-14 1e-20
5148.0 1.14065e-14 1e-20
5149.5 1.1503e-14 1e-20
5151.0 1.15514e-14 1e-20
5152.5 1.15117e-14 1e-20
5154.0 1.15021e-14 1e-20
5155.5 1.17794e-14 1e-20
5157.0 1.18447e-14 1e-20
5158.5 1.17358e-14 1e-20
5160.0 1.1461099e-14 1e-20
5161.5 1.1189901e-14 1e-20
5163.0 1.12734e-14 1e-20
5164.5 1.13673e-14 1e-20
5166.0 1.11871e-14 1e-20
5167.5 1.13989e-14 1e-20
5169.0 1.1611e-14 1e-20
5170.5 1.15265e-14 1e-20
5172.0 1.15051e-14 1e-20
5173.5 1.1484999e-14 1e-20
5175.0 1.1426501e-14 1e-20
5176.5 1.13721e-14 1e-20
5178.0 1.1398e-14 1e-20
5179.5 1.15459e-14 1e-20
5181.0 1.15796e-14 1e-20
5182.5 1.1481399e-14 1e-20
5184.0 1.1493e-14 1e-20
5185.5 1.15588e-14 1e-20
5187.0 1.18442e-14 1e-20
5188.5 1.1832e-14 1e-20
5190.0 1.16048e-14 1e-20
5191.5 1.1691e-14 1e-20
5193.0 1.17705e-14 1e-20
5194.5 1.18455e-14 1e-20
5196.0 1.20854e-14 1e-20
5197.5 1.20671e-14 1e-20
5199.0 1.2070501e-14 1e-20
5200.5 1.20854e-14 1e-20
5202.0 1.19462e-14 1e-20
5203.5 1.18812e-14 1e-20
5205.0 1.1844e-14 1e-20
5206.5 1.20094e-14 1e-20
5208.0 1.21759e-14 1e-20
5209.5 1.21382e-14 1e-20
5211.0 1.1963199e-14 1e-20
5212.5 1.1957501e-14 1e-20
5214.0 1.18327e-14 1e-20
5215.5 1.1481499e-14 1e-20
5217.0 1.1396e-14 1e-20
5218.5 1.13701e-14 1e-20
5220.0 1.13983e-14 1e-20
5221.5 1.13822e-14 1e-20
5223.0 1.14787e-14 1e-20
5224.5 1.15387e-14 1e-20
5226.0 1.1304e-14 1e-20
5227.5 1.1265e-14 1e-20
5229.0 1.1180001e-14 1e-20
5230.5 1.08324e-14 1e-20
5232.0 1.0939901e-14 1e-20
5233.5 1.09504e-14 1e-20
5235.0 1.04153e-14 1e-20
5236.5 1.04083e-14 1e-20
5238.0 1.03114e-14 1e-20
5239.5 1.01803e-14 1e-20
5241.0 9.9809797e-15 1e-20
5242.5 9.9424693e-15 1e-20
5244.0 9.9401307e-15 1e-20
5245.5 9.8067704e-15 1e-20
5247.0 9.6178702e-15 1e-20
5248.5 9.2635699e-15 1e-20
5250.0 9.2734497e-15 1e-20
5251.5 9.28702e-15 1e-20
5253.0 9.2672901e-15 1e-20
5254.5 9.2572095e-15 1e-20
5256.0 9.0361704e-15 1e-20
5257.5 8.8535899e-15 1e-20
5259.0 8.8635899e-15 1e-20
5260.5 8.9923999e-15 1e-20
5262.0 9.0177897e-15 1e-20
5263.5 8.77389e-15 1e-20
5265.0 8.5827401e-15 1e-20
5266.5 8.5121204e-15 1e-20
5268.0 8.3522599e-15 1e-20
5269.5 8.30806e-15 1e-20
5271.0 8.3952104e-15 1e-20
5272.5 8.4027396e-15 1e-20
5274.0 8.4603497e-15 1e-20
5275.5 8.4173899e-15 1e-20
5277.0 8.28333e-15 1e-20
5278.5 8.3988102e-15 1e-20
5280.0 8.44187e-15 1e-20
5281.5 8.1782996e-15 1e-20
5283.0 7.9776401e-15 1e-20
5284.5 8.1960399e-15 1e-20
5286.0 8.1641194e-15 1e-20
5287.5 7.91282e-15 1e-20
5289.0 7.8432998e-15 1e-20
5290.5 7.8880799e-15 1e-20
5292.0 8.1752096e-15 1e-20
5293.5 8.2664004e-15 1e-20
5295.0 8.1883802e-15 1e-20
5296.5 8.0818497e-15 1e-20
5298.0 7.9645e-15 1e-20
5299.5 8.2017701e-15 1e-20
5301.0 8.4077498e-15 1e-20
5302.5 8.1329402e-15 1e-20
5304.0 8.2928896e-15 1e-20
5305.5 8.3901993e-15 1e-20
5307.0 8.26978e-15 1e-20
5308.5 8.0917904e-15 1e-20
5310.0 8.1018998e-15 1e-20
5311.5 8.1455804e-15 1e-20
5313.0 8.16905e-15 1e-20
5314.5 8.0012799e-15 1e-20
5316.0 8.16936e-15 1e-20
5317.5 8.2162602e-15 1e-20
5319.0 8.0191099e-15 1e-20
5320.5 7.9850304e-15 1e-20
5322.0 7.9931501e-15 1e-20
5323.5 7.9707901e-15 1e-20
5325.0 8.0570401e-15 1e-20
5326.5 8.14803e-15 1e-20
5328.0 8.2774999e-15 1e-20
5329.5 8.2669399e-15 1e-20
5331.0 8.1712904e-15 1e-20
5332.5 8.3309502e-15 1e-20
5334.0 8.5127802e-15 1e-20
5335.5 8.5749194e-15 1e-20
5337.0 8.4947698e-15 1e-20
5338.5 8.4017096e-15 1e-20
5340.0 8.5154797e-15 1e-20
5341.5 8.6107997e-15 1e-20
5343.0 8.7309996e-15 1e-20
5344.5 8.7877703e-15 1e-20
5346.0 8.6084297e-15 1e-20
5347.5 8.5127802e-15 1e-20
5349.0 8.6272999e-15 1e-20
5350.5 8.6240795e-15 1e-20
5352.0 8.4436395e-15 1e-20
5353.5 8.5231801e-15 1e-20
5355.0 8.87225e-15 1e-20
5356.5 8.9167802e-15 1e-20
5358.0 8.7389406e-15 1e-20
5359.5 8.6883896e-15 1e-20
5361.0 8.8450094e-15 1e-20
5362.5 8.8820298e-15 1e-20
5364.0 8.7530606e-15 1e-20
5365.5 8.4800297e-15 1e-20
5367.0 8.5974395e-15 1e-20
5368.5 8.7912e-15 1e-20
5370.0 8.6886302e-15 1e-20
5371.5 8.5924301e-15 1e-20
5373.0 8.5425704e-15 1e-20
5374.5 8.3953603e-15 1e-20
5376.0 8.4882002e-15 1e-20
5377.5 8.4938202e-15 1e-20
5379.0 8.6795e-15 1e-20
5380.5 8.73133e-15 1e-20
5382.0 8.7018998e-15 1e-20
5383.5 8.7071895e-15 1e-20
5385.0 8.50133e-15 1e-20
5386.5 8.4253503e-15 1e-20
5388.0 8.7009494e-15 1e-20
5389.5 8.7684605e-15 1e-20
5391.0 8.7751402e-15 1e-20
5392.5 8.6424999e-15 1e-20
5394.0 8.5703497e-15 1e-20
5395.5 8.47227e-15 1e-20
5397.0 8.3315499e-15 1e-20
5398.5 8.4462797e-15 1e-20
5400.0 8.50921e-15 1e-20
5401.5 8.4533194e-15 1e-20
5403.0 8.2205403e-15 1e-20
5404.5 8.1880507e-15 1e-20
5406.0 8.1511404e-15 1e-20
5407.5 8.3895996e-15 1e-20
5409.0 8.47737e-15 1e-20
5410.5 8.1776203e-15 1e-20
5412.0 8.1250399e-15 1e-20
5413.5 8.12618e-15 1e-20
5415.0 8.0017297e-15 1e-20
5416.5 8.1336898e-15 1e-20
5418.0 8.1756399e-15 1e-20
5419.5 7.9959106e-15 1e-20
5421.0 7.7068301e-15 1e-20
5422.5 7.6082803e-15 1e-20
5424.0 7.58322e-15 1e-20
5425.5 7.4542796e-15 1e-20
5427.0 7.55122e-15 1e-20
5428.5 7.6417102e-15 1e-20
5430.0 7.5336601e-15 1e-20
5431.5 7.4569503e-15 1e-20
5433.0 7.2642698e-15 1e-20
5434.5 7.2308204e-15 1e-20
5436.0 7.1219504e-15 1e-20
5437.5 7.1161796e-15 1e-20
5439.0 7.1952899e-15 1e-20
5440.5 7.1258104e-15 1e-20
5442.0 7.1408096e-15 1e-20
5443.5 6.9787405e-15 1e-20
5445.0 6.7472701e-15 1e-20
5446.5 6.8876899e-15 1e-20
5448.0 7.0075997e-15 1e-20
5449.5 6.8418798e-15 1e-20
5451.0 6.7438404e-15 1e-20
5452.5 6.7412502e-15 1e-20
5454.0 6.7761103e-15 1e-20
5455.5 6.6945601e-15 1e-20
5457.0 6.5593702e-15 1e-20
5458.5 6.7717298e-15 1e-20
5460.0 6.5125801e-15 1e-20
5461.5 6.6418602e-15 1e-20
5463.0 6.5849502e-15 1e-20
5464.5 6.6148102e-15 1e-20
5466.0 6.7448501e-15 1e-20
5467.5 6.8181803e-15 1e-20
5469.0 6.83558e-15 1e-20
5470.5 6.78833e-15 1e-20
5472.0 6.8985099e-15 1e-20
5473.5 6.6153798e-15 1e-20
5475.0 6.67101e-15 1e-20
5476.5 6.91405e-15 1e-20
5478.0 7.0303404e-15 1e-20
5479.5 6.9496004e-15 1e-20
5481.0 7.0689999e-15 1e-20
5482.5 7.2804896e-15 1e-20
5484.0 7.3105203e-15 1e-20
5485.5 7.1733696e-15 1e-20
5487.0 7.3355501e-15 1e-20
5488.5 7.5413596e-15 1e-20
5490.0 7.4786301e-15 1e-20
5491.5 7.5171701e-15 1e-20
5493.0 7.5672899e-15 1e-20
5494.5 7.6225698e-15 1e-20
5496.0 7.7659098e-15 1e-20
5497.5 7.9918295e-15 1e-20
5499.0 7.9038703e-15 1e-20
5500.5 7.8603099e-15 1e-20
5502.0 8.0710695e-15 1e-20
5503.5 8.13087e-15 1e-20
5505.0 8.1579403e-15 1e-20
5506.5 8.1529996e-15 1e-20
5508.0 8.2183202e-15 1e-20
5509.5 8.5210693e-15 1e-20
5511.0 8.70315e-15 1e-20
5512.5 8.5302299e-15 1e-20
5514.0 8.377e-15 1e-20
5515.5 8.4406994e-15 1e-20
5517.0 8.7378597e-15 1e-20
5518.5 8.6893298e-15 1e-20
5520.0 8.65894e-15 1e-20
5521.5 8.8854705e-15 1e-20
5523.0 8.9557302e-15 1e-20
5524.5 8.9012202e-15 1e-20
5526.0 9.2814796e-15 1e-20
5527.5 9.1392407e-15 1e-20
5529.0 8.9065303e-15 1e-20
5530.5 9.0045794e-15 1e-20
5532.0 9.3216298e-15 1e-20
5533.5 9.4963303e-15 1e-20
5535.0 9.3241505e-15 1e-20
5536.5 9.24817e-15 1e-20
5538.0 9.4213899e-15 1e-20
5539.5 9.4297899e-15 1e-20
5541.0 9.5343706e-15 1e-20
5542.5 9.4513105e-15 1e-20
5544.0 9.4305599e-15 1e-20
5545.5 9.5234303e-15 1e-20
5547.0 9.6711901e-15 1e-20
5548.5 9.60116e-15 1e-20
5550.0 9.5482399e-15 1e-20
5551.5 9.7307399e-15 1e-20
5553.0 9.7110701e-15 1e-20
5554.5 9.48822e-15 1e-20
5556.0 9.5611004e-15 1e-20
5557.5 9.5164202e-15 1e-20
5559.0 9.4424895e-15 1e-20
5560.5 9.6096201e-15 1e-20
5562.0 9.5200303e-15 1e-20
5563.5 9.2883905e-15 1e-20
5565.0 9.3647802e-15 1e-20
5566.5 9.5452499e-15 1e-20
5568.0 9.5110196e-15 1e-20
5569.5 9.4510403e-15 1e-20
5571.0 9.45545e-15 1e-20
5572.5 9.4213001e-15 1e-20
5574.0 9.5432398e-15 1e-20
5575.5 9.6279601e-15 1e-20
5577.0 9.6618007e-15 1e-20
5578.5 9.5507496e-15 1e-20
5580.0 9.45097e-15 1e-20
5581.5 9.3524203e-15 1e-20
5583.0 9.3412504e-15 1e-20
5584.5 9.6608199e-15 1e-20
5586.0 9.91644e-15 1e-20
5587.5 9.9519798e-15 1e-20
5589.0 9.8659501e-15 1e-20
5590.5 9.6624199e-15 1e-20
5592.0 9.6015801e-15 1e-20
5593.5 9.6390494e-15 1e-20
5595.0 9.9494997e-15 1e-20
5596.5 9.7767202e-15 1e-20
5598.0 9.5834595e-15 1e-20
5599.5 9.7414803e-15 1e-20
5601.0 9.6701203e-15 1e-20
5602.5 9.5948597e-15 1e-20
5604.0 9.7175101e-15 1e-20
5605.5 9.8830102e-15 1e-20
5607.0 9.7581702e-15 1e-20
5608.5 9.67103e-15 1e-20
5610.0 9.8293108e-15 1e-20
5611.5 9.7547601e-15 1e-20
5613.0 9.7949196e-15 1e-20
5614.5 9.9824603e-15 1e-20
5616.0 9.8352206e-15 1e-20
5617.5 9.7540596e-15 1e-20
5619.0 9.9826297e-15 1e-20
5620.5 9.9934099e-15 1e-20
5622.0 9.7099503e-15 1e-20
5623.5 9.7718896e-15 1e-20
5625.0 9.9482207e-15 1e-20
5626.5 9.8062495e-15 1e-20
5628.0 9.76408e-15 1e-20
5629.5 9.8874596e-15 1e-20
5631.0 9.8073905e-15 1e-20
5632.5 9.7613203e-15 1e-20
5634.0 9.7882797e-15 1e-20
5635.5 9.8080596e-15 1e-20
5637.0 9.85054e-15 1e-20
5638.5 9.8941004e-15 1e-20
5640.0 9.7908699e-15 1e-20
5641.5 9.5812505e-15 1e-20
5643.0 9.6789997e-15 1e-20
5644.5 9.7967797e-15 1e-20
5646.0 9.7743706e-15 1e-20
5647.5 9.7519598e-15 1e-20
5649.0 9.7295507e-15 1e-20
5650.5 9.7295507e-15 1e-20
5652.0 9.6905101e-15 1e-20
5653.5 9.7738801e-15 1e-20
5655.0 9.8749507e-15 1e-20
5656.5 9.8501504e-15 1e-20
5658.0 9.8964399e-15 1e-20
5659.5 1.01618e-14 1e-20
5661.0 9.9871597e-15 1e-20
5662.5 9.7238595e-15 1e-20
5664.0 9.9465597e-15 1e-20
5665.5 1.00122e-14 1e-20
5667.0 9.9695795e-15 1e-20
5668.5 9.8876799e-15 1e-20
5670.0 9.6334107e-15 1e-20
5671.5 9.6344001e-15 1e-20
5673.0 9.7755903e-15 1e-20
5674.5 1.00033e-14 1e-20
5676.0 9.7068392e-15 1e-20
5677.5 9.5883401e-15 1e-20
5679.0 9.84008e-15 1e-20
5680.5 9.7079403e-15 1e-20
5682.0 9.6330601e-15 1e-20
5683.5 9.5822898e-15 1e-20
5685.0 9.7347006e-15 1e-20
5686.5 9.8679e-15 1e-20
5688.0 9.7287299e-15 1e-20
5689.5 9.8266198e-15 1e-20
5691.0 9.7985695e-15 1e-20
5692.5 9.6376603e-15 1e-20
5694.0 9.4593201e-15 1e-20
5695.5 9.47168e-15 1e-20
5697.0 9.66134e-15 1e-20
5698.5 9.65253e-15 1e-20
5700.0 9.6775801e-15 1e-20
5701.5 9.4161993e-15 1e-20
5703.0 9.3115501e-15 1e-20
5704.5 9.4388202e-15 1e-20
5706.0 9.41547e-15 1e-20
5707.5 9.3018795e-15 1e-20
5709.0 9.3319305e-15 1e-20
5710.5 9.5530993e-15 1e-20
5712.0 9.46926e-15 1e-20
5713.5 9.0771701e-15 1e-20
5715.0 8.9496502e-15 1e-20
5716.5 8.9632501e-15 1e-20
5718.0 8.8488304e-15 1e-20
5719.5 8.6305602e-15 1e-20
5721.0 8.5246404e-15 1e-20
5722.5 8.5936405e-15 1e-20
5724.0 8.5989302e-15 1e-20
5725.5 8.5206805e-15 1e-20
5727.0 8.4244101e-15 1e-20
5728.5 8.5181902e-15 1e-20
5730.0 8.3023798e-15 1e-20
5731.5 8.24211e-15 1e-20
5733.0 8.3509707e-15 1e-20
5734.5 8.4615601e-15 1e-20
5736.0 8.2166897e-15 1e-20
5737.5 8.2396299e-15 1e-20
5739.0 7.8235995e-15 1e-20
5740.5 7.6215e-15 1e-20
5742.0 7.8162396e-15 1e-20
5743.5 7.8754803e-15 1e-20
5745.0 7.8039399e-15 1e-20
5746.5 7.66535e-15 1e-20
5748.0 7.6572397e-15 1e-20
5749.5 7.5473499e-15 1e-20
5751.0 7.4062799e-15 1e-20
5752.5 7.5101101e-15 1e-20
5754.0 7.5215501e-15 1e-20
5755.5 7.6552297e-15 1e-20
5757.0 7.5909797e-15 1e-20
5758.5 7.4467198e-15 1e-20
5760.0 7.48831e-15 1e-20
5761.5 7.4734005e-15 1e-20
5763.0 7.3510703e-15 1e-20
5764.5 7.3493102e-15 1e-20
5766.0 7.2599101e-15 1e-20
5767.5 7.3309101e-15 1e-20
5769.0 7.3604105e-15 1e-20
5770.5 7.3172e-15 1e-20
5772.0 7.3284401e-15 1e-20
5773.5 7.3995096e-15 1e-20
5775.0 7.2556199e-15 1e-20
5776.5 7.3477499e-15 1e-20
5778.0 7.3795603e-15 1e-20
5779.5 7.1160305e-15 1e-20
5781.0 7.0846302e-15 1e-20
5782.5 7.1164396e-15 1e-20
5784.0 7.1703499e-15 1e-20
5785.5 7.2085096e-15 1e-20
5787.0 7.2312295e-15 1e-20
5788.5 7.2009405e-15 1e-20
5790.0 7.2904202e-15 1e-20
5791.5 7.4064205e-15 1e-20
5793.0 7.5909102e-15 1e-20
5794.5 7.6907398e-15 1e-20
5796.0 7.4319298e-15 1e-20
5797.5 7.2158195e-15 1e-20
5799.0 7.4058699e-15 1e-20
5800.5 7.6013601e-15 1e-20
5802.0 7.4976002e-15 1e-20
5803.5 7.5113103e-15 1e-20
5805.0 7.7202598e-15 1e-20
5806.5 7.6463096e-15 1e-20
5808.0 7.4038498e-15 1e-20
5809.5 7.3856301e-15 1e-20
5811.0 7.8048801e-15 1e-20
5812.5 7.8890497e-15 1e-20
5814.0 7.9870303e-15 1e-20
5815.5 7.8943098e-15 1e-20
5817.0 7.8629501e-15 1e-20
5818.5 8.2141596e-15 1e-20
5820.0 8.2967097e-15 1e-20
5821.5 7.8924396e-15 1e-20
5823.0 7.9749101e-15 1e-20
5824.5 8.3856999e-15 1e-20
5826.0 8.3007603e-15 1e-20
5827.5 8.3167802e-15 1e-20
5829.0 8.4224899e-15 1e-20
5830.5 8.45547e-15 1e-20
5832.0 8.3832706e-15 1e-20
5833.5 8.2691803e-15 1e-20
5835.0 8.26906e-15 1e-20
5836.5 8.3301498e-15 1e-20
5838.0 8.3973e-15 1e-20
5839.5 8.3425503e-15 1e-20
5841.0 8.3514704e-15 1e-20
5842.5 8.4562196e-15 1e-20
5844.0 8.37772e-15 1e-20
5845.5 8.4176796e-15 1e-20
5847.0 8.65796e-15 1e-20
5848.5 8.6366698e-15 1e-20
5850.0 8.51019e-15 1e-20
5851.5 8.5094404e-15 1e-20
5853.0 8.5356899e-15 1e-20
5854.5 8.6048502e-15 1e-20
5856.0 8.6757299e-15 1e-20
5857.5 8.8021699e-15 1e-20
5859.0 8.9084505e-15 1e-20
5860.5 8.7706408e-15 1e-20
5862.0 8.7469594e-15 1e-20
5863.5 8.8341708e-15 1e-20
5865.0 8.7966006e-15 1e-20
5866.5 8.8960804e-15 1e-20
5868.0 8.9114507e-15 1e-20
5869.5 8.7655298e-15 1e-20
5871.0 8.7602502e-15 1e-20
5872.5 8.7819402e-15 1e-20
5874.0 8.81892e-15 1e-20
5875.5 8.7429707e-15 1e-20
5877.0 8.83443e-15 1e-20
5878.5 8.8742702e-15 1e-20
5880.0 8.86045e-15 1e-20
5881.5 8.8877202e-15 1e-20
5883.0 8.7859399e-15 1e-20
5884.5 8.9818298e-15 1e-20
5886.0 8.7290099e-15 1e-20
5887.5 8.2844498e-15 1e-20
5889.0 8.4548305e-15 1e-20
5890.5 8.5896705e-15 1e-20
5892.0 8.3565704e-15 1e-20
5893.5 8.4049699e-15 1e-20
5895.0 8.252e-15 1e-20
5896.5 8.3211805e-15 1e-20
5898.0 8.5859808e-15 1e-20
5899.5 8.5600904e-15 1e-20
5901.0 8.7688002e-15 1e-20
5902.5 8.8722398e-15 1e-20
5904.0 8.7832201e-15 1e-20
5905.5 9.0083106e-15 1e-20
5907.0 9.2446497e-15 1e-20
5908.5 9.1347506e-15 1e-20
5910.0 8.9791201e-15 1e-20
5911.5 8.8585298e-15 1e-20
5913.0 8.8900809e-15 1e-20
5914.5 9.0860902e-15 1e-20
5916.0 9.1362397e-15 1e-20
5917.5 9.0422199e-15 1e-20
5919.0 9.0683203e-15 1e-20
5920.5 9.0231599e-15 1e-20
5922.0 9.0879698e-15 1e-20
5923.5 9.1614601e-15 1e-20
5925.0 9.19938e-15 1e-20
5926.5 9.3463699e-15 1e-20
5928.0 9.37734e-15 1e-20
5929.5 9.1615499e-15 1e-20
5931.0 9.1335402e-15 1e-20
5932.5 9.2770792e-15 1e-20
5934.0 9.3072997e-15 1e-20
5935.5 9.2323703e-15 1e-20
5937.0 9.1098698e-15 1e-20
5938.5 9.10277e-15 1e-20
5940.0 9.0047903e-15 1e-20
5941.5 8.9557598e-15 1e-20
5943.0 9.0369996e-15 1e-20
5944.5 9.2454993e-15 1e-20
5946.0 9.1541409e-15 1e-20
5947.5 8.9572099e-15 1e-20
5949.0 9.3260098e-15 1e-20
5950.5 9.3265697e-15 1e-20
5952.0 9.3631801e-15 1e-20
5953.5 9.2639197e-15 1e-20
5955.0 9.4659007e-15 1e-20
5956.5 9.4300898e-15 1e-20
5958.0 9.1812205e-15 1e-20
5959.5 9.2530006e-15 1e-20
5961.0 9.5232499e-15 1e-20
5962.5 9.4493403e-15 1e-20
5964.0 9.3795499e-15 1e-20
5965.5 9.42186e-15 1e-20
5967.0 9.2067696e-15 1e-20
5968.5 9.4601205e-15 1e-20
5970.0 9.4228799e-15 1e-20
5971.5 9.3842806e-15 1e-20
5973.0 9.2687902e-15 1e-20
5974.5 9.2823401e-15 1e-20
5976.0 9.3856604e-15 1e-20
5977.5 9.31948e-15 1e-20
5979.0 9.1526501e-15 1e-20
5980.5 9.22081e-15 1e-20
5982.0 9.4861803e-15 1e-20
5983.5 9.3740399e-15 1e-20
5985.0 9.3907002e-15 1e-20
5986.5 9.4854095e-15 1e-20
5988.0 9.1846798e-15 1e-20
5989.5 8.9772304e-15 1e-20
5991.0 9.0475401e-15 1e-20
5992.5 9.0804194e-15 1e-20
5994.0 8.9745106e-15 1e-20
5995.5 8.80161e-15 1e-20
5997.0 8.80027e-15 1e-20
5998.5 8.93367e-15 1e-20
6000.0 9.0409298e-15 1e-20
6001.5 8.9987696e-15 1e-20
6003.0 8.8429901e-15 1e-20
6004.5 8.9319599e-15 1e-20
6006.0 8.8545707e-15 1e-20
6007.5 8.47155e-15 1e-20
6009.0 8.3280898e-15 1e-20
6010.5 8.5784795e-15 1e-20
6012.0 8.6950397e-15 1e-20
6013.5 8.4709199e-15 1e-20
6015.0 8.3560596e-15 1e-20
6016.5 8.3540403e-15 1e-20
6018.0 8.20218e-15 1e-20
6019.5 7.9475501e-15 1e-20
6021.0 8.0422898e-15 1e-20
6022.5 8.0506899e-15 1e-20
6024.0 8.0190295e-15 1e-20
6025.5 7.9558705e-15 1e-20
6027.0 7.7235598e-15 1e-20
6028.5 7.7551897e-15 1e-20
6030.0 7.6175003e-15 1e-20
6031.5 7.6171801e-15 1e-20
6033.0 7.4520603e-15 1e-20
6034.5 7.3980002e-15 1e-20
6036.0 7.0709502e-15 1e-20
6037.5 7.1971602e-15 1e-20
6039.0 7.0652399e-15 1e-20
6040.5 7.1831299e-15 1e-20
6042.0 7.09714e-15 1e-20
6043.5 6.9691902e-15 1e-20
6045.0 6.8545798e-15 1e-20
6046.5 6.7399703e-15 1e-20
6048.0 6.62536e-15 1e-20
6049.5 6.5107497e-15 1e-20
6051.0 6.3961402e-15 1e-20
6052.5 6.2815298e-15 1e-20
6054.0 6.2815298e-15 1e-20
6055.5 6.1489603e-15 1e-20
6057.0 5.9163401e-15 1e-20
6058.5 5.83083e-15 1e-20
6060.0 5.90812e-15 1e-20
6061.5 5.7287799e-15 1e-20
6063.0 5.5813e-15 1e-20
6064.5 5.3797498e-15 1e-20
6066.0 5.2712698e-15 1e-20
6067.5 5.2280402e-15 1e-20
6069.0 5.1351199e-15 1e-20
6070.5 5.0731501e-15 1e-20
6072.0 5.1409602e-15 1e-20
6073.5 5.0825903e-15 1e-20
6075.0 4.9416698e-15 1e-20
6076.5 4.8620102e-15 1e-20
6078.0 4.7174704e-15 1e-20
6079.5 4.7446999e-15 1e-20
6081.0 4.7359802e-15 1e-20
6082.5 4.5690096e-15 1e-20
6084.0 4.4305202e-15 1e-20
6085.5 4.4215598e-15 1e-20
6087.0 4.3615598e-15 1e-20
6088.5 4.21882e-15 1e-20
6090.0 4.1838498e-15 1e-20
6091.5 4.22882e-15 1e-20
6093.0 4.0828699e-15 1e-20
6094.5 3.8910199e-15 1e-20
6096.0 3.9378701e-15 1e-20
6097.5 4.0102703e-15 1e-20
6099.0 3.8817898e-15 1e-20
6100.5 3.7987103e-15 1e-20
6102.0 3.94381e-15 1e-20
6103.5 3.8304299e-15 1e-20
6105.0 3.65466e-15 1e-20
6106.5 3.5386201e-15 1e-20
6108.0 3.52746e-15 1e-20
6109.5 3.6055499e-15 1e-20
6111.0 3.50614e-15 1e-20
6112.5 3.2947699e-15 1e-20
6114.0 3.35694e-15 1e-20
6115.5 3.37881e-15 1e-20
6117.0 3.36892e-15 1e-20
6118.5 3.28443e-15 1e-20
6120.0 3.1698002e-15 1e-20
6121.5 3.2788201e-15 1e-20
6123.0 3.3698202e-15 1e-20
6124.5 3.41873e-15 1e-20
6126.0 3.26668e-15 1e-20
6127.5 3.2517199e-15 1e-20
6129.0 3.6056799e-15 1e-20
6130.5 3.4942902e-15 1e-20
6132.0 3.34536e-15 1e-20
6133.5 3.3187498e-15 1e-20
6135.0 3.2927499e-15 1e-20
6136.5 3.2947401e-15 1e-20
6138.0 3.3726999e-15 1e-20
6139.5 3.41135e-15 1e-20
6141.0 3.3384198e-15 1e-20
6142.5 3.3188701e-15 1e-20
6144.0 3.39199e-15 1e-20
6145.5 3.36811e-15 1e-20
6147.0 3.3863299e-15 1e-20
6148.5 3.4009701e-15 1e-20
6150.0 3.38029e-15 1e-20
6151.5 3.43801e-15 1e-20
6153.0 3.4976599e-15 1e-20
6154.5 3.4496501e-15 1e-20
6156.0 3.5372801e-15 1e-20
6157.5 3.60777e-15 1e-20
6159.0 3.6282199e-15 1e-20
6160.5 3.6650002e-15 1e-20
6162.0 3.7468901e-15 1e-20
6163.5 3.7713498e-15 1e-20
6165.0 3.86547e-15 1e-20
6166.5 3.7507102e-15 1e-20
6168.0 3.80475e-15 1e-20
6169.5 3.8914299e-15 1e-20
6171.0 4.02862e-15 1e-20
6172.5 3.92454e-15 1e-20
6174.0 4.0132099e-15 1e-20
6175.5 4.05884e-15 1e-20
6177.0 4.2540104e-15 1e-20
6178.5 4.2496799e-15 1e-20
6180.0 4.3792302e-15 1e-20
6181.5 4.4145799e-15 1e-20
6183.0 4.4229397e-15 1e-20
6184.5 4.4456503e-15 1e-20
6186.0 4.5106203e-15 1e-20
6187.5 4.68393e-15 1e-20
6189.0 4.76006e-15 1e-20
6190.5 4.5886303e-15 1e-20
6192.0 4.6689502e-15 1e-20
6193.5 4.6156604e-15 1e-20
6195.0 4.8536301e-15 1e-20
6196.5 5.1513101e-15 1e-20
6198.0 5.09811e-15 1e-20
6199.5 5.06534e-15 1e-20
6201.0 5.1077899e-15 1e-20
6202.5 5.2190401e-15 1e-20
6204.0 5.2887001e-15 1e-20
6205.5 5.3838803e-15 1e-20
6207.0 5.5994803e-15 1e-20
6208.5 5.7483302e-15 1e-20
6210.0 5.7758198e-15 1e-20
6211.5 5.74801e-15 1e-20
6213.0 5.9458401e-15 1e-20
6214.5 6.0269397e-15 1e-20
6216.0 6.0559904e-15 1e-20
6217.5 6.21608e-15 1e-20
6219.0 6.1105999e-15 1e-20
6220.5 6.1979497e-15 1e-20
6222.0 6.4198397e-15 1e-20
6223.5 6.4144302e-15 1e-20
6225.0 6.4985499e-15 1e-20
6226.5 6.64942e-15 1e-20
6228.0 6.64811e-15 1e-20
6229.5 6.5891701e-15 1e-20
6231.0 6.6058799e-15 1e-20
6232.5 6.7396696e-15 1e-20
6234.0 6.7461198e-15 1e-20
6235.5 6.87734e-15 1e-20
6237.0 6.8755697e-15 1e-20
6238.5 7.07473e-15 1e-20
6240.0 7.07233e-15 1e-20
6241.5 6.98814e-15 1e-20
6243.0 7.1278297e-15 1e-20
6244.5 7.1828199e-15 1e-20
6246.0 7.3122601e-15 1e-20
6247.5 7.3211099e-15 1e-20
6249.0 7.1604599e-15 1e-20
6250.5 7.0586999e-15 1e-20
6252.0 7.28036e-15 1e-20
6253.5 7.5246604e-15 1e-20
6255.0 7.5065195e-15 1e-20
6256.5 7.4312098e-15 1e-20
6258.0 7.4595295e-15 1e-20
6259.5 7.5235499e-15 1e-20
6261.0 7.6107299e-15 1e-20
6262.5 7.8062497e-15 1e-20
6264.0 7.8421605e-15 1e-20
6265.5 7.8571903e-15 1e-20
6267.0 7.9213403e-15 1e-20
6268.5 7.80879e-15 1e-20
6270.0 8.1293199e-15 1e-20
6271.5 7.9477398e-15 1e-20
6273.0 7.9590299e-15 1e-20
6274.5 8.1553094e-15 1e-20
6276.0 8.0417698e-15 1e-20
6277.5 8.1337499e-15 1e-20
6279.0 8.3798198e-15 1e-20
6280.5 8.49432e-15 1e-20
6282.0 8.2822797e-15 1e-20
6283.5 8.22655e-15 1e-20
6285.0 8.3558996e-15 1e-20
6286.5 8.4376696e-15 1e-20
6288.0 8.4678807e-15 1e-20
6289.5 8.4726004e-15 1e-20
6291.0 8.4383599e-15 1e-20
6292.5 8.5203197e-15 1e-20
6294.0 8.7444598e-15 1e-20
6295.5 8.8816207e-15 1e-20
6297.0 8.9172495e-15 1e-20
6298.5 8.8335397e-15 1e-20
6300.0 8.8469601e-15 1e-20
6301.5 8.9921399e-15 1e-20
6303.0 8.8421202e-15 1e-20
6304.5 8.8162001e-15 1e-20
6306.0 8.9669906e-15 1e-20
6307.5 8.8851901e-15 1e-20
6309.0 8.79512e-15 1e-20
6310.5 8.8514604e-15 1e-20
6312.0 8.9977701e-15 1e-20
6313.5 9.0216107e-15 1e-20
6315.0 8.9104503e-15 1e-20
6316.5 9.0575401e-15 1e-20
6318.0 9.1349098e-15 1e-20
6319.5 9.1628797e-15 1e-20
6321.0 9.1783508e-15 1e-20
6322.5 8.9873897e-15 1e-20
6324.0 9.1131699e-15 1e-20
6325.5 9.1218901e-15 1e-20
6327.0 8.9409198e-15 1e-20
6328.5 9.1267207e-15 1e-20
6330.0 9.0725098e-15 1e-20
6331.5 9.0740302e-15 1e-20
6333.0 8.8450204e-15 1e-20
6334.5 8.89224e-15 1e-20
6336.0 9.1360194e-15 1e-20
6337.5 9.0317006e-15 1e-20
6339.0 8.7376006e-15 1e-20
6340.5 8.80764e-15 1e-20
6342.0 8.9262602e-15 1e-20
6343.5 9.0178702e-15 1e-20
6345.0 8.9271496e-15 1e-20
6346.5 8.8756906e-15 1e-20
6348.0 8.9619999e-15 1e-20
6349.5 8.6971395e-15 1e-20
6351.0 8.79656e-15 1e-20
6352.5 8.8445503e-15 1e-20
6354.0 8.87354e-15 1e-20
6355.5 9.0757395e-15 1e-20
6357.0 9.0311703e-15 1e-20
6358.5 8.7592406e-15 1e-20
6360.0 8.6784404e-15 1e-20
6361.5 8.7666394e-15 1e-20
6363.0 8.8859304e-15 1e-20
6364.5 8.7911703e-15 1e-20
6366.0 8.7584401e-15 1e-20
6367.5 8.7365596e-15 1e-20
6369.0 8.6862898e-15 1e-20
6370.5 8.9115405e-15 1e-20
6372.0 8.8540803e-15 1e-20
6373.5 8.6786403e-15 1e-20
6375.0 8.6963501e-15 1e-20
6376.5 8.68424e-15 1e-20
6378.0 8.7198196e-15 1e-20
6379.5 8.8224097e-15 1e-20
6381.0 8.8707397e-15 1e-20
6382.5 8.7970402e-15 1e-20
6384.0 8.7590601e-15 1e-20
6385.5 8.8093798e-15 1e-20
6387.0 8.7276293e-15 1e-20
6388.5 8.8539498e-15 1e-20
6390.0 8.8170904e-15 1e-20
6391.5 8.6909502e-15 1e-20
6393.0 8.6684801e-15 1e-20
6394.5 8.6751497e-15 1e-20
6396.0 8.7487094e-15 1e-20
6397.5 8.6997102e-15 1e-20
6399.0 8.8229307e-15 1e-20
6400.5 8.8005105e-15 1e-20
6402.0 8.6579507e-15 1e-20
6403.5 8.5140694e-15 1e-20
6405.0 8.7957299e-15 1e-20
6406.5 8.8134896e-15 1e-20
6408.0 8.7444497e-15 1e-20
6409.5 8.7924298e-15 1e-20
6411.0 8.7573e-15 1e-20
6412.5 8.6246301e-15 1e-20
6414.0 8.3367397e-15 1e-20
6415.5 8.4195803e-15 1e-20
6417.0 8.3881105e-15 1e-20
6418.5 8.4493908e-15 1e-20
6420.0 8.4835898e-15 1e-20
6421.5 8.6145605e-15 1e-20
6423.0 8.5910503e-15 1e-20
6424.5 8.4575994e-15 1e-20
6426.0 8.5206297e-15 1e-20
6427.5 8.4811003e-15 1e-20
6429.0 8.38076e-15 1e-20
6430.5 8.3760208e-15 1e-20
6432.0 8.3409206e-15 1e-20
6433.5 8.2353896e-15 1e-20
6435.0 8.3789499e-15 1e-20
6436.5 8.5299199e-15 1e-20
6438.0 8.3974804e-15 1e-20
6439.5 8.3618601e-15 1e-20
6441.0 8.32769e-15 1e-20
6442.5 8.2841101e-15 1e-20
6444.0 8.19368e-15 1e-20
6445.5 8.1270905e-15 1e-20
6447.0 8.1236499e-15 1e-20
6448.5 8.1398198e-15 1e-20
6450.0 8.0740604e-15 1e-20
6451.5 8.0988699e-15 1e-20
6453.0 8.2332695e-15 1e-20
6454.5 8.28132e-15 1e-20
6456.0 8.2293596e-15 1e-20
6457.5 8.2261604e-15 1e-20
6459.0 8.1551104e-15 1e-20
6460.5 7.9881102e-15 1e-20
6462.0 7.9691299e-15 1e-20
6463.5 8.1027299e-15 1e-20
6465.0 8.23371e-15 1e-20
6466.5 7.9294803e-15 1e-20
6468.0 7.63696e-15 1e-20
6469.5 7.8607995e-15 1e-20
6471.0 7.8599601e-15 1e-20
6472.5 7.8354004e-15 1e-20
6474.0 8.01221e-15 1e-20
6475.5 7.8345499e-15 1e-20
6477.0 8.0334299e-15 1e-20
6478.5 7.9772301e-15 1e-20
6480.0 7.8101799e-15 1e-20
6481.5 7.7094203e-15 1e-20
6483.0 7.7162101e-15 1e-20
6484.5 7.9863704e-15 1e-20
6486.0 8.0457093e-15 1e-20
6487.5 7.9812501e-15 1e-20
6489.0 7.8992599e-15 1e-20
6490.5 7.8098606e-15 1e-20
6492.0 7.9038304e-15 1e-20
6493.5 8.1150102e-15 1e-20
6495.0 8.0856706e-15 1e-20
6496.5 8.18291e-15 1e-20
6498.0 8.3660199e-15 1e-20
6499.5 8.1564394e-15 1e-20
6501.0 8.0113698e-15 1e-20
6502.5 8.0550902e-15 1e-20
6504.0 8.1494997e-15 1e-20
6505.5 8.2054597e-15 1e-20
6507.0 8.1586103e-15 1e-20
6508.5 8.18662e-15 1e-20
6510.0 8.0427396e-15 1e-20
6511.5 7.9114698e-15 1e-20
6513.0 7.8532202e-15 1e-20
6514.5 7.7395501e-15 1e-20
6516.0 7.7329e-15 1e-20
6517.5 7.7576597e-15 1e-20
6519.0 7.7783696e-15 1e-20
6520.5 7.9379599e-15 1e-20
6522.0 8.0949499e-15 1e-20
6523.5 8.0374203e-15 1e-20
6525.0 8.0273507e-15 1e-20
6526.5 8.0516902e-15 1e-20
6528.0 8.0427904e-15 1e-20
6529.5 8.0287399e-15 1e-20
6531.0 8.0854504e-15 1e-20
6532.5 8.1562903e-15 1e-20
6534.0 8.0003304e-15 1e-20
6535.5 7.8953398e-15 1e-20
6537.0 7.6904103e-15 1e-20
6538.5 7.6966403e-15 1e-20
6540.0 7.93245e-15 1e-20
6541.5 8.0076801e-15 1e-20
6543.0 7.5589796e-15 1e-20
6544.5 7.5938198e-15 1e-20
6546.0 7.8567803e-15 1e-20
6547.5 7.9519199e-15 1e-20
6549.0 7.9468301e-15 1e-20
6550.5 7.9013698e-15 1e-20
6552.0 7.9103196e-15 1e-20
6553.5 7.4471306e-15 1e-20
6555.0 7.8102299e-15 1e-20
6556.5 7.9031105e-15 1e-20
6558.0 7.8482295e-15 1e-20
6559.5 7.8184199e-15 1e-20
6561.0 7.65685e-15 1e-20
6562.5 7.70796e-15 1e-20
6564.0 7.6926397e-15 1e-20
6565.5 7.6994499e-15 1e-20
6567.0 7.7839295e-15 1e-20
6568.5 7.7582695e-15 1e-20
6570.0 7.66334e-15 1e-20
6571.5 7.6500399e-15 1e-20
6573.0 7.6602704e-15 1e-20
6574.5 7.4788198e-15 1e-20
6576.0 7.7097303e-15 1e-20
6577.5 7.7890101e-15 1e-20
6579.0 7.7642801e-15 1e-20
6580.5 7.6170302e-15 1e-20
6582.0 7.7234201e-15 1e-20
6583.5 7.7934002e-15 1e-20
6585.0 7.7283303e-15 1e-20
6586.5 7.6364399e-15 1e-20
6588.0 7.4739595e-15 1e-20
6589.5 7.52232e-15 1e-20
6591.0 7.6031702e-15 1e-20
6592.5 7.5796701e-15 1e-20
6594.0 7.6986401e-15 1e-20
6595.5 7.7628105e-15 1e-20
6597.0 7.7165803e-15 1e-20
6598.5 7.5120904e-15 1e-20
6600.0 7.6207097e-15 1e-20
6601.5 7.7164795e-15 1e-20
6603.0 7.6566196e-15 1e-20
6604.5 7.5983497e-15 1e-20
6606.0 7.5396198e-15 1e-20
6607.5 7.5162104e-15 1e-20
6609.0 7.5395199e-15 1e-20
6610.5 7.1118106e-15 1e-20
6612.0 7.1735601e-15 1e-20
6613.5 7.6017099e-15 1e-20
6615.0 7.3976495e-15 1e-20
6616.5 7.1448305e-15 1e-20
6618.0 7.3976901e-15 1e-20
6619.5 7.2364896e-15 1e-20
6621.0 7.4322601e-15 1e-20
6622.5 7.4928899e-15 1e-20
6624.0 7.3405603e-15 1e-20
6625.5 7.5165899e-15 1e-20
6627.0 7.2963299e-15 1e-20
6628.5 7.2228998e-15 1e-20
6630.0 7.4319103e-15 1e-20
6631.5 7.3735599e-15 1e-20
6633.0 7.3352198e-15 1e-20
6634.5 7.43112e-15 1e-20
6636.0 7.2577798e-15 1e-20
6637.5 7.0872898e-15 1e-20
6639.0 7.09521e-15 1e-20
6640.5 7.0534403e-15 1e-20
6642.0 7.0694098e-15 1e-20
6643.5 7.2817e-15 1e-20
6645.0 7.2664797e-15 1e-20
6646.5 7.1441495e-15 1e-20
6648.0 7.1236801e-15 1e-20
6649.5 7.0216397e-15 1e-20
6651.0 6.8973097e-15 1e-20
6652.5 7.0420299e-15 1e-20
6654.0 6.9767902e-15 1e-20
6655.5 6.8696799e-15 1e-20
6657.0 6.9196002e-15 1e-20
6658.5 7.0139601e-15 1e-20
6660.0 6.95679e-15 1e-20
6661.5 6.94589e-15 1e-20
6663.0 6.95689e-15 1e-20
6664.5 7.0081702e-15 1e-20
6666.0 7.0538401e-15 1e-20
6667.5 6.9424802e-15 1e-20
6669.0 6.9014203e-15 1e-20
6670.5 6.97616e-15 1e-20
6672.0 6.9950297e-15 1e-20
6673.5 6.97856e-15 1e-20
6675.0 6.9134596e-15 1e-20
6676.5 6.8312102e-15 1e-20
6678.0 6.9190301e-15 1e-20
6679.5 7.0229903e-15 1e-20
6681.0 6.9274302e-15 1e-20
6682.5 6.9102998e-15 1e-20
6684.0 7.09691e-15 1e-20
6685.5 6.8516101e-15 1e-20
6687.0 6.7016302e-15 1e-20
6688.5 6.7884498e-15 1e-20
6690.0 6.8774899e-15 1e-20
6691.5 7.0399598e-15 1e-20
6693.0 6.8714298e-15 1e-20
6694.5 6.5897198e-15 1e-20
6696.0 6.7178996e-15 1e-20
6697.5 6.7701603e-15 1e-20
6699.0 6.6820998e-15 1e-20
6700.5 6.8140103e-15 1e-20
6702.0 6.8257498e-15 1e-20
6703.5 6.80021e-15 1e-20
6705.0 6.79521e-15 1e-20
6706.5 6.6782699e-15 1e-20
6708.0 6.67879e-15 1e-20
6709.5 6.52736e-15 1e-20
6711.0 6.7122101e-15 1e-20
6712.5 6.8322101e-15 1e-20
6714.0 6.75971e-15 1e-20
6715.5 6.6786197e-15 1e-20
6717.0 6.6093701e-15 1e-20
6718.5 6.6024499e-15 1e-20
6720.0 6.48372e-15 1e-20
6721.5 6.4355602e-15 1e-20
6723.0 6.60738e-15 1e-20
6724.5 6.69721e-15 1e-20
6726.0 6.5611701e-15 1e-20
6727.5 6.4400203e-15 1e-20
6729.0 6.5239401e-15 1e-20
6730.5 6.5774798e-15 1e-20
6732.0 6.5528303e-15 1e-20
6733.5 6.5784301e-15 1e-20
6735.0 6.54993e-15 1e-20
6736.5 6.52914e-15 1e-20
6738.0 6.4488502e-15 1e-20
6739.5 6.2874197e-15 1e-20
6741.0 6.2858302e-15 1e-20
6742.5 6.2993997e-15 1e-20
6744.0 6.2686702e-15 1e-20
6745.5 6.2735999e-15 1e-20
6747.0 6.2518303e-15 1e-20
6748.5 6.3084799e-15 1e-20
6750.0 6.2315202e-15 1e-20
6751.5 6.2558499e-15 1e-20
6753.0 6.2343603e-15 1e-20
6754.5 6.16633e-15 1e-20
6756.0 6.1426101e-15 1e-20
6757.5 6.0937799e-15 1e-20
6759.0 6.11751e-15 1e-20
6760.5 6.15165e-15 1e-20
6762.0 6.31704e-15 1e-20
6763.5 6.1300202e-15 1e-20
6765.0 6.0573202e-15 1e-20
6766.5 6.0247798e-15 1e-20
6768.0 5.9145096e-15 1e-20
6769.5 5.8127598e-15 1e-20
6771.0 6.0950801e-15 1e-20
6772.5 6.2415499e-15 1e-20
6774.0 6.1670999e-15 1e-20
6775.5 6.0067202e-15 1e-20
6777.0 6.1453701e-15 1e-20
6778.5 6.0631601e-15 1e-20
6780.0 5.84405e-15 1e-20
6781.5 6.0387702e-15 1e-20
6783.0 6.3758703e-15 1e-20
6784.5 6.2010998e-15 1e-20
6786.0 5.96714e-15 1e-20
6787.5 5.9966697e-15 1e-20
6789.0 5.9481301e-15 1e-20
6790.5 6.1504502e-15 1e-20
6792.0 6.26549e-15 1e-20
6793.5 6.0616799e-15 1e-20
6795.0 5.96809e-15 1e-20
6796.5 5.9834297e-15 1e-20
6798.0 6.0482502e-15 1e-20
6799.5 5.9979703e-15 1e-20
6801.0 5.93298e-15 1e-20
6802.5 5.9323901e-15 1e-20
6804.0 5.98337e-15 1e-20
6805.5 5.94823e-15 1e-20
6807.0 5.9069799e-15 1e-20
6808.5 5.9036697e-15 1e-20
6810.0 6.0374298e-15 1e-20
6811.5 6.0856598e-15 1e-20
6813.0 6.0848797e-15 1e-20
6814.5 5.96719e-15 1e-20
6816.0 5.77995e-15 1e-20
6817.5 5.82228e-15 1e-20
6819.0 5.7829099e-15 1e-20
6820.5 5.8792502e-15 1e-20
6822.0 5.8613401e-15 1e-20
6823.5 5.8120398e-15 1e-20
6825.0 5.8361701e-15 1e-20
6826.5 5.94779e-15 1e-20
6828.0 5.9018698e-15 1e-20
6829.5 5.8537003e-15 1e-20
6831.0 6.05818e-15 1e-20
6832.5 5.8527499e-15 1e-20
6834.0 5.8477101e-15 1e-20
6835.5 5.7944698e-15 1e-20
6837.0 5.7750503e-15 1e-20
6838.5 5.7123097e-15 1e-20
6840.0 5.8063101e-15 1e-20
6841.5 5.89964e-15 1e-20
6843.0 5.9510104e-15 1e-20
6844.5 5.8862501e-15 1e-20
6846.0 5.97e-15 1e-20
6847.5 6.0468899e-15 1e-20
6849.0 6.1514099e-15 1e-20
6850.5 5.9418802e-15 1e-20
6852.0 5.94475e-15 1e-20
6853.5 5.82684e-15 1e-20
6855.0 5.8368303e-15 1e-20
6856.5 6.0295803e-15 1e-20
6858.0 6.0058198e-15 1e-20
6859.5 5.88349e-15 1e-20
6861.0 5.8736301e-15 1e-20
6862.5 5.91654e-15 1e-20
6864.0 6.13681e-15 1e-20
6865.5 5.7268402e-15 1e-20
6867.0 5.7905303e-15 1e-20
6868.5 5.6224497e-15 1e-20
6870.0 5.5462197e-15 1e-20
6871.5 5.7279502e-15 1e-20
6873.0 5.7891598e-15 1e-20
6874.5 5.8681697e-15 1e-20
6876.0 5.92878e-15 1e-20
6877.5 5.8546502e-15 1e-20
6879.0 5.78943e-15 1e-20
6880.5 5.7773199e-15 1e-20
6882.0 5.7278701e-15 1e-20
6883.5 5.6995301e-15 1e-20
6885.0 5.7138602e-15 1e-20
6886.5 5.8163402e-15 1e-20
6888.0 5.99615e-15 1e-20
6889.5 5.89851e-15 1e-20
6891.0 5.48621e-15 1e-20
6892.5 5.4344503e-15 1e-20
6894.0 5.61518e-15 1e-20
6895.5 5.6793e-15 1e-20
6897.0 5.68703e-15 1e-20
6898.5 5.75254e-15 1e-20
6900.0 5.86945e-15 1e-20
6901.5 5.85036e-15 1e-20
6903.0 5.7291098e-15 1e-20
6904.5 5.7771603e-15 1e-20
6906.0 5.9506301e-15 1e-20
6907.5 5.9085203e-15 1e-20
6909.0 5.6794499e-15 1e-20
6910.5 5.8467898e-15 1e-20
6912.0 5.7385203e-15 1e-20
6913.5 5.9563099e-15 1e-20
6915.0 5.9260801e-15 1e-20
6916.5 5.6460599e-15 1e-20
6918.0 5.5889203e-15 1e-20
6919.5 5.50466e-15 1e-20
6921.0 5.5010398e-15 1e-20
6922.5 5.4716202e-15 1e-20
6924.0 5.5899702e-15 1e-20
6925.5 5.8937802e-15 1e-20
6927.0 5.57978e-15 1e-20
6928.5 5.4537601e-15 1e-20
6930.0 5.6590098e-15 1e-20
6931.5 5.7772102e-15 1e-20
6933.0 5.55577e-15 1e-20
6934.5 5.63682e-15 1e-20
6936.0 5.8204398e-15 1e-20
6937.5 5.62654e-15 1e-20
6939.0 5.6601101e-15 1e-20
6940.5 5.7721501e-15 1e-20
6942.0 5.7773199e-15 1e-20
6943.5 5.73724e-15 1e-20
6945.0 5.55966e-15 1e-20
6946.5 5.4348997e-15 1e-20
6948.0 5.6471301e-15 1e-20
6949.5 5.7859402e-15 1e-20
6951.0 5.5553397e-15 1e-20
6952.5 5.3529001e-15 1e-20
6954.0 5.4383704e-15 1e-20
6955.5 5.4431502e-15 1e-20
6957.0 5.3269199e-15 1e-20
6958.5 5.4392602e-15 1e-20
6960.0 5.5855097e-15 1e-20
6961.5 5.5070601e-15 1e-20
6963.0 5.5260002e-15 1e-20
6964.5 5.6240201e-15 1e-20
6966.0 5.6203999e-15 1e-20
6967.5 5.5288602e-15 1e-20
6969.0 5.4929201e-15 1e-20
6970.5 5.5697698e-15 1e-20
6972.0 5.6271901e-15 1e-20
6973.5 5.6902301e-15 1e-20
6975.0 5.5675404e-15 1e-20
6976.5 5.42217e-15 1e-20
6978.0 5.5061597e-15 1e-20
6979.5 5.5143598e-15 1e-20
6981.0 5.4457103e-15 1e-20
6982.5 5.3721701e-15 1e-20
6984.0 5.3990304e-15 1e-20
6985.5 5.4090101e-15 1e-20
6987.0 5.2854399e-15 1e-20
6988.5 5.3609799e-15 1e-20
6990.0 5.47784e-15 1e-20
6991.5 5.1706101e-15 1e-20
6993.0 5.2489802e-15 1e-20
6994.5 5.4744502e-15 1e-20
6996.0 5.5323e-15 1e-20
6997.5 5.22643e-15 1e-20
6999.0 4.9672498e-15 1e-20
7000.5 5.1381103e-15 1e-20
7002.0 5.2117099e-15 1e-20
7003.5 5.2357897e-15 1e-20
7005.0 5.1666397e-15 1e-20
7006.5 5.07907e-15 1e-20
7008.0 4.9710301e-15 1e-20
7009.5 5.1065304e-15 1e-20
7011.0 5.1116499e-15 1e-20
7012.5 5.1524099e-15 1e-20
7014.0 5.0877199e-15 1e-20
7015.5 4.96703e-15 1e-20
7017.0 4.9576402e-15 1e-20
7018.5 5.0293102e-15 1e-20
7020.0 5.2203301e-15 1e-20
7021.5 5.3437801e-15 1e-20
7023.0 5.2411498e-15 1e-20
7024.5 5.1984301e-15 1e-20
7026.0 5.1935901e-15 1e-20
7027.5 5.3321901e-15 1e-20
7029.0 5.3652401e-15 1e-20
7030.5 5.2992503e-15 1e-20
7032.0 5.1906598e-15 1e-20
7033.5 5.0740801e-15 1e-20
7035.0 5.0623797e-15 1e-20
7036.5 5.1040901e-15 1e-20
7038.0 5.1200999e-15 1e-20
7039.5 5.0189802e-15 1e-20
7041.0 4.9884803e-15 1e-20
7042.5 5.0729798e-15 1e-20
7044.0 5.1847399e-15 1e-20
7045.5 5.1128802e-15 1e-20
7047.0 5.0506601e-15 1e-20
7048.5 5.1604199e-15 1e-20
7050.0 5.1253299e-15 1e-20
7051.5 5.2352502e-15 1e-20
7053.0 5.2357703e-15 1e-20
7054.5 5.0743999e-15 1e-20
7056.0 5.2627902e-15 1e-20
7057.5 5.2620901e-15 1e-20
7059.0 5.2709298e-15 1e-20
7060.5 5.0854804e-15 1e-20
7062.0 5.0435899e-15 1e-20
7063.5 5.23918e-15 1e-20
7065.0 5.1615503e-15 1e-20
7066.5 5.03749e-15 1e-20
7068.0 5.2666501e-15 1e-20
7069.5 5.1376301e-15 1e-20
7071.0 5.1914501e-15 1e-20
7072.5 5.0880697e-15 1e-20
7074.0 5.01629e-15 1e-20
7075.5 5.2469401e-15 1e-20
7077.0 5.3033398e-15 1e-20
7078.5 5.1615503e-15 1e-20
7080.0 5.2629901e-15 1e-20
7081.5 5.3505801e-15 1e-20
7083.0 5.2589201e-15 1e-20
7084.5 5.1047601e-15 1e-20
7086.0 5.18776e-15 1e-20
7087.5 5.2474199e-15 1e-20
7089.0 5.2674497e-15 1e-20
7090.5 5.2120398e-15 1e-20
7092.0 5.13719e-15 1e-20
7093.5 5.1957899e-15 1e-20
7095.0 5.08345e-15 1e-20
7096.5 5.0379703e-15 1e-20
7098.0 5.1073097e-15 1e-20
7099.5 5.19049e-15 1e-20
7101.0 5.2213402e-15 1e-20
7102.5 5.23029e-15 1e-20
7104.0 5.1401e-15 1e-20
7105.5 5.0748603e-15 1e-20
7107.0 5.0860301e-15 1e-20
7108.5 5.19062e-15 1e-20
7110.0 5.17975e-15 1e-20
7111.5 5.1588601e-15 1e-20
7113.0 5.1978003e-15 1e-20
7114.5 5.1742202e-15 1e-20
7116.0 5.1838399e-15 1e-20
7117.5 5.19345e-15 1e-20
7119.0 5.20306e-15 1e-20
7120.5 5.21267e-15 1e-20
7122.0 5.22228e-15 1e-20
7123.5 5.2318904e-15 1e-20
7125.0 5.2415e-15 1e-20
7126.5 5.2511202e-15 1e-20
7128.0 5.2511202e-15 1e-20
7129.5 5.1672101e-15 1e-20
7131.0 5.0112803e-15 1e-20
7132.5 4.9986099e-15 1e-20
7134.0 5.1755098e-15 1e-20
7135.5 5.0195901e-15 1e-20
7137.0 5.02257e-15 1e-20
7138.5 5.1088699e-15 1e-20
7140.0 5.2681299e-15 1e-20
7141.5 5.1243901e-15 1e-20
7143.0 5.2064799e-15 1e-20
7144.5 5.3454898e-15 1e-20
7146.0 5.2876803e-15 1e-20
7147.5 5.1085701e-15 1e-20
7149.0 5.0826e-15 1e-20
7150.5 5.2567703e-15 1e-20
7152.0 5.0481902e-15 1e-20
7153.5 5.0414601e-15 1e-20
7155.0 5.0930499e-15 1e-20
7156.5 5.2468901e-15 1e-20
7158.0 5.19711e-15 1e-20
7159.5 5.1212802e-15 1e-20
7161.0 5.0809699e-15 1e-20
7162.5 5.1505499e-15 1e-20
7164.0 5.3425697e-15 1e-20
7165.5 5.4477e-15 1e-20
7167.0 5.3434303e-15 1e-20
7168.5 5.0704002e-15 1e-20
7170.0 4.9354399e-15 1e-20
7171.5 5.0139599e-15 1e-20
7173.0 5.02448e-15 1e-20
7174.5 5.0350099e-15 1e-20
7176.0 5.0455301e-15 1e-20
7177.5 5.0560498e-15 1e-20
7179.0 5.0665797e-15 1e-20
7180.5 5.0665797e-15 1e-20
7182.0 5.12987e-15 1e-20
7183.5 5.05261e-15 1e-20
7185.0 5.0516202e-15 1e-20
7186.5 5.1138102e-15 1e-20
7188.0 5.2873601e-15 1e-20
7189.5 5.2641603e-15 1e-20
7191.0 5.1981603e-15 1e-20
7192.5 5.13613e-15 1e-20
7194.0 4.9972301e-15 1e-20
7195.5 5.1261303e-15 1e-20
7197.0 4.9866401e-15 1e-20
7198.5 5.0782802e-15 1e-20
7200.0 4.97473e-15 1e-20
7201.5 4.9338598e-15 1e-20
7203.0 4.8507802e-15 1e-20
7204.5 4.8649303e-15 1e-20
7206.0 5.14476e-15 1e-20
7207.5 5.0877398e-15 1e-20
7209.0 4.9902302e-15 1e-20
7210.5 4.8481201e-15 1e-20
7212.0 4.7675e-15 1e-20
7213.5 4.9482398e-15 1e-20
7215.0 5.0096002e-15 1e-20
7216.5 4.9723803e-15 1e-20
7218.0 4.88562e-15 1e-20
7219.5 4.8775901e-15 1e-20
7221.0 5.01974e-15 1e-20
7222.5 4.9637101e-15 1e-20
7224.0 4.8320299e-15 1e-20
7225.5 4.9202899e-15 1e-20
7227.0 4.9737902e-15 1e-20
7228.5 4.91821e-15 1e-20
7230.0 5.0099703e-15 1e-20
7231.5 4.88802e-15 1e-20
7233.0 4.81787e-15 1e-20
7234.5 4.85355e-15 1e-20
7236.0 5.0305401e-15 1e-20
7237.5 5.1240902e-15 1e-20
7239.0 5.0378199e-15 1e-20
7240.5 4.9962903e-15 1e-20
7242.0 4.9541102e-15 1e-20
7243.5 4.9056303e-15 1e-20
7245.0 4.7943903e-15 1e-20
7246.5 4.6516398e-15 1e-20
7248.0 4.6575801e-15 1e-20
7249.5 4.7942302e-15 1e-20
7251.0 4.83822e-15 1e-20
7252.5 4.8059099e-15 1e-20
7254.0 4.7739302e-15 1e-20
7255.5 4.6238499e-15 1e-20
7257.0 4.4353097e-15 1e-20
7258.5 4.4543701e-15 1e-20
7260.0 4.9396099e-15 1e-20
7261.5 5.1782199e-15 1e-20
7263.0 5.0226204e-15 1e-20
7264.5 5.1609603e-15 1e-20
7266.0 4.9093399e-15 1e-20
7267.5 4.7916798e-15 1e-20
7269.0 4.9345598e-15 1e-20
7270.5 4.69449e-15 1e-20
7272.0 4.4979902e-15 1e-20
7273.5 4.63269e-15 1e-20
7275.0 4.5371701e-15 1e-20
7276.5 4.3756401e-15 1e-20
7278.0 4.5712301e-15 1e-20
7279.5 4.6188698e-15 1e-20
7281.0 4.46923e-15 1e-20
7282.5 4.3762597e-15 1e-20
7284.0 4.2211201e-15 1e-20
7285.5 4.0942201e-15 1e-20
7287.0 4.4106302e-15 1e-20
7288.5 4.4876398e-15 1e-20
7290.0 4.3444798e-15 1e-20
7291.5 4.3751704e-15 1e-20
7293.0 4.4241598e-15 1e-20
7294.5 4.2459602e-15 1e-20
7296.0 3.9882301e-15 1e-20
7297.5 4.0987001e-15 1e-20
7299.0 4.2407098e-15 1e-20
7300.5 4.2926101e-15 1e-20
7302.0 4.2602801e-15 1e-20
7303.5 4.1991599e-15 1e-20
7305.0 4.3094402e-15 1e-20
7306.5 4.26097e-15 1e-20
7308.0 4.4036697e-15 1e-20
7309.5 4.4981697e-15 1e-20
7311.0 4.3933503e-15 1e-20
7312.5 4.4793703e-15 1e-20
7314.0 4.51993e-15 1e-20
7315.5 4.5254997e-15 1e-20
7317.0 4.4489698e-15 1e-20
7318.5 4.26161e-15 1e-20
7320.0 4.2334698e-15 1e-20
7321.5 4.2278201e-15 1e-20
7323.0 4.2315403e-15 1e-20
7324.5 4.2399801e-15 1e-20
7326.0 4.2235697e-15 1e-20
7327.5 4.3029998e-15 1e-20
7329.0 4.1811799e-15 1e-20
7330.5 4.0242002e-15 1e-20
7332.0 3.9563202e-15 1e-20
7333.5 3.8947202e-15 1e-20
7335.0 3.94819e-15 1e-20
7336.5 4.0339499e-15 1e-20
7338.0 4.14679e-15 1e-20
7339.5 4.1828998e-15 1e-20
7341.0 4.1110702e-15 1e-20
7342.5 4.0152e-15 1e-20
7344.0 4.0470599e-15 1e-20
7345.5 4.00747e-15 1e-20
7347.0 4.0308701e-15 1e-20
7348.5 4.0417702e-15 1e-20
7350.0 3.98248e-15 1e-20
7351.5 3.9789902e-15 1e-20
7353.0 3.96223e-15 1e-20
7354.5 4.1087798e-15 1e-20
7356.0 4.1147798e-15 1e-20
7357.5 4.0625801e-15 1e-20
7359.0 4.2963701e-15 1e-20
7360.5 4.0744e-15 1e-20
7362.0 4.1444403e-15 1e-20
7363.5 4.1583198e-15 1e-20
7365.0 3.97475e-15 1e-20
7366.5 4.0562599e-15 1e-20
7368.0 4.2533001e-15 1e-20
7369.5 4.11219e-15 1e-20
7371.0 3.86253e-15 1e-20
7372.5 3.91421e-15 1e-20
7374.0 4.00845e-15 1e-20
7375.5 4.0752102e-15 1e-20
7377.0 3.9648198e-15 1e-20
7378.5 3.9929298e-15 1e-20
7380.0 3.9440603e-15 1e-20
7381.5 3.84213e-15 1e-20
7383.0 3.80359e-15 1e-20
7384.5 3.8427801e-15 1e-20
7386.0 3.8900598e-15 1e-20
7387.5 3.9461999e-15 1e-20
7389.0 3.9715702e-15 1e-20
7390.5 3.8810601e-15 1e-20
7392.0 3.6958898e-15 1e-20
7393.5 3.6850499e-15 1e-20
7395.0 3.7251099e-15 1e-20
7396.5 3.7997703e-15 1e-20
7398.0 3.9147999e-15 1e-20
7399.5 3.8426598e-15 1e-20
7401.0 3.7629299e-15 1e-20
7402.5 3.8329998e-15 1e-20
7404.0 3.9607502e-15 1e-20
7405.5 4.0484799e-15 1e-20
7407.0 3.9475602e-15 1e-20
7408.5 3.9844997e-15 1e-20
7410.0 3.88585e-15 1e-20
7411.5 3.7628503e-15 1e-20
7413.0 3.7192802e-15 1e-20
7414.5 3.79148e-15 1e-20
7416.0 3.8180302e-15 1e-20
7417.5 3.7319802e-15 1e-20
7419.0 3.68784e-15 1e-20
7420.5 3.7672599e-15 1e-20
7422.0 3.8455601e-15 1e-20
7423.5 3.5814099e-15 1e-20
7425.0 3.4765101e-15 1e-20
7426.5 3.5038699e-15 1e-20
7428.0 3.61545e-15 1e-20
7429.5 3.5838303e-15 1e-20
7431.0 3.75804e-15 1e-20
7432.5 3.6435999e-15 1e-20
7434.0 3.63773e-15 1e-20
7435.5 3.6893799e-15 1e-20
7437.0 3.6147203e-15 1e-20
7438.5 3.5276699e-15 1e-20
7440.0 3.5620603e-15 1e-20
7441.5 3.6214e-15 1e-20
7443.0 3.58786e-15 1e-20
7444.5 3.54196e-15 1e-20
7446.0 3.41913e-15 1e-20
7447.5 3.23363e-15 1e-20
7449.0 3.3359001e-15 1e-20
7450.5 3.51701e-15 1e-20
7452.0 3.4302101e-15 1e-20
7453.5 3.29394e-15 1e-20
7455.0 3.26789e-15 1e-20
7456.5 3.2857899e-15 1e-20
7458.0 3.1948099e-15 1e-20
7459.5 3.1825099e-15 1e-20
7461.0 3.13286e-15 1e-20
7462.5 3.0228501e-15 1e-20
7464.0 3.09902e-15 1e-20
7465.5 3.1758899e-15 1e-20
7467.0 3.0818999e-15 1e-20
7468.5 3.0801699e-15 1e-20
7470.0 3.0540499e-15 1e-20
7471.5 3.0259801e-15 1e-20
7473.0 3.18293e-15 1e-20
7474.5 3.25747e-15 1e-20
7476.0 3.2119701e-15 1e-20
7477.5 3.1150302e-15 1e-20
7479.0 3.0255498e-15 1e-20
7480.5 2.9775201e-15 1e-20
7482.0 3.06325e-15 1e-20
7483.5 3.08635e-15 1e-20
7485.0 3.14171e-15 1e-20
7486.5 2.9598201e-15 1e-20
7488.0 2.9300202e-15 1e-20
7489.5 2.98174e-15 1e-20
7491.0 2.8636401e-15 1e-20
7492.5 2.79784e-15 1e-20
7494.0 2.80956e-15 1e-20
7495.5 2.85623e-15 1e-20
7497.0 2.7738499e-15 1e-20
7498.5 2.8555802e-15 1e-20
7500.0 2.8531699e-15 1e-20
7501.5 2.8326198e-15 1e-20
7503.0 2.7802999e-15 1e-20
7504.5 2.8062202e-15 1e-20
7506.0 2.8176199e-15 1e-20
7507.5 2.7142601e-15 1e-20
7509.0 2.7717099e-15 1e-20
7510.5 2.90171e-15 1e-20
7512.0 2.8220101e-15 1e-20
7513.5 2.78158e-15 1e-20
7515.0 2.70413e-15 1e-20
7516.5 2.6979101e-15 1e-20
7518.0 2.7757299e-15 1e-20
7519.5 2.88749e-15 1e-20
7521.0 2.82221e-15 1e-20
7522.5 2.82185e-15 1e-20
7524.0 2.81922e-15 1e-20
7525.5 2.86255e-15 1e-20
7527.0 2.8721801e-15 1e-20
7528.5 2.7898701e-15 1e-20
7530.0 2.7697899e-15 1e-20
7531.5 2.7301299e-15 1e-20
7533.0 2.7739001e-15 1e-20
7534.5 2.8387401e-15 1e-20
7536.0 2.78945e-15 1e-20
7537.5 2.7603499e-15 1e-20
7539.0 2.73472e-15 1e-20
7540.5 3.08744e-15 1e-20
