3720.0 1.81147e-16 1e-20
3721.5 1.49685e-16 1e-20
3723.0 1.4664599e-16 1e-20
3724.5 1.44325e-16 1e-20
3726.0 1.89084e-16 1e-20
3727.5 2.01704e-16 1e-20
3729.0 1.98828e-16 1e-20
3730.5 1.8854899e-16 1e-20
3732.0 1.87397e-16 1e-20
3733.5 1.78045e-16 1e-20
3735.0 1.93054e-16 1e-20
3736.5 1.09765e-16 1e-20
3738.0 5.4000799e-17 1e-20
3739.5 4.0069099e-17 1e-20
3741.0 7.8266003e-17 1e-20
3742.5 2.1281301e-17 1e-20
3744.0 2.11066e-17 1e-20
3745.5 1.55258e-16 1e-20
3747.0 1.71555e-16 1e-20
3748.5 1.7031699e-16 1e-20
3750.0 1.4451999e-16 1e-20
3751.5 7.3698901e-17 1e-20
3753.0 9.4312202e-17 1e-20
3754.5 1.04621e-16 1e-20
3756.0 1.08076e-16 1e-20
3757.5 1.1456e-16 1e-20
3759.0 1.19811e-16 1e-20
3760.5 7.5151602e-17 1e-20
3762.0 1.2235e-16 1e-20
3763.5 1.28173e-16 1e-20
3765.0 4.1556197e-17 1e-20
3766.5 1.3523801e-16 1e-20
3768.0 2.5024101e-16 1e-20
3769.5 1.4110801e-16 1e-20
3771.0 1.52575e-16 1e-20
3772.5 7.94262e-17 1e-20
3774.0 1.04089e-16 1e-20
3775.5 1.2046601e-16 1e-20
3777.0 1.418e-16 1e-20
3778.5 8.8615297e-17 1e-20
3780.0 1.42024e-16 1e-20
3781.5 1.48803e-16 1e-20
3783.0 2.1327699e-16 1e-20
3784.5 2.24479e-16 1e-20
3786.0 2.5068001e-16 1e-20
3787.5 2.1653e-16 1e-20
3789.0 2.17065e-16 1e-20
3790.5 1.95481e-16 1e-20
3792.0 2.4892202e-16 1e-20
3793.5 2.2592399e-16 1e-20
3795.0 1.4746701e-16 1e-20
3796.5 5.02376e-17 1e-20
3798.0 1.52951e-16 1e-20
3799.5 2.5647199e-16 1e-20
3801.0 1.86159e-16 1e-20
3802.5 2.0249801e-16 1e-20
3804.0 1.71115e-16 1e-20
3805.5 1.28379e-16 1e-20
3807.0 1.28485e-16 1e-20
3808.5 1.3359401e-16 1e-20
3810.0 1.6827699e-16 1e-20
3811.5 1.52053e-16 1e-20
3813.0 1.22005e-16 1e-20
3814.5 2.3907701e-16 1e-20
3816.0 3.4036899e-16 1e-20
3817.5 2.5142802e-16 1e-20
3819.0 1.9983401e-16 1e-20
3820.5 3.6034899e-16 1e-20
3822.0 3.34816e-16 1e-20
3823.5 9.0649499e-17 1e-20
3825.0 1.50365e-16 1e-20
3826.5 3.3559702e-16 1e-20
3828.0 2.3081301e-16 1e-20
3829.5 3.5102702e-16 1e-20
3831.0 3.77816e-16 1e-20
3832.5 2.33856e-16 1e-20
3834.0 2.5452101e-16 1e-20
3835.5 2.5670202e-16 1e-20
3837.0 3.5104399e-16 1e-20
3838.5 2.44911e-16 1e-20
3840.0 2.6817399e-16 1e-20
3841.5 3.0363e-16 1e-20
3843.0 2.34475e-16 1e-20
3844.5 3.1265598e-16 1e-20
3846.0 2.7927899e-16 1e-20
3847.5 3.7577301e-16 1e-20
3849.0 4.1510999e-16 1e-20
3850.5 3.9636401e-16 1e-20
3852.0 3.72821e-16 1e-20
3853.5 3.4996701e-16 1e-20
3855.0 3.7479601e-16 1e-20
3856.5 4.0705299e-16 1e-20
3858.0 3.1092001e-16 1e-20
3859.5 2.1912799e-16 1e-20
3861.0 2.4867799e-16 1e-20
3862.5 3.4018e-16 1e-20
3864.0 2.8335899e-16 1e-20
3865.5 2.5501801e-16 1e-20
3867.0 4.7377999e-16 1e-20
3868.5 5.8644903e-16 1e-20
3870.0 4.85697e-16 1e-20
3871.5 4.9899399e-16 1e-20
3873.0 4.35771e-16 1e-20
3874.5 3.3168e-16 1e-20
3876.0 3.58112e-16 1e-20
3877.5 4.13131e-16 1e-20
3879.0 3.9942101e-16 1e-20
3880.5 3.6253701e-16 1e-20
3882.0 3.09207e-16 1e-20
3883.5 2.9384499e-16 1e-20
3885.0 5.0225597e-16 1e-20
3886.5 5.0616503e-16 1e-20
3888.0 2.33304e-16 1e-20
3889.5 2.01918e-16 1e-20
3891.0 4.0337001e-16 1e-20
3892.5 4.7661501e-16 1e-20
3894.0 4.4040599e-16 1e-20
3895.5 3.83768e-16 1e-20
3897.0 3.90178e-16 1e-20
3898.5 4.18463e-16 1e-20
3900.0 4.36644e-16 1e-20
3901.5 3.4708101e-16 1e-20
3903.0 4.38689e-16 1e-20
3904.5 6.1563699e-16 1e-20
3906.0 5.0663402e-16 1e-20
3907.5 4.9122501e-16 1e-20
3909.0 4.71881e-16 1e-20
3910.5 4.4434501e-16 1e-20
3912.0 4.7137399e-16 1e-20
3913.5 5.4524098e-16 1e-20
3915.0 5.2492998e-16 1e-20
3916.5 5.0139702e-16 1e-20
3918.0 4.3808901e-16 1e-20
3919.5 4.7241002e-16 1e-20
3921.0 4.7419498e-16 1e-20
3922.5 4.3573498e-16 1e-20
3924.0 3.5503e-16 1e-20
3925.5 4.2917201e-16 1e-20
3927.0 4.6970402e-16 1e-20
3928.5 4.0355e-16 1e-20
3930.0 3.8707799e-16 1e-20
3931.5 4.7731699e-16 1e-20
3933.0 4.6017797e-16 1e-20
3934.5 3.4454301e-16 1e-20
3936.0 3.86152e-16 1e-20
3937.5 3.9406101e-16 1e-20
3939.0 3.5098901e-16 1e-20
3940.5 4.24096e-16 1e-20
3942.0 5.9260098e-16 1e-20
3943.5 5.3955199e-16 1e-20
3945.0 3.2494598e-16 1e-20
3946.5 3.8614898e-16 1e-20
3948.0 5.2011698e-16 1e-20
3949.5 4.5544501e-16 1e-20
3951.0 5.0079695e-16 1e-20
3952.5 4.0508199e-16 1e-20
3954.0 4.72778e-16 1e-20
3955.5 4.35494e-16 1e-20
3957.0 3.37774e-16 1e-20
3958.5 4.7614999e-16 1e-20
3960.0 3.8263602e-16 1e-20
3961.5 3.5809498e-16 1e-20
3963.0 4.2634601e-16 1e-20
3964.5 5.2259302e-16 1e-20
3966.0 4.05251e-16 1e-20
3967.5 3.5798699e-16 1e-20
3969.0 3.66258e-16 1e-20
3970.5 4.4045202e-16 1e-20
3972.0 5.6108998e-16 1e-20
3973.5 4.6209999e-16 1e-20
3975.0 4.1606301e-16 1e-20
3976.5 4.5255398e-16 1e-20
3978.0 5.6508501e-16 1e-20
3979.5 5.0603003e-16 1e-20
3981.0 3.1039101e-16 1e-20
3982.5 3.2577401e-16 1e-20
3984.0 3.6057999e-16 1e-20
3985.5 4.1456101e-16 1e-20
3987.0 4.3585602e-16 1e-20
3988.5 4.5786398e-16 1e-20
3990.0 4.8444202e-16 1e-20
3991.5 4.4734902e-16 1e-20
3993.0 4.10874e-16 1e-20
3994.5 3.5166698e-16 1e-20
3996.0 3.73718e-16 1e-20
3997.5 4.2874301e-16 1e-20
3999.0 4.0355101e-16 1e-20
4000.5 4.7289103e-16 1e-20
4002.0 5.2299102e-16 1e-20
4003.5 4.65946e-16 1e-20
4005.0 4.092e-16 1e-20
4006.5 4.15447e-16 1e-20
4008.0 4.2845301e-16 1e-20
4009.5 4.0755199e-16 1e-20
4011.0 4.3674498e-16 1e-20
4012.5 4.2835798e-16 1e-20
4014.0 3.91861e-16 1e-20
4015.5 3.9325601e-16 1e-20
4017.0 3.5990398e-16 1e-20
4018.5 4.7524102e-16 1e-20
4020.0 3.87853e-16 1e-20
4021.5 4.05405e-16 1e-20
4023.0 4.5583401e-16 1e-20
4024.5 4.20165e-16 1e-20
4026.0 4.3828801e-16 1e-20
4027.5 4.30297e-16 1e-20
4029.0 5.3668203e-16 1e-20
4030.5 5.11091e-16 1e-20
4032.0 4.00574e-16 1e-20
4033.5 3.7877198e-16 1e-20
4035.0 4.3478998e-16 1e-20
4036.5 3.8477297e-16 1e-20
4038.0 4.5204401e-16 1e-20
4039.5 5.40801e-16 1e-20
4041.0 5.6988297e-16 1e-20
4042.5 4.7678902e-16 1e-20
4044.0 3.9788401e-16 1e-20
4045.5 4.5844901e-16 1e-20
4047.0 3.45332e-16 1e-20
4048.5 3.9235501e-16 1e-20
4050.0 4.2948099e-16 1e-20
4051.5 3.61617e-16 1e-20
4053.0 4.0711702e-16 1e-20
4054.5 4.1798299e-16 1e-20
4056.0 4.5966699e-16 1e-20
4057.5 5.21134e-16 1e-20
4059.0 4.6695201e-16 1e-20
4060.5 4.5850402e-16 1e-20
4062.0 4.6661801e-16 1e-20
4063.5 4.27059e-16 1e-20
4065.0 4.4393301e-16 1e-20
4066.5 4.6130103e-16 1e-20
4068.0 4.4284799e-16 1e-20
4069.5 5.03863e-16 1e-20
4071.0 4.6845904e-16 1e-20
4072.5 4.1081199e-16 1e-20
4074.0 4.5861397e-16 1e-20
4075.5 4.9795299e-16 1e-20
4077.0 4.5698301e-16 1e-20
4078.5 4.3882e-16 1e-20
4080.0 4.43108e-16 1e-20
4081.5 4.8937196e-16 1e-20
4083.0 4.3164598e-16 1e-20
4084.5 3.67434e-16 1e-20
4086.0 4.6271599e-16 1e-20
4087.5 4.9740199e-16 1e-20
4089.0 4.9114703e-16 1e-20
4090.5 4.78812e-16 1e-20
4092.0 5.17307e-16 1e-20
4093.5 4.6520902e-16 1e-20
4095.0 4.08525e-16 1e-20
4096.5 4.2846998e-16 1e-20
4098.0 4.6593001e-16 1e-20
4099.5 4.85398e-16 1e-20
4101.0 4.6200697e-16 1e-20
4102.5 4.8076701e-16 1e-20
4104.0 4.8598499e-16 1e-20
4105.5 3.8257302e-16 1e-20
4107.0 4.5534898e-16 1e-20
4108.5 5.3349502e-16 1e-20
4110.0 5.0302301e-16 1e-20
4111.5 4.8794201e-16 1e-20
4113.0 4.58275e-16 1e-20
4114.5 5.1798601e-16 1e-20
4116.0 4.4501301e-16 1e-20
4117.5 4.38282e-16 1e-20
4119.0 4.9048401e-16 1e-20
4120.5 5.4197101e-16 1e-20
4122.0 4.2312501e-16 1e-20
4123.5 3.1360201e-16 1e-20
4125.0 4.64969e-16 1e-20
4126.5 5.4409701e-16 1e-20
4128.0 5.1880699e-16 1e-20
4129.5 4.2767702e-16 1e-20
4131.0 4.45637e-16 1e-20
4132.5 4.08941e-16 1e-20
4134.0 3.7153599e-16 1e-20
4135.5 3.9955801e-16 1e-20
4137.0 4.4131401e-16 1e-20
4138.5 5.2315698e-16 1e-20
4140.0 4.5746799e-16 1e-20
4141.5 4.5319598e-16 1e-20
4143.0 4.6492299e-16 1e-20
4144.5 3.9155501e-16 1e-20
4146.0 4.3283799e-16 1e-20
4147.5 4.7948301e-16 1e-20
4149.0 4.67648e-16 1e-20
4150.5 4.3085199e-16 1e-20
4152.0 4.6614701e-16 1e-20
4153.5 4.9519701e-16 1e-20
4155.0 4.1845302e-16 1e-20
4156.5 4.1409098e-16 1e-20
4158.0 4.3825299e-16 1e-20
4159.5 4.2024899e-16 1e-20
4161.0 3.9892102e-16 1e-20
4162.5 4.4147598e-16 1e-20
4164.0 4.2376e-16 1e-20
4165.5 4.00203e-16 1e-20
4167.0 3.35819e-16 1e-20
4168.5 3.6681199e-16 1e-20
4170.0 4.2269702e-16 1e-20
4171.5 4.2899299e-16 1e-20
4173.0 3.8349102e-16 1e-20
4174.5 4.0602299e-16 1e-20
4176.0 4.6744699e-16 1e-20
4177.5 4.2947199e-16 1e-20
4179.0 4.3318999e-16 1e-20
4180.5 4.0888001e-16 1e-20
4182.0 3.9055202e-16 1e-20
4183.5 4.08698e-16 1e-20
4185.0 5.0222997e-16 1e-20
4186.5 4.47011e-16 1e-20
4188.0 3.7438499e-16 1e-20
4189.5 3.3671399e-16 1e-20
4191.0 4.7386999e-16 1e-20
4192.5 4.3171702e-16 1e-20
4194.0 4.0572201e-16 1e-20
4195.5 4.2938302e-16 1e-20
4197.0 3.90318e-16 1e-20
4198.5 3.8241499e-16 1e-20
4200.0 4.0007902e-16 1e-20
4201.5 3.90753e-16 1e-20
4203.0 4.3627102e-16 1e-20
4204.5 3.57812e-16 1e-20
4206.0 3.41939e-16 1e-20
4207.5 4.9323602e-16 1e-20
4209.0 5.2662802e-16 1e-20
4210.5 4.52819e-16 1e-20
4212.0 4.4567496e-16 1e-20
4213.5 4.8665299e-16 1e-20
4215.0 4.0082801e-16 1e-20
4216.5 3.9061001e-16 1e-20
4218.0 4.3855102e-16 1e-20
4219.5 4.1394799e-16 1e-20
4221.0 4.0841401e-16 1e-20
4222.5 4.2767599e-16 1e-20
4224.0 3.8341902e-16 1e-20
4225.5 3.8239398e-16 1e-20
4227.0 3.94752e-16 1e-20
4228.5 3.7144398e-16 1e-20
4230.0 4.5043301e-16 1e-20
4231.5 4.6838402e-16 1e-20
4233.0 4.0101401e-16 1e-20
4234.5 3.87993e-16 1e-20
4236.0 4.1643398e-16 1e-20
4237.5 4.2325699e-16 1e-20
4239.0 4.08213e-16 1e-20
4240.5 3.4232101e-16 1e-20
4242.0 3.1760901e-16 1e-20
4243.5 4.21639e-16 1e-20
4245.0 4.70642e-16 1e-20
4246.5 3.3017201e-16 1e-20
4248.0 3.13768e-16 1e-20
4249.5 3.18766e-16 1e-20
4251.0 3.8594299e-16 1e-20
4252.5 3.5914001e-16 1e-20
4254.0 3.1194601e-16 1e-20
4255.5 2.4030701e-16 1e-20
4257.0 3.5009899e-16 1e-20
4258.5 3.9031e-16 1e-20
4260.0 3.4421201e-16 1e-20
4261.5 3.27559e-16 1e-20
4263.0 3.12758e-16 1e-20
4264.5 3.4926199e-16 1e-20
4266.0 3.2324498e-16 1e-20
4267.5 2.8022301e-16 1e-20
4269.0 3.3254201e-16 1e-20
4270.5 3.74993e-16 1e-20
4272.0 3.2979302e-16 1e-20
4273.5 3.6989701e-16 1e-20
4275.0 3.3257801e-16 1e-20
4276.5 2.62702e-16 1e-20
4278.0 3.33177e-16 1e-20
4279.5 2.6935499e-16 1e-20
4281.0 2.4965899e-16 1e-20
4282.5 2.99075e-16 1e-20
4284.0 3.7423101e-16 1e-20
4285.5 4.0470602e-16 1e-20
4287.0 3.6233801e-16 1e-20
4288.5 3.1188301e-16 1e-20
4290.0 2.8174002e-16 1e-20
4291.5 2.6243002e-16 1e-20
4293.0 3.32337e-16 1e-20
4294.5 3.23484e-16 1e-20
4296.0 2.4547399e-16 1e-20
4297.5 2.9244802e-16 1e-20
4299.0 3.7525299e-16 1e-20
4300.5 3.3481698e-16 1e-20
4302.0 3.6135799e-16 1e-20
4303.5 3.5951001e-16 1e-20
4305.0 3.6997301e-16 1e-20
4306.5 3.2369301e-16 1e-20
4308.0 2.8714697e-16 1e-20
4309.5 2.39862e-16 1e-20
4311.0 3.3258399e-16 1e-20
4312.5 3.5635002e-16 1e-20
4314.0 3.0019599e-16 1e-20
4315.5 3.28745e-16 1e-20
4317.0 2.8029702e-16 1e-20
4318.5 2.91308e-16 1e-20
4320.0 2.95452e-16 1e-20
4321.5 2.34045e-16 1e-20
4323.0 2.46942e-16 1e-20
4324.5 2.93923e-16 1e-20
4326.0 3.1481801e-16 1e-20
4327.5 2.7317699e-16 1e-20
4329.0 2.8798898e-16 1e-20
4330.5 2.8875102e-16 1e-20
4332.0 3.38267e-16 1e-20
4333.5 3.0496201e-16 1e-20
4335.0 2.9655298e-16 1e-20
4336.5 2.8626601e-16 1e-20
4338.0 3.1003402e-16 1e-20
4339.5 3.2677298e-16 1e-20
4341.0 2.60178e-16 1e-20
4342.5 2.7733402e-16 1e-20
4344.0 2.7812801e-16 1e-20
4345.5 2.5654899e-16 1e-20
4347.0 2.8526699e-16 1e-20
4348.5 3.1264902e-16 1e-20
4350.0 2.6280902e-16 1e-20
4351.5 2.65638e-16 1e-20
4353.0 2.6542601e-16 1e-20
4354.5 1.88931e-16 1e-20
4356.0 2.16962e-16 1e-20
4357.5 2.5273698e-16 1e-20
4359.0 2.6097501e-16 1e-20
4360.5 3.2686599e-16 1e-20
4362.0 3.0671201e-16 1e-20
4363.5 2.6597801e-16 1e-20
4365.0 2.3218502e-16 1e-20
4366.5 2.3304902e-16 1e-20
4368.0 2.7280901e-16 1e-20
4369.5 2.9948602e-16 1e-20
4371.0 2.54614e-16 1e-20
4372.5 2.4702901e-16 1e-20
4374.0 2.6041999e-16 1e-20
4375.5 3.0001499e-16 1e-20
4377.0 3.3347203e-16 1e-20
4378.5 3.10927e-16 1e-20
4380.0 3.1059399e-16 1e-20
4381.5 3.15979e-16 1e-20
4383.0 3.33006e-16 1e-20
4384.5 2.9562e-16 1e-20
4386.0 2.70215e-16 1e-20
4387.5 3.10601e-16 1e-20
4389.0 2.7198898e-16 1e-20
4390.5 2.84297e-16 1e-20
4392.0 3.4146299e-16 1e-20
4393.5 3.3313798e-16 1e-20
4395.0 3.2278202e-16 1e-20
4396.5 3.4146802e-16 1e-20
4398.0 3.75215e-16 1e-20
4399.5 3.2057301e-16 1e-20
4401.0 2.9189301e-16 1e-20
4402.5 2.9345801e-16 1e-20
4404.0 2.9888701e-16 1e-20
4405.5 2.9429599e-16 1e-20
4407.0 3.20249e-16 1e-20
4408.5 3.6810101e-16 1e-20
4410.0 2.93028e-16 1e-20
4411.5 2.6909803e-16 1e-20
4413.0 3.6008702e-16 1e-20
4414.5 3.4282301e-16 1e-20
4416.0 2.9721798e-16 1e-20
4417.5 3.06819e-16 1e-20
4419.0 3.3283601e-16 1e-20
4420.5 2.2317301e-16 1e-20
4422.0 1.8305001e-16 1e-20
4423.5 2.21599e-16 1e-20
4425.0 2.68972e-16 1e-20
4426.5 3.35843e-16 1e-20
4428.0 3.3947101e-16 1e-20
4429.5 3.16183e-16 1e-20
4431.0 3.39899e-16 1e-20
4432.5 2.9379499e-16 1e-20
4434.0 2.9457302e-16 1e-20
4435.5 3.7577799e-16 1e-20
4437.0 3.53462e-16 1e-20
4438.5 3.12564e-16 1e-20
4440.0 3.3299401e-16 1e-20
4441.5 3.1332498e-16 1e-20
4443.0 3.2452199e-16 1e-20
4444.5 3.7191401e-16 1e-20
4446.0 3.39792e-16 1e-20
4447.5 2.8894401e-16 1e-20
4449.0 3.1891799e-16 1e-20
4450.5 2.8993202e-16 1e-20
4452.0 3.3166001e-16 1e-20
4453.5 3.2451701e-16 1e-20
4455.0 2.95881e-16 1e-20
4456.5 2.6306501e-16 1e-20
4458.0 2.94177e-16 1e-20
4459.5 3.9844001e-16 1e-20
4461.0 3.12696e-16 1e-20
4462.5 3.0222202e-16 1e-20
4464.0 3.2042801e-16 1e-20
4465.5 2.7647799e-16 1e-20
4467.0 3.93816e-16 1e-20
4468.5 3.5842699e-16 1e-20
4470.0 3.87206e-16 1e-20
4471.5 3.8714099e-16 1e-20
4473.0 3.14572e-16 1e-20
4474.5 3.3860298e-16 1e-20
4476.0 3.44333e-16 1e-20
4477.5 3.7367999e-16 1e-20
4479.0 3.6690301e-16 1e-20
4480.5 3.8981801e-16 1e-20
4482.0 3.2432e-16 1e-20
4483.5 3.58961e-16 1e-20
4485.0 3.81362e-16 1e-20
4486.5 3.0913002e-16 1e-20
4488.0 3.6310802e-16 1e-20
4489.5 3.81796e-16 1e-20
4491.0 3.5567099e-16 1e-20
4492.5 3.7483503e-16 1e-20
4494.0 3.96978e-16 1e-20
4495.5 3.3378601e-16 1e-20
4497.0 3.54646e-16 1e-20
4498.5 4.13225e-16 1e-20
4500.0 3.45323e-16 1e-20
4501.5 3.2883301e-16 1e-20
4503.0 3.9559999e-16 1e-20
4504.5 4.2225098e-16 1e-20
4506.0 4.1492399e-16 1e-20
4507.5 3.4661901e-16 1e-20
4509.0 3.26505e-16 1e-20
4510.5 3.35368e-16 1e-20
4512.0 3.3969899e-16 1e-20
4513.5 3.92557e-16 1e-20
4515.0 3.93435e-16 1e-20
4516.5 3.4395999e-16 1e-20
4518.0 3.5970398e-16 1e-20
4519.5 3.21788e-16 1e-20
4521.0 2.49806e-16 1e-20
4522.5 3.3147099e-16 1e-20
4524.0 4.3134801e-16 1e-20
4525.5 3.9471301e-16 1e-20
4527.0 3.7757799e-16 1e-20
4528.5 3.4916601e-16 1e-20
4530.0 3.3256599e-16 1e-20
4531.5 3.14667e-16 1e-20
4533.0 3.2133201e-16 1e-20
4534.5 4.10616e-16 1e-20
4536.0 3.72084e-16 1e-20
4537.5 4.4675599e-16 1e-20
4539.0 4.47463e-16 1e-20
4540.5 3.6526001e-16 1e-20
4542.0 3.4796301e-16 1e-20
4543.5 3.5239403e-16 1e-20
4545.0 3.6160601e-16 1e-20
4546.5 2.9355301e-16 1e-20
4548.0 3.3956399e-16 1e-20
4549.5 3.6138902e-16 1e-20
4551.0 2.98714e-16 1e-20
4552.5 3.4171302e-16 1e-20
4554.0 4.22725e-16 1e-20
4555.5 3.5325501e-16 1e-20
4557.0 3.1685901e-16 1e-20
4558.5 2.9524699e-16 1e-20
4560.0 3.6839001e-16 1e-20
4561.5 4.01233e-16 1e-20
4563.0 3.00134e-16 1e-20
4564.5 2.7815601e-16 1e-20
4566.0 3.04974e-16 1e-20
4567.5 3.73898e-16 1e-20
4569.0 3.8930402e-16 1e-20
4570.5 3.3298901e-16 1e-20
4572.0 3.3098501e-16 1e-20
4573.5 3.5062399e-16 1e-20
4575.0 3.0286399e-16 1e-20
4576.5 2.8993602e-16 1e-20
4578.0 3.33685e-16 1e-20
4579.5 3.09448e-16 1e-20
4581.0 2.9386101e-16 1e-20
4582.5 3.2207901e-16 1e-20
4584.0 3.1201801e-16 1e-20
4585.5 3.3931198e-16 1e-20
4587.0 3.4136799e-16 1e-20
4588.5 3.1757102e-16 1e-20
4590.0 3.0505802e-16 1e-20
4591.5 3.4366501e-16 1e-20
4593.0 3.6589499e-16 1e-20
4594.5 3.1847301e-16 1e-20
4596.0 2.89616e-16 1e-20
4597.5 3.4260802e-16 1e-20
4599.0 3.6296601e-16 1e-20
4600.5 3.3633802e-16 1e-20
4602.0 3.07901e-16 1e-20
4603.5 3.03662e-16 1e-20
4605.0 3.2118301e-16 1e-20
4606.5 3.1091602e-16 1e-20
4608.0 3.01084e-16 1e-20
4609.5 2.53823e-16 1e-20
4611.0 3.3345699e-16 1e-20
4612.5 3.10266e-16 1e-20
4614.0 2.6830102e-16 1e-20
4615.5 3.25918e-16 1e-20
4617.0 3.3858099e-16 1e-20
4618.5 3.2418399e-16 1e-20
4620.0 3.28433e-16 1e-20
4621.5 2.8434499e-16 1e-20
4623.0 3.1354902e-16 1e-20
4624.5 3.28614e-16 1e-20
4626.0 3.0770401e-16 1e-20
4627.5 3.3286301e-16 1e-20
4629.0 3.17282e-16 1e-20
4630.5 3.2147899e-16 1e-20
4632.0 2.9915301e-16 1e-20
4633.5 2.90671e-16 1e-20
4635.0 2.77028e-16 1e-20
4636.5 2.75888e-16 1e-20
4638.0 2.64868e-16 1e-20
4639.5 2.5187001e-16 1e-20
4641.0 3.0145601e-16 1e-20
4642.5 3.6159598e-16 1e-20
4644.0 3.5440499e-16 1e-20
4645.5 3.3786299e-16 1e-20
4647.0 3.24302e-16 1e-20
4648.5 3.2681501e-16 1e-20
4650.0 3.4224297e-16 1e-20
4651.5 3.4976801e-16 1e-20
4653.0 3.3714601e-16 1e-20
4654.5 3.12289e-16 1e-20
4656.0 3.2758001e-16 1e-20
4657.5 2.9713802e-16 1e-20
4659.0 2.3472299e-16 1e-20
4660.5 2.50393e-16 1e-20
4662.0 2.6491e-16 1e-20
4663.5 2.70967e-16 1e-20
4665.0 2.65162e-16 1e-20
4666.5 3.0140098e-16 1e-20
4668.0 2.6942803e-16 1e-20
4669.5 2.53858e-16 1e-20
4671.0 3.07407e-16 1e-20
4672.5 2.8997202e-16 1e-20
4674.0 2.5733398e-16 1e-20
4675.5 2.5326899e-16 1e-20
4677.0 3.2053e-16 1e-20
4678.5 3.5341799e-16 1e-20
4680.0 2.5399501e-16 1e-20
4681.5 2.26269e-16 1e-20
4683.0 2.8394699e-16 1e-20
4684.5 3.2382398e-16 1e-20
4686.0 2.77199e-16 1e-20
4687.5 2.5470702e-16 1e-20
4689.0 2.5789498e-16 1e-20
4690.5 2.7463799e-16 1e-20
4692.0 2.5060499e-16 1e-20
4693.5 2.26002e-16 1e-20
4695.0 2.3588801e-16 1e-20
4696.5 2.8212899e-16 1e-20
4698.0 3.09909e-16 1e-20
4699.5 2.53063e-16 1e-20
4701.0 2.2047999e-16 1e-20
4702.5 2.8420499e-16 1e-20
4704.0 2.8979999e-16 1e-20
4705.5 2.63259e-16 1e-20
4707.0 2.6003001e-16 1e-20
4708.5 3.0005499e-16 1e-20
4710.0 2.92398e-16 1e-20
4711.5 2.7364501e-16 1e-20
4713.0 2.67402e-16 1e-20
4714.5 2.64643e-16 1e-20
4716.0 2.99328e-16 1e-20
4717.5 2.9448501e-16 1e-20
4719.0 2.7536602e-16 1e-20
4720.5 2.6396302e-16 1e-20
4722.0 2.1913899e-16 1e-20
4723.5 2.29464e-16 1e-20
4725.0 2.3859899e-16 1e-20
4726.5 2.4494901e-16 1e-20
4728.0 2.7704701e-16 1e-20
4729.5 3.2621899e-16 1e-20
4731.0 2.9868902e-16 1e-20
4732.5 2.9913501e-16 1e-20
4734.0 3.1749002e-16 1e-20
4735.5 2.8752499e-16 1e-20
4737.0 2.4926499e-16 1e-20
4738.5 2.6504299e-16 1e-20
4740.0 2.8636802e-16 1e-20
4741.5 2.85287e-16 1e-20
4743.0 2.58467e-16 1e-20
4744.5 2.5630899e-16 1e-20
4746.0 2.3921301e-16 1e-20
4747.5 2.3945201e-16 1e-20
4749.0 2.5874202e-16 1e-20
4750.5 2.79073e-16 1e-20
4752.0 2.94651e-16 1e-20
4753.5 2.5283399e-16 1e-20
4755.0 2.4698999e-16 1e-20
4756.5 2.33019e-16 1e-20
4758.0 1.9419301e-16 1e-20
4759.5 2.1317301e-16 1e-20
4761.0 2.15399e-16 1e-20
4762.5 1.69919e-16 1e-20
4764.0 2.39582e-16 1e-20
4765.5 2.8186501e-16 1e-20
4767.0 2.23158e-16 1e-20
4768.5 2.99605e-16 1e-20
4770.0 2.99966e-16 1e-20
4771.5 2.2450701e-16 1e-20
4773.0 2.7491098e-16 1e-20
4774.5 2.5219699e-16 1e-20
4776.0 2.6432698e-16 1e-20
4777.5 2.19314e-16 1e-20
4779.0 2.09464e-16 1e-20
4780.5 2.5998501e-16 1e-20
4782.0 2.2919002e-16 1e-20
4783.5 2.39591e-16 1e-20
4785.0 2.0564e-16 1e-20
4786.5 1.83918e-16 1e-20
4788.0 2.1664899e-16 1e-20
4789.5 2.6009801e-16 1e-20
4791.0 2.7608801e-16 1e-20
4792.5 2.6176301e-16 1e-20
4794.0 2.8055701e-16 1e-20
4795.5 2.4658601e-16 1e-20
4797.0 2.4398599e-16 1e-20
4798.5 2.3079401e-16 1e-20
4800.0 1.8942501e-16 1e-20
4801.5 2.43839e-16 1e-20
4803.0 2.9056798e-16 1e-20
4804.5 2.5226701e-16 1e-20
4806.0 2.2715798e-16 1e-20
4807.5 2.2079501e-16 1e-20
4809.0 2.2454899e-16 1e-20
4810.5 2.6386101e-16 1e-20
4812.0 2.19281e-16 1e-20
4813.5 2.32938e-16 1e-20
4815.0 2.5001099e-16 1e-20
4816.5 2.3133399e-16 1e-20
4818.0 2.38424e-16 1e-20
4819.5 2.707e-16 1e-20
4821.0 2.57011e-16 1e-20
4822.5 2.4106902e-16 1e-20
4824.0 2.4404599e-16 1e-20
4825.5 2.01104e-16 1e-20
4827.0 1.7851099e-16 1e-20
4828.5 1.99198e-16 1e-20
4830.0 2.2271299e-16 1e-20
4831.5 2.4904701e-16 1e-20
4833.0 2.2982299e-16 1e-20
4834.5 2.02179e-16 1e-20
4836.0 2.0403799e-16 1e-20
4837.5 1.96367e-16 1e-20
4839.0 1.86813e-16 1e-20
4840.5 1.76355e-16 1e-20
4842.0 2.3015e-16 1e-20
4843.5 2.0159e-16 1e-20
4845.0 1.96561e-16 1e-20
4846.5 1.6675299e-16 1e-20
4848.0 1.5531801e-16 1e-20
4849.5 2.6105698e-16 1e-20
4851.0 2.45879e-16 1e-20
4852.5 2.4227202e-16 1e-20
4854.0 2.08678e-16 1e-20
4855.5 2.33648e-16 1e-20
4857.0 1.67824e-16 1e-20
4858.5 1.6541601e-16 1e-20
4860.0 1.73356e-16 1e-20
4861.5 1.91758e-16 1e-20
4863.0 2.21916e-16 1e-20
4864.5 2.2618101e-16 1e-20
4866.0 1.9251e-16 1e-20
4867.5 1.73415e-16 1e-20
4869.0 1.8972499e-16 1e-20
4870.5 1.5030999e-16 1e-20
4872.0 1.1576599e-16 1e-20
4873.5 1.6882301e-16 1e-20
4875.0 1.9435699e-16 1e-20
4876.5 1.8037499e-16 1e-20
4878.0 2.0913699e-16 1e-20
4879.5 2.2762001e-16 1e-20
4881.0 1.53943e-16 1e-20
4882.5 1.6678699e-16 1e-20
4884.0 2.0509199e-16 1e-20
4885.5 2.08536e-16 1e-20
4887.0 2.17623e-16 1e-20
4888.5 2.43472e-16 1e-20
4890.0 1.8107199e-16 1e-20
4891.5 2.02858e-16 1e-20
4893.0 1.9273401e-16 1e-20
4894.5 1.9318601e-16 1e-20
4896.0 2.29907e-16 1e-20
4897.5 1.7060899e-16 1e-20
4899.0 1.63902e-16 1e-20
4900.5 1.6282301e-16 1e-20
4902.0 1.50297e-16 1e-20
4903.5 1.8016e-16 1e-20
4905.0 1.73308e-16 1e-20
4906.5 1.91836e-16 1e-20
4908.0 2.3016101e-16 1e-20
4909.5 2.19172e-16 1e-20
4911.0 1.64513e-16 1e-20
4912.5 2.18067e-16 1e-20
4914.0 2.6255102e-16 1e-20
4915.5 2.0989799e-16 1e-20
4917.0 1.96871e-16 1e-20
4918.5 2.2438101e-16 1e-20
4920.0 1.6976e-16 1e-20
4921.5 2.1608999e-16 1e-20
4923.0 2.25215e-16 1e-20
4924.5 1.83073e-16 1e-20
4926.0 1.97252e-16 1e-20
4927.5 1.87123e-16 1e-20
4929.0 2.18238e-16 1e-20
4930.5 2.2980499e-16 1e-20
4932.0 2.0908799e-16 1e-20
4933.5 1.7512799e-16 1e-20
4935.0 1.90615e-16 1e-20
4936.5 2.47114e-16 1e-20
4938.0 2.5206599e-16 1e-20
4939.5 2.31499e-16 1e-20
4941.0 2.35661e-16 1e-20
4942.5 2.06269e-16 1e-20
4944.0 1.78544e-16 1e-20
4945.5 2.06654e-16 1e-20
4947.0 2.3539202e-16 1e-20
4948.5 2.28613e-16 1e-20
4950.0 2.3794701e-16 1e-20
4951.5 2.3398502e-16 1e-20
4953.0 2.5011001e-16 1e-20
4954.5 2.47698e-16 1e-20
4956.0 2.37407e-16 1e-20
4957.5 2.33743e-16 1e-20
4959.0 2.29391e-16 1e-20
4960.5 1.60155e-16 1e-20
4962.0 1.79832e-16 1e-20
4963.5 1.9978e-16 1e-20
4965.0 2.4060802e-16 1e-20
4966.5 1.93278e-16 1e-20
4968.0 2.3497401e-16 1e-20
4969.5 2.4767699e-16 1e-20
4971.0 2.4827301e-16 1e-20
4972.5 2.21224e-16 1e-20
4974.0 1.98773e-16 1e-20
4975.5 1.9777e-16 1e-20
4977.0 2.4546499e-16 1e-20
4978.5 2.52356e-16 1e-20
4980.0 1.7053201e-16 1e-20
4981.5 2.15379e-16 1e-20
4983.0 2.19772e-16 1e-20
4984.5 1.6712999e-16 1e-20
4986.0 2.05654e-16 1e-20
4987.5 2.20954e-16 1e-20
4989.0 2.0750501e-16 1e-20
4990.5 2.6964598e-16 1e-20
4992.0 2.3843599e-16 1e-20
4993.5 2.16908e-16 1e-20
4995.0 2.44309e-16 1e-20
4996.5 2.20613e-16 1e-20
4998.0 2.0861099e-16 1e-20
4999.5 2.0237499e-16 1e-20
5001.0 2.23297e-16 1e-20
5002.5 2.14122e-16 1e-20
5004.0 2.3078299e-16 1e-20
5005.5 2.5429499e-16 1e-20
5007.0 2.1035e-16 1e-20
5008.5 2.26704e-16 1e-20
5010.0 2.59006e-16 1e-20
5011.5 2.2309299e-16 1e-20
5013.0 2.1649299e-16 1e-20
5014.5 2.3374401e-16 1e-20
5016.0 2.13423e-16 1e-20
5017.5 2.19648e-16 1e-20
5019.0 2.4287899e-16 1e-20
5020.5 2.2013301e-16 1e-20
5022.0 2.43499e-16 1e-20
5023.5 2.6390399e-16 1e-20
5025.0 2.5177199e-16 1e-20
5026.5 2.1204201e-16 1e-20
5028.0 2.2855601e-16 1e-20
5029.5 2.41147e-16 1e-20
5031.0 2.3984601e-16 1e-20
5032.5 2.55067e-16 1e-20
5034.0 2.7131101e-16 1e-20
5035.5 2.35801e-16 1e-20
5037.0 2.17151e-16 1e-20
5038.5 2.3837201e-16 1e-20
5040.0 2.0613899e-16 1e-20
5041.5 2.3623701e-16 1e-20
5043.0 2.5705798e-16 1e-20
5044.5 2.71332e-16 1e-20
5046.0 2.01165e-16 1e-20
5047.5 2.4759501e-16 1e-20
5049.0 1.97365e-16 1e-20
5050.5 2.2538001e-16 1e-20
5052.0 2.4008e-16 1e-20
5053.5 2.4770002e-16 1e-20
5055.0 2.5135401e-16 1e-20
5056.5 2.37172e-16 1e-20
5058.0 2.8553301e-16 1e-20
5059.5 2.5601899e-16 1e-20
5061.0 2.73233e-16 1e-20
5062.5 2.56979e-16 1e-20
5064.0 2.3685799e-16 1e-20
5065.5 2.5990002e-16 1e-20
5067.0 3.1083499e-16 1e-20
5068.5 2.9163702e-16 1e-20
5070.0 2.5251902e-16 1e-20
5071.5 2.4740602e-16 1e-20
5073.0 2.4348401e-16 1e-20
5074.5 2.55225e-16 1e-20
5076.0 2.66199e-16 1e-20
5077.5 2.6277699e-16 1e-20
5079.0 2.2643099e-16 1e-20
5080.5 2.30626e-16 1e-20
5082.0 2.5393301e-16 1e-20
5083.5 2.4386902e-16 1e-20
5085.0 2.50041e-16 1e-20
5086.5 2.6507099e-16 1e-20
5088.0 2.5215501e-16 1e-20
5089.5 2.5080201e-16 1e-20
5091.0 2.59604e-16 1e-20
5092.5 2.9159599e-16 1e-20
5094.0 2.84414e-16 1e-20
5095.5 2.56088e-16 1e-20
5097.0 2.3672999e-16 1e-20
5098.5 2.43033e-16 1e-20
5100.0 2.3787801e-16 1e-20
5101.5 2.4272798e-16 1e-20
5103.0 2.21495e-16 1e-20
5104.5 2.4147099e-16 1e-20
5106.0 2.3356401e-16 1e-20
5107.5 2.8382502e-16 1e-20
5109.0 2.84881e-16 1e-20
5110.5 2.6686001e-16 1e-20
5112.0 2.4298101e-16 1e-20
5113.5 2.24166e-16 1e-20
5115.0 2.5413e-16 1e-20
5116.5 2.9088901e-16 1e-20
5118.0 2.6252402e-16 1e-20
5119.5 3.0156001e-16 1e-20
5121.0 2.6824501e-16 1e-20
5122.5 2.9116501e-16 1e-20
5124.0 2.9418299e-16 1e-20
5125.5 2.8441799e-16 1e-20
5127.0 2.7931499e-16 1e-20
5128.5 2.96099e-16 1e-20
5130.0 3.09886e-16 1e-20
5131.5 2.8817901e-16 1e-20
5133.0 2.9222801e-16 1e-20
5134.5 2.7875701e-16 1e-20
5136.0 2.9767702e-16 1e-20
5137.5 2.7758299e-16 1e-20
5139.0 2.4486399e-16 1e-20
5140.5 2.4684398e-16 1e-20
5142.0 2.5960602e-16 1e-20
5143.5 3.0482799e-16 1e-20
5145.0 2.7191801e-16 1e-20
5146.5 2.17937e-16 1e-20
5148.0 2.0817501e-16 1e-20
5149.5 2.2070699e-16 1e-20
5151.0 2.42102e-16 1e-20
5152.5 2.6906401e-16 1e-20
5154.0 2.70908e-16 1e-20
5155.5 2.68718e-16 1e-20
5157.0 2.3402199e-16 1e-20
5158.5 2.1366601e-16 1e-20
5160.0 2.5284201e-16 1e-20
5161.5 2.63765e-16 1e-20
5163.0 2.86196e-16 1e-20
5164.5 2.6543501e-16 1e-20
5166.0 2.5766401e-16 1e-20
5167.5 2.7549897e-16 1e-20
5169.0 2.54203e-16 1e-20
5170.5 2.6815599e-16 1e-20
5172.0 2.9034201e-16 1e-20
5173.5 2.7667399e-16 1e-20
5175.0 2.5658701e-16 1e-20
5176.5 2.4173698e-16 1e-20
5178.0 2.53953e-16 1e-20
5179.5 2.5515401e-16 1e-20
5181.0 2.4453301e-16 1e-20
5182.5 2.37112e-16 1e-20
5184.0 2.2051901e-16 1e-20
5185.5 2.5331899e-16 1e-20
5187.0 2.35697e-16 1e-20
5188.5 2.2379698e-16 1e-20
5190.0 2.5399199e-16 1e-20
5191.5 2.74064e-16 1e-20
5193.0 2.07319e-16 1e-20
5194.5 2.37565e-16 1e-20
5196.0 2.2337201e-16 1e-20
5197.5 2.28007e-16 1e-20
5199.0 2.50462e-16 1e-20
5200.5 2.61123e-16 1e-20
5202.0 2.52506e-16 1e-20
5203.5 2.5804401e-16 1e-20
5205.0 2.36836e-16 1e-20
5206.5 2.42364e-16 1e-20
5208.0 2.2826699e-16 1e-20
5209.5 2.19297e-16 1e-20
5211.0 2.6736301e-16 1e-20
5212.5 2.5185498e-16 1e-20
5214.0 2.2335901e-16 1e-20
5215.5 2.7403501e-16 1e-20
5217.0 2.59074e-16 1e-20
5218.5 2.0563801e-16 1e-20
5220.0 2.19016e-16 1e-20
5221.5 2.6265301e-16 1e-20
5223.0 2.7608999e-16 1e-20
5224.5 2.75015e-16 1e-20
5226.0 2.8402299e-16 1e-20
5227.5 2.5346198e-16 1e-20
5229.0 1.79695e-16 1e-20
5230.5 1.78589e-16 1e-20
5232.0 2.20052e-16 1e-20
5233.5 2.26908e-16 1e-20
5235.0 2.39071e-16 1e-20
5236.5 2.47353e-16 1e-20
5238.0 2.4664199e-16 1e-20
5239.5 2.44019e-16 1e-20
5241.0 2.2259502e-16 1e-20
5242.5 2.08115e-16 1e-20
5244.0 2.5068401e-16 1e-20
5245.5 2.69012e-16 1e-20
5247.0 2.3438799e-16 1e-20
5248.5 1.9826e-16 1e-20
5250.0 2.30114e-16 1e-20
5251.5 2.4703401e-16 1e-20
5253.0 2.2877899e-16 1e-20
5254.5 2.7994399e-16 1e-20
5256.0 2.55501e-16 1e-20
5257.5 2.0500801e-16 1e-20
5259.0 2.2429901e-16 1e-20
5260.5 2.2380598e-16 1e-20
5262.0 2.1211899e-16 1e-20
5263.5 1.87686e-16 1e-20
5265.0 2.10786e-16 1e-20
5266.5 2.2219202e-16 1e-20
5268.0 2.40849e-16 1e-20
5269.5 2.20452e-16 1e-20
5271.0 2.5636199e-16 1e-20
5272.5 2.4651999e-16 1e-20
5274.0 1.98337e-16 1e-20
5275.5 1.9764601e-16 1e-20
5277.0 2.0069499e-16 1e-20
5278.5 2.2361199e-16 1e-20
5280.0 2.3392001e-16 1e-20
5281.5 2.14628e-16 1e-20
5283.0 1.79239e-16 1e-20
5284.5 2.04062e-16 1e-20
5286.0 2.3936e-16 1e-20
5287.5 2.25261e-16 1e-20
5289.0 2.14988e-16 1e-20
5290.5 2.2420099e-16 1e-20
5292.0 2.1357099e-16 1e-20
5293.5 2.0294101e-16 1e-20
5295.0 2.0704999e-16 1e-20
5296.5 2.17969e-16 1e-20
5298.0 2.1503501e-16 1e-20
5299.5 1.98909e-16 1e-20
5301.0 2.02831e-16 1e-20
5302.5 1.95677e-16 1e-20
5304.0 1.88163e-16 1e-20
5305.5 1.7516001e-16 1e-20
5307.0 1.7759299e-16 1e-20
5308.5 1.9577099e-16 1e-20
5310.0 2.04772e-16 1e-20
5311.5 2.20052e-16 1e-20
5313.0 2.1472501e-16 1e-20
5314.5 1.97243e-16 1e-20
5316.0 2.10734e-16 1e-20
5317.5 2.03491e-16 1e-20
5319.0 1.67537e-16 1e-20
5320.5 1.69818e-16 1e-20
5322.0 1.85712e-16 1e-20
5323.5 2.00942e-16 1e-20
5325.0 2.02768e-16 1e-20
5326.5 1.86795e-16 1e-20
5328.0 1.9132399e-16 1e-20
5329.5 2.0995901e-16 1e-20
5331.0 2.3199401e-16 1e-20
5332.5 2.2874299e-16 1e-20
5334.0 2.02829e-16 1e-20
5335.5 2.0176301e-16 1e-20
5337.0 2.1342399e-16 1e-20
5338.5 2.05136e-16 1e-20
5340.0 2.1691001e-16 1e-20
5341.5 2.2712701e-16 1e-20
5343.0 2.0628201e-16 1e-20
5344.5 1.95761e-16 1e-20
5346.0 2.0658501e-16 1e-20
5347.5 1.9061799e-16 1e-20
5349.0 1.8982301e-16 1e-20
5350.5 2.0889901e-16 1e-20
5352.0 1.99094e-16 1e-20
5353.5 1.89299e-16 1e-20
5355.0 1.86518e-16 1e-20
5356.5 2.4310399e-16 1e-20
5358.0 2.32833e-16 1e-20
5359.5 2.2823501e-16 1e-20
5361.0 2.2363899e-16 1e-20
5362.5 2.1747101e-16 1e-20
5364.0 2.2626399e-16 1e-20
5365.5 2.27885e-16 1e-20
5367.0 2.12684e-16 1e-20
5368.5 2.1085399e-16 1e-20
5370.0 2.15089e-16 1e-20
5371.5 1.9643e-16 1e-20
5373.0 1.5948001e-16 1e-20
5374.5 1.5825301e-16 1e-20
5376.0 1.9117699e-16 1e-20
5377.5 1.9154e-16 1e-20
5379.0 1.94791e-16 1e-20
5380.5 2.11726e-16 1e-20
5382.0 2.13134e-16 1e-20
5383.5 2.1178199e-16 1e-20
5385.0 1.79592e-16 1e-20
5386.5 1.53726e-16 1e-20
5388.0 1.8421801e-16 1e-20
5389.5 2.0323501e-16 1e-20
5391.0 1.70203e-16 1e-20
5392.5 1.7319501e-16 1e-20
5394.0 1.9801901e-16 1e-20
5395.5 1.8003599e-16 1e-20
5397.0 2.0834001e-16 1e-20
5398.5 2.3556701e-16 1e-20
5400.0 2.07128e-16 1e-20
5401.5 2.2037201e-16 1e-20
5403.0 2.33e-16 1e-20
5404.5 2.2104099e-16 1e-20
5406.0 1.9304999e-16 1e-20
5407.5 1.99149e-16 1e-20
5409.0 1.6611899e-16 1e-20
5410.5 1.9337801e-16 1e-20
5412.0 2.26296e-16 1e-20
5413.5 1.72437e-16 1e-20
5415.0 2.0478401e-16 1e-20
5416.5 1.7747e-16 1e-20
5418.0 1.6931301e-16 1e-20
5419.5 1.95044e-16 1e-20
5421.0 1.67007e-16 1e-20
5422.5 1.8443101e-16 1e-20
5424.0 2.26672e-16 1e-20
5425.5 1.92764e-16 1e-20
5427.0 1.4509701e-16 1e-20
5428.5 1.96614e-16 1e-20
5430.0 2.15e-16 1e-20
5431.5 2.097e-16 1e-20
5433.0 1.92154e-16 1e-20
5434.5 2.0137499e-16 1e-20
5436.0 1.9757601e-16 1e-20
5437.5 1.7025199e-16 1e-20
5439.0 1.6571499e-16 1e-20
5440.5 1.53208e-16 1e-20
5442.0 1.6613699e-16 1e-20
5443.5 1.5998299e-16 1e-20
5445.0 1.60229e-16 1e-20
5446.5 1.6888299e-16 1e-20
5448.0 1.8035499e-16 1e-20
5449.5 1.8780699e-16 1e-20
5451.0 1.7376899e-16 1e-20
5452.5 1.85949e-16 1e-20
5454.0 1.80644e-16 1e-20
5455.5 1.78995e-16 1e-20
5457.0 1.95949e-16 1e-20
5458.5 1.7206299e-16 1e-20
5460.0 1.4423501e-16 1e-20
5461.5 1.9464899e-16 1e-20
5463.0 1.81334e-16 1e-20
5464.5 1.38639e-16 1e-20
5466.0 1.72773e-16 1e-20
5467.5 2.01684e-16 1e-20
5469.0 1.96168e-16 1e-20
5470.5 2.10446e-16 1e-20
5472.0 1.62214e-16 1e-20
5473.5 1.76597e-16 1e-20
5475.0 1.91981e-16 1e-20
5476.5 1.7327499e-16 1e-20
5478.0 1.5874199e-16 1e-20
5479.5 1.83792e-16 1e-20
5481.0 1.9378699e-16 1e-20
5482.5 1.9381701e-16 1e-20
5484.0 1.9782899e-16 1e-20
5485.5 1.7723501e-16 1e-20
5487.0 1.91403e-16 1e-20
5488.5 1.58905e-16 1e-20
5490.0 1.86951e-16 1e-20
5491.5 2.23995e-16 1e-20
5493.0 1.8898801e-16 1e-20
5494.5 1.6502499e-16 1e-20
5496.0 1.56416e-16 1e-20
5497.5 2.0224201e-16 1e-20
5499.0 1.94256e-16 1e-20
5500.5 1.6442e-16 1e-20
5502.0 1.25606e-16 1e-20
5503.5 1.5144301e-16 1e-20
5505.0 1.7813701e-16 1e-20
5506.5 1.64684e-16 1e-20
5508.0 1.14141e-16 1e-20
5509.5 1.51982e-16 1e-20
5511.0 2.07553e-16 1e-20
5512.5 1.9918599e-16 1e-20
5514.0 1.52318e-16 1e-20
5515.5 1.5502099e-16 1e-20
5517.0 1.5468501e-16 1e-20
5518.5 1.67797e-16 1e-20
5520.0 2.16841e-16 1e-20
5521.5 2.2236399e-16 1e-20
5523.0 2.0728e-16 1e-20
5524.5 2.05065e-16 1e-20
5526.0 1.99169e-16 1e-20
5527.5 2.09743e-16 1e-20
5529.0 2.37279e-16 1e-20
5530.5 2.2084e-16 1e-20
5532.0 2.1837499e-16 1e-20
5533.5 1.9255499e-16 1e-20
5535.0 1.7544199e-16 1e-20
5536.5 1.8941801e-16 1e-20
5538.0 1.9022601e-16 1e-20
5539.5 1.76844e-16 1e-20
5541.0 1.9521501e-16 1e-20
5542.5 1.8185701e-16 1e-20
5544.0 1.89899e-16 1e-20
5545.5 1.8404401e-16 1e-20
5547.0 1.7258599e-16 1e-20
5548.5 1.4303599e-16 1e-20
5550.0 2.17741e-16 1e-20
5551.5 2.21199e-16 1e-20
5553.0 2.11218e-16 1e-20
5554.5 2.1167601e-16 1e-20
5556.0 2.08589e-16 1e-20
5557.5 2.11908e-16 1e-20
5559.0 1.8760399e-16 1e-20
5560.5 1.90901e-16 1e-20
5562.0 1.53236e-16 1e-20
5563.5 1.92556e-16 1e-20
5565.0 2.28318e-16 1e-20
5566.5 2.00205e-16 1e-20
5568.0 2.0849e-16 1e-20
5569.5 1.96649e-16 1e-20
5571.0 2.1300801e-16 1e-20
5572.5 2.24257e-16 1e-20
5574.0 1.7531499e-16 1e-20
5575.5 2.1041299e-16 1e-20
5577.0 1.95013e-16 1e-20
5578.5 2.1304e-16 1e-20
5580.0 2.1111701e-16 1e-20
5581.5 1.66272e-16 1e-20
5583.0 1.48033e-16 1e-20
5584.5 1.55136e-16 1e-20
5586.0 1.9357801e-16 1e-20
5587.5 2.2808001e-16 1e-20
5589.0 2.1969999e-16 1e-20
5590.5 1.9351601e-16 1e-20
5592.0 1.90132e-16 1e-20
5593.5 1.8618401e-16 1e-20
5595.0 1.8903799e-16 1e-20
5596.5 2.2087599e-16 1e-20
5598.0 2.40587e-16 1e-20
5599.5 2.0393599e-16 1e-20
5601.0 1.5924599e-16 1e-20
5602.5 1.72911e-16 1e-20
5604.0 1.86626e-16 1e-20
5605.5 1.70087e-16 1e-20
5607.0 1.88017e-16 1e-20
5608.5 2.1478499e-16 1e-20
5610.0 1.84163e-16 1e-20
5611.5 1.49268e-16 1e-20
5613.0 1.6626201e-16 1e-20
5614.5 2.0206099e-16 1e-20
5616.0 2.4779599e-16 1e-20
5617.5 2.1020999e-16 1e-20
5619.0 2.1476301e-16 1e-20
5620.5 2.36597e-16 1e-20
5622.0 1.8448199e-16 1e-20
5623.5 1.63726e-16 1e-20
5625.0 1.85327e-16 1e-20
5626.5 1.9440701e-16 1e-20
5628.0 2.22389e-16 1e-20
5629.5 2.24375e-16 1e-20
5631.0 1.7572101e-16 1e-20
5632.5 2.0745299e-16 1e-20
5634.0 2.07425e-16 1e-20
5635.5 1.7668e-16 1e-20
5637.0 1.9658301e-16 1e-20
5638.5 2.16899e-16 1e-20
5640.0 2.2533001e-16 1e-20
5641.5 1.79711e-16 1e-20
5643.0 1.5629301e-16 1e-20
5644.5 1.84396e-16 1e-20
5646.0 2.04668e-16 1e-20
5647.5 1.8768e-16 1e-20
5649.0 2.05981e-16 1e-20
5650.5 2.0889201e-16 1e-20
5652.0 1.9790601e-16 1e-20
5653.5 1.9760101e-16 1e-20
5655.0 1.84882e-16 1e-20
5656.5 1.8472699e-16 1e-20
5658.0 1.83805e-16 1e-20
5659.5 1.9656899e-16 1e-20
5661.0 1.96732e-16 1e-20
5662.5 2.10281e-16 1e-20
5664.0 2.1310299e-16 1e-20
5665.5 2.03331e-16 1e-20
5667.0 2.15922e-16 1e-20
5668.5 2.04955e-16 1e-20
5670.0 1.8155401e-16 1e-20
5671.5 1.95971e-16 1e-20
5673.0 2.0878e-16 1e-20
5674.5 1.8523499e-16 1e-20
5676.0 1.90225e-16 1e-20
5677.5 1.93659e-16 1e-20
5679.0 1.9035899e-16 1e-20
5680.5 1.6070699e-16 1e-20
5682.0 1.42804e-16 1e-20
5683.5 1.63977e-16 1e-20
5685.0 1.6400801e-16 1e-20
5686.5 1.90643e-16 1e-20
5688.0 1.8217801e-16 1e-20
5689.5 1.5358501e-16 1e-20
5691.0 1.6096299e-16 1e-20
5692.5 1.93174e-16 1e-20
5694.0 2.3665301e-16 1e-20
5695.5 1.9561499e-16 1e-20
5697.0 1.7758701e-16 1e-20
5698.5 1.5651099e-16 1e-20
5700.0 2.19523e-16 1e-20
5701.5 1.80392e-16 1e-20
5703.0 1.9419501e-16 1e-20
5704.5 1.6016201e-16 1e-20
5706.0 1.7501899e-16 1e-20
5707.5 2.0497199e-16 1e-20
5709.0 1.98728e-16 1e-20
5710.5 1.61652e-16 1e-20
5712.0 1.6039e-16 1e-20
5713.5 1.6116799e-16 1e-20
5715.0 1.63027e-16 1e-20
5716.5 1.459e-16 1e-20
5718.0 1.5436199e-16 1e-20
5719.5 1.78397e-16 1e-20
5721.0 1.61853e-16 1e-20
5722.5 1.92825e-16 1e-20
5724.0 1.6817e-16 1e-20
5725.5 1.6527499e-16 1e-20
5727.0 1.34904e-16 1e-20
5728.5 1.6334399e-16 1e-20
5730.0 2.09881e-16 1e-20
5731.5 1.803e-16 1e-20
5733.0 1.89012e-16 1e-20
5734.5 1.90995e-16 1e-20
5736.0 1.81705e-16 1e-20
5737.5 1.98658e-16 1e-20
5739.0 1.85572e-16 1e-20
5740.5 1.5965401e-16 1e-20
5742.0 1.40359e-16 1e-20
5743.5 1.6490499e-16 1e-20
5745.0 1.7912801e-16 1e-20
5746.5 1.83834e-16 1e-20
5748.0 1.97516e-16 1e-20
5749.5 1.89742e-16 1e-20
5751.0 1.73524e-16 1e-20
5752.5 1.3773001e-16 1e-20
5754.0 1.29795e-16 1e-20
5755.5 1.4928e-16 1e-20
5757.0 1.83233e-16 1e-20
5758.5 2.32041e-16 1e-20
5760.0 1.8702e-16 1e-20
5761.5 1.51499e-16 1e-20
5763.0 1.5190899e-16 1e-20
5764.5 1.6947e-16 1e-20
5766.0 1.15949e-16 1e-20
5767.5 1.43409e-16 1e-20
5769.0 2.0564599e-16 1e-20
5770.5 1.83034e-16 1e-20
5772.0 1.2901101e-16 1e-20
5773.5 1.6731601e-16 1e-20
5775.0 1.67231e-16 1e-20
5776.5 1.2651201e-16 1e-20
5778.0 1.41703e-16 1e-20
5779.5 2.10788e-16 1e-20
5781.0 1.8124799e-16 1e-20
5782.5 1.3330001e-16 1e-20
5784.0 1.3868899e-16 1e-20
5785.5 1.3298801e-16 1e-20
5787.0 1.85524e-16 1e-20
5788.5 2.0061099e-16 1e-20
5790.0 2.12779e-16 1e-20
5791.5 1.8540201e-16 1e-20
5793.0 1.4355201e-16 1e-20
5794.5 1.2365e-16 1e-20
5796.0 1.4747401e-16 1e-20
5797.5 1.11638e-16 1e-20
5799.0 1.5397001e-16 1e-20
5800.5 1.66976e-16 1e-20
5802.0 1.76342e-16 1e-20
5803.5 1.81593e-16 1e-20
5805.0 1.72992e-16 1e-20
5806.5 1.61537e-16 1e-20
5808.0 1.55656e-16 1e-20
5809.5 1.3755099e-16 1e-20
5811.0 1.43391e-16 1e-20
5812.5 1.52417e-16 1e-20
5814.0 1.78167e-16 1e-20
5815.5 1.99281e-16 1e-20
5817.0 2.0087001e-16 1e-20
5818.5 1.8966199e-16 1e-20
5820.0 1.6589201e-16 1e-20
5821.5 1.71582e-16 1e-20
5823.0 1.57662e-16 1e-20
5824.5 1.61073e-16 1e-20
5826.0 1.65401e-16 1e-20
5827.5 1.7033301e-16 1e-20
5829.0 1.65148e-16 1e-20
5830.5 1.3907901e-16 1e-20
5832.0 1.2212401e-16 1e-20
5833.5 1.51795e-16 1e-20
5835.0 1.3653e-16 1e-20
5836.5 1.5476801e-16 1e-20
5838.0 1.8101301e-16 1e-20
5839.5 1.7340001e-16 1e-20
5841.0 1.8096801e-16 1e-20
5842.5 1.74802e-16 1e-20
5844.0 1.70219e-16 1e-20
5845.5 1.5387201e-16 1e-20
5847.0 1.57476e-16 1e-20
5848.5 1.5777599e-16 1e-20
5850.0 1.7072199e-16 1e-20
5851.5 1.86512e-16 1e-20
5853.0 1.47332e-16 1e-20
5854.5 1.52076e-16 1e-20
5856.0 1.76208e-16 1e-20
5857.5 1.6379201e-16 1e-20
5859.0 1.67899e-16 1e-20
5860.5 1.8808401e-16 1e-20
5862.0 1.5714601e-16 1e-20
5863.5 1.6301199e-16 1e-20
5865.0 1.6640001e-16 1e-20
5866.5 1.62893e-16 1e-20
5868.0 1.81616e-16 1e-20
5869.5 1.56762e-16 1e-20
5871.0 1.7213599e-16 1e-20
5872.5 1.69303e-16 1e-20
5874.0 1.4005301e-16 1e-20
5875.5 1.52209e-16 1e-20
5877.0 1.57444e-16 1e-20
5878.5 1.92927e-16 1e-20
5880.0 1.92375e-16 1e-20
5881.5 1.5302401e-16 1e-20
5883.0 1.4484499e-16 1e-20
5884.5 1.52733e-16 1e-20
5886.0 1.68828e-16 1e-20
5887.5 1.6256e-16 1e-20
5889.0 1.56866e-16 1e-20
5890.5 1.7606799e-16 1e-20
5892.0 1.8395101e-16 1e-20
5893.5 1.54002e-16 1e-20
5895.0 1.4179201e-16 1e-20
5896.5 1.44466e-16 1e-20
5898.0 1.50673e-16 1e-20
5899.5 1.49992e-16 1e-20
5901.0 1.2147101e-16 1e-20
5902.5 1.49666e-16 1e-20
5904.0 1.9754399e-16 1e-20
5905.5 1.89207e-16 1e-20
5907.0 1.7461001e-16 1e-20
5908.5 1.80723e-16 1e-20
5910.0 2.1370699e-16 1e-20
5911.5 1.67326e-16 1e-20
5913.0 1.6965599e-16 1e-20
5914.5 1.82008e-16 1e-20
5916.0 1.5173701e-16 1e-20
5917.5 1.51448e-16 1e-20
5919.0 1.89347e-16 1e-20
5920.5 1.9172101e-16 1e-20
5922.0 1.76163e-16 1e-20
5923.5 1.52279e-16 1e-20
5925.0 1.35922e-16 1e-20
5926.5 1.5763999e-16 1e-20
5928.0 1.69893e-16 1e-20
5929.5 1.87148e-16 1e-20
5931.0 1.73817e-16 1e-20
5932.5 2.00789e-16 1e-20
5934.0 1.5687e-16 1e-20
5935.5 1.5618999e-16 1e-20
5937.0 1.81399e-16 1e-20
5938.5 1.5619301e-16 1e-20
5940.0 1.2166501e-16 1e-20
5941.5 1.1678401e-16 1e-20
5943.0 1.35574e-16 1e-20
5944.5 1.5906299e-16 1e-20
5946.0 2.0748199e-16 1e-20
5947.5 1.92034e-16 1e-20
5949.0 1.5430599e-16 1e-20
5950.5 1.55715e-16 1e-20
5952.0 1.67349e-16 1e-20
5953.5 1.69045e-16 1e-20
5955.0 1.4234001e-16 1e-20
5956.5 1.7573201e-16 1e-20
5958.0 1.48294e-16 1e-20
5959.5 1.2781001e-16 1e-20
5961.0 1.46629e-16 1e-20
5962.5 1.4332799e-16 1e-20
5964.0 1.68733e-16 1e-20
5965.5 1.91369e-16 1e-20
5967.0 1.6073201e-16 1e-20
5968.5 1.5416799e-16 1e-20
5970.0 1.69624e-16 1e-20
5971.5 1.4838199e-16 1e-20
5973.0 1.73953e-16 1e-20
5974.5 1.63198e-16 1e-20
5976.0 1.60945e-16 1e-20
5977.5 1.7410099e-16 1e-20
5979.0 1.4969701e-16 1e-20
5980.5 1.58203e-16 1e-20
5982.0 1.61758e-16 1e-20
5983.5 1.00802e-16 1e-20
5985.0 1.47808e-16 1e-20
5986.5 1.9361601e-16 1e-20
5988.0 1.72539e-16 1e-20
5989.5 1.6391001e-16 1e-20
5991.0 1.64931e-16 1e-20
5992.5 1.4833e-16 1e-20
5994.0 1.5681501e-16 1e-20
5995.5 1.5711101e-16 1e-20
5997.0 1.1920201e-16 1e-20
5998.5 1.3968501e-16 1e-20
6000.0 1.08591e-16 1e-20
6001.5 1.4902801e-16 1e-20
6003.0 1.08687e-16 1e-20
6004.5 1.07626e-16 1e-20
6006.0 1.31005e-16 1e-20
6007.5 1.17625e-16 1e-20
6009.0 1.35874e-16 1e-20
6010.5 1.5109301e-16 1e-20
6012.0 1.50648e-16 1e-20
6013.5 1.16483e-16 1e-20
6015.0 1.18845e-16 1e-20
6016.5 1.56121e-16 1e-20
6018.0 1.22601e-16 1e-20
6019.5 8.0224403e-17 1e-20
6021.0 8.7976402e-17 1e-20
6022.5 7.9493407e-17 1e-20
6024.0 1.03582e-16 1e-20
6025.5 1.44862e-16 1e-20
6027.0 1.2547299e-16 1e-20
6028.5 9.6976398e-17 1e-20
6030.0 1.18692e-16 1e-20
6031.5 1.3436001e-16 1e-20
6033.0 1.28097e-16 1e-20
6034.5 1.1447101e-16 1e-20
6036.0 1.1529801e-16 1e-20
6037.5 1.1591101e-16 1e-20
6039.0 1.23104e-16 1e-20
6040.5 1.16222e-16 1e-20
6042.0 1.01451e-16 1e-20
6043.5 9.43868e-17 1e-20
6045.0 9.9683099e-17 1e-20
6046.5 1.2185701e-16 1e-20
6048.0 1.0368e-16 1e-20
6049.5 8.1858396e-17 1e-20
6051.0 7.2305796e-17 1e-20
6052.5 7.0658701e-17 1e-20
6054.0 7.0746495e-17 1e-20
6055.5 5.8327e-17 1e-20
6057.0 7.1304795e-17 1e-20
6058.5 8.66887e-17 1e-20
6060.0 8.5932002e-17 1e-20
6061.5 6.4195998e-17 1e-20
6063.0 8.7606202e-17 1e-20
6064.5 7.3574499e-17 1e-20
6066.0 7.20104e-17 1e-20
6067.5 8.0416401e-17 1e-20
6069.0 8.4010806e-17 1e-20
6070.5 1.1452901e-16 1e-20
6072.0 9.2429598e-17 1e-20
6073.5 1.39228e-16 1e-20
6075.0 8.43181e-17 1e-20
6076.5 8.0456199e-17 1e-20
6078.0 1.1206e-16 1e-20
6079.5 1.1754901e-16 1e-20
6081.0 1.35515e-16 1e-20
6082.5 1.2808601e-16 1e-20
6084.0 7.1769796e-17 1e-20
6085.5 7.4315501e-17 1e-20
6087.0 1.08021e-16 1e-20
6088.5 7.2278797e-17 1e-20
6090.0 8.6416697e-17 1e-20
6091.5 1.15992e-16 1e-20
6093.0 8.4639602e-17 1e-20
6094.5 8.2923401e-17 1e-20
6096.0 9.6396796e-17 1e-20
6097.5 8.6042705e-17 1e-20
6099.0 7.4914201e-17 1e-20
6100.5 6.09513e-17 1e-20
6102.0 7.0326796e-17 1e-20
6103.5 1.04034e-16 1e-20
6105.0 1.15313e-16 1e-20
6106.5 8.2059301e-17 1e-20
6108.0 4.7076797e-17 1e-20
6109.5 6.1640096e-17 1e-20
6111.0 8.46094e-17 1e-20
6112.5 8.9713098e-17 1e-20
6114.0 7.2681601e-17 1e-20
6115.5 8.2957904e-17 1e-20
6117.0 9.6929501e-17 1e-20
6118.5 8.0606104e-17 1e-20
6120.0 7.6261996e-17 1e-20
6121.5 7.1013006e-17 1e-20
6123.0 5.7056702e-17 1e-20
6124.5 7.7145101e-17 1e-20
6126.0 1.14822e-16 1e-20
6127.5 1.0258399e-16 1e-20
6129.0 5.2366601e-17 1e-20
6130.5 6.9227705e-17 1e-20
6132.0 1.08874e-16 1e-20
6133.5 7.8521403e-17 1e-20
6135.0 9.8838303e-17 1e-20
6136.5 8.3753804e-17 1e-20
6138.0 9.6229706e-17 1e-20
6139.5 8.7638998e-17 1e-20
6141.0 6.63056e-17 1e-20
6142.5 1.0399501e-16 1e-20
6144.0 1.16606e-16 1e-20
6145.5 9.0409802e-17 1e-20
6147.0 7.6401002e-17 1e-20
6148.5 9.7064503e-17 1e-20
6150.0 9.0937001e-17 1e-20
6151.5 1.1936301e-16 1e-20
6153.0 1.26857e-16 1e-20
6154.5 7.4895705e-17 1e-20
6156.0 6.8721901e-17 1e-20
6157.5 1.20867e-16 1e-20
6159.0 1.3041e-16 1e-20
6160.5 8.16328e-17 1e-20
6162.0 7.2097896e-17 1e-20
6163.5 9.6423795e-17 1e-20
6165.0 1.04313e-16 1e-20
6166.5 9.5080706e-17 1e-20
6168.0 7.8840503e-17 1e-20
6169.5 1.05304e-16 1e-20
6171.0 1.03038e-16 1e-20
6172.5 9.7642603e-17 1e-20
6174.0 8.2431102e-17 1e-20
6175.5 6.4328301e-17 1e-20
6177.0 9.3097702e-17 1e-20
6178.5 1.1028e-16 1e-20
6180.0 8.2349602e-17 1e-20
6181.5 1.08506e-16 1e-20
6183.0 1.06314e-16 1e-20
6184.5 9.8273596e-17 1e-20
6186.0 1.3130001e-16 1e-20
6187.5 1.47522e-16 1e-20
6189.0 1.30695e-16 1e-20
6190.5 1.18443e-16 1e-20
6192.0 1.1379399e-16 1e-20
6193.5 1.24418e-16 1e-20
6195.0 1.3372899e-16 1e-20
6196.5 1.23907e-16 1e-20
6198.0 1.17525e-16 1e-20
6199.5 1.08426e-16 1e-20
6201.0 9.5529805e-17 1e-20
6202.5 8.7077899e-17 1e-20
6204.0 1.01523e-16 1e-20
6205.5 1.1004e-16 1e-20
6207.0 1.0986e-16 1e-20
6208.5 9.6363405e-17 1e-20
6210.0 1.25027e-16 1e-20
6211.5 1.41034e-16 1e-20
6213.0 1.28951e-16 1e-20
6214.5 1.28442e-16 1e-20
6216.0 1.3499101e-16 1e-20
6217.5 1.46054e-16 1e-20
6219.0 1.48948e-16 1e-20
6220.5 8.4702203e-17 1e-20
6222.0 8.3576701e-17 1e-20
6223.5 1.06368e-16 1e-20
6225.0 9.16738e-17 1e-20
6226.5 1.1283499e-16 1e-20
6228.0 1.4061601e-16 1e-20
6229.5 1.6023501e-16 1e-20
6231.0 1.2168e-16 1e-20
6232.5 1.09826e-16 1e-20
6234.0 6.37315e-17 1e-20
6235.5 9.5652797e-17 1e-20
6237.0 1.3414099e-16 1e-20
6238.5 1.21038e-16 1e-20
6240.0 1.30276e-16 1e-20
6241.5 1.2360999e-16 1e-20
6243.0 1.40316e-16 1e-20
6244.5 1.39649e-16 1e-20
6246.0 1.31125e-16 1e-20
6247.5 1.13097e-16 1e-20
6249.0 1.4242e-16 1e-20
6250.5 1.53881e-16 1e-20
6252.0 1.3445299e-16 1e-20
6253.5 1.35865e-16 1e-20
6255.0 1.49261e-16 1e-20
6256.5 1.52799e-16 1e-20
6258.0 1.77432e-16 1e-20
6259.5 1.9465999e-16 1e-20
6261.0 1.67367e-16 1e-20
6262.5 1.2853e-16 1e-20
6264.0 1.15852e-16 1e-20
6265.5 1.7385001e-16 1e-20
6267.0 1.70707e-16 1e-20
6268.5 1.35721e-16 1e-20
6270.0 1.33221e-16 1e-20
6271.5 1.46606e-16 1e-20
6273.0 1.29662e-16 1e-20
6274.5 1.66035e-16 1e-20
6276.0 1.8612901e-16 1e-20
6277.5 1.6392601e-16 1e-20
6279.0 1.61597e-16 1e-20
6280.5 1.5408e-16 1e-20
6282.0 1.38998e-16 1e-20
6283.5 1.33515e-16 1e-20
6285.0 1.38493e-16 1e-20
6286.5 1.32617e-16 1e-20
6288.0 1.44537e-16 1e-20
6289.5 1.6891199e-16 1e-20
6291.0 1.4978699e-16 1e-20
6292.5 1.23631e-16 1e-20
6294.0 1.28718e-16 1e-20
6295.5 1.51401e-16 1e-20
6297.0 1.7792401e-16 1e-20
6298.5 1.12551e-16 1e-20
6300.0 2.0664699e-16 1e-20
6301.5 2.1991501e-16 1e-20
6303.0 1.1445199e-16 1e-20
6304.5 1.7598499e-16 1e-20
6306.0 1.9566899e-16 1e-20
6307.5 1.33499e-16 1e-20
6309.0 1.5031301e-16 1e-20
6310.5 1.63685e-16 1e-20
6312.0 1.58089e-16 1e-20
6313.5 1.6874699e-16 1e-20
6315.0 1.6785001e-16 1e-20
6316.5 1.69886e-16 1e-20
6318.0 1.65336e-16 1e-20
6319.5 1.8347099e-16 1e-20
6321.0 1.90314e-16 1e-20
6322.5 1.60338e-16 1e-20
6324.0 1.50087e-16 1e-20
6325.5 1.64702e-16 1e-20
6327.0 1.72612e-16 1e-20
6328.5 1.7572501e-16 1e-20
6330.0 1.62143e-16 1e-20
6331.5 1.68372e-16 1e-20
6333.0 1.63412e-16 1e-20
6334.5 1.50958e-16 1e-20
6336.0 1.56016e-16 1e-20
6337.5 1.3964599e-16 1e-20
6339.0 1.3421699e-16 1e-20
6340.5 1.3229499e-16 1e-20
6342.0 1.5514401e-16 1e-20
6343.5 1.6008299e-16 1e-20
6345.0 1.24452e-16 1e-20
6346.5 1.1715e-16 1e-20
6348.0 1.3644999e-16 1e-20
6349.5 1.1237399e-16 1e-20
6351.0 1.12026e-16 1e-20
6352.5 1.31089e-16 1e-20
6354.0 1.56764e-16 1e-20
6355.5 1.28969e-16 1e-20
6357.0 1.37446e-16 1e-20
6358.5 1.49988e-16 1e-20
6360.0 1.89254e-16 1e-20
6361.5 1.47052e-16 1e-20
6363.0 1.47775e-16 1e-20
6364.5 1.6329699e-16 1e-20
6366.0 9.3041798e-17 1e-20
6367.5 1.04185e-16 1e-20
6369.0 1.17113e-16 1e-20
6370.5 1.53575e-16 1e-20
6372.0 1.6526399e-16 1e-20
6373.5 1.7525499e-16 1e-20
6375.0 1.6752399e-16 1e-20
6376.5 1.5125801e-16 1e-20
6378.0 1.6005801e-16 1e-20
6379.5 1.70967e-16 1e-20
6381.0 1.65187e-16 1e-20
6382.5 1.4155001e-16 1e-20
6384.0 1.6431899e-16 1e-20
6385.5 1.78777e-16 1e-20
6387.0 1.8465599e-16 1e-20
6388.5 1.77679e-16 1e-20
6390.0 1.7484101e-16 1e-20
6391.5 1.6083001e-16 1e-20
6393.0 1.52871e-16 1e-20
6394.5 1.75432e-16 1e-20
6396.0 1.77671e-16 1e-20
6397.5 1.7695101e-16 1e-20
6399.0 1.58297e-16 1e-20
6400.5 1.44601e-16 1e-20
6402.0 1.63874e-16 1e-20
6403.5 1.79779e-16 1e-20
6405.0 1.89484e-16 1e-20
6406.5 1.78377e-16 1e-20
6408.0 1.6611301e-16 1e-20
6409.5 1.4183999e-16 1e-20
6411.0 1.23975e-16 1e-20
6412.5 1.4717101e-16 1e-20
6414.0 1.98188e-16 1e-20
6415.5 1.7843499e-16 1e-20
6417.0 1.67118e-16 1e-20
6418.5 1.78294e-16 1e-20
6420.0 1.8260101e-16 1e-20
6421.5 1.6942199e-16 1e-20
6423.0 1.7247299e-16 1e-20
6424.5 1.3779599e-16 1e-20
6426.0 1.22544e-16 1e-20
6427.5 1.21044e-16 1e-20
6429.0 9.1659301e-17 1e-20
6430.5 1.1653099e-16 1e-20
6432.0 1.9476699e-16 1e-20
6433.5 1.91377e-16 1e-20
6435.0 1.57986e-16 1e-20
6436.5 1.5604e-16 1e-20
6438.0 1.43949e-16 1e-20
6439.5 1.50885e-16 1e-20
6441.0 1.69499e-16 1e-20
6442.5 1.53579e-16 1e-20
6444.0 1.69436e-16 1e-20
6445.5 1.93571e-16 1e-20
6447.0 1.67372e-16 1e-20
6448.5 1.9256701e-16 1e-20
6450.0 2.2599699e-16 1e-20
6451.5 1.9623699e-16 1e-20
6453.0 1.71561e-16 1e-20
6454.5 1.9246701e-16 1e-20
6456.0 1.63884e-16 1e-20
6457.5 1.62095e-16 1e-20
6459.0 1.8689799e-16 1e-20
6460.5 1.7071301e-16 1e-20
6462.0 1.67915e-16 1e-20
6463.5 1.8044301e-16 1e-20
6465.0 1.7193901e-16 1e-20
6466.5 1.7372499e-16 1e-20
6468.0 1.4484299e-16 1e-20
6469.5 1.31761e-16 1e-20
6471.0 1.3431301e-16 1e-20
6472.5 1.23923e-16 1e-20
6474.0 1.4648999e-16 1e-20
6475.5 1.69884e-16 1e-20
6477.0 1.90175e-16 1e-20
6478.5 1.69358e-16 1e-20
6480.0 1.7350399e-16 1e-20
6481.5 1.82495e-16 1e-20
6483.0 1.53797e-16 1e-20
6484.5 1.4552701e-16 1e-20
6486.0 1.43693e-16 1e-20
6487.5 1.5967799e-16 1e-20
6489.0 1.71124e-16 1e-20
6490.5 1.4137299e-16 1e-20
6492.0 1.1793299e-16 1e-20
6493.5 1.48531e-16 1e-20
6495.0 1.6226999e-16 1e-20
6496.5 1.6595901e-16 1e-20
6498.0 1.4175401e-16 1e-20
6499.5 9.78196e-17 1e-20
6501.0 1.25686e-16 1e-20
6502.5 1.7089399e-16 1e-20
6504.0 1.54604e-16 1e-20
6505.5 1.4671799e-16 1e-20
6507.0 1.33682e-16 1e-20
6508.5 1.33049e-16 1e-20
6510.0 1.3817801e-16 1e-20
6511.5 1.41278e-16 1e-20
6513.0 1.5832799e-16 1e-20
6514.5 1.48484e-16 1e-20
6516.0 1.4985999e-16 1e-20
6517.5 1.6651999e-16 1e-20
6519.0 1.86242e-16 1e-20
6520.5 1.98052e-16 1e-20
6522.0 1.9258199e-16 1e-20
6523.5 1.62574e-16 1e-20
6525.0 1.3704499e-16 1e-20
6526.5 1.6699199e-16 1e-20
6528.0 1.6724e-16 1e-20
6529.5 1.3706e-16 1e-20
6531.0 1.25194e-16 1e-20
6532.5 1.4920599e-16 1e-20
6534.0 1.67688e-16 1e-20
6535.5 1.60002e-16 1e-20
6537.0 1.44127e-16 1e-20
6538.5 1.4757e-16 1e-20
6540.0 1.56994e-16 1e-20
6541.5 1.58279e-16 1e-20
6543.0 1.5038501e-16 1e-20
6544.5 1.26142e-16 1e-20
6546.0 1.11635e-16 1e-20
6547.5 1.4324001e-16 1e-20
6549.0 1.53195e-16 1e-20
6550.5 1.499e-16 1e-20
6552.0 1.47947e-16 1e-20
6553.5 1.53425e-16 1e-20
6555.0 1.61229e-16 1e-20
6556.5 1.56408e-16 1e-20
6558.0 1.8280201e-16 1e-20
6559.5 1.65338e-16 1e-20
6561.0 1.27076e-16 1e-20
6562.5 1.36931e-16 1e-20
6564.0 1.6614699e-16 1e-20
6565.5 1.6869999e-16 1e-20
6567.0 1.80677e-16 1e-20
6568.5 1.86024e-16 1e-20
6570.0 1.4939301e-16 1e-20
6571.5 1.4881701e-16 1e-20
6573.0 1.5249699e-16 1e-20
6574.5 1.56214e-16 1e-20
6576.0 1.47559e-16 1e-20
6577.5 1.62947e-16 1e-20
6579.0 1.59964e-16 1e-20
6580.5 1.57445e-16 1e-20
6582.0 1.48724e-16 1e-20
6583.5 1.4131499e-16 1e-20
6585.0 1.35429e-16 1e-20
6586.5 1.5967799e-16 1e-20
6588.0 2.0325301e-16 1e-20
6589.5 1.8944501e-16 1e-20
6591.0 1.6361601e-16 1e-20
6592.5 1.4668899e-16 1e-20
6594.0 1.4177599e-16 1e-20
6595.5 1.58336e-16 1e-20
6597.0 1.6427501e-16 1e-20
6598.5 1.3156899e-16 1e-20
6600.0 1.19632e-16 1e-20
6601.5 1.15105e-16 1e-20
6603.0 1.2218501e-16 1e-20
6604.5 1.63477e-16 1e-20
6606.0 1.6494801e-16 1e-20
6607.5 1.5177099e-16 1e-20
6609.0 1.6839499e-16 1e-20
6610.5 1.80026e-16 1e-20
6612.0 1.43974e-16 1e-20
6613.5 1.26568e-16 1e-20
6615.0 1.4583001e-16 1e-20
6616.5 1.5008401e-16 1e-20
6618.0 1.71615e-16 1e-20
6619.5 1.69009e-16 1e-20
6621.0 1.5874401e-16 1e-20
6622.5 1.4855701e-16 1e-20
6624.0 1.3846501e-16 1e-20
6625.5 1.52156e-16 1e-20
6627.0 1.8541899e-16 1e-20
6628.5 1.7413101e-16 1e-20
6630.0 1.5718099e-16 1e-20
6631.5 1.68693e-16 1e-20
6633.0 1.8947201e-16 1e-20
6634.5 1.85183e-16 1e-20
6636.0 1.99504e-16 1e-20
6637.5 1.43139e-16 1e-20
6639.0 1.26866e-16 1e-20
6640.5 1.46046e-16 1e-20
6642.0 1.49022e-16 1e-20
6643.5 1.57953e-16 1e-20
6645.0 1.3548199e-16 1e-20
6646.5 1.45793e-16 1e-20
6648.0 1.8655201e-16 1e-20
6649.5 1.48354e-16 1e-20
6651.0 1.68376e-16 1e-20
6652.5 1.8065401e-16 1e-20
6654.0 1.7443401e-16 1e-20
6655.5 1.45028e-16 1e-20
6657.0 1.8678499e-16 1e-20
6658.5 1.44159e-16 1e-20
6660.0 1.62351e-16 1e-20
6661.5 1.53633e-16 1e-20
6663.0 1.37381e-16 1e-20
6664.5 1.4048701e-16 1e-20
6666.0 1.52288e-16 1e-20
6667.5 1.7421899e-16 1e-20
6669.0 1.54497e-16 1e-20
6670.5 1.32953e-16 1e-20
6672.0 1.31358e-16 1e-20
6673.5 1.05041e-16 1e-20
6675.0 1.48493e-16 1e-20
6676.5 1.55827e-16 1e-20
6678.0 1.27112e-16 1e-20
6679.5 1.24061e-16 1e-20
6681.0 1.19257e-16 1e-20
6682.5 1.1193499e-16 1e-20
6684.0 1.17844e-16 1e-20
6685.5 1.15585e-16 1e-20
6687.0 1.04187e-16 1e-20
6688.5 1.1576599e-16 1e-20
6690.0 1.26256e-16 1e-20
6691.5 1.3798999e-16 1e-20
6693.0 1.2392901e-16 1e-20
6694.5 1.1732301e-16 1e-20
6696.0 1.36071e-16 1e-20
6697.5 1.35462e-16 1e-20
6699.0 1.32952e-16 1e-20
6700.5 1.4828099e-16 1e-20
6702.0 1.3112099e-16 1e-20
6703.5 1.3101899e-16 1e-20
6705.0 1.54472e-16 1e-20
6706.5 1.2556e-16 1e-20
6708.0 1.14387e-16 1e-20
6709.5 1.18206e-16 1e-20
6711.0 1.46514e-16 1e-20
6712.5 1.6792101e-16 1e-20
6714.0 1.34544e-16 1e-20
6715.5 1.2737601e-16 1e-20
6717.0 1.36252e-16 1e-20
6718.5 1.23918e-16 1e-20
6720.0 1.14144e-16 1e-20
6721.5 1.58116e-16 1e-20
6723.0 1.42015e-16 1e-20
6724.5 1.1203201e-16 1e-20
6726.0 1.58286e-16 1e-20
6727.5 1.5734599e-16 1e-20
6729.0 9.0337004e-17 1e-20
6730.5 9.5380403e-17 1e-20
6732.0 1.15646e-16 1e-20
6733.5 1.07557e-16 1e-20
6735.0 1.1463999e-16 1e-20
6736.5 1.54488e-16 1e-20
6738.0 1.65097e-16 1e-20
6739.5 1.5578801e-16 1e-20
6741.0 1.39923e-16 1e-20
6742.5 1.1823599e-16 1e-20
6744.0 1.22023e-16 1e-20
6745.5 1.30464e-16 1e-20
6747.0 1.28859e-16 1e-20
6748.5 1.1567e-16 1e-20
6750.0 1.1816e-16 1e-20
6751.5 1.21659e-16 1e-20
6753.0 1.21227e-16 1e-20
6754.5 1.3427899e-16 1e-20
6756.0 1.56536e-16 1e-20
6757.5 1.41736e-16 1e-20
6759.0 1.24989e-16 1e-20
6760.5 1.3719399e-16 1e-20
6762.0 1.44643e-16 1e-20
6763.5 1.57988e-16 1e-20
6765.0 1.4766e-16 1e-20
6766.5 1.3244399e-16 1e-20
6768.0 1.4859401e-16 1e-20
6769.5 1.5895701e-16 1e-20
6771.0 1.6757401e-16 1e-20
6772.5 1.4503901e-16 1e-20
6774.0 9.8948907e-17 1e-20
6775.5 1.43609e-16 1e-20
6777.0 1.6216201e-16 1e-20
6778.5 1.49176e-16 1e-20
6780.0 1.37037e-16 1e-20
6781.5 1.52023e-16 1e-20
6783.0 1.2097299e-16 1e-20
6784.5 7.32302e-17 1e-20
6786.0 8.2459504e-17 1e-20
6787.5 1.15327e-16 1e-20
6789.0 1.57168e-16 1e-20
6790.5 1.4083301e-16 1e-20
6792.0 1.27861e-16 1e-20
6793.5 1.1252999e-16 1e-20
6795.0 9.3056403e-17 1e-20
6796.5 1.01536e-16 1e-20
6798.0 1.4708801e-16 1e-20
6799.5 1.81613e-16 1e-20
6801.0 1.33532e-16 1e-20
6802.5 9.2893303e-17 1e-20
6804.0 1.10265e-16 1e-20
6805.5 1.26915e-16 1e-20
6807.0 1.05266e-16 1e-20
6808.5 1.10412e-16 1e-20
6810.0 1.05353e-16 1e-20
6811.5 1.02555e-16 1e-20
6813.0 1.16035e-16 1e-20
6814.5 1.19424e-16 1e-20
6816.0 9.1104501e-17 1e-20
6817.5 8.8504798e-17 1e-20
6819.0 9.2778e-17 1e-20
6820.5 7.4163498e-17 1e-20
6822.0 6.2876798e-17 1e-20
6823.5 8.8322203e-17 1e-20
6825.0 1.12637e-16 1e-20
6826.5 1.11645e-16 1e-20
6828.0 1.31258e-16 1e-20
6829.5 1.2905e-16 1e-20
6831.0 1.06071e-16 1e-20
6832.5 1.17029e-16 1e-20
6834.0 1.2185301e-16 1e-20
6835.5 9.6797694e-17 1e-20
6837.0 6.3286298e-17 1e-20
6838.5 8.9397803e-17 1e-20
6840.0 1.33497e-16 1e-20
6841.5 1.48882e-16 1e-20
6843.0 1.4830001e-16 1e-20
6844.5 1.42006e-16 1e-20
6846.0 1.1520099e-16 1e-20
6847.5 1.37417e-16 1e-20
6849.0 1.18673e-16 1e-20
6850.5 1.18882e-16 1e-20
6852.0 1.18281e-16 1e-20
6853.5 1.2645601e-16 1e-20
6855.0 1.32875e-16 1e-20
6856.5 1.5897199e-16 1e-20
6858.0 1.4477401e-16 1e-20
6859.5 1.2299499e-16 1e-20
6861.0 1.52625e-16 1e-20
6862.5 1.00669e-16 1e-20
6864.0 1.03964e-16 1e-20
6865.5 1.53305e-16 1e-20
6867.0 1.06773e-16 1e-20
6868.5 1.11803e-16 1e-20
6870.0 1.02896e-16 1e-20
6871.5 8.0801398e-17 1e-20
6873.0 5.5416102e-17 1e-20
6874.5 7.32921e-17 1e-20
6876.0 1.06263e-16 1e-20
6877.5 1.3592801e-16 1e-20
6879.0 1.41859e-16 1e-20
6880.5 1.12282e-16 1e-20
6882.0 1.0298401e-16 1e-20
6883.5 1.1050301e-16 1e-20
6885.0 9.4267898e-17 1e-20
6886.5 1.76661e-16 1e-20
6888.0 1.7750301e-16 1e-20
6889.5 1.4799599e-16 1e-20
6891.0 1.45487e-16 1e-20
6892.5 9.9085299e-17 1e-20
6894.0 4.7801001e-17 1e-20
6895.5 1.23845e-16 1e-20
6897.0 1.8269601e-16 1e-20
6898.5 1.39211e-16 1e-20
6900.0 1.1865899e-16 1e-20
6901.5 1.2726399e-16 1e-20
6903.0 1.4402001e-16 1e-20
6904.5 1.29953e-16 1e-20
6906.0 8.9748799e-17 1e-20
6907.5 9.0941401e-17 1e-20
6909.0 1.1424201e-16 1e-20
6910.5 1.1894399e-16 1e-20
6912.0 1.21992e-16 1e-20
6913.5 1.1028701e-16 1e-20
6915.0 1.19883e-16 1e-20
6916.5 1.31963e-16 1e-20
6918.0 8.3982106e-17 1e-20
6919.5 9.4412999e-17 1e-20
6921.0 1.18172e-16 1e-20
6922.5 1.1490901e-16 1e-20
6924.0 1.4317e-16 1e-20
6925.5 1.27296e-16 1e-20
6927.0 1.13567e-16 1e-20
6928.5 1.3201901e-16 1e-20
6930.0 1.2923699e-16 1e-20
6931.5 1.11594e-16 1e-20
6933.0 1.2543e-16 1e-20
6934.5 1.4838199e-16 1e-20
6936.0 1.07061e-16 1e-20
6937.5 1.24846e-16 1e-20
6939.0 1.03756e-16 1e-20
6940.5 9.7056397e-17 1e-20
6942.0 1.18398e-16 1e-20
6943.5 1.32249e-16 1e-20
6945.0 1.5590499e-16 1e-20
6946.5 1.45446e-16 1e-20
6948.0 1.21229e-16 1e-20
6949.5 1.52688e-16 1e-20
6951.0 1.6598401e-16 1e-20
6952.5 1.16797e-16 1e-20
6954.0 1.3586e-16 1e-20
6955.5 1.7975099e-16 1e-20
6957.0 1.55104e-16 1e-20
6958.5 1.6553601e-16 1e-20
6960.0 1.66035e-16 1e-20
6961.5 1.04105e-16 1e-20
6963.0 7.5352197e-17 1e-20
6964.5 8.9116297e-17 1e-20
6966.0 1.16652e-16 1e-20
6967.5 1.45838e-16 1e-20
6969.0 1.2216699e-16 1e-20
6970.5 7.6343199e-17 1e-20
6972.0 8.6889996e-17 1e-20
6973.5 9.4159001e-17 1e-20
6975.0 9.3436099e-17 1e-20
6976.5 1.0459e-16 1e-20
6978.0 1.02531e-16 1e-20
6979.5 8.94268e-17 1e-20
6981.0 8.48442e-17 1e-20
6982.5 9.6190994e-17 1e-20
6984.0 1.15245e-16 1e-20
6985.5 1.07168e-16 1e-20
6987.0 1.19798e-16 1e-20
6988.5 1.3954e-16 1e-20
6990.0 1.17274e-16 1e-20
6991.5 8.9917504e-17 1e-20
6993.0 8.2907294e-17 1e-20
6994.5 7.5799397e-17 1e-20
6996.0 6.7158106e-17 1e-20
6997.5 7.6641903e-17 1e-20
6999.0 1.01269e-16 1e-20
7000.5 1.2342199e-16 1e-20
7002.0 1.3196e-16 1e-20
7003.5 1.15297e-16 1e-20
7005.0 1.10937e-16 1e-20
7006.5 1.06284e-16 1e-20
7008.0 1.1636299e-16 1e-20
7009.5 1.07683e-16 1e-20
7011.0 1.4161401e-16 1e-20
7012.5 1.49988e-16 1e-20
7014.0 8.6580598e-17 1e-20
7015.5 9.5291895e-17 1e-20
7017.0 1.3005399e-16 1e-20
7018.5 1.24246e-16 1e-20
7020.0 1.42504e-16 1e-20
7021.5 1.67557e-16 1e-20
7023.0 1.2335001e-16 1e-20
7024.5 9.3080603e-17 1e-20
7026.0 1.2553699e-16 1e-20
7027.5 1.72759e-16 1e-20
7029.0 1.3636599e-16 1e-20
7030.5 1.25022e-16 1e-20
7032.0 1.0511e-16 1e-20
7033.5 1.01571e-16 1e-20
7035.0 1.2738701e-16 1e-20
7036.5 1.16398e-16 1e-20
7038.0 1.3119801e-16 1e-20
7039.5 1.42045e-16 1e-20
7041.0 1.2084e-16 1e-20
7042.5 9.8591406e-17 1e-20
7044.0 1.18092e-16 1e-20
7045.5 1.00431e-16 1e-20
7047.0 1.03489e-16 1e-20
7048.5 1.13644e-16 1e-20
7050.0 1.1741101e-16 1e-20
7051.5 1.23779e-16 1e-20
7053.0 1.14467e-16 1e-20
7054.5 1.1644499e-16 1e-20
7056.0 1.2076699e-16 1e-20
7057.5 1.16884e-16 1e-20
7059.0 1.3732e-16 1e-20
7060.5 9.59481e-17 1e-20
7062.0 1.40091e-16 1e-20
7063.5 1.48635e-16 1e-20
7065.0 1.39407e-16 1e-20
7066.5 9.86827e-17 1e-20
7068.0 1.38322e-16 1e-20
7069.5 1.28479e-16 1e-20
7071.0 1.32332e-16 1e-20
7072.5 8.6724997e-17 1e-20
7074.0 1.2500999e-16 1e-20
7075.5 1.0597501e-16 1e-20
7077.0 8.0031604e-17 1e-20
7078.5 1.04472e-16 1e-20
7080.0 8.9702298e-17 1e-20
7081.5 8.6719604e-17 1e-20
7083.0 1.36559e-16 1e-20
7084.5 1.1982201e-16 1e-20
7086.0 7.0243503e-17 1e-20
7087.5 8.1855299e-17 1e-20
7089.0 9.8345197e-17 1e-20
7090.5 9.6183801e-17 1e-20
7092.0 9.5360696e-17 1e-20
7093.5 9.0189501e-17 1e-20
7095.0 1.3827699e-16 1e-20
7096.5 1.20614e-16 1e-20
7098.0 9.9719303e-17 1e-20
7099.5 1.02208e-16 1e-20
7101.0 1.24694e-16 1e-20
7102.5 1.24972e-16 1e-20
7104.0 1.33131e-16 1e-20
7105.5 1.57653e-16 1e-20
7107.0 1.43262e-16 1e-20
7108.5 1.4088101e-16 1e-20
7110.0 1.25896e-16 1e-20
7111.5 1.33556e-16 1e-20
7113.0 1.68123e-16 1e-20
7114.5 1.5818299e-16 1e-20
7116.0 1.26748e-16 1e-20
7117.5 1.1507401e-16 1e-20
7119.0 1.30009e-16 1e-20
7120.5 1.4364301e-16 1e-20
7122.0 1.2548501e-16 1e-20
7123.5 1.3403199e-16 1e-20
7125.0 1.53141e-16 1e-20
7126.5 1.15962e-16 1e-20
7128.0 8.9264997e-17 1e-20
7129.5 1.07316e-16 1e-20
7131.0 1.3454799e-16 1e-20
7132.5 1.36073e-16 1e-20
7134.0 1.12751e-16 1e-20
7135.5 1.39762e-16 1e-20
7137.0 1.46867e-16 1e-20
7138.5 1.22756e-16 1e-20
7140.0 1.61466e-16 1e-20
7141.5 1.72472e-16 1e-20
7143.0 1.4572801e-16 1e-20
7144.5 8.25721e-17 1e-20
7146.0 1.01204e-16 1e-20
7147.5 1.1271301e-16 1e-20
7149.0 6.5765299e-17 1e-20
7150.5 1.1178e-16 1e-20
7152.0 1.43241e-16 1e-20
7153.5 1.2537401e-16 1e-20
7155.0 1.07006e-16 1e-20
7156.5 8.9450597e-17 1e-20
7158.0 8.6193801e-17 1e-20
7159.5 6.8787599e-17 1e-20
7161.0 9.8480001e-17 1e-20
7162.5 1.1706701e-16 1e-20
7164.0 1.21788e-16 1e-20
7165.5 1.09352e-16 1e-20
7167.0 1.10202e-16 1e-20
7168.5 1.02797e-16 1e-20
7170.0 1.01244e-16 1e-20
7171.5 1.03065e-16 1e-20
7173.0 1.1392e-16 1e-20
7174.5 1.62697e-16 1e-20
7176.0 1.78296e-16 1e-20
7177.5 1.4733601e-16 1e-20
7179.0 1.4076301e-16 1e-20
7180.5 1.42714e-16 1e-20
7182.0 1.31505e-16 1e-20
7183.5 1.1992e-16 1e-20
7185.0 1.09729e-16 1e-20
7186.5 1.9316401e-16 1e-20
7188.0 2.3910898e-16 1e-20
7189.5 1.5426201e-16 1e-20
7191.0 7.6385405e-17 1e-20
7192.5 6.2335405e-17 1e-20
7194.0 8.8394406e-17 1e-20
7195.5 1.18248e-16 1e-20
7197.0 1.4655801e-16 1e-20
7198.5 1.53521e-16 1e-20
7200.0 1.4887901e-16 1e-20
7201.5 1.3052701e-16 1e-20
7203.0 1.24668e-16 1e-20
7204.5 1.31625e-16 1e-20
7206.0 1.31917e-16 1e-20
7207.5 1.22818e-16 1e-20
7209.0 1.00016e-16 1e-20
7210.5 1.04931e-16 1e-20
7212.0 1.50541e-16 1e-20
7213.5 1.2861099e-16 1e-20
7215.0 1.24903e-16 1e-20
7216.5 1.92525e-16 1e-20
7218.0 1.82783e-16 1e-20
7219.5 1.41189e-16 1e-20
7221.0 1.3194699e-16 1e-20
7222.5 1.10689e-16 1e-20
7224.0 1.02676e-16 1e-20
7225.5 1.1935599e-16 1e-20
7227.0 1.2857801e-16 1e-20
7228.5 1.23254e-16 1e-20
7230.0 1.48769e-16 1e-20
7231.5 1.0667e-16 1e-20
7233.0 6.9237201e-17 1e-20
7234.5 9.8374499e-17 1e-20
7236.0 1.10484e-16 1e-20
7237.5 1.20453e-16 1e-20
7239.0 1.3757e-16 1e-20
7240.5 1.41888e-16 1e-20
7242.0 1.03549e-16 1e-20
7243.5 5.11003e-17 1e-20
7245.0 8.25676e-17 1e-20
7246.5 1.06813e-16 1e-20
7248.0 1.3541199e-16 1e-20
7249.5 1.39954e-16 1e-20
7251.0 1.15107e-16 1e-20
7252.5 9.5674595e-17 1e-20
7254.0 9.6973202e-17 1e-20
7255.5 1.03013e-16 1e-20
7257.0 1.00833e-16 1e-20
7258.5 1.08101e-16 1e-20
7260.0 1.05242e-16 1e-20
7261.5 1.06625e-16 1e-20
7263.0 9.0117701e-17 1e-20
7264.5 8.48289e-17 1e-20
7266.0 6.7154804e-17 1e-20
7267.5 8.2739899e-17 1e-20
7269.0 9.0120004e-17 1e-20
7270.5 9.1932496e-17 1e-20
7272.0 1.12716e-16 1e-20
7273.5 7.8356497e-17 1e-20
7275.0 1.24468e-16 1e-20
7276.5 1.30763e-16 1e-20
7278.0 6.9591598e-17 1e-20
7279.5 3.7698101e-17 1e-20
7281.0 3.90032e-17 1e-20
7282.5 3.1408802e-17 1e-20
7284.0 7.23017e-17 1e-20
7285.5 1.21369e-16 1e-20
7287.0 1.06952e-16 1e-20
7288.5 1.13044e-16 1e-20
7290.0 1.39998e-16 1e-20
7291.5 9.5201203e-17 1e-20
7293.0 7.5584098e-17 1e-20
7294.5 1.40167e-16 1e-20
7296.0 1.2808999e-16 1e-20
7297.5 1.22801e-16 1e-20
7299.0 1.03395e-16 1e-20
7300.5 7.8524401e-17 1e-20
7302.0 1.45964e-16 1e-20
7303.5 1.6019499e-16 1e-20
7305.0 1.54597e-16 1e-20
7306.5 1.01001e-16 1e-20
7308.0 9.96471e-17 1e-20
7309.5 8.87699e-17 1e-20
7311.0 7.4064303e-17 1e-20
7312.5 1.16457e-16 1e-20
7314.0 8.0009197e-17 1e-20
7315.5 1.06924e-16 1e-20
7317.0 1.5320501e-16 1e-20
7318.5 1.4474399e-16 1e-20
7320.0 1.1907301e-16 1e-20
7321.5 1.1271099e-16 1e-20
7323.0 9.64859e-17 1e-20
7324.5 7.3701098e-17 1e-20
7326.0 9.7892405e-17 1e-20
7327.5 1.43144e-16 1e-20
7329.0 1.89539e-16 1e-20
7330.5 1.9862699e-16 1e-20
7332.0 1.5107501e-16 1e-20
7333.5 1.2602e-16 1e-20
7335.0 1.08539e-16 1e-20
7336.5 1.0664001e-16 1e-20
7338.0 1.21356e-16 1e-20
7339.5 8.95954e-17 1e-20
7341.0 9.2028899e-17 1e-20
7342.5 1.61384e-16 1e-20
7344.0 1.56027e-16 1e-20
7345.5 1.22872e-16 1e-20
7347.0 1.08865e-16 1e-20
7348.5 6.0449896e-17 1e-20
7350.0 5.93344e-17 1e-20
7351.5 9.9790295e-17 1e-20
7353.0 9.7704503e-17 1e-20
7354.5 8.8911897e-17 1e-20
7356.0 8.7756498e-17 1e-20
7357.5 7.5705297e-17 1e-20
7359.0 6.8113605e-17 1e-20
7360.5 1.11005e-16 1e-20
7362.0 1.13658e-16 1e-20
7363.5 6.7150396e-17 1e-20
7365.0 1.03488e-16 1e-20
7366.5 1.38091e-16 1e-20
7368.0 7.5147499e-17 1e-20
7369.5 5.9623304e-17 1e-20
7371.0 5.7138202e-17 1e-20
7372.5 1.3301501e-16 1e-20
7374.0 1.31944e-16 1e-20
7375.5 1.004e-16 1e-20
7377.0 1.18425e-16 1e-20
7378.5 1.29445e-16 1e-20
7380.0 1.15374e-16 1e-20
7381.5 8.72865e-17 1e-20
7383.0 6.6774803e-17 1e-20
7384.5 8.1165298e-17 1e-20
7386.0 1.13156e-16 1e-20
7387.5 1.3065e-16 1e-20
7389.0 1.07131e-16 1e-20
7390.5 8.4103099e-17 1e-20
7392.0 1.1861401e-16 1e-20
7393.5 1.05244e-16 1e-20
7395.0 5.7742302e-17 1e-20
7396.5 5.8162801e-17 1e-20
7398.0 6.0415803e-17 1e-20
7399.5 8.5211799e-17 1e-20
7401.0 5.3070899e-17 1e-20
7402.5 7.5521797e-18 1e-20
7404.0 1.8164501e-17 1e-20
7405.5 4.8489701e-17 1e-20
7407.0 7.9551501e-17 1e-20
7408.5 8.10162e-17 1e-20
7410.0 5.2595899e-17 1e-20
7411.5 6.1510897e-17 1e-20
7413.0 9.8789803e-17 1e-20
7414.5 1.1160701e-16 1e-20
7416.0 9.0885404e-17 1e-20
7417.5 7.0591395e-17 1e-20
7419.0 8.8003798e-17 1e-20
7420.5 4.8772399e-17 1e-20
7422.0 5.11738e-17 1e-20
7423.5 8.1462798e-17 1e-20
7425.0 9.1304897e-17 1e-20
7426.5 6.0440201e-17 1e-20
7428.0 5.8056101e-17 1e-20
7429.5 4.4273201e-17 1e-20
7431.0 6.03498e-17 1e-20
7432.5 3.8982997e-17 1e-20
7434.0 4.2877599e-17 1e-20
7435.5 6.66722e-17 1e-20
7437.0 8.0495606e-17 1e-20
7438.5 5.8220697e-17 1e-20
7440.0 1.02807e-16 1e-20
7441.5 1.17565e-16 1e-20
7443.0 4.3259799e-17 1e-20
7444.5 8.0352101e-18 1e-20
7446.0 4.1438999e-17 1e-20
7447.5 2.89363e-17 1e-20
7449.0 4.6895301e-17 1e-20
7450.5 1.20101e-17 1e-20
7452.0 1.9553799e-17 1e-20
7453.5 5.3167702e-17 1e-20
7455.0 1.02768e-16 1e-20
7456.5 9.7451498e-17 1e-20
7458.0 9.3853507e-17 1e-20
7459.5 1.19136e-16 1e-20
7461.0 8.7015503e-17 1e-20
7462.5 1.9104001e-17 1e-20
7464.0 8.7526603e-18 1e-20
7465.5 2.03863e-17 1e-20
7467.0 5.7207699e-17 1e-20
7468.5 6.6457001e-17 1e-20
7470.0 5.9078397e-17 1e-20
7471.5 6.9947306e-17 1e-20
7473.0 6.0041401e-17 1e-20
7474.5 9.0489e-17 1e-20
7476.0 9.2341699e-17 1e-20
7477.5 7.2914502e-17 1e-20
7479.0 3.8747003e-17 1e-20
7480.5 4.0010501e-17 1e-20
7482.0 4.6102299e-17 1e-20
7483.5 5.49279e-17 1e-20
7485.0 2.8003899e-17 1e-20
7486.5 3.07597e-17 1e-20
7488.0 8.0302899e-17 1e-20
7489.5 9.9787396e-17 1e-20
7491.0 7.3238704e-17 1e-20
7492.5 8.2272204e-17 1e-20
7494.0 7.4726497e-17 1e-20
7495.5 1.01866e-16 1e-20
7497.0 9.6680797e-17 1e-20
7498.5 7.2943903e-17 1e-20
7500.0 1.17625e-16 1e-20
7501.5 1.01545e-16 1e-20
7503.0 8.9781204e-17 1e-20
7504.5 7.7579496e-17 1e-20
7506.0 8.62307e-17 1e-20
7507.5 7.7278197e-17 1e-20
7509.0 9.1977799e-17 1e-20
7510.5 7.8767797e-17 1e-20
7512.0 1.42714e-16 1e-20
7513.5 1.0587699e-16 1e-20
7515.0 1.22917e-16 1e-20
7516.5 1.1786101e-16 1e-20
7518.0 1.4072501e-16 1e-20
7519.5 1.10427e-16 1e-20
7521.0 5.8766299e-17 1e-20
7522.5 4.4173099e-17 1e-20
7524.0 7.3262295e-17 1e-20
7525.5 5.3060202e-17 1e-20
7527.0 7.4986e-17 1e-20
7528.5 6.9493098e-17 1e-20
7530.0 1.2867001e-16 1e-20
7531.5 5.21095e-17 1e-20
7533.0 7.97032e-17 1e-20
7534.5 1.22209e-16 1e-20
7536.0 8.1024697e-17 1e-20
7537.5 1.23075e-16 1e-20
7539.0 5.0009901e-17 1e-20
7540.5 9.7092799e-17 1e-20
