3476.0 2.0315321e-15 1e-20
3477.47 2.0932556e-15 1e-20
3478.94 2.3430958e-15 1e-20
3480.41 2.243997e-15 1e-20
3481.88 2.1672553e-15 1e-20
3483.35 2.2778812e-15 1e-20
3484.82 2.3197668e-15 1e-20
3486.29 2.4865421e-15 1e-20
3487.76 2.4716146e-15 1e-20
3489.23 2.0250925e-15 1e-20
3490.7 2.2222894e-15 1e-20
3492.17 2.3084877e-15 1e-20
3493.64 2.1662525e-15 1e-20
3495.11 2.3371498e-15 1e-20
3496.58 2.2533755e-15 1e-20
3498.05 2.4114187e-15 1e-20
3499.52 2.3000244e-15 1e-20
3500.99 2.1422998e-15 1e-20
3502.46 2.3293251e-15 1e-20
3503.93 2.175487e-15 1e-20
3505.4 2.2101502e-15 1e-20
3506.87 2.5963195e-15 1e-20
3508.34 2.4869561e-15 1e-20
3509.81 2.2135309e-15 1e-20
3511.28 1.974683e-15 1e-20
3512.75 2.1781808e-15 1e-20
3514.22 2.4133093e-15 1e-20
3515.69 2.3413236e-15 1e-20
3517.16 2.0373084e-15 1e-20
3518.63 2.0092456e-15 1e-20
3520.1 2.1104226e-15 1e-20
3521.57 2.4195261e-15 1e-20
3523.04 2.557617e-15 1e-20
3524.51 2.6011185e-15 1e-20
3525.98 2.2965291e-15 1e-20
3527.45 2.5761224e-15 1e-20
3528.92 2.4059744e-15 1e-20
3530.39 2.2708053e-15 1e-20
3531.86 2.3454507e-15 1e-20
3533.33 2.265493e-15 1e-20
3534.8 2.2658292e-15 1e-20
3536.27 2.4977502e-15 1e-20
3537.74 2.2446062e-15 1e-20
3539.21 2.1708718e-15 1e-20
3540.68 2.5274392e-15 1e-20
3542.15 2.4047223e-15 1e-20
3543.62 2.4217959e-15 1e-20
3545.09 2.2650101e-15 1e-20
3546.56 2.3675621e-15 1e-20
3548.03 2.3853221e-15 1e-20
3549.5 2.2641377e-15 1e-20
3550.97 2.0718841e-15 1e-20
3552.44 2.3545191e-15 1e-20
3553.91 2.4498734e-15 1e-20
3555.38 2.4687355e-15 1e-20
3556.85 2.3921811e-15 1e-20
3558.32 2.3251654e-15 1e-20
3559.79 2.2602172e-15 1e-20
3561.26 2.3314311e-15 1e-20
3562.73 2.4745233e-15 1e-20
3564.2 2.4568015e-15 1e-20
3565.67 2.4382853e-15 1e-20
3567.14 2.3939715e-15 1e-20
3568.61 2.5041108e-15 1e-20
3570.08 2.4611593e-15 1e-20
3571.55 2.4277e-15 1e-20
3573.02 2.4805758e-15 1e-20
3574.49 2.4736676e-15 1e-20
3575.96 2.4168446e-15 1e-20
3577.43 2.5926478e-15 1e-20
3578.9 2.7888608e-15 1e-20
3580.37 2.7367707e-15 1e-20
3581.84 2.6940569e-15 1e-20
3583.31 2.7375319e-15 1e-20
3584.78 2.7308097e-15 1e-20
3586.25 2.7221015e-15 1e-20
3587.72 2.6340419e-15 1e-20
3589.19 2.5331568e-15 1e-20
3590.66 2.5739836e-15 1e-20
3592.13 2.4612687e-15 1e-20
3593.6 2.6616956e-15 1e-20
3595.07 2.6219098e-15 1e-20
3596.54 2.450645e-15 1e-20
3598.01 2.5579523e-15 1e-20
3599.48 2.6972428e-15 1e-20
3600.95 2.9079969e-15 1e-20
3602.42 2.6186652e-15 1e-20
3603.89 2.4689772e-15 1e-20
3605.36 2.4131935e-15 1e-20
3606.83 2.6306594e-15 1e-20
3608.3 2.7460336e-15 1e-20
3609.77 2.7515353e-15 1e-20
3611.24 2.7609268e-15 1e-20
3612.71 2.5526187e-15 1e-20
3614.18 2.5681133e-15 1e-20
3615.65 2.7504106e-15 1e-20
3617.12 2.7385251e-15 1e-20
3618.59 2.5643675e-15 1e-20
3620.06 2.5155305e-15 1e-20
3621.53 2.4843032e-15 1e-20
3623.0 2.7262295e-15 1e-20
3624.47 3.0635104e-15 1e-20
3625.94 2.7693566e-15 1e-20
3627.41 2.6578913e-15 1e-20
3628.88 2.6849593e-15 1e-20
3630.35 2.7120278e-15 1e-20
3631.82 2.739096e-15 1e-20
3633.29 2.7661644e-15 1e-20
3634.76 2.7932326e-15 1e-20
3636.23 2.8203008e-15 1e-20
3637.7 2.8473692e-15 1e-20
3639.17 2.8744374e-15 1e-20
3640.64 2.8744374e-15 1e-20
3642.11 2.7941243e-15 1e-20
3643.58 2.1733411e-15 1e-20
3645.05 2.219214e-15 1e-20
3646.52 2.8115429e-15 1e-20
3647.99 2.8442221e-15 1e-20
3649.46 2.8741931e-15 1e-20
3650.93 2.8096737e-15 1e-20
3652.4 2.9380788e-15 1e-20
3653.87 2.9089072e-15 1e-20
3655.34 2.8693819e-15 1e-20
3656.81 3.1002767e-15 1e-20
3658.28 3.0686881e-15 1e-20
3659.75 2.6877611e-15 1e-20
3661.22 2.6808595e-15 1e-20
3662.69 2.9146923e-15 1e-20
3664.16 2.8762825e-15 1e-20
3665.63 2.7378049e-15 1e-20
3667.1 2.8308076e-15 1e-20
3668.57 2.8172212e-15 1e-20
3670.04 2.5063669e-15 1e-20
3671.51 2.4806601e-15 1e-20
3672.98 2.7522341e-15 1e-20
3674.45 2.7830159e-15 1e-20
3675.92 2.7340383e-15 1e-20
3677.39 2.7481224e-15 1e-20
3678.86 2.4340468e-15 1e-20
3680.33 2.3280148e-15 1e-20
3681.8 2.5778071e-15 1e-20
3683.27 2.6101445e-15 1e-20
3684.74 2.3021642e-15 1e-20
3686.21 2.3106703e-15 1e-20
3687.68 2.3415161e-15 1e-20
3689.15 2.4001756e-15 1e-20
3690.62 2.3491631e-15 1e-20
3692.09 2.3099008e-15 1e-20
3693.56 2.1369328e-15 1e-20
3695.03 2.5326707e-15 1e-20
3696.5 2.5892436e-15 1e-20
3697.97 2.2174124e-15 1e-20
3699.44 2.4575992e-15 1e-20
3700.91 2.3541633e-15 1e-20
3702.38 2.1348889e-15 1e-20
3703.85 2.3702805e-15 1e-20
3705.32 2.5864157e-15 1e-20
3706.79 2.5235456e-15 1e-20
3708.26 2.4748268e-15 1e-20
3709.73 2.3829807e-15 1e-20
3711.2 2.2989211e-15 1e-20
3712.67 2.3485642e-15 1e-20
3714.14 2.506877e-15 1e-20
3715.61 2.327712e-15 1e-20
3717.08 2.4416875e-15 1e-20
3718.55 2.2382907e-15 1e-20
3720.02 2.3113369e-15 1e-20
3721.49 2.363595e-15 1e-20
3722.96 2.3116082e-15 1e-20
3724.43 2.3146268e-15 1e-20
3725.9 2.3959149e-15 1e-20
3727.37 2.4142184e-15 1e-20
3728.84 2.4325573e-15 1e-20
3730.31 2.4219065e-15 1e-20
3731.78 2.3048726e-15 1e-20
3733.25 2.2154615e-15 1e-20
3734.72 2.2053892e-15 1e-20
3736.19 2.3034021e-15 1e-20
3737.66 2.2445011e-15 1e-20
3739.13 2.236063e-15 1e-20
3740.6 2.3057268e-15 1e-20
3742.07 2.4653146e-15 1e-20
3743.54 2.3804131e-15 1e-20
3745.01 2.3265382e-15 1e-20
3746.48 2.261975e-15 1e-20
3747.95 2.1208661e-15 1e-20
3749.42 2.3604619e-15 1e-20
3750.89 2.2289068e-15 1e-20
3752.36 1.8928751e-15 1e-20
3753.83 1.965372e-15 1e-20
3755.3 2.3189971e-15 1e-20
3756.77 2.0109981e-15 1e-20
3758.24 2.0728194e-15 1e-20
3759.71 1.8863926e-15 1e-20
3761.18 1.9849383e-15 1e-20
3762.65 1.9699672e-15 1e-20
3764.12 1.8516214e-15 1e-20
3765.59 2.086517e-15 1e-20
3767.06 2.0016568e-15 1e-20
3768.53 1.895622e-15 1e-20
3770.0 1.8450847e-15 1e-20
3771.47 1.7548834e-15 1e-20
3772.94 1.7946811e-15 1e-20
3774.41 1.5456052e-15 1e-20
3775.88 1.4608137e-15 1e-20
3777.35 1.5055667e-15 1e-20
3778.82 1.6237232e-15 1e-20
3780.29 1.5104352e-15 1e-20
3781.76 1.5374171e-15 1e-20
3783.23 1.6389103e-15 1e-20
3784.7 1.5726905e-15 1e-20
3786.17 1.3250907e-15 1e-20
3787.64 1.2439723e-15 1e-20
3789.11 1.4353054e-15 1e-20
3790.58 1.295165e-15 1e-20
3792.05 1.305569e-15 1e-20
3793.52 1.4726919e-15 1e-20
3794.99 1.1690187e-15 1e-20
3796.46 1.220483e-15 1e-20
3797.93 1.346203e-15 1e-20
3799.4 1.1309647e-15 1e-20
3800.87 1.3101102e-15 1e-20
3802.34 1.2947634e-15 1e-20
3803.81 1.1711513e-15 1e-20
3805.28 1.1269928e-15 1e-20
3806.75 1.2571715e-15 1e-20
3808.22 1.2934607e-15 1e-20
3809.69 1.3549782e-15 1e-20
3811.16 1.3351191e-15 1e-20
3812.63 1.4412718e-15 1e-20
3814.1 1.5401426e-15 1e-20
3815.57 1.3842015e-15 1e-20
3817.04 1.3546133e-15 1e-20
3818.51 1.3563272e-15 1e-20
3819.98 1.4244207e-15 1e-20
3821.45 1.3943569e-15 1e-20
3822.92 1.4330341e-15 1e-20
3824.39 1.4371648e-15 1e-20
3825.86 1.4010035e-15 1e-20
3827.33 1.4645266e-15 1e-20
3828.8 1.6570879e-15 1e-20
3830.27 1.5273218e-15 1e-20
3831.74 1.5370075e-15 1e-20
3833.21 1.5442575e-15 1e-20
3834.68 1.4040292e-15 1e-20
3836.15 1.4376315e-15 1e-20
3837.62 1.355357e-15 1e-20
3839.09 1.4804099e-15 1e-20
3840.56 1.4707334e-15 1e-20
3842.03 1.3331866e-15 1e-20
3843.5 1.3755775e-15 1e-20
3844.97 1.4810812e-15 1e-20
3846.44 1.3814242e-15 1e-20
3847.91 1.4622812e-15 1e-20
3849.38 1.4269001e-15 1e-20
3850.85 1.4513879e-15 1e-20
3852.32 1.4254532e-15 1e-20
3853.79 1.3438219e-15 1e-20
3855.26 1.4152684e-15 1e-20
3856.73 1.2813313e-15 1e-20
3858.2 1.2732071e-15 1e-20
3859.67 1.187931e-15 1e-20
3861.14 1.3220317e-15 1e-20
3862.61 1.2842805e-15 1e-20
3864.08 1.1593953e-15 1e-20
3865.55 1.0774665e-15 1e-20
3867.02 1.2535953e-15 1e-20
3868.49 1.3845526e-15 1e-20
3869.96 1.3260412e-15 1e-20
3871.43 1.3011506e-15 1e-20
3872.9 1.4464576e-15 1e-20
3874.37 1.3293858e-15 1e-20
3875.84 1.2347833e-15 1e-20
3877.31 1.3056861e-15 1e-20
3878.78 1.2701474e-15 1e-20
3880.25 1.4307899e-15 1e-20
3881.72 1.3654719e-15 1e-20
3883.19 1.3435783e-15 1e-20
3884.66 1.3954469e-15 1e-20
3886.13 1.4174262e-15 1e-20
3887.6 1.2649491e-15 1e-20
3889.07 1.3629934e-15 1e-20
3890.54 1.3955707e-15 1e-20
3892.01 1.4189371e-15 1e-20
3893.48 1.3603447e-15 1e-20
3894.95 1.4114555e-15 1e-20
3896.42 1.4049792e-15 1e-20
3897.89 1.339075e-15 1e-20
3899.36 1.3294878e-15 1e-20
3900.83 1.3808457e-15 1e-20
3902.3 1.3999056e-15 1e-20
3903.77 1.5601118e-15 1e-20
3905.24 1.3994022e-15 1e-20
3906.71 1.4374959e-15 1e-20
3908.18 1.6066613e-15 1e-20
3909.65 1.7016189e-15 1e-20
3911.12 1.6148791e-15 1e-20
3912.59 1.7727314e-15 1e-20
3914.06 1.884326e-15 1e-20
3915.53 1.8924491e-15 1e-20
3917.0 1.8898188e-15 1e-20
3918.47 1.8758207e-15 1e-20
3919.94 1.9395307e-15 1e-20
3921.41 1.8875136e-15 1e-20
3922.88 1.8960752e-15 1e-20
3924.35 2.0520229e-15 1e-20
3925.82 2.0425522e-15 1e-20
3927.29 2.1378131e-15 1e-20
3928.76 2.1897945e-15 1e-20
3930.23 2.2134532e-15 1e-20
3931.7 2.1880316e-15 1e-20
3933.17 2.0908098e-15 1e-20
3934.64 2.2217757e-15 1e-20
3936.11 2.3499163e-15 1e-20
3937.58 2.3409689e-15 1e-20
3939.05 2.4551644e-15 1e-20
3940.52 2.485384e-15 1e-20
3941.99 2.3964095e-15 1e-20
3943.46 2.4790641e-15 1e-20
3944.93 2.4783644e-15 1e-20
3946.4 2.4791104e-15 1e-20
3947.87 2.7149407e-15 1e-20
3949.34 2.7019775e-15 1e-20
3950.81 2.4962957e-15 1e-20
3952.28 2.7902186e-15 1e-20
3953.75 2.8825452e-15 1e-20
3955.22 2.5970962e-15 1e-20
3956.69 2.7196934e-15 1e-20
3958.16 2.8236064e-15 1e-20
3959.63 2.8343973e-15 1e-20
3961.1 2.8695985e-15 1e-20
3962.57 2.8290191e-15 1e-20
3964.04 2.7859579e-15 1e-20
3965.51 2.9501446e-15 1e-20
3966.98 2.7976315e-15 1e-20
3968.45 2.955266e-15 1e-20
3969.92 2.9652586e-15 1e-20
3971.39 2.9549733e-15 1e-20
3972.86 2.9765375e-15 1e-20
3974.33 3.0470932e-15 1e-20
3975.8 2.9956303e-15 1e-20
3977.27 3.0508903e-15 1e-20
3978.74 3.0729455e-15 1e-20
3980.21 2.9801395e-15 1e-20
3981.68 3.0135327e-15 1e-20
3983.15 3.0201059e-15 1e-20
3984.62 3.1905584e-15 1e-20
3986.09 3.1063862e-15 1e-20
3987.56 3.1862576e-15 1e-20
3989.03 3.0499001e-15 1e-20
3990.5 3.2412616e-15 1e-20
3991.97 3.0310339e-15 1e-20
3993.44 3.1691666e-15 1e-20
3994.91 3.1041648e-15 1e-20
3996.38 3.2722014e-15 1e-20
3997.85 3.4860272e-15 1e-20
3999.32 3.2358556e-15 1e-20
4000.79 3.2684196e-15 1e-20
4002.26 3.3580981e-15 1e-20
4003.73 3.2033342e-15 1e-20
4005.2 3.2657897e-15 1e-20
4006.67 3.3565485e-15 1e-20
4008.14 3.2889463e-15 1e-20
4009.61 3.2452646e-15 1e-20
4011.08 3.375122e-15 1e-20
4012.55 3.3963438e-15 1e-20
4014.02 3.2901385e-15 1e-20
4015.49 3.4485439e-15 1e-20
4016.96 3.2863091e-15 1e-20
4018.43 3.5708931e-15 1e-20
4019.9 3.7047328e-15 1e-20
4021.37 3.6612093e-15 1e-20
4022.84 3.5433283e-15 1e-20
4024.31 3.3025781e-15 1e-20
4025.78 3.426258e-15 1e-20
4027.25 3.5430526e-15 1e-20
4028.72 3.5425065e-15 1e-20
4030.19 3.4283542e-15 1e-20
4031.66 3.5061707e-15 1e-20
4033.13 3.5312941e-15 1e-20
4034.6 3.5177094e-15 1e-20
4036.07 3.4738282e-15 1e-20
4037.54 3.472942e-15 1e-20
4039.01 3.4189441e-15 1e-20
4040.48 3.2584369e-15 1e-20
4041.95 3.1587872e-15 1e-20
4043.42 3.1132478e-15 1e-20
4044.89 3.0128826e-15 1e-20
4046.36 2.9104944e-15 1e-20
4047.83 2.8591059e-15 1e-20
4049.3 2.739673e-15 1e-20
4050.77 2.7203156e-15 1e-20
4052.24 2.7955937e-15 1e-20
4053.71 2.7236859e-15 1e-20
4055.18 2.6856236e-15 1e-20
4056.65 2.723285e-15 1e-20
4058.12 2.8453383e-15 1e-20
4059.59 2.7743109e-15 1e-20
4061.06 2.7114685e-15 1e-20
4062.53 2.5949418e-15 1e-20
4064.0 2.4328313e-15 1e-20
4065.47 2.5400483e-15 1e-20
4066.94 2.5170846e-15 1e-20
4068.41 2.5202938e-15 1e-20
4069.88 2.5901033e-15 1e-20
4071.35 2.4770748e-15 1e-20
4072.82 2.5613849e-15 1e-20
4074.29 2.5287076e-15 1e-20
4075.76 2.5661793e-15 1e-20
4077.23 2.5539994e-15 1e-20
4078.7 2.3846381e-15 1e-20
4080.17 2.3939309e-15 1e-20
4081.64 2.4226894e-15 1e-20
4083.11 2.3428264e-15 1e-20
4084.58 2.6009656e-15 1e-20
4086.05 2.4911745e-15 1e-20
4087.52 2.5381867e-15 1e-20
4088.99 2.4473876e-15 1e-20
4090.46 2.413409e-15 1e-20
4091.93 2.3840253e-15 1e-20
4093.4 2.2390382e-15 1e-20
4094.87 2.3491948e-15 1e-20
4096.34 2.4535677e-15 1e-20
4097.81 2.3251444e-15 1e-20
4099.28 2.4031563e-15 1e-20
4100.75 2.4785211e-15 1e-20
4102.22 2.5857951e-15 1e-20
4103.69 2.4979391e-15 1e-20
4105.16 2.4982121e-15 1e-20
4106.63 2.5320854e-15 1e-20
4108.1 2.5408786e-15 1e-20
4109.57 2.5682039e-15 1e-20
4111.04 2.7463694e-15 1e-20
4112.51 2.8025974e-15 1e-20
4113.98 2.5821948e-15 1e-20
4115.45 2.6549242e-15 1e-20
4116.92 2.6855885e-15 1e-20
4118.39 2.6800561e-15 1e-20
4119.86 2.7521413e-15 1e-20
4121.33 2.7225674e-15 1e-20
4122.8 2.8872624e-15 1e-20
4124.27 2.8583042e-15 1e-20
4125.74 2.8108941e-15 1e-20
4127.21 2.8629599e-15 1e-20
4128.68 2.9305828e-15 1e-20
4130.15 2.8661194e-15 1e-20
4131.62 2.951347e-15 1e-20
4133.09 2.9467021e-15 1e-20
4134.56 3.0265565e-15 1e-20
4136.03 2.9000888e-15 1e-20
4137.5 2.9676824e-15 1e-20
4138.97 3.0062641e-15 1e-20
4140.44 3.0546424e-15 1e-20
4141.91 2.9494765e-15 1e-20
4143.38 3.0521547e-15 1e-20
4144.85 3.1722824e-15 1e-20
4146.32 3.1852922e-15 1e-20
4147.79 3.1719698e-15 1e-20
4149.26 3.1271235e-15 1e-20
4150.73 3.2408093e-15 1e-20
4152.2 3.1002168e-15 1e-20
4153.67 3.0904234e-15 1e-20
4155.14 3.1226746e-15 1e-20
4156.61 3.3225994e-15 1e-20
4158.08 3.3618147e-15 1e-20
4159.55 3.2006773e-15 1e-20
4161.02 3.0630348e-15 1e-20
4162.49 3.1013338e-15 1e-20
4163.96 3.0803865e-15 1e-20
4165.43 3.1127813e-15 1e-20
4166.9 3.2874799e-15 1e-20
4168.37 3.2817184e-15 1e-20
4169.84 3.2119989e-15 1e-20
4171.31 3.065091e-15 1e-20
4172.78 3.2625545e-15 1e-20
4174.25 3.2920497e-15 1e-20
4175.72 3.1980038e-15 1e-20
4177.19 3.0965977e-15 1e-20
4178.66 3.3455364e-15 1e-20
4180.13 3.3396415e-15 1e-20
4181.6 3.2406822e-15 1e-20
4183.07 3.2622201e-15 1e-20
4184.54 3.1226916e-15 1e-20
4186.01 3.148684e-15 1e-20
4187.48 3.375933e-15 1e-20
4188.95 3.4475302e-15 1e-20
4190.42 3.3250158e-15 1e-20
4191.89 3.2394222e-15 1e-20
4193.36 3.2029575e-15 1e-20
4194.83 3.2333571e-15 1e-20
4196.3 3.1603699e-15 1e-20
4197.77 3.0971347e-15 1e-20
4199.24 3.0563424e-15 1e-20
4200.71 3.080222e-15 1e-20
4202.18 3.0777984e-15 1e-20
4203.65 3.0454998e-15 1e-20
4205.12 2.9237525e-15 1e-20
4206.59 2.853182e-15 1e-20
4208.06 2.9823289e-15 1e-20
4209.53 3.0684192e-15 1e-20
4211.0 3.021962e-15 1e-20
4212.47 2.9550267e-15 1e-20
4213.94 2.9520741e-15 1e-20
4215.41 2.9689011e-15 1e-20
4216.88 2.9746624e-15 1e-20
4218.35 2.9974311e-15 1e-20
4219.82 3.0137375e-15 1e-20
4221.29 2.9189973e-15 1e-20
4222.76 2.8161766e-15 1e-20
4224.23 2.6726187e-15 1e-20
4225.7 2.7323333e-15 1e-20
4227.17 2.9141834e-15 1e-20
4228.64 2.794724e-15 1e-20
4230.11 2.7759004e-15 1e-20
4231.58 2.85471e-15 1e-20
4233.05 2.7113529e-15 1e-20
4234.52 2.7852737e-15 1e-20
4235.99 2.7225989e-15 1e-20
4237.46 2.8718631e-15 1e-20
4238.93 2.832998e-15 1e-20
4240.4 2.8160191e-15 1e-20
4241.87 2.8543928e-15 1e-20
4243.34 2.7163781e-15 1e-20
4244.81 2.6464971e-15 1e-20
4246.28 2.6267997e-15 1e-20
4247.75 2.6267531e-15 1e-20
4249.22 2.6835857e-15 1e-20
4250.69 2.8494131e-15 1e-20
4252.16 2.7070144e-15 1e-20
4253.63 2.5684085e-15 1e-20
4255.1 2.6645931e-15 1e-20
4256.57 2.618815e-15 1e-20
4258.04 2.6396518e-15 1e-20
4259.51 2.6937441e-15 1e-20
4260.98 2.6027719e-15 1e-20
4262.45 2.8172883e-15 1e-20
4263.92 3.0204706e-15 1e-20
4265.39 2.7045845e-15 1e-20
4266.86 2.9326396e-15 1e-20
4268.33 2.7701823e-15 1e-20
4269.8 2.6820845e-15 1e-20
4271.27 2.7056657e-15 1e-20
4272.74 2.680004e-15 1e-20
4274.21 2.65379e-15 1e-20
4275.68 2.630238e-15 1e-20
4277.15 2.6089091e-15 1e-20
4278.62 2.6216417e-15 1e-20
4280.09 2.6201764e-15 1e-20
4281.56 2.6030093e-15 1e-20
4283.03 2.5975267e-15 1e-20
4284.5 2.4489317e-15 1e-20
4285.97 2.4616306e-15 1e-20
4287.44 2.596732e-15 1e-20
4288.91 2.6343542e-15 1e-20
4290.38 2.5190622e-15 1e-20
4291.85 2.4788737e-15 1e-20
4293.32 2.4180457e-15 1e-20
4294.79 2.4222178e-15 1e-20
4296.26 2.4207984e-15 1e-20
4297.73 2.3519015e-15 1e-20
4299.2 2.3723216e-15 1e-20
4300.67 2.37551e-15 1e-20
4302.14 2.2860843e-15 1e-20
4303.61 2.3468047e-15 1e-20
4305.08 2.3860266e-15 1e-20
4306.55 2.35978e-15 1e-20
4308.02 2.2462276e-15 1e-20
4309.49 2.2921844e-15 1e-20
4310.96 2.3365099e-15 1e-20
4312.43 2.2775414e-15 1e-20
4313.9 2.3195586e-15 1e-20
4315.37 2.1396107e-15 1e-20
4316.84 2.2713676e-15 1e-20
4318.31 2.2067298e-15 1e-20
4319.78 2.2015856e-15 1e-20
4321.25 2.1920853e-15 1e-20
4322.72 2.1460211e-15 1e-20
4324.19 2.2785811e-15 1e-20
4325.66 2.2283834e-15 1e-20
4327.13 2.167314e-15 1e-20
4328.6 2.1991008e-15 1e-20
4330.07 2.074159e-15 1e-20
4331.54 2.0151646e-15 1e-20
4333.01 2.1818906e-15 1e-20
4334.48 2.1282815e-15 1e-20
4335.95 2.0834012e-15 1e-20
4337.42 2.1144299e-15 1e-20
4338.89 2.0992644e-15 1e-20
4340.36 2.0945721e-15 1e-20
4341.83 2.1623063e-15 1e-20
4343.3 2.1577226e-15 1e-20
4344.77 2.052368e-15 1e-20
4346.24 1.9836135e-15 1e-20
4347.71 1.9091735e-15 1e-20
4349.18 1.9062568e-15 1e-20
4350.65 1.9656967e-15 1e-20
4352.12 1.9091144e-15 1e-20
4353.59 1.851123e-15 1e-20
4355.06 1.900578e-15 1e-20
4356.53 1.8419583e-15 1e-20
4358.0 1.8618085e-15 1e-20
4359.47 1.9971392e-15 1e-20
4360.94 1.9192807e-15 1e-20
4362.41 1.7630324e-15 1e-20
4363.88 1.8106909e-15 1e-20
4365.35 1.8116353e-15 1e-20
4366.82 1.8356907e-15 1e-20
4368.29 1.899649e-15 1e-20
4369.76 1.8171989e-15 1e-20
4371.23 1.8822599e-15 1e-20
4372.7 1.9257283e-15 1e-20
4374.17 1.7570551e-15 1e-20
4375.64 1.7385206e-15 1e-20
4377.11 1.6948428e-15 1e-20
4378.58 1.6771856e-15 1e-20
4380.05 1.6509701e-15 1e-20
4381.52 1.586436e-15 1e-20
4382.99 1.6694604e-15 1e-20
4384.46 1.6234851e-15 1e-20
4385.93 1.5005821e-15 1e-20
4387.4 1.4496876e-15 1e-20
4388.87 1.4779908e-15 1e-20
4390.34 1.5064286e-15 1e-20
4391.81 1.477357e-15 1e-20
4393.28 1.4689264e-15 1e-20
4394.75 1.4814281e-15 1e-20
4396.22 1.4053926e-15 1e-20
4397.69 1.4910896e-15 1e-20
4399.16 1.4868417e-15 1e-20
4400.63 1.4536673e-15 1e-20
4402.1 1.5086586e-15 1e-20
4403.57 1.4553049e-15 1e-20
4405.04 1.3717716e-15 1e-20
4406.51 1.4465924e-15 1e-20
4407.98 1.5211404e-15 1e-20
4409.45 1.4567052e-15 1e-20
4410.92 1.5441392e-15 1e-20
4412.39 1.5838719e-15 1e-20
4413.86 1.5389591e-15 1e-20
4415.33 1.6115612e-15 1e-20
4416.8 1.7046031e-15 1e-20
4418.27 1.7707884e-15 1e-20
4419.74 1.7167426e-15 1e-20
4421.21 1.6577154e-15 1e-20
4422.68 1.7973732e-15 1e-20
4424.15 1.8738249e-15 1e-20
4425.62 1.8256137e-15 1e-20
4427.09 1.8037277e-15 1e-20
4428.56 1.7270391e-15 1e-20
4430.03 1.7791116e-15 1e-20
4431.5 1.7959813e-15 1e-20
4432.97 1.7426754e-15 1e-20
4434.44 1.8900428e-15 1e-20
4435.91 1.797226e-15 1e-20
4437.38 1.8233483e-15 1e-20
4438.85 1.8456037e-15 1e-20
4440.32 1.7294933e-15 1e-20
4441.79 1.7393072e-15 1e-20
4443.26 1.7263412e-15 1e-20
4444.73 1.8742683e-15 1e-20
4446.2 1.8860207e-15 1e-20
4447.67 1.8279035e-15 1e-20
4449.14 1.8666196e-15 1e-20
4450.61 1.9486285e-15 1e-20
4452.08 1.9102018e-15 1e-20
4453.55 1.7990069e-15 1e-20
4455.02 1.8042598e-15 1e-20
4456.49 1.9856621e-15 1e-20
4457.96 1.8530171e-15 1e-20
4459.43 1.8126649e-15 1e-20
4460.9 1.8845109e-15 1e-20
4462.37 1.9742775e-15 1e-20
4463.84 1.916412e-15 1e-20
4465.31 1.9670951e-15 1e-20
4466.78 1.9382964e-15 1e-20
4468.25 1.9316879e-15 1e-20
4469.72 1.9383239e-15 1e-20
4471.19 1.9495605e-15 1e-20
4472.66 1.9040079e-15 1e-20
4474.13 1.9284416e-15 1e-20
4475.6 1.8818948e-15 1e-20
4477.07 1.9071015e-15 1e-20
4478.54 2.0179044e-15 1e-20
4480.01 2.0177303e-15 1e-20
4481.48 1.9900076e-15 1e-20
4482.95 1.9576789e-15 1e-20
4484.42 1.8748479e-15 1e-20
4485.89 1.8320035e-15 1e-20
4487.36 1.9512372e-15 1e-20
4488.83 2.0453768e-15 1e-20
4490.3 1.9872509e-15 1e-20
4491.77 1.8576326e-15 1e-20
4493.24 1.8771569e-15 1e-20
4494.71 1.8818724e-15 1e-20
4496.18 1.8443137e-15 1e-20
4497.65 1.8698045e-15 1e-20
4499.12 1.8958469e-15 1e-20
4500.59 1.8657e-15 1e-20
4502.06 1.8278812e-15 1e-20
4503.53 1.8192872e-15 1e-20
4505.0 1.8672549e-15 1e-20
4506.47 1.8919283e-15 1e-20
4507.94 1.8027832e-15 1e-20
4509.41 1.7916163e-15 1e-20
4510.88 1.8337872e-15 1e-20
4512.35 1.7492997e-15 1e-20
4513.82 1.7534117e-15 1e-20
4515.29 1.7418314e-15 1e-20
4516.76 1.8196669e-15 1e-20
4518.23 1.8526375e-15 1e-20
4519.7 1.9244963e-15 1e-20
4521.17 1.8095754e-15 1e-20
4522.64 1.8283712e-15 1e-20
4524.11 1.8438677e-15 1e-20
4525.58 1.7527717e-15 1e-20
4527.05 1.7900864e-15 1e-20
4528.52 1.8654893e-15 1e-20
4529.99 1.910631e-15 1e-20
4531.46 1.8726471e-15 1e-20
4532.93 1.9816844e-15 1e-20
4534.4 1.951853e-15 1e-20
4535.87 1.9509507e-15 1e-20
4537.34 2.0352777e-15 1e-20
4538.81 1.9280575e-15 1e-20
4540.28 2.0140396e-15 1e-20
4541.75 1.9080326e-15 1e-20
4543.22 1.9590123e-15 1e-20
4544.69 2.0030724e-15 1e-20
4546.16 2.0203995e-15 1e-20
4547.63 2.0291108e-15 1e-20
4549.1 2.066079e-15 1e-20
4550.57 2.1038014e-15 1e-20
4552.04 2.1132e-15 1e-20
4553.51 2.1851587e-15 1e-20
4554.98 2.1811471e-15 1e-20
4556.45 2.2671419e-15 1e-20
4557.92 2.1890908e-15 1e-20
4559.39 2.2121527e-15 1e-20
4560.86 2.2905611e-15 1e-20
4562.33 2.2485243e-15 1e-20
4563.8 2.17254e-15 1e-20
4565.27 2.2239481e-15 1e-20
4566.74 2.347879e-15 1e-20
4568.21 2.2546685e-15 1e-20
4569.68 2.1570283e-15 1e-20
4571.15 2.2234052e-15 1e-20
4572.62 2.1927714e-15 1e-20
4574.09 2.2209939e-15 1e-20
4575.56 2.2973376e-15 1e-20
4577.03 2.3257003e-15 1e-20
4578.5 2.3031084e-15 1e-20
4579.97 2.2045214e-15 1e-20
4581.44 2.2899299e-15 1e-20
4582.91 2.3085963e-15 1e-20
4584.38 2.314781e-15 1e-20
4585.85 2.2140279e-15 1e-20
4587.32 2.2720102e-15 1e-20
4588.79 2.3444332e-15 1e-20
4590.26 2.2670553e-15 1e-20
4591.73 2.3207813e-15 1e-20
4593.2 2.3021511e-15 1e-20
4594.67 2.2643368e-15 1e-20
4596.14 2.2251325e-15 1e-20
4597.61 2.2480964e-15 1e-20
4599.08 2.3173066e-15 1e-20
4600.55 2.2814079e-15 1e-20
4602.02 2.3441876e-15 1e-20
4603.49 2.3709524e-15 1e-20
4604.96 2.3799368e-15 1e-20
4606.43 2.2439842e-15 1e-20
4607.9 2.2521469e-15 1e-20
4609.37 2.4144071e-15 1e-20
4610.84 2.4131071e-15 1e-20
4612.31 2.4997626e-15 1e-20
4613.78 2.4211365e-15 1e-20
4615.25 2.3828689e-15 1e-20
4616.72 2.3702142e-15 1e-20
4618.19 2.2828554e-15 1e-20
4619.66 2.3039004e-15 1e-20
4621.13 2.3596627e-15 1e-20
4622.6 2.3885539e-15 1e-20
4624.07 2.3373705e-15 1e-20
4625.54 2.2785407e-15 1e-20
4627.01 2.3390838e-15 1e-20
4628.48 2.3984659e-15 1e-20
4629.95 2.3684348e-15 1e-20
4631.42 2.4280257e-15 1e-20
4632.89 2.3154383e-15 1e-20
4634.36 2.3386235e-15 1e-20
4635.83 2.2718262e-15 1e-20
4637.3 2.1619485e-15 1e-20
4638.77 2.1734086e-15 1e-20
4640.24 2.1887194e-15 1e-20
4641.71 2.164256e-15 1e-20
4643.18 2.2004559e-15 1e-20
4644.65 2.1917801e-15 1e-20
4646.12 2.2639816e-15 1e-20
4647.59 2.2330338e-15 1e-20
4649.06 2.2339162e-15 1e-20
4650.53 2.1472137e-15 1e-20
4652.0 2.1344942e-15 1e-20
4653.47 2.2305785e-15 1e-20
4654.94 2.2267797e-15 1e-20
4656.41 2.1436644e-15 1e-20
4657.88 2.2047205e-15 1e-20
4659.35 2.2330923e-15 1e-20
4660.82 2.1958637e-15 1e-20
4662.29 2.1250629e-15 1e-20
4663.76 2.1694947e-15 1e-20
4665.23 2.1318504e-15 1e-20
4666.7 2.1800633e-15 1e-20
4668.17 2.3110896e-15 1e-20
4669.64 2.1559532e-15 1e-20
4671.11 2.146534e-15 1e-20
4672.58 2.2389738e-15 1e-20
4674.05 2.1954215e-15 1e-20
4675.52 2.2236722e-15 1e-20
4676.99 2.2333709e-15 1e-20
4678.46 2.1982608e-15 1e-20
4679.93 2.2161584e-15 1e-20
4681.4 2.2392286e-15 1e-20
4682.87 2.2205699e-15 1e-20
4684.34 2.1758413e-15 1e-20
4685.81 2.2118478e-15 1e-20
4687.28 2.1882262e-15 1e-20
4688.75 2.2564759e-15 1e-20
4690.22 2.1761223e-15 1e-20
4691.69 2.2621245e-15 1e-20
4693.16 2.2593016e-15 1e-20
4694.63 2.2317484e-15 1e-20
4696.1 2.2697167e-15 1e-20
4697.57 2.2292946e-15 1e-20
4699.04 2.2011845e-15 1e-20
4700.51 2.2165675e-15 1e-20
4701.98 2.2111058e-15 1e-20
4703.45 2.2662974e-15 1e-20
4704.92 2.2239432e-15 1e-20
4706.39 2.1628127e-15 1e-20
4707.86 2.1669155e-15 1e-20
4709.33 2.2197259e-15 1e-20
4710.8 2.2383621e-15 1e-20
4712.27 2.1785209e-15 1e-20
4713.74 2.1979863e-15 1e-20
4715.21 2.1548381e-15 1e-20
4716.68 2.1520225e-15 1e-20
4718.15 2.0894721e-15 1e-20
4719.62 2.1419869e-15 1e-20
4721.09 2.1611988e-15 1e-20
4722.56 2.2213947e-15 1e-20
4724.03 2.1300901e-15 1e-20
4725.5 2.1335223e-15 1e-20
4726.97 2.0921923e-15 1e-20
4728.44 2.0397818e-15 1e-20
4729.91 2.0361241e-15 1e-20
4731.38 2.0990345e-15 1e-20
4732.85 2.1259333e-15 1e-20
4734.32 2.0064929e-15 1e-20
4735.79 1.9348888e-15 1e-20
4737.26 1.8880403e-15 1e-20
4738.73 1.9256064e-15 1e-20
4740.2 1.8609729e-15 1e-20
4741.67 1.8864902e-15 1e-20
4743.14 1.9201265e-15 1e-20
4744.61 1.8583634e-15 1e-20
4746.08 1.8351642e-15 1e-20
4747.55 1.7827877e-15 1e-20
4749.02 1.7720471e-15 1e-20
4750.49 1.8316914e-15 1e-20
4751.96 1.8007933e-15 1e-20
4753.43 1.747879e-15 1e-20
4754.9 1.7666833e-15 1e-20
4756.37 1.8005394e-15 1e-20
4757.84 1.8077862e-15 1e-20
4759.31 1.7618426e-15 1e-20
4760.78 1.7279193e-15 1e-20
4762.25 1.6418896e-15 1e-20
4763.72 1.6705381e-15 1e-20
4765.19 1.6973438e-15 1e-20
4766.66 1.6621355e-15 1e-20
4768.13 1.610599e-15 1e-20
4769.6 1.6888976e-15 1e-20
4771.07 1.7021511e-15 1e-20
4772.54 1.6695099e-15 1e-20
4774.01 1.7797426e-15 1e-20
4775.48 1.7476209e-15 1e-20
4776.95 1.6713344e-15 1e-20
4778.42 1.7644394e-15 1e-20
4779.89 1.7986114e-15 1e-20
4781.36 1.7131387e-15 1e-20
4782.83 1.7327382e-15 1e-20
4784.3 1.7290081e-15 1e-20
4785.77 1.7244162e-15 1e-20
4787.24 1.7576842e-15 1e-20
4788.71 1.7443847e-15 1e-20
4790.18 1.7274259e-15 1e-20
4791.65 1.7903117e-15 1e-20
4793.12 1.8214582e-15 1e-20
4794.59 1.7763077e-15 1e-20
4796.06 1.7553016e-15 1e-20
4797.53 1.7933504e-15 1e-20
4799.0 1.7612024e-15 1e-20
4800.47 1.7726302e-15 1e-20
4801.94 1.829617e-15 1e-20
4803.41 1.8256302e-15 1e-20
4804.88 1.7662276e-15 1e-20
4806.35 1.7852342e-15 1e-20
4807.82 1.7892192e-15 1e-20
4809.29 1.7290929e-15 1e-20
4810.76 1.7237948e-15 1e-20
4812.23 1.7571894e-15 1e-20
4813.7 1.7552185e-15 1e-20
4815.17 1.7289608e-15 1e-20
4816.64 1.7593947e-15 1e-20
4818.11 1.7961736e-15 1e-20
4819.58 1.7477343e-15 1e-20
4821.05 1.7345132e-15 1e-20
4822.52 1.7279115e-15 1e-20
4823.99 1.7551837e-15 1e-20
4825.46 1.7762819e-15 1e-20
4826.93 1.698028e-15 1e-20
4828.4 1.6284851e-15 1e-20
4829.87 1.6933002e-15 1e-20
4831.34 1.6939085e-15 1e-20
4832.81 1.6390751e-15 1e-20
4834.28 1.6507891e-15 1e-20
4835.75 1.555036e-15 1e-20
4837.22 1.5072206e-15 1e-20
4838.69 1.5383722e-15 1e-20
4840.16 1.5059012e-15 1e-20
4841.63 1.4119548e-15 1e-20
4843.1 1.4641088e-15 1e-20
4844.57 1.5251057e-15 1e-20
4846.04 1.5050788e-15 1e-20
4847.51 1.4923908e-15 1e-20
4848.98 1.5006324e-15 1e-20
4850.45 1.4211961e-15 1e-20
4851.92 1.4204921e-15 1e-20
4853.39 1.4696338e-15 1e-20
4854.86 1.4207836e-15 1e-20
4856.33 1.3930692e-15 1e-20
4857.8 1.4425331e-15 1e-20
4859.27 1.4574118e-15 1e-20
4860.74 1.4220204e-15 1e-20
4862.21 1.3613823e-15 1e-20
4863.68 1.3536292e-15 1e-20
4865.15 1.4051891e-15 1e-20
4866.62 1.4685012e-15 1e-20
4868.09 1.4506558e-15 1e-20
4869.56 1.3783511e-15 1e-20
4871.03 1.4094115e-15 1e-20
4872.5 1.4305115e-15 1e-20
4873.97 1.4819659e-15 1e-20
4875.44 1.5435869e-15 1e-20
4876.91 1.4857929e-15 1e-20
4878.38 1.4540739e-15 1e-20
4879.85 1.4545759e-15 1e-20
4881.32 1.4906935e-15 1e-20
4882.79 1.5261978e-15 1e-20
4884.26 1.48322e-15 1e-20
4885.73 1.5762043e-15 1e-20
4887.2 1.598496e-15 1e-20
4888.67 1.5617293e-15 1e-20
4890.14 1.5267637e-15 1e-20
4891.61 1.5339772e-15 1e-20
4893.08 1.5548577e-15 1e-20
4894.55 1.6191691e-15 1e-20
4896.02 1.6274026e-15 1e-20
4897.49 1.6205784e-15 1e-20
4898.96 1.6031599e-15 1e-20
4900.43 1.5552326e-15 1e-20
4901.9 1.6080301e-15 1e-20
4903.37 1.614056e-15 1e-20
4904.84 1.5999861e-15 1e-20
4906.31 1.6079514e-15 1e-20
4907.78 1.5318924e-15 1e-20
4909.25 1.540773e-15 1e-20
4910.72 1.5728069e-15 1e-20
4912.19 1.5918987e-15 1e-20
4913.66 1.5541616e-15 1e-20
4915.13 1.5269794e-15 1e-20
4916.6 1.5448338e-15 1e-20
4918.07 1.476835e-15 1e-20
4919.54 1.4373323e-15 1e-20
4921.01 1.4604159e-15 1e-20
4922.48 1.4004526e-15 1e-20
4923.95 1.4102447e-15 1e-20
4925.42 1.4654053e-15 1e-20
4926.89 1.3950013e-15 1e-20
4928.36 1.3181014e-15 1e-20
4929.83 1.3623924e-15 1e-20
4931.3 1.2935978e-15 1e-20
4932.77 1.2163175e-15 1e-20
4934.24 1.2201179e-15 1e-20
4935.71 1.2262676e-15 1e-20
4937.18 1.1599376e-15 1e-20
4938.65 1.1169418e-15 1e-20
4940.12 1.1712492e-15 1e-20
4941.59 1.1985729e-15 1e-20
4943.06 1.1358192e-15 1e-20
4944.53 1.1158246e-15 1e-20
4946.0 1.0944651e-15 1e-20
4947.47 1.1163335e-15 1e-20
4948.94 1.0562286e-15 1e-20
4950.41 1.0667044e-15 1e-20
4951.88 1.1305981e-15 1e-20
4953.35 1.0420312e-15 1e-20
4954.82 1.0476512e-15 1e-20
4956.29 1.0636698e-15 1e-20
4957.76 1.0037542e-15 1e-20
4959.23 9.8338196e-16 1e-20
4960.7 1.039435e-15 1e-20
4962.17 1.0206591e-15 1e-20
4963.64 1.004831e-15 1e-20
4965.11 1.0302294e-15 1e-20
4966.58 1.0583554e-15 1e-20
4968.05 1.090167e-15 1e-20
4969.52 9.8775879e-16 1e-20
4970.99 9.7002001e-16 1e-20
4972.46 9.6313777e-16 1e-20
4973.93 9.9417422e-16 1e-20
4975.4 1.0261165e-15 1e-20
4976.87 9.9189739e-16 1e-20
4978.34 9.9396246e-16 1e-20
4979.81 1.0068097e-15 1e-20
4981.28 1.0268071e-15 1e-20
4982.75 1.0772146e-15 1e-20
4984.22 1.1198787e-15 1e-20
4985.69 1.0674564e-15 1e-20
4987.16 1.0768366e-15 1e-20
4988.63 1.0953933e-15 1e-20
4990.1 1.0892697e-15 1e-20
4991.57 1.1302736e-15 1e-20
4993.04 1.16959e-15 1e-20
4994.51 1.1020792e-15 1e-20
4995.98 1.151472e-15 1e-20
4997.45 1.2407019e-15 1e-20
4998.92 1.171446e-15 1e-20
5000.39 1.1805863e-15 1e-20
5001.86 1.1908211e-15 1e-20
5003.33 1.2383722e-15 1e-20
5004.8 1.2016022e-15 1e-20
5006.27 1.1294625e-15 1e-20
5007.74 1.1076059e-15 1e-20
5009.21 1.1690847e-15 1e-20
5010.68 1.1886217e-15 1e-20
5012.15 1.2247316e-15 1e-20
5013.62 1.194045e-15 1e-20
5015.09 1.1804817e-15 1e-20
5016.56 1.2393428e-15 1e-20
5018.03 1.1905132e-15 1e-20
5019.5 1.1568556e-15 1e-20
5020.97 1.1781699e-15 1e-20
5022.44 1.2303724e-15 1e-20
5023.91 1.234946e-15 1e-20
5025.38 1.2013961e-15 1e-20
5026.85 1.1877859e-15 1e-20
5028.32 1.1753315e-15 1e-20
5029.79 1.191708e-15 1e-20
5031.26 1.2332804e-15 1e-20
5032.73 1.2564449e-15 1e-20
5034.2 1.2593203e-15 1e-20
5035.67 1.2715145e-15 1e-20
5037.14 1.2836102e-15 1e-20
5038.61 1.2059906e-15 1e-20
5040.08 1.2364949e-15 1e-20
5041.55 1.2587921e-15 1e-20
5043.02 1.265696e-15 1e-20
5044.49 1.2665548e-15 1e-20
5045.96 1.2630639e-15 1e-20
5047.43 1.2685268e-15 1e-20
5048.9 1.2922975e-15 1e-20
5050.37 1.2758194e-15 1e-20
5051.84 1.2357924e-15 1e-20
5053.31 1.2299204e-15 1e-20
5054.78 1.2835288e-15 1e-20
5056.25 1.2597875e-15 1e-20
5057.72 1.2454386e-15 1e-20
5059.19 1.2545146e-15 1e-20
5060.66 1.2368068e-15 1e-20
5062.13 1.2369937e-15 1e-20
5063.6 1.1508844e-15 1e-20
5065.07 1.1756181e-15 1e-20
5066.54 1.2561442e-15 1e-20
5068.01 1.2660993e-15 1e-20
5069.48 1.2382591e-15 1e-20
5070.95 1.2063134e-15 1e-20
5072.42 1.223821e-15 1e-20
5073.89 1.2230444e-15 1e-20
5075.36 1.1740259e-15 1e-20
5076.83 1.1567027e-15 1e-20
5078.3 1.1460695e-15 1e-20
5079.77 1.1501081e-15 1e-20
5081.24 1.1666249e-15 1e-20
5082.71 1.1902294e-15 1e-20
5084.18 1.1625061e-15 1e-20
5085.65 1.1839472e-15 1e-20
5087.12 1.1591992e-15 1e-20
5088.59 1.1130855e-15 1e-20
5090.06 1.1593531e-15 1e-20
5091.53 1.2245403e-15 1e-20
5093.0 1.1743157e-15 1e-20
5094.47 1.1858841e-15 1e-20
5095.94 1.2223792e-15 1e-20
5097.41 1.2014032e-15 1e-20
5098.88 1.2212047e-15 1e-20
5100.35 1.2492553e-15 1e-20
5101.82 1.2654394e-15 1e-20
5103.29 1.2468538e-15 1e-20
5104.76 1.2170992e-15 1e-20
5106.23 1.2315576e-15 1e-20
5107.7 1.2281842e-15 1e-20
5109.17 1.2493987e-15 1e-20
5110.64 1.2401976e-15 1e-20
5112.11 1.2411295e-15 1e-20
5113.58 1.2577724e-15 1e-20
5115.05 1.2797294e-15 1e-20
5116.52 1.2775242e-15 1e-20
5117.99 1.2635656e-15 1e-20
5119.46 1.2394933e-15 1e-20
5120.93 1.2377e-15 1e-20
5122.4 1.2263984e-15 1e-20
5123.87 1.2562196e-15 1e-20
5125.34 1.249383e-15 1e-20
5126.81 1.2144704e-15 1e-20
5128.28 1.2624092e-15 1e-20
5129.75 1.2902004e-15 1e-20
5131.22 1.2731513e-15 1e-20
5132.69 1.2868348e-15 1e-20
5134.16 1.3273464e-15 1e-20
5135.63 1.3072412e-15 1e-20
5137.1 1.2449329e-15 1e-20
5138.57 1.2881012e-15 1e-20
5140.04 1.3788532e-15 1e-20
5141.51 1.3357105e-15 1e-20
5142.98 1.2710648e-15 1e-20
5144.45 1.2932318e-15 1e-20
5145.92 1.2747254e-15 1e-20
5147.39 1.3274259e-15 1e-20
5148.86 1.3738313e-15 1e-20
5150.33 1.3717885e-15 1e-20
5151.8 1.3585378e-15 1e-20
5153.27 1.3480574e-15 1e-20
5154.74 1.3860369e-15 1e-20
5156.21 1.4238783e-15 1e-20
5157.68 1.3363112e-15 1e-20
5159.15 1.3216e-15 1e-20
5160.62 1.407393e-15 1e-20
5162.09 1.3643236e-15 1e-20
5163.56 1.3418044e-15 1e-20
5165.03 1.4477465e-15 1e-20
5166.5 1.4725763e-15 1e-20
5167.97 1.4320944e-15 1e-20
5169.44 1.3849971e-15 1e-20
5170.91 1.4840894e-15 1e-20
5172.38 1.517908e-15 1e-20
5173.85 1.415561e-15 1e-20
5175.32 1.4235567e-15 1e-20
5176.79 1.4911093e-15 1e-20
5178.26 1.4517091e-15 1e-20
5179.73 1.4496147e-15 1e-20
5181.2 1.4848026e-15 1e-20
5182.67 1.4930712e-15 1e-20
5184.14 1.4722838e-15 1e-20
5185.61 1.5091897e-15 1e-20
5187.08 1.4714859e-15 1e-20
5188.55 1.4317065e-15 1e-20
5190.02 1.4712211e-15 1e-20
5191.49 1.5381758e-15 1e-20
5192.96 1.496854e-15 1e-20
5194.43 1.5055421e-15 1e-20
5195.9 1.5198652e-15 1e-20
5197.37 1.5289533e-15 1e-20
5198.84 1.4820188e-15 1e-20
5200.31 1.4957575e-15 1e-20
5201.78 1.5228181e-15 1e-20
5203.25 1.525555e-15 1e-20
5204.72 1.5585258e-15 1e-20
5206.19 1.577297e-15 1e-20
5207.66 1.5609386e-15 1e-20
5209.13 1.5511373e-15 1e-20
5210.6 1.607435e-15 1e-20
5212.07 1.6014485e-15 1e-20
5213.54 1.6173826e-15 1e-20
5215.01 1.5970277e-15 1e-20
5216.48 1.6004113e-15 1e-20
5217.95 1.652687e-15 1e-20
5219.42 1.6229255e-15 1e-20
5220.89 1.6008435e-15 1e-20
5222.36 1.5875343e-15 1e-20
5223.83 1.5993073e-15 1e-20
5225.3 1.6266084e-15 1e-20
5226.77 1.6108159e-15 1e-20
5228.24 1.5232503e-15 1e-20
5229.71 1.510144e-15 1e-20
5231.18 1.5278609e-15 1e-20
5232.65 1.5387427e-15 1e-20
5234.12 1.5224154e-15 1e-20
5235.59 1.5532934e-15 1e-20
5237.06 1.5573637e-15 1e-20
5238.53 1.508113e-15 1e-20
5240.0 1.4236332e-15 1e-20
5241.47 1.4063212e-15 1e-20
5242.94 1.4840335e-15 1e-20
5244.41 1.5230849e-15 1e-20
5245.88 1.4751222e-15 1e-20
5247.35 1.4414414e-15 1e-20
5248.82 1.4646344e-15 1e-20
5250.29 1.4436152e-15 1e-20
5251.76 1.4273177e-15 1e-20
5253.23 1.4808525e-15 1e-20
5254.7 1.5013585e-15 1e-20
5256.17 1.4463222e-15 1e-20
5257.64 1.3707535e-15 1e-20
5259.11 1.3976018e-15 1e-20
5260.58 1.4647005e-15 1e-20
5262.05 1.4499516e-15 1e-20
5263.52 1.4211606e-15 1e-20
5264.99 1.4242397e-15 1e-20
5266.46 1.4252578e-15 1e-20
5267.93 1.3896582e-15 1e-20
5269.4 1.4563505e-15 1e-20
5270.87 1.4314316e-15 1e-20
5272.34 1.4013482e-15 1e-20
5273.81 1.461088e-15 1e-20
5275.28 1.4717644e-15 1e-20
5276.75 1.4909673e-15 1e-20
5278.22 1.4484236e-15 1e-20
5279.69 1.4672691e-15 1e-20
5281.16 1.4584285e-15 1e-20
5282.63 1.4425274e-15 1e-20
5284.1 1.4839033e-15 1e-20
5285.57 1.442846e-15 1e-20
5287.04 1.3918517e-15 1e-20
5288.51 1.4858599e-15 1e-20
5289.98 1.5435866e-15 1e-20
5291.45 1.4659808e-15 1e-20
5292.92 1.4251477e-15 1e-20
5294.39 1.5012843e-15 1e-20
5295.86 1.5565932e-15 1e-20
5297.33 1.5556401e-15 1e-20
5298.8 1.54909e-15 1e-20
5300.27 1.5659531e-15 1e-20
5301.74 1.602559e-15 1e-20
5303.21 1.5418144e-15 1e-20
5304.68 1.5231709e-15 1e-20
5306.15 1.5290934e-15 1e-20
5307.62 1.5463588e-15 1e-20
5309.09 1.5835235e-15 1e-20
5310.56 1.536991e-15 1e-20
5312.03 1.4787537e-15 1e-20
5313.5 1.5134911e-15 1e-20
5314.97 1.5442133e-15 1e-20
5316.44 1.5168254e-15 1e-20
5317.91 1.5498093e-15 1e-20
5319.38 1.5539099e-15 1e-20
5320.85 1.490791e-15 1e-20
5322.32 1.5211894e-15 1e-20
5323.79 1.56348e-15 1e-20
5325.26 1.5231556e-15 1e-20
5326.73 1.5499522e-15 1e-20
5328.2 1.563866e-15 1e-20
5329.67 1.4893646e-15 1e-20
5331.14 1.4611184e-15 1e-20
5332.61 1.4452652e-15 1e-20
5334.08 1.4502917e-15 1e-20
5335.55 1.5077833e-15 1e-20
5337.02 1.4524303e-15 1e-20
5338.49 1.3967087e-15 1e-20
5339.96 1.415044e-15 1e-20
5341.43 1.3873169e-15 1e-20
5342.9 1.3358089e-15 1e-20
5344.37 1.3024819e-15 1e-20
5345.84 1.3206294e-15 1e-20
5347.31 1.3526533e-15 1e-20
5348.78 1.3168366e-15 1e-20
5350.25 1.256695e-15 1e-20
5351.72 1.2526678e-15 1e-20
5353.19 1.2274141e-15 1e-20
5354.66 1.214523e-15 1e-20
5356.13 1.2223593e-15 1e-20
5357.6 1.2205026e-15 1e-20
5359.07 1.2388542e-15 1e-20
5360.54 1.2341099e-15 1e-20
5362.01 1.2139925e-15 1e-20
5363.48 1.1856569e-15 1e-20
5364.95 1.1596335e-15 1e-20
5366.42 1.1672336e-15 1e-20
5367.89 1.1579668e-15 1e-20
5369.36 1.1072282e-15 1e-20
5370.83 1.1029214e-15 1e-20
5372.3 1.1157845e-15 1e-20
5373.77 1.1080273e-15 1e-20
5375.24 1.0726497e-15 1e-20
5376.71 1.0727272e-15 1e-20
5378.18 1.085073e-15 1e-20
5379.65 1.0920456e-15 1e-20
5381.12 1.092026e-15 1e-20
5382.59 1.027463e-15 1e-20
5384.06 1.0324586e-15 1e-20
5385.53 1.0673178e-15 1e-20
5387.0 1.0372536e-15 1e-20
5388.47 1.0054063e-15 1e-20
5389.94 1.0250982e-15 1e-20
5391.41 1.052452e-15 1e-20
5392.88 1.0779232e-15 1e-20
5394.35 1.0869301e-15 1e-20
5395.82 1.0500437e-15 1e-20
5397.29 1.032423e-15 1e-20
5398.76 1.0189293e-15 1e-20
5400.23 1.0451948e-15 1e-20
5401.7 1.0636616e-15 1e-20
5403.17 1.0436102e-15 1e-20
5404.64 1.0319971e-15 1e-20
5406.11 1.0015171e-15 1e-20
5407.58 1.0140334e-15 1e-20
5409.05 1.0142533e-15 1e-20
5410.52 1.0113908e-15 1e-20
5411.99 1.0274388e-15 1e-20
5413.46 1.0382283e-15 1e-20
5414.93 1.0011535e-15 1e-20
5416.4 9.7704255e-16 1e-20
5417.87 1.0352111e-15 1e-20
5419.34 1.0785521e-15 1e-20
5420.81 1.0582819e-15 1e-20
5422.28 1.0545643e-15 1e-20
5423.75 1.0385307e-15 1e-20
5425.22 1.0171089e-15 1e-20
5426.69 1.0345574e-15 1e-20
5428.16 1.0496902e-15 1e-20
5429.63 1.0477625e-15 1e-20
5431.1 1.0299388e-15 1e-20
5432.57 1.0574343e-15 1e-20
5434.04 1.0897571e-15 1e-20
5435.51 1.1027267e-15 1e-20
5436.98 1.0378988e-15 1e-20
5438.45 1.022496e-15 1e-20
5439.92 1.0617985e-15 1e-20
5441.39 1.0359017e-15 1e-20
5442.86 1.0345904e-15 1e-20
5444.33 1.0652583e-15 1e-20
5445.8 1.0809208e-15 1e-20
5447.27 1.0686564e-15 1e-20
5448.74 1.0694419e-15 1e-20
5450.21 1.1121269e-15 1e-20
5451.68 1.1458045e-15 1e-20
5453.15 1.1150102e-15 1e-20
5454.62 1.1312341e-15 1e-20
5456.09 1.1551559e-15 1e-20
5457.56 1.1849941e-15 1e-20
5459.03 1.2060607e-15 1e-20
5460.5 1.1740056e-15 1e-20
5461.97 1.154886e-15 1e-20
5463.44 1.1772159e-15 1e-20
5464.91 1.1524681e-15 1e-20
5466.38 1.1551997e-15 1e-20
5467.85 1.164315e-15 1e-20
5469.32 1.116105e-15 1e-20
5470.79 1.1520824e-15 1e-20
5472.26 1.2066584e-15 1e-20
5473.73 1.1905533e-15 1e-20
5475.2 1.1316811e-15 1e-20
5476.67 1.1502449e-15 1e-20
5478.14 1.1494956e-15 1e-20
5479.61 1.1567815e-15 1e-20
5481.08 1.1688935e-15 1e-20
5482.55 1.1536729e-15 1e-20
5484.02 1.1331089e-15 1e-20
5485.49 1.1470374e-15 1e-20
5486.96 1.1386027e-15 1e-20
5488.43 1.1020082e-15 1e-20
5489.9 1.0886909e-15 1e-20
5491.37 1.0881891e-15 1e-20
5492.84 1.1420937e-15 1e-20
5494.31 1.158189e-15 1e-20
5495.78 1.1238934e-15 1e-20
5497.25 1.1220138e-15 1e-20
5498.72 1.1266366e-15 1e-20
5500.19 1.1321999e-15 1e-20
5501.66 1.1197866e-15 1e-20
5503.13 1.0889992e-15 1e-20
5504.6 1.1340999e-15 1e-20
5506.07 1.1429794e-15 1e-20
5507.54 1.113804e-15 1e-20
5509.01 1.1205276e-15 1e-20
5510.48 1.0930381e-15 1e-20
5511.95 1.0805191e-15 1e-20
5513.42 1.1218328e-15 1e-20
5514.89 1.135739e-15 1e-20
5516.36 1.1293975e-15 1e-20
5517.83 1.0961687e-15 1e-20
5519.3 1.0776293e-15 1e-20
5520.77 1.0886733e-15 1e-20
5522.24 1.1379253e-15 1e-20
5523.71 1.1175217e-15 1e-20
5525.18 1.0588966e-15 1e-20
5526.65 1.0608093e-15 1e-20
5528.12 1.0627432e-15 1e-20
5529.59 1.0558214e-15 1e-20
5531.06 1.0577372e-15 1e-20
5532.53 1.0520934e-15 1e-20
5534.0 1.0272126e-15 1e-20
5535.47 1.0240395e-15 1e-20
5536.94 1.0204816e-15 1e-20
5538.41 1.0029909e-15 1e-20
5539.88 9.7604019e-16 1e-20
5541.35 9.8873732e-16 1e-20
5542.82 1.0083391e-15 1e-20
5544.29 9.7664095e-16 1e-20
5545.76 9.6172301e-16 1e-20
5547.23 9.49752e-16 1e-20
5548.7 9.5016609e-16 1e-20
5550.17 9.3818174e-16 1e-20
5551.64 9.2535893e-16 1e-20
5553.11 9.1183933e-16 1e-20
5554.58 9.126023e-16 1e-20
5556.05 9.0446136e-16 1e-20
5557.52 8.985839e-16 1e-20
5558.99 9.3446919e-16 1e-20
5560.46 9.406249e-16 1e-20
5561.93 8.6572384e-16 1e-20
5563.4 8.5325297e-16 1e-20
5564.87 9.0248936e-16 1e-20
5566.34 9.104773e-16 1e-20
5567.81 8.9249755e-16 1e-20
5569.28 8.8574463e-16 1e-20
5570.75 8.7124242e-16 1e-20
5572.22 8.4022211e-16 1e-20
5573.69 8.9262905e-16 1e-20
5575.16 8.9370076e-16 1e-20
5576.63 8.6103684e-16 1e-20
5578.1 8.8947703e-16 1e-20
5579.57 9.3867641e-16 1e-20
5581.04 9.3896313e-16 1e-20
5582.51 9.1983119e-16 1e-20
5583.98 8.81683e-16 1e-20
5585.45 8.6931669e-16 1e-20
5586.92 9.1393404e-16 1e-20
5588.39 9.1566898e-16 1e-20
5589.86 8.9581188e-16 1e-20
5591.33 8.9030945e-16 1e-20
5592.8 8.8259054e-16 1e-20
5594.27 9.0579702e-16 1e-20
5595.74 9.2798802e-16 1e-20
5597.21 9.6792604e-16 1e-20
5598.68 1.0154043e-15 1e-20
5600.15 9.9774774e-16 1e-20
5601.62 9.8823768e-16 1e-20
5603.09 1.0199569e-15 1e-20
5604.56 1.0068076e-15 1e-20
5606.03 9.9301865e-16 1e-20
5607.5 1.0303901e-15 1e-20
5608.97 1.0574803e-15 1e-20
5610.44 1.0749763e-15 1e-20
5611.91 1.0818572e-15 1e-20
5613.38 1.0579091e-15 1e-20
5614.85 1.0983403e-15 1e-20
5616.32 1.1547016e-15 1e-20
5617.79 1.1206127e-15 1e-20
5619.26 1.0718993e-15 1e-20
5620.73 1.0546813e-15 1e-20
5622.2 1.0816646e-15 1e-20
5623.67 1.1040047e-15 1e-20
5625.14 1.1271314e-15 1e-20
5626.61 1.1663762e-15 1e-20
5628.08 1.1725087e-15 1e-20
5629.55 1.1545932e-15 1e-20
5631.02 1.1555093e-15 1e-20
5632.49 1.1882775e-15 1e-20
5633.96 1.194803e-15 1e-20
5635.43 1.2147523e-15 1e-20
5636.9 1.210411e-15 1e-20
5638.37 1.1915493e-15 1e-20
5639.84 1.2241225e-15 1e-20
5641.31 1.2422924e-15 1e-20
5642.78 1.2739017e-15 1e-20
5644.25 1.2600013e-15 1e-20
5645.72 1.2324637e-15 1e-20
5647.19 1.2667279e-15 1e-20
5648.66 1.2631759e-15 1e-20
5650.13 1.2735494e-15 1e-20
5651.6 1.2771708e-15 1e-20
5653.07 1.2402454e-15 1e-20
5654.54 1.2528937e-15 1e-20
5656.01 1.2822826e-15 1e-20
5657.48 1.2906747e-15 1e-20
5658.95 1.2866149e-15 1e-20
5660.42 1.3049272e-15 1e-20
5661.89 1.2742232e-15 1e-20
5663.36 1.2419034e-15 1e-20
5664.83 1.2673783e-15 1e-20
5666.3 1.2817111e-15 1e-20
5667.77 1.2744655e-15 1e-20
5669.24 1.2610775e-15 1e-20
5670.71 1.2474763e-15 1e-20
5672.18 1.2186101e-15 1e-20
5673.65 1.2355694e-15 1e-20
5675.12 1.2592809e-15 1e-20
5676.59 1.253157e-15 1e-20
5678.06 1.2258334e-15 1e-20
5679.53 1.1644095e-15 1e-20
5681.0 1.221172e-15 1e-20
5682.47 1.2839141e-15 1e-20
5683.94 1.2533698e-15 1e-20
5685.41 1.2392447e-15 1e-20
5686.88 1.220545e-15 1e-20
5688.35 1.2045296e-15 1e-20
5689.82 1.2344905e-15 1e-20
5691.29 1.3009692e-15 1e-20
5692.76 1.2198215e-15 1e-20
5694.23 1.1689184e-15 1e-20
5695.7 1.2504801e-15 1e-20
5697.17 1.2591369e-15 1e-20
5698.64 1.2871433e-15 1e-20
5700.11 1.2919717e-15 1e-20
5701.58 1.2504073e-15 1e-20
5703.05 1.2788805e-15 1e-20
5704.52 1.276598e-15 1e-20
5705.99 1.2341528e-15 1e-20
5707.46 1.2408715e-15 1e-20
5708.93 1.2699029e-15 1e-20
5710.4 1.2738909e-15 1e-20
5711.87 1.2352524e-15 1e-20
5713.34 1.2575075e-15 1e-20
5714.81 1.2773058e-15 1e-20
5716.28 1.2524651e-15 1e-20
5717.75 1.2746897e-15 1e-20
5719.22 1.2647364e-15 1e-20
5720.69 1.274756e-15 1e-20
5722.16 1.3155939e-15 1e-20
5723.63 1.2956106e-15 1e-20
5725.1 1.2877319e-15 1e-20
5726.57 1.2736555e-15 1e-20
5728.04 1.2389213e-15 1e-20
5729.51 1.3083783e-15 1e-20
5730.98 1.3412973e-15 1e-20
5732.45 1.2820256e-15 1e-20
5733.92 1.3183721e-15 1e-20
5735.39 1.3341704e-15 1e-20
5736.86 1.2712848e-15 1e-20
5738.33 1.2656966e-15 1e-20
5739.8 1.2634606e-15 1e-20
5741.27 1.2107224e-15 1e-20
5742.74 1.2233738e-15 1e-20
5744.21 1.2928376e-15 1e-20
5745.68 1.2792361e-15 1e-20
5747.15 1.2521905e-15 1e-20
5748.62 1.2553444e-15 1e-20
5750.09 1.2792562e-15 1e-20
5751.56 1.2713155e-15 1e-20
5753.03 1.2172378e-15 1e-20
5754.5 1.2260378e-15 1e-20
5755.97 1.2222139e-15 1e-20
5757.44 1.2219008e-15 1e-20
5758.91 1.2773788e-15 1e-20
5760.38 1.2967889e-15 1e-20
5761.85 1.2836567e-15 1e-20
5763.32 1.286695e-15 1e-20
5764.79 1.2483312e-15 1e-20
5766.26 1.2308597e-15 1e-20
5767.73 1.2326978e-15 1e-20
5769.2 1.2234054e-15 1e-20
5770.67 1.2205144e-15 1e-20
5772.14 1.1828438e-15 1e-20
5773.61 1.2312753e-15 1e-20
5775.08 1.2809081e-15 1e-20
5776.55 1.2831702e-15 1e-20
5778.02 1.290063e-15 1e-20
5779.49 1.2356645e-15 1e-20
5780.96 1.2141298e-15 1e-20
5782.43 1.2304001e-15 1e-20
5783.9 1.2419569e-15 1e-20
5785.37 1.2476414e-15 1e-20
5786.84 1.2510671e-15 1e-20
5788.31 1.2497493e-15 1e-20
5789.78 1.1810515e-15 1e-20
5791.25 1.1764989e-15 1e-20
5792.72 1.2453016e-15 1e-20
5794.19 1.2326527e-15 1e-20
5795.66 1.2252959e-15 1e-20
5797.13 1.2251819e-15 1e-20
5798.6 1.2300949e-15 1e-20
5800.07 1.2496833e-15 1e-20
5801.54 1.2220768e-15 1e-20
5803.01 1.1802356e-15 1e-20
5804.48 1.1725622e-15 1e-20
5805.95 1.2230955e-15 1e-20
5807.42 1.230651e-15 1e-20
5808.89 1.2046392e-15 1e-20
5810.36 1.2011507e-15 1e-20
5811.83 1.2228097e-15 1e-20
5813.3 1.2185909e-15 1e-20
5814.77 1.2155061e-15 1e-20
5816.24 1.2738212e-15 1e-20
5817.71 1.2847267e-15 1e-20
5819.18 1.2538375e-15 1e-20
5820.65 1.1865261e-15 1e-20
5822.12 1.1532417e-15 1e-20
5823.59 1.2083863e-15 1e-20
5825.06 1.2250096e-15 1e-20
5826.53 1.1696899e-15 1e-20
5828.0 1.1533748e-15 1e-20
5829.47 1.1960734e-15 1e-20
5830.94 1.1745233e-15 1e-20
5832.41 1.1237843e-15 1e-20
5833.88 1.1129148e-15 1e-20
5835.35 1.0960309e-15 1e-20
5836.82 1.0821692e-15 1e-20
5838.29 1.1090282e-15 1e-20
5839.76 1.1323099e-15 1e-20
5841.23 1.1039659e-15 1e-20
5842.7 1.0478378e-15 1e-20
5844.17 1.0197276e-15 1e-20
5845.64 1.023746e-15 1e-20
5847.11 1.0407967e-15 1e-20
5848.58 1.0363716e-15 1e-20
5850.05 1.0487318e-15 1e-20
5851.52 1.0750012e-15 1e-20
5852.99 1.042047e-15 1e-20
5854.46 9.6413832e-16 1e-20
5855.93 9.3813166e-16 1e-20
5857.4 9.7147839e-16 1e-20
5858.87 1.0111773e-15 1e-20
5860.34 1.0164196e-15 1e-20
5861.81 9.7416603e-16 1e-20
5863.28 9.708248e-16 1e-20
5864.75 9.6315121e-16 1e-20
5866.22 9.6341686e-16 1e-20
5867.69 9.8927053e-16 1e-20
5869.16 9.5391252e-16 1e-20
5870.63 9.3636475e-16 1e-20
5872.1 9.4598799e-16 1e-20
5873.57 9.2727894e-16 1e-20
5875.04 9.152732e-16 1e-20
5876.51 9.2923908e-16 1e-20
5877.98 9.405277e-16 1e-20
5879.45 9.3820747e-16 1e-20
5880.92 9.3052795e-16 1e-20
5882.39 9.339452e-16 1e-20
5883.86 9.1737819e-16 1e-20
5885.33 8.824295e-16 1e-20
5886.8 8.8722233e-16 1e-20
5888.27 8.9385894e-16 1e-20
5889.74 8.7703443e-16 1e-20
5891.21 8.8473507e-16 1e-20
5892.68 8.9719096e-16 1e-20
5894.15 9.1335976e-16 1e-20
5895.62 9.3477603e-16 1e-20
5897.09 9.5377212e-16 1e-20
5898.56 9.6851971e-16 1e-20
5900.03 9.0469599e-16 1e-20
5901.5 8.7798327e-16 1e-20
5902.97 9.1622209e-16 1e-20
5904.44 9.3520834e-16 1e-20
5905.91 9.454838e-16 1e-20
5907.38 9.2854145e-16 1e-20
5908.85 9.3712951e-16 1e-20
5910.32 9.4582388e-16 1e-20
5911.79 9.3784335e-16 1e-20
5913.26 9.6022852e-16 1e-20
5914.73 9.4775639e-16 1e-20
5916.2 9.1422712e-16 1e-20
5917.67 9.1247905e-16 1e-20
5919.14 9.3207273e-16 1e-20
5920.61 9.4421283e-16 1e-20
5922.08 9.4901868e-16 1e-20
5923.55 9.5248569e-16 1e-20
5925.02 9.515116e-16 1e-20
5926.49 9.3919998e-16 1e-20
5927.96 9.6101489e-16 1e-20
5929.43 9.4081421e-16 1e-20
5930.9 9.6550565e-16 1e-20
5932.37 9.7226095e-16 1e-20
5933.84 9.5137544e-16 1e-20
5935.31 9.8240776e-16 1e-20
5936.78 1.0081526e-15 1e-20
5938.25 1.0148068e-15 1e-20
5939.72 1.0274856e-15 1e-20
5941.19 1.0282497e-15 1e-20
5942.66 1.0227453e-15 1e-20
5944.13 1.0506689e-15 1e-20
5945.6 1.0256238e-15 1e-20
5947.07 9.8107019e-16 1e-20
5948.54 9.4837631e-16 1e-20
5950.01 1.0184121e-15 1e-20
5951.48 1.0930015e-15 1e-20
5952.95 1.0464216e-15 1e-20
5954.42 1.0275968e-15 1e-20
5955.89 1.0545539e-15 1e-20
5957.36 1.0732795e-15 1e-20
5958.83 1.0772064e-15 1e-20
5960.3 1.0807327e-15 1e-20
5961.77 1.0492824e-15 1e-20
5963.24 1.0449119e-15 1e-20
5964.71 1.0683203e-15 1e-20
5966.18 1.0564766e-15 1e-20
5967.65 1.0626112e-15 1e-20
5969.12 1.0533942e-15 1e-20
5970.59 1.0378868e-15 1e-20
5972.06 1.037414e-15 1e-20
5973.53 1.0547917e-15 1e-20
5975.0 1.0590449e-15 1e-20
5976.47 1.0527882e-15 1e-20
5977.94 1.0444088e-15 1e-20
5979.41 1.0915551e-15 1e-20
5980.88 1.0947782e-15 1e-20
5982.35 1.0281902e-15 1e-20
5983.82 1.080743e-15 1e-20
5985.29 1.1133424e-15 1e-20
5986.76 1.0834197e-15 1e-20
5988.23 1.0767677e-15 1e-20
5989.7 1.0684247e-15 1e-20
5991.17 1.0973377e-15 1e-20
5992.64 1.1531375e-15 1e-20
5994.11 1.1661019e-15 1e-20
5995.58 1.1149174e-15 1e-20
5997.05 1.1068767e-15 1e-20
5998.52 1.0886872e-15 1e-20
5999.99 1.0881375e-15 1e-20
6001.46 1.1077816e-15 1e-20
6002.93 1.1237222e-15 1e-20
6004.4 1.1407165e-15 1e-20
6005.87 1.1449145e-15 1e-20
6007.34 1.1315315e-15 1e-20
6008.81 1.1206998e-15 1e-20
6010.28 1.0942449e-15 1e-20
6011.75 1.0846853e-15 1e-20
6013.22 1.0672067e-15 1e-20
6014.69 1.0799199e-15 1e-20
6016.16 1.1330032e-15 1e-20
6017.63 1.1578733e-15 1e-20
6019.1 1.1080359e-15 1e-20
6020.57 1.0561042e-15 1e-20
6022.04 1.10694e-15 1e-20
6023.51 1.1634309e-15 1e-20
6024.98 1.1460044e-15 1e-20
6026.45 1.1414788e-15 1e-20
6027.92 1.1935176e-15 1e-20
6029.39 1.1868139e-15 1e-20
6030.86 1.1495e-15 1e-20
6032.33 1.1584993e-15 1e-20
6033.8 1.1956822e-15 1e-20
6035.27 1.2133307e-15 1e-20
6036.74 1.2003033e-15 1e-20
6038.21 1.1794951e-15 1e-20
6039.68 1.1606397e-15 1e-20
6041.15 1.1582618e-15 1e-20
6042.62 1.1349281e-15 1e-20
6044.09 1.1110405e-15 1e-20
6045.56 1.1507851e-15 1e-20
6047.03 1.1599679e-15 1e-20
6048.5 1.1414238e-15 1e-20
6049.97 1.15463e-15 1e-20
6051.44 1.1505578e-15 1e-20
6052.91 1.1556353e-15 1e-20
6054.38 1.1607678e-15 1e-20
6055.85 1.1615445e-15 1e-20
6057.32 1.1600087e-15 1e-20
6058.79 1.1857318e-15 1e-20
6060.26 1.2238316e-15 1e-20
6061.73 1.214055e-15 1e-20
6063.2 1.1942632e-15 1e-20
6064.67 1.1746251e-15 1e-20
6066.14 1.1545804e-15 1e-20
6067.61 1.1471628e-15 1e-20
6069.08 1.1709055e-15 1e-20
6070.55 1.2216035e-15 1e-20
6072.02 1.2129562e-15 1e-20
6073.49 1.1801746e-15 1e-20
6074.96 1.1742e-15 1e-20
6076.43 1.1646965e-15 1e-20
6077.9 1.1930207e-15 1e-20
6079.37 1.2109866e-15 1e-20
6080.84 1.2124366e-15 1e-20
6082.31 1.1963419e-15 1e-20
6083.78 1.1230599e-15 1e-20
6085.25 1.1486513e-15 1e-20
6086.72 1.2500498e-15 1e-20
6088.19 1.2261391e-15 1e-20
6089.66 1.2039246e-15 1e-20
6091.13 1.2550513e-15 1e-20
6092.6 1.2003725e-15 1e-20
6094.07 1.1295445e-15 1e-20
6095.54 1.1375691e-15 1e-20
6097.01 1.1323523e-15 1e-20
6098.48 1.1545578e-15 1e-20
6099.95 1.1856795e-15 1e-20
6101.42 1.1789754e-15 1e-20
6102.89 1.1653341e-15 1e-20
6104.36 1.166561e-15 1e-20
6105.83 1.1553678e-15 1e-20
6107.3 1.1112489e-15 1e-20
6108.77 1.1189499e-15 1e-20
6110.24 1.151539e-15 1e-20
6111.71 1.1871333e-15 1e-20
6113.18 1.1472109e-15 1e-20
6114.65 1.1458967e-15 1e-20
6116.12 1.1943065e-15 1e-20
6117.59 1.1661345e-15 1e-20
6119.06 1.1381571e-15 1e-20
6120.53 1.1040473e-15 1e-20
6122.0 1.0963513e-15 1e-20
6123.47 1.1368274e-15 1e-20
6124.94 1.1437811e-15 1e-20
6126.41 1.1217703e-15 1e-20
6127.88 1.0978607e-15 1e-20
6129.35 1.0500828e-15 1e-20
6130.82 1.0864783e-15 1e-20
6132.29 1.133245e-15 1e-20
6133.76 1.0976193e-15 1e-20
6135.23 1.1360072e-15 1e-20
6136.7 1.1789855e-15 1e-20
6138.17 1.1196379e-15 1e-20
6139.64 1.0859926e-15 1e-20
6141.11 1.0886814e-15 1e-20
6142.58 1.1145603e-15 1e-20
6144.05 1.0964335e-15 1e-20
6145.52 1.0905506e-15 1e-20
6146.99 1.1249848e-15 1e-20
6148.46 1.0999872e-15 1e-20
6149.93 1.010974e-15 1e-20
6151.4 9.8348763e-16 1e-20
6152.87 1.0589551e-15 1e-20
6154.34 1.0632745e-15 1e-20
6155.81 1.0248619e-15 1e-20
6157.28 1.0342781e-15 1e-20
6158.75 1.0415481e-15 1e-20
6160.22 1.0091347e-15 1e-20
6161.69 1.0125082e-15 1e-20
6163.16 1.0267455e-15 1e-20
6164.63 1.0621125e-15 1e-20
6166.1 1.0435174e-15 1e-20
6167.57 9.980802e-16 1e-20
6169.04 1.0230237e-15 1e-20
6170.51 1.0119005e-15 1e-20
6171.98 9.4341651e-16 1e-20
6173.45 9.28474e-16 1e-20
6174.92 9.7823941e-16 1e-20
6176.39 1.0050077e-15 1e-20
6177.86 9.8163696e-16 1e-20
6179.33 9.3277968e-16 1e-20
6180.8 9.490623e-16 1e-20
6182.27 9.756296e-16 1e-20
6183.74 9.3048729e-16 1e-20
6185.21 8.8451516e-16 1e-20
6186.68 8.7018643e-16 1e-20
6188.15 8.4634854e-16 1e-20
6189.62 8.6497475e-16 1e-20
6191.09 8.6498147e-16 1e-20
6192.56 8.6649919e-16 1e-20
6194.03 8.237081e-16 1e-20
6195.5 7.8440164e-16 1e-20
6196.97 8.0183892e-16 1e-20
6198.44 8.0194057e-16 1e-20
6199.91 7.7083958e-16 1e-20
6201.38 7.6052823e-16 1e-20
6202.85 7.2621974e-16 1e-20
6204.32 7.0024981e-16 1e-20
6205.79 7.202003e-16 1e-20
6207.26 7.0581387e-16 1e-20
6208.73 6.8159275e-16 1e-20
6210.2 6.7766463e-16 1e-20
6211.67 6.6840317e-16 1e-20
6213.14 6.4383149e-16 1e-20
6214.61 6.0560585e-16 1e-20
6216.08 6.2542319e-16 1e-20
6217.55 6.2528644e-16 1e-20
6219.02 5.8900988e-16 1e-20
6220.49 5.8656608e-16 1e-20
6221.96 5.6015713e-16 1e-20
6223.43 5.2214367e-16 1e-20
6224.9 5.1942845e-16 1e-20
6226.37 5.3657679e-16 1e-20
6227.84 5.2894428e-16 1e-20
6229.31 5.138284e-16 1e-20
6230.78 5.145083e-16 1e-20
6232.25 5.1075774e-16 1e-20
6233.72 5.1229881e-16 1e-20
6235.19 4.9672876e-16 1e-20
6236.66 4.6519388e-16 1e-20
6238.13 4.568937e-16 1e-20
6239.6 4.929907e-16 1e-20
6241.07 4.8799119e-16 1e-20
6242.54 4.6111976e-16 1e-20
6244.01 4.5091672e-16 1e-20
6245.48 4.4030207e-16 1e-20
6246.95 4.4203227e-16 1e-20
6248.42 4.2776059e-16 1e-20
6249.89 4.0867365e-16 1e-20
6251.36 4.0647197e-16 1e-20
6252.83 4.0113929e-16 1e-20
6254.3 4.093711e-16 1e-20
6255.77 4.1000969e-16 1e-20
6257.24 4.1766596e-16 1e-20
6258.71 4.3974793e-16 1e-20
6260.18 4.1681049e-16 1e-20
6261.65 4.0897165e-16 1e-20
6263.12 4.1102393e-16 1e-20
6264.59 3.8769545e-16 1e-20
6266.06 4.0337363e-16 1e-20
6267.53 4.4123362e-16 1e-20
6269.0 4.4882434e-16 1e-20
6270.47 4.2169829e-16 1e-20
6271.94 4.1312166e-16 1e-20
6273.41 4.1481032e-16 1e-20
6274.88 4.153867e-16 1e-20
6276.35 4.2040815e-16 1e-20
6277.82 4.1716185e-16 1e-20
6279.29 4.4461733e-16 1e-20
6280.76 4.3761131e-16 1e-20
6282.23 4.1976396e-16 1e-20
6283.7 4.3078288e-16 1e-20
6285.17 4.6551411e-16 1e-20
6286.64 5.0920026e-16 1e-20
6288.11 4.7156934e-16 1e-20
6289.58 4.3012465e-16 1e-20
6291.05 4.3092312e-16 1e-20
6292.52 4.4173748e-16 1e-20
6293.99 4.462429e-16 1e-20
6295.46 4.6247962e-16 1e-20
6296.93 4.5027287e-16 1e-20
6298.4 4.583786e-16 1e-20
6299.87 4.9489901e-16 1e-20
6301.34 5.1844526e-16 1e-20
6302.81 5.3891386e-16 1e-20
6304.28 5.511655e-16 1e-20
6305.75 5.1445758e-16 1e-20
6307.22 5.1225255e-16 1e-20
6308.69 5.1947181e-16 1e-20
6310.16 5.2989127e-16 1e-20
6311.63 5.6293524e-16 1e-20
6313.1 5.6660755e-16 1e-20
6314.57 5.5244643e-16 1e-20
6316.04 6.1594145e-16 1e-20
6317.51 6.2942214e-16 1e-20
6318.98 6.0106003e-16 1e-20
6320.45 6.0124331e-16 1e-20
6321.92 6.1053965e-16 1e-20
6323.39 6.2522853e-16 1e-20
6324.86 6.561384e-16 1e-20
6326.33 6.8495589e-16 1e-20
6327.8 6.4472273e-16 1e-20
6329.27 6.41558e-16 1e-20
6330.74 6.8129147e-16 1e-20
6332.21 6.8884166e-16 1e-20
6333.68 7.0334794e-16 1e-20
6335.15 7.3629112e-16 1e-20
6336.62 7.5675379e-16 1e-20
6338.09 7.5296618e-16 1e-20
6339.56 7.146057e-16 1e-20
6341.03 7.2182628e-16 1e-20
6342.5 7.5203492e-16 1e-20
6343.97 7.7883314e-16 1e-20
6345.44 7.5017309e-16 1e-20
6346.91 7.7996964e-16 1e-20
6348.38 7.9367554e-16 1e-20
6349.85 7.6895144e-16 1e-20
6351.32 8.0147433e-16 1e-20
6352.79 8.0886067e-16 1e-20
6354.26 7.9415644e-16 1e-20
6355.73 7.7971019e-16 1e-20
6357.2 7.9516028e-16 1e-20
6358.67 8.0727767e-16 1e-20
6360.14 8.2314344e-16 1e-20
6361.61 8.3246668e-16 1e-20
6363.08 7.7903849e-16 1e-20
6364.55 8.1603175e-16 1e-20
6366.02 8.4748457e-16 1e-20
6367.49 8.5596782e-16 1e-20
6368.96 8.7189945e-16 1e-20
6370.43 8.8586115e-16 1e-20
6371.9 8.7821482e-16 1e-20
6373.37 8.6142282e-16 1e-20
6374.84 8.7486624e-16 1e-20
6376.31 8.9809273e-16 1e-20
6377.78 9.5956678e-16 1e-20
6379.25 9.3360808e-16 1e-20
6380.72 9.1631685e-16 1e-20
6382.19 8.9581008e-16 1e-20
6383.66 9.091176e-16 1e-20
6385.13 9.4545182e-16 1e-20
6386.6 9.5232655e-16 1e-20
6388.07 9.2556794e-16 1e-20
6389.54 9.4045094e-16 1e-20
6391.01 9.7182409e-16 1e-20
6392.48 9.5945307e-16 1e-20
6393.95 9.736162e-16 1e-20
6395.42 1.0036358e-15 1e-20
6396.89 1.0227841e-15 1e-20
6398.36 1.0094553e-15 1e-20
6399.83 9.8261592e-16 1e-20
6401.3 9.8384147e-16 1e-20
6402.77 1.0115364e-15 1e-20
6404.24 1.0401801e-15 1e-20
6405.71 1.004509e-15 1e-20
6407.18 9.6845152e-16 1e-20
6408.65 1.0035428e-15 1e-20
6410.12 1.0406048e-15 1e-20
6411.59 1.0175684e-15 1e-20
6413.06 1.0387542e-15 1e-20
6414.53 1.0517164e-15 1e-20
6416.0 1.0056408e-15 1e-20
6417.47 9.8828586e-16 1e-20
6418.94 1.0259321e-15 1e-20
6420.41 1.0514684e-15 1e-20
6421.88 1.0698506e-15 1e-20
6423.35 1.0223364e-15 1e-20
6424.82 1.0082244e-15 1e-20
6426.29 1.0527552e-15 1e-20
6427.76 1.0989994e-15 1e-20
6429.23 1.1177455e-15 1e-20
6430.7 1.0545208e-15 1e-20
6432.17 1.0284852e-15 1e-20
6433.64 1.0552197e-15 1e-20
6435.11 1.0822977e-15 1e-20
6436.58 1.0732968e-15 1e-20
6438.05 1.0279334e-15 1e-20
6439.52 1.0326043e-15 1e-20
6440.99 1.0520837e-15 1e-20
6442.46 1.0569051e-15 1e-20
6443.93 1.05189e-15 1e-20
6445.4 1.0781112e-15 1e-20
6446.87 1.0693129e-15 1e-20
6448.34 1.0561691e-15 1e-20
6449.81 1.0950293e-15 1e-20
6451.28 1.0573898e-15 1e-20
6452.75 9.9990376e-16 1e-20
6454.22 1.0233652e-15 1e-20
6455.69 1.0713632e-15 1e-20
6457.16 1.0766899e-15 1e-20
6458.63 1.0631809e-15 1e-20
6460.1 1.0645134e-15 1e-20
6461.57 1.0783275e-15 1e-20
6463.04 1.067117e-15 1e-20
6464.51 1.0479281e-15 1e-20
6465.98 1.0744952e-15 1e-20
6467.45 1.0954129e-15 1e-20
6468.92 1.080163e-15 1e-20
6470.39 1.0438768e-15 1e-20
6471.86 1.0539529e-15 1e-20
6473.33 1.0922481e-15 1e-20
6474.8 1.065531e-15 1e-20
6476.27 1.0308867e-15 1e-20
6477.74 1.0431988e-15 1e-20
6479.21 1.083536e-15 1e-20
6480.68 1.0993399e-15 1e-20
6482.15 1.0714651e-15 1e-20
6483.62 1.0667513e-15 1e-20
6485.09 1.0630468e-15 1e-20
6486.56 1.0375636e-15 1e-20
6488.03 1.0332594e-15 1e-20
6489.5 1.0458566e-15 1e-20
6490.97 1.0659435e-15 1e-20
6492.44 1.0855374e-15 1e-20
6493.91 1.1094871e-15 1e-20
6495.38 1.0854104e-15 1e-20
6496.85 1.0772291e-15 1e-20
6498.32 1.0641688e-15 1e-20
6499.79 1.0595742e-15 1e-20
6501.26 1.0729715e-15 1e-20
6502.73 1.0782903e-15 1e-20
6504.2 1.056463e-15 1e-20
6505.67 1.0988967e-15 1e-20
6507.14 1.0996254e-15 1e-20
6508.61 1.1066449e-15 1e-20
6510.08 1.0668024e-15 1e-20
6511.55 1.0527838e-15 1e-20
6513.02 1.0183253e-15 1e-20
6514.49 1.0097715e-15 1e-20
6515.96 9.9464199e-16 1e-20
6517.43 9.6752836e-16 1e-20
6518.9 9.6334349e-16 1e-20
6520.37 1.0106208e-15 1e-20
6521.84 1.109543e-15 1e-20
6523.31 1.0865655e-15 1e-20
6524.78 1.0218797e-15 1e-20
6526.25 1.0322369e-15 1e-20
6527.72 9.923784e-16 1e-20
6529.19 9.987447e-16 1e-20
6530.66 1.0246141e-15 1e-20
6532.13 1.0430428e-15 1e-20
6533.6 1.0414319e-15 1e-20
6535.07 1.0447477e-15 1e-20
6536.54 1.0036908e-15 1e-20
6538.01 1.0568723e-15 1e-20
6539.48 1.0519391e-15 1e-20
6540.95 9.9950714e-16 1e-20
6542.42 1.0010867e-15 1e-20
6543.89 9.9088656e-16 1e-20
6545.36 1.0409726e-15 1e-20
6546.83 1.0549825e-15 1e-20
6548.3 1.0176024e-15 1e-20
6549.77 1.0002035e-15 1e-20
6551.24 1.0020439e-15 1e-20
6552.71 1.0484054e-15 1e-20
6554.18 1.0303657e-15 1e-20
6555.65 1.0072003e-15 1e-20
6557.12 1.0017015e-15 1e-20
6558.59 9.7871714e-16 1e-20
6560.06 9.7818562e-16 1e-20
6561.53 9.906225e-16 1e-20
6563.0 9.5364486e-16 1e-20
6564.47 9.7800711e-16 1e-20
6565.94 1.0002367e-15 1e-20
6567.41 9.8725618e-16 1e-20
6568.88 9.6630143e-16 1e-20
6570.35 9.9028199e-16 1e-20
6571.82 1.0206326e-15 1e-20
6573.29 9.5945847e-16 1e-20
6574.76 9.5460274e-16 1e-20
6576.23 9.5250189e-16 1e-20
6577.7 9.8514167e-16 1e-20
6579.17 9.8701996e-16 1e-20
6580.64 9.8474653e-16 1e-20
6582.11 9.61314e-16 1e-20
6583.58 9.6952026e-16 1e-20
6585.05 9.7497452e-16 1e-20
6586.52 9.7259711e-16 1e-20
6587.99 9.476972e-16 1e-20
6589.46 9.3384842e-16 1e-20
6590.93 9.2886131e-16 1e-20
6592.4 9.8554359e-16 1e-20
6593.87 9.780015e-16 1e-20
6595.34 9.4908242e-16 1e-20
6596.81 9.9970873e-16 1e-20
6598.28 9.2575757e-16 1e-20
6599.75 8.7610995e-16 1e-20
6601.22 9.4235422e-16 1e-20
6602.69 9.3486561e-16 1e-20
6604.16 8.919888e-16 1e-20
6605.63 9.0707647e-16 1e-20
6607.1 9.1554976e-16 1e-20
6608.57 9.0419634e-16 1e-20
6610.04 8.7669297e-16 1e-20
6611.51 8.9920001e-16 1e-20
6612.98 8.997634e-16 1e-20
6614.45 9.2993693e-16 1e-20
6615.92 9.0259174e-16 1e-20
6617.39 9.104377e-16 1e-20
6618.86 8.9607086e-16 1e-20
6620.33 9.0590491e-16 1e-20
6621.8 9.4265037e-16 1e-20
6623.27 8.8597222e-16 1e-20
6624.74 8.7678593e-16 1e-20
6626.21 8.8601314e-16 1e-20
6627.68 9.1177146e-16 1e-20
6629.15 9.3831515e-16 1e-20
6630.62 9.2157735e-16 1e-20
6632.09 8.7998999e-16 1e-20
6633.56 9.0161342e-16 1e-20
6635.03 9.1218947e-16 1e-20
6636.5 9.0262213e-16 1e-20
6637.97 8.9374216e-16 1e-20
6639.44 8.8275905e-16 1e-20
6640.91 8.8266122e-16 1e-20
6642.38 8.7424833e-16 1e-20
6643.85 8.6481016e-16 1e-20
6645.32 8.653206e-16 1e-20
6646.79 8.7710775e-16 1e-20
6648.26 8.9392808e-16 1e-20
6649.73 9.0936843e-16 1e-20
6651.2 9.1190318e-16 1e-20
6652.67 8.745026e-16 1e-20
6654.14 8.5751652e-16 1e-20
6655.61 8.9571945e-16 1e-20
6657.08 8.9062793e-16 1e-20
6658.55 8.4843463e-16 1e-20
6660.02 8.495769e-16 1e-20
6661.49 8.9983042e-16 1e-20
6662.96 8.9075075e-16 1e-20
6664.43 8.4590142e-16 1e-20
6665.9 8.545006e-16 1e-20
6667.37 8.7210999e-16 1e-20
6668.84 8.6956424e-16 1e-20
6670.31 8.6148354e-16 1e-20
6671.78 8.7465723e-16 1e-20
6673.25 8.7599099e-16 1e-20
6674.72 8.6439352e-16 1e-20
6676.19 8.5622527e-16 1e-20
6677.66 8.4317387e-16 1e-20
6679.13 8.3873584e-16 1e-20
6680.6 8.0568493e-16 1e-20
6682.07 8.2572324e-16 1e-20
6683.54 8.8221679e-16 1e-20
6685.01 8.5616327e-16 1e-20
6686.48 8.1135677e-16 1e-20
6687.95 8.2900126e-16 1e-20
6689.42 8.4036463e-16 1e-20
6690.89 7.9876583e-16 1e-20
6692.36 8.1495194e-16 1e-20
6693.83 7.8368457e-16 1e-20
6695.3 7.8070286e-16 1e-20
6696.77 8.4532665e-16 1e-20
6698.24 8.2321835e-16 1e-20
6699.71 8.128953e-16 1e-20
6701.18 8.5218434e-16 1e-20
6702.65 8.2459213e-16 1e-20
6704.12 8.2638901e-16 1e-20
6705.59 8.2059006e-16 1e-20
6707.06 8.1490599e-16 1e-20
6708.53 8.1838661e-16 1e-20
6710.0 8.1178801e-16 1e-20
6711.47 7.7674658e-16 1e-20
6712.94 7.6569708e-16 1e-20
6714.41 7.7389001e-16 1e-20
6715.88 7.7980071e-16 1e-20
6717.35 7.6881337e-16 1e-20
6718.82 7.6065957e-16 1e-20
6720.29 7.4828717e-16 1e-20
6721.76 7.7931796e-16 1e-20
6723.23 8.018817e-16 1e-20
6724.7 8.0277288e-16 1e-20
6726.17 8.0918879e-16 1e-20
6727.64 7.9369772e-16 1e-20
6729.11 7.9261246e-16 1e-20
6730.58 7.9422981e-16 1e-20
6732.05 8.0969838e-16 1e-20
6733.52 7.6383848e-16 1e-20
6734.99 7.8872008e-16 1e-20
6736.46 8.0858326e-16 1e-20
6737.93 7.9591557e-16 1e-20
6739.4 7.7021564e-16 1e-20
6740.87 7.7211172e-16 1e-20
6742.34 7.9844417e-16 1e-20
6743.81 7.6432849e-16 1e-20
6745.28 7.6855212e-16 1e-20
6746.75 7.5699848e-16 1e-20
6748.22 7.6991473e-16 1e-20
6749.69 8.0405757e-16 1e-20
6751.16 7.727742e-16 1e-20
6752.63 7.3832183e-16 1e-20
6754.1 7.77434e-16 1e-20
6755.57 7.6711544e-16 1e-20
6757.04 7.5828825e-16 1e-20
6758.51 7.8314925e-16 1e-20
6759.98 8.0322345e-16 1e-20
6761.45 7.4791792e-16 1e-20
6762.92 7.4802475e-16 1e-20
6764.39 7.8784313e-16 1e-20
6765.86 7.7470406e-16 1e-20
6767.33 7.318361e-16 1e-20
6768.8 7.3409492e-16 1e-20
6770.27 7.6099949e-16 1e-20
6771.74 7.3652035e-16 1e-20
6773.21 7.3322142e-16 1e-20
6774.68 7.4288448e-16 1e-20
6776.15 7.5874178e-16 1e-20
6777.62 7.5851986e-16 1e-20
6779.09 7.3932789e-16 1e-20
6780.56 7.562542e-16 1e-20
6782.03 7.5296989e-16 1e-20
6783.5 7.7645536e-16 1e-20
6784.97 7.5963932e-16 1e-20
6786.44 7.0217062e-16 1e-20
6787.91 7.1049881e-16 1e-20
6789.38 7.4222601e-16 1e-20
6790.85 7.4675907e-16 1e-20
6792.32 7.4296351e-16 1e-20
6793.79 6.9739669e-16 1e-20
6795.26 7.292618e-16 1e-20
6796.73 7.175575e-16 1e-20
6798.2 7.1763834e-16 1e-20
6799.67 7.2803869e-16 1e-20
6801.14 7.110336e-16 1e-20
6802.61 7.4661751e-16 1e-20
6804.08 7.3442929e-16 1e-20
6805.55 7.3347283e-16 1e-20
6807.02 7.5534438e-16 1e-20
6808.49 7.4850787e-16 1e-20
6809.96 7.1853466e-16 1e-20
6811.43 7.4817674e-16 1e-20
6812.9 7.3056078e-16 1e-20
6814.37 7.1750086e-16 1e-20
6815.84 7.1731536e-16 1e-20
6817.31 7.1731451e-16 1e-20
6818.78 7.328654e-16 1e-20
6820.25 7.3852009e-16 1e-20
6821.72 7.246567e-16 1e-20
6823.19 6.8344749e-16 1e-20
6824.66 6.9401274e-16 1e-20
6826.13 7.5778056e-16 1e-20
6827.6 7.7185247e-16 1e-20
6829.07 7.1200218e-16 1e-20
6830.54 7.2956838e-16 1e-20
6832.01 6.6118397e-16 1e-20
6833.48 6.815469e-16 1e-20
6834.95 7.2213974e-16 1e-20
6836.42 7.1211659e-16 1e-20
6837.89 6.8264572e-16 1e-20
6839.36 7.3667117e-16 1e-20
6840.83 7.0456968e-16 1e-20
6842.3 6.6907223e-16 1e-20
6843.77 6.853954e-16 1e-20
6845.24 7.0033468e-16 1e-20
6846.71 6.9621444e-16 1e-20
6848.18 6.689791e-16 1e-20
6849.65 6.8548201e-16 1e-20
6851.12 7.4329121e-16 1e-20
6852.59 7.071508e-16 1e-20
6854.06 7.0005166e-16 1e-20
6855.53 7.2250322e-16 1e-20
6857.0 6.9758886e-16 1e-20
6858.47 6.7513126e-16 1e-20
6859.94 6.6607299e-16 1e-20
6861.41 6.7766643e-16 1e-20
6862.88 6.6856258e-16 1e-20
6864.35 6.3467565e-16 1e-20
6865.82 6.1366939e-16 1e-20
6867.29 6.863445e-16 1e-20
6868.76 6.9328614e-16 1e-20
6870.23 6.6041422e-16 1e-20
6871.7 6.4497843e-16 1e-20
6873.17 6.8034136e-16 1e-20
6874.64 7.0119987e-16 1e-20
6876.11 6.4990736e-16 1e-20
6877.58 6.6338191e-16 1e-20
6879.05 6.5838076e-16 1e-20
6880.52 6.6326751e-16 1e-20
6881.99 6.7359448e-16 1e-20
6883.46 6.4664327e-16 1e-20
6884.93 6.6904967e-16 1e-20
6886.4 6.7778809e-16 1e-20
6887.87 6.6369521e-16 1e-20
6889.34 6.510607e-16 1e-20
6890.81 6.2067112e-16 1e-20
6892.28 6.3821196e-16 1e-20
6893.75 6.9020437e-16 1e-20
6895.22 6.6728509e-16 1e-20
6896.69 6.5853678e-16 1e-20
6898.16 6.4114142e-16 1e-20
6899.63 6.1964012e-16 1e-20
6901.1 6.64167e-16 1e-20
6902.57 6.1169056e-16 1e-20
6904.04 5.8710141e-16 1e-20
6905.51 6.0449862e-16 1e-20
6906.98 5.9813877e-16 1e-20
6908.45 6.610865e-16 1e-20
6909.92 6.7262458e-16 1e-20
6911.39 6.2593538e-16 1e-20
6912.86 6.2755962e-16 1e-20
6914.33 6.1585087e-16 1e-20
6915.8 5.5165599e-16 1e-20
6917.27 5.6816943e-16 1e-20
6918.74 6.2074111e-16 1e-20
6920.21 6.3263371e-16 1e-20
6921.68 6.3757954e-16 1e-20
6923.15 6.0738599e-16 1e-20
6924.62 6.0117147e-16 1e-20
6926.09 6.4356589e-16 1e-20
6927.56 6.3271164e-16 1e-20
6929.03 6.0713977e-16 1e-20
6930.5 6.1698409e-16 1e-20
6931.97 6.0084568e-16 1e-20
6933.44 5.7455881e-16 1e-20
6934.91 5.9916554e-16 1e-20
6936.38 6.2624883e-16 1e-20
6937.85 6.3861382e-16 1e-20
6939.32 6.0030903e-16 1e-20
6940.79 6.2510248e-16 1e-20
6942.26 6.5727761e-16 1e-20
6943.73 5.9802088e-16 1e-20
6945.2 5.9193743e-16 1e-20
6946.67 6.116247e-16 1e-20
6948.14 6.0753496e-16 1e-20
6949.61 6.0417743e-16 1e-20
6951.08 6.1021185e-16 1e-20
6952.55 5.9798181e-16 1e-20
6954.02 6.6985462e-16 1e-20
6955.49 6.7873152e-16 1e-20
6956.96 6.3247484e-16 1e-20
6958.43 6.4734901e-16 1e-20
6959.9 6.3607156e-16 1e-20
6961.37 6.3083779e-16 1e-20
6962.84 6.461909e-16 1e-20
6964.31 6.5018233e-16 1e-20
6965.78 6.4560692e-16 1e-20
6967.25 6.2703424e-16 1e-20
6968.72 5.7859804e-16 1e-20
6970.19 5.960429e-16 1e-20
6971.66 6.4490749e-16 1e-20
6973.13 6.0873584e-16 1e-20
6974.6 5.9675954e-16 1e-20
6976.07 6.3193047e-16 1e-20
6977.54 6.2808811e-16 1e-20
6979.01 6.0402608e-16 1e-20
6980.48 6.2676912e-16 1e-20
6981.95 6.4248587e-16 1e-20
6983.42 6.3878704e-16 1e-20
6984.89 6.1921899e-16 1e-20
6986.36 6.4064575e-16 1e-20
6987.83 6.1878462e-16 1e-20
6989.3 5.9578069e-16 1e-20
6990.77 6.3086887e-16 1e-20
6992.24 6.6273674e-16 1e-20
6993.71 6.2181186e-16 1e-20
6995.18 6.1324958e-16 1e-20
6996.65 6.3793577e-16 1e-20
6998.12 6.3655394e-16 1e-20
6999.59 6.2105001e-16 1e-20
7001.06 6.048568e-16 1e-20
7002.53 6.5734659e-16 1e-20
7004.0 6.2589615e-16 1e-20
7005.47 5.7434943e-16 1e-20
7006.94 6.2821003e-16 1e-20
7008.41 6.1534175e-16 1e-20
7009.88 6.0710361e-16 1e-20
7011.35 6.4565388e-16 1e-20
7012.82 7.472909e-16 1e-20
7014.29 6.2993777e-16 1e-20
7015.76 5.6899931e-16 1e-20
7017.23 5.9899068e-16 1e-20
7018.7 6.0891637e-16 1e-20
7020.17 5.816589e-16 1e-20
7021.64 6.0604821e-16 1e-20
7023.11 6.218099e-16 1e-20
7024.58 6.1115788e-16 1e-20
7026.05 6.4078207e-16 1e-20
7027.52 6.0851143e-16 1e-20
7028.99 6.0705898e-16 1e-20
7030.46 6.3289873e-16 1e-20
7031.93 6.1419074e-16 1e-20
7033.4 6.3961051e-16 1e-20
7034.87 5.9855557e-16 1e-20
7036.34 6.0155396e-16 1e-20
7037.81 5.9806646e-16 1e-20
7039.28 5.9018296e-16 1e-20
7040.75 5.7962163e-16 1e-20
7042.22 5.9671311e-16 1e-20
7043.69 5.7015185e-16 1e-20
7045.16 5.5963218e-16 1e-20
7046.63 6.0208579e-16 1e-20
7048.1 6.1110219e-16 1e-20
7049.57 6.4924096e-16 1e-20
7051.04 5.8529214e-16 1e-20
7052.51 5.7442879e-16 1e-20
7053.98 6.3858936e-16 1e-20
7055.45 5.8492305e-16 1e-20
7056.92 5.8024801e-16 1e-20
7058.39 5.7326295e-16 1e-20
7059.86 5.8039455e-16 1e-20
7061.33 5.8124041e-16 1e-20
7062.8 6.0391279e-16 1e-20
7064.27 5.886159e-16 1e-20
7065.74 5.9835101e-16 1e-20
7067.21 6.3442281e-16 1e-20
7068.68 5.8958512e-16 1e-20
7070.15 5.6607381e-16 1e-20
7071.62 5.6001456e-16 1e-20
7073.09 5.6032241e-16 1e-20
7074.56 6.016529e-16 1e-20
7076.03 5.8829196e-16 1e-20
7077.5 5.5406161e-16 1e-20
7078.97 6.1159077e-16 1e-20
7080.44 5.8033303e-16 1e-20
7081.91 6.1340289e-16 1e-20
7083.38 6.2410123e-16 1e-20
7084.85 5.9500279e-16 1e-20
7086.32 6.1512216e-16 1e-20
7087.79 5.9999192e-16 1e-20
7089.26 6.0312081e-16 1e-20
7090.73 6.1613192e-16 1e-20
7092.2 5.8700294e-16 1e-20
7093.67 5.933632e-16 1e-20
7095.14 6.0576705e-16 1e-20
7096.61 6.1492734e-16 1e-20
7098.08 6.0292308e-16 1e-20
7099.55 5.7605393e-16 1e-20
7101.02 6.1683983e-16 1e-20
7102.49 5.9334203e-16 1e-20
7103.96 5.8166499e-16 1e-20
7105.43 6.210553e-16 1e-20
7106.9 6.3461127e-16 1e-20
7108.37 6.21075e-16 1e-20
7109.84 6.2597148e-16 1e-20
7111.31 5.7187207e-16 1e-20
7112.78 5.5996258e-16 1e-20
7114.25 5.5845491e-16 1e-20
7115.72 6.0835426e-16 1e-20
7117.19 6.2605507e-16 1e-20
7118.66 5.8483882e-16 1e-20
7120.13 5.9404501e-16 1e-20
7121.6 5.9739111e-16 1e-20
7123.07 6.0340218e-16 1e-20
7124.54 6.0119699e-16 1e-20
7126.01 5.7661567e-16 1e-20
7127.48 5.877272e-16 1e-20
7128.95 5.8141967e-16 1e-20
7130.42 5.955351e-16 1e-20
7131.89 6.4546399e-16 1e-20
7133.36 6.1935711e-16 1e-20
7134.83 5.840821e-16 1e-20
7136.3 5.9742441e-16 1e-20
7137.77 6.2450045e-16 1e-20
7139.24 6.1329844e-16 1e-20
7140.71 6.1995543e-16 1e-20
7142.18 6.1591657e-16 1e-20
7143.65 5.8112612e-16 1e-20
7145.12 5.4404264e-16 1e-20
7146.59 5.7357704e-16 1e-20
7148.06 6.3093049e-16 1e-20
7149.53 6.1887785e-16 1e-20
7151.0 5.7338789e-16 1e-20
7152.47 5.946968e-16 1e-20
7153.94 6.0619475e-16 1e-20
7155.41 5.8612007e-16 1e-20
7156.88 5.7469285e-16 1e-20
7158.35 5.538579e-16 1e-20
7159.82 5.6808912e-16 1e-20
7161.29 5.788611e-16 1e-20
7162.76 6.0698619e-16 1e-20
7164.23 5.7485813e-16 1e-20
7165.7 5.4849502e-16 1e-20
7167.17 6.016186e-16 1e-20
7168.64 5.9482793e-16 1e-20
7170.11 5.2927531e-16 1e-20
7171.58 5.365202e-16 1e-20
7173.05 5.8277301e-16 1e-20
7174.52 5.8914567e-16 1e-20
7175.99 5.7558642e-16 1e-20
7177.46 5.775887e-16 1e-20
7178.93 6.0613238e-16 1e-20
7180.4 5.8522719e-16 1e-20
7181.87 5.5969862e-16 1e-20
7183.34 5.6449092e-16 1e-20
7184.81 5.9756322e-16 1e-20
7186.28 6.1504068e-16 1e-20
7187.75 5.421608e-16 1e-20
7189.22 5.4388086e-16 1e-20
7190.69 5.8569713e-16 1e-20
7192.16 5.6124811e-16 1e-20
7193.63 5.4797155e-16 1e-20
7195.1 5.5363619e-16 1e-20
7196.57 5.3277769e-16 1e-20
7198.04 5.5975368e-16 1e-20
7199.51 5.8884592e-16 1e-20
7200.98 5.7809109e-16 1e-20
7202.45 5.7722394e-16 1e-20
7203.92 5.2844914e-16 1e-20
7205.39 5.3575533e-16 1e-20
7206.86 5.7368403e-16 1e-20
7208.33 5.5045855e-16 1e-20
7209.8 5.4564661e-16 1e-20
7211.27 5.5879547e-16 1e-20
7212.74 5.3469188e-16 1e-20
7214.21 5.5149781e-16 1e-20
7215.68 5.9966635e-16 1e-20
7217.15 5.9615015e-16 1e-20
7218.62 5.6956232e-16 1e-20
7220.09 5.4850497e-16 1e-20
7221.56 5.586835e-16 1e-20
7223.03 5.8584033e-16 1e-20
7224.5 5.3163779e-16 1e-20
7225.97 5.0043559e-16 1e-20
7227.44 5.6048737e-16 1e-20
7228.91 5.8929734e-16 1e-20
7230.38 5.7690959e-16 1e-20
7231.85 5.795167e-16 1e-20
7233.32 6.2249658e-16 1e-20
7234.79 5.3849098e-16 1e-20
7236.26 5.357207e-16 1e-20
7237.73 5.9798663e-16 1e-20
7239.2 6.0372427e-16 1e-20
7240.67 6.0838517e-16 1e-20
7242.14 6.2858998e-16 1e-20
7243.61 6.1294623e-16 1e-20
7245.08 6.2662079e-16 1e-20
7246.55 6.4058185e-16 1e-20
7248.02 5.6348862e-16 1e-20
7249.49 5.2468561e-16 1e-20
7250.96 6.1092802e-16 1e-20
7252.43 6.0925571e-16 1e-20
7253.9 6.1058762e-16 1e-20
7255.37 6.5714478e-16 1e-20
7256.84 6.0219225e-16 1e-20
7258.31 5.2327345e-16 1e-20
7259.78 5.3637652e-16 1e-20
7261.25 5.9277446e-16 1e-20
7262.72 5.5219888e-16 1e-20
7264.19 5.7213947e-16 1e-20
7265.66 5.7274811e-16 1e-20
7267.13 5.3947878e-16 1e-20
7268.6 5.677278e-16 1e-20
7270.07 5.8833971e-16 1e-20
7271.54 6.4593674e-16 1e-20
7273.01 6.1830419e-16 1e-20
7274.48 5.9019572e-16 1e-20
7275.95 6.213298e-16 1e-20
7277.42 6.1127086e-16 1e-20
7278.89 5.7075351e-16 1e-20
7280.36 5.4852663e-16 1e-20
7281.83 5.7349091e-16 1e-20
7283.3 6.1063198e-16 1e-20
7284.77 5.9129491e-16 1e-20
7286.24 5.4754216e-16 1e-20
7287.71 5.6101427e-16 1e-20
7289.18 5.4844912e-16 1e-20
7290.65 5.4007255e-16 1e-20
7292.12 6.1578252e-16 1e-20
7293.59 5.9603649e-16 1e-20
7295.06 5.9426254e-16 1e-20
7296.53 6.2171694e-16 1e-20
7298.0 6.1002048e-16 1e-20
7299.47 5.7198097e-16 1e-20
7300.94 5.5018252e-16 1e-20
7302.41 5.8547928e-16 1e-20
7303.88 5.5391545e-16 1e-20
7305.35 5.6254052e-16 1e-20
7306.82 5.7701854e-16 1e-20
7308.29 5.4967817e-16 1e-20
7309.76 5.3402833e-16 1e-20
7311.23 5.430577e-16 1e-20
7312.7 5.5889018e-16 1e-20
7314.17 5.4049464e-16 1e-20
7315.64 5.4418193e-16 1e-20
7317.11 5.7611756e-16 1e-20
7318.58 5.7751241e-16 1e-20
7320.05 6.2334187e-16 1e-20
7321.52 5.3986137e-16 1e-20
7322.99 5.4155586e-16 1e-20
7324.46 5.7308042e-16 1e-20
7325.93 5.341673e-16 1e-20
7327.4 5.1179906e-16 1e-20
7328.87 5.5041794e-16 1e-20
7330.34 5.321728e-16 1e-20
7331.81 5.5933662e-16 1e-20
7333.28 5.2507737e-16 1e-20
7334.75 5.4492006e-16 1e-20
7336.22 5.281639e-16 1e-20
7337.69 5.8554387e-16 1e-20
7339.16 5.2791667e-16 1e-20
7340.63 5.2906599e-16 1e-20
7342.1 5.7947906e-16 1e-20
7343.57 5.3836234e-16 1e-20
7345.04 5.4674997e-16 1e-20
7346.51 5.1892875e-16 1e-20
7347.98 5.536498e-16 1e-20
7349.45 5.3801881e-16 1e-20
7350.92 5.2414393e-16 1e-20
7352.39 5.3844979e-16 1e-20
7353.86 5.6914542e-16 1e-20
7355.33 5.5704831e-16 1e-20
7356.8 5.2874549e-16 1e-20
7358.27 5.4411507e-16 1e-20
7359.74 5.1421168e-16 1e-20
7361.21 5.4108528e-16 1e-20
7362.68 5.252427e-16 1e-20
7364.15 5.4161552e-16 1e-20
7365.62 5.2150627e-16 1e-20
7367.09 5.2409322e-16 1e-20
7368.56 5.6948137e-16 1e-20
7370.03 5.1991735e-16 1e-20
7371.5 5.1592952e-16 1e-20
7372.97 5.4180574e-16 1e-20
7374.44 5.4593587e-16 1e-20
7375.91 5.4860916e-16 1e-20
7377.38 5.2477249e-16 1e-20
7378.85 5.1973365e-16 1e-20
7380.32 5.4068945e-16 1e-20
7381.79 4.9503072e-16 1e-20
7383.26 5.2293294e-16 1e-20
7384.73 5.1593544e-16 1e-20
7386.2 5.4369091e-16 1e-20
7387.67 5.367643e-16 1e-20
7389.14 4.9184313e-16 1e-20
7390.61 5.101735e-16 1e-20
7392.08 4.7974061e-16 1e-20
7393.55 5.1203343e-16 1e-20
7395.02 5.1029436e-16 1e-20
7396.49 5.2835819e-16 1e-20
7397.96 5.3013876e-16 1e-20
7399.43 5.0564087e-16 1e-20
7400.9 5.266971e-16 1e-20
7402.37 5.2016203e-16 1e-20
7403.84 4.9222742e-16 1e-20
7405.31 4.7745474e-16 1e-20
7406.78 5.2640001e-16 1e-20
7408.25 5.3585406e-16 1e-20
7409.72 5.3132497e-16 1e-20
7411.19 5.5798735e-16 1e-20
7412.66 5.1836293e-16 1e-20
