3484.0 3.7924151e-16 1e-20
3485.47 2.8999264e-16 1e-20
3486.94 2.549265e-16 1e-20
3488.41 3.2793685e-16 1e-20
3489.88 2.7075411e-16 1e-20
3491.35 3.2452156e-16 1e-20
3492.82 4.4816836e-16 1e-20
3494.29 4.8257812e-16 1e-20
3495.76 4.1319887e-16 1e-20
3497.23 3.5465611e-16 1e-20
3498.7 4.9438221e-16 1e-20
3500.17 3.7732565e-16 1e-20
3501.64 3.5895345e-16 1e-20
3503.11 4.7654269e-16 1e-20
3504.58 4.5661799e-16 1e-20
3506.05 2.5574339e-16 1e-20
3507.52 4.3794007e-16 1e-20
3508.99 5.9518157e-16 1e-20
3510.46 5.2427618e-16 1e-20
3511.93 4.5776768e-16 1e-20
3513.4 3.5442627e-16 1e-20
3514.87 3.87649e-16 1e-20
3516.34 4.3081107e-16 1e-20
3517.81 4.3576968e-16 1e-20
3519.28 4.1063146e-16 1e-20
3520.75 5.8363561e-16 1e-20
3522.22 5.7315061e-16 1e-20
3523.69 5.6266567e-16 1e-20
3525.16 5.5218057e-16 1e-20
3526.63 5.4169562e-16 1e-20
3528.1 5.3121062e-16 1e-20
3529.57 5.2072563e-16 1e-20
3531.04 5.1024063e-16 1e-20
3532.51 4.9975558e-16 1e-20
3533.98 4.9975558e-16 1e-20
3535.45 6.0049691e-16 1e-20
3536.92 4.0406889e-16 1e-20
3538.39 4.1175002e-16 1e-20
3539.86 4.6139505e-16 1e-20
3541.33 6.1901464e-16 1e-20
3542.8 5.7449692e-16 1e-20
3544.27 4.3505134e-16 1e-20
3545.74 3.807745e-16 1e-20
3547.21 3.7586269e-16 1e-20
3548.68 4.174708e-16 1e-20
3550.15 4.6641689e-16 1e-20
3551.62 3.0726046e-16 1e-20
3553.09 4.8632937e-16 1e-20
3554.56 3.9248047e-16 1e-20
3556.03 3.6683396e-16 1e-20
3557.5 3.0927682e-16 1e-20
3558.97 4.4431431e-16 1e-20
3560.44 4.0083598e-16 1e-20
3561.91 1.9803693e-16 1e-20
3563.38 2.3002413e-16 1e-20
3564.85 4.3701866e-16 1e-20
3566.32 3.9991668e-16 1e-20
3567.79 3.8235507e-16 1e-20
3569.26 2.8388071e-16 1e-20
3570.73 3.0733158e-16 1e-20
3572.2 1.7324776e-16 1e-20
3573.67 2.9745097e-16 1e-20
3575.14 2.7270408e-16 1e-20
3576.61 4.0198418e-16 1e-20
3578.08 4.5621237e-16 1e-20
3579.55 2.9409828e-16 1e-20
3581.02 2.9698809e-16 1e-20
3582.49 3.0716771e-16 1e-20
3583.96 3.2994419e-16 1e-20
3585.43 3.9666511e-16 1e-20
3586.9 2.4264987e-16 1e-20
3588.37 2.1086047e-16 1e-20
3589.84 3.3553966e-16 1e-20
3591.31 3.777597e-16 1e-20
3592.78 2.5761779e-16 1e-20
3594.25 1.9937823e-16 1e-20
3595.72 2.7538791e-16 1e-20
3597.19 2.9792658e-16 1e-20
3598.66 2.7183947e-16 1e-20
3600.13 1.8195422e-16 1e-20
3601.6 2.1306276e-16 1e-20
3603.07 2.9351756e-16 1e-20
3604.54 3.5907487e-16 1e-20
3606.01 4.129661e-16 1e-20
3607.48 2.4787265e-16 1e-20
3608.95 2.2002214e-16 1e-20
3610.42 2.507338e-16 1e-20
3611.89 1.9272558e-16 1e-20
3613.36 2.4757402e-16 1e-20
3614.83 2.7992954e-16 1e-20
3616.3 1.9138769e-16 1e-20
3617.77 1.4186019e-16 1e-20
3619.24 2.2499961e-16 1e-20
3620.71 3.8768444e-16 1e-20
3622.18 3.3234015e-16 1e-20
3623.65 1.6147499e-16 1e-20
3625.12 1.2576383e-16 1e-20
3626.59 1.736874e-16 1e-20
3628.06 1.5229041e-16 1e-20
3629.53 2.5589554e-16 1e-20
3631.0 3.2700678e-16 1e-20
3632.47 1.5507376e-16 1e-20
3633.94 5.7033753e-17 1e-20
3635.41 7.6207978e-17 1e-20
3636.88 1.4880468e-16 1e-20
3638.35 1.8385701e-16 1e-20
3639.82 1.9859262e-16 1e-20
3641.29 1.8609081e-16 1e-20
3642.76 1.4469275e-16 1e-20
3644.23 8.7323968e-17 1e-20
3645.7 1.8603886e-16 1e-20
3647.17 1.5451952e-16 1e-20
3648.64 1.8150514e-16 1e-20
3650.11 8.6042533e-17 1e-20
3651.58 1.2392655e-16 1e-20
3653.05 1.4480775e-16 1e-20
3654.52 1.6132804e-16 1e-20
3655.99 2.1736111e-16 1e-20
3657.46 1.0156762e-16 1e-20
3658.93 7.6627226e-17 1e-20
3660.4 9.1717012e-17 1e-20
3661.87 1.2507241e-17 1e-20
3663.34 -3.2363623e-17 1e-20
3664.81 1.1194986e-16 1e-20
3666.28 1.2340453e-16 1e-20
3667.75 7.7768755e-17 1e-20
3669.22 1.3196072e-16 1e-20
3670.69 1.6690191e-16 1e-20
3672.16 1.7941536e-16 1e-20
3673.63 6.2833328e-17 1e-20
3675.1 2.9649091e-17 1e-20
3676.57 1.7031794e-16 1e-20
3678.04 1.3499172e-16 1e-20
3679.51 6.3736086e-17 1e-20
3680.98 1.1580509e-16 1e-20
3682.45 9.4892036e-17 1e-20
3683.92 1.4786925e-17 1e-20
3685.39 9.0529181e-17 1e-20
3686.86 1.0534172e-16 1e-20
3688.33 2.2472181e-17 1e-20
3689.8 6.9154397e-17 1e-20
3691.27 1.0101035e-16 1e-20
3692.74 8.1918508e-17 1e-20
3694.21 1.1630439e-16 1e-20
3695.68 1.3828591e-16 1e-20
3697.15 1.125779e-16 1e-20
3698.62 7.7276318e-17 1e-20
3700.09 1.1361987e-16 1e-20
3701.56 7.9027863e-17 1e-20
3703.03 8.6173704e-17 1e-20
3704.5 1.217307e-16 1e-20
3705.97 1.3308883e-16 1e-20
3707.44 1.3367728e-16 1e-20
3708.91 1.7738421e-16 1e-20
3710.38 1.7552023e-17 1e-20
3711.85 1.5854188e-16 1e-20
3713.32 1.7276091e-16 1e-20
3714.79 5.2222695e-17 1e-20
3716.26 1.1345723e-16 1e-20
3717.73 1.5350307e-16 1e-20
3719.2 1.2511186e-16 1e-20
3720.67 1.2245084e-16 1e-20
3722.14 8.9175417e-17 1e-20
3723.61 1.2631225e-16 1e-20
3725.08 1.7440336e-16 1e-20
3726.55 1.0656026e-16 1e-20
3728.02 1.4993494e-16 1e-20
3729.49 1.4526918e-16 1e-20
3730.96 1.427559e-16 1e-20
3732.43 1.1645947e-16 1e-20
3733.9 1.792048e-16 1e-20
3735.37 1.870317e-16 1e-20
3736.84 5.5737613e-17 1e-20
3738.31 7.3426189e-17 1e-20
3739.78 3.6759e-17 1e-20
3741.25 1.4946132e-16 1e-20
3742.72 1.2217021e-16 1e-20
3744.19 5.7326621e-17 1e-20
3745.66 1.2808451e-16 1e-20
3747.13 2.6248169e-16 1e-20
3748.6 2.0821604e-16 1e-20
3750.07 1.9664602e-16 1e-20
3751.54 2.5507945e-16 1e-20
3753.01 1.8777746e-16 1e-20
3754.48 2.2992397e-16 1e-20
3755.95 2.3743583e-16 1e-20
3757.42 1.8877667e-16 1e-20
3758.89 1.8637778e-16 1e-20
3760.36 1.6594291e-16 1e-20
3761.83 1.9053142e-16 1e-20
3763.3 2.3702023e-16 1e-20
3764.77 2.5650026e-16 1e-20
3766.24 2.335002e-16 1e-20
3767.71 1.911339e-16 1e-20
3769.18 2.2657568e-16 1e-20
3770.65 2.3509272e-16 1e-20
3772.12 2.2484426e-16 1e-20
3773.59 2.2387735e-16 1e-20
3775.06 2.7257123e-16 1e-20
3776.53 2.4753434e-16 1e-20
3778.0 1.9087938e-16 1e-20
3779.47 2.6349789e-16 1e-20
3780.94 3.1859159e-16 1e-20
3782.41 2.1657128e-16 1e-20
3783.88 3.0019462e-16 1e-20
3785.35 2.6336862e-16 1e-20
3786.82 2.7107024e-16 1e-20
3788.29 2.8501849e-16 1e-20
3789.76 2.8664437e-16 1e-20
3791.23 2.8655749e-16 1e-20
3792.7 3.3006291e-16 1e-20
3794.17 3.0217019e-16 1e-20
3795.64 2.5334165e-16 1e-20
3797.11 2.509572e-16 1e-20
3798.58 2.0195394e-16 1e-20
3800.05 2.7814132e-16 1e-20
3801.52 3.5863626e-16 1e-20
3802.99 3.2442579e-16 1e-20
3804.46 2.8236129e-16 1e-20
3805.93 3.3340511e-16 1e-20
3807.4 3.0042911e-16 1e-20
3808.87 3.7353576e-16 1e-20
3810.34 3.5730521e-16 1e-20
3811.81 3.1223985e-16 1e-20
3813.28 3.167025e-16 1e-20
3814.75 3.5738721e-16 1e-20
3816.22 3.5653798e-16 1e-20
3817.69 3.9869285e-16 1e-20
3819.16 4.4919047e-16 1e-20
3820.63 4.3039867e-16 1e-20
3822.1 3.446022e-16 1e-20
3823.57 3.9139526e-16 1e-20
3825.04 4.062064e-16 1e-20
3826.51 4.6895931e-16 1e-20
3827.98 4.5515697e-16 1e-20
3829.45 4.1315747e-16 1e-20
3830.92 4.7201472e-16 1e-20
3832.39 4.478359e-16 1e-20
3833.86 4.7015157e-16 1e-20
3835.33 4.0039864e-16 1e-20
3836.8 4.5072217e-16 1e-20
3838.27 4.3791625e-16 1e-20
3839.74 4.3164545e-16 1e-20
3841.21 4.7880157e-16 1e-20
3842.68 5.0612527e-16 1e-20
3844.15 4.5696247e-16 1e-20
3845.62 4.3664654e-16 1e-20
3847.09 4.5007996e-16 1e-20
3848.56 4.6658222e-16 1e-20
3850.03 4.7365722e-16 1e-20
3851.5 5.5891315e-16 1e-20
3852.97 5.0219038e-16 1e-20
3854.44 4.9207659e-16 1e-20
3855.91 5.8652373e-16 1e-20
3857.38 5.1902929e-16 1e-20
3858.85 5.6354219e-16 1e-20
3860.32 5.4112382e-16 1e-20
3861.79 4.5211824e-16 1e-20
3863.26 4.9680118e-16 1e-20
3864.73 5.7436457e-16 1e-20
3866.2 5.5088127e-16 1e-20
3867.67 5.5067491e-16 1e-20
3869.14 5.6815757e-16 1e-20
3870.61 6.0864421e-16 1e-20
3872.08 6.3807902e-16 1e-20
3873.55 5.7874675e-16 1e-20
3875.02 5.8269662e-16 1e-20
3876.49 6.4321771e-16 1e-20
3877.96 6.1591175e-16 1e-20
3879.43 6.529814e-16 1e-20
3880.9 6.7303052e-16 1e-20
3882.37 6.1380153e-16 1e-20
3883.84 5.9272332e-16 1e-20
3885.31 5.9094334e-16 1e-20
3886.78 6.6982349e-16 1e-20
3888.25 6.4974918e-16 1e-20
3889.72 7.7411739e-16 1e-20
3891.19 7.160123e-16 1e-20
3892.66 6.4860029e-16 1e-20
3894.13 6.2537597e-16 1e-20
3895.6 6.2515388e-16 1e-20
3897.07 7.0267857e-16 1e-20
3898.54 6.8905447e-16 1e-20
3900.01 6.3749161e-16 1e-20
3901.48 6.8166591e-16 1e-20
3902.95 6.9144713e-16 1e-20
3904.42 7.288989e-16 1e-20
3905.89 7.8279175e-16 1e-20
3907.36 7.7143568e-16 1e-20
3908.83 7.5889959e-16 1e-20
3910.3 6.8082375e-16 1e-20
3911.77 6.6762989e-16 1e-20
3913.24 7.4556597e-16 1e-20
3914.71 8.1775695e-16 1e-20
3916.18 8.096258e-16 1e-20
3917.65 8.0149466e-16 1e-20
3919.12 7.9336346e-16 1e-20
3920.59 7.8523231e-16 1e-20
3922.06 7.7710117e-16 1e-20
3923.53 7.6896997e-16 1e-20
3925.0 7.6083882e-16 1e-20
3926.47 7.5270768e-16 1e-20
3927.94 7.4457653e-16 1e-20
3929.41 7.3644533e-16 1e-20
3930.88 7.2831419e-16 1e-20
3932.35 7.2831419e-16 1e-20
3933.82 7.4772908e-16 1e-20
3935.29 7.3227073e-16 1e-20
3936.76 7.9980673e-16 1e-20
3938.23 7.9439027e-16 1e-20
3939.7 7.8806405e-16 1e-20
3941.17 8.1191247e-16 1e-20
3942.64 7.7306823e-16 1e-20
3944.11 8.6663557e-16 1e-20
3945.58 8.3676818e-16 1e-20
3947.05 7.7148899e-16 1e-20
3948.52 7.8842711e-16 1e-20
3949.99 7.5763799e-16 1e-20
3951.46 7.5983435e-16 1e-20
3952.93 7.6275915e-16 1e-20
3954.4 7.6404982e-16 1e-20
3955.87 7.4972739e-16 1e-20
3957.34 7.004837e-16 1e-20
3958.81 7.4408372e-16 1e-20
3960.28 8.1461387e-16 1e-20
3961.75 8.4579903e-16 1e-20
3963.22 7.7774586e-16 1e-20
3964.69 7.8971777e-16 1e-20
3966.16 8.2551196e-16 1e-20
3967.63 8.085164e-16 1e-20
3969.1 8.1202174e-16 1e-20
3970.57 8.6166406e-16 1e-20
3972.04 8.1685623e-16 1e-20
3973.51 7.4762161e-16 1e-20
3974.98 7.8698593e-16 1e-20
3976.45 7.9813336e-16 1e-20
3977.92 8.1585192e-16 1e-20
3979.39 8.2606523e-16 1e-20
3980.86 8.1164216e-16 1e-20
3982.33 7.9671866e-16 1e-20
3983.8 7.234276e-16 1e-20
3985.27 7.3600101e-16 1e-20
3986.74 8.0443227e-16 1e-20
3988.21 8.1558214e-16 1e-20
3989.68 7.7654509e-16 1e-20
3991.15 7.4928434e-16 1e-20
3992.62 6.7787274e-16 1e-20
3994.09 6.7004748e-16 1e-20
3995.56 7.0979498e-16 1e-20
3997.03 7.5476734e-16 1e-20
3998.5 7.5742936e-16 1e-20
3999.97 7.3258032e-16 1e-20
4001.44 7.3910491e-16 1e-20
4002.91 7.5662875e-16 1e-20
4004.38 7.8882659e-16 1e-20
4005.85 7.6943224e-16 1e-20
4007.32 7.1792279e-16 1e-20
4008.79 7.1014453e-16 1e-20
4010.26 7.3981123e-16 1e-20
4011.73 7.0730189e-16 1e-20
4013.2 7.256535e-16 1e-20
4014.67 6.3891161e-16 1e-20
4016.14 6.9870202e-16 1e-20
4017.61 7.2877206e-16 1e-20
4019.08 7.3612838e-16 1e-20
4020.55 7.4665531e-16 1e-20
4022.02 7.1529698e-16 1e-20
4023.49 6.7791361e-16 1e-20
4024.96 6.8551398e-16 1e-20
4026.43 7.2515941e-16 1e-20
4027.9 6.6034366e-16 1e-20
4029.37 6.4954002e-16 1e-20
4030.84 7.0007797e-16 1e-20
4032.31 6.9687836e-16 1e-20
4033.78 7.1007508e-16 1e-20
4035.25 7.085635e-16 1e-20
4036.72 7.2928388e-16 1e-20
4038.19 7.0139866e-16 1e-20
4039.66 7.0498674e-16 1e-20
4041.13 7.339487e-16 1e-20
4042.6 7.5939151e-16 1e-20
4044.07 7.5606076e-16 1e-20
4045.54 7.1628452e-16 1e-20
4047.01 7.3989641e-16 1e-20
4048.48 7.4401849e-16 1e-20
4049.95 7.0245633e-16 1e-20
4051.42 7.0307218e-16 1e-20
4052.89 7.2492335e-16 1e-20
4054.36 7.2466623e-16 1e-20
4055.83 6.9948272e-16 1e-20
4057.3 7.3243738e-16 1e-20
4058.77 7.606178e-16 1e-20
4060.24 7.2401327e-16 1e-20
4061.71 7.899775e-16 1e-20
4063.18 7.5024577e-16 1e-20
4064.65 7.741042e-16 1e-20
4066.12 7.3909231e-16 1e-20
4067.59 7.324089e-16 1e-20
4069.06 7.8029416e-16 1e-20
4070.53 7.4693901e-16 1e-20
4072.0 7.590095e-16 1e-20
4073.47 7.3412494e-16 1e-20
4074.94 8.3436568e-16 1e-20
4076.41 7.3315768e-16 1e-20
4077.88 7.599227e-16 1e-20
4079.35 8.0872721e-16 1e-20
4080.82 7.9827233e-16 1e-20
4082.29 8.0893875e-16 1e-20
4083.76 8.1613604e-16 1e-20
4085.23 8.4275977e-16 1e-20
4086.7 8.5080574e-16 1e-20
4088.17 8.1166101e-16 1e-20
4089.64 8.2299463e-16 1e-20
4091.11 8.4613377e-16 1e-20
4092.58 8.6928387e-16 1e-20
4094.05 9.0113411e-16 1e-20
4095.52 8.5860532e-16 1e-20
4096.99 8.4040751e-16 1e-20
4098.46 8.2767539e-16 1e-20
4099.93 8.8490834e-16 1e-20
4101.4 8.4195996e-16 1e-20
4102.87 8.4554042e-16 1e-20
4104.34 9.1449277e-16 1e-20
4105.81 8.6163421e-16 1e-20
4107.28 8.5825206e-16 1e-20
4108.75 9.0035399e-16 1e-20
4110.22 9.3724778e-16 1e-20
4111.69 9.5495892e-16 1e-20
4113.16 9.1612066e-16 1e-20
4114.63 8.6293525e-16 1e-20
4116.1 8.8635433e-16 1e-20
4117.57 9.054238e-16 1e-20
4119.04 8.8721185e-16 1e-20
4120.51 8.9305828e-16 1e-20
4121.98 9.0948267e-16 1e-20
4123.45 9.2943845e-16 1e-20
4124.92 9.1150285e-16 1e-20
4126.39 9.2083779e-16 1e-20
4127.86 9.2435975e-16 1e-20
4129.33 9.4353329e-16 1e-20
4130.8 9.4398211e-16 1e-20
4132.27 9.3939427e-16 1e-20
4133.74 9.5961104e-16 1e-20
4135.21 9.2507973e-16 1e-20
4136.68 8.6681043e-16 1e-20
4138.15 8.8364378e-16 1e-20
4139.62 9.2617981e-16 1e-20
4141.09 8.8840437e-16 1e-20
4142.56 8.8204341e-16 1e-20
4144.03 9.1847827e-16 1e-20
4145.5 9.3636104e-16 1e-20
4146.97 8.9828818e-16 1e-20
4148.44 8.7084146e-16 1e-20
4149.91 8.3431078e-16 1e-20
4151.38 8.4817189e-16 1e-20
4152.85 8.8320798e-16 1e-20
4154.32 8.1972688e-16 1e-20
4155.79 8.1881283e-16 1e-20
4157.26 8.9244418e-16 1e-20
4158.73 8.059519e-16 1e-20
4160.2 7.6934277e-16 1e-20
4161.67 8.0470237e-16 1e-20
4163.14 8.1867767e-16 1e-20
4164.61 8.0064709e-16 1e-20
4166.08 7.8707403e-16 1e-20
4167.55 8.2884101e-16 1e-20
4169.02 8.5971578e-16 1e-20
4170.49 8.4926673e-16 1e-20
4171.96 7.9250907e-16 1e-20
4173.43 7.830152e-16 1e-20
4174.9 8.6533712e-16 1e-20
4176.37 8.4414197e-16 1e-20
4177.84 7.7375772e-16 1e-20
4179.31 8.2547347e-16 1e-20
4180.78 8.0834848e-16 1e-20
4182.25 8.0908767e-16 1e-20
4183.72 8.0094361e-16 1e-20
4185.19 8.3912854e-16 1e-20
4186.66 8.4172803e-16 1e-20
4188.13 8.2599381e-16 1e-20
4189.6 8.3886702e-16 1e-20
4191.07 8.0992295e-16 1e-20
4192.54 7.2986997e-16 1e-20
4194.01 7.7029912e-16 1e-20
4195.48 7.7907311e-16 1e-20
4196.95 7.3937067e-16 1e-20
4198.42 7.4230357e-16 1e-20
4199.89 7.5352009e-16 1e-20
4201.36 7.1671963e-16 1e-20
4202.83 7.8171818e-16 1e-20
4204.3 8.4847878e-16 1e-20
4205.77 8.2646953e-16 1e-20
4207.24 7.7477098e-16 1e-20
4208.71 8.2186103e-16 1e-20
4210.18 7.4759493e-16 1e-20
4211.65 7.7088357e-16 1e-20
4213.12 8.1882638e-16 1e-20
4214.59 7.7290195e-16 1e-20
4216.06 7.1781749e-16 1e-20
4217.53 7.4291677e-16 1e-20
4219.0 7.3858287e-16 1e-20
4220.47 7.1888761e-16 1e-20
4221.94 6.9720457e-16 1e-20
4223.41 7.1370594e-16 1e-20
4224.88 7.0295905e-16 1e-20
4226.35 7.2587441e-16 1e-20
4227.82 7.266062e-16 1e-20
4229.29 7.2132341e-16 1e-20
4230.76 7.0131993e-16 1e-20
4232.23 7.0792399e-16 1e-20
4233.7 6.8792538e-16 1e-20
4235.17 6.4889712e-16 1e-20
4236.64 6.8084889e-16 1e-20
4238.11 6.4974087e-16 1e-20
4239.58 6.6356228e-16 1e-20
4241.05 6.4564133e-16 1e-20
4242.52 5.9867569e-16 1e-20
4243.99 6.1436184e-16 1e-20
4245.46 6.6008229e-16 1e-20
4246.93 6.3475326e-16 1e-20
4248.4 6.3196726e-16 1e-20
4249.87 6.3569457e-16 1e-20
4251.34 6.0577149e-16 1e-20
4252.81 5.7300641e-16 1e-20
4254.28 6.1590847e-16 1e-20
4255.75 6.321355e-16 1e-20
4257.22 6.2863815e-16 1e-20
4258.69 6.1199512e-16 1e-20
4260.16 6.0609157e-16 1e-20
4261.63 5.8857191e-16 1e-20
4263.1 5.761715e-16 1e-20
4264.57 5.9203982e-16 1e-20
4266.04 6.2311105e-16 1e-20
4267.51 5.9187237e-16 1e-20
4268.98 5.9305584e-16 1e-20
4270.45 5.6825185e-16 1e-20
4271.92 5.73842e-16 1e-20
4273.39 5.5154206e-16 1e-20
4274.86 5.7245573e-16 1e-20
4276.33 5.6711423e-16 1e-20
4277.8 4.8300423e-16 1e-20
4279.27 5.0607566e-16 1e-20
4280.74 5.1771331e-16 1e-20
4282.21 5.0286366e-16 1e-20
4283.68 5.0413289e-16 1e-20
4285.15 5.2968162e-16 1e-20
4286.62 5.3960377e-16 1e-20
4288.09 5.1027139e-16 1e-20
4289.56 5.1909858e-16 1e-20
4291.03 5.4196011e-16 1e-20
4292.5 5.4288327e-16 1e-20
4293.97 5.0076006e-16 1e-20
4295.44 4.9160188e-16 1e-20
4296.91 4.8445218e-16 1e-20
4298.38 4.7924611e-16 1e-20
4299.85 4.6958162e-16 1e-20
4301.32 4.446437e-16 1e-20
4302.79 4.691806e-16 1e-20
4304.26 4.7911175e-16 1e-20
4305.73 4.3117868e-16 1e-20
4307.2 4.2572781e-16 1e-20
4308.67 4.4347755e-16 1e-20
4310.14 4.271621e-16 1e-20
4311.61 4.1495496e-16 1e-20
4313.08 4.3128186e-16 1e-20
4314.55 4.2432198e-16 1e-20
4316.02 4.0465713e-16 1e-20
4317.49 4.0186033e-16 1e-20
4318.96 3.6972273e-16 1e-20
4320.43 3.6945542e-16 1e-20
4321.9 4.0870801e-16 1e-20
4323.37 4.0238933e-16 1e-20
4324.84 3.9142801e-16 1e-20
4326.31 3.8550317e-16 1e-20
4327.78 3.8275259e-16 1e-20
4329.25 3.8218577e-16 1e-20
4330.72 3.6463056e-16 1e-20
4332.19 3.7069174e-16 1e-20
4333.66 3.5571022e-16 1e-20
4335.13 3.7865814e-16 1e-20
4336.6 3.9720183e-16 1e-20
4338.07 3.6882287e-16 1e-20
4339.54 3.68832e-16 1e-20
4341.01 3.6611506e-16 1e-20
4342.48 3.4618716e-16 1e-20
4343.95 3.4624338e-16 1e-20
4345.42 3.5886327e-16 1e-20
4346.89 3.4138379e-16 1e-20
4348.36 3.5483346e-16 1e-20
4349.83 3.924914e-16 1e-20
4351.3 3.8548819e-16 1e-20
4352.77 3.4537649e-16 1e-20
4354.24 3.3438801e-16 1e-20
4355.71 3.369114e-16 1e-20
4357.18 3.4739908e-16 1e-20
4358.65 3.614333e-16 1e-20
4360.12 3.6575634e-16 1e-20
4361.59 3.9064217e-16 1e-20
4363.06 3.9855669e-16 1e-20
4364.53 3.8377612e-16 1e-20
4366.0 3.6279774e-16 1e-20
4367.47 3.6311418e-16 1e-20
4368.94 3.7373812e-16 1e-20
4370.41 3.8127867e-16 1e-20
4371.88 4.0031373e-16 1e-20
4373.35 4.1109166e-16 1e-20
4374.82 3.9531258e-16 1e-20
4376.29 4.0171078e-16 1e-20
4377.76 3.8469439e-16 1e-20
4379.23 3.6044783e-16 1e-20
4380.7 3.9913431e-16 1e-20
4382.17 4.3502138e-16 1e-20
4383.64 4.0553298e-16 1e-20
4385.11 3.748709e-16 1e-20
4386.58 3.9047007e-16 1e-20
4388.05 4.1207282e-16 1e-20
4389.52 4.2008713e-16 1e-20
4390.99 4.30483e-16 1e-20
4392.46 3.7511847e-16 1e-20
4393.93 4.2310662e-16 1e-20
4395.4 4.4313863e-16 1e-20
4396.87 4.1536489e-16 1e-20
4398.34 4.2096031e-16 1e-20
4399.81 4.1298836e-16 1e-20
4401.28 4.1945357e-16 1e-20
4402.75 4.4632697e-16 1e-20
4404.22 4.5193093e-16 1e-20
4405.69 4.6730887e-16 1e-20
4407.16 4.660109e-16 1e-20
4408.63 4.7647144e-16 1e-20
4410.1 5.0420123e-16 1e-20
4411.57 4.9439619e-16 1e-20
4413.04 4.7487282e-16 1e-20
4414.51 4.9451774e-16 1e-20
4415.98 5.014633e-16 1e-20
4417.45 4.9100986e-16 1e-20
4418.92 4.7706272e-16 1e-20
4420.39 4.654184e-16 1e-20
4421.86 4.793972e-16 1e-20
4423.33 4.6854067e-16 1e-20
4424.8 4.3774578e-16 1e-20
4426.27 4.6300298e-16 1e-20
4427.74 4.6776367e-16 1e-20
4429.21 4.7649579e-16 1e-20
4430.68 5.2659874e-16 1e-20
4432.15 5.2491601e-16 1e-20
4433.62 5.0884567e-16 1e-20
4435.09 4.9993033e-16 1e-20
4436.56 4.7872301e-16 1e-20
4438.03 4.7579805e-16 1e-20
4439.5 4.8255186e-16 1e-20
4440.97 4.6807131e-16 1e-20
4442.44 5.0001827e-16 1e-20
4443.91 5.0876716e-16 1e-20
4445.38 4.5412454e-16 1e-20
4446.85 4.4497521e-16 1e-20
4448.32 4.6578982e-16 1e-20
4449.79 4.8269681e-16 1e-20
4451.26 4.7925691e-16 1e-20
4452.73 4.9213419e-16 1e-20
4454.2 4.4477419e-16 1e-20
4455.67 4.9038761e-16 1e-20
4457.14 5.2077031e-16 1e-20
4458.61 4.9838619e-16 1e-20
4460.08 4.8371129e-16 1e-20
4461.55 4.8107051e-16 1e-20
4463.02 4.9532343e-16 1e-20
4464.49 5.34858e-16 1e-20
4465.96 5.3647261e-16 1e-20
4467.43 5.0276482e-16 1e-20
4468.9 5.1384105e-16 1e-20
4470.37 4.954904e-16 1e-20
4471.84 5.2679097e-16 1e-20
4473.31 5.3089452e-16 1e-20
4474.78 5.1695453e-16 1e-20
4476.25 5.2467735e-16 1e-20
4477.72 5.3776841e-16 1e-20
4479.19 5.5554779e-16 1e-20
4480.66 5.5856831e-16 1e-20
4482.13 5.534607e-16 1e-20
4483.6 5.5015923e-16 1e-20
4485.07 5.6758481e-16 1e-20
4486.54 5.7123844e-16 1e-20
4488.01 5.4595069e-16 1e-20
4489.48 5.611912e-16 1e-20
4490.95 5.6358761e-16 1e-20
4492.42 5.7027954e-16 1e-20
4493.89 5.9140402e-16 1e-20
4495.36 5.9849469e-16 1e-20
4496.83 6.1081875e-16 1e-20
4498.3 6.4454294e-16 1e-20
4499.77 6.0140308e-16 1e-20
4501.24 6.1592202e-16 1e-20
4502.71 6.161359e-16 1e-20
4504.18 5.8134163e-16 1e-20
4505.65 5.7337307e-16 1e-20
4507.12 6.4436459e-16 1e-20
4508.59 6.610639e-16 1e-20
4510.06 6.2994338e-16 1e-20
4511.53 6.2652761e-16 1e-20
4513.0 6.2726496e-16 1e-20
4514.47 6.2994306e-16 1e-20
4515.94 6.231435e-16 1e-20
4517.41 6.596682e-16 1e-20
4518.88 6.652303e-16 1e-20
4520.35 6.8317252e-16 1e-20
4521.82 6.8038334e-16 1e-20
4523.29 6.3440814e-16 1e-20
4524.76 6.2615465e-16 1e-20
4526.23 6.5037133e-16 1e-20
4527.7 6.6351267e-16 1e-20
4529.17 6.6855051e-16 1e-20
4530.64 6.5221786e-16 1e-20
4532.11 6.5182139e-16 1e-20
4533.58 6.6246616e-16 1e-20
4535.05 6.7198094e-16 1e-20
4536.52 6.5215004e-16 1e-20
4537.99 6.5363966e-16 1e-20
4539.46 7.0036649e-16 1e-20
4540.93 6.8490301e-16 1e-20
4542.4 6.7303173e-16 1e-20
4543.87 6.9040597e-16 1e-20
4545.34 6.8840411e-16 1e-20
4546.81 6.7881734e-16 1e-20
4548.28 7.0327049e-16 1e-20
4549.75 7.0518463e-16 1e-20
4551.22 6.7780275e-16 1e-20
4552.69 6.9058824e-16 1e-20
4554.16 6.9114728e-16 1e-20
4555.63 6.9308852e-16 1e-20
4557.1 7.124833e-16 1e-20
4558.57 7.228919e-16 1e-20
4560.04 6.849506e-16 1e-20
4561.51 6.7340258e-16 1e-20
4562.98 6.7126938e-16 1e-20
4564.45 6.7804315e-16 1e-20
4565.92 6.656329e-16 1e-20
4567.39 6.5057218e-16 1e-20
4568.86 6.4931656e-16 1e-20
4570.33 6.540907e-16 1e-20
4571.8 6.7241531e-16 1e-20
4573.27 6.8008773e-16 1e-20
4574.74 6.9284664e-16 1e-20
4576.21 6.6950051e-16 1e-20
4577.68 6.7213859e-16 1e-20
4579.15 6.9827294e-16 1e-20
4580.62 6.7828032e-16 1e-20
4582.09 6.3670958e-16 1e-20
4583.56 6.1896747e-16 1e-20
4585.03 6.2536104e-16 1e-20
4586.5 6.3533877e-16 1e-20
4587.97 6.4924085e-16 1e-20
4589.44 6.3052942e-16 1e-20
4590.91 5.8843749e-16 1e-20
4592.38 5.8163778e-16 1e-20
4593.85 6.2343864e-16 1e-20
4595.32 6.5697781e-16 1e-20
4596.79 6.0418955e-16 1e-20
4598.26 5.912614e-16 1e-20
4599.73 6.2106335e-16 1e-20
4601.2 5.8934498e-16 1e-20
4602.67 6.0677978e-16 1e-20
4604.14 6.2944617e-16 1e-20
4605.61 5.8756955e-16 1e-20
4607.08 5.9187735e-16 1e-20
4608.55 5.9856001e-16 1e-20
4610.02 5.8686424e-16 1e-20
4611.49 6.0475045e-16 1e-20
4612.96 6.0088951e-16 1e-20
4614.43 5.797336e-16 1e-20
4615.9 5.9713753e-16 1e-20
4617.37 5.6507802e-16 1e-20
4618.84 5.6925776e-16 1e-20
4620.31 5.9295853e-16 1e-20
4621.78 5.79061e-16 1e-20
4623.25 5.6124641e-16 1e-20
4624.72 5.7552559e-16 1e-20
4626.19 5.7328868e-16 1e-20
4627.66 5.4836542e-16 1e-20
4629.13 5.5536398e-16 1e-20
4630.6 5.6736511e-16 1e-20
4632.07 5.4262482e-16 1e-20
4633.54 5.3159989e-16 1e-20
4635.01 5.4672059e-16 1e-20
4636.48 5.5384022e-16 1e-20
4637.95 5.734466e-16 1e-20
4639.42 5.8444749e-16 1e-20
4640.89 5.5292527e-16 1e-20
4642.36 5.2384689e-16 1e-20
4643.83 5.2632118e-16 1e-20
4645.3 5.3010482e-16 1e-20
4646.77 5.2143761e-16 1e-20
4648.24 5.1823366e-16 1e-20
4649.71 5.3293603e-16 1e-20
4651.18 5.4019913e-16 1e-20
4652.65 5.3488807e-16 1e-20
4654.12 5.2614547e-16 1e-20
4655.59 5.0250304e-16 1e-20
4657.06 4.9345519e-16 1e-20
4658.53 5.0777031e-16 1e-20
4660.0 4.9234828e-16 1e-20
4661.47 4.8575963e-16 1e-20
4662.94 4.9888128e-16 1e-20
4664.41 4.9019544e-16 1e-20
4665.88 4.8282884e-16 1e-20
4667.35 4.8467665e-16 1e-20
4668.82 4.7155372e-16 1e-20
4670.29 4.6672373e-16 1e-20
4671.76 4.5547137e-16 1e-20
4673.23 4.4984522e-16 1e-20
4674.7 4.7418429e-16 1e-20
4676.17 4.7112618e-16 1e-20
4677.64 4.483636e-16 1e-20
4679.11 4.4385082e-16 1e-20
4680.58 4.5368419e-16 1e-20
4682.05 4.6712051e-16 1e-20
4683.52 4.5483695e-16 1e-20
4684.99 4.3852187e-16 1e-20
4686.46 4.2711049e-16 1e-20
4687.93 4.2050474e-16 1e-20
4689.4 4.2125143e-16 1e-20
4690.87 4.2285666e-16 1e-20
4692.34 4.3623017e-16 1e-20
4693.81 4.3834969e-16 1e-20
4695.28 4.4463163e-16 1e-20
4696.75 4.5063688e-16 1e-20
4698.22 4.2334455e-16 1e-20
4699.69 4.2703849e-16 1e-20
4701.16 4.3376473e-16 1e-20
4702.63 4.213207e-16 1e-20
4704.1 4.3241275e-16 1e-20
4705.57 4.4458144e-16 1e-20
4707.04 3.9683104e-16 1e-20
4708.51 3.8139363e-16 1e-20
4709.98 4.0592098e-16 1e-20
4711.45 3.893005e-16 1e-20
4712.92 3.9609585e-16 1e-20
4714.39 4.0942801e-16 1e-20
4715.86 3.9937267e-16 1e-20
4717.33 3.9820247e-16 1e-20
4718.8 4.0806098e-16 1e-20
4720.27 4.03513e-16 1e-20
4721.74 3.9456642e-16 1e-20
4723.21 3.9760343e-16 1e-20
4724.68 3.9056417e-16 1e-20
4726.15 3.8841789e-16 1e-20
4727.62 4.1688444e-16 1e-20
4729.09 4.2107241e-16 1e-20
4730.56 3.9828786e-16 1e-20
4732.03 3.7785679e-16 1e-20
4733.5 3.7548933e-16 1e-20
4734.97 3.9698637e-16 1e-20
4736.44 4.1236261e-16 1e-20
4737.91 4.0814058e-16 1e-20
4739.38 3.8090563e-16 1e-20
4740.85 3.7130219e-16 1e-20
4742.32 3.8488312e-16 1e-20
4743.79 3.8847083e-16 1e-20
4745.26 3.8952517e-16 1e-20
4746.73 3.823574e-16 1e-20
4748.2 3.6586908e-16 1e-20
4749.67 3.6952606e-16 1e-20
4751.14 3.8561733e-16 1e-20
4752.61 3.9175054e-16 1e-20
4754.08 3.8748814e-16 1e-20
4755.55 3.9310616e-16 1e-20
4757.02 4.0495301e-16 1e-20
4758.49 3.8077575e-16 1e-20
4759.96 3.6672892e-16 1e-20
4761.43 3.8306469e-16 1e-20
4762.9 3.747552e-16 1e-20
4764.37 3.8425642e-16 1e-20
4765.84 3.9060562e-16 1e-20
4767.31 3.6984762e-16 1e-20
4768.78 3.6002677e-16 1e-20
4770.25 3.4703776e-16 1e-20
4771.72 3.7415796e-16 1e-20
4773.19 4.0220113e-16 1e-20
4774.66 3.8781973e-16 1e-20
4776.13 3.7713464e-16 1e-20
4777.6 3.4767471e-16 1e-20
4779.07 3.2756405e-16 1e-20
4780.54 3.3631467e-16 1e-20
4782.01 3.4552761e-16 1e-20
4783.48 3.5293293e-16 1e-20
4784.95 3.4835715e-16 1e-20
4786.42 3.3005938e-16 1e-20
4787.89 3.1783527e-16 1e-20
4789.36 3.2911116e-16 1e-20
4790.83 3.2362985e-16 1e-20
4792.3 3.1803475e-16 1e-20
4793.77 3.2715999e-16 1e-20
4795.24 3.087631e-16 1e-20
4796.71 3.2205026e-16 1e-20
4798.18 3.3885116e-16 1e-20
4799.65 3.2462212e-16 1e-20
4801.12 3.3603928e-16 1e-20
4802.59 3.3822592e-16 1e-20
4804.06 3.3223721e-16 1e-20
4805.53 3.4141113e-16 1e-20
4807.0 3.296738e-16 1e-20
4808.47 3.2446613e-16 1e-20
4809.94 3.439107e-16 1e-20
4811.41 3.5294349e-16 1e-20
4812.88 3.4605256e-16 1e-20
4814.35 3.5157307e-16 1e-20
4815.82 3.5433551e-16 1e-20
4817.29 3.372008e-16 1e-20
4818.76 3.3322829e-16 1e-20
4820.23 3.4133855e-16 1e-20
4821.7 3.3908079e-16 1e-20
4823.17 3.3573882e-16 1e-20
4824.64 3.4662634e-16 1e-20
4826.11 3.5592004e-16 1e-20
4827.58 3.5552956e-16 1e-20
4829.05 3.3857649e-16 1e-20
4830.52 3.3158518e-16 1e-20
4831.99 3.4578667e-16 1e-20
4833.46 3.4416246e-16 1e-20
4834.93 3.2857544e-16 1e-20
4836.4 3.4207661e-16 1e-20
4837.87 3.6159609e-16 1e-20
4839.34 3.5482282e-16 1e-20
4840.81 3.5723276e-16 1e-20
4842.28 3.521314e-16 1e-20
4843.75 3.3660467e-16 1e-20
4845.22 3.4002073e-16 1e-20
4846.69 3.5106525e-16 1e-20
4848.16 3.4791574e-16 1e-20
4849.63 3.3319282e-16 1e-20
4851.1 3.4855279e-16 1e-20
4852.57 3.6559025e-16 1e-20
4854.04 3.4712043e-16 1e-20
4855.51 3.3488072e-16 1e-20
4856.98 3.4309676e-16 1e-20
4858.45 3.4600399e-16 1e-20
4859.92 3.2054578e-16 1e-20
4861.39 3.0041056e-16 1e-20
4862.86 3.1092446e-16 1e-20
4864.33 3.2823016e-16 1e-20
4865.8 3.2930603e-16 1e-20
4867.27 3.2611862e-16 1e-20
4868.74 3.318696e-16 1e-20
4870.21 3.1444687e-16 1e-20
4871.68 3.0912092e-16 1e-20
4873.15 2.9951543e-16 1e-20
4874.62 2.5713737e-16 1e-20
4876.09 2.652287e-16 1e-20
4877.56 2.8036666e-16 1e-20
4879.03 2.7451133e-16 1e-20
4880.5 2.8028651e-16 1e-20
4881.97 2.7090139e-16 1e-20
4883.44 2.7069389e-16 1e-20
4884.91 2.7530193e-16 1e-20
4886.38 2.7698787e-16 1e-20
4887.85 2.7121913e-16 1e-20
4889.32 2.6371145e-16 1e-20
4890.79 2.7104504e-16 1e-20
4892.26 2.6999204e-16 1e-20
4893.73 2.6749846e-16 1e-20
4895.2 2.5544547e-16 1e-20
4896.67 2.5042548e-16 1e-20
4898.14 2.596116e-16 1e-20
4899.61 2.3774052e-16 1e-20
4901.08 2.2187534e-16 1e-20
4902.55 2.3317335e-16 1e-20
4904.02 2.3928456e-16 1e-20
4905.49 2.5692116e-16 1e-20
4906.96 2.7892745e-16 1e-20
4908.43 2.7235646e-16 1e-20
4909.9 2.6588121e-16 1e-20
4911.37 2.6848718e-16 1e-20
4912.84 2.51624e-16 1e-20
4914.31 2.4268627e-16 1e-20
4915.78 2.3168133e-16 1e-20
4917.25 2.3130953e-16 1e-20
4918.72 2.5422423e-16 1e-20
4920.19 2.4788663e-16 1e-20
4921.66 2.4288098e-16 1e-20
4923.13 2.6774081e-16 1e-20
4924.6 2.7735866e-16 1e-20
4926.07 2.6442291e-16 1e-20
4927.54 2.638744e-16 1e-20
4929.01 2.6202909e-16 1e-20
4930.48 2.6764968e-16 1e-20
4931.95 2.7501715e-16 1e-20
4933.42 2.7427096e-16 1e-20
4934.89 2.8874289e-16 1e-20
4936.36 2.7540485e-16 1e-20
4937.83 2.6099626e-16 1e-20
4939.3 2.7402199e-16 1e-20
4940.77 2.5821172e-16 1e-20
4942.24 2.5878752e-16 1e-20
4943.71 2.8554725e-16 1e-20
4945.18 2.8111674e-16 1e-20
4946.65 2.8927067e-16 1e-20
4948.12 3.069172e-16 1e-20
4949.59 2.9579399e-16 1e-20
4951.06 2.8325181e-16 1e-20
4952.53 2.861155e-16 1e-20
4954.0 2.9513008e-16 1e-20
4955.47 3.0572794e-16 1e-20
4956.94 3.0639948e-16 1e-20
4958.41 3.0836894e-16 1e-20
4959.88 3.1619277e-16 1e-20
4961.35 3.0566846e-16 1e-20
4962.82 2.8201525e-16 1e-20
4964.29 2.8022987e-16 1e-20
4965.76 2.8904886e-16 1e-20
4967.23 2.916786e-16 1e-20
4968.7 3.0945796e-16 1e-20
4970.17 3.2773071e-16 1e-20
4971.64 3.1840911e-16 1e-20
4973.11 2.9078239e-16 1e-20
4974.58 3.0013109e-16 1e-20
4976.05 3.1398865e-16 1e-20
4977.52 3.2458091e-16 1e-20
4978.99 3.5022078e-16 1e-20
4980.46 3.309534e-16 1e-20
4981.93 3.1736363e-16 1e-20
4983.4 3.3620461e-16 1e-20
4984.87 3.230652e-16 1e-20
4986.34 3.3344378e-16 1e-20
4987.81 3.5586308e-16 1e-20
4989.28 3.3029261e-16 1e-20
4990.75 3.1700767e-16 1e-20
4992.22 3.3064344e-16 1e-20
4993.69 3.434821e-16 1e-20
4995.16 3.3828201e-16 1e-20
4996.63 3.1464622e-16 1e-20
4998.1 3.1224247e-16 1e-20
4999.57 3.4034713e-16 1e-20
5001.04 3.5355595e-16 1e-20
5002.51 3.539603e-16 1e-20
5003.98 3.5527778e-16 1e-20
5005.45 3.4852709e-16 1e-20
5006.92 3.4970155e-16 1e-20
5008.39 3.5517733e-16 1e-20
5009.86 3.5033005e-16 1e-20
5011.33 3.462744e-16 1e-20
5012.8 3.5158268e-16 1e-20
5014.27 3.406586e-16 1e-20
5015.74 3.380946e-16 1e-20
5017.21 3.4630812e-16 1e-20
5018.68 3.3522388e-16 1e-20
5020.15 3.4185842e-16 1e-20
5021.62 3.5719835e-16 1e-20
5023.09 3.4612024e-16 1e-20
5024.56 3.3781111e-16 1e-20
5026.03 3.3234034e-16 1e-20
5027.5 3.2621057e-16 1e-20
5028.97 3.5605146e-16 1e-20
5030.44 3.812926e-16 1e-20
5031.91 3.5890882e-16 1e-20
5033.38 3.4790266e-16 1e-20
5034.85 3.4922422e-16 1e-20
5036.32 3.3207553e-16 1e-20
5037.79 3.3644411e-16 1e-20
5039.26 3.6228171e-16 1e-20
5040.73 3.538455e-16 1e-20
5042.2 3.5999104e-16 1e-20
5043.67 3.785954e-16 1e-20
5045.14 3.4999063e-16 1e-20
5046.61 3.5214709e-16 1e-20
5048.08 3.823778e-16 1e-20
5049.55 3.7589115e-16 1e-20
5051.02 3.7593088e-16 1e-20
5052.49 3.8054546e-16 1e-20
5053.96 3.5789233e-16 1e-20
5055.43 3.7536808e-16 1e-20
5056.9 4.0397249e-16 1e-20
5058.37 3.6868311e-16 1e-20
5059.84 3.6298244e-16 1e-20
5061.31 3.9384237e-16 1e-20
5062.78 4.0124446e-16 1e-20
5064.25 4.0335545e-16 1e-20
5065.72 4.009318e-16 1e-20
5067.19 4.1308431e-16 1e-20
5068.66 4.0597784e-16 1e-20
5070.13 3.8211994e-16 1e-20
5071.6 3.7967212e-16 1e-20
5073.07 3.7201015e-16 1e-20
5074.54 3.6795095e-16 1e-20
5076.01 3.7411674e-16 1e-20
5077.48 3.8551971e-16 1e-20
5078.95 3.9993706e-16 1e-20
5080.42 4.0653299e-16 1e-20
5081.89 4.1628977e-16 1e-20
5083.36 4.1931477e-16 1e-20
5084.83 4.1571435e-16 1e-20
5086.3 3.9633148e-16 1e-20
5087.77 3.8841387e-16 1e-20
5089.24 4.3204157e-16 1e-20
5090.71 4.441692e-16 1e-20
5092.18 4.1658936e-16 1e-20
5093.65 4.3411704e-16 1e-20
5095.12 4.2800694e-16 1e-20
5096.59 4.0505542e-16 1e-20
5098.06 4.1831154e-16 1e-20
5099.53 4.306923e-16 1e-20
5101.0 4.2721383e-16 1e-20
5102.47 4.1355979e-16 1e-20
5103.94 4.0316092e-16 1e-20
5105.41 4.2355112e-16 1e-20
5106.88 4.6238607e-16 1e-20
5108.35 4.4339986e-16 1e-20
5109.82 4.1558679e-16 1e-20
5111.29 4.3197897e-16 1e-20
5112.76 4.4877341e-16 1e-20
5114.23 4.4005191e-16 1e-20
5115.7 4.343307e-16 1e-20
5117.17 4.4439123e-16 1e-20
5118.64 4.5735909e-16 1e-20
5120.11 4.5279036e-16 1e-20
5121.58 4.639102e-16 1e-20
5123.05 4.8114976e-16 1e-20
5124.52 4.6803033e-16 1e-20
5125.99 4.4885568e-16 1e-20
5127.46 4.6305512e-16 1e-20
5128.93 4.705546e-16 1e-20
5130.4 4.71836e-16 1e-20
5131.87 4.7333922e-16 1e-20
5133.34 4.9343322e-16 1e-20
5134.81 4.882921e-16 1e-20
5136.28 4.8336343e-16 1e-20
5137.75 5.1276251e-16 1e-20
5139.22 4.9361295e-16 1e-20
5140.69 4.6052721e-16 1e-20
5142.16 4.586433e-16 1e-20
5143.63 4.6048549e-16 1e-20
5145.1 4.9224213e-16 1e-20
5146.57 5.0154605e-16 1e-20
5148.04 4.868667e-16 1e-20
5149.51 4.6799836e-16 1e-20
5150.98 4.6242356e-16 1e-20
5152.45 4.8304738e-16 1e-20
5153.92 4.9214674e-16 1e-20
5155.39 4.8212009e-16 1e-20
5156.86 4.6307127e-16 1e-20
5158.33 4.6729871e-16 1e-20
5159.8 4.7079875e-16 1e-20
5161.27 4.8540838e-16 1e-20
5162.74 4.8449056e-16 1e-20
5164.21 4.8578494e-16 1e-20
5165.68 4.8486511e-16 1e-20
5167.15 4.5576572e-16 1e-20
5168.62 4.4183859e-16 1e-20
5170.09 4.561211e-16 1e-20
5171.56 4.5530779e-16 1e-20
5173.03 4.5083159e-16 1e-20
5174.5 4.6615945e-16 1e-20
5175.97 4.6335746e-16 1e-20
5177.44 4.5739541e-16 1e-20
5178.91 4.6851838e-16 1e-20
5180.38 4.6931274e-16 1e-20
5181.85 4.6842743e-16 1e-20
5183.32 4.6978904e-16 1e-20
5184.79 4.7100479e-16 1e-20
5186.26 4.761132e-16 1e-20
5187.73 4.666314e-16 1e-20
5189.2 4.518771e-16 1e-20
5190.67 4.5268019e-16 1e-20
5192.14 4.616409e-16 1e-20
5193.61 4.5481037e-16 1e-20
5195.08 4.4573473e-16 1e-20
5196.55 4.4951726e-16 1e-20
5198.02 4.5309566e-16 1e-20
5199.49 4.5242126e-16 1e-20
5200.96 4.4455031e-16 1e-20
5202.43 4.3577439e-16 1e-20
5203.9 4.3600357e-16 1e-20
5205.37 4.5068357e-16 1e-20
5206.84 4.4380445e-16 1e-20
5208.31 4.3574451e-16 1e-20
5209.78 4.4599678e-16 1e-20
5211.25 4.3797776e-16 1e-20
5212.72 4.4902196e-16 1e-20
5214.19 4.5377715e-16 1e-20
5215.66 4.570629e-16 1e-20
5217.13 4.5417811e-16 1e-20
5218.6 4.4406946e-16 1e-20
5220.07 4.2507949e-16 1e-20
5221.54 4.5443492e-16 1e-20
5223.01 4.6882437e-16 1e-20
5224.48 4.650825e-16 1e-20
5225.95 4.5151848e-16 1e-20
5227.42 4.4238731e-16 1e-20
5228.89 4.2270793e-16 1e-20
5230.36 4.4491057e-16 1e-20
5231.83 4.7227047e-16 1e-20
5233.3 4.5795064e-16 1e-20
5234.77 4.4967672e-16 1e-20
5236.24 4.7370868e-16 1e-20
5237.71 4.7582113e-16 1e-20
5239.18 4.4298489e-16 1e-20
5240.65 4.5489544e-16 1e-20
5242.12 4.5569086e-16 1e-20
5243.59 4.206895e-16 1e-20
5245.06 4.419148e-16 1e-20
5246.53 4.6450122e-16 1e-20
5248.0 4.5313912e-16 1e-20
5249.47 4.2506408e-16 1e-20
5250.94 4.2923162e-16 1e-20
5252.41 4.4643973e-16 1e-20
5253.88 4.3124549e-16 1e-20
5255.35 4.4140184e-16 1e-20
5256.82 4.586911e-16 1e-20
5258.29 4.2275467e-16 1e-20
5259.76 4.0575824e-16 1e-20
5261.23 4.127509e-16 1e-20
5262.7 4.1875437e-16 1e-20
5264.17 4.3661647e-16 1e-20
5265.64 4.3162591e-16 1e-20
5267.11 4.1128447e-16 1e-20
5268.58 3.9744874e-16 1e-20
5270.05 4.0015337e-16 1e-20
5271.52 4.0657571e-16 1e-20
5272.99 4.2331348e-16 1e-20
5274.46 4.2573509e-16 1e-20
5275.93 4.0030962e-16 1e-20
5277.4 3.8627e-16 1e-20
5278.87 3.9098787e-16 1e-20
5280.34 3.8815748e-16 1e-20
5281.81 3.8069353e-16 1e-20
5283.28 3.802567e-16 1e-20
5284.75 3.6223621e-16 1e-20
5286.22 3.65444e-16 1e-20
5287.69 3.7599433e-16 1e-20
5289.16 3.9356327e-16 1e-20
5290.63 3.8012568e-16 1e-20
5292.1 3.6503515e-16 1e-20
5293.57 3.7687233e-16 1e-20
5295.04 3.6310042e-16 1e-20
5296.51 3.3969613e-16 1e-20
5297.98 3.5983185e-16 1e-20
5299.45 3.3998391e-16 1e-20
5300.92 3.1823761e-16 1e-20
5302.39 3.3758945e-16 1e-20
5303.86 3.7605335e-16 1e-20
5305.33 3.7064169e-16 1e-20
5306.8 3.4275935e-16 1e-20
5308.27 3.3303332e-16 1e-20
5309.74 3.5617039e-16 1e-20
5311.21 3.7068666e-16 1e-20
5312.68 3.5386728e-16 1e-20
5314.15 3.388667e-16 1e-20
5315.62 3.4110094e-16 1e-20
5317.09 3.5363186e-16 1e-20
5318.56 3.4893935e-16 1e-20
5320.03 3.3168511e-16 1e-20
5321.5 3.3078548e-16 1e-20
5322.97 3.2489198e-16 1e-20
5324.44 3.2704776e-16 1e-20
5325.91 3.3602586e-16 1e-20
5327.38 3.3866958e-16 1e-20
5328.85 3.4035854e-16 1e-20
5330.32 3.5780061e-16 1e-20
5331.79 3.4823226e-16 1e-20
5333.26 3.3500021e-16 1e-20
5334.73 3.4482992e-16 1e-20
5336.2 3.3563217e-16 1e-20
5337.67 3.2054887e-16 1e-20
5339.14 3.2971006e-16 1e-20
5340.61 3.4648534e-16 1e-20
5342.08 3.2920441e-16 1e-20
5343.55 3.1705772e-16 1e-20
5345.02 3.2456254e-16 1e-20
5346.49 3.4171379e-16 1e-20
5347.96 3.3691876e-16 1e-20
5349.43 3.3656319e-16 1e-20
5350.9 3.3908902e-16 1e-20
5352.37 3.3595357e-16 1e-20
5353.84 3.3352777e-16 1e-20
5355.31 3.3170935e-16 1e-20
5356.78 3.4558886e-16 1e-20
5358.25 3.5473753e-16 1e-20
5359.72 3.3215743e-16 1e-20
5361.19 3.3168238e-16 1e-20
5362.66 3.3781522e-16 1e-20
5364.13 3.3059217e-16 1e-20
5365.6 3.431088e-16 1e-20
5367.07 3.4415454e-16 1e-20
5368.54 3.3302366e-16 1e-20
5370.01 3.2452813e-16 1e-20
5371.48 3.3450469e-16 1e-20
5372.95 3.484706e-16 1e-20
5374.42 3.3483223e-16 1e-20
5375.89 3.2479965e-16 1e-20
5377.36 3.2329297e-16 1e-20
5378.83 3.203657e-16 1e-20
5380.3 3.2585363e-16 1e-20
5381.77 3.2132835e-16 1e-20
5383.24 3.3676426e-16 1e-20
5384.71 3.382193e-16 1e-20
5386.18 3.2614967e-16 1e-20
5387.65 3.3164545e-16 1e-20
5389.12 3.4332741e-16 1e-20
5390.59 3.4541352e-16 1e-20
5392.06 3.4289437e-16 1e-20
5393.53 3.4485567e-16 1e-20
5395.0 3.5896798e-16 1e-20
5396.47 3.5069001e-16 1e-20
5397.94 3.3055156e-16 1e-20
5399.41 3.4724608e-16 1e-20
5400.88 3.5226208e-16 1e-20
5402.35 3.5295341e-16 1e-20
5403.82 3.7404488e-16 1e-20
5405.29 3.6836404e-16 1e-20
5406.76 3.4147697e-16 1e-20
5408.23 3.3166835e-16 1e-20
5409.7 3.6477283e-16 1e-20
5411.17 3.6714651e-16 1e-20
5412.64 3.3252245e-16 1e-20
5414.11 3.2399749e-16 1e-20
5415.58 3.4286544e-16 1e-20
5417.05 3.5909226e-16 1e-20
5418.52 3.4809817e-16 1e-20
5419.99 3.4171641e-16 1e-20
5421.46 3.3590214e-16 1e-20
5422.93 3.4277933e-16 1e-20
5424.4 3.3755126e-16 1e-20
5425.87 3.244983e-16 1e-20
5427.34 3.3875108e-16 1e-20
5428.81 3.3487233e-16 1e-20
5430.28 3.1016944e-16 1e-20
5431.75 3.1019093e-16 1e-20
5433.22 3.2919067e-16 1e-20
5434.69 3.3947725e-16 1e-20
5436.16 3.3127083e-16 1e-20
5437.63 3.2365322e-16 1e-20
5439.1 3.2565627e-16 1e-20
5440.57 3.2015164e-16 1e-20
5442.04 3.3019496e-16 1e-20
5443.51 3.1882871e-16 1e-20
5444.98 3.0715403e-16 1e-20
5446.45 3.1270016e-16 1e-20
5447.92 3.1185456e-16 1e-20
5449.39 3.0288426e-16 1e-20
5450.86 2.9139821e-16 1e-20
5452.33 2.9996377e-16 1e-20
5453.8 3.2039754e-16 1e-20
5455.27 3.0420527e-16 1e-20
5456.74 2.9752376e-16 1e-20
5458.21 3.1333197e-16 1e-20
5459.68 3.0748093e-16 1e-20
5461.15 2.955096e-16 1e-20
5462.62 2.7874409e-16 1e-20
5464.09 2.7815474e-16 1e-20
5465.56 2.9415585e-16 1e-20
5467.03 2.9378575e-16 1e-20
5468.5 2.8358205e-16 1e-20
5469.97 3.066024e-16 1e-20
5471.44 2.89919e-16 1e-20
5472.91 2.8429951e-16 1e-20
5474.38 3.0298999e-16 1e-20
5475.85 2.9404331e-16 1e-20
5477.32 2.9372477e-16 1e-20
5478.79 2.7076131e-16 1e-20
5480.26 2.741312e-16 1e-20
5481.73 2.7190761e-16 1e-20
5483.2 2.6696443e-16 1e-20
5484.67 2.6358686e-16 1e-20
5486.14 2.6495701e-16 1e-20
5487.61 2.6695363e-16 1e-20
5489.08 2.8090945e-16 1e-20
5490.55 2.7902785e-16 1e-20
5492.02 2.7939922e-16 1e-20
5493.49 2.9568308e-16 1e-20
5494.96 2.9897155e-16 1e-20
5496.43 2.9797055e-16 1e-20
5497.9 2.9795236e-16 1e-20
5499.37 2.8192078e-16 1e-20
5500.84 2.7631533e-16 1e-20
5502.31 2.8754513e-16 1e-20
5503.78 2.8308034e-16 1e-20
5505.25 2.7667413e-16 1e-20
5506.72 2.9655063e-16 1e-20
5508.19 2.7843095e-16 1e-20
5509.66 2.8228104e-16 1e-20
5511.13 3.035616e-16 1e-20
5512.6 2.9096479e-16 1e-20
5514.07 3.0616329e-16 1e-20
5515.54 2.9680339e-16 1e-20
5517.01 2.9056608e-16 1e-20
5518.48 3.0050648e-16 1e-20
5519.95 2.9286373e-16 1e-20
5521.42 2.9522415e-16 1e-20
5522.89 3.0474657e-16 1e-20
5524.36 3.0770788e-16 1e-20
5525.83 3.0074357e-16 1e-20
5527.3 3.031249e-16 1e-20
5528.77 3.0690434e-16 1e-20
5530.24 2.8412529e-16 1e-20
5531.71 3.0837211e-16 1e-20
5533.18 3.0877991e-16 1e-20
5534.65 3.3917036e-16 1e-20
5536.12 3.3157367e-16 1e-20
5537.59 3.0302559e-16 1e-20
5539.06 3.0741298e-16 1e-20
5540.53 3.2822646e-16 1e-20
5542.0 3.1146489e-16 1e-20
5543.47 3.2097427e-16 1e-20
5544.94 3.3244706e-16 1e-20
5546.41 3.1694951e-16 1e-20
5547.88 3.2832908e-16 1e-20
5549.35 3.2295971e-16 1e-20
5550.82 3.2311247e-16 1e-20
5552.29 3.1932835e-16 1e-20
5553.76 3.4537991e-16 1e-20
5555.23 3.5491506e-16 1e-20
5556.7 3.62232e-16 1e-20
5558.17 3.3619585e-16 1e-20
5559.64 3.3542576e-16 1e-20
5561.11 3.4419954e-16 1e-20
5562.58 3.1935278e-16 1e-20
5564.05 3.5136827e-16 1e-20
5565.52 3.5905324e-16 1e-20
5566.99 3.5641275e-16 1e-20
5568.46 3.5165671e-16 1e-20
5569.93 4.0076954e-16 1e-20
5571.4 3.6856108e-16 1e-20
5572.87 3.6466915e-16 1e-20
5574.34 4.1505427e-16 1e-20
5575.81 3.930443e-16 1e-20
5577.28 3.7466168e-16 1e-20
5578.75 4.0363656e-16 1e-20
5580.22 3.9183236e-16 1e-20
5581.69 3.8957578e-16 1e-20
5583.16 3.8493386e-16 1e-20
5584.63 3.7185138e-16 1e-20
5586.1 3.6702967e-16 1e-20
5587.57 3.6951709e-16 1e-20
5589.04 3.9503827e-16 1e-20
5590.51 3.9029023e-16 1e-20
5591.98 3.9651349e-16 1e-20
5593.45 3.8342794e-16 1e-20
5594.92 3.8463756e-16 1e-20
5596.39 3.5881544e-16 1e-20
5597.86 3.7785661e-16 1e-20
5599.33 3.6934999e-16 1e-20
5600.8 3.7565411e-16 1e-20
5602.27 3.9327996e-16 1e-20
5603.74 3.8808072e-16 1e-20
5605.21 3.7640932e-16 1e-20
5606.68 3.8381712e-16 1e-20
5608.15 3.9113319e-16 1e-20
5609.62 3.6953101e-16 1e-20
5611.09 3.5503309e-16 1e-20
5612.56 3.7771674e-16 1e-20
5614.03 3.7948897e-16 1e-20
5615.5 3.745887e-16 1e-20
5616.97 3.910853e-16 1e-20
5618.44 3.784702e-16 1e-20
5619.91 3.6806496e-16 1e-20
5621.38 3.5407388e-16 1e-20
5622.85 3.7349087e-16 1e-20
5624.32 3.7009829e-16 1e-20
5625.79 3.6337822e-16 1e-20
5627.26 3.8693508e-16 1e-20
5628.73 3.6886445e-16 1e-20
5630.2 3.3813153e-16 1e-20
5631.67 3.5836421e-16 1e-20
5633.14 3.7235833e-16 1e-20
5634.61 3.5522182e-16 1e-20
5636.08 3.699544e-16 1e-20
5637.55 3.7930945e-16 1e-20
5639.02 3.6997886e-16 1e-20
5640.49 3.8709242e-16 1e-20
5641.96 3.9469615e-16 1e-20
5643.43 3.7825699e-16 1e-20
5644.9 3.7391671e-16 1e-20
5646.37 3.8228519e-16 1e-20
5647.84 3.6774864e-16 1e-20
5649.31 3.6130863e-16 1e-20
5650.78 3.6538995e-16 1e-20
5652.25 3.5974132e-16 1e-20
5653.72 3.5863491e-16 1e-20
5655.19 3.8851371e-16 1e-20
5656.66 3.9413761e-16 1e-20
5658.13 3.6677337e-16 1e-20
5659.6 3.6446102e-16 1e-20
5661.07 3.6998203e-16 1e-20
5662.54 3.6380634e-16 1e-20
5664.01 3.6815535e-16 1e-20
5665.48 3.8101077e-16 1e-20
5666.95 3.7159243e-16 1e-20
5668.42 3.5630007e-16 1e-20
5669.89 3.7568045e-16 1e-20
5671.36 3.7847629e-16 1e-20
5672.83 3.6334871e-16 1e-20
5674.3 3.4931869e-16 1e-20
5675.77 3.543889e-16 1e-20
5677.24 3.7567327e-16 1e-20
5678.71 3.9036077e-16 1e-20
5680.18 3.6670722e-16 1e-20
5681.65 3.466684e-16 1e-20
5683.12 3.70523e-16 1e-20
5684.59 3.6928029e-16 1e-20
5686.06 3.4731498e-16 1e-20
5687.53 3.5489759e-16 1e-20
5689.0 3.8941315e-16 1e-20
5690.47 3.8456749e-16 1e-20
5691.94 3.7287793e-16 1e-20
5693.41 3.6274546e-16 1e-20
5694.88 3.5636285e-16 1e-20
5696.35 3.7512016e-16 1e-20
5697.82 3.7726765e-16 1e-20
5699.29 3.8812095e-16 1e-20
5700.76 3.7804706e-16 1e-20
5702.23 3.5539835e-16 1e-20
5703.7 3.5039665e-16 1e-20
5705.17 3.6969886e-16 1e-20
5706.64 3.6351954e-16 1e-20
5708.11 3.4269947e-16 1e-20
5709.58 3.3680754e-16 1e-20
5711.05 3.4978255e-16 1e-20
5712.52 3.7809653e-16 1e-20
5713.99 3.5332849e-16 1e-20
5715.46 3.5799215e-16 1e-20
5716.93 3.6476277e-16 1e-20
5718.4 3.5661572e-16 1e-20
5719.87 3.5140049e-16 1e-20
5721.34 3.4205443e-16 1e-20
5722.81 3.4382918e-16 1e-20
5724.28 3.5323307e-16 1e-20
5725.75 3.4504017e-16 1e-20
5727.22 3.4861528e-16 1e-20
5728.69 3.4657023e-16 1e-20
5730.16 3.53402e-16 1e-20
5731.63 3.5708503e-16 1e-20
5733.1 3.4508016e-16 1e-20
5734.57 3.3773324e-16 1e-20
5736.04 3.4541273e-16 1e-20
5737.51 3.5104886e-16 1e-20
5738.98 3.3449752e-16 1e-20
5740.45 3.3265183e-16 1e-20
5741.92 3.5927959e-16 1e-20
5743.39 3.5723472e-16 1e-20
5744.86 3.5982529e-16 1e-20
5746.33 3.7047707e-16 1e-20
5747.8 3.6408613e-16 1e-20
5749.27 3.3771767e-16 1e-20
5750.74 3.4021989e-16 1e-20
5752.21 3.5234575e-16 1e-20
5753.68 3.6129857e-16 1e-20
5755.15 3.319012e-16 1e-20
5756.62 3.3034277e-16 1e-20
5758.09 3.5114053e-16 1e-20
5759.56 3.4782553e-16 1e-20
5761.03 3.4168851e-16 1e-20
5762.5 3.4132897e-16 1e-20
5763.97 3.2268252e-16 1e-20
5765.44 3.2299616e-16 1e-20
5766.91 3.2180793e-16 1e-20
5768.38 3.132133e-16 1e-20
5769.85 3.241071e-16 1e-20
5771.32 3.1644524e-16 1e-20
5772.79 3.1010911e-16 1e-20
5774.26 3.0506805e-16 1e-20
5775.73 2.9845166e-16 1e-20
5777.2 2.9732381e-16 1e-20
5778.67 3.2034423e-16 1e-20
5780.14 3.0609134e-16 1e-20
5781.61 2.9292602e-16 1e-20
5783.08 3.2503452e-16 1e-20
5784.55 3.1476954e-16 1e-20
5786.02 3.0218586e-16 1e-20
5787.49 3.0595992e-16 1e-20
5788.96 3.0183188e-16 1e-20
5790.43 3.0414751e-16 1e-20
5791.9 3.0871892e-16 1e-20
5793.37 3.0848591e-16 1e-20
5794.84 2.8841406e-16 1e-20
5796.31 2.8402203e-16 1e-20
5797.78 2.9462927e-16 1e-20
5799.25 2.7347192e-16 1e-20
5800.72 2.9374544e-16 1e-20
5802.19 3.0421524e-16 1e-20
5803.66 2.9681249e-16 1e-20
5805.13 2.9994334e-16 1e-20
5806.6 3.1572973e-16 1e-20
5808.07 3.0193988e-16 1e-20
5809.54 3.0604081e-16 1e-20
5811.01 3.151551e-16 1e-20
5812.48 2.901186e-16 1e-20
5813.95 2.8087197e-16 1e-20
5815.42 2.9609328e-16 1e-20
5816.89 3.1906791e-16 1e-20
5818.36 2.988756e-16 1e-20
5819.83 2.7064762e-16 1e-20
5821.3 2.7798536e-16 1e-20
5822.77 2.7658482e-16 1e-20
5824.24 3.0756245e-16 1e-20
5825.71 3.0308824e-16 1e-20
5827.18 2.931351e-16 1e-20
5828.65 2.8671022e-16 1e-20
5830.12 3.0480097e-16 1e-20
5831.59 2.7711003e-16 1e-20
5833.06 2.9640213e-16 1e-20
5834.53 3.1209546e-16 1e-20
5836.0 3.0820443e-16 1e-20
5837.47 3.0594579e-16 1e-20
5838.94 2.9342148e-16 1e-20
5840.41 2.8626561e-16 1e-20
5841.88 2.8691899e-16 1e-20
5843.35 2.9622521e-16 1e-20
5844.82 3.1322897e-16 1e-20
5846.29 3.1358269e-16 1e-20
5847.76 3.0383453e-16 1e-20
5849.23 2.9459187e-16 1e-20
5850.7 3.0612027e-16 1e-20
5852.17 3.3962802e-16 1e-20
5853.64 3.3195711e-16 1e-20
5855.11 2.9782737e-16 1e-20
5856.58 2.9583475e-16 1e-20
5858.05 3.0161639e-16 1e-20
5859.52 3.0979124e-16 1e-20
5860.99 3.057813e-16 1e-20
5862.46 2.8832509e-16 1e-20
5863.93 3.2525173e-16 1e-20
5865.4 3.3249143e-16 1e-20
5866.87 3.017801e-16 1e-20
5868.34 2.9491567e-16 1e-20
5869.81 3.2684976e-16 1e-20
5871.28 3.3182931e-16 1e-20
5872.75 3.2707992e-16 1e-20
5874.22 3.1681219e-16 1e-20
5875.69 3.3128745e-16 1e-20
5877.16 3.2118502e-16 1e-20
5878.63 3.3022853e-16 1e-20
5880.1 3.3209711e-16 1e-20
5881.57 3.1405809e-16 1e-20
5883.04 3.2615623e-16 1e-20
5884.51 3.3612525e-16 1e-20
5885.98 3.1756972e-16 1e-20
5887.45 3.2175081e-16 1e-20
5888.92 3.3177701e-16 1e-20
5890.39 3.2571371e-16 1e-20
5891.86 3.0980325e-16 1e-20
5893.33 3.1742049e-16 1e-20
5894.8 3.4175569e-16 1e-20
5896.27 3.4753968e-16 1e-20
5897.74 3.4456747e-16 1e-20
5899.21 3.4559447e-16 1e-20
5900.68 3.3791151e-16 1e-20
5902.15 3.3977086e-16 1e-20
5903.62 3.5242397e-16 1e-20
5905.09 3.4470064e-16 1e-20
5906.56 3.3738307e-16 1e-20
5908.03 3.3720408e-16 1e-20
5909.5 3.3190634e-16 1e-20
5910.97 3.3756357e-16 1e-20
5912.44 3.227244e-16 1e-20
5913.91 3.3652063e-16 1e-20
5915.38 3.5783365e-16 1e-20
5916.85 3.6056975e-16 1e-20
5918.32 3.8247611e-16 1e-20
5919.79 3.5257556e-16 1e-20
5921.26 3.4091377e-16 1e-20
5922.73 3.5278335e-16 1e-20
5924.2 3.2223153e-16 1e-20
5925.67 3.5827024e-16 1e-20
5927.14 3.8276876e-16 1e-20
5928.61 3.3309081e-16 1e-20
5930.08 3.35377e-16 1e-20
5931.55 3.3855327e-16 1e-20
5933.02 3.462434e-16 1e-20
5934.49 3.6596262e-16 1e-20
5935.96 3.4667362e-16 1e-20
5937.43 3.5278769e-16 1e-20
5938.9 3.5071479e-16 1e-20
5940.37 3.2831031e-16 1e-20
5941.84 3.3643058e-16 1e-20
5943.31 3.4335645e-16 1e-20
5944.78 3.4445894e-16 1e-20
5946.25 3.5710001e-16 1e-20
5947.72 3.5278975e-16 1e-20
5949.19 3.525159e-16 1e-20
5950.66 3.7437678e-16 1e-20
5952.13 3.7534142e-16 1e-20
5953.6 3.6168431e-16 1e-20
5955.07 3.6015669e-16 1e-20
5956.54 3.2881128e-16 1e-20
5958.01 3.6272929e-16 1e-20
5959.48 3.6476487e-16 1e-20
5960.95 3.4389363e-16 1e-20
5962.42 3.7769186e-16 1e-20
5963.89 3.8267551e-16 1e-20
5965.36 3.4606368e-16 1e-20
5966.83 3.3811988e-16 1e-20
5968.3 3.4409176e-16 1e-20
5969.77 3.4238369e-16 1e-20
5971.24 3.3823516e-16 1e-20
5972.71 3.3451179e-16 1e-20
5974.18 3.2752543e-16 1e-20
5975.65 3.3801287e-16 1e-20
5977.12 3.5158389e-16 1e-20
5978.59 3.2531772e-16 1e-20
5980.06 3.3324865e-16 1e-20
5981.53 3.3663726e-16 1e-20
5983.0 3.5298526e-16 1e-20
5984.47 3.3829617e-16 1e-20
5985.94 3.2214151e-16 1e-20
5987.41 3.2207115e-16 1e-20
5988.88 3.1653394e-16 1e-20
5990.35 3.0793978e-16 1e-20
5991.82 3.1514422e-16 1e-20
5993.29 3.0821607e-16 1e-20
5994.76 2.6487663e-16 1e-20
5996.23 2.8487992e-16 1e-20
5997.7 2.8745275e-16 1e-20
5999.17 2.8788117e-16 1e-20
6000.64 2.6844867e-16 1e-20
6002.11 2.7186052e-16 1e-20
6003.58 2.7901641e-16 1e-20
6005.05 2.5881875e-16 1e-20
6006.52 2.7259921e-16 1e-20
6007.99 2.4527774e-16 1e-20
6009.46 2.3830994e-16 1e-20
6010.93 2.2687995e-16 1e-20
6012.4 2.1620133e-16 1e-20
6013.87 2.3154133e-16 1e-20
6015.34 2.4314369e-16 1e-20
6016.81 2.4436734e-16 1e-20
6018.28 2.2781385e-16 1e-20
6019.75 2.0590614e-16 1e-20
6021.22 1.9762247e-16 1e-20
6022.69 1.6941105e-16 1e-20
6024.16 1.9127906e-16 1e-20
6025.63 1.94481e-16 1e-20
6027.1 2.0029578e-16 1e-20
6028.57 1.9826813e-16 1e-20
6030.04 1.9541257e-16 1e-20
6031.51 1.7781438e-16 1e-20
6032.98 1.7660196e-16 1e-20
6034.45 1.7351259e-16 1e-20
6035.92 1.8137793e-16 1e-20
6037.39 1.8327458e-16 1e-20
6038.86 1.6833329e-16 1e-20
6040.33 1.7355878e-16 1e-20
6041.8 1.7628169e-16 1e-20
6043.27 1.6240081e-16 1e-20
6044.74 1.5963886e-16 1e-20
6046.21 1.5252067e-16 1e-20
6047.68 1.5624546e-16 1e-20
6049.15 1.6222656e-16 1e-20
6050.62 1.6381837e-16 1e-20
6052.09 1.530269e-16 1e-20
6053.56 1.4791862e-16 1e-20
6055.03 1.4246038e-16 1e-20
6056.5 1.4637685e-16 1e-20
6057.97 1.5732487e-16 1e-20
6059.44 1.5804502e-16 1e-20
6060.91 1.3324311e-16 1e-20
6062.38 1.4936535e-16 1e-20
6063.85 1.5302848e-16 1e-20
6065.32 1.4353908e-16 1e-20
6066.79 1.3445186e-16 1e-20
6068.26 1.5283984e-16 1e-20
6069.73 1.575257e-16 1e-20
6071.2 1.5226828e-16 1e-20
6072.67 1.5099077e-16 1e-20
6074.14 1.6248903e-16 1e-20
6075.61 1.6798454e-16 1e-20
6077.08 1.4567688e-16 1e-20
6078.55 1.5930775e-16 1e-20
6080.02 1.373358e-16 1e-20
6081.49 1.3792527e-16 1e-20
6082.96 1.5331343e-16 1e-20
6084.43 1.4585837e-16 1e-20
6085.9 1.2115382e-16 1e-20
6087.37 1.4363025e-16 1e-20
6088.84 1.5332379e-16 1e-20
6090.31 1.4276862e-16 1e-20
6091.78 1.6586485e-16 1e-20
6093.25 1.5615517e-16 1e-20
6094.72 1.4774587e-16 1e-20
6096.19 1.4447334e-16 1e-20
6097.66 1.2807996e-16 1e-20
6099.13 1.4176257e-16 1e-20
6100.6 1.4918437e-16 1e-20
6102.07 1.2743046e-16 1e-20
6103.54 1.2276952e-16 1e-20
6105.01 1.4395242e-16 1e-20
6106.48 1.434186e-16 1e-20
6107.95 1.4043902e-16 1e-20
6109.42 1.4228105e-16 1e-20
6110.89 1.4315008e-16 1e-20
6112.36 1.3429227e-16 1e-20
6113.83 1.4099618e-16 1e-20
6115.3 1.497693e-16 1e-20
6116.77 1.3440207e-16 1e-20
6118.24 1.1558346e-16 1e-20
6119.71 1.1876567e-16 1e-20
6121.18 1.4338534e-16 1e-20
6122.65 1.4398754e-16 1e-20
6124.12 1.4041813e-16 1e-20
6125.59 1.3131411e-16 1e-20
6127.06 1.032934e-16 1e-20
6128.53 1.2509658e-16 1e-20
6130.0 1.4165888e-16 1e-20
6131.47 1.2146259e-16 1e-20
6132.94 1.2275159e-16 1e-20
6134.41 1.2324173e-16 1e-20
6135.88 1.2535583e-16 1e-20
6137.35 1.2111262e-16 1e-20
6138.82 1.1219442e-16 1e-20
6140.29 1.2151218e-16 1e-20
6141.76 1.2962823e-16 1e-20
6143.23 1.4733083e-16 1e-20
6144.7 1.3687522e-16 1e-20
6146.17 1.2086804e-16 1e-20
6147.64 1.2573642e-16 1e-20
6149.11 1.1388347e-16 1e-20
6150.58 1.18549e-16 1e-20
6152.05 1.22171e-16 1e-20
6153.52 1.3339475e-16 1e-20
6154.99 1.2733972e-16 1e-20
6156.46 1.2050346e-16 1e-20
6157.93 1.3391547e-16 1e-20
6159.4 1.4248584e-16 1e-20
6160.87 1.2735989e-16 1e-20
6162.34 1.147652e-16 1e-20
6163.81 1.244862e-16 1e-20
6165.28 1.3555121e-16 1e-20
6166.75 1.2077534e-16 1e-20
6168.22 1.4387367e-16 1e-20
6169.69 1.3521444e-16 1e-20
6171.16 1.217862e-16 1e-20
6172.63 1.420529e-16 1e-20
6174.1 1.2525735e-16 1e-20
6175.57 1.2637712e-16 1e-20
6177.04 1.2458898e-16 1e-20
6178.51 1.2944241e-16 1e-20
6179.98 1.400974e-16 1e-20
6181.45 1.3613445e-16 1e-20
6182.92 1.3039875e-16 1e-20
6184.39 1.3424039e-16 1e-20
6185.86 1.3603575e-16 1e-20
6187.33 1.4805018e-16 1e-20
6188.8 1.3300719e-16 1e-20
6190.27 1.5099725e-16 1e-20
6191.74 1.5618925e-16 1e-20
6193.21 1.5836833e-16 1e-20
6194.68 1.7997363e-16 1e-20
6196.15 1.5417733e-16 1e-20
6197.62 1.522662e-16 1e-20
6199.09 1.5039581e-16 1e-20
6200.56 1.3738447e-16 1e-20
6202.03 1.6234043e-16 1e-20
6203.5 1.6869131e-16 1e-20
6204.97 1.4995763e-16 1e-20
6206.44 1.6099371e-16 1e-20
6207.91 1.8261249e-16 1e-20
6209.38 1.6284694e-16 1e-20
6210.85 1.6320011e-16 1e-20
6212.32 1.624147e-16 1e-20
6213.79 1.6476289e-16 1e-20
6215.26 1.6993551e-16 1e-20
6216.73 1.7079214e-16 1e-20
6218.2 1.8364422e-16 1e-20
6219.67 1.817383e-16 1e-20
6221.14 1.707113e-16 1e-20
6222.61 1.8428635e-16 1e-20
6224.08 1.8872053e-16 1e-20
6225.55 1.8616544e-16 1e-20
6227.02 1.801861e-16 1e-20
6228.49 1.7589482e-16 1e-20
6229.96 1.8390658e-16 1e-20
6231.43 1.9985412e-16 1e-20
6232.9 1.9095848e-16 1e-20
6234.37 2.0658539e-16 1e-20
6235.84 2.2051383e-16 1e-20
6237.31 2.2025988e-16 1e-20
6238.78 2.1007387e-16 1e-20
6240.25 1.999832e-16 1e-20
6241.72 2.1128019e-16 1e-20
6243.19 2.1548684e-16 1e-20
6244.66 2.4544347e-16 1e-20
6246.13 2.3519278e-16 1e-20
6247.6 2.3109571e-16 1e-20
6249.07 2.4144804e-16 1e-20
6250.54 2.3980916e-16 1e-20
6252.01 2.3210733e-16 1e-20
6253.48 2.5165468e-16 1e-20
6254.95 2.3675016e-16 1e-20
6256.42 2.195756e-16 1e-20
6257.89 2.3744025e-16 1e-20
6259.36 2.3265396e-16 1e-20
6260.83 2.3586432e-16 1e-20
6262.3 2.5689215e-16 1e-20
6263.77 2.72812e-16 1e-20
6265.24 2.6282101e-16 1e-20
6266.71 2.6441065e-16 1e-20
6268.18 2.7075681e-16 1e-20
6269.65 2.8030626e-16 1e-20
6271.12 2.561519e-16 1e-20
6272.59 2.5929534e-16 1e-20
6274.06 2.6622971e-16 1e-20
6275.53 2.6007085e-16 1e-20
6277.0 2.6893023e-16 1e-20
6278.47 2.6663978e-16 1e-20
6279.94 2.6021247e-16 1e-20
6281.41 2.7735533e-16 1e-20
6282.88 2.8814965e-16 1e-20
6284.35 2.9656455e-16 1e-20
6285.82 3.0404009e-16 1e-20
6287.29 2.8104746e-16 1e-20
6288.76 3.0322927e-16 1e-20
6290.23 2.98885e-16 1e-20
6291.7 2.8230719e-16 1e-20
6293.17 2.9167476e-16 1e-20
6294.64 3.0148947e-16 1e-20
6296.11 3.093399e-16 1e-20
6297.58 3.2713267e-16 1e-20
6299.05 3.2114045e-16 1e-20
6300.52 2.9369899e-16 1e-20
6301.99 2.9880739e-16 1e-20
6303.46 3.2931709e-16 1e-20
6304.93 3.0582956e-16 1e-20
6306.4 3.1004757e-16 1e-20
6307.87 2.9408828e-16 1e-20
6309.34 3.0444701e-16 1e-20
6310.81 3.0489602e-16 1e-20
6312.28 3.0614981e-16 1e-20
6313.75 3.1564617e-16 1e-20
6315.22 3.3076721e-16 1e-20
6316.69 3.2817842e-16 1e-20
6318.16 3.1385628e-16 1e-20
6319.63 3.1150725e-16 1e-20
6321.1 3.2262691e-16 1e-20
6322.57 3.1014913e-16 1e-20
6324.04 2.9976935e-16 1e-20
6325.51 3.191419e-16 1e-20
6326.98 3.1484765e-16 1e-20
6328.45 3.1229777e-16 1e-20
6329.92 3.2198065e-16 1e-20
6331.39 3.3342364e-16 1e-20
6332.86 3.3292326e-16 1e-20
6334.33 3.2269732e-16 1e-20
6335.8 3.2190725e-16 1e-20
6337.27 3.3315262e-16 1e-20
6338.74 3.4127789e-16 1e-20
6340.21 3.3213136e-16 1e-20
6341.68 3.2744544e-16 1e-20
6343.15 3.4248816e-16 1e-20
6344.62 3.5097128e-16 1e-20
6346.09 3.5520573e-16 1e-20
6347.56 3.5719395e-16 1e-20
6349.03 3.4080741e-16 1e-20
6350.5 3.2918493e-16 1e-20
6351.97 3.2466815e-16 1e-20
6353.44 3.4287327e-16 1e-20
6354.91 3.4511757e-16 1e-20
6356.38 3.3413949e-16 1e-20
6357.85 3.4840119e-16 1e-20
6359.32 3.3179763e-16 1e-20
6360.79 3.1633689e-16 1e-20
6362.26 3.3619701e-16 1e-20
6363.73 3.6812033e-16 1e-20
6365.2 3.6474242e-16 1e-20
6366.67 3.3722475e-16 1e-20
6368.14 3.4496195e-16 1e-20
6369.61 3.5696676e-16 1e-20
6371.08 3.4891283e-16 1e-20
6372.55 3.4764088e-16 1e-20
6374.02 3.6939432e-16 1e-20
6375.49 3.5808029e-16 1e-20
6376.96 3.5631272e-16 1e-20
6378.43 3.8443821e-16 1e-20
6379.9 3.6170681e-16 1e-20
6381.37 3.6274181e-16 1e-20
6382.84 3.7310237e-16 1e-20
6384.31 3.7003169e-16 1e-20
6385.78 3.8999994e-16 1e-20
6387.25 3.8564796e-16 1e-20
6388.72 3.4209358e-16 1e-20
6390.19 3.4754402e-16 1e-20
6391.66 3.6148177e-16 1e-20
6393.13 3.5454237e-16 1e-20
6394.6 3.4199395e-16 1e-20
6396.07 3.506033e-16 1e-20
6397.54 3.69533e-16 1e-20
6399.01 3.6418557e-16 1e-20
6400.48 3.5985332e-16 1e-20
6401.95 3.7716305e-16 1e-20
6403.42 3.6323735e-16 1e-20
6404.89 3.4264944e-16 1e-20
6406.36 3.4998523e-16 1e-20
6407.83 3.563537e-16 1e-20
6409.3 3.4197581e-16 1e-20
6410.77 3.522594e-16 1e-20
6412.24 3.6699907e-16 1e-20
6413.71 3.5288605e-16 1e-20
6415.18 3.3809053e-16 1e-20
6416.65 3.3675259e-16 1e-20
6418.12 3.6348593e-16 1e-20
6419.59 3.5289621e-16 1e-20
6421.06 3.5643276e-16 1e-20
6422.53 3.8916717e-16 1e-20
6424.0 3.6711345e-16 1e-20
6425.47 3.5300503e-16 1e-20
6426.94 3.4845075e-16 1e-20
6428.41 3.5798204e-16 1e-20
6429.88 3.5967396e-16 1e-20
6431.35 3.6775809e-16 1e-20
6432.82 3.6546163e-16 1e-20
6434.29 3.8085283e-16 1e-20
6435.76 3.5892132e-16 1e-20
6437.23 3.6434577e-16 1e-20
6438.7 3.6457214e-16 1e-20
6440.17 3.8175632e-16 1e-20
6441.64 3.5424403e-16 1e-20
6443.11 3.3792117e-16 1e-20
6444.58 3.6641314e-16 1e-20
6446.05 3.5533787e-16 1e-20
6447.52 3.7581256e-16 1e-20
6448.99 3.6277206e-16 1e-20
6450.46 3.6265565e-16 1e-20
6451.93 3.5357154e-16 1e-20
6453.4 3.4634592e-16 1e-20
6454.87 3.6450533e-16 1e-20
6456.34 3.8848827e-16 1e-20
6457.81 3.6308176e-16 1e-20
6459.28 3.580601e-16 1e-20
6460.75 3.6213745e-16 1e-20
6462.22 3.3651608e-16 1e-20
6463.69 3.7447245e-16 1e-20
6465.16 3.77952e-16 1e-20
6466.63 3.5362675e-16 1e-20
6468.1 3.4920956e-16 1e-20
6469.57 3.635355e-16 1e-20
6471.04 3.5548975e-16 1e-20
6472.51 3.3871217e-16 1e-20
6473.98 3.5435843e-16 1e-20
6475.45 3.6755727e-16 1e-20
6476.92 3.3570107e-16 1e-20
6478.39 3.3930546e-16 1e-20
6479.86 3.6378712e-16 1e-20
6481.33 3.5914004e-16 1e-20
6482.8 3.4569612e-16 1e-20
6484.27 3.5733784e-16 1e-20
6485.74 3.5416777e-16 1e-20
6487.21 3.4467041e-16 1e-20
6488.68 3.5562988e-16 1e-20
6490.15 3.6382953e-16 1e-20
6491.62 3.7395904e-16 1e-20
6493.09 3.740457e-16 1e-20
6494.56 3.561994e-16 1e-20
6496.03 3.618223e-16 1e-20
6497.5 3.6349043e-16 1e-20
6498.97 3.5318561e-16 1e-20
6500.44 3.3809844e-16 1e-20
6501.91 3.2516242e-16 1e-20
6503.38 3.418067e-16 1e-20
6504.85 3.4417823e-16 1e-20
6506.32 3.2486509e-16 1e-20
6507.79 3.5079171e-16 1e-20
6509.26 3.4160945e-16 1e-20
6510.73 3.2699511e-16 1e-20
6512.2 3.4230184e-16 1e-20
6513.67 3.3216442e-16 1e-20
6515.14 3.3990058e-16 1e-20
6516.61 3.4055116e-16 1e-20
6518.08 3.3693345e-16 1e-20
6519.55 3.1581555e-16 1e-20
6521.02 3.1108211e-16 1e-20
6522.49 3.435883e-16 1e-20
6523.96 3.648686e-16 1e-20
6525.43 3.5058548e-16 1e-20
6526.9 3.4633975e-16 1e-20
6528.37 3.3230897e-16 1e-20
6529.84 3.4883085e-16 1e-20
6531.31 3.4079566e-16 1e-20
6532.78 3.0235241e-16 1e-20
6534.25 3.1826681e-16 1e-20
6535.72 3.1482735e-16 1e-20
6537.19 3.2232997e-16 1e-20
6538.66 3.4152405e-16 1e-20
6540.13 3.1789438e-16 1e-20
6541.6 3.2332886e-16 1e-20
6543.07 3.220864e-16 1e-20
6544.54 3.0677577e-16 1e-20
6546.01 3.1537072e-16 1e-20
6547.48 3.4736895e-16 1e-20
6548.95 3.3502607e-16 1e-20
6550.42 3.3571648e-16 1e-20
6551.89 3.3337311e-16 1e-20
6553.36 3.0672371e-16 1e-20
6554.83 3.0066988e-16 1e-20
6556.3 3.1985918e-16 1e-20
6557.77 3.2377652e-16 1e-20
6559.24 3.2115927e-16 1e-20
6560.71 3.2470664e-16 1e-20
6562.18 3.0488609e-16 1e-20
6563.65 3.0006513e-16 1e-20
6565.12 3.2158654e-16 1e-20
6566.59 3.3183617e-16 1e-20
6568.06 3.2179282e-16 1e-20
6569.53 3.070856e-16 1e-20
6571.0 3.1517402e-16 1e-20
6572.47 3.3032114e-16 1e-20
6573.94 3.1083436e-16 1e-20
6575.41 3.2298158e-16 1e-20
6576.88 3.2389492e-16 1e-20
6578.35 3.0904918e-16 1e-20
6579.82 3.2462577e-16 1e-20
6581.29 3.1640333e-16 1e-20
6582.76 3.0379522e-16 1e-20
6584.23 3.0458585e-16 1e-20
6585.7 3.0694822e-16 1e-20
6587.17 3.1174084e-16 1e-20
6588.64 3.1074097e-16 1e-20
6590.11 3.1833653e-16 1e-20
6591.58 3.0414552e-16 1e-20
6593.05 2.9897971e-16 1e-20
6594.52 2.9601885e-16 1e-20
6595.99 2.9043966e-16 1e-20
6597.46 3.0238798e-16 1e-20
6598.93 3.2454351e-16 1e-20
6600.4 3.1894652e-16 1e-20
6601.87 3.2293565e-16 1e-20
6603.34 3.1241593e-16 1e-20
6604.81 2.9098096e-16 1e-20
6606.28 2.9330265e-16 1e-20
6607.75 3.0864483e-16 1e-20
6609.22 2.9172437e-16 1e-20
6610.69 2.8678132e-16 1e-20
6612.16 3.0865401e-16 1e-20
6613.63 3.4259727e-16 1e-20
6615.1 3.2587192e-16 1e-20
6616.57 3.1108489e-16 1e-20
6618.04 3.0824426e-16 1e-20
6619.51 2.8591899e-16 1e-20
6620.98 2.9732323e-16 1e-20
6622.45 3.0739337e-16 1e-20
6623.92 2.9752863e-16 1e-20
6625.39 3.012478e-16 1e-20
6626.86 3.055499e-16 1e-20
6628.33 2.8220621e-16 1e-20
6629.8 2.8676195e-16 1e-20
6631.27 3.0303144e-16 1e-20
6632.74 3.2400088e-16 1e-20
6634.21 3.1426929e-16 1e-20
6635.68 2.9807314e-16 1e-20
6637.15 2.9871567e-16 1e-20
6638.62 2.9735851e-16 1e-20
6640.09 2.901095e-16 1e-20
6641.56 3.0861765e-16 1e-20
6643.03 3.0969756e-16 1e-20
6644.5 3.1084312e-16 1e-20
6645.97 3.0380581e-16 1e-20
6647.44 2.9798034e-16 1e-20
6648.91 3.2096392e-16 1e-20
6650.38 2.9996401e-16 1e-20
6651.85 2.8623882e-16 1e-20
6653.32 2.9050533e-16 1e-20
6654.79 3.0138428e-16 1e-20
6656.26 2.9672956e-16 1e-20
6657.73 2.9836076e-16 1e-20
6659.2 3.1582023e-16 1e-20
6660.67 3.0046842e-16 1e-20
6662.14 2.987301e-16 1e-20
6663.61 2.8023262e-16 1e-20
6665.08 2.8391269e-16 1e-20
6666.55 2.9284452e-16 1e-20
6668.02 2.8451625e-16 1e-20
6669.49 2.9582822e-16 1e-20
6670.96 3.1204519e-16 1e-20
6672.43 3.0597636e-16 1e-20
6673.9 2.93028e-16 1e-20
6675.37 2.9402104e-16 1e-20
6676.84 2.795695e-16 1e-20
6678.31 2.9660733e-16 1e-20
6679.78 2.9706052e-16 1e-20
6681.25 2.8779525e-16 1e-20
6682.72 2.945894e-16 1e-20
6684.19 2.9693666e-16 1e-20
6685.66 3.021889e-16 1e-20
6687.13 2.97791e-16 1e-20
6688.6 2.9174681e-16 1e-20
6690.07 2.9449094e-16 1e-20
6691.54 2.8870597e-16 1e-20
6693.01 3.0039465e-16 1e-20
6694.48 3.0130492e-16 1e-20
6695.95 2.9283372e-16 1e-20
6697.42 2.9739361e-16 1e-20
6698.89 3.0114353e-16 1e-20
6700.36 2.878318e-16 1e-20
6701.83 2.7897581e-16 1e-20
6703.3 2.9255197e-16 1e-20
6704.77 2.8440772e-16 1e-20
6706.24 2.9183297e-16 1e-20
6707.71 3.0426673e-16 1e-20
6709.18 3.064282e-16 1e-20
6710.65 2.9799741e-16 1e-20
6712.12 2.8899806e-16 1e-20
6713.59 2.7806294e-16 1e-20
6715.06 3.0068955e-16 1e-20
6716.53 3.0552965e-16 1e-20
6718.0 2.9102564e-16 1e-20
6719.47 3.0469472e-16 1e-20
6720.94 2.9087236e-16 1e-20
6722.41 2.7879017e-16 1e-20
6723.88 2.8783289e-16 1e-20
6725.35 2.8451993e-16 1e-20
6726.82 2.7812303e-16 1e-20
6728.29 2.8412998e-16 1e-20
6729.76 2.8523271e-16 1e-20
6731.23 2.8917887e-16 1e-20
6732.7 2.9292358e-16 1e-20
6734.17 2.8490546e-16 1e-20
6735.64 2.8032142e-16 1e-20
6737.11 2.8245756e-16 1e-20
6738.58 2.8875655e-16 1e-20
6740.05 2.9609215e-16 1e-20
6741.52 2.9668954e-16 1e-20
6742.99 2.8126303e-16 1e-20
6744.46 2.8268692e-16 1e-20
6745.93 2.9571183e-16 1e-20
6747.4 2.8554629e-16 1e-20
6748.87 2.7471076e-16 1e-20
6750.34 2.7481034e-16 1e-20
6751.81 2.7174601e-16 1e-20
6753.28 2.7926671e-16 1e-20
6754.75 2.6355615e-16 1e-20
6756.22 2.6946731e-16 1e-20
6757.69 2.6579547e-16 1e-20
6759.16 2.5673431e-16 1e-20
6760.63 2.6016868e-16 1e-20
6762.1 2.6720343e-16 1e-20
6763.57 2.7846547e-16 1e-20
6765.04 2.8054549e-16 1e-20
6766.51 2.6778232e-16 1e-20
6767.98 2.7245778e-16 1e-20
6769.45 2.748039e-16 1e-20
6770.92 2.7352084e-16 1e-20
6772.39 2.6705639e-16 1e-20
6773.86 2.662642e-16 1e-20
6775.33 2.7934572e-16 1e-20
6776.8 2.8218667e-16 1e-20
6778.27 2.6107676e-16 1e-20
6779.74 2.6691427e-16 1e-20
6781.21 2.8460537e-16 1e-20
6782.68 2.6837913e-16 1e-20
6784.15 2.4717377e-16 1e-20
6785.62 2.4167743e-16 1e-20
6787.09 2.589578e-16 1e-20
6788.56 2.6976872e-16 1e-20
6790.03 2.5368534e-16 1e-20
6791.5 2.4950496e-16 1e-20
6792.97 2.5603175e-16 1e-20
6794.44 2.5745034e-16 1e-20
6795.91 2.5796145e-16 1e-20
6797.38 2.6050652e-16 1e-20
6798.85 2.6485595e-16 1e-20
6800.32 2.6448879e-16 1e-20
6801.79 2.5383034e-16 1e-20
6803.26 2.4545061e-16 1e-20
6804.73 2.5605557e-16 1e-20
6806.2 2.5560844e-16 1e-20
6807.67 2.5536815e-16 1e-20
6809.14 2.6155591e-16 1e-20
6810.61 2.5017886e-16 1e-20
6812.08 2.4009228e-16 1e-20
6813.55 2.4848471e-16 1e-20
6815.02 2.6500135e-16 1e-20
6816.49 2.4596299e-16 1e-20
6817.96 2.3802753e-16 1e-20
6819.43 2.5730714e-16 1e-20
6820.9 2.5695652e-16 1e-20
6822.37 2.5077898e-16 1e-20
6823.84 2.4533616e-16 1e-20
6825.31 2.5413352e-16 1e-20
6826.78 2.6378999e-16 1e-20
6828.25 2.6706777e-16 1e-20
6829.72 2.6138042e-16 1e-20
6831.19 2.5770996e-16 1e-20
6832.66 2.467687e-16 1e-20
6834.13 2.2702304e-16 1e-20
6835.6 2.2479365e-16 1e-20
6837.07 2.2075195e-16 1e-20
6838.54 2.3273061e-16 1e-20
6840.01 2.5205861e-16 1e-20
6841.48 2.6126027e-16 1e-20
6842.95 2.4792069e-16 1e-20
6844.42 2.3990829e-16 1e-20
6845.89 2.5755707e-16 1e-20
6847.36 2.4145924e-16 1e-20
6848.83 2.2691142e-16 1e-20
6850.3 2.3699143e-16 1e-20
6851.77 2.4344592e-16 1e-20
6853.24 2.3580778e-16 1e-20
6854.71 2.3372585e-16 1e-20
6856.18 2.3899733e-16 1e-20
6857.65 2.4804778e-16 1e-20
6859.12 2.4638105e-16 1e-20
6860.59 2.3697788e-16 1e-20
6862.06 2.4234449e-16 1e-20
6863.53 2.4836864e-16 1e-20
6865.0 2.4131834e-16 1e-20
6866.47 2.5269248e-16 1e-20
6867.94 2.5294405e-16 1e-20
6869.41 2.5543194e-16 1e-20
6870.88 2.459145e-16 1e-20
6872.35 2.3577437e-16 1e-20
6873.82 2.5552806e-16 1e-20
6875.29 2.5156466e-16 1e-20
6876.76 2.4200983e-16 1e-20
6878.23 2.5584188e-16 1e-20
6879.7 2.5041206e-16 1e-20
6881.17 2.3556378e-16 1e-20
6882.64 2.4980598e-16 1e-20
6884.11 2.5644386e-16 1e-20
6885.58 2.4192722e-16 1e-20
6887.05 2.4754726e-16 1e-20
6888.52 2.2880935e-16 1e-20
6889.99 2.2518765e-16 1e-20
6891.46 2.6223222e-16 1e-20
6892.93 2.5965154e-16 1e-20
6894.4 2.4425421e-16 1e-20
6895.87 2.4066165e-16 1e-20
6897.34 2.5405305e-16 1e-20
6898.81 2.4227818e-16 1e-20
6900.28 2.1793761e-16 1e-20
6901.75 2.3507062e-16 1e-20
6903.22 2.4220439e-16 1e-20
6904.69 2.5929905e-16 1e-20
6906.16 2.495065e-16 1e-20
6907.63 2.4754202e-16 1e-20
6909.1 2.4719622e-16 1e-20
6910.57 2.5498622e-16 1e-20
6912.04 2.4263992e-16 1e-20
6913.51 2.3308764e-16 1e-20
6914.98 2.5741818e-16 1e-20
6916.45 2.504304e-16 1e-20
6917.92 2.3805964e-16 1e-20
6919.39 2.4987657e-16 1e-20
6920.86 2.708084e-16 1e-20
6922.33 2.6523384e-16 1e-20
6923.8 2.5912906e-16 1e-20
6925.27 2.4422948e-16 1e-20
6926.74 2.4724389e-16 1e-20
6928.21 2.5644335e-16 1e-20
6929.68 2.3777978e-16 1e-20
6931.15 2.2567261e-16 1e-20
6932.62 2.3451076e-16 1e-20
6934.09 2.4922017e-16 1e-20
6935.56 2.4912187e-16 1e-20
6937.03 2.4202039e-16 1e-20
6938.5 2.400633e-16 1e-20
6939.97 2.4641705e-16 1e-20
6941.44 2.3524675e-16 1e-20
6942.91 2.1810934e-16 1e-20
6944.38 2.1451611e-16 1e-20
6945.85 2.3389915e-16 1e-20
6947.32 2.5320748e-16 1e-20
6948.79 2.2811055e-16 1e-20
6950.26 2.3351783e-16 1e-20
6951.73 2.5340253e-16 1e-20
6953.2 2.5238228e-16 1e-20
6954.67 2.3739856e-16 1e-20
6956.14 2.4572894e-16 1e-20
6957.61 2.3081245e-16 1e-20
6959.08 2.2830349e-16 1e-20
6960.55 2.3331737e-16 1e-20
6962.02 2.225907e-16 1e-20
6963.49 2.0949884e-16 1e-20
6964.96 2.3224995e-16 1e-20
6966.43 2.4459328e-16 1e-20
6967.9 2.4596977e-16 1e-20
6969.37 2.3977144e-16 1e-20
6970.84 2.3308113e-16 1e-20
6972.31 2.4005372e-16 1e-20
6973.78 2.3140067e-16 1e-20
6975.25 2.2868116e-16 1e-20
6976.72 2.3179491e-16 1e-20
6978.19 2.3147653e-16 1e-20
6979.66 2.2676462e-16 1e-20
6981.13 2.3447182e-16 1e-20
6982.6 2.3592504e-16 1e-20
6984.07 2.3195063e-16 1e-20
6985.54 2.2215107e-16 1e-20
6987.01 2.1613738e-16 1e-20
6988.48 2.2505472e-16 1e-20
6989.95 2.3565057e-16 1e-20
6991.42 2.2502531e-16 1e-20
6992.89 2.1383274e-16 1e-20
6994.36 2.2224951e-16 1e-20
6995.83 2.2585072e-16 1e-20
6997.3 2.3223928e-16 1e-20
6998.77 2.2721585e-16 1e-20
7000.24 2.2880133e-16 1e-20
7001.71 2.3966138e-16 1e-20
7003.18 2.3993955e-16 1e-20
7004.65 2.1854015e-16 1e-20
7006.12 2.1842793e-16 1e-20
7007.59 2.277526e-16 1e-20
7009.06 2.3150247e-16 1e-20
7010.53 2.5503519e-16 1e-20
7012.0 2.5376713e-16 1e-20
7013.47 2.3483695e-16 1e-20
7014.94 2.2959124e-16 1e-20
7016.41 2.2835016e-16 1e-20
7017.88 2.4048086e-16 1e-20
7019.35 2.3617131e-16 1e-20
7020.82 2.2001101e-16 1e-20
7022.29 2.2481562e-16 1e-20
7023.76 2.1166501e-16 1e-20
7025.23 2.0547075e-16 1e-20
7026.7 2.0332317e-16 1e-20
7028.17 2.0793948e-16 1e-20
7029.64 2.2418212e-16 1e-20
7031.11 2.34081e-16 1e-20
7032.58 2.3557188e-16 1e-20
7034.05 2.3246663e-16 1e-20
7035.52 2.3414812e-16 1e-20
7036.99 2.2826034e-16 1e-20
7038.46 2.2516846e-16 1e-20
7039.93 2.2294614e-16 1e-20
7041.4 2.3231027e-16 1e-20
7042.87 2.4532628e-16 1e-20
7044.34 2.2755426e-16 1e-20
7045.81 2.1802009e-16 1e-20
7047.28 2.1286184e-16 1e-20
7048.75 2.1836865e-16 1e-20
7050.22 2.3361375e-16 1e-20
7051.69 2.3783759e-16 1e-20
7053.16 2.3546889e-16 1e-20
7054.63 2.2771017e-16 1e-20
7056.1 2.3174753e-16 1e-20
7057.57 2.3290063e-16 1e-20
7059.04 2.2760024e-16 1e-20
7060.51 2.2288581e-16 1e-20
7061.98 2.2519615e-16 1e-20
7063.45 2.1964087e-16 1e-20
7064.92 2.1979365e-16 1e-20
7066.39 2.220738e-16 1e-20
7067.86 2.2743181e-16 1e-20
7069.33 2.3868819e-16 1e-20
7070.8 2.3734218e-16 1e-20
7072.27 2.3515289e-16 1e-20
7073.74 2.4094109e-16 1e-20
7075.21 2.3199131e-16 1e-20
7076.68 2.2670924e-16 1e-20
7078.15 2.2369089e-16 1e-20
7079.62 2.1523339e-16 1e-20
7081.09 2.1146943e-16 1e-20
7082.56 2.2415462e-16 1e-20
7084.03 2.3413889e-16 1e-20
7085.5 2.3194136e-16 1e-20
7086.97 2.3456108e-16 1e-20
7088.44 2.3827026e-16 1e-20
7089.91 2.1647379e-16 1e-20
7091.38 2.1342062e-16 1e-20
7092.85 2.3466987e-16 1e-20
7094.32 2.3429643e-16 1e-20
7095.79 2.2363877e-16 1e-20
7097.26 2.1709941e-16 1e-20
7098.73 2.1893032e-16 1e-20
7100.2 2.3441992e-16 1e-20
7101.67 2.3371997e-16 1e-20
7103.14 2.1944987e-16 1e-20
7104.61 2.2438297e-16 1e-20
7106.08 2.3521433e-16 1e-20
7107.55 2.4606863e-16 1e-20
7109.02 2.502774e-16 1e-20
7110.49 2.2897394e-16 1e-20
7111.96 2.3066912e-16 1e-20
7113.43 2.3861008e-16 1e-20
7114.9 2.2345476e-16 1e-20
7116.37 2.2743801e-16 1e-20
7117.84 2.271155e-16 1e-20
7119.31 2.167119e-16 1e-20
7120.78 2.256896e-16 1e-20
7122.25 2.2877312e-16 1e-20
7123.72 2.1426066e-16 1e-20
7125.19 2.1503963e-16 1e-20
7126.66 2.2657266e-16 1e-20
7128.13 2.2621407e-16 1e-20
7129.6 2.1691826e-16 1e-20
7131.07 2.0827002e-16 1e-20
7132.54 2.1256737e-16 1e-20
7134.01 2.2116887e-16 1e-20
7135.48 2.2356577e-16 1e-20
7136.95 2.2772536e-16 1e-20
7138.42 2.2938743e-16 1e-20
7139.89 2.3354287e-16 1e-20
7141.36 2.3089028e-16 1e-20
7142.83 2.186551e-16 1e-20
7144.3 2.2787381e-16 1e-20
7145.77 2.4468307e-16 1e-20
7147.24 2.3559491e-16 1e-20
7148.71 2.2166012e-16 1e-20
7150.18 2.1928239e-16 1e-20
7151.65 2.0790299e-16 1e-20
7153.12 2.1491459e-16 1e-20
7154.59 2.2742374e-16 1e-20
7156.06 2.279521e-16 1e-20
7157.53 2.3668462e-16 1e-20
7159.0 2.3174184e-16 1e-20
7160.47 2.2973871e-16 1e-20
7161.94 2.4130751e-16 1e-20
7163.41 2.4076144e-16 1e-20
7164.88 2.3253762e-16 1e-20
7166.35 2.3027477e-16 1e-20
7167.82 2.3526205e-16 1e-20
7169.29 2.254308e-16 1e-20
7170.76 2.1733793e-16 1e-20
7172.23 2.3384806e-16 1e-20
7173.7 2.2958434e-16 1e-20
7175.17 2.0995379e-16 1e-20
7176.64 2.1320646e-16 1e-20
7178.11 2.2200552e-16 1e-20
7179.58 2.2273253e-16 1e-20
7181.05 2.2682052e-16 1e-20
7182.52 2.2996608e-16 1e-20
7183.99 2.2139922e-16 1e-20
7185.46 2.206545e-16 1e-20
7186.93 2.2208045e-16 1e-20
7188.4 2.1384677e-16 1e-20
7189.87 2.0613158e-16 1e-20
7191.34 2.0960143e-16 1e-20
7192.81 2.0848408e-16 1e-20
7194.28 2.1252656e-16 1e-20
7195.75 2.1782815e-16 1e-20
7197.22 2.1770492e-16 1e-20
7198.69 2.3198242e-16 1e-20
7200.16 2.4237837e-16 1e-20
7201.63 2.2655858e-16 1e-20
7203.1 2.1611956e-16 1e-20
7204.57 2.1700088e-16 1e-20
7206.04 2.1565733e-16 1e-20
7207.51 2.2515899e-16 1e-20
7208.98 2.2788238e-16 1e-20
7210.45 2.3100494e-16 1e-20
7211.92 2.3442044e-16 1e-20
7213.39 2.1415603e-16 1e-20
7214.86 2.0983825e-16 1e-20
7216.33 2.2180086e-16 1e-20
7217.8 2.193629e-16 1e-20
7219.27 2.2137706e-16 1e-20
7220.74 2.2050204e-16 1e-20
7222.21 2.1876012e-16 1e-20
7223.68 2.2380323e-16 1e-20
7225.15 2.2164778e-16 1e-20
7226.62 2.0731534e-16 1e-20
7228.09 2.1226129e-16 1e-20
7229.56 2.2561919e-16 1e-20
7231.03 2.2475363e-16 1e-20
7232.5 2.0759838e-16 1e-20
7233.97 2.0666683e-16 1e-20
7235.44 2.240102e-16 1e-20
7236.91 2.2408389e-16 1e-20
7238.38 2.0792875e-16 1e-20
7239.85 2.1740725e-16 1e-20
7241.32 2.3393909e-16 1e-20
7242.79 2.2121148e-16 1e-20
7244.26 2.1241704e-16 1e-20
7245.73 2.1379464e-16 1e-20
7247.2 2.0642635e-16 1e-20
7248.67 2.135274e-16 1e-20
7250.14 2.2948878e-16 1e-20
7251.61 2.1250241e-16 1e-20
7253.08 1.9838016e-16 1e-20
7254.55 2.0644633e-16 1e-20
7256.02 2.101192e-16 1e-20
7257.49 2.0801595e-16 1e-20
7258.96 1.9381343e-16 1e-20
7260.43 1.9114242e-16 1e-20
7261.9 1.9999264e-16 1e-20
7263.37 2.086572e-16 1e-20
7264.84 2.0468729e-16 1e-20
7266.31 1.8547859e-16 1e-20
7267.78 1.9666284e-16 1e-20
7269.25 2.1841398e-16 1e-20
7270.72 2.1928737e-16 1e-20
7272.19 2.1872964e-16 1e-20
7273.66 2.233285e-16 1e-20
7275.13 2.32086e-16 1e-20
7276.6 2.2224077e-16 1e-20
7278.07 2.0485387e-16 1e-20
7279.54 1.9587412e-16 1e-20
7281.01 2.0418615e-16 1e-20
7282.48 2.2181115e-16 1e-20
7283.95 2.2704964e-16 1e-20
7285.42 2.1891277e-16 1e-20
7286.89 2.0277963e-16 1e-20
7288.36 2.0870773e-16 1e-20
7289.83 2.1788272e-16 1e-20
7291.3 2.1592756e-16 1e-20
7292.77 2.0604738e-16 1e-20
7294.24 1.9262577e-16 1e-20
7295.71 1.8199104e-16 1e-20
7297.18 1.9615683e-16 1e-20
7298.65 2.0896706e-16 1e-20
7300.12 2.1412512e-16 1e-20
7301.59 2.1711601e-16 1e-20
7303.06 2.1441894e-16 1e-20
7304.53 2.0450895e-16 1e-20
7306.0 2.044053e-16 1e-20
7307.47 2.153812e-16 1e-20
7308.94 2.1013507e-16 1e-20
7310.41 2.2268327e-16 1e-20
7311.88 2.2200763e-16 1e-20
7313.35 2.1834038e-16 1e-20
7314.82 2.2732543e-16 1e-20
7316.29 2.0793677e-16 1e-20
7317.76 1.7940666e-16 1e-20
7319.23 1.7910001e-16 1e-20
7320.7 1.8816653e-16 1e-20
7322.17 1.8951438e-16 1e-20
7323.64 2.0053051e-16 1e-20
7325.11 2.055029e-16 1e-20
7326.58 2.0603728e-16 1e-20
7328.05 1.9877677e-16 1e-20
7329.52 1.8170884e-16 1e-20
7330.99 1.8289585e-16 1e-20
7332.46 1.9790853e-16 1e-20
7333.93 2.0610372e-16 1e-20
7335.4 1.9906739e-16 1e-20
7336.87 1.9897405e-16 1e-20
7338.34 2.0365655e-16 1e-20
7339.81 2.042951e-16 1e-20
7341.28 2.0891765e-16 1e-20
7342.75 2.0378674e-16 1e-20
7344.22 1.8393908e-16 1e-20
7345.69 1.6921869e-16 1e-20
7347.16 1.7136646e-16 1e-20
7348.63 1.8246519e-16 1e-20
7350.1 1.8254488e-16 1e-20
7351.57 1.8312607e-16 1e-20
7353.04 1.7537961e-16 1e-20
7354.51 1.8554128e-16 1e-20
7355.98 2.1112403e-16 1e-20
7357.45 2.0670436e-16 1e-20
7358.92 1.9524774e-16 1e-20
7360.39 1.950992e-16 1e-20
7361.86 1.8254824e-16 1e-20
7363.33 1.6606424e-16 1e-20
7364.8 1.8423521e-16 1e-20
7366.27 1.8200726e-16 1e-20
7367.74 1.5512621e-16 1e-20
7369.21 1.7195384e-16 1e-20
7370.68 1.8672268e-16 1e-20
7372.15 1.7267537e-16 1e-20
7373.62 1.6590836e-16 1e-20
7375.09 1.8606341e-16 1e-20
7376.56 1.8267392e-16 1e-20
7378.03 1.6185066e-16 1e-20
7379.5 1.6337938e-16 1e-20
7380.97 1.6572529e-16 1e-20
7382.44 1.6968338e-16 1e-20
7383.91 1.5986644e-16 1e-20
7385.38 1.5585122e-16 1e-20
7386.85 1.665697e-16 1e-20
7388.32 1.6497756e-16 1e-20
7389.79 1.6409413e-16 1e-20
7391.26 1.6885819e-16 1e-20
7392.73 1.6771295e-16 1e-20
7394.2 1.8015419e-16 1e-20
7395.67 1.7813787e-16 1e-20
7397.14 1.8538393e-16 1e-20
7398.61 2.1122621e-16 1e-20
7400.08 1.9070031e-16 1e-20
7401.55 1.7007492e-16 1e-20
7403.02 1.6690539e-16 1e-20
7404.49 1.5446315e-16 1e-20
7405.96 1.593861e-16 1e-20
