3553.144 1.31994e-15 1e-20
3557.80369 1.34652e-15 1e-20
3562.47354 1.37256e-15 1e-20
3567.13324 1.35684e-15 1e-20
3571.80308 1.35607e-15 1e-20
3576.46278 1.37133e-15 1e-20
3581.13262 1.37553e-15 1e-20
3585.79232 1.35363e-15 1e-20
3590.45201 1.33553e-15 1e-20
3595.12186 1.3133e-15 1e-20
3599.78155 1.29388e-15 1e-20
3604.4514 1.24831e-15 1e-20
3609.11109 1.20555e-15 1e-20
3613.78094 1.16487e-15 1e-20
3618.44063 1.11641e-15 1e-20
3623.10033 1.08224e-15 1e-20
3627.77018 1.02961e-15 1e-20
3632.42987 9.73187e-16 1e-20
3637.09972 9.19262e-16 1e-20
3641.75941 8.60155e-16 1e-20
3646.41911 8.2531e-16 1e-20
3651.08895 7.82016e-16 1e-20
3655.74865 7.19815e-16 1e-20
3660.41849 6.72331e-16 1e-20
3665.07819 6.62881e-16 1e-20
3669.74803 6.20951e-16 1e-20
3674.40773 5.62616e-16 1e-20
3679.06742 5.46154e-16 1e-20
3683.73727 5.31071e-16 1e-20
3688.39696 5.00986e-16 1e-20
3693.06681 4.54609e-16 1e-20
3697.72651 4.33866e-16 1e-20
3702.39635 4.45742e-16 1e-20
3707.05605 4.51606e-16 1e-20
3711.71574 4.36206e-16 1e-20
3716.38559 4.25826e-16 1e-20
3721.04528 4.3119e-16 1e-20
3725.71513 4.26465e-16 1e-20
3730.37482 4.3008e-16 1e-20
3735.04467 4.52591e-16 1e-20
3739.70436 4.66633e-16 1e-20
3744.36406 4.81562e-16 1e-20
3749.0339 4.95943e-16 1e-20
3753.6936 4.87315e-16 1e-20
3758.36345 4.70004e-16 1e-20
3763.02314 4.75109e-16 1e-20
3767.68283 4.73648e-16 1e-20
3772.35268 4.90676e-16 1e-20
3777.01238 5.23461e-16 1e-20
3781.68222 5.61702e-16 1e-20
3786.34192 5.80326e-16 1e-20
3791.01176 6.163e-16 1e-20
3795.67146 6.71727e-16 1e-20
3800.33115 7.08846e-16 1e-20
3805.001 7.37743e-16 1e-20
3809.66069 7.70949e-16 1e-20
3814.33054 7.76891e-16 1e-20
3818.99023 7.89687e-16 1e-20
3823.66008 8.20889e-16 1e-20
3828.31978 8.55307e-16 1e-20
3832.97947 9.03512e-16 1e-20
3837.64932 9.41977e-16 1e-20
3842.30901 9.51534e-16 1e-20
3846.97886 9.55583e-16 1e-20
3851.63855 1.01526e-15 1e-20
3856.3084 1.07639e-15 1e-20
3860.96809 1.10301e-15 1e-20
3865.62779 1.10314e-15 1e-20
3870.29763 1.1554e-15 1e-20
3874.95733 1.25876e-15 1e-20
3879.62717 1.34265e-15 1e-20
3884.28687 1.41115e-15 1e-20
3888.95672 1.45466e-15 1e-20
3893.61641 1.51573e-15 1e-20
3898.2761 1.58813e-15 1e-20
3902.94595 1.63411e-15 1e-20
3907.60565 1.6901e-15 1e-20
3912.27549 1.74284e-15 1e-20
3916.93519 1.79768e-15 1e-20
3921.59488 1.84885e-15 1e-20
3926.26473 1.84012e-15 1e-20
3930.92442 1.80568e-15 1e-20
3935.59427 1.86764e-15 1e-20
3940.25396 1.93596e-15 1e-20
3944.92381 1.97363e-15 1e-20
3949.5835 2.0032e-15 1e-20
3954.2432 2.02788e-15 1e-20
3958.91304 2.03843e-15 1e-20
3963.57274 2.05113e-15 1e-20
3968.24259 2.08014e-15 1e-20
3972.90228 2.10227e-15 1e-20
3977.57213 2.1571e-15 1e-20
3982.23182 2.20946e-15 1e-20
3986.89152 2.1515e-15 1e-20
3991.56136 2.08876e-15 1e-20
3996.22106 2.14092e-15 1e-20
4000.8909 2.19366e-15 1e-20
4005.5506 2.17565e-15 1e-20
4010.22044 2.12636e-15 1e-20
4014.88014 2.05413e-15 1e-20
4019.53983 1.97523e-15 1e-20
4024.20968 1.93713e-15 1e-20
4028.86937 1.90617e-15 1e-20
4033.53922 1.88318e-15 1e-20
4038.19892 1.86628e-15 1e-20
4042.85861 1.81381e-15 1e-20
4047.52846 1.79095e-15 1e-20
4052.18815 1.79847e-15 1e-20
4056.858 1.78411e-15 1e-20
4061.51769 1.76265e-15 1e-20
4066.18754 1.77762e-15 1e-20
4070.84723 1.79008e-15 1e-20
4075.50693 1.78264e-15 1e-20
4080.17677 1.81886e-15 1e-20
4084.83647 1.8736e-15 1e-20
4089.50631 1.908e-15 1e-20
4094.16601 1.95316e-15 1e-20
4098.83586 1.99919e-15 1e-20
4103.49555 2.01892e-15 1e-20
4108.15524 2.02652e-15 1e-20
4112.82509 2.05597e-15 1e-20
4117.48479 2.08292e-15 1e-20
4122.15463 2.08491e-15 1e-20
4126.81433 2.06227e-15 1e-20
4131.48417 2.07849e-15 1e-20
4136.14387 2.1038e-15 1e-20
4140.80356 2.11223e-15 1e-20
4145.47341 2.11661e-15 1e-20
4150.1331 2.10306e-15 1e-20
4154.80295 2.07239e-15 1e-20
4159.46264 2.06127e-15 1e-20
4164.13249 2.02396e-15 1e-20
4168.79218 1.98796e-15 1e-20
4173.45188 1.9596e-15 1e-20
4178.12173 1.94671e-15 1e-20
4182.78142 1.93098e-15 1e-20
4187.45127 1.88907e-15 1e-20
4192.11096 1.85983e-15 1e-20
4196.77066 1.86128e-15 1e-20
4201.4405 1.86686e-15 1e-20
4206.1002 1.87487e-15 1e-20
4210.77004 1.89623e-15 1e-20
4215.42974 1.88356e-15 1e-20
4220.09958 1.83667e-15 1e-20
4224.75928 1.79774e-15 1e-20
4229.41897 1.76873e-15 1e-20
4234.08882 1.73371e-15 1e-20
4238.74851 1.69982e-15 1e-20
4243.41836 1.6917e-15 1e-20
4248.07806 1.67601e-15 1e-20
4252.7479 1.64751e-15 1e-20
4257.4076 1.62312e-15 1e-20
4262.06729 1.57077e-15 1e-20
4266.73714 1.52249e-15 1e-20
4271.39683 1.51684e-15 1e-20
4276.06668 1.50958e-15 1e-20
4280.72637 1.47878e-15 1e-20
4285.39622 1.45296e-15 1e-20
4290.05591 1.43781e-15 1e-20
4294.71561 1.4295e-15 1e-20
4299.38545 1.42037e-15 1e-20
4304.04515 1.39995e-15 1e-20
4308.715 1.37133e-15 1e-20
4313.37469 1.33404e-15 1e-20
4318.03438 1.31463e-15 1e-20
4322.70423 1.29169e-15 1e-20
4327.36393 1.2642e-15 1e-20
4332.03377 1.26663e-15 1e-20
4336.69347 1.26193e-15 1e-20
4341.36331 1.23482e-15 1e-20
4346.02301 1.19188e-15 1e-20
4350.6827 1.15685e-15 1e-20
4355.35255 1.12968e-15 1e-20
4360.01224 1.09558e-15 1e-20
4364.68209 1.07684e-15 1e-20
4369.34178 1.09348e-15 1e-20
4374.01163 1.1311e-15 1e-20
4378.67133 1.14894e-15 1e-20
4383.33102 1.1348e-15 1e-20
4388.00087 1.1323e-15 1e-20
4392.66056 1.18456e-15 1e-20
4397.33041 1.23628e-15 1e-20
4401.9901 1.24051e-15 1e-20
4406.65995 1.24425e-15 1e-20
4411.31964 1.25439e-15 1e-20
4415.97934 1.25386e-15 1e-20
4420.64918 1.26657e-15 1e-20
4425.30888 1.27763e-15 1e-20
4429.97872 1.29006e-15 1e-20
4434.63842 1.29791e-15 1e-20
4439.30827 1.28697e-15 1e-20
4443.96796 1.26015e-15 1e-20
4448.62765 1.26001e-15 1e-20
4453.2975 1.27148e-15 1e-20
4457.9572 1.27104e-15 1e-20
4462.62704 1.29024e-15 1e-20
4467.28674 1.30323e-15 1e-20
4471.94643 1.30185e-15 1e-20
4476.61628 1.33557e-15 1e-20
4481.27597 1.37441e-15 1e-20
4485.94582 1.38137e-15 1e-20
4490.60551 1.39951e-15 1e-20
4495.27536 1.42751e-15 1e-20
4499.93505 1.45087e-15 1e-20
4504.59475 1.49603e-15 1e-20
4509.26459 1.51205e-15 1e-20
4513.92429 1.50671e-15 1e-20
4518.59414 1.52407e-15 1e-20
4523.25383 1.54312e-15 1e-20
4527.92368 1.55522e-15 1e-20
4532.58337 1.55036e-15 1e-20
4537.24307 1.54389e-15 1e-20
4541.91291 1.53387e-15 1e-20
4546.57261 1.53243e-15 1e-20
4551.24245 1.55894e-15 1e-20
4555.90215 1.57981e-15 1e-20
4560.57199 1.58086e-15 1e-20
4565.23169 1.58175e-15 1e-20
4569.89138 1.58679e-15 1e-20
4574.56123 1.58028e-15 1e-20
4579.22092 1.57065e-15 1e-20
4583.89077 1.56699e-15 1e-20
4588.55047 1.56193e-15 1e-20
4593.21016 1.54416e-15 1e-20
4597.88001 1.52056e-15 1e-20
4602.5397 1.51391e-15 1e-20
4607.20955 1.52409e-15 1e-20
4611.86924 1.5032e-15 1e-20
4616.53909 1.49555e-15 1e-20
4621.19878 1.49498e-15 1e-20
4625.85848 1.4861e-15 1e-20
4630.52832 1.48728e-15 1e-20
4635.18802 1.48291e-15 1e-20
4639.85786 1.48505e-15 1e-20
4644.51756 1.50701e-15 1e-20
4649.18741 1.52509e-15 1e-20
4653.8471 1.48985e-15 1e-20
4658.50679 1.45122e-15 1e-20
4663.17664 1.47084e-15 1e-20
4667.83634 1.47341e-15 1e-20
4672.50618 1.43272e-15 1e-20
4677.16588 1.39994e-15 1e-20
4681.83572 1.37717e-15 1e-20
4686.49542 1.35257e-15 1e-20
4691.15511 1.31198e-15 1e-20
4695.82496 1.27581e-15 1e-20
4700.48465 1.25426e-15 1e-20
4705.1545 1.24394e-15 1e-20
4709.81419 1.25157e-15 1e-20
4714.47389 1.24091e-15 1e-20
4719.14374 1.22057e-15 1e-20
4723.80343 1.2181e-15 1e-20
4728.47328 1.20807e-15 1e-20
4733.13297 1.20005e-15 1e-20
4737.80282 1.21693e-15 1e-20
4742.46251 1.22479e-15 1e-20
4747.12221 1.22281e-15 1e-20
4751.79205 1.23621e-15 1e-20
4756.45175 1.2365e-15 1e-20
4761.12159 1.21654e-15 1e-20
4765.78129 1.18509e-15 1e-20
4770.45113 1.14652e-15 1e-20
4775.11083 1.12401e-15 1e-20
4779.77052 1.11079e-15 1e-20
4784.44037 1.10513e-15 1e-20
4789.10006 1.08589e-15 1e-20
4793.76991 1.05837e-15 1e-20
4798.42961 1.03367e-15 1e-20
4803.09945 1.02869e-15 1e-20
4807.75915 1.04386e-15 1e-20
4812.41884 1.05958e-15 1e-20
4817.08869 1.06294e-15 1e-20
4821.74838 1.0767e-15 1e-20
4826.41823 1.09687e-15 1e-20
4831.07792 1.13245e-15 1e-20
4835.74777 1.15528e-15 1e-20
4840.40746 1.14349e-15 1e-20
4845.06716 1.15947e-15 1e-20
4849.737 1.18673e-15 1e-20
4854.3967 1.17353e-15 1e-20
4859.06655 1.14749e-15 1e-20
4863.72624 1.12902e-15 1e-20
4868.38593 1.0867e-15 1e-20
4873.05578 1.04469e-15 1e-20
4877.71548 1.01288e-15 1e-20
4882.38532 9.85705e-16 1e-20
4887.04502 9.6412e-16 1e-20
4891.71486 9.49784e-16 1e-20
4896.37456 9.25731e-16 1e-20
4901.03425 8.90327e-16 1e-20
4905.7041 8.47474e-16 1e-20
4910.36379 8.18987e-16 1e-20
4915.03364 8.11459e-16 1e-20
4919.69333 8.09058e-16 1e-20
4924.36318 7.91261e-16 1e-20
4929.02288 7.87719e-16 1e-20
4933.68257 8.05131e-16 1e-20
4938.35242 8.32217e-16 1e-20
4943.01211 8.47868e-16 1e-20
4947.68196 8.68462e-16 1e-20
4952.34165 8.74928e-16 1e-20
4957.0115 8.76535e-16 1e-20
4961.67119 8.86498e-16 1e-20
4966.33089 8.85281e-16 1e-20
4971.00073 9.02826e-16 1e-20
4975.66043 9.23656e-16 1e-20
4980.33027 9.20887e-16 1e-20
4984.98997 9.34732e-16 1e-20
4989.64966 9.56206e-16 1e-20
4994.31951 9.62678e-16 1e-20
4998.9792 9.63619e-16 1e-20
5003.64905 9.76731e-16 1e-20
5008.30875 9.77985e-16 1e-20
5012.97859 9.56873e-16 1e-20
5017.63829 9.45721e-16 1e-20
5022.29798 9.57064e-16 1e-20
5026.96783 9.78665e-16 1e-20
5031.62752 9.77155e-16 1e-20
5036.29737 9.75854e-16 1e-20
5040.95706 9.98201e-16 1e-20
5045.62691 1.0139e-15 1e-20
5050.2866 1.03693e-15 1e-20
5054.9463 1.05971e-15 1e-20
5059.61614 1.06142e-15 1e-20
5064.27584 1.05929e-15 1e-20
5068.94569 1.04453e-15 1e-20
5073.60538 1.0369e-15 1e-20
5078.27523 1.04529e-15 1e-20
5082.93492 1.05016e-15 1e-20
5087.59462 1.05225e-15 1e-20
5092.26446 1.07081e-15 1e-20
5096.92416 1.11059e-15 1e-20
5101.594 1.12065e-15 1e-20
5106.2537 1.10184e-15 1e-20
5110.92354 1.1152e-15 1e-20
5115.58324 1.15483e-15 1e-20
5120.24293 1.16783e-15 1e-20
5124.91278 1.16071e-15 1e-20
5129.57247 1.17417e-15 1e-20
5134.24232 1.19717e-15 1e-20
5138.90202 1.21894e-15 1e-20
5143.56171 1.23292e-15 1e-20
5148.23156 1.26593e-15 1e-20
5152.89125 1.289e-15 1e-20
5157.5611 1.29746e-15 1e-20
5162.22079 1.29827e-15 1e-20
5166.89064 1.27493e-15 1e-20
5171.55033 1.26184e-15 1e-20
5176.21003 1.25809e-15 1e-20
5180.87987 1.25131e-15 1e-20
5185.53957 1.22949e-15 1e-20
5190.20941 1.20032e-15 1e-20
5194.86911 1.18696e-15 1e-20
5199.53896 1.19278e-15 1e-20
5204.19865 1.19376e-15 1e-20
5208.85834 1.19059e-15 1e-20
5213.52819 1.18563e-15 1e-20
5218.18789 1.18808e-15 1e-20
5222.85773 1.18818e-15 1e-20
5227.51743 1.18393e-15 1e-20
5232.18727 1.20904e-15 1e-20
5236.84697 1.23188e-15 1e-20
5241.50666 1.22468e-15 1e-20
5246.17651 1.21637e-15 1e-20
5250.8362 1.21496e-15 1e-20
5255.50605 1.23333e-15 1e-20
5260.16574 1.25916e-15 1e-20
5264.82544 1.24422e-15 1e-20
5269.49529 1.21658e-15 1e-20
5274.15498 1.20328e-15 1e-20
5278.82483 1.1754e-15 1e-20
5283.48452 1.13611e-15 1e-20
5288.15437 1.10321e-15 1e-20
5292.81406 1.08323e-15 1e-20
5297.47376 1.06843e-15 1e-20
5302.1436 1.03932e-15 1e-20
5306.8033 1.00683e-15 1e-20
5311.47314 9.7893e-16 1e-20
5316.13284 9.644e-16 1e-20
5320.80268 9.41274e-16 1e-20
5325.46238 9.28521e-16 1e-20
5330.12207 9.21053e-16 1e-20
5334.79192 9.11923e-16 1e-20
5339.45161 9.07285e-16 1e-20
5344.12146 9.16427e-16 1e-20
5348.78116 9.17625e-16 1e-20
5353.451 9.02066e-16 1e-20
5358.1107 9.00634e-16 1e-20
5362.77039 8.95616e-16 1e-20
5367.44024 8.9573e-16 1e-20
5372.09993 9.08763e-16 1e-20
5376.76978 9.07017e-16 1e-20
5381.42947 8.88169e-16 1e-20
5386.09932 9.01831e-16 1e-20
5390.75901 9.30055e-16 1e-20
5395.41871 9.40419e-16 1e-20
5400.08855 9.37673e-16 1e-20
5404.74825 9.21737e-16 1e-20
5409.4181 9.14871e-16 1e-20
5414.07779 9.14373e-16 1e-20
5418.73748 9.0023e-16 1e-20
5423.40733 8.90297e-16 1e-20
5428.06703 8.97975e-16 1e-20
5432.73687 9.10324e-16 1e-20
5437.39657 9.0174e-16 1e-20
5442.06641 8.88395e-16 1e-20
5446.72611 8.96346e-16 1e-20
5451.3858 8.92246e-16 1e-20
5456.05565 8.81003e-16 1e-20
5460.71534 8.70075e-16 1e-20
5465.38519 8.63727e-16 1e-20
5470.04488 8.54817e-16 1e-20
5474.71473 8.45606e-16 1e-20
5479.37443 8.4109e-16 1e-20
5484.03412 8.2917e-16 1e-20
5488.70397 8.06663e-16 1e-20
5493.36366 7.88147e-16 1e-20
5498.03351 7.68773e-16 1e-20
5502.6932 7.55802e-16 1e-20
5507.36305 7.58106e-16 1e-20
5512.02274 7.53403e-16 1e-20
5516.68244 7.39284e-16 1e-20
5521.35228 7.38131e-16 1e-20
5526.01198 7.58045e-16 1e-20
5530.68182 7.80461e-16 1e-20
5535.34152 7.91156e-16 1e-20
5540.00121 8.06442e-16 1e-20
5544.67106 8.24673e-16 1e-20
5549.33075 8.40528e-16 1e-20
5554.0006 8.57426e-16 1e-20
5558.6603 8.74255e-16 1e-20
5563.33014 8.92065e-16 1e-20
5567.98984 9.12345e-16 1e-20
5572.64953 9.2622e-16 1e-20
5577.31938 9.29337e-16 1e-20
5581.97907 9.4912e-16 1e-20
5586.64892 9.66e-16 1e-20
5591.30861 9.53673e-16 1e-20
5595.97846 9.48538e-16 1e-20
5600.63815 9.455e-16 1e-20
5605.29785 9.50844e-16 1e-20
5609.9677 9.55468e-16 1e-20
5614.62739 9.59291e-16 1e-20
5619.29724 9.82187e-16 1e-20
5623.95693 1.00102e-15 1e-20
5628.62678 9.88229e-16 1e-20
5633.28647 1.00125e-15 1e-20
5637.94617 1.01969e-15 1e-20
5642.61601 1.01927e-15 1e-20
5647.27571 1.01525e-15 1e-20
5651.94555 1.02015e-15 1e-20
5656.60525 1.02164e-15 1e-20
5661.27509 1.03093e-15 1e-20
5665.93479 1.02926e-15 1e-20
5670.59448 1.01901e-15 1e-20
5675.26433 1.0141e-15 1e-20
5679.92402 1.01354e-15 1e-20
5684.59387 1.01803e-15 1e-20
5689.25357 1.02371e-15 1e-20
5693.91326 1.03587e-15 1e-20
5698.58311 1.03655e-15 1e-20
5703.2428 1.032e-15 1e-20
5707.91265 1.02963e-15 1e-20
5712.57234 1.01813e-15 1e-20
5717.24219 1.02624e-15 1e-20
5721.90188 1.03255e-15 1e-20
5726.56158 1.02041e-15 1e-20
5731.23142 1.0273e-15 1e-20
5735.89112 1.03812e-15 1e-20
5740.56096 1.03519e-15 1e-20
5745.22066 1.02828e-15 1e-20
5749.89051 1.02576e-15 1e-20
5754.5502 1.02116e-15 1e-20
5759.20989 1.00633e-15 1e-20
5763.87974 9.93915e-16 1e-20
5768.53944 9.92995e-16 1e-20
5773.20928 1.00466e-15 1e-20
5777.86898 9.79564e-16 1e-20
5782.53882 9.54014e-16 1e-20
5787.19852 9.59792e-16 1e-20
5791.85821 9.50363e-16 1e-20
5796.52806 9.29415e-16 1e-20
5801.18775 9.11183e-16 1e-20
5805.8576 8.94761e-16 1e-20
5810.51729 8.70551e-16 1e-20
5815.17699 8.61209e-16 1e-20
5819.84684 8.59518e-16 1e-20
5824.50653 8.63215e-16 1e-20
5829.17638 8.48842e-16 1e-20
5833.83607 8.29338e-16 1e-20
5838.50592 8.28793e-16 1e-20
5843.16561 8.42008e-16 1e-20
5847.82531 8.47698e-16 1e-20
5852.49515 8.50484e-16 1e-20
5857.15485 8.61051e-16 1e-20
5861.82469 8.6219e-16 1e-20
5866.48439 8.73006e-16 1e-20
5871.15423 8.77941e-16 1e-20
5875.81393 8.74434e-16 1e-20
5880.47362 8.64647e-16 1e-20
5885.14347 8.36911e-16 1e-20
5889.80316 8.24637e-16 1e-20
5894.47301 8.48563e-16 1e-20
5899.13271 8.90842e-16 1e-20
5903.80255 9.02068e-16 1e-20
5908.46225 9.05735e-16 1e-20
5913.12194 9.21521e-16 1e-20
5917.79179 9.25977e-16 1e-20
5922.45148 9.28885e-16 1e-20
5927.12133 9.31888e-16 1e-20
5931.78102 9.42461e-16 1e-20
5936.45087 9.48049e-16 1e-20
5941.11056 9.4359e-16 1e-20
5945.77026 9.42291e-16 1e-20
5950.4401 9.54921e-16 1e-20
5955.0998 9.45251e-16 1e-20
5959.76965 9.53592e-16 1e-20
5964.42934 9.78946e-16 1e-20
5969.08904 9.62776e-16 1e-20
5973.75888 9.16539e-16 1e-20
5978.41858 8.98255e-16 1e-20
5983.08842 9.25658e-16 1e-20
5987.74812 9.44612e-16 1e-20
5992.41796 9.38516e-16 1e-20
5997.07766 9.52482e-16 1e-20
6001.73735 9.71563e-16 1e-20
6006.4072 9.66149e-16 1e-20
6011.06689 9.54345e-16 1e-20
6015.73674 9.56175e-16 1e-20
6020.39643 9.51036e-16 1e-20
6025.06628 9.38758e-16 1e-20
6029.72598 9.32217e-16 1e-20
6034.38567 9.14439e-16 1e-20
6039.05552 8.9801e-16 1e-20
6043.71521 8.97957e-16 1e-20
6048.38506 8.85505e-16 1e-20
6053.04475 8.62533e-16 1e-20
6057.7146 8.55098e-16 1e-20
6062.37429 8.47143e-16 1e-20
6067.03399 8.1496e-16 1e-20
6071.70383 7.81366e-16 1e-20
6076.36353 7.7135e-16 1e-20
6081.03337 7.52851e-16 1e-20
6085.69307 7.4546e-16 1e-20
6090.35276 7.37321e-16 1e-20
6095.02261 7.20563e-16 1e-20
6099.6823 7.16952e-16 1e-20
6104.35215 7.07859e-16 1e-20
6109.01185 6.68877e-16 1e-20
6113.68169 6.37899e-16 1e-20
6118.34139 6.16533e-16 1e-20
6123.00108 6.10639e-16 1e-20
6127.67093 5.97995e-16 1e-20
6132.33062 5.73932e-16 1e-20
6137.00047 5.64912e-16 1e-20
6141.66016 5.52846e-16 1e-20
6146.33001 5.43379e-16 1e-20
6150.9897 5.36449e-16 1e-20
6155.6494 5.11543e-16 1e-20
6160.31925 4.88399e-16 1e-20
6164.97894 4.756e-16 1e-20
6169.64879 4.63876e-16 1e-20
6174.30848 4.5908e-16 1e-20
6178.97833 4.46988e-16 1e-20
6183.63802 4.30175e-16 1e-20
6188.29772 4.29057e-16 1e-20
6192.96756 4.32105e-16 1e-20
6197.62726 4.27324e-16 1e-20
6202.2971 4.30824e-16 1e-20
6206.9568 4.46244e-16 1e-20
6211.62664 4.53452e-16 1e-20
6216.28634 4.59109e-16 1e-20
6220.94603 4.58644e-16 1e-20
6225.61588 4.54392e-16 1e-20
6230.27557 4.62616e-16 1e-20
6234.94542 4.94653e-16 1e-20
6239.60512 5.10643e-16 1e-20
6244.26481 5.14567e-16 1e-20
6248.93466 5.34601e-16 1e-20
6253.59435 5.56918e-16 1e-20
6258.2642 5.81505e-16 1e-20
6262.92389 5.94472e-16 1e-20
6267.59374 6.18551e-16 1e-20
6272.25343 6.27155e-16 1e-20
6276.91313 6.31832e-16 1e-20
6281.58297 6.54532e-16 1e-20
6286.24267 6.70008e-16 1e-20
6290.91251 6.86676e-16 1e-20
6295.57221 7.10888e-16 1e-20
6300.24206 7.32346e-16 1e-20
6304.90175 7.50109e-16 1e-20
6309.56144 7.67466e-16 1e-20
6314.23129 7.93558e-16 1e-20
6318.89099 8.1072e-16 1e-20
6323.56083 8.15498e-16 1e-20
6328.22053 8.30519e-16 1e-20
6332.89037 8.51086e-16 1e-20
6337.55007 8.52407e-16 1e-20
6342.20976 8.53206e-16 1e-20
6346.87961 8.7902e-16 1e-20
6351.5393 9.08077e-16 1e-20
6356.20915 9.16374e-16 1e-20
6360.86884 9.11287e-16 1e-20
6365.52854 9.1425e-16 1e-20
6370.19839 9.18136e-16 1e-20
6374.85808 9.30449e-16 1e-20
6379.52793 9.5009e-16 1e-20
6384.18762 9.58178e-16 1e-20
6388.85747 9.71252e-16 1e-20
6393.51716 9.63082e-16 1e-20
6398.17686 9.43276e-16 1e-20
6402.8467 9.49663e-16 1e-20
6407.5064 9.34434e-16 1e-20
6412.17624 9.16268e-16 1e-20
6416.83594 9.28528e-16 1e-20
6421.50578 9.3402e-16 1e-20
6426.16548 9.19974e-16 1e-20
6430.82517 9.22406e-16 1e-20
6435.49502 9.26629e-16 1e-20
6440.15471 9.18431e-16 1e-20
6444.82456 9.34977e-16 1e-20
6449.48426 9.42055e-16 1e-20
6454.1541 9.34972e-16 1e-20
6458.8138 9.26118e-16 1e-20
6463.47349 9.26984e-16 1e-20
6468.14334 9.32786e-16 1e-20
6472.80303 9.28585e-16 1e-20
6477.47288 9.23324e-16 1e-20
6482.13257 9.03439e-16 1e-20
6486.79227 8.92399e-16 1e-20
6491.46211 8.89394e-16 1e-20
6496.12181 8.83011e-16 1e-20
6500.79166 8.90928e-16 1e-20
6505.45135 9.07696e-16 1e-20
6510.1212 9.06962e-16 1e-20
6514.78089 8.81858e-16 1e-20
6519.44059 8.6988e-16 1e-20
6524.11043 8.7723e-16 1e-20
6528.77013 8.81534e-16 1e-20
6533.43997 8.68766e-16 1e-20
6538.09967 8.57775e-16 1e-20
6542.76951 8.54747e-16 1e-20
6547.42921 8.6112e-16 1e-20
6552.0889 8.59619e-16 1e-20
6556.75875 8.56878e-16 1e-20
6561.41844 8.4753e-16 1e-20
6566.08829 8.46295e-16 1e-20
6570.74798 8.61759e-16 1e-20
6575.41783 8.63768e-16 1e-20
6580.07753 8.55105e-16 1e-20
6584.73722 8.5032e-16 1e-20
6589.40707 8.39973e-16 1e-20
6594.06676 8.36161e-16 1e-20
6598.73661 8.28627e-16 1e-20
6603.3963 8.30295e-16 1e-20
6608.06615 8.41974e-16 1e-20
6612.72584 8.41344e-16 1e-20
6617.38554 8.32514e-16 1e-20
6622.05538 8.26246e-16 1e-20
6626.71508 8.20849e-16 1e-20
6631.38492 8.17665e-16 1e-20
6636.04462 8.19211e-16 1e-20
6640.70431 8.22087e-16 1e-20
6645.37416 8.16655e-16 1e-20
6650.03385 8.07006e-16 1e-20
6654.7037 8.05913e-16 1e-20
6659.3634 8.11038e-16 1e-20
6664.03324 8.10658e-16 1e-20
6668.69294 8.00812e-16 1e-20
6673.35263 7.96684e-16 1e-20
6678.02248 7.88457e-16 1e-20
6682.68217 7.73259e-16 1e-20
6687.35202 7.76067e-16 1e-20
6692.01171 7.81784e-16 1e-20
6696.68156 7.76656e-16 1e-20
6701.34125 7.64958e-16 1e-20
6706.00095 7.64527e-16 1e-20
6710.6708 7.64489e-16 1e-20
6715.33049 7.56507e-16 1e-20
6720.00034 7.56183e-16 1e-20
6724.66003 7.58937e-16 1e-20
6729.32988 7.60832e-16 1e-20
6733.98957 7.58066e-16 1e-20
6738.64927 7.53986e-16 1e-20
6743.31911 7.4358e-16 1e-20
6747.97881 7.38093e-16 1e-20
6752.64865 7.4313e-16 1e-20
6757.30835 7.44124e-16 1e-20
6761.96804 7.3437e-16 1e-20
6766.63789 7.27767e-16 1e-20
6771.29758 7.29542e-16 1e-20
6775.96743 7.29483e-16 1e-20
6780.62712 7.38253e-16 1e-20
6785.29697 7.30946e-16 1e-20
6789.95667 7.19756e-16 1e-20
6794.61636 7.20013e-16 1e-20
6799.28621 7.15231e-16 1e-20
6803.9459 7.07742e-16 1e-20
6808.61575 7.03217e-16 1e-20
6813.27544 6.91915e-16 1e-20
6817.94529 6.84879e-16 1e-20
6822.60498 6.96021e-16 1e-20
6827.26468 6.97731e-16 1e-20
6831.93452 6.78352e-16 1e-20
6836.59422 6.7049e-16 1e-20
6841.26406 6.76576e-16 1e-20
6845.92376 6.7432e-16 1e-20
6850.59361 6.71532e-16 1e-20
6855.2533 6.67868e-16 1e-20
6859.913 6.43527e-16 1e-20
6864.58284 6.16103e-16 1e-20
6869.24254 6.35227e-16 1e-20
6873.91238 6.81446e-16 1e-20
6878.57208 6.84256e-16 1e-20
6883.24192 6.68047e-16 1e-20
6887.90162 6.65763e-16 1e-20
6892.56131 6.73858e-16 1e-20
6897.23116 6.80603e-16 1e-20
6901.89085 6.8231e-16 1e-20
6906.5607 6.73271e-16 1e-20
6911.22039 6.62304e-16 1e-20
6915.88009 6.53439e-16 1e-20
6920.54994 6.60696e-16 1e-20
6925.20963 6.50072e-16 1e-20
6929.87948 6.30609e-16 1e-20
6934.53917 6.33365e-16 1e-20
6939.20902 6.51063e-16 1e-20
6943.86871 6.58174e-16 1e-20
6948.52841 6.48159e-16 1e-20
6953.19825 6.48152e-16 1e-20
6957.85795 6.52146e-16 1e-20
6962.52779 6.4897e-16 1e-20
6967.18749 6.53391e-16 1e-20
6971.85733 6.64093e-16 1e-20
6976.51703 6.59338e-16 1e-20
6981.17672 6.50119e-16 1e-20
6985.84657 6.37414e-16 1e-20
6990.50626 6.36998e-16 1e-20
6995.17611 6.52072e-16 1e-20
6999.83581 6.47563e-16 1e-20
7004.50565 6.34621e-16 1e-20
7009.16535 6.338e-16 1e-20
7013.82504 6.41991e-16 1e-20
7018.49489 6.50059e-16 1e-20
7023.15458 6.47727e-16 1e-20
7027.82443 6.47031e-16 1e-20
7032.48412 6.41243e-16 1e-20
7037.14382 6.41516e-16 1e-20
7041.81366 6.5035e-16 1e-20
7046.47336 6.5213e-16 1e-20
7051.14321 6.50669e-16 1e-20
7055.8029 6.50498e-16 1e-20
7060.47275 6.45748e-16 1e-20
7065.13244 6.41505e-16 1e-20
7069.79214 6.46809e-16 1e-20
7074.46198 6.45776e-16 1e-20
7079.12168 6.40073e-16 1e-20
7083.79152 6.3183e-16 1e-20
7088.45122 6.29889e-16 1e-20
7093.12106 6.2584e-16 1e-20
7097.78076 6.22976e-16 1e-20
7102.44045 6.38173e-16 1e-20
7107.1103 6.39381e-16 1e-20
7111.76999 6.33164e-16 1e-20
7116.43984 6.30957e-16 1e-20
7121.09953 6.36413e-16 1e-20
7125.76938 6.51098e-16 1e-20
7130.42908 6.53268e-16 1e-20
7135.08877 6.40825e-16 1e-20
7139.75862 6.48071e-16 1e-20
7144.41831 6.56855e-16 1e-20
7149.08816 6.47487e-16 1e-20
7153.74785 6.43106e-16 1e-20
7158.4177 6.53246e-16 1e-20
7163.07739 6.51949e-16 1e-20
7167.73709 6.24419e-16 1e-20
7172.40693 6.24229e-16 1e-20
7177.06663 6.43887e-16 1e-20
7181.73647 6.51066e-16 1e-20
7186.39617 6.41096e-16 1e-20
7191.05586 6.40586e-16 1e-20
7195.72571 6.50875e-16 1e-20
7200.3854 6.49934e-16 1e-20
7205.05525 6.57708e-16 1e-20
7209.71495 6.72525e-16 1e-20
7214.38479 6.63543e-16 1e-20
7219.04449 6.52212e-16 1e-20
7223.70418 6.53933e-16 1e-20
7228.37403 6.43784e-16 1e-20
7233.03372 6.33824e-16 1e-20
7237.70357 6.27779e-16 1e-20
7242.36326 6.28774e-16 1e-20
7247.03311 6.36416e-16 1e-20
7251.6928 6.45027e-16 1e-20
7256.3525 6.42575e-16 1e-20
7261.02235 6.25538e-16 1e-20
7265.68204 6.25422e-16 1e-20
7270.35189 6.38622e-16 1e-20
7275.01158 6.44786e-16 1e-20
7279.68143 6.31606e-16 1e-20
7284.34112 6.17647e-16 1e-20
7289.00082 6.25341e-16 1e-20
7293.67066 6.22013e-16 1e-20
7298.33036 6.14409e-16 1e-20
7303.0002 6.14493e-16 1e-20
7307.6599 5.99521e-16 1e-20
7312.31959 5.83717e-16 1e-20
7316.98944 5.88778e-16 1e-20
7321.64913 6.07506e-16 1e-20
7326.31898 6.09397e-16 1e-20
7330.97867 6.00796e-16 1e-20
7335.64852 5.9536e-16 1e-20
7340.30822 5.91267e-16 1e-20
7344.96791 5.9126e-16 1e-20
7349.63776 5.89237e-16 1e-20
7354.29745 5.79028e-16 1e-20
7358.9673 5.74777e-16 1e-20
7363.62699 5.83885e-16 1e-20
7368.29684 5.82649e-16 1e-20
7372.95653 5.7653e-16 1e-20
7377.61623 5.84099e-16 1e-20
7382.28607 5.77232e-16 1e-20
7386.94577 5.56701e-16 1e-20
7391.61562 5.4842e-16 1e-20
7396.27531 5.49788e-16 1e-20
7400.94516 5.46758e-16 1e-20
7405.60485 5.38418e-16 1e-20
7410.26455 5.50904e-16 1e-20
7414.93439 5.45556e-16 1e-20
7419.59409 5.41066e-16 1e-20
7424.26393 5.43928e-16 1e-20
7428.92363 5.35782e-16 1e-20
7433.59347 5.33688e-16 1e-20
7438.25317 5.16327e-16 1e-20
7442.91286 5.10226e-16 1e-20
7447.58271 5.12757e-16 1e-20
7452.2424 5.09289e-16 1e-20
7456.91225 5.1874e-16 1e-20
7461.57194 5.18841e-16 1e-20
7466.23164 5.10528e-16 1e-20
7470.90149 5.03154e-16 1e-20
7475.56118 5.09102e-16 1e-20
7480.23103 5.20373e-16 1e-20
7484.89072 5.1616e-16 1e-20
7489.56057 5.15576e-16 1e-20
7494.22026 5.22562e-16 1e-20
7498.87996 5.24453e-16 1e-20
7503.5498 5.16607e-16 1e-20
7508.2095 5.05166e-16 1e-20
7512.87934 5.02672e-16 1e-20
7517.53904 5.00655e-16 1e-20
7522.20888 5.07302e-16 1e-20
7526.86858 5.17748e-16 1e-20
7531.52827 5.03455e-16 1e-20
7536.19812 4.85269e-16 1e-20
7540.85781 4.77047e-16 1e-20
7545.52766 4.65917e-16 1e-20
7550.18736 4.60722e-16 1e-20
7554.8572 4.58186e-16 1e-20
7559.5169 4.43192e-16 1e-20
7564.17659 4.20705e-16 1e-20
7568.84644 4.14545e-16 1e-20
7573.50613 4.18425e-16 1e-20
7578.17598 4.13925e-16 1e-20
7582.83567 4.06184e-16 1e-20
7587.49537 3.90114e-16 1e-20
7592.16521 3.79613e-16 1e-20
7596.82491 3.79368e-16 1e-20
7601.49476 3.86128e-16 1e-20
7606.15445 3.98137e-16 1e-20
7610.8243 4.03732e-16 1e-20
7615.48399 4.01806e-16 1e-20
7620.14369 3.9543e-16 1e-20
7624.81353 3.89601e-16 1e-20
7629.47323 4.02109e-16 1e-20
7634.14307 4.31116e-16 1e-20
7638.80277 4.34871e-16 1e-20
7643.47261 4.33178e-16 1e-20
7648.13231 4.36372e-16 1e-20
7652.792 4.29633e-16 1e-20
7657.46185 4.28886e-16 1e-20
7662.12154 4.23803e-16 1e-20
7666.79139 4.09866e-16 1e-20
7671.45108 4.1719e-16 1e-20
7676.12093 4.23393e-16 1e-20
7680.78063 4.26221e-16 1e-20
7685.44032 4.30395e-16 1e-20
7690.11017 4.25446e-16 1e-20
7694.76986 4.20216e-16 1e-20
7699.43971 4.36284e-16 1e-20
7704.0994 4.38177e-16 1e-20
7708.76925 4.29868e-16 1e-20
7713.42894 4.48669e-16 1e-20
7718.08864 4.60275e-16 1e-20
7722.75848 4.64729e-16 1e-20
7727.41818 4.56148e-16 1e-20
7732.08802 4.27816e-16 1e-20
7736.74772 4.42108e-16 1e-20
7741.40741 4.60797e-16 1e-20
7746.07726 4.67674e-16 1e-20
7750.73696 4.64793e-16 1e-20
7755.4068 4.61665e-16 1e-20
7760.0665 4.5603e-16 1e-20
7764.73634 4.57609e-16 1e-20
7769.39604 4.54551e-16 1e-20
7774.05573 4.51313e-16 1e-20
7778.72558 4.51743e-16 1e-20
7783.38527 4.56983e-16 1e-20
7788.05512 4.59771e-16 1e-20
7792.71481 4.71359e-16 1e-20
7797.38466 4.81533e-16 1e-20
7802.04435 4.80007e-16 1e-20
7806.70405 4.89402e-16 1e-20
7811.3739 4.94008e-16 1e-20
7816.03359 4.98072e-16 1e-20
7820.70344 5.08408e-16 1e-20
7825.36313 5.13465e-16 1e-20
7830.03298 4.98443e-16 1e-20
7834.69267 4.88947e-16 1e-20
7839.35237 4.82192e-16 1e-20
7844.02221 4.73218e-16 1e-20
7848.68191 4.85178e-16 1e-20
7853.35175 4.94251e-16 1e-20
7858.01145 4.67123e-16 1e-20
7862.67114 4.47854e-16 1e-20
7867.34099 4.51263e-16 1e-20
7872.00068 4.52917e-16 1e-20
7876.67053 4.47678e-16 1e-20
7881.33022 4.51251e-16 1e-20
7886.00007 4.27765e-16 1e-20
7890.65977 4.0493e-16 1e-20
7895.31946 4.01775e-16 1e-20
7899.98931 4.03179e-16 1e-20
7904.649 4.04789e-16 1e-20
7909.31885 3.87651e-16 1e-20
7913.97854 3.71233e-16 1e-20
7918.64839 3.65461e-16 1e-20
7923.30808 3.60689e-16 1e-20
7927.96778 3.64303e-16 1e-20
7932.63762 3.63526e-16 1e-20
7937.29732 3.51919e-16 1e-20
7941.96717 3.27387e-16 1e-20
7946.62686 2.96872e-16 1e-20
7951.29671 2.90797e-16 1e-20
7955.9564 2.9318e-16 1e-20
7960.6161 2.84508e-16 1e-20
7965.28594 2.73573e-16 1e-20
7969.94564 2.70941e-16 1e-20
7974.61548 2.69068e-16 1e-20
7979.27518 2.62671e-16 1e-20
7983.94502 2.61728e-16 1e-20
7988.60472 2.59639e-16 1e-20
7993.26441 2.49457e-16 1e-20
7997.93426 2.33628e-16 1e-20
8002.59395 2.23065e-16 1e-20
8007.2638 2.12908e-16 1e-20
8011.92349 2.14778e-16 1e-20
8016.58319 2.15453e-16 1e-20
8021.25304 2.14851e-16 1e-20
8025.91273 2.02153e-16 1e-20
8030.58258 1.98189e-16 1e-20
8035.24227 2.04168e-16 1e-20
8039.91212 2.05213e-16 1e-20
8044.57181 2.1029e-16 1e-20
8049.23151 2.12439e-16 1e-20
8053.90135 2.0229e-16 1e-20
8058.56105 1.87189e-16 1e-20
8063.23089 1.9655e-16 1e-20
8067.89059 2.09585e-16 1e-20
8072.56043 2.01096e-16 1e-20
8077.22013 1.87374e-16 1e-20
8081.87982 1.84203e-16 1e-20
8086.54967 1.80083e-16 1e-20
8091.20936 1.82987e-16 1e-20
8095.87921 1.88962e-16 1e-20
8100.53891 1.90014e-16 1e-20
8105.20875 1.83558e-16 1e-20
8109.86845 1.82445e-16 1e-20
8114.52814 1.95328e-16 1e-20
8119.19799 2.00635e-16 1e-20
8123.85768 1.84647e-16 1e-20
8128.52753 1.75988e-16 1e-20
8133.18722 1.76806e-16 1e-20
8137.84692 1.74964e-16 1e-20
8142.51676 1.66013e-16 1e-20
8147.17646 1.69241e-16 1e-20
8151.84631 1.83554e-16 1e-20
8156.506 1.85957e-16 1e-20
8161.17585 1.81722e-16 1e-20
8165.83554 1.88806e-16 1e-20
8170.49524 2.00298e-16 1e-20
8175.16508 2.10825e-16 1e-20
8179.82478 2.16388e-16 1e-20
8184.49462 2.05121e-16 1e-20
8189.15432 2.04951e-16 1e-20
8193.82416 2.15776e-16 1e-20
8198.48386 2.26477e-16 1e-20
8203.14355 2.34756e-16 1e-20
8207.8134 2.41595e-16 1e-20
8212.47309 2.45943e-16 1e-20
8217.14294 2.4314e-16 1e-20
8221.80263 2.41246e-16 1e-20
8226.47248 2.33611e-16 1e-20
8231.13218 2.2792e-16 1e-20
8235.79187 2.33923e-16 1e-20
8240.46172 2.38707e-16 1e-20
8245.12141 2.5099e-16 1e-20
8249.79126 2.49182e-16 1e-20
8254.45095 2.59749e-16 1e-20
8259.11065 2.67431e-16 1e-20
8263.78049 2.49323e-16 1e-20
8268.44019 2.49466e-16 1e-20
8273.11003 2.56296e-16 1e-20
8277.76973 2.46752e-16 1e-20
8282.43958 2.35879e-16 1e-20
8287.09927 2.32271e-16 1e-20
8291.75896 2.27003e-16 1e-20
8296.42881 2.36217e-16 1e-20
8301.08851 2.41779e-16 1e-20
8305.75835 2.43876e-16 1e-20
8310.41805 2.44894e-16 1e-20
8315.08789 2.33127e-16 1e-20
8319.74759 2.41136e-16 1e-20
8324.40728 2.49974e-16 1e-20
8329.07713 2.49008e-16 1e-20
8333.73682 2.54562e-16 1e-20
8338.40667 2.74379e-16 1e-20
8343.06636 2.74574e-16 1e-20
8347.73621 2.5456e-16 1e-20
8352.3959 2.65352e-16 1e-20
8357.0556 2.6908e-16 1e-20
8361.72545 2.71835e-16 1e-20
8366.38514 2.89358e-16 1e-20
8371.05499 2.97647e-16 1e-20
8375.71468 2.85667e-16 1e-20
8380.38453 2.84991e-16 1e-20
8385.04422 2.94674e-16 1e-20
8389.70392 3.04053e-16 1e-20
8394.37376 3.06483e-16 1e-20
8399.03346 2.99591e-16 1e-20
8403.7033 2.92045e-16 1e-20
8408.363 3.02774e-16 1e-20
8413.02269 3.1319e-16 1e-20
8417.69254 3.24702e-16 1e-20
8422.35223 3.07253e-16 1e-20
8427.02208 3.07629e-16 1e-20
8431.68177 3.0854e-16 1e-20
8436.35162 2.99085e-16 1e-20
8441.01132 2.87698e-16 1e-20
8445.67101 2.84442e-16 1e-20
8450.34086 2.88072e-16 1e-20
8455.00055 2.93481e-16 1e-20
8459.6704 2.90612e-16 1e-20
8464.33009 2.98162e-16 1e-20
8468.99994 3.18645e-16 1e-20
8473.65963 3.22183e-16 1e-20
8478.31933 3.22658e-16 1e-20
8482.98917 3.2047e-16 1e-20
8487.64887 3.15849e-16 1e-20
8492.31872 3.29367e-16 1e-20
8496.97841 3.38298e-16 1e-20
8501.64826 3.34709e-16 1e-20
8506.30795 3.27833e-16 1e-20
8510.96765 3.30408e-16 1e-20
8515.63749 3.44839e-16 1e-20
8520.29719 3.39814e-16 1e-20
8524.96703 3.38542e-16 1e-20
8529.62673 3.55015e-16 1e-20
8534.28642 3.65446e-16 1e-20
8538.95627 3.66811e-16 1e-20
8543.61596 3.63822e-16 1e-20
8548.28581 3.67738e-16 1e-20
8552.9455 3.8129e-16 1e-20
8557.61535 3.74901e-16 1e-20
8562.27504 3.58746e-16 1e-20
8566.93474 3.59005e-16 1e-20
8571.60459 3.57522e-16 1e-20
8576.26428 3.66472e-16 1e-20
8580.93413 3.75659e-16 1e-20
8585.59382 3.82572e-16 1e-20
8590.26367 3.96266e-16 1e-20
8594.92336 4.02731e-16 1e-20
8599.58306 4.03308e-16 1e-20
8604.2529 4.13357e-16 1e-20
8608.9126 4.06877e-16 1e-20
8613.58244 3.91519e-16 1e-20
8618.24214 4.01426e-16 1e-20
8622.91198 3.98234e-16 1e-20
8627.57168 3.99493e-16 1e-20
8632.23137 3.99303e-16 1e-20
8636.90122 4.01753e-16 1e-20
8641.56092 4.24592e-16 1e-20
8646.23076 4.47292e-16 1e-20
8650.89046 4.30018e-16 1e-20
8655.5603 4.19118e-16 1e-20
8660.22 4.18225e-16 1e-20
8664.87969 4.10246e-16 1e-20
8669.54954 4.10106e-16 1e-20
8674.20923 4.18667e-16 1e-20
8678.87908 4.17223e-16 1e-20
8683.53877 4.1164e-16 1e-20
8688.19847 4.28213e-16 1e-20
8692.86831 4.35237e-16 1e-20
8697.52801 4.23887e-16 1e-20
8702.19786 4.23153e-16 1e-20
8706.85755 4.11955e-16 1e-20
8711.5274 4.2878e-16 1e-20
8716.18709 4.25876e-16 1e-20
8720.84679 4.14087e-16 1e-20
8725.51663 4.12377e-16 1e-20
8730.17633 3.86586e-16 1e-20
8734.84617 3.86237e-16 1e-20
8739.50587 3.92792e-16 1e-20
8744.17571 3.77378e-16 1e-20
8748.83541 3.77311e-16 1e-20
8753.4951 3.88524e-16 1e-20
8758.16495 3.94308e-16 1e-20
8762.82464 3.74668e-16 1e-20
8767.49449 3.63105e-16 1e-20
