3454.0 2.53736 1e-20
3456.0 2.42871 1e-20
3458.0 2.27968 1e-20
3460.0 2.32657 1e-20
3462.0 2.36797 1e-20
3464.0 2.39084 1e-20
3466.0 2.48128 1e-20
3468.0 2.22699 1e-20
3470.0 2.33428 1e-20
3472.0 2.45932 1e-20
3474.0 2.61967 1e-20
3476.0 2.66449 1e-20
3478.0 2.50784 1e-20
3480.0 2.60431 1e-20
3482.0 2.65161 1e-20
3484.0 2.83709 1e-20
3486.0 2.67154 1e-20
3488.0 2.72509 1e-20
3490.0 2.93886 1e-20
3492.0 2.88736 1e-20
3494.0 2.90158 1e-20
3496.0 2.99346 1e-20
3498.0 2.98929 1e-20
3500.0 3.09247 1e-20
3502.0 3.23723 1e-20
3504.0 3.23091 1e-20
3506.0 3.26926 1e-20
3508.0 3.38381 1e-20
3510.0 3.49526 1e-20
3512.0 3.4756 1e-20
3514.0 3.57189 1e-20
3516.0 3.8799 1e-20
3518.0 3.97471 1e-20
3520.0 4.10081 1e-20
3522.0 4.03146 1e-20
3524.0 4.07918 1e-20
3526.0 4.30923 1e-20
3528.0 4.41301 1e-20
3530.0 4.27655 1e-20
3532.0 4.56705 1e-20
3534.0 4.72658 1e-20
3536.0 4.6954 1e-20
3538.0 4.83354 1e-20
3540.0 4.87203 1e-20
3542.0 4.94593 1e-20
3544.0 5.05858 1e-20
3546.0 5.00815 1e-20
3548.0 5.06339 1e-20
3550.0 4.98314 1e-20
3552.0 4.93848 1e-20
3554.0 5.01811 1e-20
3556.0 5.20092 1e-20
3558.0 5.12248 1e-20
3560.0 4.96943 1e-20
3562.0 4.97724 1e-20
3564.0 5.10641 1e-20
3566.0 4.98868 1e-20
3568.0 5.19569 1e-20
3570.0 5.26969 1e-20
3572.0 5.07981 1e-20
3574.0 5.1774 1e-20
3576.0 5.22828 1e-20
3578.0 5.35313 1e-20
3580.0 5.32109 1e-20
3582.0 5.42231 1e-20
3584.0 5.47776 1e-20
3586.0 5.3599 1e-20
3588.0 5.28452 1e-20
3590.0 5.23375 1e-20
3592.0 5.22993 1e-20
3594.0 5.30211 1e-20
3596.0 5.43469 1e-20
3598.0 5.40787 1e-20
3600.0 5.47326 1e-20
3602.0 5.30707 1e-20
3604.0 5.37845 1e-20
3606.0 5.32416 1e-20
3608.0 5.37194 1e-20
3610.0 5.38999 1e-20
3612.0 5.48262 1e-20
3614.0 5.40662 1e-20
3616.0 5.32715 1e-20
3618.0 5.47809 1e-20
3620.0 5.35952 1e-20
3622.0 5.40393 1e-20
3624.0 5.42264 1e-20
3626.0 5.39504 1e-20
3628.0 5.26167 1e-20
3630.0 5.32303 1e-20
3632.0 5.39829 1e-20
3634.0 5.2959 1e-20
3636.0 5.54838 1e-20
3638.0 5.47175 1e-20
3640.0 5.46594 1e-20
3642.0 5.52449 1e-20
3644.0 5.62015 1e-20
3646.0 5.79014 1e-20
3648.0 5.6646 1e-20
3650.0 5.68417 1e-20
3652.0 5.84754 1e-20
3654.0 5.86732 1e-20
3656.0 5.75794 1e-20
3658.0 5.68054 1e-20
3660.0 5.71718 1e-20
3662.0 5.8804 1e-20
3664.0 5.9153 1e-20
3666.0 5.80029 1e-20
3668.0 5.83533 1e-20
3670.0 5.92337 1e-20
3672.0 5.85803 1e-20
3674.0 5.77558 1e-20
3676.0 5.88802 1e-20
3678.0 5.92984 1e-20
3680.0 5.80072 1e-20
3682.0 5.62498 1e-20
3684.0 5.83793 1e-20
3686.0 5.65613 1e-20
3688.0 5.71516 1e-20
3690.0 5.80714 1e-20
3692.0 5.61791 1e-20
3694.0 5.51799 1e-20
3696.0 5.5849 1e-20
3698.0 5.52717 1e-20
3700.0 5.38727 1e-20
3702.0 5.28188 1e-20
3704.0 5.04685 1e-20
3706.0 4.86742 1e-20
3708.0 4.88442 1e-20
3710.0 4.72681 1e-20
3712.0 4.39881 1e-20
3714.0 4.22036 1e-20
3716.0 4.06227 1e-20
3718.0 3.76688 1e-20
3720.0 3.53958 1e-20
3722.0 3.47186 1e-20
3724.0 3.3225 1e-20
3726.0 3.22354 1e-20
3728.0 2.95865 1e-20
3730.0 2.91535 1e-20
3732.0 2.86956 1e-20
3734.0 2.68683 1e-20
3736.0 2.59104 1e-20
3738.0 2.55345 1e-20
3740.0 2.51323 1e-20
3742.0 2.41713 1e-20
3744.0 2.39308 1e-20
3746.0 2.39357 1e-20
3748.0 2.30611 1e-20
3750.0 2.14781 1e-20
3752.0 2.11064 1e-20
3754.0 2.04807 1e-20
3756.0 1.99339 1e-20
3758.0 1.99686 1e-20
3760.0 2.00493 1e-20
3762.0 1.91305 1e-20
3764.0 1.95984 1e-20
3766.0 2.01311 1e-20
3768.0 1.84329 1e-20
3770.0 1.94641 1e-20
3772.0 2.03162 1e-20
3774.0 1.95687 1e-20
3776.0 2.02305 1e-20
3778.0 2.14593 1e-20
3780.0 2.12042 1e-20
3782.0 2.05734 1e-20
3784.0 2.19226 1e-20
3786.0 2.08335 1e-20
3788.0 2.16004 1e-20
3790.0 2.07267 1e-20
3792.0 2.1361 1e-20
3794.0 2.01781 1e-20
3796.0 2.06686 1e-20
3798.0 2.10616 1e-20
3800.0 2.12587 1e-20
3802.0 2.15106 1e-20
3804.0 2.0628 1e-20
3806.0 2.15822 1e-20
3808.0 2.13221 1e-20
3810.0 2.24625 1e-20
3812.0 2.26738 1e-20
3814.0 2.34048 1e-20
3816.0 2.31148 1e-20
3818.0 2.17181 1e-20
3820.0 2.28731 1e-20
3822.0 2.3611 1e-20
3824.0 2.43755 1e-20
3826.0 2.4294 1e-20
3828.0 2.5289 1e-20
3830.0 2.45092 1e-20
3832.0 2.54794 1e-20
3834.0 2.58873 1e-20
3836.0 2.53839 1e-20
3838.0 2.60061 1e-20
3840.0 2.78165 1e-20
3842.0 2.74693 1e-20
3844.0 2.85871 1e-20
3846.0 2.92162 1e-20
3848.0 2.96479 1e-20
3850.0 3.03305 1e-20
3852.0 3.08126 1e-20
3854.0 3.13589 1e-20
3856.0 3.21617 1e-20
3858.0 3.27867 1e-20
3860.0 3.31514 1e-20
3862.0 3.43548 1e-20
3864.0 3.49263 1e-20
3866.0 3.46714 1e-20
3868.0 3.52788 1e-20
3870.0 3.68195 1e-20
3872.0 3.72725 1e-20
3874.0 3.56547 1e-20
3876.0 3.62265 1e-20
3878.0 3.65282 1e-20
3880.0 3.76085 1e-20
3882.0 3.69311 1e-20
3884.0 3.80882 1e-20
3886.0 3.82103 1e-20
3888.0 3.89177 1e-20
3890.0 4.01828 1e-20
3892.0 4.03133 1e-20
3894.0 4.02574 1e-20
3896.0 4.2155 1e-20
3898.0 4.19465 1e-20
3900.0 4.39097 1e-20
3902.0 4.42511 1e-20
3904.0 4.45834 1e-20
3906.0 4.35311 1e-20
3908.0 4.33757 1e-20
3910.0 4.40329 1e-20
3912.0 4.40434 1e-20
3914.0 4.4588 1e-20
3916.0 4.4601 1e-20
3918.0 4.53831 1e-20
3920.0 4.61026 1e-20
3922.0 4.64284 1e-20
3924.0 4.7062 1e-20
3926.0 4.75956 1e-20
3928.0 4.99083 1e-20
3930.0 4.78528 1e-20
3932.0 4.75635 1e-20
3934.0 4.78496 1e-20
3936.0 5.01095 1e-20
3938.0 5.06165 1e-20
3940.0 5.12038 1e-20
3942.0 5.23219 1e-20
3944.0 5.31564 1e-20
3946.0 5.22628 1e-20
3948.0 5.24219 1e-20
3950.0 5.353 1e-20
3952.0 5.37322 1e-20
3954.0 5.43494 1e-20
3956.0 5.36796 1e-20
3958.0 5.52844 1e-20
3960.0 5.50937 1e-20
3962.0 5.53966 1e-20
3964.0 5.59501 1e-20
3966.0 5.47877 1e-20
3968.0 5.61177 1e-20
3970.0 5.71153 1e-20
3972.0 5.69257 1e-20
3974.0 5.63127 1e-20
3976.0 5.70364 1e-20
3978.0 5.73704 1e-20
3980.0 5.67687 1e-20
3982.0 5.71748 1e-20
3984.0 5.81256 1e-20
3986.0 5.72946 1e-20
3988.0 5.78229 1e-20
3990.0 5.68473 1e-20
3992.0 5.76317 1e-20
3994.0 5.89357 1e-20
3996.0 5.76086 1e-20
3998.0 5.81689 1e-20
4000.0 5.9915 1e-20
4002.0 5.96653 1e-20
4004.0 5.93863 1e-20
4006.0 6.04444 1e-20
4008.0 6.00654 1e-20
4010.0 6.0198 1e-20
4012.0 5.82997 1e-20
4014.0 5.77661 1e-20
4016.0 5.94319 1e-20
4018.0 5.92533 1e-20
4020.0 6.03212 1e-20
4022.0 6.18679 1e-20
4024.0 6.10147 1e-20
4026.0 6.11781 1e-20
4028.0 6.15352 1e-20
4030.0 6.31388 1e-20
4032.0 6.03117 1e-20
4034.0 6.16825 1e-20
4036.0 6.26889 1e-20
4038.0 6.21756 1e-20
4040.0 6.22249 1e-20
4042.0 6.16378 1e-20
4044.0 6.15319 1e-20
4046.0 6.2135 1e-20
4048.0 6.09614 1e-20
4050.0 6.13876 1e-20
4052.0 6.06255 1e-20
4054.0 6.15283 1e-20
4056.0 6.20461 1e-20
4058.0 6.14557 1e-20
4060.0 6.22318 1e-20
4062.0 5.96862 1e-20
4064.0 6.01921 1e-20
4066.0 6.00629 1e-20
4068.0 5.89231 1e-20
4070.0 5.9805 1e-20
4072.0 5.79382 1e-20
4074.0 5.65218 1e-20
4076.0 5.63348 1e-20
4078.0 5.59145 1e-20
4080.0 5.54101 1e-20
4082.0 5.48834 1e-20
4084.0 5.61013 1e-20
4086.0 5.50031 1e-20
4088.0 5.59321 1e-20
4090.0 5.45332 1e-20
4092.0 5.4009 1e-20
4094.0 5.55133 1e-20
4096.0 5.57323 1e-20
4098.0 5.56564 1e-20
4100.0 5.52228 1e-20
4102.0 5.62489 1e-20
4104.0 5.59713 1e-20
4106.0 5.56026 1e-20
4108.0 5.54561 1e-20
4110.0 5.63361 1e-20
4112.0 5.64496 1e-20
4114.0 5.6782 1e-20
4116.0 5.66381 1e-20
4118.0 5.88632 1e-20
4120.0 5.84362 1e-20
4122.0 5.81791 1e-20
4124.0 5.8012 1e-20
4126.0 5.85018 1e-20
4128.0 5.81278 1e-20
4130.0 5.75306 1e-20
4132.0 5.97882 1e-20
4134.0 6.0257 1e-20
4136.0 5.90787 1e-20
4138.0 5.92068 1e-20
4140.0 6.10127 1e-20
4142.0 6.13074 1e-20
4144.0 6.21573 1e-20
4146.0 6.13629 1e-20
4148.0 6.19754 1e-20
4150.0 6.24848 1e-20
4152.0 6.18397 1e-20
4154.0 6.3069 1e-20
4156.0 6.37407 1e-20
4158.0 6.40832 1e-20
4160.0 6.29289 1e-20
4162.0 6.30604 1e-20
4164.0 6.2968 1e-20
4166.0 6.28888 1e-20
4168.0 6.29858 1e-20
4170.0 6.29925 1e-20
4172.0 6.17984 1e-20
4174.0 6.3405 1e-20
4176.0 6.27741 1e-20
4178.0 6.24234 1e-20
4180.0 6.29584 1e-20
4182.0 6.26507 1e-20
4184.0 6.18443 1e-20
4186.0 6.18863 1e-20
4188.0 6.13915 1e-20
4190.0 6.25064 1e-20
4192.0 6.19627 1e-20
4194.0 6.0879 1e-20
4196.0 5.98367 1e-20
4198.0 5.93273 1e-20
4200.0 5.79674 1e-20
4202.0 5.90408 1e-20
4204.0 5.74093 1e-20
4206.0 5.81189 1e-20
4208.0 5.77427 1e-20
4210.0 5.59893 1e-20
4212.0 5.66606 1e-20
4214.0 5.62116 1e-20
4216.0 5.64966 1e-20
4218.0 5.66161 1e-20
4220.0 5.57838 1e-20
4222.0 5.54123 1e-20
4224.0 5.4246 1e-20
4226.0 5.4832 1e-20
4228.0 5.3824 1e-20
4230.0 5.31641 1e-20
4232.0 5.23647 1e-20
4234.0 5.14361 1e-20
4236.0 5.18989 1e-20
4238.0 5.13618 1e-20
4240.0 5.13805 1e-20
4242.0 5.16078 1e-20
4244.0 5.10197 1e-20
4246.0 5.16192 1e-20
4248.0 5.20005 1e-20
4250.0 5.13266 1e-20
4252.0 5.12626 1e-20
4254.0 5.13065 1e-20
4256.0 5.0871 1e-20
4258.0 5.04234 1e-20
4260.0 5.02721 1e-20
4262.0 5.119 1e-20
4264.0 4.94362 1e-20
4266.0 4.9256 1e-20
4268.0 4.81464 1e-20
4270.0 4.8168 1e-20
4272.0 4.87447 1e-20
4274.0 4.79654 1e-20
4276.0 4.77348 1e-20
4278.0 4.58448 1e-20
4280.0 4.69652 1e-20
4282.0 4.59287 1e-20
4284.0 4.49821 1e-20
4286.0 4.49136 1e-20
4288.0 4.51687 1e-20
4290.0 4.39189 1e-20
4292.0 4.23862 1e-20
4294.0 4.22112 1e-20
4296.0 4.19157 1e-20
4298.0 4.10874 1e-20
4300.0 4.03337 1e-20
4302.0 4.04877 1e-20
4304.0 3.96946 1e-20
4306.0 3.96262 1e-20
4308.0 3.95462 1e-20
4310.0 3.86191 1e-20
4312.0 3.85016 1e-20
4314.0 3.65407 1e-20
4316.0 3.66918 1e-20
4318.0 3.76073 1e-20
4320.0 3.70537 1e-20
4322.0 3.54844 1e-20
4324.0 3.49912 1e-20
4326.0 3.55231 1e-20
4328.0 3.47493 1e-20
4330.0 3.42013 1e-20
4332.0 3.44912 1e-20
4334.0 3.42795 1e-20
4336.0 3.38737 1e-20
4338.0 3.33278 1e-20
4340.0 3.32328 1e-20
4342.0 3.24709 1e-20
4344.0 3.27032 1e-20
4346.0 3.15218 1e-20
4348.0 3.22045 1e-20
4350.0 3.14494 1e-20
4352.0 3.15951 1e-20
4354.0 3.05806 1e-20
4356.0 3.04008 1e-20
4358.0 3.09065 1e-20
4360.0 2.97909 1e-20
4362.0 3.0696 1e-20
4364.0 2.99139 1e-20
4366.0 2.89642 1e-20
4368.0 2.85813 1e-20
4370.0 2.99321 1e-20
4372.0 2.89927 1e-20
4374.0 2.84739 1e-20
4376.0 2.87296 1e-20
4378.0 2.86076 1e-20
4380.0 2.82542 1e-20
4382.0 2.87801 1e-20
4384.0 2.92319 1e-20
4386.0 2.94731 1e-20
4388.0 2.98401 1e-20
4390.0 2.92834 1e-20
4392.0 2.92333 1e-20
4394.0 3.03143 1e-20
4396.0 3.04489 1e-20
4398.0 3.03179 1e-20
4400.0 3.13056 1e-20
4402.0 3.1223 1e-20
4404.0 3.18815 1e-20
4406.0 3.16199 1e-20
4408.0 3.20094 1e-20
4410.0 3.20783 1e-20
4412.0 3.22249 1e-20
4414.0 3.26732 1e-20
4416.0 3.19342 1e-20
4418.0 3.22782 1e-20
4420.0 3.3 1e-20
4422.0 3.33578 1e-20
4424.0 3.35493 1e-20
4426.0 3.38452 1e-20
4428.0 3.40097 1e-20
4430.0 3.4547 1e-20
4432.0 3.57859 1e-20
4434.0 3.59299 1e-20
4436.0 3.51277 1e-20
4438.0 3.65527 1e-20
4440.0 3.77941 1e-20
4442.0 3.87309 1e-20
4444.0 3.87757 1e-20
4446.0 3.86528 1e-20
4448.0 3.92797 1e-20
4450.0 3.87572 1e-20
4452.0 3.95362 1e-20
4454.0 3.93389 1e-20
4456.0 4.0546 1e-20
4458.0 4.08949 1e-20
4460.0 4.07997 1e-20
4462.0 4.10752 1e-20
4464.0 4.19301 1e-20
4466.0 4.16266 1e-20
4468.0 4.16861 1e-20
4470.0 4.07754 1e-20
4472.0 4.2545 1e-20
4474.0 4.24651 1e-20
4476.0 4.21432 1e-20
4478.0 4.17112 1e-20
4480.0 4.2136 1e-20
4482.0 4.15536 1e-20
4484.0 4.11655 1e-20
4486.0 4.02373 1e-20
4488.0 3.96938 1e-20
4490.0 3.91884 1e-20
4492.0 3.87281 1e-20
4494.0 3.89642 1e-20
4496.0 3.92674 1e-20
4498.0 3.83035 1e-20
4500.0 3.81634 1e-20
4502.0 3.68802 1e-20
4504.0 3.67901 1e-20
4506.0 3.58354 1e-20
4508.0 3.61829 1e-20
4510.0 3.6205 1e-20
4512.0 3.58377 1e-20
4514.0 3.59502 1e-20
4516.0 3.55259 1e-20
4518.0 3.56115 1e-20
4520.0 3.63796 1e-20
4522.0 3.60067 1e-20
4524.0 3.57279 1e-20
4526.0 3.64399 1e-20
4528.0 3.66717 1e-20
4530.0 3.65905 1e-20
4532.0 3.77505 1e-20
4534.0 3.79135 1e-20
4536.0 3.87944 1e-20
4538.0 3.91919 1e-20
4540.0 3.93146 1e-20
4542.0 3.99859 1e-20
4544.0 4.04186 1e-20
4546.0 4.05883 1e-20
4548.0 4.14804 1e-20
4550.0 4.21619 1e-20
4552.0 4.25765 1e-20
4554.0 4.15835 1e-20
4556.0 4.24335 1e-20
4558.0 4.28682 1e-20
4560.0 4.25905 1e-20
4562.0 4.34433 1e-20
4564.0 4.25416 1e-20
4566.0 4.29434 1e-20
4568.0 4.44143 1e-20
4570.0 4.38978 1e-20
4572.0 4.31103 1e-20
4574.0 4.36005 1e-20
4576.0 4.3895 1e-20
4578.0 4.29852 1e-20
4580.0 4.41481 1e-20
4582.0 4.43661 1e-20
4584.0 4.37466 1e-20
4586.0 4.4306 1e-20
4588.0 4.38763 1e-20
4590.0 4.33744 1e-20
4592.0 4.36707 1e-20
4594.0 4.46109 1e-20
4596.0 4.43411 1e-20
4598.0 4.36317 1e-20
4600.0 4.36504 1e-20
4602.0 4.33431 1e-20
4604.0 4.4036 1e-20
4606.0 4.35863 1e-20
4608.0 4.354 1e-20
4610.0 4.41502 1e-20
4612.0 4.34883 1e-20
4614.0 4.36917 1e-20
4616.0 4.28145 1e-20
4618.0 4.3523 1e-20
4620.0 4.42831 1e-20
4622.0 4.34153 1e-20
4624.0 4.33323 1e-20
4626.0 4.36315 1e-20
4628.0 4.28873 1e-20
4630.0 4.32234 1e-20
4632.0 4.20588 1e-20
4634.0 4.25852 1e-20
4636.0 4.32909 1e-20
4638.0 4.31985 1e-20
4640.0 4.27395 1e-20
4642.0 4.2092 1e-20
4644.0 4.18623 1e-20
4646.0 4.22167 1e-20
4648.0 4.21182 1e-20
4650.0 4.19311 1e-20
4652.0 4.16061 1e-20
4654.0 4.17079 1e-20
4656.0 4.15817 1e-20
4658.0 4.14427 1e-20
4660.0 4.0819 1e-20
4662.0 4.08914 1e-20
4664.0 4.04612 1e-20
4666.0 4.06061 1e-20
4668.0 4.09746 1e-20
4670.0 4.08812 1e-20
4672.0 4.02288 1e-20
4674.0 3.96668 1e-20
4676.0 4.06452 1e-20
4678.0 4.07198 1e-20
4680.0 4.02498 1e-20
4682.0 3.90337 1e-20
4684.0 3.96989 1e-20
4686.0 4.01115 1e-20
4688.0 3.9614 1e-20
4690.0 3.96053 1e-20
4692.0 3.91505 1e-20
4694.0 3.98753 1e-20
4696.0 3.86591 1e-20
4698.0 3.9227 1e-20
4700.0 3.92101 1e-20
4702.0 3.86957 1e-20
4704.0 3.87138 1e-20
4706.0 3.86136 1e-20
4708.0 3.84327 1e-20
4710.0 3.84339 1e-20
4712.0 3.90628 1e-20
4714.0 3.8536 1e-20
4716.0 3.86376 1e-20
4718.0 3.84071 1e-20
4720.0 3.84714 1e-20
4722.0 3.81155 1e-20
4724.0 3.75947 1e-20
4726.0 3.81714 1e-20
4728.0 3.71529 1e-20
4730.0 3.67032 1e-20
4732.0 3.71656 1e-20
4734.0 3.68275 1e-20
4736.0 3.60731 1e-20
4738.0 3.52968 1e-20
4740.0 3.50034 1e-20
4742.0 3.44744 1e-20
4744.0 3.36605 1e-20
4746.0 3.32685 1e-20
4748.0 3.39488 1e-20
4750.0 3.28053 1e-20
4752.0 3.21052 1e-20
4754.0 3.22358 1e-20
4756.0 3.18182 1e-20
4758.0 3.09499 1e-20
4760.0 3.05967 1e-20
4762.0 3.00359 1e-20
4764.0 3.02528 1e-20
4766.0 3.04277 1e-20
4768.0 3.00235 1e-20
4770.0 3.03901 1e-20
4772.0 3.05153 1e-20
4774.0 2.93553 1e-20
4776.0 3.03431 1e-20
4778.0 2.95275 1e-20
4780.0 3.01813 1e-20
4782.0 3.03853 1e-20
4784.0 2.99626 1e-20
4786.0 2.97927 1e-20
4788.0 2.98957 1e-20
4790.0 3.0779 1e-20
4792.0 3.06298 1e-20
4794.0 3.14823 1e-20
4796.0 3.11138 1e-20
4798.0 3.0664 1e-20
4800.0 3.11756 1e-20
4802.0 3.09632 1e-20
4804.0 3.13054 1e-20
4806.0 3.1242 1e-20
4808.0 3.14656 1e-20
4810.0 3.0499 1e-20
4812.0 3.03305 1e-20
4814.0 3.08393 1e-20
4816.0 3.08781 1e-20
4818.0 3.05926 1e-20
4820.0 2.9998 1e-20
4822.0 3.00452 1e-20
4824.0 2.9812 1e-20
4826.0 3.04064 1e-20
4828.0 2.98712 1e-20
4830.0 3.05603 1e-20
4832.0 2.98519 1e-20
4834.0 2.95946 1e-20
4836.0 3.01691 1e-20
4838.0 2.97321 1e-20
4840.0 2.96431 1e-20
4842.0 2.96511 1e-20
4844.0 2.93997 1e-20
4846.0 2.8895 1e-20
4848.0 2.7967 1e-20
4850.0 2.84223 1e-20
4852.0 2.77103 1e-20
4854.0 2.8275 1e-20
4856.0 2.82009 1e-20
4858.0 2.83043 1e-20
4860.0 2.84653 1e-20
4862.0 2.74621 1e-20
4864.0 2.77699 1e-20
4866.0 2.80147 1e-20
4868.0 2.86503 1e-20
4870.0 2.82413 1e-20
4872.0 2.89657 1e-20
4874.0 2.86502 1e-20
4876.0 2.88264 1e-20
4878.0 2.90703 1e-20
4880.0 2.95024 1e-20
4882.0 2.95756 1e-20
4884.0 2.95284 1e-20
4886.0 2.97959 1e-20
4888.0 2.93356 1e-20
4890.0 2.95715 1e-20
4892.0 2.93205 1e-20
4894.0 3.01404 1e-20
4896.0 3.04301 1e-20
4898.0 3.04662 1e-20
4900.0 3.03526 1e-20
4902.0 3.07564 1e-20
4904.0 3.04736 1e-20
4906.0 3.02937 1e-20
4908.0 2.98538 1e-20
4910.0 3.0301 1e-20
4912.0 3.01938 1e-20
4914.0 3.00255 1e-20
4916.0 2.98923 1e-20
4918.0 2.9674 1e-20
4920.0 2.93331 1e-20
4922.0 2.87884 1e-20
4924.0 2.88749 1e-20
4926.0 2.88037 1e-20
4928.0 2.83959 1e-20
4930.0 2.83398 1e-20
4932.0 2.79037 1e-20
4934.0 2.73283 1e-20
4936.0 2.64207 1e-20
4938.0 2.66127 1e-20
4940.0 2.62007 1e-20
4942.0 2.63034 1e-20
4944.0 2.59355 1e-20
4946.0 2.54924 1e-20
4948.0 2.47374 1e-20
4950.0 2.52242 1e-20
4952.0 2.41974 1e-20
4954.0 2.37988 1e-20
4956.0 2.39271 1e-20
4958.0 2.36757 1e-20
4960.0 2.33473 1e-20
4962.0 2.27749 1e-20
4964.0 2.27604 1e-20
4966.0 2.24366 1e-20
4968.0 2.27136 1e-20
4970.0 2.21421 1e-20
4972.0 2.24306 1e-20
4974.0 2.23807 1e-20
4976.0 2.19243 1e-20
4978.0 2.21459 1e-20
4980.0 2.20414 1e-20
4982.0 2.17654 1e-20
4984.0 2.17035 1e-20
4986.0 2.19149 1e-20
4988.0 2.13678 1e-20
4990.0 2.1704 1e-20
4992.0 2.18281 1e-20
4994.0 2.21612 1e-20
4996.0 2.16653 1e-20
4998.0 2.17968 1e-20
5000.0 2.22239 1e-20
5002.0 2.17119 1e-20
5004.0 2.20265 1e-20
5006.0 2.21502 1e-20
5008.0 2.22236 1e-20
5010.0 2.24135 1e-20
5012.0 2.23793 1e-20
5014.0 2.22335 1e-20
5016.0 2.19818 1e-20
5018.0 2.19933 1e-20
5020.0 2.2077 1e-20
5022.0 2.20155 1e-20
5024.0 2.24164 1e-20
5026.0 2.20817 1e-20
5028.0 2.21162 1e-20
5030.0 2.22235 1e-20
5032.0 2.26292 1e-20
5034.0 2.32464 1e-20
5036.0 2.28431 1e-20
5038.0 2.33268 1e-20
5040.0 2.33155 1e-20
5042.0 2.33249 1e-20
5044.0 2.39503 1e-20
5046.0 2.38923 1e-20
5048.0 2.36869 1e-20
5050.0 2.36495 1e-20
5052.0 2.34172 1e-20
5054.0 2.34935 1e-20
5056.0 2.38859 1e-20
5058.0 2.30589 1e-20
5060.0 2.3239 1e-20
5062.0 2.36025 1e-20
5064.0 2.38105 1e-20
5066.0 2.39755 1e-20
5068.0 2.37616 1e-20
5070.0 2.3885 1e-20
5072.0 2.38263 1e-20
5074.0 2.45331 1e-20
5076.0 2.37733 1e-20
5078.0 2.42858 1e-20
5080.0 2.44351 1e-20
5082.0 2.40598 1e-20
5084.0 2.42022 1e-20
5086.0 2.40149 1e-20
5088.0 2.40251 1e-20
5090.0 2.4184 1e-20
5092.0 2.39811 1e-20
5094.0 2.38466 1e-20
5096.0 2.47139 1e-20
5098.0 2.44271 1e-20
5100.0 2.46741 1e-20
5102.0 2.45443 1e-20
5104.0 2.5471 1e-20
5106.0 2.5072 1e-20
5108.0 2.63346 1e-20
5110.0 2.56006 1e-20
5112.0 2.65739 1e-20
5114.0 2.6131 1e-20
5116.0 2.56296 1e-20
5118.0 2.63662 1e-20
5120.0 2.61491 1e-20
5122.0 2.60116 1e-20
5124.0 2.57525 1e-20
5126.0 2.66925 1e-20
5128.0 2.66624 1e-20
5130.0 2.66077 1e-20
5132.0 2.67632 1e-20
5134.0 2.66711 1e-20
5136.0 2.66881 1e-20
5138.0 2.68633 1e-20
5140.0 2.73653 1e-20
5142.0 2.71796 1e-20
5144.0 2.75516 1e-20
5146.0 2.79535 1e-20
5148.0 2.75287 1e-20
5150.0 2.86249 1e-20
5152.0 2.80439 1e-20
5154.0 2.80094 1e-20
5156.0 2.81933 1e-20
5158.0 2.81864 1e-20
5160.0 2.81925 1e-20
5162.0 2.83654 1e-20
5164.0 2.79986 1e-20
5166.0 2.86933 1e-20
5168.0 2.93513 1e-20
5170.0 2.93136 1e-20
5172.0 2.86566 1e-20
5174.0 2.94204 1e-20
5176.0 2.92532 1e-20
5178.0 2.95036 1e-20
5180.0 2.97677 1e-20
5182.0 2.93732 1e-20
5184.0 2.93955 1e-20
5186.0 2.97116 1e-20
5188.0 3.05238 1e-20
5190.0 3.04266 1e-20
5192.0 3.02302 1e-20
5194.0 3.03692 1e-20
5196.0 3.06605 1e-20
5198.0 3.11314 1e-20
5200.0 3.07963 1e-20
5202.0 3.12285 1e-20
5204.0 3.20791 1e-20
5206.0 3.09652 1e-20
5208.0 3.2374 1e-20
5210.0 3.21129 1e-20
5212.0 3.19008 1e-20
5214.0 3.16895 1e-20
5216.0 3.1369 1e-20
5218.0 3.23149 1e-20
5220.0 3.20632 1e-20
5222.0 3.16289 1e-20
5224.0 3.11951 1e-20
5226.0 3.21186 1e-20
5228.0 3.14346 1e-20
5230.0 3.07059 1e-20
5232.0 3.10579 1e-20
5234.0 3.18197 1e-20
5236.0 3.10282 1e-20
5238.0 3.09454 1e-20
5240.0 3.02665 1e-20
5242.0 3.0472 1e-20
5244.0 2.97517 1e-20
5246.0 3.06623 1e-20
5248.0 3.01254 1e-20
5250.0 2.95363 1e-20
5252.0 3.01869 1e-20
5254.0 3.0063 1e-20
5256.0 2.94751 1e-20
5258.0 2.93596 1e-20
5260.0 2.94227 1e-20
5262.0 2.94112 1e-20
5264.0 2.91605 1e-20
5266.0 2.99737 1e-20
5268.0 2.93262 1e-20
5270.0 2.89791 1e-20
5272.0 2.98283 1e-20
5274.0 2.94809 1e-20
5276.0 2.968 1e-20
5278.0 2.91322 1e-20
5280.0 2.99374 1e-20
5282.0 2.89405 1e-20
5284.0 2.96004 1e-20
5286.0 2.99262 1e-20
5288.0 2.94597 1e-20
5290.0 2.89621 1e-20
5292.0 2.95448 1e-20
5294.0 2.97508 1e-20
5296.0 3.00394 1e-20
5298.0 3.04903 1e-20
5300.0 3.06701 1e-20
5302.0 3.0033 1e-20
5304.0 3.06077 1e-20
5306.0 3.03627 1e-20
5308.0 3.06624 1e-20
5310.0 2.97573 1e-20
5312.0 2.99471 1e-20
5314.0 2.9887 1e-20
5316.0 3.0143 1e-20
5318.0 2.96287 1e-20
5320.0 2.9708 1e-20
5322.0 2.98977 1e-20
5324.0 2.98973 1e-20
5326.0 2.98857 1e-20
5328.0 2.95322 1e-20
5330.0 2.99483 1e-20
5332.0 3.01652 1e-20
5334.0 3.00755 1e-20
5336.0 2.95568 1e-20
5338.0 2.92454 1e-20
5340.0 2.90687 1e-20
5342.0 2.90132 1e-20
5344.0 2.82373 1e-20
5346.0 2.90253 1e-20
5348.0 2.80404 1e-20
5350.0 2.70747 1e-20
5352.0 2.68652 1e-20
5354.0 2.69368 1e-20
5356.0 2.65526 1e-20
5358.0 2.55164 1e-20
5360.0 2.53872 1e-20
5362.0 2.50582 1e-20
5364.0 2.48177 1e-20
5366.0 2.49804 1e-20
5368.0 2.40552 1e-20
5370.0 2.38125 1e-20
5372.0 2.32647 1e-20
5374.0 2.3487 1e-20
5376.0 2.34301 1e-20
5378.0 2.34127 1e-20
5380.0 2.23023 1e-20
5382.0 2.28359 1e-20
5384.0 2.23138 1e-20
5386.0 2.2053 1e-20
5388.0 2.1512 1e-20
5390.0 2.26349 1e-20
5392.0 2.16337 1e-20
5394.0 2.20792 1e-20
5396.0 2.13971 1e-20
5398.0 2.17088 1e-20
5400.0 2.18274 1e-20
5402.0 2.25492 1e-20
5404.0 2.2435 1e-20
5406.0 2.27097 1e-20
5408.0 2.26289 1e-20
5410.0 2.21161 1e-20
5412.0 2.26876 1e-20
5414.0 2.22625 1e-20
5416.0 2.23643 1e-20
5418.0 2.25439 1e-20
5420.0 2.27099 1e-20
5422.0 2.17141 1e-20
5424.0 2.27407 1e-20
5426.0 2.25122 1e-20
5428.0 2.25397 1e-20
5430.0 2.23278 1e-20
5432.0 2.19645 1e-20
5434.0 2.24856 1e-20
5436.0 2.23966 1e-20
5438.0 2.26996 1e-20
5440.0 2.25764 1e-20
5442.0 2.27835 1e-20
5444.0 2.26882 1e-20
5446.0 2.24856 1e-20
5448.0 2.28011 1e-20
5450.0 2.3015 1e-20
5452.0 2.34606 1e-20
5454.0 2.34774 1e-20
5456.0 2.3381 1e-20
5458.0 2.33274 1e-20
5460.0 2.36861 1e-20
5462.0 2.3859 1e-20
5464.0 2.36119 1e-20
5466.0 2.38229 1e-20
5468.0 2.39668 1e-20
5470.0 2.3795 1e-20
5472.0 2.36042 1e-20
5474.0 2.40113 1e-20
5476.0 2.41658 1e-20
5478.0 2.38643 1e-20
5480.0 2.34078 1e-20
5482.0 2.37164 1e-20
5484.0 2.36441 1e-20
5486.0 2.3275 1e-20
5488.0 2.34767 1e-20
5490.0 2.3162 1e-20
5492.0 2.33946 1e-20
5494.0 2.35752 1e-20
5496.0 2.36752 1e-20
5498.0 2.38929 1e-20
5500.0 2.3747 1e-20
5502.0 2.34464 1e-20
5504.0 2.35747 1e-20
5506.0 2.36911 1e-20
5508.0 2.39035 1e-20
5510.0 2.38468 1e-20
5512.0 2.33645 1e-20
5514.0 2.36777 1e-20
5516.0 2.36897 1e-20
5518.0 2.30741 1e-20
5520.0 2.29894 1e-20
5522.0 2.27644 1e-20
5524.0 2.25744 1e-20
5526.0 2.25252 1e-20
5528.0 2.25498 1e-20
5530.0 2.24881 1e-20
5532.0 2.23899 1e-20
5534.0 2.22786 1e-20
5536.0 2.20916 1e-20
5538.0 2.19787 1e-20
5540.0 2.20417 1e-20
5542.0 2.21714 1e-20
5544.0 2.20809 1e-20
5546.0 2.17952 1e-20
5548.0 2.1615 1e-20
5550.0 2.14312 1e-20
5552.0 2.12959 1e-20
5554.0 2.12505 1e-20
5556.0 2.12288 1e-20
5558.0 2.11011 1e-20
5560.0 2.08921 1e-20
5562.0 2.07239 1e-20
5564.0 2.05837 1e-20
5566.0 2.03981 1e-20
5568.0 2.01286 1e-20
5570.0 1.98577 1e-20
5572.0 1.96919 1e-20
5574.0 1.95952 1e-20
5576.0 1.9508 1e-20
5578.0 1.94837 1e-20
5580.0 1.94182 1e-20
5582.0 1.92752 1e-20
5584.0 1.91623 1e-20
5586.0 1.91828 1e-20
5588.0 1.92995 1e-20
5590.0 1.93831 1e-20
5592.0 1.94597 1e-20
5594.0 1.95831 1e-20
5596.0 1.97704 1e-20
5598.0 1.99564 1e-20
5600.0 2.0093 1e-20
5602.0 2.02053 1e-20
5604.0 2.03724 1e-20
5606.0 2.05718 1e-20
5608.0 2.0787 1e-20
5610.0 2.10748 1e-20
5612.0 2.12991 1e-20
5614.0 2.13728 1e-20
5616.0 2.13675 1e-20
5618.0 2.14801 1e-20
5620.0 2.16519 1e-20
5622.0 2.18388 1e-20
5624.0 2.20909 1e-20
5626.0 2.23071 1e-20
5628.0 2.24683 1e-20
5630.0 2.25898 1e-20
5632.0 2.26617 1e-20
5634.0 2.2676 1e-20
5636.0 2.26804 1e-20
5638.0 2.25866 1e-20
5640.0 2.26058 1e-20
5642.0 2.28026 1e-20
5644.0 2.30583 1e-20
5646.0 2.32211 1e-20
5648.0 2.33671 1e-20
5650.0 2.3424 1e-20
5652.0 2.33781 1e-20
5654.0 2.33384 1e-20
5656.0 2.33173 1e-20
5658.0 2.32703 1e-20
5660.0 2.31549 1e-20
5662.0 2.29838 1e-20
5664.0 2.28073 1e-20
5666.0 2.25388 1e-20
5668.0 2.23956 1e-20
5670.0 2.24004 1e-20
5672.0 2.24244 1e-20
5674.0 2.23783 1e-20
5676.0 2.23053 1e-20
5678.0 2.22296 1e-20
5680.0 2.20948 1e-20
5682.0 2.20555 1e-20
5684.0 2.21033 1e-20
5686.0 2.21766 1e-20
5688.0 2.22552 1e-20
5690.0 2.23491 1e-20
5692.0 2.2412 1e-20
5694.0 2.24331 1e-20
5696.0 2.25032 1e-20
5698.0 2.25817 1e-20
5700.0 2.27116 1e-20
5702.0 2.29563 1e-20
5704.0 2.32396 1e-20
5706.0 2.33108 1e-20
5708.0 2.31573 1e-20
5710.0 2.31673 1e-20
5712.0 2.3266 1e-20
5714.0 2.33366 1e-20
5716.0 2.33537 1e-20
5718.0 2.33515 1e-20
5720.0 2.33616 1e-20
5722.0 2.33507 1e-20
5724.0 2.34128 1e-20
5726.0 2.35998 1e-20
5728.0 2.36746 1e-20
5730.0 2.35987 1e-20
5732.0 2.34669 1e-20
5734.0 2.33693 1e-20
5736.0 2.32565 1e-20
5738.0 2.31966 1e-20
5740.0 2.31725 1e-20
5742.0 2.31696 1e-20
5744.0 2.32262 1e-20
5746.0 2.32614 1e-20
5748.0 2.31817 1e-20
5750.0 2.30143 1e-20
5752.0 2.29483 1e-20
5754.0 2.29179 1e-20
5756.0 2.2932 1e-20
5758.0 2.30243 1e-20
5760.0 2.31094 1e-20
5762.0 2.31194 1e-20
5764.0 2.30892 1e-20
5766.0 2.31414 1e-20
5768.0 2.33738 1e-20
5770.0 2.33278 1e-20
5772.0 2.29427 1e-20
5774.0 2.26608 1e-20
5776.0 2.26983 1e-20
5778.0 2.28941 1e-20
5780.0 2.29581 1e-20
5782.0 2.29619 1e-20
5784.0 2.30202 1e-20
5786.0 2.31675 1e-20
5788.0 2.32181 1e-20
5790.0 2.30657 1e-20
5792.0 2.28464 1e-20
5794.0 2.28523 1e-20
5796.0 2.30573 1e-20
5798.0 2.31135 1e-20
5800.0 2.31048 1e-20
5802.0 2.3095 1e-20
5804.0 2.306 1e-20
5806.0 2.30444 1e-20
5808.0 2.31564 1e-20
5810.0 2.34191 1e-20
5812.0 2.34791 1e-20
5814.0 2.34132 1e-20
5816.0 2.33251 1e-20
5818.0 2.31985 1e-20
5820.0 2.30506 1e-20
5822.0 2.28988 1e-20
5824.0 2.27131 1e-20
5826.0 2.26704 1e-20
5828.0 2.28287 1e-20
5830.0 2.28288 1e-20
5832.0 2.26462 1e-20
5834.0 2.24631 1e-20
5836.0 2.24134 1e-20
5838.0 2.24367 1e-20
5840.0 2.24121 1e-20
5842.0 2.23512 1e-20
5844.0 2.23487 1e-20
5846.0 2.23931 1e-20
5848.0 2.24628 1e-20
5850.0 2.25799 1e-20
5852.0 2.27248 1e-20
5854.0 2.26922 1e-20
5856.0 2.25135 1e-20
5858.0 2.23272 1e-20
5860.0 2.20216 1e-20
5862.0 2.17945 1e-20
5864.0 2.1743 1e-20
5866.0 2.17735 1e-20
5868.0 2.16939 1e-20
5870.0 2.15115 1e-20
5872.0 2.14607 1e-20
5874.0 2.1549 1e-20
5876.0 2.15591 1e-20
5878.0 2.1432 1e-20
5880.0 2.12504 1e-20
5882.0 2.11326 1e-20
5884.0 2.11199 1e-20
5886.0 2.0813 1e-20
5888.0 2.00594 1e-20
5890.0 1.96664 1e-20
5892.0 1.97535 1e-20
5894.0 2.00215 1e-20
5896.0 2.01945 1e-20
5898.0 2.04245 1e-20
5900.0 2.04967 1e-20
5902.0 2.04171 1e-20
5904.0 2.03773 1e-20
5906.0 2.03428 1e-20
5908.0 2.03409 1e-20
5910.0 2.04325 1e-20
5912.0 2.06098 1e-20
5914.0 2.06405 1e-20
5916.0 2.05153 1e-20
5918.0 2.0508 1e-20
5920.0 2.06303 1e-20
5922.0 2.07339 1e-20
5924.0 2.07228 1e-20
5926.0 2.06469 1e-20
5928.0 2.06127 1e-20
5930.0 2.05992 1e-20
5932.0 2.05541 1e-20
5934.0 2.04228 1e-20
5936.0 2.03787 1e-20
5938.0 2.05547 1e-20
5940.0 2.08368 1e-20
5942.0 2.08451 1e-20
5944.0 2.05472 1e-20
5946.0 2.05189 1e-20
5948.0 2.06793 1e-20
5950.0 2.07899 1e-20
5952.0 2.07943 1e-20
5954.0 2.07452 1e-20
5956.0 2.06632 1e-20
5958.0 2.04948 1e-20
5960.0 2.04235 1e-20
5962.0 2.04003 1e-20
5964.0 2.04053 1e-20
5966.0 2.04327 1e-20
5968.0 2.04931 1e-20
5970.0 2.06109 1e-20
5972.0 2.08203 1e-20
5974.0 2.08908 1e-20
5976.0 2.08375 1e-20
5978.0 2.08326 1e-20
5980.0 2.08824 1e-20
5982.0 2.09453 1e-20
5984.0 2.09956 1e-20
5986.0 2.10494 1e-20
5988.0 2.10697 1e-20
5990.0 2.10377 1e-20
5992.0 2.10492 1e-20
5994.0 2.11307 1e-20
5996.0 2.11877 1e-20
5998.0 2.11485 1e-20
6000.0 2.10466 1e-20
6002.0 2.09229 1e-20
6004.0 2.07339 1e-20
6006.0 2.05744 1e-20
6008.0 2.04135 1e-20
6010.0 2.0278 1e-20
6012.0 2.01811 1e-20
6014.0 2.01155 1e-20
6016.0 2.00923 1e-20
6018.0 2.00735 1e-20
6020.0 2.01721 1e-20
6022.0 2.0402 1e-20
6024.0 2.06461 1e-20
6026.0 2.08935 1e-20
6028.0 2.11385 1e-20
6030.0 2.12648 1e-20
6032.0 2.12622 1e-20
6034.0 2.13251 1e-20
6036.0 2.14139 1e-20
6038.0 2.14765 1e-20
6040.0 2.15168 1e-20
6042.0 2.1524 1e-20
6044.0 2.14517 1e-20
6046.0 2.12863 1e-20
6048.0 2.11725 1e-20
6050.0 2.1047 1e-20
6052.0 2.09636 1e-20
6054.0 2.09312 1e-20
6056.0 2.09283 1e-20
6058.0 2.09432 1e-20
6060.0 2.10059 1e-20
6062.0 2.09605 1e-20
6064.0 2.07881 1e-20
6066.0 2.06983 1e-20
6068.0 2.06812 1e-20
6070.0 2.07055 1e-20
6072.0 2.07791 1e-20
6074.0 2.09198 1e-20
6076.0 2.08896 1e-20
6078.0 2.07283 1e-20
6080.0 2.05605 1e-20
6082.0 2.03222 1e-20
6084.0 2.01129 1e-20
6086.0 2.00099 1e-20
6088.0 1.99733 1e-20
6090.0 1.99095 1e-20
6092.0 1.98614 1e-20
6094.0 1.9795 1e-20
6096.0 1.96995 1e-20
6098.0 1.96237 1e-20
6100.0 1.96008 1e-20
6102.0 1.96033 1e-20
6104.0 1.95478 1e-20
6106.0 1.94708 1e-20
6108.0 1.93516 1e-20
6110.0 1.9159 1e-20
6112.0 1.89941 1e-20
6114.0 1.88781 1e-20
6116.0 1.87931 1e-20
6118.0 1.8745 1e-20
6120.0 1.87835 1e-20
6122.0 1.87005 1e-20
6124.0 1.85167 1e-20
6126.0 1.83541 1e-20
6128.0 1.82106 1e-20
6130.0 1.8091 1e-20
6132.0 1.80427 1e-20
6134.0 1.80882 1e-20
6136.0 1.80094 1e-20
6138.0 1.78309 1e-20
6140.0 1.76842 1e-20
6142.0 1.75413 1e-20
6144.0 1.744 1e-20
6146.0 1.74603 1e-20
6148.0 1.76036 1e-20
6150.0 1.75779 1e-20
6152.0 1.74203 1e-20
6154.0 1.73111 1e-20
6156.0 1.72587 1e-20
6158.0 1.71813 1e-20
6160.0 1.70034 1e-20
6162.0 1.67518 1e-20
6164.0 1.66289 1e-20
6166.0 1.66034 1e-20
6168.0 1.65549 1e-20
6170.0 1.65223 1e-20
6172.0 1.64723 1e-20
6174.0 1.63653 1e-20
6176.0 1.62286 1e-20
6178.0 1.61997 1e-20
6180.0 1.62953 1e-20
6182.0 1.62979 1e-20
6184.0 1.6293 1e-20
6186.0 1.62079 1e-20
6188.0 1.59876 1e-20
6190.0 1.56909 1e-20
6192.0 1.5477 1e-20
6194.0 1.52469 1e-20
6196.0 1.51439 1e-20
6198.0 1.51973 1e-20
6200.0 1.52054 1e-20
6202.0 1.51437 1e-20
6204.0 1.50373 1e-20
6206.0 1.48597 1e-20
6208.0 1.45495 1e-20
6210.0 1.44306 1e-20
6212.0 1.44673 1e-20
6214.0 1.44705 1e-20
6216.0 1.44376 1e-20
6218.0 1.43877 1e-20
6220.0 1.4309 1e-20
6222.0 1.41872 1e-20
6224.0 1.41424 1e-20
6226.0 1.41783 1e-20
6228.0 1.41666 1e-20
6230.0 1.41067 1e-20
6232.0 1.40318 1e-20
6234.0 1.39637 1e-20
6236.0 1.38923 1e-20
6238.0 1.38162 1e-20
6240.0 1.37514 1e-20
6242.0 1.36486 1e-20
6244.0 1.34883 1e-20
6246.0 1.33386 1e-20
6248.0 1.32342 1e-20
6250.0 1.31561 1e-20
6252.0 1.31519 1e-20
6254.0 1.32873 1e-20
6256.0 1.32942 1e-20
6258.0 1.32061 1e-20
6260.0 1.31021 1e-20
6262.0 1.30167 1e-20
6264.0 1.29254 1e-20
6266.0 1.2794 1e-20
6268.0 1.26007 1e-20
6270.0 1.24605 1e-20
6272.0 1.23297 1e-20
6274.0 1.22363 1e-20
6276.0 1.21974 1e-20
6278.0 1.21912 1e-20
6280.0 1.21698 1e-20
6282.0 1.2143 1e-20
6284.0 1.21453 1e-20
6286.0 1.21463 1e-20
6288.0 1.22029 1e-20
6290.0 1.23411 1e-20
6292.0 1.25135 1e-20
6294.0 1.26485 1e-20
6296.0 1.27679 1e-20
6298.0 1.29105 1e-20
6300.0 1.31262 1e-20
6302.0 1.32303 1e-20
6304.0 1.31975 1e-20
6306.0 1.31108 1e-20
6308.0 1.30276 1e-20
6310.0 1.2892 1e-20
6312.0 1.29413 1e-20
6314.0 1.31394 1e-20
6316.0 1.33584 1e-20
6318.0 1.36479 1e-20
6320.0 1.3937 1e-20
6322.0 1.41705 1e-20
6324.0 1.43784 1e-20
6326.0 1.45106 1e-20
6328.0 1.44926 1e-20
6330.0 1.46178 1e-20
6332.0 1.49177 1e-20
6334.0 1.51597 1e-20
6336.0 1.52063 1e-20
6338.0 1.51421 1e-20
6340.0 1.51486 1e-20
6342.0 1.51256 1e-20
6344.0 1.51918 1e-20
6346.0 1.53497 1e-20
6348.0 1.55092 1e-20
6350.0 1.56548 1e-20
6352.0 1.57916 1e-20
6354.0 1.58642 1e-20
6356.0 1.58272 1e-20
6358.0 1.59196 1e-20
6360.0 1.61223 1e-20
6362.0 1.62884 1e-20
6364.0 1.63966 1e-20
6366.0 1.64704 1e-20
6368.0 1.65024 1e-20
6370.0 1.64485 1e-20
6372.0 1.65198 1e-20
6374.0 1.67193 1e-20
6376.0 1.68471 1e-20
6378.0 1.68644 1e-20
6380.0 1.68622 1e-20
6382.0 1.69423 1e-20
6384.0 1.70768 1e-20
6386.0 1.71702 1e-20
6388.0 1.7245 1e-20
6390.0 1.73259 1e-20
6392.0 1.7407 1e-20
6394.0 1.74954 1e-20
6396.0 1.76095 1e-20
6398.0 1.77504 1e-20
6400.0 1.78111 1e-20
6402.0 1.77789 1e-20
6404.0 1.78064 1e-20
6406.0 1.78917 1e-20
6408.0 1.79733 1e-20
6410.0 1.80227 1e-20
6412.0 1.80554 1e-20
6414.0 1.80316 1e-20
6416.0 1.7895 1e-20
6418.0 1.78742 1e-20
6420.0 1.79406 1e-20
6422.0 1.8027 1e-20
6424.0 1.81151 1e-20
6426.0 1.8214 1e-20
6428.0 1.82912 1e-20
6430.0 1.84078 1e-20
6432.0 1.83981 1e-20
6434.0 1.82248 1e-20
6436.0 1.81203 1e-20
6438.0 1.81634 1e-20
6440.0 1.82681 1e-20
6442.0 1.83128 1e-20
6444.0 1.83592 1e-20
6446.0 1.83478 1e-20
6448.0 1.82413 1e-20
6450.0 1.8198 1e-20
6452.0 1.82779 1e-20
6454.0 1.83729 1e-20
6456.0 1.83195 1e-20
6458.0 1.81396 1e-20
6460.0 1.80653 1e-20
6462.0 1.80571 1e-20
6464.0 1.80149 1e-20
6466.0 1.79159 1e-20
6468.0 1.78236 1e-20
6470.0 1.78088 1e-20
6472.0 1.78546 1e-20
6474.0 1.78466 1e-20
6476.0 1.78087 1e-20
6478.0 1.77827 1e-20
6480.0 1.77557 1e-20
6482.0 1.77434 1e-20
6484.0 1.77717 1e-20
6486.0 1.78336 1e-20
6488.0 1.7821 1e-20
6490.0 1.76902 1e-20
6492.0 1.76992 1e-20
6494.0 1.78535 1e-20
6496.0 1.80043 1e-20
6498.0 1.80892 1e-20
6500.0 1.81425 1e-20
6502.0 1.81185 1e-20
6504.0 1.79794 1e-20
6506.0 1.79039 1e-20
6508.0 1.7876 1e-20
6510.0 1.78124 1e-20
6512.0 1.76535 1e-20
6514.0 1.74625 1e-20
6516.0 1.74179 1e-20
6518.0 1.75705 1e-20
6520.0 1.74969 1e-20
6522.0 1.71939 1e-20
6524.0 1.70239 1e-20
6526.0 1.7095 1e-20
6528.0 1.72565 1e-20
6530.0 1.73022 1e-20
6532.0 1.7313 1e-20
6534.0 1.72916 1e-20
6536.0 1.72388 1e-20
6538.0 1.71498 1e-20
6540.0 1.69877 1e-20
6542.0 1.68254 1e-20
6544.0 1.67736 1e-20
6546.0 1.68059 1e-20
6548.0 1.67949 1e-20
6550.0 1.68184 1e-20
6552.0 1.67645 1e-20
6554.0 1.65931 1e-20
6556.0 1.64201 1e-20
6558.0 1.63557 1e-20
6560.0 1.63578 1e-20
6562.0 1.63252 1e-20
6564.0 1.62939 1e-20
6566.0 1.62564 1e-20
6568.0 1.62048 1e-20
6570.0 1.61614 1e-20
6572.0 1.61476 1e-20
6574.0 1.6153 1e-20
6576.0 1.61167 1e-20
6578.0 1.60516 1e-20
6580.0 1.59843 1e-20
6582.0 1.59029 1e-20
6584.0 1.5822 1e-20
6586.0 1.57378 1e-20
6588.0 1.56568 1e-20
6590.0 1.56366 1e-20
6592.0 1.57104 1e-20
6594.0 1.56959 1e-20
6596.0 1.56348 1e-20
6598.0 1.55578 1e-20
6600.0 1.54493 1e-20
6602.0 1.53372 1e-20
6604.0 1.53226 1e-20
6606.0 1.54259 1e-20
6608.0 1.54118 1e-20
6610.0 1.53258 1e-20
6612.0 1.52421 1e-20
6614.0 1.51504 1e-20
6616.0 1.50701 1e-20
6618.0 1.50615 1e-20
6620.0 1.51328 1e-20
6622.0 1.51148 1e-20
6624.0 1.50228 1e-20
6626.0 1.49701 1e-20
6628.0 1.49558 1e-20
6630.0 1.49639 1e-20
6632.0 1.49988 1e-20
6634.0 1.5077 1e-20
6636.0 1.50564 1e-20
6638.0 1.49412 1e-20
6640.0 1.48617 1e-20
6642.0 1.48163 1e-20
6644.0 1.47645 1e-20
6646.0 1.46709 1e-20
6648.0 1.45473 1e-20
6650.0 1.44947 1e-20
6652.0 1.45185 1e-20
6654.0 1.44914 1e-20
6656.0 1.44116 1e-20
6658.0 1.43502 1e-20
6660.0 1.43559 1e-20
6662.0 1.43978 1e-20
6664.0 1.43724 1e-20
6666.0 1.42795 1e-20
6668.0 1.42408 1e-20
6670.0 1.42196 1e-20
6672.0 1.42276 1e-20
6674.0 1.42945 1e-20
6676.0 1.43843 1e-20
6678.0 1.43686 1e-20
6680.0 1.4247 1e-20
6682.0 1.41932 1e-20
6684.0 1.41478 1e-20
6686.0 1.4131 1e-20
6688.0 1.41667 1e-20
6690.0 1.42166 1e-20
6692.0 1.42006 1e-20
6694.0 1.41362 1e-20
6696.0 1.40864 1e-20
6698.0 1.40175 1e-20
6700.0 1.39706 1e-20
6702.0 1.39525 1e-20
6704.0 1.3947 1e-20
6706.0 1.39398 1e-20
6708.0 1.39435 1e-20
6710.0 1.3918 1e-20
6712.0 1.38616 1e-20
6714.0 1.38183 1e-20
6716.0 1.37885 1e-20
6718.0 1.37603 1e-20
6720.0 1.37279 1e-20
6722.0 1.36959 1e-20
6724.0 1.36429 1e-20
6726.0 1.35279 1e-20
6728.0 1.35026 1e-20
6730.0 1.36029 1e-20
6732.0 1.36774 1e-20
6734.0 1.36107 1e-20
6736.0 1.34607 1e-20
6738.0 1.34232 1e-20
6740.0 1.34721 1e-20
6742.0 1.34709 1e-20
6744.0 1.35055 1e-20
6746.0 1.34386 1e-20
6748.0 1.31059 1e-20
6750.0 1.2656 1e-20
6752.0 1.27177 1e-20
6754.0 1.27794 1e-20
6756.0 1.28411 1e-20
6758.0 1.29028 1e-20
6760.0 1.29645 1e-20
6762.0 1.30262 1e-20
6764.0 1.30879 1e-20
6766.0 1.31496 1e-20
6768.0 1.32114 1e-20
6770.0 1.32731 1e-20
6772.0 1.33348 1e-20
6774.0 1.33965 1e-20
6776.0 1.33965 1e-20
6778.0 1.27281 1e-20
6780.0 1.27108 1e-20
6782.0 1.28191 1e-20
6784.0 1.28593 1e-20
6786.0 1.28843 1e-20
6788.0 1.29179 1e-20
6790.0 1.29681 1e-20
6792.0 1.30147 1e-20
6794.0 1.30395 1e-20
6796.0 1.30554 1e-20
6798.0 1.30255 1e-20
6800.0 1.29195 1e-20
6802.0 1.28679 1e-20
6804.0 1.28696 1e-20
6806.0 1.28833 1e-20
6808.0 1.28904 1e-20
6810.0 1.29032 1e-20
6812.0 1.28633 1e-20
6814.0 1.27294 1e-20
6816.0 1.26971 1e-20
6818.0 1.2767 1e-20
6820.0 1.28359 1e-20
6822.0 1.28493 1e-20
6824.0 1.28394 1e-20
6826.0 1.28489 1e-20
6828.0 1.28963 1e-20
6830.0 1.28704 1e-20
6832.0 1.27712 1e-20
6834.0 1.26767 1e-20
6836.0 1.26144 1e-20
6838.0 1.25623 1e-20
6840.0 1.2498 1e-20
6842.0 1.23944 1e-20
6844.0 1.23789 1e-20
6846.0 1.24561 1e-20
6848.0 1.25071 1e-20
6850.0 1.25087 1e-20
6852.0 1.24894 1e-20
6854.0 1.24705 1e-20
6856.0 1.24444 1e-20
6858.0 1.24073 1e-20
6860.0 1.24014 1e-20
6862.0 1.23071 1e-20
6864.0 1.20538 1e-20
6866.0 1.17879 1e-20
6868.0 1.17061 1e-20
6870.0 1.17411 1e-20
6872.0 1.17944 1e-20
6874.0 1.19703 1e-20
6876.0 1.20481 1e-20
6878.0 1.2027 1e-20
6880.0 1.19624 1e-20
6882.0 1.18792 1e-20
6884.0 1.17544 1e-20
6886.0 1.17096 1e-20
6888.0 1.17023 1e-20
6890.0 1.17386 1e-20
6892.0 1.1865 1e-20
6894.0 1.19677 1e-20
6896.0 1.19692 1e-20
6898.0 1.19096 1e-20
6900.0 1.18349 1e-20
6902.0 1.1691 1e-20
6904.0 1.16024 1e-20
6906.0 1.15455 1e-20
6908.0 1.15046 1e-20
6910.0 1.14767 1e-20
6912.0 1.14628 1e-20
6914.0 1.14524 1e-20
6916.0 1.14621 1e-20
6918.0 1.14489 1e-20
6920.0 1.14295 1e-20
6922.0 1.13923 1e-20
6924.0 1.13232 1e-20
6926.0 1.12416 1e-20
6928.0 1.11959 1e-20
6930.0 1.11527 1e-20
6932.0 1.11709 1e-20
6934.0 1.12879 1e-20
6936.0 1.13456 1e-20
6938.0 1.1307 1e-20
6940.0 1.12369 1e-20
6942.0 1.12148 1e-20
6944.0 1.12195 1e-20
6946.0 1.1193 1e-20
6948.0 1.1178 1e-20
6950.0 1.11022 1e-20
6952.0 1.09122 1e-20
6954.0 1.07302 1e-20
6956.0 1.0701 1e-20
6958.0 1.07778 1e-20
6960.0 1.08279 1e-20
6962.0 1.09365 1e-20
6964.0 1.09736 1e-20
6966.0 1.09325 1e-20
6968.0 1.08723 1e-20
6970.0 1.08266 1e-20
6972.0 1.07757 1e-20
6974.0 1.07769 1e-20
6976.0 1.08425 1e-20
6978.0 1.08707 1e-20
6980.0 1.08833 1e-20
6982.0 1.08785 1e-20
6984.0 1.0848 1e-20
6986.0 1.07974 1e-20
6988.0 1.0761 1e-20
6990.0 1.07209 1e-20
6992.0 1.06962 1e-20
6994.0 1.0684 1e-20
6996.0 1.06787 1e-20
6998.0 1.0682 1e-20
7000.0 1.0691 1e-20
7002.0 1.0689 1e-20
7004.0 1.06705 1e-20
7006.0 1.06774 1e-20
7008.0 1.07323 1e-20
7010.0 1.07374 1e-20
7012.0 1.06561 1e-20
7014.0 1.05406 1e-20
7016.0 1.04726 1e-20
7018.0 1.04173 1e-20
7020.0 1.03861 1e-20
7022.0 1.03852 1e-20
7024.0 1.03862 1e-20
7026.0 1.04077 1e-20
7028.0 1.04149 1e-20
7030.0 1.03412 1e-20
7032.0 1.01808 1e-20
7034.0 1.01398 1e-20
7036.0 1.01611 1e-20
7038.0 1.02179 1e-20
7040.0 1.03609 1e-20
7042.0 1.04854 1e-20
7044.0 1.04737 1e-20
7046.0 1.03643 1e-20
7048.0 1.03269 1e-20
7050.0 1.0315 1e-20
7052.0 1.02975 1e-20
7054.0 1.02765 1e-20
7056.0 1.02601 1e-20
7058.0 1.02475 1e-20
7060.0 1.02386 1e-20
7062.0 1.02727 1e-20
7064.0 1.04017 1e-20
7066.0 1.04125 1e-20
7068.0 1.03125 1e-20
7070.0 1.02121 1e-20
7072.0 1.01426 1e-20
7074.0 1.00887 1e-20
7076.0 1.01104 1e-20
7078.0 1.02517 1e-20
7080.0 1.02915 1e-20
7082.0 1.02713 1e-20
7084.0 1.0252 1e-20
7086.0 1.02532 1e-20
7088.0 1.02546 1e-20
7090.0 1.02274 1e-20
7092.0 1.01535 1e-20
7094.0 1.01477 1e-20
7096.0 1.01948 1e-20
7098.0 1.02384 1e-20
7100.0 1.02831 1e-20
7102.0 1.03196 1e-20
7104.0 1.03118 1e-20
7106.0 1.02508 1e-20
7108.0 1.02564 1e-20
7110.0 1.03299 1e-20
7112.0 1.03557 1e-20
7114.0 1.03252 1e-20
7116.0 1.02737 1e-20
7118.0 1.02265 1e-20
7120.0 1.01664 1e-20
7122.0 1.0138 1e-20
7124.0 1.01346 1e-20
7126.0 1.01322 1e-20
7128.0 1.01346 1e-20
7130.0 1.01411 1e-20
7132.0 1.01502 1e-20
7134.0 1.01628 1e-20
7136.0 1.0177 1e-20
7138.0 1.02064 1e-20
7140.0 1.02099 1e-20
7142.0 1.01975 1e-20
7144.0 1.01656 1e-20
7146.0 1.01011 1e-20
7148.0 1.00131 1e-20
7150.0 0.997031 1e-20
7152.0 0.994168 1e-20
7154.0 0.994935 1e-20
7156.0 1.00216 1e-20
7158.0 1.00684 1e-20
7160.0 1.00571 1e-20
7162.0 1.00135 1e-20
7164.0 0.996179 1e-20
7166.0 0.985594 1e-20
7168.0 0.982832 1e-20
7170.0 0.984812 1e-20
7172.0 0.989085 1e-20
7174.0 0.997655 1e-20
7176.0 1.00697 1e-20
7178.0 1.00769 1e-20
7180.0 1.00083 1e-20
7182.0 0.998149 1e-20
7184.0 0.993375 1e-20
7186.0 0.994198 1e-20
7188.0 1.00551 1e-20
7190.0 1.01727 1e-20
7192.0 1.01484 1e-20
7194.0 1.00067 1e-20
7196.0 0.997444 1e-20
7198.0 0.99956 1e-20
7200.0 1.00198 1e-20
7202.0 1.00617 1e-20
7204.0 1.01013 1e-20
7206.0 1.0118 1e-20
7208.0 1.01245 1e-20
7210.0 1.00884 1e-20
7212.0 1.00029 1e-20
7214.0 0.992294 1e-20
7216.0 0.981587 1e-20
7218.0 0.973645 1e-20
7220.0 0.973659 1e-20
7222.0 0.979117 1e-20
7224.0 0.97795 1e-20
7226.0 0.972404 1e-20
7228.0 0.968767 1e-20
7230.0 0.961057 1e-20
7232.0 0.960798 1e-20
7234.0 0.978076 1e-20
7236.0 1.00441 1e-20
7238.0 1.00845 1e-20
7240.0 0.998205 1e-20
7242.0 0.984961 1e-20
7244.0 0.958336 1e-20
7246.0 0.937661 1e-20
7248.0 0.927322 1e-20
7250.0 0.923638 1e-20
7252.0 0.926931 1e-20
7254.0 0.942185 1e-20
7256.0 0.949283 1e-20
7258.0 0.952671 1e-20
7260.0 0.957113 1e-20
7262.0 0.961965 1e-20
7264.0 0.968489 1e-20
7266.0 0.981416 1e-20
7268.0 1.00444 1e-20
7270.0 1.00905 1e-20
7272.0 0.999387 1e-20
7274.0 0.989788 1e-20
7276.0 0.977795 1e-20
7278.0 0.966386 1e-20
7280.0 0.961476 1e-20
7282.0 0.9617 1e-20
7284.0 0.957625 1e-20
7286.0 0.947364 1e-20
7288.0 0.946234 1e-20
7290.0 0.956045 1e-20
7292.0 0.967583 1e-20
7294.0 0.975334 1e-20
7296.0 0.982517 1e-20
7298.0 0.980304 1e-20
7300.0 0.964639 1e-20
7302.0 0.95806 1e-20
7304.0 0.958066 1e-20
7306.0 0.959282 1e-20
7308.0 0.959427 1e-20
7310.0 0.959791 1e-20
7312.0 0.960243 1e-20
7314.0 0.964 1e-20
7316.0 0.96058 1e-20
7318.0 0.948399 1e-20
7320.0 0.938898 1e-20
7322.0 0.936241 1e-20
7324.0 0.937104 1e-20
7326.0 0.938102 1e-20
7328.0 0.941028 1e-20
7330.0 0.943973 1e-20
7332.0 0.9489 1e-20
7334.0 0.951937 1e-20
7336.0 0.954953 1e-20
7338.0 0.954498 1e-20
7340.0 0.939902 1e-20
7342.0 0.905497 1e-20
7344.0 0.894835 1e-20
7346.0 0.898205 1e-20
7348.0 0.904694 1e-20
7350.0 0.916998 1e-20
7352.0 0.930511 1e-20
7354.0 0.936378 1e-20
7356.0 0.937741 1e-20
7358.0 0.938259 1e-20
7360.0 0.935356 1e-20
7362.0 0.933287 1e-20
7364.0 0.933298 1e-20
7366.0 0.93165 1e-20
7368.0 0.924109 1e-20
7370.0 0.91159 1e-20
7372.0 0.904889 1e-20
7374.0 0.903251 1e-20
7376.0 0.897783 1e-20
7378.0 0.887019 1e-20
7380.0 0.878211 1e-20
7382.0 0.875646 1e-20
7384.0 0.877074 1e-20
7386.0 0.882919 1e-20
7388.0 0.899265 1e-20
7390.0 0.90585 1e-20
7392.0 0.904122 1e-20
7394.0 0.902592 1e-20
7396.0 0.906392 1e-20
7398.0 0.911559 1e-20
7400.0 0.906985 1e-20
7402.0 0.892659 1e-20
7404.0 0.882147 1e-20
7406.0 0.867639 1e-20
7408.0 0.859725 1e-20
7410.0 0.862932 1e-20
7412.0 0.872134 1e-20
7414.0 0.878303 1e-20
7416.0 0.887453 1e-20
7418.0 0.88952 1e-20
7420.0 0.884528 1e-20
7422.0 0.881112 1e-20
7424.0 0.88045 1e-20
7426.0 0.880587 1e-20
7428.0 0.880236 1e-20
7430.0 0.88024 1e-20
7432.0 0.87899 1e-20
7434.0 0.876653 1e-20
7436.0 0.874238 1e-20
7438.0 0.871435 1e-20
7440.0 0.868741 1e-20
7442.0 0.866142 1e-20
7444.0 0.862295 1e-20
7446.0 0.86732 1e-20
7448.0 0.885515 1e-20
7450.0 0.893445 1e-20
7452.0 0.89222 1e-20
7454.0 0.886983 1e-20
7456.0 0.879486 1e-20
7458.0 0.868272 1e-20
7460.0 0.863456 1e-20
7462.0 0.864327 1e-20
7464.0 0.862202 1e-20
7466.0 0.858952 1e-20
7468.0 0.854386 1e-20
7470.0 0.846626 1e-20
7472.0 0.836999 1e-20
7474.0 0.836411 1e-20
7476.0 0.848995 1e-20
7478.0 0.848344 1e-20
7480.0 0.834974 1e-20
7482.0 0.825772 1e-20
7484.0 0.827427 1e-20
7486.0 0.834352 1e-20
7488.0 0.838762 1e-20
7490.0 0.846494 1e-20
7492.0 0.847054 1e-20
7494.0 0.841731 1e-20
7496.0 0.835667 1e-20
7498.0 0.828992 1e-20
7500.0 0.821965 1e-20
7502.0 0.81687 1e-20
7504.0 0.810858 1e-20
7506.0 0.812499 1e-20
7508.0 0.826748 1e-20
7510.0 0.831495 1e-20
7512.0 0.819591 1e-20
7514.0 0.806275 1e-20
7516.0 0.811928 1e-20
7518.0 0.83347 1e-20
7520.0 0.837702 1e-20
7522.0 0.834221 1e-20
7524.0 0.826123 1e-20
7526.0 0.808055 1e-20
7528.0 0.791009 1e-20
7530.0 0.787214 1e-20
7532.0 0.792436 1e-20
7534.0 0.792104 1e-20
7536.0 0.790484 1e-20
7538.0 0.789369 1e-20
7540.0 0.788451 1e-20
7542.0 0.787717 1e-20
7544.0 0.787233 1e-20
7546.0 0.786967 1e-20
7548.0 0.786815 1e-20
7550.0 0.788039 1e-20
7552.0 0.786656 1e-20
7554.0 0.781704 1e-20
7556.0 0.77804 1e-20
7558.0 0.776838 1e-20
7560.0 0.777667 1e-20
7562.0 0.784968 1e-20
7564.0 0.804606 1e-20
7566.0 0.811486 1e-20
7568.0 0.812514 1e-20
7570.0 0.808498 1e-20
7572.0 0.797194 1e-20
7574.0 0.782008 1e-20
7576.0 0.773309 1e-20
7578.0 0.764354 1e-20
7580.0 0.766043 1e-20
7582.0 0.785183 1e-20
7584.0 0.792997 1e-20
7586.0 0.786134 1e-20
7588.0 0.769998 1e-20
7590.0 0.744554 1e-20
7592.0 0.698152 1e-20
7594.0 0.689546 1e-20
7596.0 0.706051 1e-20
7598.0 0.730519 1e-20
7600.0 0.773407 1e-20
7602.0 0.815493 1e-20
7604.0 0.829636 1e-20
7606.0 0.823929 1e-20
7608.0 0.827319 1e-20
7610.0 0.835673 1e-20
7612.0 0.832662 1e-20
7614.0 0.817195 1e-20
7616.0 0.797098 1e-20
7618.0 0.77468 1e-20
7620.0 0.747085 1e-20
7622.0 0.743076 1e-20
7624.0 0.761858 1e-20
7626.0 0.774846 1e-20
7628.0 0.79195 1e-20
7630.0 0.803202 1e-20
7632.0 0.801654 1e-20
7634.0 0.791419 1e-20
7636.0 0.780783 1e-20
7638.0 0.759593 1e-20
7640.0 0.75171 1e-20
7642.0 0.75711 1e-20
7644.0 0.759415 1e-20
7646.0 0.751668 1e-20
7648.0 0.739841 1e-20
7650.0 0.733836 1e-20
7652.0 0.732188 1e-20
7654.0 0.727018 1e-20
7656.0 0.717228 1e-20
7658.0 0.71241 1e-20
7660.0 0.717431 1e-20
7662.0 0.725164 1e-20
7664.0 0.722474 1e-20
7666.0 0.712344 1e-20
7668.0 0.704383 1e-20
7670.0 0.691856 1e-20
7672.0 0.685708 1e-20
7674.0 0.689213 1e-20
7676.0 0.695374 1e-20
7678.0 0.695307 1e-20
7680.0 0.691293 1e-20
7682.0 0.692125 1e-20
7684.0 0.694941 1e-20
7686.0 0.699898 1e-20
7688.0 0.709074 1e-20
7690.0 0.717891 1e-20
7692.0 0.72192 1e-20
7694.0 0.723243 1e-20
7696.0 0.721508 1e-20
7698.0 0.715204 1e-20
7700.0 0.709439 1e-20
7702.0 0.701619 1e-20
7704.0 0.695806 1e-20
7706.0 0.695829 1e-20
7708.0 0.699856 1e-20
7710.0 0.699618 1e-20
7712.0 0.699047 1e-20
7714.0 0.694654 1e-20
7716.0 0.683813 1e-20
7718.0 0.675326 1e-20
7720.0 0.672957 1e-20
7722.0 0.67429 1e-20
7724.0 0.678115 1e-20
7726.0 0.688433 1e-20
7728.0 0.69329 1e-20
7730.0 0.694766 1e-20
7732.0 0.696501 1e-20
7734.0 0.699407 1e-20
7736.0 0.702675 1e-20
7738.0 0.705857 1e-20
7740.0 0.708184 1e-20
7742.0 0.713332 1e-20
7744.0 0.724298 1e-20
7746.0 0.729393 1e-20
7748.0 0.726489 1e-20
7750.0 0.719141 1e-20
7752.0 0.710202 1e-20
7754.0 0.695479 1e-20
7756.0 0.690194 1e-20
7758.0 0.694026 1e-20
7760.0 0.693739 1e-20
7762.0 0.686954 1e-20
7764.0 0.680489 1e-20
7766.0 0.681258 1e-20
7768.0 0.686844 1e-20
7770.0 0.692586 1e-20
7772.0 0.702023 1e-20
7774.0 0.708922 1e-20
7776.0 0.714635 1e-20
7778.0 0.718086 1e-20
7780.0 0.717241 1e-20
7782.0 0.712608 1e-20
7784.0 0.712161 1e-20
7786.0 0.711766 1e-20
7788.0 0.716011 1e-20
7790.0 0.729029 1e-20
7792.0 0.738265 1e-20
7794.0 0.735685 1e-20
7796.0 0.726058 1e-20
7798.0 0.720382 1e-20
7800.0 0.711926 1e-20
7802.0 0.710084 1e-20
7804.0 0.717859 1e-20
7806.0 0.720887 1e-20
7808.0 0.710298 1e-20
7810.0 0.694741 1e-20
7812.0 0.69668 1e-20
7814.0 0.713741 1e-20
7816.0 0.724734 1e-20
7818.0 0.74388 1e-20
7820.0 0.749285 1e-20
7822.0 0.729613 1e-20
7824.0 0.701431 1e-20
7826.0 0.695258 1e-20
7828.0 0.701952 1e-20
7830.0 0.708966 1e-20
7832.0 0.725791 1e-20
7834.0 0.736108 1e-20
7836.0 0.736657 1e-20
7838.0 0.734676 1e-20
7840.0 0.737951 1e-20
7842.0 0.743103 1e-20
7844.0 0.750668 1e-20
7846.0 0.765007 1e-20
7848.0 0.772408 1e-20
7850.0 0.775689 1e-20
7852.0 0.771867 1e-20
7854.0 0.753996 1e-20
7856.0 0.721992 1e-20
7858.0 0.708956 1e-20
7860.0 0.70559 1e-20
7862.0 0.706615 1e-20
7864.0 0.71691 1e-20
7866.0 0.727032 1e-20
7868.0 0.731029 1e-20
7870.0 0.73206 1e-20
7872.0 0.727234 1e-20
7874.0 0.70859 1e-20
7876.0 0.705227 1e-20
7878.0 0.715189 1e-20
7880.0 0.726105 1e-20
7882.0 0.733914 1e-20
7884.0 0.740858 1e-20
7886.0 0.742804 1e-20
7888.0 0.740924 1e-20
7890.0 0.736304 1e-20
7892.0 0.723919 1e-20
7894.0 0.716522 1e-20
7896.0 0.717322 1e-20
7898.0 0.723523 1e-20
7900.0 0.734141 1e-20
7902.0 0.750679 1e-20
7904.0 0.768736 1e-20
7906.0 0.800491 1e-20
7908.0 0.815139 1e-20
7910.0 0.804914 1e-20
7912.0 0.783005 1e-20
7914.0 0.764672 1e-20
7916.0 0.73882 1e-20
7918.0 0.729904 1e-20
7920.0 0.736013 1e-20
7922.0 0.740046 1e-20
7924.0 0.74123 1e-20
7926.0 0.743564 1e-20
7928.0 0.751295 1e-20
7930.0 0.765472 1e-20
7932.0 0.764544 1e-20
7934.0 0.746029 1e-20
7936.0 0.739189 1e-20
7938.0 0.742448 1e-20
7940.0 0.749988 1e-20
7942.0 0.760519 1e-20
7944.0 0.77572 1e-20
7946.0 0.778626 1e-20
7948.0 0.769771 1e-20
7950.0 0.765776 1e-20
7952.0 0.760562 1e-20
7954.0 0.760757 1e-20
7956.0 0.774091 1e-20
7958.0 0.795647 1e-20
7960.0 0.798492 1e-20
7962.0 0.789207 1e-20
7964.0 0.777472 1e-20
7966.0 0.751386 1e-20
7968.0 0.735642 1e-20
7970.0 0.74152 1e-20
7972.0 0.759267 1e-20
7974.0 0.771694 1e-20
7976.0 0.793233 1e-20
7978.0 0.795345 1e-20
7980.0 0.774478 1e-20
7982.0 0.764138 1e-20
7984.0 0.773263 1e-20
7986.0 0.790414 1e-20
7988.0 0.803171 1e-20
7990.0 0.827139 1e-20
7992.0 0.815563 1e-20
7994.0 0.761846 1e-20
7996.0 0.727044 1e-20
7998.0 0.716461 1e-20
8000.0 0.716563 1e-20
8002.0 0.718814 1e-20
8004.0 0.728676 1e-20
8006.0 0.73515 1e-20
8008.0 0.745894 1e-20
8010.0 0.748377 1e-20
8012.0 0.739699 1e-20
8014.0 0.729064 1e-20
8016.0 0.724354 1e-20
8018.0 0.72176 1e-20
8020.0 0.723012 1e-20
8022.0 0.736289 1e-20
8024.0 0.734133 1e-20
8026.0 0.714671 1e-20
8028.0 0.693703 1e-20
8030.0 0.680535 1e-20
8032.0 0.670324 1e-20
8034.0 0.663341 1e-20
8036.0 0.661408 1e-20
8038.0 0.658305 1e-20
8040.0 0.653598 1e-20
8042.0 0.652098 1e-20
8044.0 0.658743 1e-20
8046.0 0.669329 1e-20
8048.0 0.666006 1e-20
8050.0 0.648087 1e-20
8052.0 0.639529 1e-20
8054.0 0.633601 1e-20
8056.0 0.630012 1e-20
8058.0 0.631328 1e-20
8060.0 0.633781 1e-20
8062.0 0.62548 1e-20
8064.0 0.606009 1e-20
8066.0 0.594644 1e-20
8068.0 0.583593 1e-20
8070.0 0.578364 1e-20
8072.0 0.583907 1e-20
8074.0 0.591472 1e-20
8076.0 0.585618 1e-20
8078.0 0.569525 1e-20
8080.0 0.558629 1e-20
8082.0 0.547055 1e-20
8084.0 0.537855 1e-20
8086.0 0.532375 1e-20
8088.0 0.527413 1e-20
8090.0 0.518623 1e-20
8092.0 0.506287 1e-20
8094.0 0.502366 1e-20
8096.0 0.508424 1e-20
8098.0 0.507657 1e-20
8100.0 0.499151 1e-20
8102.0 0.490369 1e-20
8104.0 0.486377 1e-20
8106.0 0.484698 1e-20
8108.0 0.485495 1e-20
8110.0 0.490603 1e-20
8112.0 0.493993 1e-20
8114.0 0.496098 1e-20
8116.0 0.498886 1e-20
8118.0 0.5038 1e-20
8120.0 0.509955 1e-20
8122.0 0.513658 1e-20
8124.0 0.514231 1e-20
8126.0 0.518214 1e-20
8128.0 0.526065 1e-20
8130.0 0.532111 1e-20
8132.0 0.534398 1e-20
8134.0 0.534381 1e-20
8136.0 0.532891 1e-20
8138.0 0.526981 1e-20
8140.0 0.525986 1e-20
8142.0 0.528151 1e-20
8144.0 0.530612 1e-20
8146.0 0.533304 1e-20
8148.0 0.536054 1e-20
8150.0 0.537327 1e-20
8152.0 0.537603 1e-20
8154.0 0.53742 1e-20
8156.0 0.535337 1e-20
8158.0 0.535056 1e-20
8160.0 0.537127 1e-20
8162.0 0.540295 1e-20
8164.0 0.54371 1e-20
8166.0 0.548821 1e-20
8168.0 0.549206 1e-20
8170.0 0.541848 1e-20
8172.0 0.542064 1e-20
8174.0 0.553097 1e-20
8176.0 0.564393 1e-20
8178.0 0.567205 1e-20
8180.0 0.566063 1e-20
8182.0 0.556039 1e-20
8184.0 0.530507 1e-20
8186.0 0.51537 1e-20
8188.0 0.509453 1e-20
8190.0 0.504909 1e-20
8192.0 0.496952 1e-20
8194.0 0.487961 1e-20
8196.0 0.482515 1e-20
8198.0 0.480081 1e-20
8200.0 0.477258 1e-20
8202.0 0.47688 1e-20
8204.0 0.473732 1e-20
8206.0 0.462891 1e-20
8208.0 0.448418 1e-20
8210.0 0.446433 1e-20
8212.0 0.454847 1e-20
8214.0 0.461125 1e-20
8216.0 0.471321 1e-20
8218.0 0.478727 1e-20
8220.0 0.480118 1e-20
8222.0 0.479162 1e-20
8224.0 0.483218 1e-20
8226.0 0.491531 1e-20
8228.0 0.496138 1e-20
8230.0 0.499636 1e-20
8232.0 0.50151 1e-20
8234.0 0.500443 1e-20
8236.0 0.498783 1e-20
8238.0 0.500965 1e-20
8240.0 0.506086 1e-20
8242.0 0.509683 1e-20
8244.0 0.515702 1e-20
8246.0 0.516599 1e-20
8248.0 0.508772 1e-20
8250.0 0.500687 1e-20
8252.0 0.502387 1e-20
8254.0 0.510763 1e-20
8256.0 0.516313 1e-20
8258.0 0.522546 1e-20
8260.0 0.528166 1e-20
8262.0 0.531877 1e-20
8264.0 0.537051 1e-20
8266.0 0.546164 1e-20
8268.0 0.557901 1e-20
8270.0 0.574005 1e-20
8272.0 0.602713 1e-20
8274.0 0.615861 1e-20
8276.0 0.616226 1e-20
8278.0 0.611073 1e-20
8280.0 0.602072 1e-20
8282.0 0.588495 1e-20
8284.0 0.58114 1e-20
8286.0 0.57629 1e-20
8288.0 0.573632 1e-20
8290.0 0.573097 1e-20
8292.0 0.575082 1e-20
8294.0 0.584032 1e-20
8296.0 0.594506 1e-20
8298.0 0.583957 1e-20
8300.0 0.542648 1e-20
8302.0 0.534462 1e-20
8304.0 0.548162 1e-20
8306.0 0.562034 1e-20
8308.0 0.574962 1e-20
8310.0 0.586614 1e-20
8312.0 0.586615 1e-20
8314.0 0.570843 1e-20
8316.0 0.574854 1e-20
8318.0 0.598017 1e-20
8320.0 0.610351 1e-20
8322.0 0.607668 1e-20
8324.0 0.599555 1e-20
8326.0 0.594184 1e-20
8328.0 0.585798 1e-20
8330.0 0.587979 1e-20
8332.0 0.593989 1e-20
8334.0 0.611086 1e-20
8336.0 0.648051 1e-20
8338.0 0.68413 1e-20
8340.0 0.701691 1e-20
8342.0 0.711713 1e-20
8344.0 0.686108 1e-20
8346.0 0.602161 1e-20
8348.0 0.560253 1e-20
8350.0 0.553409 1e-20
8352.0 0.557173 1e-20
8354.0 0.55876 1e-20
8356.0 0.564741 1e-20
8358.0 0.577368 1e-20
8360.0 0.606048 1e-20
8362.0 0.617735 1e-20
8364.0 0.614069 1e-20
8366.0 0.6104 1e-20
8368.0 0.612141 1e-20
8370.0 0.616197 1e-20
8372.0 0.626257 1e-20
8374.0 0.649009 1e-20
8376.0 0.657572 1e-20
8378.0 0.66179 1e-20
8380.0 0.655717 1e-20
8382.0 0.631921 1e-20
8384.0 0.600251 1e-20
8386.0 0.58698 1e-20
8388.0 0.575472 1e-20
8390.0 0.591413 1e-20
8392.0 0.652839 1e-20
8394.0 0.686489 1e-20
8396.0 0.681384 1e-20
8398.0 0.654913 1e-20
8400.0 0.616577 1e-20
8402.0 0.545834 1e-20
8404.0 0.525345 1e-20
8406.0 0.540887 1e-20
8408.0 0.55781 1e-20
8410.0 0.585424 1e-20
8412.0 0.609198 1e-20
8414.0 0.603709 1e-20
8416.0 0.57366 1e-20
8418.0 0.565887 1e-20
8420.0 0.562568 1e-20
8422.0 0.571705 1e-20
8424.0 0.608858 1e-20
8426.0 0.636012 1e-20
8428.0 0.617203 1e-20
8430.0 0.566474 1e-20
8432.0 0.536986 1e-20
8434.0 0.502909 1e-20
8436.0 0.489348 1e-20
8438.0 0.495549 1e-20
8440.0 0.510836 1e-20
8442.0 0.531839 1e-20
8444.0 0.560219 1e-20
8446.0 0.583831 1e-20
8448.0 0.616535 1e-20
8450.0 0.62675 1e-20
8452.0 0.610162 1e-20
8454.0 0.599554 1e-20
8456.0 0.606983 1e-20
8458.0 0.623219 1e-20
8460.0 0.640245 1e-20
8462.0 0.681677 1e-20
8464.0 0.674765 1e-20
8466.0 0.616763 1e-20
8468.0 0.575412 1e-20
8470.0 0.565115 1e-20
8472.0 0.56921 1e-20
8474.0 0.57571 1e-20
8476.0 0.594873 1e-20
8478.0 0.602674 1e-20
8480.0 0.602039 1e-20
8482.0 0.605959 1e-20
8484.0 0.617349 1e-20
8486.0 0.629961 1e-20
8488.0 0.636783 1e-20
8490.0 0.640876 1e-20
8492.0 0.641607 1e-20
8494.0 0.629793 1e-20
8496.0 0.633777 1e-20
8498.0 0.663382 1e-20
8500.0 0.690917 1e-20
8502.0 0.688899 1e-20
8504.0 0.6673 1e-20
8506.0 0.652034 1e-20
8508.0 0.625252 1e-20
8510.0 0.615995 1e-20
8512.0 0.626236 1e-20
8514.0 0.63947 1e-20
8516.0 0.64637 1e-20
8518.0 0.65187 1e-20
8520.0 0.651559 1e-20
8522.0 0.64159 1e-20
8524.0 0.639375 1e-20
8526.0 0.643613 1e-20
8528.0 0.647366 1e-20
8530.0 0.64841 1e-20
8532.0 0.647929 1e-20
8534.0 0.643006 1e-20
8536.0 0.632033 1e-20
8538.0 0.623928 1e-20
8540.0 0.613705 1e-20
8542.0 0.607991 1e-20
8544.0 0.610794 1e-20
8546.0 0.617342 1e-20
8548.0 0.616781 1e-20
8550.0 0.611885 1e-20
8552.0 0.607911 1e-20
8554.0 0.599157 1e-20
8556.0 0.597269 1e-20
8558.0 0.608148 1e-20
8560.0 0.621622 1e-20
8562.0 0.620777 1e-20
8564.0 0.608047 1e-20
8566.0 0.605277 1e-20
8568.0 0.605324 1e-20
8570.0 0.609061 1e-20
8572.0 0.62022 1e-20
8574.0 0.631001 1e-20
8576.0 0.630783 1e-20
8578.0 0.621955 1e-20
8580.0 0.620885 1e-20
8582.0 0.623197 1e-20
8584.0 0.625992 1e-20
8586.0 0.629877 1e-20
8588.0 0.634379 1e-20
8590.0 0.639642 1e-20
8592.0 0.646039 1e-20
8594.0 0.646792 1e-20
8596.0 0.641266 1e-20
8598.0 0.638783 1e-20
8600.0 0.637395 1e-20
8602.0 0.637266 1e-20
8604.0 0.639071 1e-20
8606.0 0.642388 1e-20
8608.0 0.644543 1e-20
8610.0 0.645682 1e-20
8612.0 0.648432 1e-20
8614.0 0.652341 1e-20
8616.0 0.656818 1e-20
8618.0 0.663519 1e-20
8620.0 0.670312 1e-20
8622.0 0.667625 1e-20
8624.0 0.653766 1e-20
8626.0 0.647152 1e-20
8628.0 0.642992 1e-20
8630.0 0.639339 1e-20
8632.0 0.634995 1e-20
8634.0 0.63171 1e-20
8636.0 0.632882 1e-20
8638.0 0.637132 1e-20
8640.0 0.644666 1e-20
8642.0 0.657661 1e-20
8644.0 0.669623 1e-20
8646.0 0.681288 1e-20
8648.0 0.691534 1e-20
8650.0 0.697889 1e-20
8652.0 0.702798 1e-20
8654.0 0.698087 1e-20
8656.0 0.682736 1e-20
8658.0 0.667691 1e-20
8660.0 0.648627 1e-20
8662.0 0.63252 1e-20
8664.0 0.62857 1e-20
8666.0 0.634059 1e-20
8668.0 0.634423 1e-20
8670.0 0.636 1e-20
8672.0 0.634037 1e-20
8674.0 0.625514 1e-20
8676.0 0.619527 1e-20
8678.0 0.623546 1e-20
8680.0 0.634046 1e-20
8682.0 0.637962 1e-20
8684.0 0.637726 1e-20
8686.0 0.640057 1e-20
8688.0 0.643746 1e-20
8690.0 0.647927 1e-20
8692.0 0.652787 1e-20
8694.0 0.658041 1e-20
8696.0 0.660848 1e-20
8698.0 0.663095 1e-20
8700.0 0.661899 1e-20
8702.0 0.658057 1e-20
8704.0 0.651621 1e-20
8706.0 0.640056 1e-20
8708.0 0.627018 1e-20
8710.0 0.624228 1e-20
8712.0 0.632207 1e-20
8714.0 0.631737 1e-20
8716.0 0.626503 1e-20
8718.0 0.622567 1e-20
8720.0 0.620086 1e-20
8722.0 0.61899 1e-20
8724.0 0.62116 1e-20
8726.0 0.627586 1e-20
8728.0 0.629654 1e-20
8730.0 0.628735 1e-20
8732.0 0.628758 1e-20
8734.0 0.630347 1e-20
8736.0 0.631705 1e-20
8738.0 0.63102 1e-20
8740.0 0.628897 1e-20
8742.0 0.626691 1e-20
8744.0 0.622108 1e-20
8746.0 0.620852 1e-20
8748.0 0.620313 1e-20
8750.0 0.624655 1e-20
8752.0 0.639898 1e-20
8754.0 0.664596 1e-20
8756.0 0.676537 1e-20
8758.0 0.687563 1e-20
8760.0 0.68383 1e-20
8762.0 0.662149 1e-20
8764.0 0.637231 1e-20
8766.0 0.613174 1e-20
8768.0 0.588096 1e-20
8770.0 0.586305 1e-20
8772.0 0.614418 1e-20
8774.0 0.622406 1e-20
8776.0 0.625907 1e-20
8778.0 0.617682 1e-20
8780.0 0.58675 1e-20
8782.0 0.545136 1e-20
8784.0 0.536233 1e-20
8786.0 0.552863 1e-20
8788.0 0.563858 1e-20
8790.0 0.584339 1e-20
8792.0 0.598189 1e-20
8794.0 0.6 1e-20
8796.0 0.596882 1e-20
8798.0 0.599418 1e-20
8800.0 0.603537 1e-20
8802.0 0.608909 1e-20
8804.0 0.619404 1e-20
8806.0 0.624109 1e-20
8808.0 0.619071 1e-20
8810.0 0.612385 1e-20
8812.0 0.614065 1e-20
8814.0 0.618997 1e-20
8816.0 0.63243 1e-20
8818.0 0.659666 1e-20
8820.0 0.679657 1e-20
8822.0 0.700006 1e-20
8824.0 0.708832 1e-20
8826.0 0.688379 1e-20
8828.0 0.641957 1e-20
8830.0 0.615882 1e-20
8832.0 0.594582 1e-20
8834.0 0.578837 1e-20
8836.0 0.56803 1e-20
8838.0 0.563313 1e-20
8840.0 0.566876 1e-20
8842.0 0.577892 1e-20
8844.0 0.584932 1e-20
8846.0 0.594849 1e-20
8848.0 0.5982 1e-20
8850.0 0.590716 1e-20
8852.0 0.588786 1e-20
8854.0 0.601147 1e-20
8856.0 0.621787 1e-20
8858.0 0.639359 1e-20
8860.0 0.667736 1e-20
8862.0 0.674173 1e-20
8864.0 0.664774 1e-20
8866.0 0.648039 1e-20
8868.0 0.620157 1e-20
8870.0 0.58788 1e-20
8872.0 0.577439 1e-20
8874.0 0.578301 1e-20
8876.0 0.592616 1e-20
8878.0 0.633381 1e-20
8880.0 0.661942 1e-20
8882.0 0.6792 1e-20
8884.0 0.682151 1e-20
8886.0 0.650807 1e-20
8888.0 0.575088 1e-20
8890.0 0.544134 1e-20
8892.0 0.531176 1e-20
8894.0 0.532796 1e-20
8896.0 0.558979 1e-20
8898.0 0.589665 1e-20
8900.0 0.598861 1e-20
8902.0 0.596618 1e-20
8904.0 0.592373 1e-20
8906.0 0.568791 1e-20
8908.0 0.569748 1e-20
8910.0 0.598009 1e-20
8912.0 0.633696 1e-20
8914.0 0.670428 1e-20
8916.0 0.716187 1e-20
8918.0 0.697967 1e-20
8920.0 0.604016 1e-20
8922.0 0.550252 1e-20
8924.0 0.514219 1e-20
8926.0 0.493987 1e-20
8928.0 0.493979 1e-20
8930.0 0.511428 1e-20
8932.0 0.526293 1e-20
8934.0 0.549843 1e-20
8936.0 0.568207 1e-20
8938.0 0.589466 1e-20
8940.0 0.601773 1e-20
8942.0 0.597254 1e-20
8944.0 0.583389 1e-20
8946.0 0.580416 1e-20
8948.0 0.578026 1e-20
8950.0 0.586112 1e-20
8952.0 0.615579 1e-20
8954.0 0.628119 1e-20
8956.0 0.613379 1e-20
8958.0 0.584105 1e-20
8960.0 0.554352 1e-20
8962.0 0.509148 1e-20
8964.0 0.489118 1e-20
8966.0 0.484641 1e-20
8968.0 0.487349 1e-20
8970.0 0.50042 1e-20
8972.0 0.518092 1e-20
8974.0 0.529588 1e-20
8976.0 0.538318 1e-20
8978.0 0.550707 1e-20
8980.0 0.56817 1e-20
8982.0 0.580267 1e-20
8984.0 0.587179 1e-20
8986.0 0.590782 1e-20
8988.0 0.591638 1e-20
8990.0 0.588971 1e-20
8992.0 0.587718 1e-20
8994.0 0.587186 1e-20
8996.0 0.584437 1e-20
8998.0 0.578583 1e-20
9000.0 0.572903 1e-20
9002.0 0.56989 1e-20
9004.0 0.568352 1e-20
9006.0 0.564938 1e-20
9008.0 0.556111 1e-20
9010.0 0.557069 1e-20
9012.0 0.569287 1e-20
9014.0 0.580156 1e-20
9016.0 0.586126 1e-20
9018.0 0.588776 1e-20
9020.0 0.578144 1e-20
9022.0 0.545481 1e-20
9024.0 0.532087 1e-20
9026.0 0.527576 1e-20
9028.0 0.528539 1e-20
9030.0 0.536372 1e-20
9032.0 0.548589 1e-20
9034.0 0.555589 1e-20
9036.0 0.564384 1e-20
9038.0 0.562057 1e-20
9040.0 0.545027 1e-20
9042.0 0.534509 1e-20
9044.0 0.536621 1e-20
9046.0 0.541281 1e-20
9048.0 0.534043 1e-20
9050.0 0.515372 1e-20
9052.0 0.511569 1e-20
9054.0 0.518052 1e-20
9056.0 0.524021 1e-20
9058.0 0.531614 1e-20
9060.0 0.537813 1e-20
9062.0 0.537052 1e-20
9064.0 0.53094 1e-20
9066.0 0.52532 1e-20
9068.0 0.517486 1e-20
9070.0 0.509925 1e-20
9072.0 0.502488 1e-20
9074.0 0.494746 1e-20
9076.0 0.485955 1e-20
9078.0 0.476118 1e-20
9080.0 0.470497 1e-20
9082.0 0.463606 1e-20
9084.0 0.467265 1e-20
9086.0 0.483474 1e-20
9088.0 0.501512 1e-20
9090.0 0.518989 1e-20
9092.0 0.53691 1e-20
9094.0 0.533158 1e-20
9096.0 0.499321 1e-20
9098.0 0.488733 1e-20
9100.0 0.494388 1e-20
9102.0 0.498839 1e-20
9104.0 0.495384 1e-20
9106.0 0.489259 1e-20
9108.0 0.486932 1e-20
9110.0 0.48793 1e-20
9112.0 0.485543 1e-20
9114.0 0.476508 1e-20
9116.0 0.475371 1e-20
9118.0 0.490551 1e-20
9120.0 0.509996 1e-20
9122.0 0.509631 1e-20
9124.0 0.492346 1e-20
9126.0 0.486094 1e-20
9128.0 0.482678 1e-20
9130.0 0.480913 1e-20
9132.0 0.482351 1e-20
9134.0 0.484059 1e-20
9136.0 0.480691 1e-20
9138.0 0.472521 1e-20
9140.0 0.470849 1e-20
9142.0 0.470988 1e-20
9144.0 0.476213 1e-20
9146.0 0.490323 1e-20
9148.0 0.504387 1e-20
9150.0 0.509729 1e-20
9152.0 0.510485 1e-20
9154.0 0.505112 1e-20
9156.0 0.485352 1e-20
9158.0 0.478639 1e-20
9160.0 0.48569 1e-20
9162.0 0.493871 1e-20
9164.0 0.49592 1e-20
9166.0 0.495622 1e-20
9168.0 0.491184 1e-20
9170.0 0.478423 1e-20
9172.0 0.472887 1e-20
9174.0 0.472154 1e-20
9176.0 0.473346 1e-20
9178.0 0.475972 1e-20
9180.0 0.480138 1e-20
9182.0 0.482535 1e-20
9184.0 0.481952 1e-20
9186.0 0.48643 1e-20
9188.0 0.497952 1e-20
9190.0 0.50508 1e-20
9192.0 0.504371 1e-20
9194.0 0.498965 1e-20
9196.0 0.491405 1e-20
9198.0 0.47546 1e-20
9200.0 0.471309 1e-20
9202.0 0.476789 1e-20
9204.0 0.480732 1e-20
9206.0 0.480932 1e-20
9208.0 0.480865 1e-20
9210.0 0.484295 1e-20
9212.0 0.49082 1e-20
9214.0 0.494991 1e-20
9216.0 0.500706 1e-20
9218.0 0.501486 1e-20
9220.0 0.493554 1e-20
9222.0 0.485453 1e-20
9224.0 0.488162 1e-20
9226.0 0.499233 1e-20
9228.0 0.50209 1e-20
9230.0 0.499008 1e-20
9232.0 0.499514 1e-20
9234.0 0.505137 1e-20
9236.0 0.509493 1e-20
9238.0 0.50721 1e-20
9240.0 0.500459 1e-20
9242.0 0.49536 1e-20
9244.0 0.486553 1e-20
9246.0 0.484532 1e-20
9248.0 0.492395 1e-20
9250.0 0.497397 1e-20
9252.0 0.489904 1e-20
9254.0 0.475533 1e-20
9256.0 0.475119 1e-20
9258.0 0.489964 1e-20
9260.0 0.491654 1e-20
9262.0 0.484347 1e-20
9264.0 0.476176 1e-20
9266.0 0.468309 1e-20
9268.0 0.460675 1e-20
9270.0 0.460565 1e-20
9272.0 0.470456 1e-20
9274.0 0.472302 1e-20
9276.0 0.468768 1e-20
9278.0 0.467341 1e-20
9280.0 0.468227 1e-20
9282.0 0.471899 1e-20
9284.0 0.483678 1e-20
9286.0 0.510592 1e-20
9288.0 0.513766 1e-20
9290.0 0.494469 1e-20
9292.0 0.483634 1e-20
9294.0 0.47912 1e-20
9296.0 0.483853 1e-20
9298.0 0.510894 1e-20
9300.0 0.563162 1e-20
9302.0 0.592649 1e-20
9304.0 0.625908 1e-20
9306.0 0.628995 1e-20
9308.0 0.591839 1e-20
9310.0 0.543457 1e-20
9312.0 0.508547 1e-20
9314.0 0.473332 1e-20
9316.0 0.461079 1e-20
9318.0 0.476906 1e-20
9320.0 0.480761 1e-20
9322.0 0.476337 1e-20
9324.0 0.470783 1e-20
9326.0 0.46591 1e-20
9328.0 0.460422 1e-20
9330.0 0.466829 1e-20
9332.0 0.491237 1e-20
9334.0 0.499943 1e-20
9336.0 0.493367 1e-20
9338.0 0.489954 1e-20
9340.0 0.499383 1e-20
9342.0 0.515046 1e-20
9344.0 0.523932 1e-20
9346.0 0.542225 1e-20
9348.0 0.531466 1e-20
9350.0 0.482167 1e-20
9352.0 0.448946 1e-20
9354.0 0.450019 1e-20
9356.0 0.467972 1e-20
9358.0 0.481275 1e-20
9360.0 0.495336 1e-20
9362.0 0.520717 1e-20
9364.0 0.547873 1e-20
9366.0 0.594754 1e-20
9368.0 0.687148 1e-20
9370.0 0.780098 1e-20
9372.0 0.788641 1e-20
9374.0 0.730972 1e-20
9376.0 0.685416 1e-20
9378.0 0.605417 1e-20
9380.0 0.556088 1e-20
9382.0 0.54756 1e-20
9384.0 0.551119 1e-20
9386.0 0.538537 1e-20
9388.0 0.520582 1e-20
9390.0 0.508127 1e-20
9392.0 0.499032 1e-20
9394.0 0.489044 1e-20
9396.0 0.477764 1e-20
9398.0 0.467389 1e-20
9400.0 0.457804 1e-20
9402.0 0.447894 1e-20
9404.0 0.454488 1e-20
9406.0 0.477613 1e-20
9408.0 0.49914 1e-20
9410.0 0.536595 1e-20
9412.0 0.555792 1e-20
9414.0 0.528258 1e-20
9416.0 0.470566 1e-20
9418.0 0.449163 1e-20
9420.0 0.451439 1e-20
9422.0 0.442003 1e-20
9424.0 0.415115 1e-20
9426.0 0.40941 1e-20
9428.0 0.44542 1e-20
9430.0 0.505105 1e-20
9432.0 0.54781 1e-20
9434.0 0.610507 1e-20
9436.0 0.616693 1e-20
9438.0 0.565898 1e-20
9440.0 0.522311 1e-20
9442.0 0.494733 1e-20
9444.0 0.475992 1e-20
9446.0 0.476701 1e-20
9448.0 0.504202 1e-20
9450.0 0.509585 1e-20
9452.0 0.502697 1e-20
9454.0 0.498568 1e-20
9456.0 0.500818 1e-20
9458.0 0.501968 1e-20
9460.0 0.491201 1e-20
9462.0 0.466028 1e-20
9464.0 0.466429 1e-20
9466.0 0.493375 1e-20
9468.0 0.505604 1e-20
9470.0 0.502002 1e-20
9472.0 0.493688 1e-20
9474.0 0.487289 1e-20
9476.0 0.478399 1e-20
9478.0 0.479839 1e-20
9480.0 0.496742 1e-20
9482.0 0.499824 1e-20
9484.0 0.48907 1e-20
9486.0 0.476073 1e-20
9488.0 0.465235 1e-20
9490.0 0.453708 1e-20
9492.0 0.461171 1e-20
9494.0 0.496463 1e-20
9496.0 0.509081 1e-20
9498.0 0.50633 1e-20
9500.0 0.498808 1e-20
9502.0 0.490381 1e-20
9504.0 0.478739 1e-20
9506.0 0.46437 1e-20
9508.0 0.43647 1e-20
9510.0 0.430572 1e-20
9512.0 0.443641 1e-20
9514.0 0.457038 1e-20
9516.0 0.465493 1e-20
9518.0 0.473586 1e-20
9520.0 0.484842 1e-20
9522.0 0.506816 1e-20
9524.0 0.505583 1e-20
9526.0 0.480295 1e-20
9528.0 0.462364 1e-20
9530.0 0.453384 1e-20
9532.0 0.451882 1e-20
9534.0 0.465295 1e-20
9536.0 0.497564 1e-20
9538.0 0.515069 1e-20
9540.0 0.531509 1e-20
9542.0 0.53749 1e-20
9544.0 0.526745 1e-20
9546.0 0.51321 1e-20
9548.0 0.51513 1e-20
9550.0 0.528562 1e-20
9552.0 0.525479 1e-20
9554.0 0.507761 1e-20
9556.0 0.497515 1e-20
9558.0 0.493639 1e-20
9560.0 0.491961 1e-20
9562.0 0.492934 1e-20
9564.0 0.498179 1e-20
9566.0 0.481605 1e-20
9568.0 0.431491 1e-20
9570.0 0.413075 1e-20
9572.0 0.424577 1e-20
9574.0 0.438712 1e-20
9576.0 0.441233 1e-20
9578.0 0.440067 1e-20
9580.0 0.440906 1e-20
9582.0 0.443051 1e-20
9584.0 0.442222 1e-20
9586.0 0.435545 1e-20
9588.0 0.433381 1e-20
9590.0 0.441944 1e-20
9592.0 0.455592 1e-20
9594.0 0.45984 1e-20
9596.0 0.458852 1e-20
9598.0 0.456729 1e-20
9600.0 0.445597 1e-20
9602.0 0.443809 1e-20
9604.0 0.460517 1e-20
9606.0 0.483067 1e-20
9608.0 0.487368 1e-20
9610.0 0.477709 1e-20
9612.0 0.475823 1e-20
9614.0 0.478699 1e-20
9616.0 0.475725 1e-20
9618.0 0.464321 1e-20
9620.0 0.449786 1e-20
9622.0 0.437478 1e-20
9624.0 0.422343 1e-20
9626.0 0.420347 1e-20
9628.0 0.435134 1e-20
9630.0 0.440438 1e-20
9632.0 0.434609 1e-20
9634.0 0.426703 1e-20
9636.0 0.42415 1e-20
9638.0 0.424175 1e-20
9640.0 0.421094 1e-20
9642.0 0.412603 1e-20
9644.0 0.411764 1e-20
9646.0 0.416969 1e-20
9648.0 0.426888 1e-20
9650.0 0.442955 1e-20
9652.0 0.464914 1e-20
9654.0 0.477403 1e-20
9656.0 0.493283 1e-20
9658.0 0.488032 1e-20
9660.0 0.452329 1e-20
9662.0 0.423905 1e-20
9664.0 0.42253 1e-20
9666.0 0.435059 1e-20
9668.0 0.439375 1e-20
9670.0 0.449169 1e-20
9672.0 0.445268 1e-20
9674.0 0.425655 1e-20
9676.0 0.410177 1e-20
9678.0 0.406134 1e-20
9680.0 0.406317 1e-20
9682.0 0.39976 1e-20
9684.0 0.385077 1e-20
9686.0 0.383369 1e-20
9688.0 0.389442 1e-20
9690.0 0.399936 1e-20
9692.0 0.41801 1e-20
9694.0 0.43794 1e-20
9696.0 0.447822 1e-20
9698.0 0.453798 1e-20
9700.0 0.449398 1e-20
9702.0 0.430322 1e-20
9704.0 0.415227 1e-20
9706.0 0.400297 1e-20
9708.0 0.391094 1e-20
9710.0 0.399275 1e-20
9712.0 0.424217 1e-20
9714.0 0.434959 1e-20
9716.0 0.441325 1e-20
9718.0 0.443948 1e-20
9720.0 0.442221 1e-20
9722.0 0.437327 1e-20
9724.0 0.428614 1e-20
9726.0 0.415193 1e-20
9728.0 0.413909 1e-20
9730.0 0.425567 1e-20
9732.0 0.429577 1e-20
9734.0 0.43305 1e-20
9736.0 0.428508 1e-20
9738.0 0.405901 1e-20
9740.0 0.371175 1e-20
9742.0 0.363117 1e-20
9744.0 0.378837 1e-20
9746.0 0.383037 1e-20
9748.0 0.378577 1e-20
9750.0 0.381402 1e-20
9752.0 0.402524 1e-20
9754.0 0.431489 1e-20
9756.0 0.437406 1e-20
9758.0 0.42291 1e-20
9760.0 0.418382 1e-20
9762.0 0.418528 1e-20
9764.0 0.413015 1e-20
9766.0 0.394941 1e-20
9768.0 0.374197 1e-20
9770.0 0.371746 1e-20
9772.0 0.386472 1e-20
9774.0 0.388459 1e-20
9776.0 0.377194 1e-20
9778.0 0.380717 1e-20
9780.0 0.410278 1e-20
9782.0 0.443485 1e-20
9784.0 0.448668 1e-20
9786.0 0.432124 1e-20
9788.0 0.433084 1e-20
9790.0 0.448849 1e-20
9792.0 0.449988 1e-20
9794.0 0.432954 1e-20
9796.0 0.411488 1e-20
9798.0 0.396834 1e-20
9800.0 0.383475 1e-20
9802.0 0.375023 1e-20
9804.0 0.372872 1e-20
9806.0 0.368942 1e-20
9808.0 0.364247 1e-20
9810.0 0.359552 1e-20
9812.0 0.354299 1e-20
9814.0 0.348567 1e-20
9816.0 0.348824 1e-20
9818.0 0.35842 1e-20
9820.0 0.359335 1e-20
9822.0 0.350927 1e-20
9824.0 0.345146 1e-20
9826.0 0.347945 1e-20
9828.0 0.355425 1e-20
9830.0 0.361751 1e-20
9832.0 0.36876 1e-20
9834.0 0.377326 1e-20
9836.0 0.390865 1e-20
9838.0 0.399541 1e-20
9840.0 0.400908 1e-20
9842.0 0.396851 1e-20
9844.0 0.386643 1e-20
9846.0 0.361722 1e-20
9848.0 0.355653 1e-20
9850.0 0.367684 1e-20
9852.0 0.371287 1e-20
9854.0 0.356604 1e-20
9856.0 0.33978 1e-20
9858.0 0.34585 1e-20
9860.0 0.370296 1e-20
9862.0 0.386308 1e-20
9864.0 0.407792 1e-20
9866.0 0.418449 1e-20
9868.0 0.418527 1e-20
9870.0 0.409426 1e-20
9872.0 0.387715 1e-20
9874.0 0.348385 1e-20
9876.0 0.336399 1e-20
9878.0 0.337956 1e-20
9880.0 0.350733 1e-20
9882.0 0.389508 1e-20
9884.0 0.421565 1e-20
9886.0 0.414964 1e-20
9888.0 0.382092 1e-20
9890.0 0.363754 1e-20
9892.0 0.338387 1e-20
9894.0 0.330895 1e-20
9896.0 0.345543 1e-20
9898.0 0.359904 1e-20
9900.0 0.36074 1e-20
