3485.0 9.5150154e-16 1e-20
3486.47 7.3232494e-16 1e-20
3487.94 8.8860564e-16 1e-20
3489.41 8.0188127e-16 1e-20
3490.88 1.1688013e-15 1e-20
3492.35 1.0634609e-15 1e-20
3493.82 1.1534535e-15 1e-20
3495.29 1.5559891e-15 1e-20
3496.76 1.2278631e-15 1e-20
3498.23 1.0995312e-15 1e-20
3499.7 1.0177744e-15 1e-20
3501.17 8.8743975e-16 1e-20
3502.64 5.9957682e-16 1e-20
3504.11 1.2048066e-15 1e-20
3505.58 1.3988588e-15 1e-20
3507.05 1.121993e-15 1e-20
3508.52 1.2515452e-15 1e-20
3509.99 1.3461051e-15 1e-20
3511.46 1.4439842e-15 1e-20
3512.93 1.8196841e-15 1e-20
3514.4 1.3489901e-15 1e-20
3515.87 1.2402634e-15 1e-20
3517.34 1.5928192e-15 1e-20
3518.81 1.7415544e-15 1e-20
3520.28 1.6416243e-15 1e-20
3521.75 1.337817e-15 1e-20
3523.22 1.4240916e-15 1e-20
3524.69 1.7122583e-15 1e-20
3526.16 1.759986e-15 1e-20
3527.63 1.6182695e-15 1e-20
3529.1 1.6464115e-15 1e-20
3530.57 1.8817652e-15 1e-20
3532.04 2.034002e-15 1e-20
3533.51 1.9280308e-15 1e-20
3534.98 1.4724793e-15 1e-20
3536.45 1.8576045e-15 1e-20
3537.92 2.2556246e-15 1e-20
3539.39 2.1876707e-15 1e-20
3540.86 1.9976002e-15 1e-20
3542.33 1.9421688e-15 1e-20
3543.8 1.9110861e-15 1e-20
3545.27 2.4128127e-15 1e-20
3546.74 2.1486151e-15 1e-20
3548.21 1.9090405e-15 1e-20
3549.68 1.9336731e-15 1e-20
3551.15 2.3285279e-15 1e-20
3552.62 2.1436403e-15 1e-20
3554.09 1.7363211e-15 1e-20
3555.56 1.5704639e-15 1e-20
3557.03 1.8829013e-15 1e-20
3558.5 2.0265041e-15 1e-20
3559.97 1.7449364e-15 1e-20
3561.44 1.7554223e-15 1e-20
3562.91 2.0861642e-15 1e-20
3564.38 2.4583931e-15 1e-20
3565.85 2.0062645e-15 1e-20
3567.32 1.9305854e-15 1e-20
3568.79 1.7749861e-15 1e-20
3570.26 2.0444036e-15 1e-20
3571.73 2.2164783e-15 1e-20
3573.2 1.7999514e-15 1e-20
3574.67 1.9588361e-15 1e-20
3576.14 2.0636535e-15 1e-20
3577.61 1.8763753e-15 1e-20
3579.08 1.6808529e-15 1e-20
3580.55 1.6078512e-15 1e-20
3582.02 1.802415e-15 1e-20
3583.49 1.6893745e-15 1e-20
3584.96 2.022008e-15 1e-20
3586.43 2.0790477e-15 1e-20
3587.9 2.0025079e-15 1e-20
3589.37 2.0696627e-15 1e-20
3590.84 1.9461368e-15 1e-20
3592.31 1.7017728e-15 1e-20
3593.78 1.8333535e-15 1e-20
3595.25 1.965821e-15 1e-20
3596.72 1.9542947e-15 1e-20
3598.19 1.9186014e-15 1e-20
3599.66 1.9039033e-15 1e-20
3601.13 1.7266234e-15 1e-20
3602.6 1.8206213e-15 1e-20
3604.07 1.821635e-15 1e-20
3605.54 1.9683176e-15 1e-20
3607.01 1.8378955e-15 1e-20
3608.48 2.0878308e-15 1e-20
3609.95 1.9646923e-15 1e-20
3611.42 1.6533509e-15 1e-20
3612.89 1.8248275e-15 1e-20
3614.36 1.8989975e-15 1e-20
3615.83 1.7629091e-15 1e-20
3617.3 1.7070699e-15 1e-20
3618.77 1.8166697e-15 1e-20
3620.24 1.6945127e-15 1e-20
3621.71 1.8036495e-15 1e-20
3623.18 1.7923435e-15 1e-20
3624.65 1.6549193e-15 1e-20
3626.12 1.6902773e-15 1e-20
3627.59 1.8071039e-15 1e-20
3629.06 1.6278427e-15 1e-20
3630.53 1.7048204e-15 1e-20
3632.0 1.283984e-15 1e-20
3633.47 1.4864195e-15 1e-20
3634.94 1.8544378e-15 1e-20
3636.41 1.4541308e-15 1e-20
3637.88 1.4190982e-15 1e-20
3639.35 1.7661903e-15 1e-20
3640.82 1.9792867e-15 1e-20
3642.29 1.8519753e-15 1e-20
3643.76 1.6941746e-15 1e-20
3645.23 1.8065341e-15 1e-20
3646.7 1.8959774e-15 1e-20
3648.17 1.6104592e-15 1e-20
3649.64 2.1052798e-15 1e-20
3651.11 2.0067797e-15 1e-20
3652.58 1.699891e-15 1e-20
3654.05 1.7540284e-15 1e-20
3655.52 1.7060802e-15 1e-20
3656.99 1.5916638e-15 1e-20
3658.46 1.8094972e-15 1e-20
3659.93 2.1825106e-15 1e-20
3661.4 2.0703541e-15 1e-20
3662.87 2.157531e-15 1e-20
3664.34 1.9649007e-15 1e-20
3665.81 1.6732503e-15 1e-20
3667.28 1.7765921e-15 1e-20
3668.75 1.9830735e-15 1e-20
3670.22 2.0999618e-15 1e-20
3671.69 1.9064331e-15 1e-20
3673.16 1.8367956e-15 1e-20
3674.63 1.8795424e-15 1e-20
3676.1 1.9647289e-15 1e-20
3677.57 2.0082675e-15 1e-20
3679.04 1.9808069e-15 1e-20
3680.51 2.0454448e-15 1e-20
3681.98 2.2296046e-15 1e-20
3683.45 2.0722458e-15 1e-20
3684.92 1.9170028e-15 1e-20
3686.39 2.0141463e-15 1e-20
3687.86 1.9809581e-15 1e-20
3689.33 2.0281871e-15 1e-20
3690.8 1.8250822e-15 1e-20
3692.27 1.9188644e-15 1e-20
3693.74 2.0759892e-15 1e-20
3695.21 2.1796487e-15 1e-20
3696.68 2.0354939e-15 1e-20
3698.15 1.8137085e-15 1e-20
3699.62 1.809541e-15 1e-20
3701.09 1.9689719e-15 1e-20
3702.56 1.8154137e-15 1e-20
3704.03 1.7409183e-15 1e-20
3705.5 1.8206509e-15 1e-20
3706.97 2.1379628e-15 1e-20
3708.44 2.0971911e-15 1e-20
3709.91 1.8214181e-15 1e-20
3711.38 1.8608444e-15 1e-20
3712.85 1.866922e-15 1e-20
3714.32 1.7353725e-15 1e-20
3715.79 1.9422508e-15 1e-20
3717.26 1.969745e-15 1e-20
3718.73 1.6040292e-15 1e-20
3720.2 1.8081595e-15 1e-20
3721.67 1.7328714e-15 1e-20
3723.14 1.5558704e-15 1e-20
3724.61 1.8526838e-15 1e-20
3726.08 1.5632839e-15 1e-20
3727.55 1.6331743e-15 1e-20
3729.02 1.687464e-15 1e-20
3730.49 1.7219649e-15 1e-20
3731.96 1.5793038e-15 1e-20
3733.43 1.4186172e-15 1e-20
3734.9 1.5825009e-15 1e-20
3736.37 1.5506689e-15 1e-20
3737.84 1.5528541e-15 1e-20
3739.31 1.5133647e-15 1e-20
3740.78 1.7362408e-15 1e-20
3742.25 1.6509467e-15 1e-20
3743.72 1.5297724e-15 1e-20
3745.19 1.4812409e-15 1e-20
3746.66 1.3583825e-15 1e-20
3748.13 1.2789652e-15 1e-20
3749.6 1.2784386e-15 1e-20
3751.07 1.2412553e-15 1e-20
3752.54 1.2610078e-15 1e-20
3754.01 1.1864601e-15 1e-20
3755.48 1.2192878e-15 1e-20
3756.95 1.1557233e-15 1e-20
3758.42 9.7348374e-16 1e-20
3759.89 1.2771866e-15 1e-20
3761.36 1.2773965e-15 1e-20
3762.83 1.13775e-15 1e-20
3764.3 1.1951683e-15 1e-20
3765.77 1.2763216e-15 1e-20
3767.24 1.1187867e-15 1e-20
3768.71 1.1043437e-15 1e-20
3770.18 1.2853682e-15 1e-20
3771.65 1.1825021e-15 1e-20
3773.12 1.2333608e-15 1e-20
3774.59 1.0062386e-15 1e-20
3776.06 9.2921579e-16 1e-20
3777.53 1.043475e-15 1e-20
3779.0 1.1852211e-15 1e-20
3780.47 9.8008615e-16 1e-20
3781.94 1.1618183e-15 1e-20
3783.41 1.2093263e-15 1e-20
3784.88 1.0810615e-15 1e-20
3786.35 1.1215555e-15 1e-20
3787.82 1.1091111e-15 1e-20
3789.29 1.0632603e-15 1e-20
3790.76 1.0819774e-15 1e-20
3792.23 1.025333e-15 1e-20
3793.7 1.0895445e-15 1e-20
3795.17 1.0335104e-15 1e-20
3796.64 1.004216e-15 1e-20
3798.11 1.0712112e-15 1e-20
3799.58 1.1768033e-15 1e-20
3801.05 1.0403273e-15 1e-20
3802.52 1.3493942e-15 1e-20
3803.99 1.10603e-15 1e-20
3805.46 1.0193682e-15 1e-20
3806.93 1.0011762e-15 1e-20
3808.4 9.5422857e-16 1e-20
3809.87 9.7200726e-16 1e-20
3811.34 8.8093782e-16 1e-20
3812.81 1.1981267e-15 1e-20
3814.28 1.2186761e-15 1e-20
3815.75 1.1752245e-15 1e-20
3817.22 1.2070952e-15 1e-20
3818.69 1.1504371e-15 1e-20
3820.16 1.2213681e-15 1e-20
3821.63 1.1863413e-15 1e-20
3823.1 1.149371e-15 1e-20
3824.57 1.0956627e-15 1e-20
3826.04 1.2758316e-15 1e-20
3827.51 1.1089947e-15 1e-20
3828.98 1.0343675e-15 1e-20
3830.45 1.1794235e-15 1e-20
3831.92 1.0164169e-15 1e-20
3833.39 9.7236958e-16 1e-20
3834.86 1.138484e-15 1e-20
3836.33 1.2534049e-15 1e-20
3837.8 1.2506084e-15 1e-20
3839.27 1.1300711e-15 1e-20
3840.74 1.073222e-15 1e-20
3842.21 1.2156796e-15 1e-20
3843.68 1.3309202e-15 1e-20
3845.15 1.4734941e-15 1e-20
3846.62 1.504177e-15 1e-20
3848.09 1.369519e-15 1e-20
3849.56 1.2847227e-15 1e-20
3851.03 1.360636e-15 1e-20
3852.5 1.2524996e-15 1e-20
3853.97 1.3464464e-15 1e-20
3855.44 1.3138361e-15 1e-20
3856.91 1.3933126e-15 1e-20
3858.38 1.5060022e-15 1e-20
3859.85 1.4891016e-15 1e-20
3861.32 1.3972756e-15 1e-20
3862.79 1.3060214e-15 1e-20
3864.26 1.4484651e-15 1e-20
3865.73 1.481704e-15 1e-20
3867.2 1.4713572e-15 1e-20
3868.67 1.5215767e-15 1e-20
3870.14 1.4821781e-15 1e-20
3871.61 1.5123852e-15 1e-20
3873.08 1.6471672e-15 1e-20
3874.55 1.5366801e-15 1e-20
3876.02 1.3555087e-15 1e-20
3877.49 1.5702813e-15 1e-20
3878.96 1.637297e-15 1e-20
3880.43 1.5854498e-15 1e-20
3881.9 1.5797442e-15 1e-20
3883.37 1.604187e-15 1e-20
3884.84 1.5216595e-15 1e-20
3886.31 1.5555509e-15 1e-20
3887.78 1.6300027e-15 1e-20
3889.25 1.6327005e-15 1e-20
3890.72 1.5819416e-15 1e-20
3892.19 1.4711536e-15 1e-20
3893.66 1.5345984e-15 1e-20
3895.13 1.5395724e-15 1e-20
3896.6 1.458755e-15 1e-20
3898.07 1.5566904e-15 1e-20
3899.54 1.5083804e-15 1e-20
3901.01 1.4785498e-15 1e-20
3902.48 1.7047708e-15 1e-20
3903.95 1.598243e-15 1e-20
3905.42 1.6445676e-15 1e-20
3906.89 1.5195161e-15 1e-20
3908.36 1.5496633e-15 1e-20
3909.83 1.4759696e-15 1e-20
3911.3 1.6305637e-15 1e-20
3912.77 1.7958562e-15 1e-20
3914.24 1.7217123e-15 1e-20
3915.71 1.565454e-15 1e-20
3917.18 1.7279939e-15 1e-20
3918.65 1.7300894e-15 1e-20
3920.12 1.6198342e-15 1e-20
3921.59 1.58733e-15 1e-20
3923.06 1.663895e-15 1e-20
3924.53 1.7277795e-15 1e-20
3926.0 1.8988107e-15 1e-20
3927.47 1.7998402e-15 1e-20
3928.94 1.7293636e-15 1e-20
3930.41 1.5668873e-15 1e-20
3931.88 1.4844234e-15 1e-20
3933.35 1.5615589e-15 1e-20
3934.82 1.6450163e-15 1e-20
3936.29 1.6220245e-15 1e-20
3937.76 1.6921498e-15 1e-20
3939.23 1.5961058e-15 1e-20
3940.7 1.7526428e-15 1e-20
3942.17 1.6130718e-15 1e-20
3943.64 1.656336e-15 1e-20
3945.11 1.6490758e-15 1e-20
3946.58 1.6382633e-15 1e-20
3948.05 1.6685545e-15 1e-20
3949.52 1.7747532e-15 1e-20
3950.99 1.5704227e-15 1e-20
3952.46 1.6458521e-15 1e-20
3953.93 1.6948465e-15 1e-20
3955.4 1.6219292e-15 1e-20
3956.87 1.7116137e-15 1e-20
3958.34 1.6772869e-15 1e-20
3959.81 1.6390577e-15 1e-20
3961.28 1.7074771e-15 1e-20
3962.75 1.6920618e-15 1e-20
3964.22 1.6282848e-15 1e-20
3965.69 1.6283464e-15 1e-20
3967.16 1.621664e-15 1e-20
3968.63 1.7143531e-15 1e-20
3970.1 1.7891436e-15 1e-20
3971.57 1.7055758e-15 1e-20
3973.04 1.6312725e-15 1e-20
3974.51 1.6707003e-15 1e-20
3975.98 1.8105693e-15 1e-20
3977.45 1.8864817e-15 1e-20
3978.92 1.7595133e-15 1e-20
3980.39 1.7898507e-15 1e-20
3981.86 1.870419e-15 1e-20
3983.33 1.8374235e-15 1e-20
3984.8 1.780592e-15 1e-20
3986.27 1.8204557e-15 1e-20
3987.74 1.8532035e-15 1e-20
3989.21 1.8244389e-15 1e-20
3990.68 1.6476153e-15 1e-20
3992.15 1.842984e-15 1e-20
3993.62 1.885454e-15 1e-20
3995.09 1.7641748e-15 1e-20
3996.56 1.7658827e-15 1e-20
3998.03 1.7815409e-15 1e-20
3999.5 1.7611721e-15 1e-20
4000.97 1.8388793e-15 1e-20
4002.44 1.8416603e-15 1e-20
4003.91 1.8983675e-15 1e-20
4005.38 1.9667338e-15 1e-20
4006.85 2.0373283e-15 1e-20
4008.32 1.8149417e-15 1e-20
4009.79 1.7764674e-15 1e-20
4011.26 1.8873813e-15 1e-20
4012.73 1.976958e-15 1e-20
4014.2 1.9626783e-15 1e-20
4015.67 1.9785991e-15 1e-20
4017.14 1.8489156e-15 1e-20
4018.61 1.9083718e-15 1e-20
4020.08 2.0103942e-15 1e-20
4021.55 2.0643211e-15 1e-20
4023.02 2.0239217e-15 1e-20
4024.49 1.8743878e-15 1e-20
4025.96 1.985921e-15 1e-20
4027.43 2.0839016e-15 1e-20
4028.9 2.0961569e-15 1e-20
4030.37 2.0698362e-15 1e-20
4031.84 1.930552e-15 1e-20
4033.31 1.8919953e-15 1e-20
4034.78 1.9164588e-15 1e-20
4036.25 2.0638398e-15 1e-20
4037.72 1.9674447e-15 1e-20
4039.19 1.9487266e-15 1e-20
4040.66 1.9541018e-15 1e-20
4042.13 1.9816315e-15 1e-20
4043.6 1.8940785e-15 1e-20
4045.07 1.9629724e-15 1e-20
4046.54 1.907357e-15 1e-20
4048.01 1.7727266e-15 1e-20
4049.48 1.7401635e-15 1e-20
4050.95 1.8473522e-15 1e-20
4052.42 2.052206e-15 1e-20
4053.89 1.9967942e-15 1e-20
4055.36 1.9652634e-15 1e-20
4056.83 1.8321488e-15 1e-20
4058.3 1.8626676e-15 1e-20
4059.77 1.996261e-15 1e-20
4061.24 1.9172733e-15 1e-20
4062.71 1.8713603e-15 1e-20
4064.18 2.0638733e-15 1e-20
4065.65 2.0195639e-15 1e-20
4067.12 1.9673827e-15 1e-20
4068.59 1.861083e-15 1e-20
4070.06 1.8474343e-15 1e-20
4071.53 2.0654602e-15 1e-20
4073.0 2.1056413e-15 1e-20
4074.47 1.9562063e-15 1e-20
4075.94 1.9086354e-15 1e-20
4077.41 1.9871395e-15 1e-20
4078.88 1.9419552e-15 1e-20
4080.35 1.8626219e-15 1e-20
4081.82 1.8226218e-15 1e-20
4083.29 1.9147893e-15 1e-20
4084.76 1.7957979e-15 1e-20
4086.23 1.7643309e-15 1e-20
4087.7 1.7895265e-15 1e-20
4089.17 1.8118928e-15 1e-20
4090.64 1.8311302e-15 1e-20
4092.11 1.8293337e-15 1e-20
4093.58 1.8328152e-15 1e-20
4095.05 1.7715756e-15 1e-20
4096.52 1.7737933e-15 1e-20
4097.99 1.8528805e-15 1e-20
4099.46 1.8426789e-15 1e-20
4100.93 1.8667859e-15 1e-20
4102.4 1.8430372e-15 1e-20
4103.87 1.8708357e-15 1e-20
4105.34 1.9088216e-15 1e-20
4106.81 1.9193697e-15 1e-20
4108.28 1.9315771e-15 1e-20
4109.75 1.93441e-15 1e-20
4111.22 1.8427966e-15 1e-20
4112.69 1.8627694e-15 1e-20
4114.16 2.0050466e-15 1e-20
4115.63 1.9517786e-15 1e-20
4117.1 1.8973028e-15 1e-20
4118.57 1.9444812e-15 1e-20
4120.04 1.9627198e-15 1e-20
4121.51 1.91913e-15 1e-20
4122.98 1.8538826e-15 1e-20
4124.45 1.9355518e-15 1e-20
4125.92 1.9211417e-15 1e-20
4127.39 1.852658e-15 1e-20
4128.86 1.9633739e-15 1e-20
4130.33 1.9871753e-15 1e-20
4131.8 1.9712746e-15 1e-20
4133.27 1.9857485e-15 1e-20
4134.74 1.9323604e-15 1e-20
4136.21 2.0058729e-15 1e-20
4137.68 1.9529463e-15 1e-20
4139.15 1.880393e-15 1e-20
4140.62 1.874651e-15 1e-20
4142.09 2.013694e-15 1e-20
4143.56 2.1576085e-15 1e-20
4145.03 2.062247e-15 1e-20
4146.5 1.8992285e-15 1e-20
4147.97 1.9282769e-15 1e-20
4149.44 2.0238929e-15 1e-20
4150.91 1.9799169e-15 1e-20
4152.38 2.0341359e-15 1e-20
4153.85 2.0244486e-15 1e-20
4155.32 2.0174978e-15 1e-20
4156.79 1.9355262e-15 1e-20
4158.26 1.8454703e-15 1e-20
4159.73 1.9330044e-15 1e-20
4161.2 2.118098e-15 1e-20
4162.67 2.0551831e-15 1e-20
4164.14 1.9592933e-15 1e-20
4165.61 1.9033294e-15 1e-20
4167.08 1.9054235e-15 1e-20
4168.55 1.9707907e-15 1e-20
4170.02 1.9040708e-15 1e-20
4171.49 2.0128768e-15 1e-20
4172.96 1.9559776e-15 1e-20
4174.43 1.8728997e-15 1e-20
4175.9 2.0056554e-15 1e-20
4177.37 2.0486944e-15 1e-20
4178.84 1.9616853e-15 1e-20
4180.31 1.880299e-15 1e-20
4181.78 1.9126936e-15 1e-20
4183.25 1.9637478e-15 1e-20
4184.72 1.9357941e-15 1e-20
4186.19 1.9571414e-15 1e-20
4187.66 1.9460681e-15 1e-20
4189.13 1.9201267e-15 1e-20
4190.6 1.8889074e-15 1e-20
4192.07 2.0257695e-15 1e-20
4193.54 1.9718607e-15 1e-20
4195.01 1.9623538e-15 1e-20
4196.48 1.8596206e-15 1e-20
4197.95 1.8049923e-15 1e-20
4199.42 1.863399e-15 1e-20
4200.89 1.9088078e-15 1e-20
4202.36 1.8289224e-15 1e-20
4203.83 1.8599395e-15 1e-20
4205.3 1.8520473e-15 1e-20
4206.77 1.9088624e-15 1e-20
4208.24 1.7831371e-15 1e-20
4209.71 1.7496074e-15 1e-20
4211.18 1.7447667e-15 1e-20
4212.65 1.7273106e-15 1e-20
4214.12 1.7388234e-15 1e-20
4215.59 1.7457718e-15 1e-20
4217.06 1.7217127e-15 1e-20
4218.53 1.6449766e-15 1e-20
4220.0 1.6350784e-15 1e-20
4221.47 1.59083e-15 1e-20
4222.94 1.6177137e-15 1e-20
4224.41 1.650023e-15 1e-20
4225.88 1.686692e-15 1e-20
4227.35 1.7376735e-15 1e-20
4228.82 1.7221382e-15 1e-20
4230.29 1.7660309e-15 1e-20
4231.76 1.7334756e-15 1e-20
4233.23 1.6217805e-15 1e-20
4234.7 1.6119512e-15 1e-20
4236.17 1.6254517e-15 1e-20
4237.64 1.6630462e-15 1e-20
4239.11 1.7044867e-15 1e-20
4240.58 1.7521232e-15 1e-20
4242.05 1.7022068e-15 1e-20
4243.52 1.5501079e-15 1e-20
4244.99 1.6229594e-15 1e-20
4246.46 1.6443481e-15 1e-20
4247.93 1.5506137e-15 1e-20
4249.4 1.5565526e-15 1e-20
4250.87 1.6434223e-15 1e-20
4252.34 1.5668064e-15 1e-20
4253.81 1.5934682e-15 1e-20
4255.28 1.603293e-15 1e-20
4256.75 1.5843667e-15 1e-20
4258.22 1.5441364e-15 1e-20
4259.69 1.5790224e-15 1e-20
4261.16 1.6333153e-15 1e-20
4262.63 1.5776342e-15 1e-20
4264.1 1.570262e-15 1e-20
4265.57 1.5540385e-15 1e-20
4267.04 1.5410948e-15 1e-20
4268.51 1.6213741e-15 1e-20
4269.98 1.5188278e-15 1e-20
4271.45 1.4496429e-15 1e-20
4272.92 1.5418307e-15 1e-20
4274.39 1.4841368e-15 1e-20
4275.86 1.4242726e-15 1e-20
4277.33 1.4901833e-15 1e-20
4278.8 1.4733707e-15 1e-20
4280.27 1.4406299e-15 1e-20
4281.74 1.4364546e-15 1e-20
4283.21 1.511729e-15 1e-20
4284.68 1.4566679e-15 1e-20
4286.15 1.3794767e-15 1e-20
4287.62 1.4540816e-15 1e-20
4289.09 1.4143499e-15 1e-20
4290.56 1.4551613e-15 1e-20
4292.03 1.4528216e-15 1e-20
4293.5 1.4495714e-15 1e-20
4294.97 1.5075447e-15 1e-20
4296.44 1.4355325e-15 1e-20
4297.91 1.3876382e-15 1e-20
4299.38 1.3783595e-15 1e-20
4300.85 1.3615471e-15 1e-20
4302.32 1.3391122e-15 1e-20
4303.79 1.3598597e-15 1e-20
4305.26 1.3975139e-15 1e-20
4306.73 1.347274e-15 1e-20
4308.2 1.2682317e-15 1e-20
4309.67 1.22815e-15 1e-20
4311.14 1.2812716e-15 1e-20
4312.61 1.3302216e-15 1e-20
4314.08 1.3165929e-15 1e-20
4315.55 1.2738264e-15 1e-20
4317.02 1.2394005e-15 1e-20
4318.49 1.2249191e-15 1e-20
4319.96 1.2988304e-15 1e-20
4321.43 1.2761305e-15 1e-20
4322.9 1.2096506e-15 1e-20
4324.37 1.247574e-15 1e-20
4325.84 1.1923633e-15 1e-20
4327.31 1.1885466e-15 1e-20
4328.78 1.1777236e-15 1e-20
4330.25 1.1519026e-15 1e-20
4331.72 1.1501668e-15 1e-20
4333.19 1.1959652e-15 1e-20
4334.66 1.2731351e-15 1e-20
4336.13 1.3226677e-15 1e-20
4337.6 1.2438164e-15 1e-20
4339.07 1.1824208e-15 1e-20
4340.54 1.1981539e-15 1e-20
4342.01 1.1643331e-15 1e-20
4343.48 1.1119099e-15 1e-20
4344.95 1.1040462e-15 1e-20
4346.42 1.161735e-15 1e-20
4347.89 1.1574327e-15 1e-20
4349.36 1.0683672e-15 1e-20
4350.83 1.1065151e-15 1e-20
4352.3 1.190629e-15 1e-20
4353.77 1.1819296e-15 1e-20
4355.24 1.1744067e-15 1e-20
4356.71 1.2097312e-15 1e-20
4358.18 1.1598051e-15 1e-20
4359.65 1.0837897e-15 1e-20
4361.12 1.1448835e-15 1e-20
4362.59 1.1481052e-15 1e-20
4364.06 1.1545838e-15 1e-20
4365.53 1.0941515e-15 1e-20
4367.0 1.0968584e-15 1e-20
4368.47 1.0781366e-15 1e-20
4369.94 1.0416759e-15 1e-20
4371.41 1.0759771e-15 1e-20
4372.88 1.062151e-15 1e-20
4374.35 1.1012833e-15 1e-20
4375.82 1.1138049e-15 1e-20
4377.29 1.0890253e-15 1e-20
4378.76 1.0510782e-15 1e-20
4380.23 1.0676321e-15 1e-20
4381.7 1.0403474e-15 1e-20
4383.17 1.0009973e-15 1e-20
4384.64 1.0672347e-15 1e-20
4386.11 1.045584e-15 1e-20
4387.58 1.0283239e-15 1e-20
4389.05 1.0486924e-15 1e-20
4390.52 1.1043225e-15 1e-20
4391.99 1.0842347e-15 1e-20
4393.46 1.0966628e-15 1e-20
4394.93 1.0668982e-15 1e-20
4396.4 1.0552943e-15 1e-20
4397.87 1.102329e-15 1e-20
4399.34 1.0594399e-15 1e-20
4400.81 1.0609991e-15 1e-20
4402.28 1.1213631e-15 1e-20
4403.75 1.1561406e-15 1e-20
4405.22 1.1473205e-15 1e-20
4406.69 1.1687064e-15 1e-20
4408.16 1.1711881e-15 1e-20
4409.63 1.1379315e-15 1e-20
4411.1 1.1221359e-15 1e-20
4412.57 1.2279122e-15 1e-20
4414.04 1.2430793e-15 1e-20
4415.51 1.1554765e-15 1e-20
4416.98 1.0531025e-15 1e-20
4418.45 1.2890605e-15 1e-20
4419.92 1.2668243e-15 1e-20
4421.39 1.18639e-15 1e-20
4422.86 1.1551557e-15 1e-20
4424.33 1.1864656e-15 1e-20
4425.8 1.2024686e-15 1e-20
4427.27 1.1525676e-15 1e-20
4428.74 1.27312e-15 1e-20
4430.21 1.2964008e-15 1e-20
4431.68 1.2100688e-15 1e-20
4433.15 1.1552073e-15 1e-20
4434.62 1.0860771e-15 1e-20
4436.09 1.239044e-15 1e-20
4437.56 1.2986469e-15 1e-20
4439.03 1.2436882e-15 1e-20
4440.5 1.2520402e-15 1e-20
4441.97 1.17879e-15 1e-20
4443.44 1.2990033e-15 1e-20
4444.91 1.408183e-15 1e-20
4446.38 1.3804347e-15 1e-20
4447.85 1.3289613e-15 1e-20
4449.32 1.395274e-15 1e-20
4450.79 1.3578198e-15 1e-20
4452.26 1.4103513e-15 1e-20
4453.73 1.3602438e-15 1e-20
4455.2 1.3684907e-15 1e-20
4456.67 1.3735048e-15 1e-20
4458.14 1.314085e-15 1e-20
4459.61 1.4065956e-15 1e-20
4461.08 1.4461358e-15 1e-20
4462.55 1.4324797e-15 1e-20
4464.02 1.321635e-15 1e-20
4465.49 1.3706142e-15 1e-20
4466.96 1.4879817e-15 1e-20
4468.43 1.4712558e-15 1e-20
4469.9 1.431739e-15 1e-20
4471.37 1.3811188e-15 1e-20
4472.84 1.3791633e-15 1e-20
4474.31 1.4099419e-15 1e-20
4475.78 1.4336252e-15 1e-20
4477.25 1.4275636e-15 1e-20
4478.72 1.3756052e-15 1e-20
4480.19 1.3788874e-15 1e-20
4481.66 1.3730197e-15 1e-20
4483.13 1.4166497e-15 1e-20
4484.6 1.4682258e-15 1e-20
4486.07 1.4511897e-15 1e-20
4487.54 1.3814398e-15 1e-20
4489.01 1.3520678e-15 1e-20
4490.48 1.3808668e-15 1e-20
4491.95 1.4369891e-15 1e-20
4493.42 1.3770479e-15 1e-20
4494.89 1.3547005e-15 1e-20
4496.36 1.3568807e-15 1e-20
4497.83 1.3378693e-15 1e-20
4499.3 1.2533442e-15 1e-20
4500.77 1.2436833e-15 1e-20
4502.24 1.2684443e-15 1e-20
4503.71 1.3614257e-15 1e-20
4505.18 1.394989e-15 1e-20
4506.65 1.2933819e-15 1e-20
4508.12 1.1765427e-15 1e-20
4509.59 1.2401526e-15 1e-20
4511.06 1.2668611e-15 1e-20
4512.53 1.2608089e-15 1e-20
4514.0 1.2610496e-15 1e-20
4515.47 1.2979398e-15 1e-20
4516.94 1.2805291e-15 1e-20
4518.41 1.2941192e-15 1e-20
4519.88 1.2353132e-15 1e-20
4521.35 1.2350947e-15 1e-20
4522.82 1.2283818e-15 1e-20
4524.29 1.2002484e-15 1e-20
4525.76 1.2255517e-15 1e-20
4527.23 1.2450157e-15 1e-20
4528.7 1.2240349e-15 1e-20
4530.17 1.1502722e-15 1e-20
4531.64 1.1905159e-15 1e-20
4533.11 1.1919946e-15 1e-20
4534.58 1.1276731e-15 1e-20
4536.05 1.0324062e-15 1e-20
4537.52 1.0727661e-15 1e-20
4538.99 1.1614916e-15 1e-20
4540.46 1.1865122e-15 1e-20
4541.93 1.2238917e-15 1e-20
4543.4 1.2091834e-15 1e-20
4544.87 1.193984e-15 1e-20
4546.34 1.1553763e-15 1e-20
4547.81 1.1938917e-15 1e-20
4549.28 1.2490913e-15 1e-20
4550.75 1.2672891e-15 1e-20
4552.22 1.221102e-15 1e-20
4553.69 1.2193459e-15 1e-20
4555.16 1.2734605e-15 1e-20
4556.63 1.237134e-15 1e-20
4558.1 1.2176649e-15 1e-20
4559.57 1.2703725e-15 1e-20
4561.04 1.3438393e-15 1e-20
4562.51 1.3030846e-15 1e-20
4563.98 1.2884671e-15 1e-20
4565.45 1.3006264e-15 1e-20
4566.92 1.2947628e-15 1e-20
4568.39 1.2499152e-15 1e-20
4569.86 1.2613979e-15 1e-20
4571.33 1.3214863e-15 1e-20
4572.8 1.3678837e-15 1e-20
4574.27 1.3383545e-15 1e-20
4575.74 1.3420393e-15 1e-20
4577.21 1.3477534e-15 1e-20
4578.68 1.3165002e-15 1e-20
4580.15 1.372105e-15 1e-20
4581.62 1.3514635e-15 1e-20
4583.09 1.3436711e-15 1e-20
4584.56 1.401794e-15 1e-20
4586.03 1.3739078e-15 1e-20
4587.5 1.3861539e-15 1e-20
4588.97 1.4117906e-15 1e-20
4590.44 1.3938903e-15 1e-20
4591.91 1.3578825e-15 1e-20
4593.38 1.3644072e-15 1e-20
4594.85 1.3657661e-15 1e-20
4596.32 1.366666e-15 1e-20
4597.79 1.402916e-15 1e-20
4599.26 1.383904e-15 1e-20
4600.73 1.3747691e-15 1e-20
4602.2 1.4283414e-15 1e-20
4603.67 1.3882182e-15 1e-20
4605.14 1.3291261e-15 1e-20
4606.61 1.3455284e-15 1e-20
4608.08 1.3458373e-15 1e-20
4609.55 1.3615445e-15 1e-20
4611.02 1.4171554e-15 1e-20
4612.49 1.3699722e-15 1e-20
4613.96 1.3034175e-15 1e-20
4615.43 1.2981342e-15 1e-20
4616.9 1.2536723e-15 1e-20
4618.37 1.2716168e-15 1e-20
4619.84 1.3446414e-15 1e-20
4621.31 1.3344515e-15 1e-20
4622.78 1.3491072e-15 1e-20
4624.25 1.3995204e-15 1e-20
4625.72 1.3413062e-15 1e-20
4627.19 1.2430667e-15 1e-20
4628.66 1.2910467e-15 1e-20
4630.13 1.3161058e-15 1e-20
4631.6 1.2800177e-15 1e-20
4633.07 1.3309188e-15 1e-20
4634.54 1.3494079e-15 1e-20
4636.01 1.3667644e-15 1e-20
4637.48 1.3454016e-15 1e-20
4638.95 1.293951e-15 1e-20
4640.42 1.3238439e-15 1e-20
4641.89 1.2962244e-15 1e-20
4643.36 1.207126e-15 1e-20
4644.83 1.2809277e-15 1e-20
4646.3 1.3905735e-15 1e-20
4647.77 1.3657862e-15 1e-20
4649.24 1.3041905e-15 1e-20
4650.71 1.3132794e-15 1e-20
4652.18 1.3558985e-15 1e-20
4653.65 1.3316597e-15 1e-20
4655.12 1.3425245e-15 1e-20
4656.59 1.3835231e-15 1e-20
4658.06 1.3449323e-15 1e-20
4659.53 1.3562195e-15 1e-20
4661.0 1.3663776e-15 1e-20
4662.47 1.3527832e-15 1e-20
4663.94 1.3967027e-15 1e-20
4665.41 1.4184142e-15 1e-20
4666.88 1.3650268e-15 1e-20
4668.35 1.3739474e-15 1e-20
4669.82 1.424469e-15 1e-20
4671.29 1.4152237e-15 1e-20
4672.76 1.436848e-15 1e-20
4674.23 1.4445964e-15 1e-20
4675.7 1.4085684e-15 1e-20
4677.17 1.3465304e-15 1e-20
4678.64 1.3082105e-15 1e-20
4680.11 1.3230069e-15 1e-20
4681.58 1.3441106e-15 1e-20
4683.05 1.3967368e-15 1e-20
4684.52 1.4316386e-15 1e-20
4685.99 1.3862811e-15 1e-20
4687.46 1.3877135e-15 1e-20
4688.93 1.4115192e-15 1e-20
4690.4 1.3544749e-15 1e-20
4691.87 1.3781835e-15 1e-20
4693.34 1.4111417e-15 1e-20
4694.81 1.3919789e-15 1e-20
4696.28 1.4003425e-15 1e-20
4697.75 1.3457328e-15 1e-20
4699.22 1.3570545e-15 1e-20
4700.69 1.432423e-15 1e-20
4702.16 1.409525e-15 1e-20
4703.63 1.4079071e-15 1e-20
4705.1 1.3860854e-15 1e-20
4706.57 1.3467974e-15 1e-20
4708.04 1.3745146e-15 1e-20
4709.51 1.3825094e-15 1e-20
4710.98 1.4259578e-15 1e-20
4712.45 1.430231e-15 1e-20
4713.92 1.3848682e-15 1e-20
4715.39 1.4011981e-15 1e-20
4716.86 1.4046601e-15 1e-20
4718.33 1.3895435e-15 1e-20
4719.8 1.3944858e-15 1e-20
4721.27 1.3994282e-15 1e-20
4722.74 1.4043707e-15 1e-20
4724.21 1.4093131e-15 1e-20
4725.68 1.4142555e-15 1e-20
4727.15 1.4191979e-15 1e-20
4728.62 1.4241403e-15 1e-20
4730.09 1.4290828e-15 1e-20
4731.56 1.4290828e-15 1e-20
4733.03 1.435129e-15 1e-20
4734.5 1.4615485e-15 1e-20
4735.97 1.447668e-15 1e-20
4737.44 1.407048e-15 1e-20
4738.91 1.3598857e-15 1e-20
4740.38 1.3613466e-15 1e-20
4741.85 1.401735e-15 1e-20
4743.32 1.388117e-15 1e-20
4744.79 1.3553643e-15 1e-20
4746.26 1.3463985e-15 1e-20
4747.73 1.3294448e-15 1e-20
4749.2 1.3393757e-15 1e-20
4750.67 1.3634922e-15 1e-20
4752.14 1.3522729e-15 1e-20
4753.61 1.3610723e-15 1e-20
4755.08 1.3718481e-15 1e-20
4756.55 1.331751e-15 1e-20
4758.02 1.3591365e-15 1e-20
4759.49 1.387365e-15 1e-20
4760.96 1.3207038e-15 1e-20
4762.43 1.2810124e-15 1e-20
4763.9 1.3191198e-15 1e-20
4765.37 1.3251405e-15 1e-20
4766.84 1.2936989e-15 1e-20
4768.31 1.2523472e-15 1e-20
4769.78 1.2154159e-15 1e-20
4771.25 1.1698275e-15 1e-20
4772.72 1.1847944e-15 1e-20
4774.19 1.2778989e-15 1e-20
4775.66 1.2455121e-15 1e-20
4777.13 1.151859e-15 1e-20
4778.6 1.2014855e-15 1e-20
4780.07 1.2199296e-15 1e-20
4781.54 1.1792239e-15 1e-20
4783.01 1.1779265e-15 1e-20
4784.48 1.1921017e-15 1e-20
4785.95 1.1413397e-15 1e-20
4787.42 1.1557236e-15 1e-20
4788.89 1.1995568e-15 1e-20
4790.36 1.1585422e-15 1e-20
4791.83 1.1884789e-15 1e-20
4793.3 1.2125495e-15 1e-20
4794.77 1.1600682e-15 1e-20
4796.24 1.090162e-15 1e-20
4797.71 1.0746033e-15 1e-20
4799.18 1.1178081e-15 1e-20
4800.65 1.1233615e-15 1e-20
4802.12 1.084973e-15 1e-20
4803.59 1.1111328e-15 1e-20
4805.06 1.1571066e-15 1e-20
4806.53 1.1285411e-15 1e-20
4808.0 1.0946444e-15 1e-20
4809.47 1.1322684e-15 1e-20
4810.94 1.1631087e-15 1e-20
4812.41 1.1559128e-15 1e-20
4813.88 1.1554852e-15 1e-20
4815.35 1.1914066e-15 1e-20
4816.82 1.1620771e-15 1e-20
4818.29 1.1472562e-15 1e-20
4819.76 1.1809178e-15 1e-20
4821.23 1.1431602e-15 1e-20
4822.7 1.1255271e-15 1e-20
4824.17 1.1457728e-15 1e-20
4825.64 1.1451799e-15 1e-20
4827.11 1.1165698e-15 1e-20
4828.58 1.1232241e-15 1e-20
4830.05 1.1805707e-15 1e-20
4831.52 1.2371814e-15 1e-20
4832.99 1.2105631e-15 1e-20
4834.46 1.1867432e-15 1e-20
4835.93 1.2256732e-15 1e-20
4837.4 1.2116314e-15 1e-20
4838.87 1.1860651e-15 1e-20
4840.34 1.1728407e-15 1e-20
4841.81 1.1334712e-15 1e-20
4843.28 1.1266867e-15 1e-20
4844.75 1.1886532e-15 1e-20
4846.22 1.1832042e-15 1e-20
4847.69 1.1513126e-15 1e-20
4849.16 1.1415852e-15 1e-20
4850.63 1.1073989e-15 1e-20
4852.1 1.0902811e-15 1e-20
4853.57 1.162353e-15 1e-20
4855.04 1.2004168e-15 1e-20
4856.51 1.1619669e-15 1e-20
4857.98 1.1493517e-15 1e-20
4859.45 1.1258192e-15 1e-20
4860.92 1.1000044e-15 1e-20
4862.39 1.1258641e-15 1e-20
4863.86 1.1372776e-15 1e-20
4865.33 1.178654e-15 1e-20
4866.8 1.2245293e-15 1e-20
4868.27 1.1942402e-15 1e-20
4869.74 1.1747695e-15 1e-20
4871.21 1.2014683e-15 1e-20
4872.68 1.197334e-15 1e-20
4874.15 1.181174e-15 1e-20
4875.62 1.1999978e-15 1e-20
4877.09 1.2185126e-15 1e-20
4878.56 1.1939594e-15 1e-20
4880.03 1.2016346e-15 1e-20
4881.5 1.2014367e-15 1e-20
4882.97 1.1629564e-15 1e-20
4884.44 1.1293437e-15 1e-20
4885.91 1.1112424e-15 1e-20
4887.38 1.1206042e-15 1e-20
4888.85 1.1522574e-15 1e-20
4890.32 1.2106321e-15 1e-20
4891.79 1.212333e-15 1e-20
4893.26 1.1763951e-15 1e-20
4894.73 1.1660146e-15 1e-20
4896.2 1.1783774e-15 1e-20
4897.67 1.1805052e-15 1e-20
4899.14 1.2110103e-15 1e-20
4900.61 1.2234838e-15 1e-20
4902.08 1.1433647e-15 1e-20
4903.55 1.133986e-15 1e-20
4905.02 1.1998173e-15 1e-20
4906.49 1.1965106e-15 1e-20
4907.96 1.1885129e-15 1e-20
4909.43 1.2258873e-15 1e-20
4910.9 1.2417725e-15 1e-20
4912.37 1.1985236e-15 1e-20
4913.84 1.3207777e-15 1e-20
4915.31 1.5186423e-15 1e-20
4916.78 1.4470324e-15 1e-20
4918.25 1.4248503e-15 1e-20
4919.72 1.4869192e-15 1e-20
4921.19 1.2950017e-15 1e-20
4922.66 1.1264396e-15 1e-20
4924.13 1.1516177e-15 1e-20
4925.6 1.2094009e-15 1e-20
4927.07 1.2191789e-15 1e-20
4928.54 1.1924463e-15 1e-20
4930.01 1.1271902e-15 1e-20
4931.48 1.1558962e-15 1e-20
4932.95 1.1678609e-15 1e-20
4934.42 1.1160973e-15 1e-20
4935.89 1.1807558e-15 1e-20
4937.36 1.2181591e-15 1e-20
4938.83 1.1476948e-15 1e-20
4940.3 1.0985792e-15 1e-20
4941.77 1.1529403e-15 1e-20
4943.24 1.1657737e-15 1e-20
4944.71 1.1627495e-15 1e-20
4946.18 1.170359e-15 1e-20
4947.65 1.1152737e-15 1e-20
4949.12 1.1051529e-15 1e-20
4950.59 1.1145883e-15 1e-20
4952.06 1.145207e-15 1e-20
4953.53 1.1834726e-15 1e-20
4955.0 1.1378751e-15 1e-20
4956.47 1.0989664e-15 1e-20
4957.94 1.1380757e-15 1e-20
4959.41 1.1517209e-15 1e-20
4960.88 1.0914883e-15 1e-20
4962.35 1.086943e-15 1e-20
4963.82 1.1299359e-15 1e-20
4965.29 1.1120349e-15 1e-20
4966.76 1.0760585e-15 1e-20
4968.23 1.0933749e-15 1e-20
4969.7 1.1233632e-15 1e-20
4971.17 1.0775625e-15 1e-20
4972.64 1.052424e-15 1e-20
4974.11 1.0619973e-15 1e-20
4975.58 1.0286232e-15 1e-20
4977.05 1.0172175e-15 1e-20
4978.52 1.0680972e-15 1e-20
4979.99 1.0898205e-15 1e-20
4981.46 1.052492e-15 1e-20
4982.93 1.0893334e-15 1e-20
4984.4 1.0761417e-15 1e-20
4985.87 9.7800796e-16 1e-20
4987.34 9.6739474e-16 1e-20
4988.81 9.5835499e-16 1e-20
4990.28 9.2578944e-16 1e-20
4991.75 9.6711893e-16 1e-20
4993.22 1.0060207e-15 1e-20
4994.69 9.6608364e-16 1e-20
4996.16 9.6069058e-16 1e-20
4997.63 9.9379348e-16 1e-20
4999.1 9.842255e-16 1e-20
5000.57 9.4453163e-16 1e-20
5002.04 9.02355e-16 1e-20
5003.51 8.9352119e-16 1e-20
5004.98 8.9377265e-16 1e-20
5006.45 8.9790172e-16 1e-20
5007.92 9.0585568e-16 1e-20
5009.39 8.9839247e-16 1e-20
5010.86 8.6747429e-16 1e-20
5012.33 8.6105685e-16 1e-20
5013.8 8.7846353e-16 1e-20
5015.27 8.6530514e-16 1e-20
5016.74 9.0308493e-16 1e-20
5018.21 9.1533663e-16 1e-20
5019.68 8.6178731e-16 1e-20
5021.15 8.3874738e-16 1e-20
5022.62 8.7248163e-16 1e-20
5024.09 9.1498553e-16 1e-20
5025.56 8.8946125e-16 1e-20
5027.03 8.5281686e-16 1e-20
5028.5 8.6364528e-16 1e-20
5029.97 8.8166998e-16 1e-20
5031.44 8.8408212e-16 1e-20
5032.91 8.7971158e-16 1e-20
5034.38 8.5175134e-16 1e-20
5035.85 8.586427e-16 1e-20
5037.32 8.7254891e-16 1e-20
5038.79 8.1966357e-16 1e-20
5040.26 7.8915794e-16 1e-20
5041.73 8.3263582e-16 1e-20
5043.2 8.837379e-16 1e-20
5044.67 8.4721421e-16 1e-20
5046.14 8.3620818e-16 1e-20
5047.61 8.3579086e-16 1e-20
5049.08 7.7291513e-16 1e-20
5050.55 7.742085e-16 1e-20
5052.02 8.1354735e-16 1e-20
5053.49 8.019223e-16 1e-20
5054.96 7.7573533e-16 1e-20
5056.43 8.2066497e-16 1e-20
5057.9 8.5610139e-16 1e-20
5059.37 8.6450517e-16 1e-20
5060.84 8.6172452e-16 1e-20
5062.31 8.5617751e-16 1e-20
5063.78 8.3269967e-16 1e-20
5065.25 7.8683029e-16 1e-20
5066.72 7.8749003e-16 1e-20
5068.19 7.5802027e-16 1e-20
5069.66 7.6215596e-16 1e-20
5071.13 8.2879384e-16 1e-20
5072.6 8.2069033e-16 1e-20
5074.07 7.8609877e-16 1e-20
5075.54 7.8380485e-16 1e-20
5077.01 7.7494303e-16 1e-20
5078.48 7.7978621e-16 1e-20
5079.95 8.0790971e-16 1e-20
5081.42 8.2416904e-16 1e-20
5082.89 8.1275119e-16 1e-20
5084.36 8.0745655e-16 1e-20
5085.83 8.2419159e-16 1e-20
5087.3 8.099554e-16 1e-20
5088.77 7.7248563e-16 1e-20
5090.24 7.6760672e-16 1e-20
5091.71 7.9193091e-16 1e-20
5093.18 7.9417068e-16 1e-20
5094.65 8.0195179e-16 1e-20
5096.12 8.1499885e-16 1e-20
5097.59 8.0424243e-16 1e-20
5099.06 7.9061589e-16 1e-20
5100.53 8.2403182e-16 1e-20
5102.0 8.2853798e-16 1e-20
5103.47 8.3178064e-16 1e-20
5104.94 8.7466311e-16 1e-20
5106.41 8.4595579e-16 1e-20
5107.88 8.0581691e-16 1e-20
5109.35 7.7513515e-16 1e-20
5110.82 7.5864141e-16 1e-20
5112.29 8.0620342e-16 1e-20
5113.76 8.4784472e-16 1e-20
5115.23 8.6237065e-16 1e-20
5116.7 8.3588107e-16 1e-20
5118.17 8.3338248e-16 1e-20
5119.64 8.5342122e-16 1e-20
5121.11 8.2573473e-16 1e-20
5122.58 8.3225699e-16 1e-20
5124.05 8.7872844e-16 1e-20
5125.52 8.8049287e-16 1e-20
5126.99 8.4495925e-16 1e-20
5128.46 8.5189026e-16 1e-20
5129.93 9.0005562e-16 1e-20
5131.4 9.0520336e-16 1e-20
5132.87 9.0212524e-16 1e-20
5134.34 9.2246536e-16 1e-20
5135.81 9.080766e-16 1e-20
5137.28 9.3761084e-16 1e-20
5138.75 9.3534545e-16 1e-20
5140.22 8.9198806e-16 1e-20
5141.69 9.3228057e-16 1e-20
5143.16 9.863975e-16 1e-20
5144.63 9.6775653e-16 1e-20
5146.1 9.286451e-16 1e-20
5147.57 9.2764592e-16 1e-20
5149.04 9.3330463e-16 1e-20
5150.51 9.6341284e-16 1e-20
5151.98 9.8156772e-16 1e-20
5153.45 1.020582e-15 1e-20
5154.92 1.0278771e-15 1e-20
5156.39 9.7406693e-16 1e-20
5157.86 9.9136006e-16 1e-20
5159.33 1.0283288e-15 1e-20
5160.8 1.0491463e-15 1e-20
5162.27 1.0155698e-15 1e-20
5163.74 9.5963179e-16 1e-20
5165.21 9.8575058e-16 1e-20
5166.68 1.0261386e-15 1e-20
5168.15 1.0431248e-15 1e-20
5169.62 1.0383638e-15 1e-20
5171.09 1.0266777e-15 1e-20
5172.56 1.0130292e-15 1e-20
5174.03 9.9010687e-16 1e-20
5175.5 9.727824e-16 1e-20
5176.97 9.8796991e-16 1e-20
5178.44 9.6155847e-16 1e-20
5179.91 9.3069587e-16 1e-20
5181.38 9.8756154e-16 1e-20
5182.85 1.0149673e-15 1e-20
5184.32 9.9136471e-16 1e-20
5185.79 9.8817595e-16 1e-20
5187.26 9.7978249e-16 1e-20
5188.73 9.9998327e-16 1e-20
5190.2 1.0192733e-15 1e-20
5191.67 1.0199393e-15 1e-20
5193.14 1.006543e-15 1e-20
5194.61 1.025473e-15 1e-20
5196.08 1.0776675e-15 1e-20
5197.55 1.0752916e-15 1e-20
5199.02 1.0741136e-15 1e-20
5200.49 1.0524186e-15 1e-20
5201.96 1.0352558e-15 1e-20
5203.43 1.0312688e-15 1e-20
5204.9 1.0135473e-15 1e-20
5206.37 1.0089674e-15 1e-20
5207.84 1.0001541e-15 1e-20
5209.31 1.0241672e-15 1e-20
5210.78 1.0421419e-15 1e-20
5212.25 1.0524228e-15 1e-20
5213.72 1.0270384e-15 1e-20
5215.19 1.0251989e-15 1e-20
5216.66 1.035389e-15 1e-20
5218.13 1.0574816e-15 1e-20
5219.6 1.0440231e-15 1e-20
5221.07 1.0459708e-15 1e-20
5222.54 1.0807394e-15 1e-20
5224.01 1.066153e-15 1e-20
5225.48 1.0837968e-15 1e-20
5226.95 1.0711006e-15 1e-20
5228.42 1.1072505e-15 1e-20
5229.89 1.1159177e-15 1e-20
5231.36 1.0733281e-15 1e-20
5232.83 1.0944795e-15 1e-20
5234.3 1.0718373e-15 1e-20
5235.77 1.0493094e-15 1e-20
5237.24 1.074751e-15 1e-20
5238.71 1.0515726e-15 1e-20
5240.18 1.0381206e-15 1e-20
5241.65 1.097802e-15 1e-20
5243.12 1.1261389e-15 1e-20
5244.59 1.1054572e-15 1e-20
5246.06 1.1187956e-15 1e-20
5247.53 1.115582e-15 1e-20
5249.0 1.0816416e-15 1e-20
5250.47 1.0814338e-15 1e-20
5251.94 1.1126958e-15 1e-20
5253.41 1.0999811e-15 1e-20
5254.88 1.106097e-15 1e-20
5256.35 1.0806279e-15 1e-20
5257.82 1.0867721e-15 1e-20
5259.29 1.1284491e-15 1e-20
5260.76 1.0989285e-15 1e-20
5262.23 1.1336484e-15 1e-20
5263.7 1.0773174e-15 1e-20
5265.17 1.0269507e-15 1e-20
5266.64 1.1141074e-15 1e-20
5268.11 1.1434199e-15 1e-20
5269.58 1.1187531e-15 1e-20
5271.05 1.1188798e-15 1e-20
5272.52 1.127862e-15 1e-20
5273.99 1.1062915e-15 1e-20
5275.46 1.0595026e-15 1e-20
5276.93 1.0660232e-15 1e-20
5278.4 1.077464e-15 1e-20
5279.87 1.0423821e-15 1e-20
5281.34 1.0619593e-15 1e-20
5282.81 1.0750814e-15 1e-20
5284.28 1.0794273e-15 1e-20
5285.75 1.0873703e-15 1e-20
5287.22 1.1127042e-15 1e-20
5288.69 1.1148153e-15 1e-20
5290.16 1.0956709e-15 1e-20
5291.63 1.1041432e-15 1e-20
5293.1 1.086667e-15 1e-20
5294.57 1.0342231e-15 1e-20
5296.04 1.0354758e-15 1e-20
5297.51 1.0643163e-15 1e-20
5298.98 1.0947305e-15 1e-20
5300.45 1.1207105e-15 1e-20
5301.92 1.0833091e-15 1e-20
5303.39 1.0764293e-15 1e-20
5304.86 1.146978e-15 1e-20
5306.33 1.1557834e-15 1e-20
5307.8 1.1150687e-15 1e-20
5309.27 1.0661308e-15 1e-20
5310.74 1.0397866e-15 1e-20
5312.21 1.0221138e-15 1e-20
5313.68 1.0414715e-15 1e-20
5315.15 1.0375115e-15 1e-20
5316.62 1.0734128e-15 1e-20
5318.09 1.0691193e-15 1e-20
5319.56 1.0381919e-15 1e-20
5321.03 1.0669207e-15 1e-20
5322.5 1.0300072e-15 1e-20
5323.97 1.0307292e-15 1e-20
5325.44 1.0298124e-15 1e-20
5326.91 1.0730654e-15 1e-20
5328.38 1.1036173e-15 1e-20
5329.85 1.0315912e-15 1e-20
5331.32 1.0055577e-15 1e-20
5332.79 1.0559254e-15 1e-20
5334.26 1.0525185e-15 1e-20
5335.73 1.0055671e-15 1e-20
5337.2 1.0184713e-15 1e-20
5338.67 1.0424028e-15 1e-20
5340.14 1.0762906e-15 1e-20
5341.61 1.0910331e-15 1e-20
5343.08 1.0939171e-15 1e-20
5344.55 1.056743e-15 1e-20
5346.02 9.8880636e-16 1e-20
5347.49 9.8626843e-16 1e-20
5348.96 1.0135867e-15 1e-20
5350.43 1.0595814e-15 1e-20
5351.9 1.0508653e-15 1e-20
5353.37 1.0412009e-15 1e-20
5354.84 1.0761584e-15 1e-20
5356.31 1.0737334e-15 1e-20
5357.78 1.0486411e-15 1e-20
5359.25 1.0504321e-15 1e-20
5360.72 1.0370315e-15 1e-20
5362.19 1.0266764e-15 1e-20
5363.66 1.033483e-15 1e-20
5365.13 1.0146081e-15 1e-20
5366.6 1.003901e-15 1e-20
5368.07 1.0004318e-15 1e-20
5369.54 9.9220423e-16 1e-20
5371.01 1.0290199e-15 1e-20
5372.48 1.0765958e-15 1e-20
5373.95 1.0761792e-15 1e-20
5375.42 1.0594912e-15 1e-20
5376.89 1.1230553e-15 1e-20
5378.36 1.1496459e-15 1e-20
5379.83 1.0419423e-15 1e-20
5381.3 9.7325388e-16 1e-20
5382.77 9.9403477e-16 1e-20
5384.24 9.8875215e-16 1e-20
5385.71 9.8354131e-16 1e-20
5387.18 9.7358147e-16 1e-20
5388.65 9.4795639e-16 1e-20
5390.12 9.5752945e-16 1e-20
5391.59 9.6281197e-16 1e-20
5393.06 9.5119026e-16 1e-20
5394.53 9.4586909e-16 1e-20
5396.0 9.4052177e-16 1e-20
5397.47 9.2279761e-16 1e-20
5398.94 9.1010471e-16 1e-20
5400.41 9.5796938e-16 1e-20
5401.88 9.7646403e-16 1e-20
5403.35 9.3155127e-16 1e-20
5404.82 9.002894e-16 1e-20
5406.29 9.194026e-16 1e-20
5407.76 9.527038e-16 1e-20
5409.23 9.1353573e-16 1e-20
5410.7 8.9459639e-16 1e-20
5412.17 9.024414e-16 1e-20
5413.64 8.9512536e-16 1e-20
5415.11 8.9534644e-16 1e-20
5416.58 8.8671178e-16 1e-20
5418.05 8.9626271e-16 1e-20
5419.52 9.0006843e-16 1e-20
5420.99 8.6840724e-16 1e-20
5422.46 8.2420313e-16 1e-20
5423.93 8.1499784e-16 1e-20
5425.4 8.5360762e-16 1e-20
5426.87 8.833588e-16 1e-20
5428.34 8.554461e-16 1e-20
5429.81 8.5430758e-16 1e-20
5431.28 8.8090707e-16 1e-20
5432.75 8.8946877e-16 1e-20
5434.22 9.1892783e-16 1e-20
5435.69 8.9335506e-16 1e-20
5437.16 8.4990545e-16 1e-20
5438.63 8.4309255e-16 1e-20
5440.1 8.5126351e-16 1e-20
5441.57 8.8644677e-16 1e-20
5443.04 8.7270736e-16 1e-20
5444.51 8.4893718e-16 1e-20
5445.98 8.4314496e-16 1e-20
5447.45 8.10963e-16 1e-20
5448.92 8.3710154e-16 1e-20
5450.39 8.7615378e-16 1e-20
5451.86 8.7293177e-16 1e-20
5453.33 8.8533641e-16 1e-20
5454.8 8.9411496e-16 1e-20
5456.27 8.9968314e-16 1e-20
5457.74 8.918466e-16 1e-20
5459.21 8.5563457e-16 1e-20
5460.68 8.3606069e-16 1e-20
5462.15 8.5431187e-16 1e-20
5463.62 9.0193826e-16 1e-20
5465.09 9.0881627e-16 1e-20
5466.56 8.7111309e-16 1e-20
5468.03 8.8423273e-16 1e-20
5469.5 9.0999513e-16 1e-20
5470.97 9.203607e-16 1e-20
5472.44 8.9051263e-16 1e-20
5473.91 8.4614166e-16 1e-20
5475.38 8.7415277e-16 1e-20
5476.85 9.1910455e-16 1e-20
5478.32 9.1395691e-16 1e-20
5479.79 9.049591e-16 1e-20
5481.26 8.9053815e-16 1e-20
5482.73 8.4887037e-16 1e-20
5484.2 8.1318186e-16 1e-20
5485.67 8.5723377e-16 1e-20
5487.14 9.1335954e-16 1e-20
5488.61 8.915513e-16 1e-20
5490.08 8.4269677e-16 1e-20
5491.55 8.6621083e-16 1e-20
5493.02 8.6852122e-16 1e-20
5494.49 8.7147742e-16 1e-20
5495.96 9.0320182e-16 1e-20
5497.43 8.789131e-16 1e-20
5498.9 8.5384219e-16 1e-20
5500.37 8.5620716e-16 1e-20
5501.84 8.513058e-16 1e-20
5503.31 8.7243192e-16 1e-20
5504.78 8.4842949e-16 1e-20
5506.25 8.7909113e-16 1e-20
5507.72 8.7672489e-16 1e-20
5509.19 8.6239172e-16 1e-20
5510.66 8.6787499e-16 1e-20
5512.13 8.9034746e-16 1e-20
5513.6 9.4511248e-16 1e-20
5515.07 9.1747168e-16 1e-20
5516.54 8.6369562e-16 1e-20
5518.01 8.5950577e-16 1e-20
5519.48 8.9094811e-16 1e-20
5520.95 8.6668258e-16 1e-20
5522.42 8.746711e-16 1e-20
5523.89 9.4108145e-16 1e-20
5525.36 8.7522729e-16 1e-20
5526.83 8.3148529e-16 1e-20
5528.3 8.7702871e-16 1e-20
5529.77 9.2505993e-16 1e-20
5531.24 9.0262944e-16 1e-20
5532.71 8.8338045e-16 1e-20
5534.18 8.8372292e-16 1e-20
5535.65 8.4799682e-16 1e-20
5537.12 8.5378925e-16 1e-20
5538.59 8.8303735e-16 1e-20
5540.06 8.7184582e-16 1e-20
5541.53 8.5801616e-16 1e-20
5543.0 9.0785288e-16 1e-20
5544.47 9.1642538e-16 1e-20
5545.94 8.6416069e-16 1e-20
5547.41 8.6854425e-16 1e-20
5548.88 8.635529e-16 1e-20
5550.35 8.6559668e-16 1e-20
5551.82 8.6361118e-16 1e-20
5553.29 8.9196815e-16 1e-20
5554.76 8.8302115e-16 1e-20
5556.23 8.80371e-16 1e-20
5557.7 9.0016965e-16 1e-20
5559.17 8.8798159e-16 1e-20
5560.64 8.6733892e-16 1e-20
5562.11 8.7007034e-16 1e-20
5563.58 8.6980426e-16 1e-20
5565.05 8.5762774e-16 1e-20
5566.52 8.7932973e-16 1e-20
5567.99 8.8783902e-16 1e-20
5569.46 9.0209411e-16 1e-20
5570.93 8.9740155e-16 1e-20
5572.4 8.9044783e-16 1e-20
5573.87 8.307003e-16 1e-20
5575.34 8.6230119e-16 1e-20
5576.81 9.3103543e-16 1e-20
5578.28 9.4798646e-16 1e-20
5579.75 9.3449365e-16 1e-20
5581.22 8.6362092e-16 1e-20
5582.69 8.1431085e-16 1e-20
5584.16 8.4427961e-16 1e-20
5585.63 8.8452067e-16 1e-20
5587.1 8.4743486e-16 1e-20
5588.57 8.5739756e-16 1e-20
5590.04 8.7388273e-16 1e-20
5591.51 8.4032487e-16 1e-20
5592.98 8.4722189e-16 1e-20
5594.45 8.7841827e-16 1e-20
5595.92 8.7000956e-16 1e-20
5597.39 8.5246518e-16 1e-20
5598.86 8.5453882e-16 1e-20
5600.33 8.5260648e-16 1e-20
5601.8 8.4453875e-16 1e-20
5603.27 8.3203067e-16 1e-20
5604.74 8.3548339e-16 1e-20
5606.21 8.5707961e-16 1e-20
5607.68 9.0610502e-16 1e-20
5609.15 8.7820175e-16 1e-20
5610.62 8.5452082e-16 1e-20
5612.09 8.4394938e-16 1e-20
5613.56 8.7354582e-16 1e-20
5615.03 8.6531668e-16 1e-20
5616.5 8.6005926e-16 1e-20
5617.97 8.9328793e-16 1e-20
5619.44 9.0631795e-16 1e-20
5620.91 8.9126183e-16 1e-20
5622.38 8.8011604e-16 1e-20
5623.85 8.0200309e-16 1e-20
5625.32 8.2680215e-16 1e-20
5626.79 8.8903413e-16 1e-20
5628.26 8.5517113e-16 1e-20
5629.73 8.1892061e-16 1e-20
5631.2 8.0509778e-16 1e-20
5632.67 7.9244972e-16 1e-20
5634.14 8.2489045e-16 1e-20
5635.61 8.3984677e-16 1e-20
5637.08 8.3048293e-16 1e-20
5638.55 8.1129096e-16 1e-20
5640.02 8.5052415e-16 1e-20
5641.49 8.5069441e-16 1e-20
5642.96 8.0980056e-16 1e-20
5644.43 8.2143222e-16 1e-20
5645.9 8.3291286e-16 1e-20
5647.37 8.2368898e-16 1e-20
5648.84 8.4808078e-16 1e-20
5650.31 8.7942275e-16 1e-20
5651.78 8.3740562e-16 1e-20
5653.25 7.8234822e-16 1e-20
5654.72 8.3475139e-16 1e-20
5656.19 8.5095079e-16 1e-20
5657.66 7.9865445e-16 1e-20
5659.13 7.4451607e-16 1e-20
5660.6 8.2948295e-16 1e-20
5662.07 8.5590901e-16 1e-20
5663.54 8.0989812e-16 1e-20
5665.01 8.0630273e-16 1e-20
5666.48 8.0299777e-16 1e-20
5667.95 8.1433546e-16 1e-20
5669.42 8.1229729e-16 1e-20
5670.89 8.1118868e-16 1e-20
5672.36 8.2511316e-16 1e-20
5673.83 8.361563e-16 1e-20
5675.3 8.11325e-16 1e-20
5676.77 8.0128586e-16 1e-20
5678.24 8.0407202e-16 1e-20
5679.71 8.2174473e-16 1e-20
5681.18 7.9198613e-16 1e-20
5682.65 8.0538105e-16 1e-20
5684.12 8.1121611e-16 1e-20
5685.59 7.9017411e-16 1e-20
5687.06 7.8427448e-16 1e-20
5688.53 7.8633817e-16 1e-20
5690.0 7.7966672e-16 1e-20
5691.47 7.5061582e-16 1e-20
5692.94 7.6666032e-16 1e-20
5694.41 7.7649035e-16 1e-20
5695.88 7.7605836e-16 1e-20
5697.35 7.6197745e-16 1e-20
5698.82 7.3657953e-16 1e-20
5700.29 7.8018897e-16 1e-20
5701.76 8.0126516e-16 1e-20
5703.23 7.7234005e-16 1e-20
5704.7 7.5883485e-16 1e-20
5706.17 7.675802e-16 1e-20
5707.64 7.7236165e-16 1e-20
5709.11 7.3651558e-16 1e-20
5710.58 7.3097773e-16 1e-20
5712.05 7.6297377e-16 1e-20
5713.52 7.7343669e-16 1e-20
5714.99 7.4371965e-16 1e-20
5716.46 7.1246985e-16 1e-20
5717.93 7.3403886e-16 1e-20
5719.4 7.9095778e-16 1e-20
5720.87 8.161065e-16 1e-20
5722.34 7.9326065e-16 1e-20
5723.81 7.5380045e-16 1e-20
5725.28 7.1034708e-16 1e-20
5726.75 7.2615822e-16 1e-20
5728.22 7.8316873e-16 1e-20
5729.69 8.0068203e-16 1e-20
5731.16 7.8597024e-16 1e-20
5732.63 7.7800876e-16 1e-20
5734.1 7.6305402e-16 1e-20
5735.57 7.5224557e-16 1e-20
5737.04 8.0330969e-16 1e-20
5738.51 8.6211887e-16 1e-20
5739.98 7.8898446e-16 1e-20
5741.45 7.0995925e-16 1e-20
5742.92 7.2241836e-16 1e-20
5744.39 8.0161562e-16 1e-20
5745.86 8.1001877e-16 1e-20
5747.33 8.1452149e-16 1e-20
5748.8 8.0266393e-16 1e-20
5750.27 7.8780909e-16 1e-20
5751.74 7.7714193e-16 1e-20
5753.21 7.9083517e-16 1e-20
5754.68 8.0533029e-16 1e-20
5756.15 8.079527e-16 1e-20
5757.62 7.7484573e-16 1e-20
5759.09 7.9777301e-16 1e-20
5760.56 8.2369163e-16 1e-20
5762.03 8.1024954e-16 1e-20
5763.5 8.3668522e-16 1e-20
5764.97 7.9053633e-16 1e-20
5766.44 8.2751196e-16 1e-20
5767.91 8.3827616e-16 1e-20
5769.38 7.8813028e-16 1e-20
5770.85 8.0856622e-16 1e-20
5772.32 8.1591439e-16 1e-20
5773.79 8.1974478e-16 1e-20
5775.26 8.2462548e-16 1e-20
5776.73 7.9676488e-16 1e-20
5778.2 8.4573979e-16 1e-20
5779.67 8.6084265e-16 1e-20
5781.14 8.1974811e-16 1e-20
5782.61 8.3553442e-16 1e-20
5784.08 8.2866721e-16 1e-20
5785.55 8.2710131e-16 1e-20
5787.02 8.3363183e-16 1e-20
5788.49 8.5111395e-16 1e-20
5789.96 7.9873402e-16 1e-20
5791.43 7.6562053e-16 1e-20
5792.9 8.2034966e-16 1e-20
5794.37 8.0225291e-16 1e-20
5795.84 7.3187093e-16 1e-20
5797.31 8.2132375e-16 1e-20
5798.78 8.6384364e-16 1e-20
5800.25 8.0206789e-16 1e-20
5801.72 8.0786932e-16 1e-20
5803.19 8.0941918e-16 1e-20
5804.66 8.3060898e-16 1e-20
5806.13 8.3091206e-16 1e-20
5807.6 8.1537281e-16 1e-20
5809.07 7.6833062e-16 1e-20
5810.54 8.525735e-16 1e-20
5812.01 8.3250146e-16 1e-20
5813.48 7.8450222e-16 1e-20
5814.95 7.7699799e-16 1e-20
5816.42 8.1541252e-16 1e-20
5817.89 8.1962418e-16 1e-20
5819.36 8.1439724e-16 1e-20
5820.83 8.3972956e-16 1e-20
5822.3 8.2611097e-16 1e-20
5823.77 7.8338732e-16 1e-20
5825.24 8.1734746e-16 1e-20
5826.71 8.5488791e-16 1e-20
5828.18 8.3379673e-16 1e-20
5829.65 8.1317053e-16 1e-20
5831.12 8.2162244e-16 1e-20
5832.59 8.5896267e-16 1e-20
5834.06 7.9343371e-16 1e-20
5835.53 7.3207406e-16 1e-20
5837.0 7.6677197e-16 1e-20
5838.47 7.9796332e-16 1e-20
5839.94 8.1736165e-16 1e-20
5841.41 8.3879386e-16 1e-20
5842.88 7.9365245e-16 1e-20
5844.35 7.8506322e-16 1e-20
5845.82 8.1786171e-16 1e-20
5847.29 7.7477135e-16 1e-20
5848.76 7.3921989e-16 1e-20
5850.23 7.6728675e-16 1e-20
5851.7 7.9297059e-16 1e-20
5853.17 8.2135795e-16 1e-20
5854.64 8.3181505e-16 1e-20
5856.11 8.3596154e-16 1e-20
5857.58 7.6784744e-16 1e-20
5859.05 8.0528635e-16 1e-20
5860.52 7.6812733e-16 1e-20
5861.99 7.8751935e-16 1e-20
5863.46 7.7907983e-16 1e-20
5864.93 7.5666708e-16 1e-20
5866.4 7.8996749e-16 1e-20
5867.87 8.1968622e-16 1e-20
5869.34 8.1851705e-16 1e-20
5870.81 8.1754429e-16 1e-20
5872.28 8.1706042e-16 1e-20
5873.75 8.414501e-16 1e-20
5875.22 8.2590752e-16 1e-20
5876.69 8.1965695e-16 1e-20
5878.16 9.2613058e-16 1e-20
5879.63 9.065801e-16 1e-20
5881.1 8.3631369e-16 1e-20
5882.57 8.0263831e-16 1e-20
5884.04 7.80338e-16 1e-20
5885.51 8.2009455e-16 1e-20
5886.98 9.4471702e-16 1e-20
5888.45 8.8196909e-16 1e-20
5889.92 8.2037497e-16 1e-20
5891.39 8.5032775e-16 1e-20
5892.86 9.0007532e-16 1e-20
5894.33 9.0600031e-16 1e-20
5895.8 8.8722011e-16 1e-20
5897.27 8.7381163e-16 1e-20
5898.74 9.4299077e-16 1e-20
5900.21 9.2242089e-16 1e-20
5901.68 8.6646415e-16 1e-20
5903.15 8.8671099e-16 1e-20
5904.62 9.3216908e-16 1e-20
5906.09 8.892785e-16 1e-20
5907.56 7.9061685e-16 1e-20
5909.03 7.6836026e-16 1e-20
5910.5 7.9661262e-16 1e-20
5911.97 8.0234264e-16 1e-20
5913.44 8.1010533e-16 1e-20
5914.91 7.8732957e-16 1e-20
5916.38 7.3105963e-16 1e-20
5917.85 7.3955177e-16 1e-20
5919.32 8.1553963e-16 1e-20
5920.79 7.9298573e-16 1e-20
5922.26 7.1673874e-16 1e-20
5923.73 7.0965903e-16 1e-20
5925.2 7.5035059e-16 1e-20
5926.67 7.9807619e-16 1e-20
5928.14 7.6724684e-16 1e-20
5929.61 7.9901476e-16 1e-20
5931.08 8.4106036e-16 1e-20
5932.55 7.988031e-16 1e-20
5934.02 8.1282155e-16 1e-20
5935.49 7.995109e-16 1e-20
5936.96 7.5277681e-16 1e-20
5938.43 7.7998325e-16 1e-20
5939.9 8.4297661e-16 1e-20
5941.37 8.8624793e-16 1e-20
5942.84 8.456462e-16 1e-20
5944.31 7.6865588e-16 1e-20
5945.78 7.4147824e-16 1e-20
5947.25 7.4298114e-16 1e-20
5948.72 7.6361698e-16 1e-20
5950.19 7.6340898e-16 1e-20
5951.66 7.4515272e-16 1e-20
5953.13 7.3265523e-16 1e-20
5954.6 7.1977191e-16 1e-20
5956.07 7.6366474e-16 1e-20
5957.54 8.3041136e-16 1e-20
5959.01 7.9325329e-16 1e-20
5960.48 7.7125119e-16 1e-20
5961.95 8.1719367e-16 1e-20
5963.42 7.7923797e-16 1e-20
5964.89 7.2589501e-16 1e-20
5966.36 7.5539388e-16 1e-20
5967.83 8.0353934e-16 1e-20
5969.3 7.6265497e-16 1e-20
5970.77 7.5132426e-16 1e-20
5972.24 7.7335177e-16 1e-20
5973.71 8.0028133e-16 1e-20
5975.18 7.9841199e-16 1e-20
5976.65 7.7299798e-16 1e-20
5978.12 7.6204621e-16 1e-20
5979.59 8.0581924e-16 1e-20
5981.06 7.5318196e-16 1e-20
5982.53 7.6861273e-16 1e-20
5984.0 8.2198195e-16 1e-20
5985.47 7.5582624e-16 1e-20
5986.94 7.4711969e-16 1e-20
5988.41 8.184278e-16 1e-20
5989.88 7.8763974e-16 1e-20
5991.35 7.4811247e-16 1e-20
5992.82 7.9157214e-16 1e-20
5994.29 8.2233151e-16 1e-20
5995.76 7.6156584e-16 1e-20
5997.23 7.2297613e-16 1e-20
5998.7 7.2169685e-16 1e-20
6000.17 7.4133282e-16 1e-20
6001.64 7.6055771e-16 1e-20
6003.11 8.1748029e-16 1e-20
6004.58 7.9930264e-16 1e-20
6006.05 8.1569262e-16 1e-20
6007.52 7.8690727e-16 1e-20
6008.99 7.5682145e-16 1e-20
6010.46 7.6539575e-16 1e-20
6011.93 7.6448636e-16 1e-20
6013.4 7.7264111e-16 1e-20
6014.87 7.4155199e-16 1e-20
6016.34 7.4535877e-16 1e-20
6017.81 7.9636645e-16 1e-20
6019.28 8.9494547e-16 1e-20
6020.75 8.3823937e-16 1e-20
6022.22 7.5226785e-16 1e-20
6023.69 7.1480443e-16 1e-20
6025.16 7.5615764e-16 1e-20
6026.63 7.4925628e-16 1e-20
6028.1 8.0001764e-16 1e-20
6029.57 7.7223332e-16 1e-20
6031.04 7.809558e-16 1e-20
6032.51 7.4734146e-16 1e-20
6033.98 7.8189463e-16 1e-20
6035.45 8.0588859e-16 1e-20
6036.92 7.1723372e-16 1e-20
6038.39 7.5812228e-16 1e-20
6039.86 7.8589713e-16 1e-20
6041.33 7.5917991e-16 1e-20
6042.8 7.8944413e-16 1e-20
6044.27 8.1085331e-16 1e-20
6045.74 7.8064235e-16 1e-20
6047.21 8.070181e-16 1e-20
6048.68 7.6308235e-16 1e-20
6050.15 7.9386728e-16 1e-20
6051.62 7.772864e-16 1e-20
6053.09 7.8515941e-16 1e-20
6054.56 7.4113678e-16 1e-20
6056.03 7.7681381e-16 1e-20
6057.5 7.6740767e-16 1e-20
6058.97 7.5753788e-16 1e-20
6060.44 7.5614811e-16 1e-20
6061.91 7.5264388e-16 1e-20
6063.38 7.5915561e-16 1e-20
6064.85 7.7513113e-16 1e-20
6066.32 7.8590427e-16 1e-20
6067.79 7.3286159e-16 1e-20
6069.26 7.3184314e-16 1e-20
6070.73 7.4521869e-16 1e-20
6072.2 8.0685865e-16 1e-20
6073.67 7.5914449e-16 1e-20
6075.14 7.7635329e-16 1e-20
6076.61 7.8831662e-16 1e-20
6078.08 7.5661626e-16 1e-20
6079.55 7.20177e-16 1e-20
6081.02 7.1492953e-16 1e-20
6082.49 7.3515869e-16 1e-20
6083.96 7.5497651e-16 1e-20
6085.43 7.3727526e-16 1e-20
6086.9 7.3841061e-16 1e-20
6088.37 7.6118261e-16 1e-20
6089.84 7.3005251e-16 1e-20
6091.31 7.4301465e-16 1e-20
6092.78 7.6131369e-16 1e-20
6094.25 7.4340424e-16 1e-20
6095.72 7.3537775e-16 1e-20
6097.19 7.4727846e-16 1e-20
6098.66 7.4696537e-16 1e-20
6100.13 7.7445112e-16 1e-20
6101.6 7.4138073e-16 1e-20
6103.07 7.5957193e-16 1e-20
6104.54 7.7815308e-16 1e-20
6106.01 7.4500047e-16 1e-20
6107.48 7.5244732e-16 1e-20
6108.95 7.6893926e-16 1e-20
6110.42 7.8201687e-16 1e-20
6111.89 7.3310061e-16 1e-20
6113.36 7.6563726e-16 1e-20
6114.83 7.5370845e-16 1e-20
6116.3 7.1724532e-16 1e-20
6117.77 7.2884078e-16 1e-20
6119.24 7.3766723e-16 1e-20
6120.71 7.420934e-16 1e-20
6122.18 7.1613904e-16 1e-20
6123.65 7.0774568e-16 1e-20
6125.12 7.0741868e-16 1e-20
6126.59 6.9308614e-16 1e-20
6128.06 7.3109526e-16 1e-20
6129.53 7.1788218e-16 1e-20
6131.0 6.7252378e-16 1e-20
6132.47 6.8644048e-16 1e-20
6133.94 6.7957591e-16 1e-20
6135.41 6.6423964e-16 1e-20
6136.88 6.8972617e-16 1e-20
6138.35 6.9782439e-16 1e-20
6139.82 6.6365471e-16 1e-20
6141.29 6.6699366e-16 1e-20
6142.76 7.0155848e-16 1e-20
6144.23 6.9823451e-16 1e-20
6145.7 6.9174878e-16 1e-20
6147.17 6.8001229e-16 1e-20
6148.64 6.88312e-16 1e-20
6150.11 7.0353429e-16 1e-20
6151.58 6.8077399e-16 1e-20
6153.05 6.6080709e-16 1e-20
6154.52 6.4860897e-16 1e-20
6155.99 7.1034724e-16 1e-20
6157.46 7.3916108e-16 1e-20
6158.93 7.0328553e-16 1e-20
6160.4 6.9405472e-16 1e-20
6161.87 6.6695411e-16 1e-20
6163.34 6.6882865e-16 1e-20
6164.81 6.5723992e-16 1e-20
6166.28 6.3871801e-16 1e-20
6167.75 6.4213499e-16 1e-20
6169.22 6.3599802e-16 1e-20
6170.69 6.4036686e-16 1e-20
6172.16 6.7729718e-16 1e-20
6173.63 6.7693703e-16 1e-20
6175.1 6.6849974e-16 1e-20
6176.57 6.8859168e-16 1e-20
6178.04 6.6898757e-16 1e-20
6179.51 6.3482255e-16 1e-20
6180.98 6.3367588e-16 1e-20
6182.45 6.6757541e-16 1e-20
6183.92 6.5791929e-16 1e-20
6185.39 6.2856907e-16 1e-20
6186.86 6.3052773e-16 1e-20
6188.33 6.4138002e-16 1e-20
6189.8 5.9967704e-16 1e-20
6191.27 6.0770082e-16 1e-20
6192.74 6.3910113e-16 1e-20
6194.21 6.4709749e-16 1e-20
6195.68 6.3787653e-16 1e-20
6197.15 6.292207e-16 1e-20
6198.62 6.7211477e-16 1e-20
6200.09 6.1941074e-16 1e-20
6201.56 6.301544e-16 1e-20
6203.03 6.4772075e-16 1e-20
6204.5 6.8943776e-16 1e-20
6205.97 6.6935217e-16 1e-20
6207.44 6.1245495e-16 1e-20
6208.91 6.8090978e-16 1e-20
6210.38 6.7151147e-16 1e-20
6211.85 6.1555282e-16 1e-20
6213.32 6.1980858e-16 1e-20
6214.79 6.2545797e-16 1e-20
6216.26 6.4860944e-16 1e-20
6217.73 6.8842597e-16 1e-20
6219.2 6.7132544e-16 1e-20
6220.67 6.2843132e-16 1e-20
6222.14 6.2284387e-16 1e-20
6223.61 6.4072479e-16 1e-20
6225.08 6.7921492e-16 1e-20
6226.55 6.7883195e-16 1e-20
6228.02 6.5837642e-16 1e-20
6229.49 6.3548165e-16 1e-20
6230.96 6.0409146e-16 1e-20
6232.43 6.2048319e-16 1e-20
6233.9 6.3790618e-16 1e-20
6235.37 6.2905659e-16 1e-20
6236.84 6.3505369e-16 1e-20
6238.31 6.0319747e-16 1e-20
6239.78 6.0853314e-16 1e-20
6241.25 6.3385185e-16 1e-20
6242.72 6.1998169e-16 1e-20
6244.19 6.2798896e-16 1e-20
6245.66 5.7974577e-16 1e-20
6247.13 6.4945785e-16 1e-20
6248.6 6.4840774e-16 1e-20
6250.07 6.3947763e-16 1e-20
6251.54 5.5417459e-16 1e-20
6253.01 5.7035059e-16 1e-20
6254.48 6.4573557e-16 1e-20
6255.95 6.4230763e-16 1e-20
6257.42 6.3983053e-16 1e-20
6258.89 6.5291857e-16 1e-20
6260.36 6.1798412e-16 1e-20
6261.83 5.7637765e-16 1e-20
6263.3 6.1213192e-16 1e-20
6264.77 6.0338932e-16 1e-20
6266.24 6.1404589e-16 1e-20
6267.71 6.1717536e-16 1e-20
6269.18 5.8540496e-16 1e-20
6270.65 5.8478006e-16 1e-20
6272.12 6.2995481e-16 1e-20
6273.59 6.5152551e-16 1e-20
6275.06 5.7259496e-16 1e-20
6276.53 5.8798947e-16 1e-20
6278.0 6.5620987e-16 1e-20
6279.47 6.0127957e-16 1e-20
6280.94 6.1772858e-16 1e-20
6282.41 6.8303937e-16 1e-20
6283.88 6.0013513e-16 1e-20
6285.35 5.8217961e-16 1e-20
6286.82 6.3420872e-16 1e-20
6288.29 6.173606e-16 1e-20
6289.76 6.0346021e-16 1e-20
6291.23 5.9346665e-16 1e-20
6292.7 6.9928748e-16 1e-20
6294.17 5.8591434e-16 1e-20
6295.64 7.0685566e-16 1e-20
6297.11 7.0916743e-16 1e-20
6298.58 6.4119076e-16 1e-20
6300.05 6.4027898e-16 1e-20
6301.52 6.1486048e-16 1e-20
6302.99 5.7851424e-16 1e-20
6304.46 6.0920251e-16 1e-20
6305.93 6.4531809e-16 1e-20
6307.4 6.2024014e-16 1e-20
6308.87 6.0018161e-16 1e-20
6310.34 5.4828744e-16 1e-20
6311.81 5.7940389e-16 1e-20
6313.28 5.9117426e-16 1e-20
6314.75 5.8639196e-16 1e-20
6316.22 5.6498241e-16 1e-20
6317.69 5.4899699e-16 1e-20
6319.16 5.6282714e-16 1e-20
6320.63 5.5700791e-16 1e-20
6322.1 5.56407e-16 1e-20
6323.57 5.2455141e-16 1e-20
6325.04 5.6540746e-16 1e-20
6326.51 5.8129134e-16 1e-20
6327.98 5.9702418e-16 1e-20
6329.45 6.1878414e-16 1e-20
6330.92 6.0114156e-16 1e-20
6332.39 6.0004989e-16 1e-20
6333.86 5.7946588e-16 1e-20
6335.33 5.7364454e-16 1e-20
6336.8 5.1930055e-16 1e-20
6338.27 5.0680168e-16 1e-20
6339.74 6.0163808e-16 1e-20
6341.21 5.9751726e-16 1e-20
6342.68 5.7508116e-16 1e-20
6344.15 6.4414346e-16 1e-20
6345.62 6.4833199e-16 1e-20
6347.09 5.9582341e-16 1e-20
6348.56 5.9015342e-16 1e-20
6350.03 5.9610844e-16 1e-20
6351.5 5.4862938e-16 1e-20
6352.97 5.9166919e-16 1e-20
6354.44 6.1693211e-16 1e-20
6355.91 5.9833296e-16 1e-20
6357.38 6.0930203e-16 1e-20
6358.85 5.7079306e-16 1e-20
6360.32 5.6577597e-16 1e-20
6361.79 5.6264682e-16 1e-20
6363.26 5.9442591e-16 1e-20
6364.73 6.306371e-16 1e-20
6366.2 5.7537275e-16 1e-20
6367.67 5.5545128e-16 1e-20
6369.14 5.7708784e-16 1e-20
6370.61 5.8097842e-16 1e-20
6372.08 5.8504412e-16 1e-20
6373.55 5.6432045e-16 1e-20
6375.02 5.4600776e-16 1e-20
6376.49 5.8778025e-16 1e-20
6377.96 6.2027053e-16 1e-20
6379.43 6.2826371e-16 1e-20
6380.9 5.5530104e-16 1e-20
6382.37 5.8398316e-16 1e-20
6383.84 6.0003666e-16 1e-20
6385.31 5.4412385e-16 1e-20
6386.78 5.9029647e-16 1e-20
6388.25 5.4850667e-16 1e-20
6389.72 5.7079967e-16 1e-20
6391.19 5.9258901e-16 1e-20
6392.66 5.5494121e-16 1e-20
6394.13 6.1561804e-16 1e-20
6395.6 6.5262713e-16 1e-20
6397.07 6.1240561e-16 1e-20
6398.54 5.5797697e-16 1e-20
6400.01 5.9661226e-16 1e-20
6401.48 6.1648302e-16 1e-20
6402.95 5.9300925e-16 1e-20
6404.42 6.0553072e-16 1e-20
6405.89 6.04474e-16 1e-20
6407.36 6.1885588e-16 1e-20
6408.83 6.2265567e-16 1e-20
6410.3 6.0456696e-16 1e-20
6411.77 6.0729118e-16 1e-20
6413.24 6.5785407e-16 1e-20
6414.71 6.4549718e-16 1e-20
6416.18 6.0353252e-16 1e-20
6417.65 6.667216e-16 1e-20
6419.12 6.5153335e-16 1e-20
6420.59 6.4166949e-16 1e-20
6422.06 6.0858285e-16 1e-20
6423.53 6.0764444e-16 1e-20
6425.0 6.4587194e-16 1e-20
6426.47 6.623678e-16 1e-20
6427.94 5.637963e-16 1e-20
6429.41 5.6537692e-16 1e-20
6430.88 6.3756535e-16 1e-20
6432.35 6.5407154e-16 1e-20
6433.82 6.7462373e-16 1e-20
6435.29 6.7415977e-16 1e-20
6436.76 6.3513966e-16 1e-20
6438.23 6.1382111e-16 1e-20
6439.7 6.3947896e-16 1e-20
6441.17 6.002698e-16 1e-20
6442.64 6.5897755e-16 1e-20
6444.11 6.4984691e-16 1e-20
6445.58 6.3846808e-16 1e-20
6447.05 5.8656942e-16 1e-20
6448.52 6.3423175e-16 1e-20
6449.99 6.9061931e-16 1e-20
6451.46 6.2072771e-16 1e-20
6452.93 6.3329287e-16 1e-20
6454.4 6.3047934e-16 1e-20
6455.87 5.7032137e-16 1e-20
6457.34 5.532077e-16 1e-20
6458.81 5.8610868e-16 1e-20
6460.28 6.5523208e-16 1e-20
6461.75 6.3773052e-16 1e-20
6463.22 6.5418694e-16 1e-20
6464.69 6.8221061e-16 1e-20
6466.16 6.6621269e-16 1e-20
6467.63 6.701983e-16 1e-20
6469.1 6.5151821e-16 1e-20
6470.57 6.819476e-16 1e-20
6472.04 7.252727e-16 1e-20
6473.51 6.7126175e-16 1e-20
6474.98 6.5368005e-16 1e-20
6476.45 6.052944e-16 1e-20
6477.92 5.8936023e-16 1e-20
6479.39 6.3247352e-16 1e-20
6480.86 6.5181726e-16 1e-20
6482.33 6.464386e-16 1e-20
6483.8 6.4957432e-16 1e-20
6485.27 6.3203248e-16 1e-20
6486.74 6.6961692e-16 1e-20
6488.21 6.516325e-16 1e-20
6489.68 6.6863542e-16 1e-20
6491.15 6.7837561e-16 1e-20
6492.62 6.1314793e-16 1e-20
6494.09 6.0159218e-16 1e-20
6495.56 6.0227584e-16 1e-20
6497.03 6.4485285e-16 1e-20
6498.5 6.637977e-16 1e-20
6499.97 6.8174844e-16 1e-20
6501.44 6.647333e-16 1e-20
6502.91 6.2299903e-16 1e-20
6504.38 5.8425612e-16 1e-20
6505.85 6.2952717e-16 1e-20
6507.32 5.8009591e-16 1e-20
6508.79 5.2188945e-16 1e-20
6510.26 5.14937e-16 1e-20
6511.73 5.7001786e-16 1e-20
6513.2 6.1421091e-16 1e-20
6514.67 6.4839382e-16 1e-20
6516.14 6.550307e-16 1e-20
6517.61 6.3559198e-16 1e-20
6519.08 6.2849061e-16 1e-20
6520.55 6.4809895e-16 1e-20
6522.02 6.3555762e-16 1e-20
6523.49 5.7772052e-16 1e-20
6524.96 5.9350349e-16 1e-20
6526.43 6.3766011e-16 1e-20
6527.9 6.7911147e-16 1e-20
6529.37 6.6203391e-16 1e-20
6530.84 6.3121261e-16 1e-20
6532.31 6.0721775e-16 1e-20
6533.78 5.5145604e-16 1e-20
6535.25 5.8326112e-16 1e-20
6536.72 6.4063897e-16 1e-20
6538.19 6.1124762e-16 1e-20
6539.66 6.0017319e-16 1e-20
6541.13 5.9879941e-16 1e-20
6542.6 6.1720474e-16 1e-20
6544.07 6.1270192e-16 1e-20
6545.54 5.768063e-16 1e-20
6547.01 5.968516e-16 1e-20
6548.48 6.504835e-16 1e-20
6549.95 6.1300891e-16 1e-20
6551.42 5.8383138e-16 1e-20
6552.89 6.0373999e-16 1e-20
6554.36 6.0171855e-16 1e-20
6555.83 6.1322766e-16 1e-20
6557.3 5.9036947e-16 1e-20
6558.77 5.9867002e-16 1e-20
6560.24 6.3773465e-16 1e-20
6561.71 6.2555802e-16 1e-20
6563.18 5.883881e-16 1e-20
6564.65 5.4265674e-16 1e-20
6566.12 5.6964644e-16 1e-20
6567.59 5.8603166e-16 1e-20
6569.06 5.7234562e-16 1e-20
6570.53 6.1197162e-16 1e-20
6572.0 6.2789933e-16 1e-20
6573.47 6.0030554e-16 1e-20
6574.94 6.0621862e-16 1e-20
6576.41 6.5287415e-16 1e-20
6577.88 6.4883714e-16 1e-20
6579.35 5.9830569e-16 1e-20
6580.82 5.8976268e-16 1e-20
6582.29 6.1650128e-16 1e-20
6583.76 5.8141697e-16 1e-20
6585.23 5.6573135e-16 1e-20
6586.7 5.9634926e-16 1e-20
6588.17 6.0035572e-16 1e-20
6589.64 5.907825e-16 1e-20
6591.11 5.6417805e-16 1e-20
6592.58 5.4925973e-16 1e-20
6594.05 5.5641361e-16 1e-20
6595.52 6.0737122e-16 1e-20
6596.99 5.6254084e-16 1e-20
6598.46 5.1419394e-16 1e-20
6599.93 5.7437452e-16 1e-20
6601.4 5.8160813e-16 1e-20
6602.87 5.6569318e-16 1e-20
6604.34 6.1944213e-16 1e-20
6605.81 6.2145314e-16 1e-20
6607.28 6.0968055e-16 1e-20
6608.75 5.9628552e-16 1e-20
6610.22 5.6564839e-16 1e-20
6611.69 5.5920559e-16 1e-20
6613.16 5.5919696e-16 1e-20
6614.63 5.6685901e-16 1e-20
6616.1 5.6388222e-16 1e-20
6617.57 5.4987939e-16 1e-20
6619.04 5.4231237e-16 1e-20
6620.51 5.7544761e-16 1e-20
6621.98 5.8604944e-16 1e-20
6623.45 6.1636634e-16 1e-20
6624.92 5.9993051e-16 1e-20
6626.39 6.0419866e-16 1e-20
6627.86 5.861234e-16 1e-20
6629.33 5.4460275e-16 1e-20
6630.8 5.3859966e-16 1e-20
6632.27 5.6696696e-16 1e-20
6633.74 6.0187922e-16 1e-20
6635.21 5.1964217e-16 1e-20
6636.68 5.1979818e-16 1e-20
6638.15 5.5644559e-16 1e-20
6639.62 5.6633226e-16 1e-20
6641.09 5.8873957e-16 1e-20
6642.56 5.5322141e-16 1e-20
6644.03 5.4590405e-16 1e-20
6645.5 5.3292195e-16 1e-20
6646.97 5.6654042e-16 1e-20
6648.44 5.4757721e-16 1e-20
6649.91 5.6275636e-16 1e-20
6651.38 5.4225011e-16 1e-20
6652.85 5.3259272e-16 1e-20
6654.32 5.5111394e-16 1e-20
6655.79 5.6658696e-16 1e-20
6657.26 5.4562194e-16 1e-20
6658.73 5.912003e-16 1e-20
6660.2 6.168033e-16 1e-20
6661.67 5.6034427e-16 1e-20
6663.14 5.876334e-16 1e-20
6664.61 5.0571822e-16 1e-20
6666.08 5.4490567e-16 1e-20
6667.55 5.6740969e-16 1e-20
6669.02 5.8411276e-16 1e-20
6670.49 5.3341498e-16 1e-20
6671.96 5.9376115e-16 1e-20
6673.43 5.314767e-16 1e-20
6674.9 5.271184e-16 1e-20
6676.37 5.5540125e-16 1e-20
6677.84 5.3965348e-16 1e-20
6679.31 5.4605885e-16 1e-20
6680.78 5.315272e-16 1e-20
6682.25 5.637513e-16 1e-20
6683.72 5.1259528e-16 1e-20
6685.19 5.6385046e-16 1e-20
6686.66 5.4393756e-16 1e-20
6688.13 5.588762e-16 1e-20
6689.6 5.9858241e-16 1e-20
6691.07 5.0970658e-16 1e-20
6692.54 5.6358248e-16 1e-20
6694.01 5.6477605e-16 1e-20
6695.48 4.9117958e-16 1e-20
6696.95 5.3295827e-16 1e-20
6698.42 5.6187989e-16 1e-20
6699.89 5.0180286e-16 1e-20
6701.36 5.286898e-16 1e-20
6702.83 5.5941417e-16 1e-20
6704.3 5.2347684e-16 1e-20
6705.77 5.2926991e-16 1e-20
6707.24 5.2506482e-16 1e-20
6708.71 5.3641792e-16 1e-20
6710.18 5.3253036e-16 1e-20
6711.65 4.9243669e-16 1e-20
6713.12 5.6369031e-16 1e-20
6714.59 5.7995552e-16 1e-20
6716.06 5.1481223e-16 1e-20
6717.53 4.9323189e-16 1e-20
6719.0 5.155987e-16 1e-20
6720.47 5.5969142e-16 1e-20
6721.94 5.7052889e-16 1e-20
6723.41 5.2369315e-16 1e-20
6724.88 5.279928e-16 1e-20
6726.35 5.7785689e-16 1e-20
6727.82 5.9217916e-16 1e-20
6729.29 5.7898799e-16 1e-20
6730.76 5.6775819e-16 1e-20
6732.23 5.7014195e-16 1e-20
6733.7 5.4172934e-16 1e-20
6735.17 5.263098e-16 1e-20
6736.64 5.320791e-16 1e-20
6738.11 5.2358775e-16 1e-20
6739.58 5.3758968e-16 1e-20
6741.05 5.0010165e-16 1e-20
6742.52 5.2146546e-16 1e-20
6743.99 5.3294508e-16 1e-20
6745.46 5.1832688e-16 1e-20
6746.93 5.2245622e-16 1e-20
6748.4 5.2266957e-16 1e-20
6749.87 5.1460746e-16 1e-20
6751.34 5.1971655e-16 1e-20
6752.81 5.7934592e-16 1e-20
6754.28 4.9835041e-16 1e-20
6755.75 4.7075058e-16 1e-20
6757.22 5.0753632e-16 1e-20
6758.69 4.8797007e-16 1e-20
6760.16 5.2161872e-16 1e-20
6761.63 5.0258276e-16 1e-20
6763.1 5.3223342e-16 1e-20
6764.57 5.2176764e-16 1e-20
6766.04 5.0162435e-16 1e-20
6767.51 4.9655194e-16 1e-20
6768.98 5.1703791e-16 1e-20
6770.45 5.4653155e-16 1e-20
6771.92 5.2114449e-16 1e-20
6773.39 4.8160928e-16 1e-20
6774.86 4.9618835e-16 1e-20
6776.33 4.9794542e-16 1e-20
6777.8 4.674039e-16 1e-20
6779.27 4.5886337e-16 1e-20
6780.74 4.8732897e-16 1e-20
6782.21 5.3068255e-16 1e-20
6783.68 5.0671597e-16 1e-20
6785.15 5.3020753e-16 1e-20
6786.62 5.2890421e-16 1e-20
6788.09 5.2011635e-16 1e-20
6789.56 5.1954836e-16 1e-20
6791.03 5.2007071e-16 1e-20
6792.5 5.0310305e-16 1e-20
6793.97 5.030885e-16 1e-20
6795.44 5.3231955e-16 1e-20
6796.91 5.2184059e-16 1e-20
6798.38 4.9402011e-16 1e-20
6799.85 5.0523414e-16 1e-20
6801.32 5.1638855e-16 1e-20
6802.79 5.3200461e-16 1e-20
6804.26 5.318774e-16 1e-20
6805.73 5.1402115e-16 1e-20
6807.2 4.980343e-16 1e-20
6808.67 5.2600407e-16 1e-20
6810.14 5.3272803e-16 1e-20
6811.61 4.7774776e-16 1e-20
6813.08 4.5745978e-16 1e-20
6814.55 4.6089138e-16 1e-20
6816.02 4.8208732e-16 1e-20
6817.49 5.012102e-16 1e-20
6818.96 5.2681961e-16 1e-20
6820.43 5.2266438e-16 1e-20
6821.9 5.3433289e-16 1e-20
6823.37 5.302269e-16 1e-20
6824.84 5.1790236e-16 1e-20
6826.31 5.6308405e-16 1e-20
6827.78 5.2859578e-16 1e-20
6829.25 5.0577931e-16 1e-20
6830.72 5.2417528e-16 1e-20
6832.19 5.361321e-16 1e-20
6833.66 5.3746972e-16 1e-20
6835.13 5.1396466e-16 1e-20
6836.6 5.0454465e-16 1e-20
6838.07 5.0171011e-16 1e-20
6839.54 4.8941505e-16 1e-20
6841.01 4.8755529e-16 1e-20
6842.48 4.8966525e-16 1e-20
6843.95 5.1887385e-16 1e-20
6845.42 5.3393267e-16 1e-20
6846.89 5.2722115e-16 1e-20
6848.36 5.0543621e-16 1e-20
6849.83 5.3418149e-16 1e-20
6851.3 5.6257652e-16 1e-20
6852.77 5.4010807e-16 1e-20
6854.24 5.0969265e-16 1e-20
6855.71 5.0257535e-16 1e-20
6857.18 5.0553192e-16 1e-20
6858.65 5.2622806e-16 1e-20
6860.12 5.6288262e-16 1e-20
6861.59 5.3777862e-16 1e-20
6863.06 5.1438606e-16 1e-20
6864.53 4.8702679e-16 1e-20
6866.0 4.8911055e-16 1e-20
6867.47 4.9925535e-16 1e-20
6868.94 4.6517144e-16 1e-20
6870.41 5.3038154e-16 1e-20
6871.88 4.6465369e-16 1e-20
6873.35 4.638498e-16 1e-20
6874.82 5.078755e-16 1e-20
6876.29 4.9148039e-16 1e-20
6877.76 5.223757e-16 1e-20
6879.23 4.9994447e-16 1e-20
6880.7 4.9435691e-16 1e-20
6882.17 5.2199649e-16 1e-20
6883.64 4.7020329e-16 1e-20
6885.11 4.7622098e-16 1e-20
6886.58 4.9067269e-16 1e-20
6888.05 5.0333027e-16 1e-20
6889.52 5.2210057e-16 1e-20
6890.99 4.9952598e-16 1e-20
6892.46 4.8814175e-16 1e-20
6893.93 5.1948303e-16 1e-20
6895.4 5.0017915e-16 1e-20
6896.87 4.6239952e-16 1e-20
6898.34 4.7079404e-16 1e-20
6899.81 5.0182192e-16 1e-20
6901.28 5.0045248e-16 1e-20
6902.75 5.2026908e-16 1e-20
6904.22 5.4924258e-16 1e-20
6905.69 4.9650948e-16 1e-20
6907.16 4.8494706e-16 1e-20
6908.63 4.6796643e-16 1e-20
6910.1 4.6759289e-16 1e-20
6911.57 4.8315829e-16 1e-20
6913.04 4.9640567e-16 1e-20
6914.51 4.9796305e-16 1e-20
6915.98 5.0503884e-16 1e-20
6917.45 5.3695605e-16 1e-20
6918.92 5.1492308e-16 1e-20
6920.39 5.2679287e-16 1e-20
6921.86 4.9127863e-16 1e-20
6923.33 5.335577e-16 1e-20
6924.8 4.8724459e-16 1e-20
6926.27 4.6414901e-16 1e-20
6927.74 4.7839743e-16 1e-20
6929.21 4.8874166e-16 1e-20
6930.68 4.8099645e-16 1e-20
6932.15 4.4531555e-16 1e-20
6933.62 4.5936825e-16 1e-20
6935.09 4.3983925e-16 1e-20
6936.56 4.9515614e-16 1e-20
6938.03 5.0744817e-16 1e-20
6939.5 5.1773661e-16 1e-20
6940.97 4.4312936e-16 1e-20
6942.44 4.4112857e-16 1e-20
6943.91 4.4847123e-16 1e-20
6945.38 4.726573e-16 1e-20
6946.85 4.4107999e-16 1e-20
6948.32 4.9631096e-16 1e-20
6949.79 4.9871871e-16 1e-20
6951.26 4.5097823e-16 1e-20
6952.73 4.8022792e-16 1e-20
6954.2 4.9839895e-16 1e-20
6955.67 4.8021331e-16 1e-20
6957.14 4.7880761e-16 1e-20
6958.61 4.3670014e-16 1e-20
6960.08 4.9870198e-16 1e-20
6961.55 5.1431872e-16 1e-20
6963.02 4.7976078e-16 1e-20
6964.49 4.9197976e-16 1e-20
6965.96 5.1247759e-16 1e-20
6967.43 4.6884359e-16 1e-20
6968.9 4.7576994e-16 1e-20
6970.37 5.2663194e-16 1e-20
6971.84 5.089498e-16 1e-20
6973.31 4.7729264e-16 1e-20
6974.78 4.922568e-16 1e-20
6976.25 5.2987792e-16 1e-20
6977.72 4.9955642e-16 1e-20
6979.19 4.4614215e-16 1e-20
6980.66 4.4409037e-16 1e-20
6982.13 4.6967013e-16 1e-20
6983.6 4.2445739e-16 1e-20
6985.07 4.4586756e-16 1e-20
6986.54 4.9259704e-16 1e-20
6988.01 4.9069984e-16 1e-20
6989.48 5.1632767e-16 1e-20
6990.95 5.0030027e-16 1e-20
6992.42 4.8164554e-16 1e-20
6993.89 5.0866118e-16 1e-20
6995.36 5.2562037e-16 1e-20
6996.83 4.7353515e-16 1e-20
6998.3 4.7179603e-16 1e-20
6999.77 4.8627521e-16 1e-20
7001.24 4.4370193e-16 1e-20
7002.71 4.6538505e-16 1e-20
7004.18 4.2854285e-16 1e-20
7005.65 4.4022605e-16 1e-20
7007.12 4.8142018e-16 1e-20
7008.59 4.6401571e-16 1e-20
7010.06 4.6205128e-16 1e-20
7011.53 4.8637474e-16 1e-20
7013.0 4.5467569e-16 1e-20
7014.47 4.6176287e-16 1e-20
7015.94 4.8416551e-16 1e-20
7017.41 4.966385e-16 1e-20
7018.88 4.8933925e-16 1e-20
7020.35 4.6933746e-16 1e-20
7021.82 4.9633436e-16 1e-20
7023.29 4.6960915e-16 1e-20
7024.76 4.27135e-16 1e-20
7026.23 4.3087703e-16 1e-20
7027.7 4.1484643e-16 1e-20
7029.17 4.1021991e-16 1e-20
7030.64 4.2713794e-16 1e-20
7032.11 4.4931789e-16 1e-20
7033.58 4.6920495e-16 1e-20
7035.05 4.7035004e-16 1e-20
7036.52 4.4931609e-16 1e-20
7037.99 4.4651114e-16 1e-20
7039.46 4.612024e-16 1e-20
7040.93 4.5204121e-16 1e-20
7042.4 4.2654885e-16 1e-20
7043.87 4.3485118e-16 1e-20
7045.34 4.4596173e-16 1e-20
7046.81 4.6417072e-16 1e-20
7048.28 4.8061894e-16 1e-20
7049.75 4.7814549e-16 1e-20
7051.22 4.3124975e-16 1e-20
7052.69 4.3394872e-16 1e-20
7054.16 4.4900332e-16 1e-20
7055.63 4.6941444e-16 1e-20
7057.1 4.400239e-16 1e-20
7058.57 4.0909471e-16 1e-20
7060.04 4.3884052e-16 1e-20
7061.51 4.8052608e-16 1e-20
7062.98 4.9972212e-16 1e-20
7064.45 4.9958273e-16 1e-20
7065.92 5.0505324e-16 1e-20
7067.39 5.1108258e-16 1e-20
7068.86 5.1776096e-16 1e-20
7070.33 4.6851579e-16 1e-20
7071.8 4.4839526e-16 1e-20
7073.27 4.7101612e-16 1e-20
7074.74 4.7229705e-16 1e-20
7076.21 4.8624154e-16 1e-20
7077.68 4.7498267e-16 1e-20
7079.15 4.6719717e-16 1e-20
7080.62 4.5961172e-16 1e-20
7082.09 4.6818195e-16 1e-20
7083.56 4.6035002e-16 1e-20
7085.03 4.5783963e-16 1e-20
7086.5 4.4029397e-16 1e-20
7087.97 4.4682296e-16 1e-20
7089.44 4.4523805e-16 1e-20
7090.91 4.3379289e-16 1e-20
7092.38 4.7009572e-16 1e-20
7093.85 4.7157659e-16 1e-20
7095.32 4.6472251e-16 1e-20
7096.79 4.7363372e-16 1e-20
7098.26 4.3390864e-16 1e-20
7099.73 4.2643995e-16 1e-20
7101.2 4.3595052e-16 1e-20
7102.67 4.6473781e-16 1e-20
7104.14 4.5435991e-16 1e-20
7105.61 4.3178836e-16 1e-20
7107.08 4.5219219e-16 1e-20
7108.55 4.8021321e-16 1e-20
7110.02 4.5189817e-16 1e-20
7111.49 4.0557962e-16 1e-20
7112.96 4.4759741e-16 1e-20
7114.43 4.8367821e-16 1e-20
7115.9 4.710436e-16 1e-20
7117.37 4.4806153e-16 1e-20
7118.84 4.5729689e-16 1e-20
7120.31 4.4769233e-16 1e-20
7121.78 4.6447724e-16 1e-20
7123.25 4.8621057e-16 1e-20
7124.72 4.5222681e-16 1e-20
7126.19 4.3291081e-16 1e-20
7127.66 4.2649898e-16 1e-20
7129.13 4.6347351e-16 1e-20
7130.6 4.6390136e-16 1e-20
7132.07 4.4086172e-16 1e-20
7133.54 4.5063365e-16 1e-20
7135.01 4.4482597e-16 1e-20
7136.48 4.6992477e-16 1e-20
7137.95 5.1643948e-16 1e-20
7139.42 5.1377636e-16 1e-20
7140.89 4.9440726e-16 1e-20
7142.36 4.6367049e-16 1e-20
7143.83 4.4850342e-16 1e-20
7145.3 4.3341395e-16 1e-20
7146.77 4.3477336e-16 1e-20
7148.24 4.4236235e-16 1e-20
7149.71 4.4109331e-16 1e-20
7151.18 4.4115323e-16 1e-20
7152.65 4.2614537e-16 1e-20
7154.12 4.35404e-16 1e-20
7155.59 4.2358754e-16 1e-20
7157.06 3.9104491e-16 1e-20
7158.53 3.9413208e-16 1e-20
7160.0 4.1744851e-16 1e-20
7161.47 4.4701756e-16 1e-20
7162.94 4.4548147e-16 1e-20
7164.41 4.5076314e-16 1e-20
7165.88 4.6157615e-16 1e-20
7167.35 4.8381453e-16 1e-20
7168.82 4.9806458e-16 1e-20
7170.29 4.6743386e-16 1e-20
7171.76 4.6094988e-16 1e-20
7173.23 4.1557946e-16 1e-20
7174.7 4.1211488e-16 1e-20
7176.17 4.7302105e-16 1e-20
7177.64 4.4905266e-16 1e-20
7179.11 4.143925e-16 1e-20
7180.58 4.4339231e-16 1e-20
7182.05 4.4236317e-16 1e-20
7183.52 4.3071723e-16 1e-20
7184.99 4.4540915e-16 1e-20
7186.46 4.791137e-16 1e-20
7187.93 4.7089325e-16 1e-20
7189.4 4.1891685e-16 1e-20
7190.87 3.8314874e-16 1e-20
7192.34 4.1202539e-16 1e-20
7193.81 4.1099013e-16 1e-20
7195.28 3.7632358e-16 1e-20
7196.75 3.9121037e-16 1e-20
7198.22 4.148756e-16 1e-20
7199.69 4.3934413e-16 1e-20
7201.16 4.4648615e-16 1e-20
7202.63 4.1925915e-16 1e-20
7204.1 4.2450205e-16 1e-20
7205.57 4.3785367e-16 1e-20
7207.04 4.3427152e-16 1e-20
7208.51 4.2392705e-16 1e-20
7209.98 4.2179091e-16 1e-20
7211.45 4.4406915e-16 1e-20
7212.92 4.3493712e-16 1e-20
7214.39 4.1315027e-16 1e-20
7215.86 4.1949235e-16 1e-20
7217.33 4.1400493e-16 1e-20
7218.8 4.4211798e-16 1e-20
7220.27 4.6336011e-16 1e-20
7221.74 4.6074521e-16 1e-20
7223.21 4.2210579e-16 1e-20
7224.68 4.2004692e-16 1e-20
7226.15 4.2948353e-16 1e-20
7227.62 4.5283393e-16 1e-20
7229.09 4.6297026e-16 1e-20
7230.56 4.1376059e-16 1e-20
7232.03 4.1680588e-16 1e-20
7233.5 4.1800171e-16 1e-20
7234.97 4.4989562e-16 1e-20
7236.44 5.21224e-16 1e-20
7237.91 5.2591159e-16 1e-20
7239.38 4.8544501e-16 1e-20
7240.85 4.6200089e-16 1e-20
7242.32 4.4523202e-16 1e-20
7243.79 4.3124557e-16 1e-20
7245.26 4.4692899e-16 1e-20
7246.73 4.7566803e-16 1e-20
7248.2 3.9590714e-16 1e-20
7249.67 3.913054e-16 1e-20
7251.14 3.9759007e-16 1e-20
7252.61 4.600634e-16 1e-20
7254.08 4.2579925e-16 1e-20
7255.55 4.21381e-16 1e-20
7257.02 4.428271e-16 1e-20
7258.49 4.5439522e-16 1e-20
7259.96 4.0048276e-16 1e-20
7261.43 4.290219e-16 1e-20
7262.9 4.5900281e-16 1e-20
7264.37 4.4457594e-16 1e-20
7265.84 4.242756e-16 1e-20
7267.31 4.2872774e-16 1e-20
7268.78 4.161524e-16 1e-20
7270.25 4.5079909e-16 1e-20
7271.72 5.0977831e-16 1e-20
7273.19 4.7155531e-16 1e-20
7274.66 4.5541335e-16 1e-20
7276.13 4.3563087e-16 1e-20
7277.6 4.439886e-16 1e-20
7279.07 4.7484731e-16 1e-20
7280.54 4.8275282e-16 1e-20
7282.01 4.485535e-16 1e-20
7283.48 4.6946071e-16 1e-20
7284.95 4.2428195e-16 1e-20
7286.42 4.1011649e-16 1e-20
7287.89 4.4091657e-16 1e-20
7289.36 4.0222064e-16 1e-20
7290.83 4.1523133e-16 1e-20
7292.3 4.4874535e-16 1e-20
7293.77 3.8809938e-16 1e-20
7295.24 4.1762009e-16 1e-20
7296.71 4.4038058e-16 1e-20
7298.18 4.6501585e-16 1e-20
7299.65 4.4090188e-16 1e-20
7301.12 4.3173992e-16 1e-20
7302.59 4.4419991e-16 1e-20
7304.06 4.5391172e-16 1e-20
7305.53 4.8045456e-16 1e-20
7307.0 4.4303431e-16 1e-20
7308.47 4.2727566e-16 1e-20
7309.94 4.3487368e-16 1e-20
7311.41 4.4272644e-16 1e-20
7312.88 4.6133141e-16 1e-20
7314.35 4.9861637e-16 1e-20
7315.82 5.3503238e-16 1e-20
7317.29 4.436672e-16 1e-20
7318.76 3.6180565e-16 1e-20
7320.23 4.0138991e-16 1e-20
7321.7 4.5123123e-16 1e-20
7323.17 4.1358708e-16 1e-20
7324.64 4.1763783e-16 1e-20
7326.11 4.8109851e-16 1e-20
7327.58 4.4083374e-16 1e-20
7329.05 4.0382746e-16 1e-20
7330.52 4.4929248e-16 1e-20
7331.99 4.4425052e-16 1e-20
7333.46 4.3920858e-16 1e-20
7334.93 4.3416664e-16 1e-20
7336.4 4.2912468e-16 1e-20
7337.87 4.2408272e-16 1e-20
7339.34 4.1904078e-16 1e-20
7340.81 4.1399884e-16 1e-20
7342.28 4.0895688e-16 1e-20
7343.75 4.0391494e-16 1e-20
7345.22 4.0391494e-16 1e-20
7346.69 3.8588063e-16 1e-20
7348.16 3.9213163e-16 1e-20
7349.63 4.3151768e-16 1e-20
7351.1 4.354035e-16 1e-20
7352.57 4.3335463e-16 1e-20
7354.04 3.865685e-16 1e-20
7355.51 4.2997158e-16 1e-20
7356.98 4.5086034e-16 1e-20
7358.45 3.8394799e-16 1e-20
7359.92 3.9500466e-16 1e-20
7361.39 4.2626017e-16 1e-20
7362.86 4.4114553e-16 1e-20
7364.33 4.2792774e-16 1e-20
7365.8 4.2025299e-16 1e-20
7367.27 3.794372e-16 1e-20
7368.74 3.6384647e-16 1e-20
7370.21 3.7380996e-16 1e-20
7371.68 3.9104814e-16 1e-20
7373.15 4.2314899e-16 1e-20
7374.62 4.131765e-16 1e-20
7376.09 3.9456356e-16 1e-20
7377.56 3.9922397e-16 1e-20
7379.03 4.337967e-16 1e-20
7380.5 4.4653179e-16 1e-20
7381.97 3.7958463e-16 1e-20
7383.44 3.8522098e-16 1e-20
7384.91 3.8856342e-16 1e-20
7386.38 3.9054619e-16 1e-20
7387.85 4.2369247e-16 1e-20
7389.32 4.4400721e-16 1e-20
7390.79 4.1331314e-16 1e-20
7392.26 3.5253625e-16 1e-20
7393.73 3.9038994e-16 1e-20
7395.2 4.0501791e-16 1e-20
7396.67 4.0717768e-16 1e-20
7398.14 4.2141483e-16 1e-20
7399.61 4.6721946e-16 1e-20
7401.08 4.2117424e-16 1e-20
7402.55 4.0906562e-16 1e-20
7404.02 4.1793768e-16 1e-20
7405.49 4.3452335e-16 1e-20
7406.96 3.992188e-16 1e-20
7408.43 4.1400151e-16 1e-20
7409.9 4.205909e-16 1e-20
7411.37 4.2085576e-16 1e-20
