3720.0 3.9163638e-16 1e-20
3721.5 3.3170496e-16 1e-20
3723.0 3.3946569e-16 1e-20
3724.5 3.4214014e-16 1e-20
3726.0 2.8061564e-16 1e-20
3727.5 2.1726887e-16 1e-20
3729.0 1.8316112e-16 1e-20
3730.5 2.6662818e-16 1e-20
3732.0 4.1680008e-16 1e-20
3733.5 3.8254417e-16 1e-20
3735.0 2.3776596e-16 1e-20
3736.5 2.8044824e-16 1e-20
3738.0 3.4868286e-16 1e-20
3739.5 2.7923722e-16 1e-20
3741.0 2.4403848e-16 1e-20
3742.5 3.6963774e-16 1e-20
3744.0 3.6374297e-16 1e-20
3745.5 3.0681272e-16 1e-20
3747.0 2.8533604e-16 1e-20
3748.5 2.0969972e-16 1e-20
3750.0 2.1753525e-16 1e-20
3751.5 2.036698e-16 1e-20
3753.0 2.0173883e-16 1e-20
3754.5 3.3949708e-16 1e-20
3756.0 3.0718073e-16 1e-20
3757.5 1.997689e-16 1e-20
3759.0 3.2587811e-16 1e-20
3760.5 3.2399209e-16 1e-20
3762.0 3.2134352e-16 1e-20
3763.5 2.2482168e-16 1e-20
3765.0 2.3040389e-16 1e-20
3766.5 3.1009381e-16 1e-20
3768.0 3.0281518e-16 1e-20
3769.5 2.93955e-16 1e-20
3771.0 1.4157139e-16 1e-20
3772.5 2.5338152e-16 1e-20
3774.0 3.1040025e-16 1e-20
3775.5 1.9993846e-16 1e-20
3777.0 2.4021312e-16 1e-20
3778.5 2.7937545e-16 1e-20
3780.0 2.5003335e-16 1e-20
3781.5 2.3557503e-16 1e-20
3783.0 2.4679848e-16 1e-20
3784.5 3.0867908e-16 1e-20
3786.0 2.7168502e-16 1e-20
3787.5 2.7377267e-16 1e-20
3789.0 3.0994336e-16 1e-20
3790.5 3.1397555e-16 1e-20
3792.0 2.8563621e-16 1e-20
3793.5 3.2725152e-16 1e-20
3795.0 3.7222135e-16 1e-20
3796.5 3.5423238e-16 1e-20
3798.0 2.5529838e-16 1e-20
3799.5 3.3334833e-16 1e-20
3801.0 3.7086165e-16 1e-20
3802.5 2.9063021e-16 1e-20
3804.0 3.0783385e-16 1e-20
3805.5 3.5160605e-16 1e-20
3807.0 4.3450445e-16 1e-20
3808.5 4.5157571e-16 1e-20
3810.0 4.4669389e-16 1e-20
3811.5 3.9869282e-16 1e-20
3813.0 3.6871696e-16 1e-20
3814.5 3.5837842e-16 1e-20
3816.0 3.8904282e-16 1e-20
3817.5 4.3604327e-16 1e-20
3819.0 4.6190702e-16 1e-20
3820.5 4.5878221e-16 1e-20
3822.0 5.1087702e-16 1e-20
3823.5 4.8727963e-16 1e-20
3825.0 4.3804492e-16 1e-20
3826.5 5.081924e-16 1e-20
3828.0 5.5826343e-16 1e-20
3829.5 5.4163527e-16 1e-20
3831.0 5.3183282e-16 1e-20
3832.5 5.3107145e-16 1e-20
3834.0 4.8341213e-16 1e-20
3835.5 5.3281829e-16 1e-20
3837.0 5.2118991e-16 1e-20
3838.5 5.0272221e-16 1e-20
3840.0 5.7983593e-16 1e-20
3841.5 5.0486668e-16 1e-20
3843.0 4.5775762e-16 1e-20
3844.5 4.3353558e-16 1e-20
3846.0 4.9649503e-16 1e-20
3847.5 5.0713853e-16 1e-20
3849.0 4.9889685e-16 1e-20
3850.5 4.875799e-16 1e-20
3852.0 5.4008631e-16 1e-20
3853.5 5.2156043e-16 1e-20
3855.0 5.0553187e-16 1e-20
3856.5 5.8906255e-16 1e-20
3858.0 5.537371e-16 1e-20
3859.5 5.4381013e-16 1e-20
3861.0 5.6733748e-16 1e-20
3862.5 5.4536248e-16 1e-20
3864.0 5.4221501e-16 1e-20
3865.5 4.5983042e-16 1e-20
3867.0 4.9560401e-16 1e-20
3868.5 4.9364265e-16 1e-20
3870.0 5.0290495e-16 1e-20
3871.5 5.2880542e-16 1e-20
3873.0 5.2546721e-16 1e-20
3874.5 5.4897142e-16 1e-20
3876.0 6.3706116e-16 1e-20
3877.5 6.3878434e-16 1e-20
3879.0 6.1251356e-16 1e-20
3880.5 5.8557018e-16 1e-20
3882.0 5.3915982e-16 1e-20
3883.5 5.9284641e-16 1e-20
3885.0 5.7744105e-16 1e-20
3886.5 6.7302633e-16 1e-20
3888.0 6.192805e-16 1e-20
3889.5 6.5512133e-16 1e-20
3891.0 6.4415262e-16 1e-20
3892.5 6.675356e-16 1e-20
3894.0 6.0823557e-16 1e-20
3895.5 5.8997846e-16 1e-20
3897.0 6.4396416e-16 1e-20
3898.5 6.8920636e-16 1e-20
3900.0 6.9988172e-16 1e-20
3901.5 6.7347553e-16 1e-20
3903.0 6.2452422e-16 1e-20
3904.5 6.7050207e-16 1e-20
3906.0 7.0151364e-16 1e-20
3907.5 7.5178637e-16 1e-20
3909.0 7.3659981e-16 1e-20
3910.5 7.181428e-16 1e-20
3912.0 8.3652879e-16 1e-20
3913.5 8.4404504e-16 1e-20
3915.0 8.4672119e-16 1e-20
3916.5 8.6970188e-16 1e-20
3918.0 7.5597098e-16 1e-20
3919.5 7.8478963e-16 1e-20
3921.0 8.7343015e-16 1e-20
3922.5 8.3195703e-16 1e-20
3924.0 7.8870594e-16 1e-20
3925.5 7.9185389e-16 1e-20
3927.0 8.2186289e-16 1e-20
3928.5 7.7379112e-16 1e-20
3930.0 7.6164933e-16 1e-20
3931.5 8.3069585e-16 1e-20
3933.0 9.2097659e-16 1e-20
3934.5 8.4909611e-16 1e-20
3936.0 8.3723119e-16 1e-20
3937.5 8.6236472e-16 1e-20
3939.0 7.9909184e-16 1e-20
3940.5 8.1258062e-16 1e-20
3942.0 8.0563416e-16 1e-20
3943.5 8.1746901e-16 1e-20
3945.0 9.1108971e-16 1e-20
3946.5 9.4310713e-16 1e-20
3948.0 9.4473947e-16 1e-20
3949.5 9.6340331e-16 1e-20
3951.0 9.6269032e-16 1e-20
3952.5 9.6177256e-16 1e-20
3954.0 9.3984902e-16 1e-20
3955.5 9.6054595e-16 1e-20
3957.0 1.0388202e-15 1e-20
3958.5 1.0766355e-15 1e-20
3960.0 1.0929143e-15 1e-20
3961.5 1.0190145e-15 1e-20
3963.0 9.4623882e-16 1e-20
3964.5 9.3856396e-16 1e-20
3966.0 9.7299342e-16 1e-20
3967.5 1.0283862e-15 1e-20
3969.0 9.9406304e-16 1e-20
3970.5 1.0182949e-15 1e-20
3972.0 9.9543863e-16 1e-20
3973.5 9.3610852e-16 1e-20
3975.0 1.1179504e-15 1e-20
3976.5 1.073795e-15 1e-20
3978.0 9.5448903e-16 1e-20
3979.5 1.0245945e-15 1e-20
3981.0 1.0842893e-15 1e-20
3982.5 1.1426464e-15 1e-20
3984.0 1.0289054e-15 1e-20
3985.5 1.005376e-15 1e-20
3987.0 1.0995846e-15 1e-20
3988.5 1.110608e-15 1e-20
3990.0 1.0554468e-15 1e-20
3991.5 1.0591651e-15 1e-20
3993.0 1.0898912e-15 1e-20
3994.5 1.0924007e-15 1e-20
3996.0 1.1056364e-15 1e-20
3997.5 1.1177984e-15 1e-20
3999.0 1.0709688e-15 1e-20
4000.5 1.0949899e-15 1e-20
4002.0 1.1312977e-15 1e-20
4003.5 1.1214476e-15 1e-20
4005.0 1.0696183e-15 1e-20
4006.5 1.099722e-15 1e-20
4008.0 1.1259353e-15 1e-20
4009.5 1.1100625e-15 1e-20
4011.0 1.1097646e-15 1e-20
4012.5 1.0707789e-15 1e-20
4014.0 1.0484452e-15 1e-20
4015.5 1.0578462e-15 1e-20
4017.0 1.0226354e-15 1e-20
4018.5 1.062516e-15 1e-20
4020.0 1.1736448e-15 1e-20
4021.5 1.1288785e-15 1e-20
4023.0 1.0825237e-15 1e-20
4024.5 1.0528519e-15 1e-20
4026.0 1.0231801e-15 1e-20
4027.5 1.0231801e-15 1e-20
4029.0 1.0329406e-15 1e-20
4030.5 1.107156e-15 1e-20
4032.0 1.0007653e-15 1e-20
4033.5 9.789831e-16 1e-20
4035.0 1.0471591e-15 1e-20
4036.5 1.0943798e-15 1e-20
4038.0 1.0608972e-15 1e-20
4039.5 1.1094287e-15 1e-20
4041.0 1.090897e-15 1e-20
4042.5 1.0463431e-15 1e-20
4044.0 9.9564361e-16 1e-20
4045.5 1.0464534e-15 1e-20
4047.0 9.8012448e-16 1e-20
4048.5 9.5960299e-16 1e-20
4050.0 9.5901039e-16 1e-20
4051.5 8.7933148e-16 1e-20
4053.0 8.9833816e-16 1e-20
4054.5 9.137567e-16 1e-20
4056.0 9.2700397e-16 1e-20
4057.5 9.4768947e-16 1e-20
4059.0 9.819528e-16 1e-20
4060.5 9.9003265e-16 1e-20
4062.0 9.0684025e-16 1e-20
4063.5 9.3925334e-16 1e-20
4065.0 8.8127854e-16 1e-20
4066.5 8.8190402e-16 1e-20
4068.0 9.2412512e-16 1e-20
4069.5 8.8133794e-16 1e-20
4071.0 7.9772419e-16 1e-20
4072.5 8.7326752e-16 1e-20
4074.0 8.8501729e-16 1e-20
4075.5 8.4614187e-16 1e-20
4077.0 8.6286283e-16 1e-20
4078.5 9.3362004e-16 1e-20
4080.0 9.4448568e-16 1e-20
4081.5 8.2720444e-16 1e-20
4083.0 8.2415131e-16 1e-20
4084.5 9.6565589e-16 1e-20
4086.0 9.1043633e-16 1e-20
4087.5 7.8717451e-16 1e-20
4089.0 8.7276083e-16 1e-20
4090.5 9.5292848e-16 1e-20
4092.0 8.8585453e-16 1e-20
4093.5 9.0376743e-16 1e-20
4095.0 9.6637258e-16 1e-20
4096.5 8.9937281e-16 1e-20
4098.0 8.90667e-16 1e-20
4099.5 9.829397e-16 1e-20
4101.0 9.4736845e-16 1e-20
4102.5 9.2741489e-16 1e-20
4104.0 9.4363928e-16 1e-20
4105.5 9.1178724e-16 1e-20
4107.0 8.7687207e-16 1e-20
4108.5 9.0709182e-16 1e-20
4110.0 9.739873e-16 1e-20
4111.5 9.3248078e-16 1e-20
4113.0 9.6762344e-16 1e-20
4114.5 1.0691436e-15 1e-20
4116.0 9.9130796e-16 1e-20
4117.5 9.3573921e-16 1e-20
4119.0 9.3912862e-16 1e-20
4120.5 9.4450473e-16 1e-20
4122.0 9.4806693e-16 1e-20
4123.5 9.8416176e-16 1e-20
4125.0 9.6864973e-16 1e-20
4126.5 1.0285007e-15 1e-20
4128.0 1.0061507e-15 1e-20
4129.5 9.5990856e-16 1e-20
4131.0 9.5989373e-16 1e-20
4132.5 9.9810498e-16 1e-20
4134.0 9.8598754e-16 1e-20
4135.5 9.4212447e-16 1e-20
4137.0 9.8524289e-16 1e-20
4138.5 9.8739753e-16 1e-20
4140.0 1.0966177e-15 1e-20
4141.5 1.109036e-15 1e-20
4143.0 1.034633e-15 1e-20
4144.5 1.0599784e-15 1e-20
4146.0 1.0720964e-15 1e-20
4147.5 1.0601068e-15 1e-20
4149.0 1.0321802e-15 1e-20
4150.5 9.7889713e-16 1e-20
4152.0 1.0619565e-15 1e-20
4153.5 1.0386481e-15 1e-20
4155.0 1.032807e-15 1e-20
4156.5 1.0407117e-15 1e-20
4158.0 9.5904691e-16 1e-20
4159.5 1.0065047e-15 1e-20
4161.0 1.028982e-15 1e-20
4162.5 1.0096061e-15 1e-20
4164.0 1.01251e-15 1e-20
4165.5 9.7859622e-16 1e-20
4167.0 9.6484729e-16 1e-20
4168.5 9.8399595e-16 1e-20
4170.0 1.0346639e-15 1e-20
4171.5 1.0573893e-15 1e-20
4173.0 1.0564523e-15 1e-20
4174.5 1.0347606e-15 1e-20
4176.0 9.3549177e-16 1e-20
4177.5 9.9327975e-16 1e-20
4179.0 1.0733726e-15 1e-20
4180.5 1.0016424e-15 1e-20
4182.0 1.024677e-15 1e-20
4183.5 9.2927349e-16 1e-20
4185.0 9.6483056e-16 1e-20
4186.5 9.4421886e-16 1e-20
4188.0 9.8735359e-16 1e-20
4189.5 9.5379362e-16 1e-20
4191.0 9.1874625e-16 1e-20
4192.5 9.4239393e-16 1e-20
4194.0 9.2484478e-16 1e-20
4195.5 9.4990838e-16 1e-20
4197.0 9.3982827e-16 1e-20
4198.5 9.398757e-16 1e-20
4200.0 9.7965692e-16 1e-20
4201.5 9.5733654e-16 1e-20
4203.0 9.3205917e-16 1e-20
4204.5 9.3008845e-16 1e-20
4206.0 9.3743677e-16 1e-20
4207.5 9.5827135e-16 1e-20
4209.0 9.4276165e-16 1e-20
4210.5 9.4743727e-16 1e-20
4212.0 9.6761486e-16 1e-20
4213.5 9.1737702e-16 1e-20
4215.0 9.439674e-16 1e-20
4216.5 9.2347259e-16 1e-20
4218.0 8.585419e-16 1e-20
4219.5 8.4375392e-16 1e-20
4221.0 8.4247686e-16 1e-20
4222.5 8.15983e-16 1e-20
4224.0 8.5881814e-16 1e-20
4225.5 9.2251089e-16 1e-20
4227.0 8.8788275e-16 1e-20
4228.5 8.3806387e-16 1e-20
4230.0 8.3807372e-16 1e-20
4231.5 8.6334564e-16 1e-20
4233.0 9.1263088e-16 1e-20
4234.5 8.906436e-16 1e-20
4236.0 8.9942638e-16 1e-20
4237.5 9.5758017e-16 1e-20
4239.0 9.3844834e-16 1e-20
4240.5 9.1620907e-16 1e-20
4242.0 9.0163184e-16 1e-20
4243.5 8.7830101e-16 1e-20
4245.0 8.7936573e-16 1e-20
4246.5 8.9637939e-16 1e-20
4248.0 8.7692823e-16 1e-20
4249.5 8.520936e-16 1e-20
4251.0 8.4891532e-16 1e-20
4252.5 8.7628925e-16 1e-20
4254.0 8.2151433e-16 1e-20
4255.5 8.3811602e-16 1e-20
4257.0 8.2982897e-16 1e-20
4258.5 7.8899081e-16 1e-20
4260.0 8.1874655e-16 1e-20
4261.5 7.6686896e-16 1e-20
4263.0 7.0570921e-16 1e-20
4264.5 7.3403748e-16 1e-20
4266.0 8.3081375e-16 1e-20
4267.5 7.4424963e-16 1e-20
4269.0 6.9584106e-16 1e-20
4270.5 7.2102346e-16 1e-20
4272.0 7.3812775e-16 1e-20
4273.5 7.9869632e-16 1e-20
4275.0 7.1212887e-16 1e-20
4276.5 7.3885498e-16 1e-20
4278.0 7.6672919e-16 1e-20
4279.5 7.5020273e-16 1e-20
4281.0 6.9094929e-16 1e-20
4282.5 6.7414008e-16 1e-20
4284.0 6.9572729e-16 1e-20
4285.5 7.6493211e-16 1e-20
4287.0 8.1810127e-16 1e-20
4288.5 7.5676533e-16 1e-20
4290.0 6.8892276e-16 1e-20
4291.5 7.0494121e-16 1e-20
4293.0 7.62589e-16 1e-20
4294.5 6.8517829e-16 1e-20
4296.0 6.5015417e-16 1e-20
4297.5 7.1467669e-16 1e-20
4299.0 7.067167e-16 1e-20
4300.5 7.0554398e-16 1e-20
4302.0 7.0774246e-16 1e-20
4303.5 6.5692207e-16 1e-20
4305.0 6.6605536e-16 1e-20
4306.5 7.1132826e-16 1e-20
4308.0 7.1565581e-16 1e-20
4309.5 7.2162596e-16 1e-20
4311.0 7.1122233e-16 1e-20
4312.5 6.9553385e-16 1e-20
4314.0 7.1358333e-16 1e-20
4315.5 7.0306117e-16 1e-20
4317.0 6.3806923e-16 1e-20
4318.5 7.0398661e-16 1e-20
4320.0 7.5820296e-16 1e-20
4321.5 6.6473055e-16 1e-20
4323.0 6.6708371e-16 1e-20
4324.5 6.681136e-16 1e-20
4326.0 6.5683175e-16 1e-20
4327.5 6.8391907e-16 1e-20
4329.0 6.7795956e-16 1e-20
4330.5 6.2857304e-16 1e-20
4332.0 5.9900026e-16 1e-20
4333.5 5.6263904e-16 1e-20
4335.0 6.5430294e-16 1e-20
4336.5 6.7707023e-16 1e-20
4338.0 6.0951268e-16 1e-20
4339.5 6.2230404e-16 1e-20
4341.0 6.8393564e-16 1e-20
4342.5 6.5001827e-16 1e-20
4344.0 6.2517395e-16 1e-20
4345.5 6.2376618e-16 1e-20
4347.0 6.5206857e-16 1e-20
4348.5 6.1747013e-16 1e-20
4350.0 5.7781978e-16 1e-20
4351.5 6.5870295e-16 1e-20
4353.0 6.5944755e-16 1e-20
4354.5 5.7532691e-16 1e-20
4356.0 5.5810244e-16 1e-20
4357.5 6.1238121e-16 1e-20
4359.0 5.3257154e-16 1e-20
4360.5 4.7888374e-16 1e-20
4362.0 5.7517111e-16 1e-20
4363.5 6.8501264e-16 1e-20
4365.0 6.592045e-16 1e-20
4366.5 5.9922599e-16 1e-20
4368.0 5.8024997e-16 1e-20
4369.5 6.0054594e-16 1e-20
4371.0 5.9574474e-16 1e-20
4372.5 6.0097411e-16 1e-20
4374.0 6.21981e-16 1e-20
4375.5 6.2183606e-16 1e-20
4377.0 5.9731133e-16 1e-20
4378.5 5.3526304e-16 1e-20
4380.0 5.2632054e-16 1e-20
4381.5 6.0112457e-16 1e-20
4383.0 6.3043429e-16 1e-20
4384.5 6.0013396e-16 1e-20
4386.0 5.4642143e-16 1e-20
4387.5 5.3631691e-16 1e-20
4389.0 5.6037974e-16 1e-20
4390.5 5.6490247e-16 1e-20
4392.0 5.9915018e-16 1e-20
4393.5 5.8539633e-16 1e-20
4395.0 5.5939628e-16 1e-20
4396.5 5.3997779e-16 1e-20
4398.0 5.7200823e-16 1e-20
4399.5 5.9716972e-16 1e-20
4401.0 5.4507454e-16 1e-20
4402.5 5.8382492e-16 1e-20
4404.0 6.2708602e-16 1e-20
4405.5 6.1723344e-16 1e-20
4407.0 6.2650353e-16 1e-20
4408.5 5.8095872e-16 1e-20
4410.0 5.4445499e-16 1e-20
4411.5 5.4277109e-16 1e-20
4413.0 5.4452863e-16 1e-20
4414.5 5.4915105e-16 1e-20
4416.0 6.2852555e-16 1e-20
4417.5 6.6986187e-16 1e-20
4419.0 5.9640199e-16 1e-20
4420.5 6.1070573e-16 1e-20
4422.0 6.1549623e-16 1e-20
4423.5 5.8274893e-16 1e-20
4425.0 5.9902366e-16 1e-20
4426.5 6.2401648e-16 1e-20
4428.0 5.8722581e-16 1e-20
4429.5 6.3935185e-16 1e-20
4431.0 6.6013359e-16 1e-20
4432.5 6.1692226e-16 1e-20
4434.0 6.1323841e-16 1e-20
4435.5 6.3318884e-16 1e-20
4437.0 6.0251751e-16 1e-20
4438.5 5.8511908e-16 1e-20
4440.0 6.4469732e-16 1e-20
4441.5 6.2737904e-16 1e-20
4443.0 6.1665889e-16 1e-20
4444.5 6.2391049e-16 1e-20
4446.0 6.1871945e-16 1e-20
4447.5 6.3116967e-16 1e-20
4449.0 5.8030434e-16 1e-20
4450.5 5.9593135e-16 1e-20
4452.0 6.7397141e-16 1e-20
4453.5 7.0067947e-16 1e-20
4455.0 6.2830564e-16 1e-20
4456.5 6.2090056e-16 1e-20
4458.0 6.2940731e-16 1e-20
4459.5 6.4498663e-16 1e-20
4461.0 6.4663136e-16 1e-20
4462.5 6.6190289e-16 1e-20
4464.0 6.1046697e-16 1e-20
4465.5 5.7031136e-16 1e-20
4467.0 6.3424451e-16 1e-20
4468.5 6.6603609e-16 1e-20
4470.0 5.9978853e-16 1e-20
4471.5 5.7693198e-16 1e-20
4473.0 6.672663e-16 1e-20
4474.5 6.2261305e-16 1e-20
4476.0 6.1610286e-16 1e-20
4477.5 5.5194049e-16 1e-20
4479.0 5.2010729e-16 1e-20
4480.5 5.6467557e-16 1e-20
4482.0 5.6806863e-16 1e-20
4483.5 5.7628257e-16 1e-20
4485.0 5.8888346e-16 1e-20
4486.5 6.014844e-16 1e-20
4488.0 6.1408533e-16 1e-20
4489.5 6.2668622e-16 1e-20
4491.0 6.2668622e-16 1e-20
4492.5 6.5848204e-16 1e-20
4494.0 6.0745233e-16 1e-20
4495.5 5.8161374e-16 1e-20
4497.0 5.9145685e-16 1e-20
4498.5 6.1752206e-16 1e-20
4500.0 5.8117413e-16 1e-20
4501.5 5.3107431e-16 1e-20
4503.0 5.6751843e-16 1e-20
4504.5 5.9203071e-16 1e-20
4506.0 5.8604431e-16 1e-20
4507.5 6.1858271e-16 1e-20
4509.0 5.9957344e-16 1e-20
4510.5 5.9870364e-16 1e-20
4512.0 6.3098597e-16 1e-20
4513.5 6.0568817e-16 1e-20
4515.0 6.0581369e-16 1e-20
4516.5 6.2639923e-16 1e-20
4518.0 6.1910517e-16 1e-20
4519.5 6.1891178e-16 1e-20
4521.0 5.7286178e-16 1e-20
4522.5 5.7873553e-16 1e-20
4524.0 6.1309806e-16 1e-20
4525.5 6.0839428e-16 1e-20
4527.0 6.3876216e-16 1e-20
4528.5 6.5534055e-16 1e-20
4530.0 6.4750777e-16 1e-20
4531.5 6.4809429e-16 1e-20
4533.0 6.8128771e-16 1e-20
4534.5 6.5649569e-16 1e-20
4536.0 6.2321407e-16 1e-20
4537.5 6.4090515e-16 1e-20
4539.0 6.8199805e-16 1e-20
4540.5 6.4790387e-16 1e-20
4542.0 6.7622468e-16 1e-20
4543.5 6.655257e-16 1e-20
4545.0 6.5431061e-16 1e-20
4546.5 6.9654817e-16 1e-20
4548.0 7.5359875e-16 1e-20
4549.5 6.8421855e-16 1e-20
4551.0 6.3466982e-16 1e-20
4552.5 6.5662629e-16 1e-20
4554.0 6.6623398e-16 1e-20
4555.5 6.1529844e-16 1e-20
4557.0 6.5579122e-16 1e-20
4558.5 6.9632678e-16 1e-20
4560.0 6.8478511e-16 1e-20
4561.5 6.4905763e-16 1e-20
4563.0 7.3110209e-16 1e-20
4564.5 6.9364507e-16 1e-20
4566.0 6.939706e-16 1e-20
4567.5 7.1339344e-16 1e-20
4569.0 6.6960347e-16 1e-20
4570.5 6.5930726e-16 1e-20
4572.0 6.7106868e-16 1e-20
4573.5 6.58422e-16 1e-20
4575.0 6.765465e-16 1e-20
4576.5 6.8279644e-16 1e-20
4578.0 6.7239281e-16 1e-20
4579.5 6.6992778e-16 1e-20
4581.0 6.6078591e-16 1e-20
4582.5 6.5779059e-16 1e-20
4584.0 6.7395304e-16 1e-20
4585.5 6.6297661e-16 1e-20
4587.0 6.571298e-16 1e-20
4588.5 6.6494135e-16 1e-20
4590.0 6.5938969e-16 1e-20
4591.5 6.6723475e-16 1e-20
4593.0 6.8798181e-16 1e-20
4594.5 7.0909443e-16 1e-20
4596.0 6.9629306e-16 1e-20
4597.5 6.616258e-16 1e-20
4599.0 6.5362584e-16 1e-20
4600.5 6.6493637e-16 1e-20
4602.0 6.7704021e-16 1e-20
4603.5 6.9281054e-16 1e-20
4605.0 7.0888606e-16 1e-20
4606.5 7.0298202e-16 1e-20
4608.0 6.7011974e-16 1e-20
4609.5 6.6223074e-16 1e-20
4611.0 6.5523483e-16 1e-20
4612.5 6.0329541e-16 1e-20
4614.0 6.1854602e-16 1e-20
4615.5 6.7558305e-16 1e-20
4617.0 6.6085976e-16 1e-20
4618.5 6.3853446e-16 1e-20
4620.0 7.0157272e-16 1e-20
4621.5 6.8220494e-16 1e-20
4623.0 6.3800592e-16 1e-20
4624.5 6.5631099e-16 1e-20
4626.0 6.6129969e-16 1e-20
4627.5 7.0406072e-16 1e-20
4629.0 7.1297807e-16 1e-20
4630.5 6.822906e-16 1e-20
4632.0 6.8463481e-16 1e-20
4633.5 6.5411008e-16 1e-20
4635.0 6.4672649e-16 1e-20
4636.5 6.4576103e-16 1e-20
4638.0 6.5072883e-16 1e-20
4639.5 6.3190363e-16 1e-20
4641.0 5.9930911e-16 1e-20
4642.5 6.1292432e-16 1e-20
4644.0 6.3449999e-16 1e-20
4645.5 6.343857e-16 1e-20
4647.0 6.2185781e-16 1e-20
4648.5 6.0235372e-16 1e-20
4650.0 6.226634e-16 1e-20
4651.5 6.4453627e-16 1e-20
4653.0 6.2428388e-16 1e-20
4654.5 6.3999035e-16 1e-20
4656.0 6.6321669e-16 1e-20
4657.5 6.688745e-16 1e-20
4659.0 6.8343377e-16 1e-20
4660.5 6.5512403e-16 1e-20
4662.0 6.3296708e-16 1e-20
4663.5 6.3478248e-16 1e-20
4665.0 6.2075858e-16 1e-20
4666.5 5.8950068e-16 1e-20
4668.0 6.2754231e-16 1e-20
4669.5 6.2430447e-16 1e-20
4671.0 5.8930364e-16 1e-20
4672.5 6.2776365e-16 1e-20
4674.0 6.2613522e-16 1e-20
4675.5 6.0449443e-16 1e-20
4677.0 6.2824513e-16 1e-20
4678.5 6.5117272e-16 1e-20
4680.0 6.5562579e-16 1e-20
4681.5 6.7528722e-16 1e-20
4683.0 6.6098221e-16 1e-20
4684.5 6.4808958e-16 1e-20
4686.0 6.6081318e-16 1e-20
4687.5 6.5440924e-16 1e-20
4689.0 6.5504843e-16 1e-20
4690.5 6.4779449e-16 1e-20
4692.0 6.5800108e-16 1e-20
4693.5 6.9517985e-16 1e-20
4695.0 6.7918617e-16 1e-20
4696.5 6.5291793e-16 1e-20
4698.0 6.1933037e-16 1e-20
4699.5 6.1592223e-16 1e-20
4701.0 6.5235852e-16 1e-20
4702.5 6.2324097e-16 1e-20
4704.0 6.1757739e-16 1e-20
4705.5 6.4569311e-16 1e-20
4707.0 6.2668818e-16 1e-20
4708.5 6.5590737e-16 1e-20
4710.0 6.4199962e-16 1e-20
4711.5 5.9532361e-16 1e-20
4713.0 5.7644467e-16 1e-20
4714.5 5.9014331e-16 1e-20
4716.0 5.6894393e-16 1e-20
4717.5 6.0397319e-16 1e-20
4719.0 6.1068683e-16 1e-20
4720.5 5.8510183e-16 1e-20
4722.0 6.0305114e-16 1e-20
4723.5 6.1066396e-16 1e-20
4725.0 5.6585242e-16 1e-20
4726.5 5.4541595e-16 1e-20
4728.0 5.7904093e-16 1e-20
4729.5 5.8093966e-16 1e-20
4731.0 5.8190099e-16 1e-20
4732.5 5.8946463e-16 1e-20
4734.0 5.6664492e-16 1e-20
4735.5 5.6075418e-16 1e-20
4737.0 5.4885422e-16 1e-20
4738.5 5.2378696e-16 1e-20
4740.0 5.2352528e-16 1e-20
4741.5 5.5640356e-16 1e-20
4743.0 5.4741087e-16 1e-20
4744.5 5.3310835e-16 1e-20
4746.0 5.3740032e-16 1e-20
4747.5 5.4724337e-16 1e-20
4749.0 5.8209592e-16 1e-20
4750.5 6.1229359e-16 1e-20
4752.0 5.6327204e-16 1e-20
4753.5 5.3030573e-16 1e-20
4755.0 5.2115645e-16 1e-20
4756.5 5.2624204e-16 1e-20
4758.0 5.3924092e-16 1e-20
4759.5 5.1164798e-16 1e-20
4761.0 5.0094042e-16 1e-20
4762.5 5.7210892e-16 1e-20
4764.0 5.9282285e-16 1e-20
4765.5 5.8768326e-16 1e-20
4767.0 5.943077e-16 1e-20
4768.5 5.4883426e-16 1e-20
4770.0 5.5507811e-16 1e-20
4771.5 5.7034254e-16 1e-20
4773.0 5.7414159e-16 1e-20
4774.5 5.2630556e-16 1e-20
4776.0 5.5777104e-16 1e-20
4777.5 5.9903044e-16 1e-20
4779.0 5.9144541e-16 1e-20
4780.5 5.2849985e-16 1e-20
4782.0 5.3568651e-16 1e-20
4783.5 5.5560803e-16 1e-20
4785.0 5.398825e-16 1e-20
4786.5 5.4569531e-16 1e-20
4788.0 4.9406193e-16 1e-20
4789.5 5.4233031e-16 1e-20
4791.0 5.4369192e-16 1e-20
4792.5 5.2180342e-16 1e-20
4794.0 5.6103905e-16 1e-20
4795.5 5.4840026e-16 1e-20
4797.0 5.454007e-16 1e-20
4798.5 5.2974134e-16 1e-20
4800.0 4.9474337e-16 1e-20
4801.5 4.9858943e-16 1e-20
4803.0 5.4983799e-16 1e-20
4804.5 5.7036208e-16 1e-20
4806.0 5.2736938e-16 1e-20
4807.5 5.015641e-16 1e-20
4809.0 5.0298738e-16 1e-20
4810.5 5.0522911e-16 1e-20
4812.0 4.9249672e-16 1e-20
4813.5 4.8409743e-16 1e-20
4815.0 4.9749797e-16 1e-20
4816.5 5.4232994e-16 1e-20
4818.0 4.973075e-16 1e-20
4819.5 5.184892e-16 1e-20
4821.0 5.5140574e-16 1e-20
4822.5 5.4005683e-16 1e-20
4824.0 5.0867129e-16 1e-20
4825.5 4.9530278e-16 1e-20
4827.0 4.9730003e-16 1e-20
4828.5 5.038423e-16 1e-20
4830.0 4.9913915e-16 1e-20
4831.5 4.7613003e-16 1e-20
4833.0 5.1282662e-16 1e-20
4834.5 4.7934616e-16 1e-20
4836.0 4.9258439e-16 1e-20
4837.5 4.8221956e-16 1e-20
4839.0 4.9961206e-16 1e-20
4840.5 4.939327e-16 1e-20
4842.0 5.1072926e-16 1e-20
4843.5 5.1507766e-16 1e-20
4845.0 4.8844653e-16 1e-20
4846.5 5.1004126e-16 1e-20
4848.0 5.0781928e-16 1e-20
4849.5 5.1210003e-16 1e-20
4851.0 5.0545029e-16 1e-20
4852.5 5.0588296e-16 1e-20
4854.0 5.0288351e-16 1e-20
4855.5 5.0295826e-16 1e-20
4857.0 5.3365998e-16 1e-20
4858.5 5.2831949e-16 1e-20
4860.0 5.3704493e-16 1e-20
4861.5 5.3652502e-16 1e-20
4863.0 5.6437795e-16 1e-20
4864.5 5.6319417e-16 1e-20
4866.0 5.3297235e-16 1e-20
4867.5 5.1425456e-16 1e-20
4869.0 5.0950805e-16 1e-20
4870.5 5.2114771e-16 1e-20
4872.0 5.0384214e-16 1e-20
4873.5 5.0332222e-16 1e-20
4875.0 5.3667658e-16 1e-20
4876.5 5.5442219e-16 1e-20
4878.0 5.6024305e-16 1e-20
4879.5 5.5468514e-16 1e-20
4881.0 5.2401344e-16 1e-20
4882.5 5.5740676e-16 1e-20
4884.0 5.5214155e-16 1e-20
4885.5 5.0943145e-16 1e-20
4887.0 5.2491188e-16 1e-20
4888.5 5.6927242e-16 1e-20
4890.0 5.5891252e-16 1e-20
4891.5 5.5503247e-16 1e-20
4893.0 5.2652743e-16 1e-20
4894.5 5.0600732e-16 1e-20
4896.0 5.4669576e-16 1e-20
4897.5 5.4554009e-16 1e-20
4899.0 5.1510911e-16 1e-20
4900.5 5.0014024e-16 1e-20
4902.0 4.6649392e-16 1e-20
4903.5 4.498952e-16 1e-20
4905.0 4.7640145e-16 1e-20
4906.5 4.5318555e-16 1e-20
4908.0 4.8108454e-16 1e-20
4909.5 4.5485352e-16 1e-20
4911.0 4.5216567e-16 1e-20
4912.5 4.0392992e-16 1e-20
4914.0 4.3048059e-16 1e-20
4915.5 4.6533513e-16 1e-20
4917.0 4.7539883e-16 1e-20
4918.5 4.5877639e-16 1e-20
4920.0 4.2365581e-16 1e-20
4921.5 4.1409289e-16 1e-20
4923.0 4.1475283e-16 1e-20
4924.5 4.318693e-16 1e-20
4926.0 4.3805868e-16 1e-20
4927.5 4.5323012e-16 1e-20
4929.0 4.5256896e-16 1e-20
4930.5 4.2237616e-16 1e-20
4932.0 4.2478202e-16 1e-20
4933.5 3.9014023e-16 1e-20
4935.0 4.4299273e-16 1e-20
4936.5 4.4322333e-16 1e-20
4938.0 4.2168609e-16 1e-20
4939.5 4.1249096e-16 1e-20
4941.0 4.0034544e-16 1e-20
4942.5 3.9554186e-16 1e-20
4944.0 3.8792073e-16 1e-20
4945.5 3.9048547e-16 1e-20
4947.0 3.9381553e-16 1e-20
4948.5 3.8032846e-16 1e-20
4950.0 3.8966734e-16 1e-20
4951.5 3.6212183e-16 1e-20
4953.0 3.6131371e-16 1e-20
4954.5 3.6699743e-16 1e-20
4956.0 3.8929719e-16 1e-20
4957.5 3.7390835e-16 1e-20
4959.0 3.5563639e-16 1e-20
4960.5 3.7673013e-16 1e-20
4962.0 4.0304064e-16 1e-20
4963.5 4.0282891e-16 1e-20
4965.0 4.2636219e-16 1e-20
4966.5 4.1370757e-16 1e-20
4968.0 3.6549866e-16 1e-20
4969.5 3.6935854e-16 1e-20
4971.0 3.8222388e-16 1e-20
4972.5 3.7903298e-16 1e-20
4974.0 4.0397892e-16 1e-20
4975.5 4.3561607e-16 1e-20
4977.0 4.5170017e-16 1e-20
4978.5 4.6673384e-16 1e-20
4980.0 4.1023746e-16 1e-20
4981.5 3.8377144e-16 1e-20
4983.0 4.048426e-16 1e-20
4984.5 4.0420232e-16 1e-20
4986.0 4.047747e-16 1e-20
4987.5 4.1498545e-16 1e-20
4989.0 4.2247634e-16 1e-20
4990.5 3.7492214e-16 1e-20
4992.0 3.841106e-16 1e-20
4993.5 4.2322192e-16 1e-20
4995.0 4.1702026e-16 1e-20
4996.5 4.2985427e-16 1e-20
4998.0 4.395668e-16 1e-20
4999.5 4.3137154e-16 1e-20
5001.0 4.2043836e-16 1e-20
5002.5 4.1608103e-16 1e-20
5004.0 4.331091e-16 1e-20
5005.5 4.3599597e-16 1e-20
5007.0 4.2336885e-16 1e-20
5008.5 4.3305695e-16 1e-20
5010.0 4.2527875e-16 1e-20
5011.5 4.0558547e-16 1e-20
5013.0 3.9232057e-16 1e-20
5014.5 4.1011339e-16 1e-20
5016.0 4.2078755e-16 1e-20
5017.5 4.0889825e-16 1e-20
5019.0 4.0458518e-16 1e-20
5020.5 4.3106764e-16 1e-20
5022.0 4.4610303e-16 1e-20
5023.5 4.3968697e-16 1e-20
5025.0 4.4366299e-16 1e-20
5026.5 4.3341321e-16 1e-20
5028.0 4.5751008e-16 1e-20
5029.5 4.5734178e-16 1e-20
5031.0 4.308198e-16 1e-20
5032.5 4.2264466e-16 1e-20
5034.0 4.0898488e-16 1e-20
5035.5 4.1148839e-16 1e-20
5037.0 4.4914361e-16 1e-20
5038.5 4.5758377e-16 1e-20
5040.0 4.4912016e-16 1e-20
5041.5 4.2368294e-16 1e-20
5043.0 4.4038659e-16 1e-20
5044.5 4.5879492e-16 1e-20
5046.0 4.3309298e-16 1e-20
5047.5 4.1803572e-16 1e-20
5049.0 4.1812074e-16 1e-20
5050.5 4.4478055e-16 1e-20
5052.0 4.7370736e-16 1e-20
5053.5 4.5042803e-16 1e-20
5055.0 4.0410033e-16 1e-20
5056.5 4.2333047e-16 1e-20
5058.0 4.3935083e-16 1e-20
5059.5 4.2628842e-16 1e-20
5061.0 4.3520714e-16 1e-20
5062.5 4.1979337e-16 1e-20
5064.0 4.4511391e-16 1e-20
5065.5 4.2775066e-16 1e-20
5067.0 4.5474711e-16 1e-20
5068.5 4.4837747e-16 1e-20
5070.0 4.3798732e-16 1e-20
5071.5 4.3422053e-16 1e-20
5073.0 4.542752e-16 1e-20
5074.5 4.8358662e-16 1e-20
5076.0 4.3425272e-16 1e-20
5077.5 4.2378885e-16 1e-20
5079.0 4.3716585e-16 1e-20
5080.5 4.47699e-16 1e-20
5082.0 4.415786e-16 1e-20
5083.5 4.42307e-16 1e-20
5085.0 4.77807e-16 1e-20
5086.5 4.7395681e-16 1e-20
5088.0 4.4907553e-16 1e-20
5089.5 4.4017425e-16 1e-20
5091.0 4.5473811e-16 1e-20
5092.5 4.7068075e-16 1e-20
5094.0 4.6202598e-16 1e-20
5095.5 4.3833402e-16 1e-20
5097.0 4.4037537e-16 1e-20
5098.5 4.1905534e-16 1e-20
5100.0 4.3832216e-16 1e-20
5101.5 4.6806638e-16 1e-20
5103.0 4.4939455e-16 1e-20
5104.5 4.2135228e-16 1e-20
5106.0 4.5064249e-16 1e-20
5107.5 4.4155073e-16 1e-20
5109.0 4.6455681e-16 1e-20
5110.5 4.5668385e-16 1e-20
5112.0 4.5027668e-16 1e-20
5113.5 4.8283901e-16 1e-20
5115.0 4.2823405e-16 1e-20
5116.5 4.1262376e-16 1e-20
5118.0 4.6435797e-16 1e-20
5119.5 4.8369149e-16 1e-20
5121.0 4.3861944e-16 1e-20
5122.5 4.0050958e-16 1e-20
5124.0 4.3644903e-16 1e-20
5125.5 4.4752848e-16 1e-20
5127.0 4.7088054e-16 1e-20
5128.5 4.7311417e-16 1e-20
5130.0 4.3030732e-16 1e-20
5131.5 4.4324218e-16 1e-20
5133.0 4.4916717e-16 1e-20
5134.5 4.6509044e-16 1e-20
5136.0 4.3783167e-16 1e-20
5137.5 4.5134759e-16 1e-20
5139.0 5.0175034e-16 1e-20
5140.5 4.9286126e-16 1e-20
5142.0 4.6808587e-16 1e-20
5143.5 4.7271839e-16 1e-20
5145.0 4.7551863e-16 1e-20
5146.5 5.1365671e-16 1e-20
5148.0 4.9704492e-16 1e-20
5149.5 4.520068e-16 1e-20
5151.0 4.5261354e-16 1e-20
5152.5 4.8115638e-16 1e-20
5154.0 5.010518e-16 1e-20
5155.5 4.8664023e-16 1e-20
5157.0 4.4816767e-16 1e-20
5158.5 4.9297238e-16 1e-20
5160.0 4.9737621e-16 1e-20
5161.5 4.590332e-16 1e-20
5163.0 4.8458093e-16 1e-20
5164.5 4.9110526e-16 1e-20
5166.0 4.9130219e-16 1e-20
5167.5 4.6720326e-16 1e-20
5169.0 4.7414157e-16 1e-20
5170.5 4.8379684e-16 1e-20
5172.0 4.9638037e-16 1e-20
5173.5 5.2460117e-16 1e-20
5175.0 4.9662876e-16 1e-20
5176.5 5.0083745e-16 1e-20
5178.0 4.6805114e-16 1e-20
5179.5 5.0079526e-16 1e-20
5181.0 5.0261347e-16 1e-20
5182.5 4.812963e-16 1e-20
5184.0 4.9810249e-16 1e-20
5185.5 4.7356008e-16 1e-20
5187.0 4.8474039e-16 1e-20
5188.5 5.1394831e-16 1e-20
5190.0 5.4079311e-16 1e-20
5191.5 4.9421244e-16 1e-20
5193.0 4.8178387e-16 1e-20
5194.5 5.2003418e-16 1e-20
5196.0 4.8460423e-16 1e-20
5197.5 5.1379362e-16 1e-20
5199.0 5.2000554e-16 1e-20
5200.5 4.9002566e-16 1e-20
5202.0 5.0184786e-16 1e-20
5203.5 5.178473e-16 1e-20
5205.0 4.8796118e-16 1e-20
5206.5 4.7749513e-16 1e-20
5208.0 4.8055377e-16 1e-20
5209.5 5.0133778e-16 1e-20
5211.0 5.1074239e-16 1e-20
5212.5 4.902587e-16 1e-20
5214.0 4.8240734e-16 1e-20
5215.5 4.5737445e-16 1e-20
5217.0 5.0555738e-16 1e-20
5218.5 5.2938421e-16 1e-20
5220.0 5.1404815e-16 1e-20
5221.5 4.661037e-16 1e-20
5223.0 4.6851891e-16 1e-20
5224.5 4.8686406e-16 1e-20
5226.0 4.6352888e-16 1e-20
5227.5 4.7522847e-16 1e-20
5229.0 4.9929315e-16 1e-20
5230.5 4.7876414e-16 1e-20
5232.0 4.4403164e-16 1e-20
5233.5 4.2819617e-16 1e-20
5235.0 4.2458966e-16 1e-20
5236.5 4.3717673e-16 1e-20
5238.0 4.4555172e-16 1e-20
5239.5 4.7295435e-16 1e-20
5241.0 4.8824414e-16 1e-20
5242.5 4.6976156e-16 1e-20
5244.0 4.4779355e-16 1e-20
5245.5 4.6452833e-16 1e-20
5247.0 4.6660292e-16 1e-20
5248.5 4.5248198e-16 1e-20
5250.0 4.4157172e-16 1e-20
5251.5 4.576383e-16 1e-20
5253.0 4.635626e-16 1e-20
5254.5 4.6081811e-16 1e-20
5256.0 4.3870878e-16 1e-20
5257.5 4.3184511e-16 1e-20
5259.0 4.6750215e-16 1e-20
5260.5 4.7218741e-16 1e-20
5262.0 4.8733723e-16 1e-20
5263.5 4.8234969e-16 1e-20
5265.0 4.7980954e-16 1e-20
5266.5 4.6981958e-16 1e-20
5268.0 4.6559924e-16 1e-20
5269.5 4.5757307e-16 1e-20
5271.0 5.0459351e-16 1e-20
5272.5 4.8135718e-16 1e-20
5274.0 4.9111463e-16 1e-20
5275.5 5.0891878e-16 1e-20
5277.0 4.5620946e-16 1e-20
5278.5 4.5629416e-16 1e-20
5280.0 4.755073e-16 1e-20
5281.5 4.508768e-16 1e-20
5283.0 4.5773761e-16 1e-20
5284.5 4.7881915e-16 1e-20
5286.0 4.6672225e-16 1e-20
5287.5 4.7959408e-16 1e-20
5289.0 4.6668355e-16 1e-20
5290.5 4.950069e-16 1e-20
5292.0 5.0725479e-16 1e-20
5293.5 5.1728397e-16 1e-20
5295.0 5.0265656e-16 1e-20
5296.5 4.6651319e-16 1e-20
5298.0 4.5328751e-16 1e-20
5299.5 4.6279493e-16 1e-20
5301.0 4.5776911e-16 1e-20
5302.5 4.6743603e-16 1e-20
5304.0 4.7759937e-16 1e-20
5305.5 4.7550656e-16 1e-20
5307.0 4.784248e-16 1e-20
5308.5 4.3091536e-16 1e-20
5310.0 4.3029046e-16 1e-20
5311.5 4.7935172e-16 1e-20
5313.0 4.4628594e-16 1e-20
5314.5 4.1260613e-16 1e-20
5316.0 4.3636027e-16 1e-20
5317.5 4.4494958e-16 1e-20
5319.0 4.286609e-16 1e-20
5320.5 3.9785325e-16 1e-20
5322.0 4.1236573e-16 1e-20
5323.5 3.9982909e-16 1e-20
5325.0 3.9823823e-16 1e-20
5326.5 4.3271268e-16 1e-20
5328.0 4.4722699e-16 1e-20
5329.5 4.1083128e-16 1e-20
5331.0 3.8222574e-16 1e-20
5332.5 3.7976354e-16 1e-20
5334.0 4.0198519e-16 1e-20
5335.5 3.9237282e-16 1e-20
5337.0 3.6479946e-16 1e-20
5338.5 3.6635959e-16 1e-20
5340.0 3.8719062e-16 1e-20
5341.5 3.7656155e-16 1e-20
5343.0 3.7629852e-16 1e-20
5344.5 3.5869103e-16 1e-20
5346.0 3.7229393e-16 1e-20
5347.5 3.9346483e-16 1e-20
5349.0 3.6028025e-16 1e-20
5350.5 3.3801792e-16 1e-20
5352.0 3.4604538e-16 1e-20
5353.5 3.5980003e-16 1e-20
5355.0 3.5691605e-16 1e-20
5356.5 3.412313e-16 1e-20
5358.0 3.5453289e-16 1e-20
5359.5 3.7352194e-16 1e-20
5361.0 3.442614e-16 1e-20
5362.5 3.3793981e-16 1e-20
5364.0 3.5748316e-16 1e-20
5365.5 3.5300815e-16 1e-20
5367.0 3.5609546e-16 1e-20
5368.5 3.4954405e-16 1e-20
5370.0 3.2280378e-16 1e-20
5371.5 3.2261235e-16 1e-20
5373.0 3.3971998e-16 1e-20
5374.5 3.388636e-16 1e-20
5376.0 3.2582136e-16 1e-20
5377.5 3.4803872e-16 1e-20
5379.0 3.5721156e-16 1e-20
5380.5 3.3396407e-16 1e-20
5382.0 3.4862748e-16 1e-20
5383.5 3.4152249e-16 1e-20
5385.0 3.3564289e-16 1e-20
5386.5 3.5957817e-16 1e-20
5388.0 3.6473212e-16 1e-20
5389.5 3.7319729e-16 1e-20
5391.0 3.5791663e-16 1e-20
5392.5 3.3118178e-16 1e-20
5394.0 3.4486526e-16 1e-20
5395.5 3.4578746e-16 1e-20
5397.0 3.437477e-16 1e-20
5398.5 3.3457584e-16 1e-20
5400.0 3.2505188e-16 1e-20
5401.5 3.4955027e-16 1e-20
5403.0 3.5015813e-16 1e-20
5404.5 3.1738552e-16 1e-20
5406.0 3.504309e-16 1e-20
5407.5 3.6670108e-16 1e-20
5409.0 3.1975848e-16 1e-20
5410.5 3.2255226e-16 1e-20
5412.0 3.2991047e-16 1e-20
5413.5 3.6193771e-16 1e-20
5415.0 3.6419367e-16 1e-20
5416.5 3.183307e-16 1e-20
5418.0 3.1394368e-16 1e-20
5419.5 3.6754607e-16 1e-20
5421.0 3.8635986e-16 1e-20
5422.5 3.7008778e-16 1e-20
5424.0 3.5538736e-16 1e-20
5425.5 3.4011015e-16 1e-20
5427.0 3.6356166e-16 1e-20
5428.5 3.6511771e-16 1e-20
5430.0 3.7057355e-16 1e-20
5431.5 3.721354e-16 1e-20
5433.0 3.65928e-16 1e-20
5434.5 3.7396179e-16 1e-20
5436.0 3.8307976e-16 1e-20
5437.5 3.7550141e-16 1e-20
5439.0 3.5720081e-16 1e-20
5440.5 3.432609e-16 1e-20
5442.0 3.4505322e-16 1e-20
5443.5 3.5341065e-16 1e-20
5445.0 3.4059457e-16 1e-20
5446.5 3.3074241e-16 1e-20
5448.0 3.6188244e-16 1e-20
5449.5 3.6391058e-16 1e-20
5451.0 3.4646903e-16 1e-20
5452.5 3.5520443e-16 1e-20
5454.0 3.5499437e-16 1e-20
5455.5 3.6473734e-16 1e-20
5457.0 4.0481235e-16 1e-20
5458.5 3.9614704e-16 1e-20
5460.0 3.463396e-16 1e-20
5461.5 3.268302e-16 1e-20
5463.0 3.6393522e-16 1e-20
5464.5 4.0070958e-16 1e-20
5466.0 4.0699867e-16 1e-20
5467.5 3.8544978e-16 1e-20
5469.0 3.4724179e-16 1e-20
5470.5 3.5218627e-16 1e-20
5472.0 3.4975809e-16 1e-20
5473.5 3.6784166e-16 1e-20
5475.0 3.5847604e-16 1e-20
5476.5 3.3726946e-16 1e-20
5478.0 3.4299829e-16 1e-20
5479.5 3.5453078e-16 1e-20
5481.0 3.6184268e-16 1e-20
5482.5 3.6417117e-16 1e-20
5484.0 3.5796531e-16 1e-20
5485.5 3.8491806e-16 1e-20
5487.0 3.6783687e-16 1e-20
5488.5 3.3257899e-16 1e-20
5490.0 3.5456164e-16 1e-20
5491.5 3.6334571e-16 1e-20
5493.0 3.1971105e-16 1e-20
5494.5 3.2506515e-16 1e-20
5496.0 3.0615259e-16 1e-20
5497.5 3.2190251e-16 1e-20
5499.0 3.4646909e-16 1e-20
5500.5 3.5878349e-16 1e-20
5502.0 3.4398797e-16 1e-20
5503.5 3.1598172e-16 1e-20
5505.0 3.3129161e-16 1e-20
5506.5 3.3778388e-16 1e-20
5508.0 3.2069168e-16 1e-20
5509.5 3.2168959e-16 1e-20
5511.0 3.2869736e-16 1e-20
5512.5 3.3630522e-16 1e-20
5514.0 3.1157723e-16 1e-20
5515.5 2.8830421e-16 1e-20
5517.0 3.0194406e-16 1e-20
5518.5 3.1853375e-16 1e-20
5520.0 3.1927888e-16 1e-20
5521.5 3.1128101e-16 1e-20
5523.0 3.0832926e-16 1e-20
5524.5 3.1446395e-16 1e-20
5526.0 3.3139849e-16 1e-20
5527.5 3.2049805e-16 1e-20
5529.0 3.2326295e-16 1e-20
5530.5 3.0477905e-16 1e-20
5532.0 2.9380825e-16 1e-20
5533.5 2.9995795e-16 1e-20
5535.0 3.2746868e-16 1e-20
5536.5 2.8459441e-16 1e-20
5538.0 2.6532942e-16 1e-20
5539.5 2.8199154e-16 1e-20
5541.0 3.098099e-16 1e-20
5542.5 2.9666437e-16 1e-20
5544.0 3.0454839e-16 1e-20
5545.5 2.9267572e-16 1e-20
5547.0 2.7383336e-16 1e-20
5548.5 2.7832806e-16 1e-20
5550.0 3.3850216e-16 1e-20
5551.5 3.1657719e-16 1e-20
5553.0 2.691521e-16 1e-20
5554.5 2.9427627e-16 1e-20
5556.0 2.9442346e-16 1e-20
5557.5 2.8488214e-16 1e-20
5559.0 2.9348789e-16 1e-20
5560.5 2.8985735e-16 1e-20
5562.0 2.8559442e-16 1e-20
5563.5 3.2264081e-16 1e-20
5565.0 3.1668831e-16 1e-20
5566.5 3.2138055e-16 1e-20
5568.0 2.9170017e-16 1e-20
5569.5 3.0328531e-16 1e-20
5571.0 3.5060361e-16 1e-20
5572.5 3.4708565e-16 1e-20
5574.0 2.9929028e-16 1e-20
5575.5 3.1908504e-16 1e-20
5577.0 3.7760025e-16 1e-20
5578.5 3.4396385e-16 1e-20
5580.0 2.681971e-16 1e-20
5581.5 3.4480342e-16 1e-20
5583.0 3.3363079e-16 1e-20
5584.5 3.0552695e-16 1e-20
5586.0 3.1975155e-16 1e-20
5587.5 3.3178008e-16 1e-20
5589.0 3.4943566e-16 1e-20
5590.5 3.5304458e-16 1e-20
5592.0 3.6342626e-16 1e-20
5593.5 3.3613772e-16 1e-20
5595.0 3.1886219e-16 1e-20
5596.5 3.530778e-16 1e-20
5598.0 3.6955515e-16 1e-20
5599.5 3.7635138e-16 1e-20
5601.0 3.8443101e-16 1e-20
5602.5 3.6800397e-16 1e-20
5604.0 3.4772706e-16 1e-20
5605.5 3.5386421e-16 1e-20
5607.0 3.6209091e-16 1e-20
5608.5 3.5907778e-16 1e-20
5610.0 3.7264111e-16 1e-20
5611.5 3.8840304e-16 1e-20
5613.0 3.7194985e-16 1e-20
5614.5 3.4585777e-16 1e-20
5616.0 3.7228628e-16 1e-20
5617.5 3.7561478e-16 1e-20
5619.0 3.4852629e-16 1e-20
5620.5 3.8285468e-16 1e-20
5622.0 3.661333e-16 1e-20
5623.5 3.5075772e-16 1e-20
5625.0 3.7804788e-16 1e-20
5626.5 3.8386406e-16 1e-20
5628.0 3.6100692e-16 1e-20
5629.5 3.5263837e-16 1e-20
5631.0 3.5932967e-16 1e-20
5632.5 3.5228264e-16 1e-20
5634.0 3.3727899e-16 1e-20
5635.5 3.4766523e-16 1e-20
5637.0 3.6587085e-16 1e-20
5638.5 3.6056813e-16 1e-20
5640.0 3.5177599e-16 1e-20
5641.5 3.4872571e-16 1e-20
5643.0 3.4619515e-16 1e-20
5644.5 3.6482789e-16 1e-20
5646.0 3.530851e-16 1e-20
5647.5 3.373161e-16 1e-20
5649.0 3.3644816e-16 1e-20
5650.5 3.2815311e-16 1e-20
5652.0 3.1408763e-16 1e-20
5653.5 3.4034361e-16 1e-20
5655.0 3.6963237e-16 1e-20
5656.5 3.9035257e-16 1e-20
5658.0 3.897846e-16 1e-20
5659.5 3.5547974e-16 1e-20
5661.0 3.5815324e-16 1e-20
5662.5 3.6120632e-16 1e-20
5664.0 3.7327823e-16 1e-20
5665.5 3.6533312e-16 1e-20
5667.0 3.3465793e-16 1e-20
5668.5 3.5572544e-16 1e-20
5670.0 3.6384843e-16 1e-20
5671.5 3.3877723e-16 1e-20
5673.0 3.671544e-16 1e-20
5674.5 3.9343971e-16 1e-20
5676.0 3.6181796e-16 1e-20
5677.5 3.7593765e-16 1e-20
5679.0 3.8699853e-16 1e-20
5680.5 3.8635097e-16 1e-20
5682.0 3.8138662e-16 1e-20
5683.5 3.7371904e-16 1e-20
5685.0 3.4987786e-16 1e-20
5686.5 3.8038325e-16 1e-20
5688.0 4.3465414e-16 1e-20
5689.5 3.9619363e-16 1e-20
5691.0 3.6469427e-16 1e-20
5692.5 3.9456581e-16 1e-20
5694.0 4.1757028e-16 1e-20
5695.5 3.6218202e-16 1e-20
5697.0 3.3351126e-16 1e-20
5698.5 3.8155949e-16 1e-20
5700.0 3.6109997e-16 1e-20
5701.5 3.8433453e-16 1e-20
5703.0 3.885095e-16 1e-20
5704.5 3.5733295e-16 1e-20
5706.0 3.810028e-16 1e-20
5707.5 3.6629715e-16 1e-20
5709.0 3.7481933e-16 1e-20
5710.5 3.5677364e-16 1e-20
5712.0 3.8471516e-16 1e-20
5713.5 4.0775552e-16 1e-20
5715.0 3.9801869e-16 1e-20
5716.5 3.993921e-16 1e-20
5718.0 3.7742785e-16 1e-20
5719.5 3.6532957e-16 1e-20
5721.0 3.9054791e-16 1e-20
5722.5 3.7163451e-16 1e-20
5724.0 3.6479319e-16 1e-20
5725.5 3.8457736e-16 1e-20
5727.0 3.7834582e-16 1e-20
5728.5 3.7981254e-16 1e-20
5730.0 3.6283416e-16 1e-20
5731.5 3.4638324e-16 1e-20
5733.0 3.8239138e-16 1e-20
5734.5 4.2228984e-16 1e-20
5736.0 4.1360704e-16 1e-20
5737.5 3.8925142e-16 1e-20
5739.0 4.0002176e-16 1e-20
5740.5 3.8950596e-16 1e-20
5742.0 3.8431343e-16 1e-20
5743.5 3.7962188e-16 1e-20
5745.0 3.6641486e-16 1e-20
5746.5 3.9692509e-16 1e-20
5748.0 4.213401e-16 1e-20
5749.5 3.9319852e-16 1e-20
5751.0 3.7478434e-16 1e-20
5752.5 3.4210507e-16 1e-20
5754.0 3.7856735e-16 1e-20
5755.5 4.2432711e-16 1e-20
5757.0 4.0045788e-16 1e-20
5758.5 3.6746603e-16 1e-20
5760.0 3.6959999e-16 1e-20
5761.5 4.0438065e-16 1e-20
5763.0 3.9744395e-16 1e-20
5764.5 3.9780683e-16 1e-20
5766.0 3.8040173e-16 1e-20
5767.5 4.3522207e-16 1e-20
5769.0 3.9132745e-16 1e-20
5770.5 4.0008892e-16 1e-20
5772.0 3.8448482e-16 1e-20
5773.5 3.657853e-16 1e-20
5775.0 4.2971715e-16 1e-20
5776.5 3.7535865e-16 1e-20
5778.0 3.9740949e-16 1e-20
5779.5 3.8861517e-16 1e-20
5781.0 3.8238887e-16 1e-20
5782.5 3.6716231e-16 1e-20
5784.0 3.4981582e-16 1e-20
5785.5 3.6896017e-16 1e-20
5787.0 4.0754958e-16 1e-20
5788.5 3.8240634e-16 1e-20
5790.0 3.7605468e-16 1e-20
5791.5 4.1050959e-16 1e-20
5793.0 3.8615179e-16 1e-20
5794.5 3.4853807e-16 1e-20
5796.0 3.5397155e-16 1e-20
5797.5 3.7056797e-16 1e-20
5799.0 3.6786114e-16 1e-20
5800.5 3.7696563e-16 1e-20
5802.0 3.6301542e-16 1e-20
5803.5 3.7630325e-16 1e-20
5805.0 4.1296419e-16 1e-20
5806.5 4.10607e-16 1e-20
5808.0 4.0787463e-16 1e-20
5809.5 4.1033217e-16 1e-20
5811.0 3.9607816e-16 1e-20
5812.5 3.9292577e-16 1e-20
5814.0 3.9226893e-16 1e-20
5815.5 3.6354151e-16 1e-20
5817.0 3.7308225e-16 1e-20
5818.5 3.4697889e-16 1e-20
5820.0 3.6585351e-16 1e-20
5821.5 3.6634871e-16 1e-20
5823.0 3.8469523e-16 1e-20
5824.5 3.9726099e-16 1e-20
5826.0 3.4329838e-16 1e-20
5827.5 3.7062752e-16 1e-20
5829.0 3.6122355e-16 1e-20
5830.5 3.2986674e-16 1e-20
5832.0 3.4542544e-16 1e-20
5833.5 3.52561e-16 1e-20
5835.0 3.3141668e-16 1e-20
5836.5 3.2227483e-16 1e-20
5838.0 3.6950687e-16 1e-20
5839.5 3.6438201e-16 1e-20
5841.0 3.3123888e-16 1e-20
5842.5 4.0436109e-16 1e-20
5844.0 3.5412611e-16 1e-20
5845.5 3.5259785e-16 1e-20
5847.0 3.4901725e-16 1e-20
5848.5 3.0863715e-16 1e-20
5850.0 3.3987652e-16 1e-20
5851.5 3.5659886e-16 1e-20
5853.0 3.4628422e-16 1e-20
5854.5 2.969846e-16 1e-20
5856.0 2.936132e-16 1e-20
5857.5 2.9704146e-16 1e-20
5859.0 3.4440611e-16 1e-20
5860.5 3.3734887e-16 1e-20
5862.0 3.4117955e-16 1e-20
5863.5 3.4787286e-16 1e-20
5865.0 3.1101665e-16 1e-20
5866.5 3.0971368e-16 1e-20
5868.0 3.5858491e-16 1e-20
5869.5 3.4691338e-16 1e-20
5871.0 3.5452784e-16 1e-20
5872.5 3.5690731e-16 1e-20
5874.0 3.6729151e-16 1e-20
5875.5 3.6658562e-16 1e-20
5877.0 3.2375857e-16 1e-20
5878.5 3.0583207e-16 1e-20
5880.0 3.2043169e-16 1e-20
5881.5 3.197169e-16 1e-20
5883.0 3.0540863e-16 1e-20
5884.5 3.1147781e-16 1e-20
5886.0 3.0674737e-16 1e-20
5887.5 2.9749634e-16 1e-20
5889.0 3.1702135e-16 1e-20
5890.5 3.1128514e-16 1e-20
5892.0 2.9365174e-16 1e-20
5893.5 2.9062894e-16 1e-20
5895.0 3.088258e-16 1e-20
5896.5 2.9686715e-16 1e-20
5898.0 2.7813108e-16 1e-20
5899.5 3.1776301e-16 1e-20
5901.0 3.5107297e-16 1e-20
5902.5 3.2984813e-16 1e-20
5904.0 3.4985873e-16 1e-20
5905.5 3.5416052e-16 1e-20
5907.0 3.2673954e-16 1e-20
5908.5 3.3878864e-16 1e-20
5910.0 3.537955e-16 1e-20
5911.5 3.6404161e-16 1e-20
5913.0 3.3595619e-16 1e-20
5914.5 3.1689522e-16 1e-20
5916.0 3.2644959e-16 1e-20
5917.5 3.3662945e-16 1e-20
5919.0 3.2696501e-16 1e-20
5920.5 3.2448263e-16 1e-20
5922.0 3.8086402e-16 1e-20
5923.5 3.9663197e-16 1e-20
5925.0 3.8909237e-16 1e-20
5926.5 3.5490013e-16 1e-20
5928.0 3.2154292e-16 1e-20
5929.5 3.318894e-16 1e-20
5931.0 3.3670764e-16 1e-20
5932.5 3.3658061e-16 1e-20
5934.0 3.5022779e-16 1e-20
5935.5 3.3248854e-16 1e-20
5937.0 3.1390866e-16 1e-20
5938.5 3.1680673e-16 1e-20
5940.0 2.8712456e-16 1e-20
5941.5 3.1820047e-16 1e-20
5943.0 3.7622506e-16 1e-20
5944.5 3.673124e-16 1e-20
5946.0 3.382174e-16 1e-20
5947.5 3.4057525e-16 1e-20
5949.0 3.6245289e-16 1e-20
5950.5 3.6573411e-16 1e-20
5952.0 3.5477888e-16 1e-20
5953.5 3.7137892e-16 1e-20
5955.0 3.6070173e-16 1e-20
5956.5 3.3724659e-16 1e-20
5958.0 3.5469073e-16 1e-20
5959.5 3.3859017e-16 1e-20
5961.0 3.2422055e-16 1e-20
5962.5 3.5693013e-16 1e-20
5964.0 3.5574632e-16 1e-20
5965.5 3.3333147e-16 1e-20
5967.0 3.5912005e-16 1e-20
5968.5 3.5678621e-16 1e-20
5970.0 3.4079357e-16 1e-20
5971.5 3.4589366e-16 1e-20
5973.0 3.1771248e-16 1e-20
5974.5 3.234232e-16 1e-20
5976.0 3.4072247e-16 1e-20
5977.5 3.6278281e-16 1e-20
5979.0 3.2497311e-16 1e-20
5980.5 3.2302493e-16 1e-20
5982.0 3.4458288e-16 1e-20
5983.5 3.3191039e-16 1e-20
5985.0 3.4026836e-16 1e-20
5986.5 3.493774e-16 1e-20
5988.0 3.7154412e-16 1e-20
5989.5 3.6038483e-16 1e-20
5991.0 3.4613787e-16 1e-20
5992.5 3.7587045e-16 1e-20
5994.0 3.7025406e-16 1e-20
5995.5 3.4748261e-16 1e-20
5997.0 3.5814988e-16 1e-20
5998.5 3.6686043e-16 1e-20
6000.0 3.2204455e-16 1e-20
6001.5 3.2921645e-16 1e-20
6003.0 3.6130447e-16 1e-20
6004.5 3.6118258e-16 1e-20
6006.0 3.4618721e-16 1e-20
6007.5 3.3463241e-16 1e-20
6009.0 3.7239833e-16 1e-20
6010.5 3.6451573e-16 1e-20
6012.0 3.1628864e-16 1e-20
6013.5 3.4204736e-16 1e-20
6015.0 3.8011199e-16 1e-20
6016.5 3.4574739e-16 1e-20
6018.0 3.6157518e-16 1e-20
6019.5 3.7500679e-16 1e-20
6021.0 3.405452e-16 1e-20
6022.5 3.355322e-16 1e-20
6024.0 3.8179237e-16 1e-20
6025.5 3.7772267e-16 1e-20
6027.0 3.5896817e-16 1e-20
6028.5 3.3834935e-16 1e-20
6030.0 3.4727348e-16 1e-20
6031.5 3.4585523e-16 1e-20
6033.0 3.2539692e-16 1e-20
6034.5 3.3506053e-16 1e-20
6036.0 3.3361353e-16 1e-20
6037.5 3.1338435e-16 1e-20
6039.0 3.2611428e-16 1e-20
6040.5 3.1931705e-16 1e-20
6042.0 3.7138234e-16 1e-20
6043.5 3.7952539e-16 1e-20
6045.0 3.5153013e-16 1e-20
6046.5 3.6111871e-16 1e-20
6048.0 3.6592787e-16 1e-20
6049.5 3.3185581e-16 1e-20
6051.0 3.7961441e-16 1e-20
6052.5 3.7930342e-16 1e-20
6054.0 3.2621272e-16 1e-20
6055.5 3.6003739e-16 1e-20
6057.0 3.367574e-16 1e-20
6058.5 3.2607102e-16 1e-20
6060.0 3.1538464e-16 1e-20
6061.5 3.1538464e-16 1e-20
6063.0 3.2807227e-16 1e-20
6064.5 3.1760983e-16 1e-20
6066.0 3.03468e-16 1e-20
6067.5 3.2365751e-16 1e-20
6069.0 3.5183605e-16 1e-20
6070.5 3.2556553e-16 1e-20
6072.0 3.5044334e-16 1e-20
6073.5 3.4988832e-16 1e-20
6075.0 3.4375734e-16 1e-20
6076.5 3.3067245e-16 1e-20
6078.0 3.2715729e-16 1e-20
6079.5 3.1379243e-16 1e-20
6081.0 3.2955008e-16 1e-20
6082.5 3.2722225e-16 1e-20
6084.0 3.1780329e-16 1e-20
6085.5 3.5011604e-16 1e-20
6087.0 3.676339e-16 1e-20
6088.5 3.1716908e-16 1e-20
6090.0 3.0765179e-16 1e-20
6091.5 3.2328222e-16 1e-20
6093.0 3.2560164e-16 1e-20
6094.5 3.330038e-16 1e-20
6096.0 3.3965224e-16 1e-20
6097.5 3.1207031e-16 1e-20
6099.0 2.8166416e-16 1e-20
6100.5 3.3395084e-16 1e-20
6102.0 3.2573576e-16 1e-20
6103.5 3.0757447e-16 1e-20
6105.0 3.3788131e-16 1e-20
6106.5 3.1106944e-16 1e-20
6108.0 2.917506e-16 1e-20
6109.5 2.6854121e-16 1e-20
6111.0 2.9969791e-16 1e-20
6112.5 3.2372877e-16 1e-20
6114.0 3.2740452e-16 1e-20
6115.5 3.1444949e-16 1e-20
6117.0 2.504578e-16 1e-20
6118.5 2.9991904e-16 1e-20
6120.0 3.427788e-16 1e-20
6121.5 2.5983297e-16 1e-20
6123.0 2.6719689e-16 1e-20
6124.5 3.0680452e-16 1e-20
6126.0 3.2012827e-16 1e-20
6127.5 2.9053593e-16 1e-20
6129.0 2.6275131e-16 1e-20
6130.5 2.9479375e-16 1e-20
6132.0 2.9677456e-16 1e-20
6133.5 2.8579972e-16 1e-20
6135.0 2.9328436e-16 1e-20
6136.5 2.6530761e-16 1e-20
6138.0 2.7153502e-16 1e-20
6139.5 2.9992116e-16 1e-20
6141.0 2.781112e-16 1e-20
6142.5 2.8451741e-16 1e-20
6144.0 3.1208974e-16 1e-20
6145.5 2.9851532e-16 1e-20
6147.0 2.979486e-16 1e-20
6148.5 2.8165685e-16 1e-20
6150.0 2.7881034e-16 1e-20
6151.5 2.9970951e-16 1e-20
6153.0 3.0013432e-16 1e-20
6154.5 2.9697907e-16 1e-20
6156.0 2.3644464e-16 1e-20
6157.5 2.1982587e-16 1e-20
6159.0 2.5495665e-16 1e-20
6160.5 2.7310288e-16 1e-20
6162.0 2.7581979e-16 1e-20
6163.5 2.797024e-16 1e-20
6165.0 2.8475022e-16 1e-20
6166.5 2.7899119e-16 1e-20
6168.0 2.6112991e-16 1e-20
6169.5 2.482859e-16 1e-20
6171.0 2.6539752e-16 1e-20
6172.5 2.6192501e-16 1e-20
6174.0 2.352418e-16 1e-20
6175.5 2.5523376e-16 1e-20
6177.0 2.3879352e-16 1e-20
6178.5 2.1665078e-16 1e-20
6180.0 2.6158058e-16 1e-20
6181.5 2.845986e-16 1e-20
6183.0 2.3840661e-16 1e-20
6184.5 2.3635036e-16 1e-20
6186.0 2.5466448e-16 1e-20
6187.5 2.538724e-16 1e-20
6189.0 2.1782422e-16 1e-20
6190.5 2.1623605e-16 1e-20
6192.0 2.6363069e-16 1e-20
6193.5 2.3502242e-16 1e-20
6195.0 2.0807657e-16 1e-20
6196.5 2.355291e-16 1e-20
6198.0 2.4922613e-16 1e-20
6199.5 2.1219544e-16 1e-20
6201.0 1.8300991e-16 1e-20
6202.5 1.7769863e-16 1e-20
6204.0 1.7208872e-16 1e-20
6205.5 1.9548376e-16 1e-20
6207.0 2.0534286e-16 1e-20
6208.5 1.7811705e-16 1e-20
6210.0 1.7830328e-16 1e-20
6211.5 1.8571428e-16 1e-20
6213.0 1.700236e-16 1e-20
6214.5 1.6805793e-16 1e-20
6216.0 1.7712512e-16 1e-20
6217.5 1.80801e-16 1e-20
6219.0 2.0051814e-16 1e-20
6220.5 2.1293429e-16 1e-20
6222.0 1.7237968e-16 1e-20
6223.5 1.5704068e-16 1e-20
6225.0 1.8404129e-16 1e-20
6226.5 1.7424983e-16 1e-20
6228.0 1.659825e-16 1e-20
6229.5 2.0900253e-16 1e-20
6231.0 2.3048767e-16 1e-20
6232.5 1.9175551e-16 1e-20
6234.0 1.7148841e-16 1e-20
6235.5 1.8712308e-16 1e-20
6237.0 1.5358514e-16 1e-20
6238.5 1.4539789e-16 1e-20
6240.0 1.8216181e-16 1e-20
6241.5 2.0668934e-16 1e-20
6243.0 1.8741205e-16 1e-20
6244.5 1.6091154e-16 1e-20
6246.0 1.7671785e-16 1e-20
6247.5 1.7622252e-16 1e-20
6249.0 1.9184202e-16 1e-20
6250.5 2.0001244e-16 1e-20
6252.0 2.1120571e-16 1e-20
6253.5 1.8388224e-16 1e-20
6255.0 1.7379577e-16 1e-20
6256.5 1.6959265e-16 1e-20
6258.0 1.781038e-16 1e-20
6259.5 1.7430918e-16 1e-20
6261.0 1.9388304e-16 1e-20
6262.5 1.8908479e-16 1e-20
6264.0 1.6653741e-16 1e-20
6265.5 1.7286485e-16 1e-20
6267.0 1.5621727e-16 1e-20
6268.5 1.9239788e-16 1e-20
6270.0 2.058895e-16 1e-20
6271.5 1.7697231e-16 1e-20
6273.0 1.8884811e-16 1e-20
6274.5 2.2031953e-16 1e-20
6276.0 1.8841906e-16 1e-20
6277.5 1.9758247e-16 1e-20
6279.0 2.0937956e-16 1e-20
6280.5 2.0921184e-16 1e-20
6282.0 1.9624159e-16 1e-20
6283.5 1.9066258e-16 1e-20
6285.0 1.6445963e-16 1e-20
6286.5 1.881071e-16 1e-20
6288.0 2.1552338e-16 1e-20
6289.5 2.2732366e-16 1e-20
6291.0 2.3306069e-16 1e-20
6292.5 2.2263705e-16 1e-20
6294.0 2.1776615e-16 1e-20
6295.5 2.3047804e-16 1e-20
6297.0 2.6977986e-16 1e-20
6298.5 2.4304372e-16 1e-20
6300.0 2.2980904e-16 1e-20
6301.5 2.7940118e-16 1e-20
6303.0 2.503331e-16 1e-20
6304.5 2.0550855e-16 1e-20
6306.0 2.2859429e-16 1e-20
6307.5 2.594013e-16 1e-20
6309.0 2.6510681e-16 1e-20
6310.5 2.4726591e-16 1e-20
6312.0 2.3588841e-16 1e-20
6313.5 2.380381e-16 1e-20
6315.0 2.3960797e-16 1e-20
6316.5 2.5476657e-16 1e-20
6318.0 2.6298126e-16 1e-20
6319.5 2.1900024e-16 1e-20
6321.0 2.2529666e-16 1e-20
6322.5 2.6679722e-16 1e-20
6324.0 2.8509986e-16 1e-20
6325.5 2.8801079e-16 1e-20
6327.0 2.7824244e-16 1e-20
6328.5 2.4996411e-16 1e-20
6330.0 2.6631499e-16 1e-20
6331.5 3.0752545e-16 1e-20
6333.0 2.9299624e-16 1e-20
6334.5 2.9423743e-16 1e-20
6336.0 3.0269384e-16 1e-20
6337.5 2.8461043e-16 1e-20
6339.0 2.4780333e-16 1e-20
6340.5 2.8466027e-16 1e-20
6342.0 3.0097352e-16 1e-20
6343.5 2.5009429e-16 1e-20
6345.0 2.6336825e-16 1e-20
6346.5 2.8515287e-16 1e-20
6348.0 2.8695761e-16 1e-20
6349.5 2.9793844e-16 1e-20
6351.0 3.2814141e-16 1e-20
6352.5 3.2389013e-16 1e-20
6354.0 3.1497026e-16 1e-20
6355.5 2.8787201e-16 1e-20
6357.0 2.5081313e-16 1e-20
6358.5 2.9739605e-16 1e-20
6360.0 3.4401849e-16 1e-20
6361.5 3.4346797e-16 1e-20
6363.0 3.2337381e-16 1e-20
6364.5 3.1027129e-16 1e-20
6366.0 2.9101233e-16 1e-20
6367.5 2.7137872e-16 1e-20
6369.0 2.9372395e-16 1e-20
6370.5 3.0826367e-16 1e-20
6372.0 3.141493e-16 1e-20
6373.5 3.2719006e-16 1e-20
6375.0 3.3176314e-16 1e-20
6376.5 3.274186e-16 1e-20
6378.0 2.8239067e-16 1e-20
6379.5 2.9119428e-16 1e-20
6381.0 3.4417572e-16 1e-20
6382.5 3.413331e-16 1e-20
6384.0 3.133151e-16 1e-20
6385.5 3.272844e-16 1e-20
6387.0 3.1826077e-16 1e-20
6388.5 2.9865601e-16 1e-20
6390.0 3.3609518e-16 1e-20
6391.5 3.3567257e-16 1e-20
6393.0 3.3837357e-16 1e-20
6394.5 3.5207059e-16 1e-20
6396.0 3.2725954e-16 1e-20
6397.5 3.151984e-16 1e-20
6399.0 3.0983414e-16 1e-20
6400.5 3.030925e-16 1e-20
6402.0 3.440133e-16 1e-20
6403.5 3.5040369e-16 1e-20
6405.0 3.1641104e-16 1e-20
6406.5 2.8515187e-16 1e-20
6408.0 3.314824e-16 1e-20
6409.5 3.1308919e-16 1e-20
6411.0 3.2346484e-16 1e-20
6412.5 3.3931745e-16 1e-20
6414.0 3.0965825e-16 1e-20
6415.5 3.2109272e-16 1e-20
6417.0 3.3588814e-16 1e-20
6418.5 3.5025114e-16 1e-20
6420.0 3.5256272e-16 1e-20
6421.5 3.314157e-16 1e-20
6423.0 3.6015182e-16 1e-20
6424.5 3.6988206e-16 1e-20
6426.0 3.1278584e-16 1e-20
6427.5 3.2390715e-16 1e-20
6429.0 3.3398951e-16 1e-20
6430.5 3.2552998e-16 1e-20
6432.0 3.2949931e-16 1e-20
6433.5 3.3029491e-16 1e-20
6435.0 3.143799e-16 1e-20
6436.5 3.3095912e-16 1e-20
6438.0 3.478052e-16 1e-20
6439.5 3.13233e-16 1e-20
6441.0 3.0854957e-16 1e-20
6442.5 3.4175114e-16 1e-20
6444.0 3.3574692e-16 1e-20
6445.5 3.0590068e-16 1e-20
6447.0 3.0798163e-16 1e-20
6448.5 3.3446586e-16 1e-20
6450.0 3.4140753e-16 1e-20
6451.5 3.3963755e-16 1e-20
6453.0 3.5204667e-16 1e-20
6454.5 3.3427245e-16 1e-20
6456.0 3.0644895e-16 1e-20
6457.5 3.1037873e-16 1e-20
6459.0 3.0862815e-16 1e-20
6460.5 2.9667504e-16 1e-20
6462.0 3.2527518e-16 1e-20
6463.5 3.3511591e-16 1e-20
6465.0 3.0909e-16 1e-20
6466.5 3.1117269e-16 1e-20
6468.0 3.16645e-16 1e-20
6469.5 3.2030445e-16 1e-20
6471.0 3.1078584e-16 1e-20
6472.5 3.2103287e-16 1e-20
6474.0 2.9423709e-16 1e-20
6475.5 2.8911042e-16 1e-20
6477.0 3.0131995e-16 1e-20
6478.5 3.2204884e-16 1e-20
6480.0 2.9586289e-16 1e-20
6481.5 2.9907344e-16 1e-20
6483.0 3.1170415e-16 1e-20
6484.5 3.4621106e-16 1e-20
6486.0 3.351793e-16 1e-20
6487.5 3.1650344e-16 1e-20
6489.0 3.4973779e-16 1e-20
6490.5 3.1268962e-16 1e-20
6492.0 2.9970239e-16 1e-20
6493.5 2.9052375e-16 1e-20
6495.0 3.1004839e-16 1e-20
6496.5 3.3299099e-16 1e-20
6498.0 3.1444274e-16 1e-20
6499.5 3.0186859e-16 1e-20
6501.0 3.482703e-16 1e-20
6502.5 3.4929503e-16 1e-20
6504.0 3.2718201e-16 1e-20
6505.5 3.228514e-16 1e-20
6507.0 3.2582036e-16 1e-20
6508.5 2.9973751e-16 1e-20
6510.0 3.119711e-16 1e-20
6511.5 3.6551182e-16 1e-20
6513.0 3.4450778e-16 1e-20
6514.5 3.0006748e-16 1e-20
6516.0 3.1524904e-16 1e-20
6517.5 3.3025619e-16 1e-20
6519.0 3.123205e-16 1e-20
6520.5 3.0357542e-16 1e-20
6522.0 2.9758054e-16 1e-20
6523.5 3.1028246e-16 1e-20
6525.0 3.3299237e-16 1e-20
6526.5 3.0176629e-16 1e-20
6528.0 3.0044359e-16 1e-20
6529.5 3.3405757e-16 1e-20
6531.0 3.2159872e-16 1e-20
6532.5 2.9949177e-16 1e-20
6534.0 2.6269917e-16 1e-20
6535.5 2.9145633e-16 1e-20
6537.0 3.3907144e-16 1e-20
6538.5 3.1877945e-16 1e-20
6540.0 3.0457979e-16 1e-20
6541.5 2.754485e-16 1e-20
6543.0 2.859907e-16 1e-20
6544.5 3.1866676e-16 1e-20
6546.0 3.0093823e-16 1e-20
6547.5 2.9342304e-16 1e-20
6549.0 3.0280912e-16 1e-20
6550.5 3.2041411e-16 1e-20
6552.0 3.4978665e-16 1e-20
6553.5 3.0705683e-16 1e-20
6555.0 2.8165804e-16 1e-20
6556.5 2.965497e-16 1e-20
6558.0 3.0995365e-16 1e-20
6559.5 3.2246896e-16 1e-20
6561.0 3.0352015e-16 1e-20
6562.5 2.5292467e-16 1e-20
6564.0 2.7982202e-16 1e-20
6565.5 2.9369007e-16 1e-20
6567.0 2.9134172e-16 1e-20
6568.5 3.3535252e-16 1e-20
6570.0 3.2489992e-16 1e-20
6571.5 3.1076493e-16 1e-20
6573.0 2.9004065e-16 1e-20
6574.5 2.9438278e-16 1e-20
6576.0 3.0199364e-16 1e-20
6577.5 3.0017265e-16 1e-20
6579.0 2.8752721e-16 1e-20
6580.5 2.88925e-16 1e-20
6582.0 3.002317e-16 1e-20
6583.5 2.7679332e-16 1e-20
6585.0 3.133767e-16 1e-20
6586.5 3.2986443e-16 1e-20
6588.0 3.0535961e-16 1e-20
6589.5 2.6994292e-16 1e-20
6591.0 2.6604349e-16 1e-20
6592.5 2.7285089e-16 1e-20
6594.0 2.8659421e-16 1e-20
6595.5 2.9096397e-16 1e-20
6597.0 2.9191246e-16 1e-20
6598.5 2.8573979e-16 1e-20
6600.0 2.8409657e-16 1e-20
6601.5 2.9945524e-16 1e-20
6603.0 2.9025868e-16 1e-20
6604.5 3.023465e-16 1e-20
6606.0 3.1194879e-16 1e-20
6607.5 3.0765205e-16 1e-20
6609.0 2.7421495e-16 1e-20
6610.5 2.9489383e-16 1e-20
6612.0 2.834182e-16 1e-20
6613.5 2.7327843e-16 1e-20
6615.0 2.5413474e-16 1e-20
6616.5 2.4532583e-16 1e-20
6618.0 2.6176545e-16 1e-20
6619.5 2.7007211e-16 1e-20
6621.0 2.9148632e-16 1e-20
6622.5 2.6693777e-16 1e-20
6624.0 2.9084634e-16 1e-20
6625.5 3.008169e-16 1e-20
6627.0 3.0758747e-16 1e-20
6628.5 2.7348505e-16 1e-20
6630.0 2.9544626e-16 1e-20
6631.5 2.7960743e-16 1e-20
6633.0 2.9243667e-16 1e-20
6634.5 2.8416095e-16 1e-20
6636.0 2.4049446e-16 1e-20
6637.5 2.8317063e-16 1e-20
6639.0 2.9843726e-16 1e-20
6640.5 2.5620258e-16 1e-20
6642.0 2.5450971e-16 1e-20
6643.5 2.6563602e-16 1e-20
6645.0 2.6747956e-16 1e-20
6646.5 2.6339382e-16 1e-20
6648.0 2.5796539e-16 1e-20
6649.5 2.8712789e-16 1e-20
6651.0 3.076393e-16 1e-20
6652.5 2.7112132e-16 1e-20
6654.0 2.4892324e-16 1e-20
6655.5 2.6706512e-16 1e-20
6657.0 2.4688731e-16 1e-20
6658.5 2.4977048e-16 1e-20
6660.0 2.7746131e-16 1e-20
6661.5 3.050316e-16 1e-20
6663.0 3.2183475e-16 1e-20
6664.5 2.9665246e-16 1e-20
6666.0 2.9167471e-16 1e-20
6667.5 2.8147564e-16 1e-20
6669.0 2.5905375e-16 1e-20
6670.5 2.7509817e-16 1e-20
6672.0 2.612369e-16 1e-20
6673.5 2.4260299e-16 1e-20
6675.0 2.7368667e-16 1e-20
6676.5 2.6509392e-16 1e-20
6678.0 2.5092059e-16 1e-20
6679.5 2.5844426e-16 1e-20
6681.0 2.7525842e-16 1e-20
6682.5 2.7002029e-16 1e-20
6684.0 2.891087e-16 1e-20
6685.5 2.7602345e-16 1e-20
6687.0 2.5570794e-16 1e-20
6688.5 2.5791402e-16 1e-20
6690.0 2.4855406e-16 1e-20
6691.5 2.7601911e-16 1e-20
6693.0 3.043707e-16 1e-20
6694.5 2.7785743e-16 1e-20
6696.0 2.732866e-16 1e-20
6697.5 2.6724694e-16 1e-20
6699.0 2.602843e-16 1e-20
6700.5 2.8784681e-16 1e-20
6702.0 2.8057612e-16 1e-20
6703.5 3.1421722e-16 1e-20
6705.0 2.7575128e-16 1e-20
6706.5 2.6286228e-16 1e-20
6708.0 2.755471e-16 1e-20
6709.5 2.8375154e-16 1e-20
6711.0 2.331441e-16 1e-20
6712.5 2.4434304e-16 1e-20
6714.0 2.8391486e-16 1e-20
6715.5 2.7757659e-16 1e-20
6717.0 2.5008375e-16 1e-20
6718.5 2.3957398e-16 1e-20
6720.0 2.6227367e-16 1e-20
6721.5 2.8123384e-16 1e-20
6723.0 2.5841022e-16 1e-20
6724.5 2.7031773e-16 1e-20
6726.0 3.0301262e-16 1e-20
6727.5 2.8025086e-16 1e-20
6729.0 2.5707304e-16 1e-20
6730.5 2.6154797e-16 1e-20
6732.0 2.7486913e-16 1e-20
6733.5 2.6760132e-16 1e-20
6735.0 2.3797867e-16 1e-20
6736.5 2.6668599e-16 1e-20
6738.0 2.9236179e-16 1e-20
6739.5 2.6551508e-16 1e-20
6741.0 2.5532014e-16 1e-20
6742.5 2.4925726e-16 1e-20
6744.0 2.6133478e-16 1e-20
6745.5 2.6034291e-16 1e-20
6747.0 2.4876307e-16 1e-20
6748.5 2.4981357e-16 1e-20
6750.0 2.3637619e-16 1e-20
6751.5 2.6829305e-16 1e-20
6753.0 2.7926269e-16 1e-20
6754.5 2.5518779e-16 1e-20
6756.0 2.47652e-16 1e-20
6757.5 2.5626227e-16 1e-20
6759.0 2.4483932e-16 1e-20
6760.5 2.6527958e-16 1e-20
6762.0 2.9861948e-16 1e-20
6763.5 2.7947513e-16 1e-20
6765.0 2.5946734e-16 1e-20
6766.5 2.7007254e-16 1e-20
6768.0 2.4467309e-16 1e-20
6769.5 2.2048028e-16 1e-20
6771.0 2.4319155e-16 1e-20
6772.5 2.6650965e-16 1e-20
6774.0 2.5920161e-16 1e-20
6775.5 2.7693811e-16 1e-20
6777.0 2.5013288e-16 1e-20
6778.5 2.3446245e-16 1e-20
6780.0 2.5266781e-16 1e-20
6781.5 2.5235441e-16 1e-20
6783.0 2.6904061e-16 1e-20
6784.5 2.39275e-16 1e-20
6786.0 2.3556839e-16 1e-20
6787.5 2.5620126e-16 1e-20
6789.0 2.511372e-16 1e-20
6790.5 2.4237051e-16 1e-20
6792.0 2.4885256e-16 1e-20
6793.5 2.4487937e-16 1e-20
6795.0 2.5334438e-16 1e-20
6796.5 2.6627097e-16 1e-20
6798.0 2.5602865e-16 1e-20
6799.5 2.6062659e-16 1e-20
6801.0 2.4703824e-16 1e-20
6802.5 2.4795391e-16 1e-20
6804.0 2.3853065e-16 1e-20
6805.5 2.4495145e-16 1e-20
6807.0 2.3904448e-16 1e-20
6808.5 2.3187633e-16 1e-20
6810.0 2.5540254e-16 1e-20
6811.5 2.7324891e-16 1e-20
6813.0 2.8425065e-16 1e-20
6814.5 2.6124468e-16 1e-20
6816.0 2.5998723e-16 1e-20
6817.5 2.5576996e-16 1e-20
6819.0 2.4004194e-16 1e-20
6820.5 2.5977256e-16 1e-20
6822.0 2.5014056e-16 1e-20
6823.5 2.3846127e-16 1e-20
6825.0 2.5390427e-16 1e-20
6826.5 2.5300321e-16 1e-20
6828.0 2.1875176e-16 1e-20
6829.5 2.3373374e-16 1e-20
6831.0 2.3872054e-16 1e-20
6832.5 2.6166629e-16 1e-20
6834.0 2.500706e-16 1e-20
6835.5 2.2806942e-16 1e-20
6837.0 2.2794091e-16 1e-20
6838.5 2.4258698e-16 1e-20
6840.0 2.3049934e-16 1e-20
6841.5 2.5252125e-16 1e-20
6843.0 2.2564592e-16 1e-20
6844.5 2.6580476e-16 1e-20
6846.0 2.1457242e-16 1e-20
6847.5 2.2619583e-16 1e-20
6849.0 2.1605445e-16 1e-20
6850.5 2.2419718e-16 1e-20
6852.0 2.4323663e-16 1e-20
6853.5 2.6214378e-16 1e-20
6855.0 2.4100684e-16 1e-20
6856.5 2.1835591e-16 1e-20
6858.0 2.3359141e-16 1e-20
6859.5 2.4532316e-16 1e-20
6861.0 2.4588999e-16 1e-20
6862.5 2.4501691e-16 1e-20
6864.0 2.2429536e-16 1e-20
6865.5 1.8971309e-16 1e-20
6867.0 2.2596901e-16 1e-20
6868.5 2.4785373e-16 1e-20
6870.0 2.6200743e-16 1e-20
6871.5 2.2889228e-16 1e-20
6873.0 1.8411432e-16 1e-20
6874.5 1.989498e-16 1e-20
6876.0 2.3337669e-16 1e-20
6877.5 2.3343701e-16 1e-20
6879.0 2.5428768e-16 1e-20
6880.5 2.4259775e-16 1e-20
6882.0 2.2733321e-16 1e-20
6883.5 2.4394665e-16 1e-20
6885.0 2.6572668e-16 1e-20
6886.5 2.7767209e-16 1e-20
6888.0 2.3795861e-16 1e-20
6889.5 2.0980057e-16 1e-20
6891.0 2.141854e-16 1e-20
6892.5 2.171269e-16 1e-20
6894.0 2.3847432e-16 1e-20
6895.5 2.2247418e-16 1e-20
6897.0 2.4622668e-16 1e-20
6898.5 2.5951253e-16 1e-20
6900.0 2.4591561e-16 1e-20
6901.5 2.5283843e-16 1e-20
6903.0 2.242236e-16 1e-20
6904.5 1.9897503e-16 1e-20
6906.0 2.3280735e-16 1e-20
6907.5 2.0750588e-16 1e-20
6909.0 2.035177e-16 1e-20
6910.5 2.1856637e-16 1e-20
6912.0 1.8479067e-16 1e-20
6913.5 2.0753343e-16 1e-20
6915.0 2.1035705e-16 1e-20
6916.5 2.1592745e-16 1e-20
6918.0 2.1378955e-16 1e-20
6919.5 2.3760756e-16 1e-20
6921.0 2.3137385e-16 1e-20
6922.5 2.3464793e-16 1e-20
6924.0 2.2788829e-16 1e-20
6925.5 1.8366679e-16 1e-20
6927.0 2.1582177e-16 1e-20
6928.5 2.0692918e-16 1e-20
6930.0 2.1248789e-16 1e-20
6931.5 2.3974489e-16 1e-20
6933.0 2.2371657e-16 1e-20
6934.5 2.0810959e-16 1e-20
6936.0 2.1787654e-16 1e-20
6937.5 2.1695578e-16 1e-20
6939.0 2.1683693e-16 1e-20
6940.5 2.2396845e-16 1e-20
6942.0 2.2787979e-16 1e-20
6943.5 2.130513e-16 1e-20
6945.0 2.1562407e-16 1e-20
6946.5 2.4531964e-16 1e-20
6948.0 2.5414932e-16 1e-20
6949.5 2.303838e-16 1e-20
6951.0 2.4179159e-16 1e-20
6952.5 2.4304435e-16 1e-20
6954.0 2.4429709e-16 1e-20
6955.5 2.4554982e-16 1e-20
6957.0 2.4680256e-16 1e-20
6958.5 2.4680256e-16 1e-20
6960.0 2.4955152e-16 1e-20
6961.5 2.3307787e-16 1e-20
6963.0 2.1659245e-16 1e-20
6964.5 2.5419602e-16 1e-20
6966.0 2.5294381e-16 1e-20
6967.5 2.2423569e-16 1e-20
6969.0 2.1806436e-16 1e-20
6970.5 2.1011241e-16 1e-20
6972.0 2.1513517e-16 1e-20
6973.5 2.3780855e-16 1e-20
6975.0 2.5761766e-16 1e-20
6976.5 2.4812814e-16 1e-20
6978.0 2.213082e-16 1e-20
6979.5 2.2302007e-16 1e-20
6981.0 2.4487844e-16 1e-20
6982.5 2.4041304e-16 1e-20
6984.0 2.1722078e-16 1e-20
6985.5 1.9588181e-16 1e-20
6987.0 2.0181963e-16 1e-20
6988.5 2.2702556e-16 1e-20
6990.0 2.0761074e-16 1e-20
6991.5 2.0594911e-16 1e-20
6993.0 2.1993308e-16 1e-20
6994.5 2.1318015e-16 1e-20
6996.0 2.4067406e-16 1e-20
6997.5 2.3567959e-16 1e-20
6999.0 2.2808408e-16 1e-20
7000.5 2.2613093e-16 1e-20
7002.0 2.2928343e-16 1e-20
7003.5 2.3171507e-16 1e-20
7005.0 2.3090044e-16 1e-20
7006.5 2.3549244e-16 1e-20
7008.0 2.3140789e-16 1e-20
7009.5 2.4178471e-16 1e-20
7011.0 2.2706523e-16 1e-20
7012.5 2.106664e-16 1e-20
7014.0 2.2469632e-16 1e-20
7015.5 2.1013481e-16 1e-20
7017.0 2.0977082e-16 1e-20
7018.5 2.0304306e-16 1e-20
7020.0 1.9576092e-16 1e-20
7021.5 1.9579591e-16 1e-20
7023.0 1.99385e-16 1e-20
7024.5 2.1554082e-16 1e-20
7026.0 2.3245586e-16 1e-20
7027.5 2.3725149e-16 1e-20
7029.0 2.3295659e-16 1e-20
7030.5 1.9702362e-16 1e-20
7032.0 1.9094722e-16 1e-20
7033.5 2.1197267e-16 1e-20
7035.0 1.9430245e-16 1e-20
7036.5 2.1675107e-16 1e-20
7038.0 2.4481629e-16 1e-20
7039.5 2.0989431e-16 1e-20
7041.0 1.8424414e-16 1e-20
7042.5 2.1886053e-16 1e-20
7044.0 2.1991944e-16 1e-20
7045.5 2.1810284e-16 1e-20
7047.0 2.2618284e-16 1e-20
7048.5 1.8993651e-16 1e-20
7050.0 2.0530476e-16 1e-20
7051.5 2.1931482e-16 1e-20
7053.0 2.0692804e-16 1e-20
7054.5 2.4093985e-16 1e-20
7056.0 2.2013636e-16 1e-20
7057.5 1.8107494e-16 1e-20
7059.0 2.1039441e-16 1e-20
7060.5 2.3573967e-16 1e-20
7062.0 1.9692897e-16 1e-20
7063.5 2.1999743e-16 1e-20
7065.0 2.3326721e-16 1e-20
7066.5 1.8007563e-16 1e-20
7068.0 1.9962542e-16 1e-20
7069.5 2.007536e-16 1e-20
7071.0 2.0244443e-16 1e-20
7072.5 2.0808e-16 1e-20
7074.0 2.153428e-16 1e-20
7075.5 2.01798e-16 1e-20
7077.0 1.9912969e-16 1e-20
7078.5 2.131711e-16 1e-20
7080.0 2.2522685e-16 1e-20
7081.5 2.3149421e-16 1e-20
7083.0 2.1919939e-16 1e-20
7084.5 2.2787412e-16 1e-20
7086.0 2.4248512e-16 1e-20
7087.5 2.3944446e-16 1e-20
7089.0 2.3102466e-16 1e-20
7090.5 2.241016e-16 1e-20
7092.0 1.9580669e-16 1e-20
7093.5 2.1615971e-16 1e-20
7095.0 2.4206378e-16 1e-20
7096.5 2.2090486e-16 1e-20
7098.0 1.8718858e-16 1e-20
7099.5 1.8287227e-16 1e-20
7101.0 1.9194974e-16 1e-20
7102.5 1.9777675e-16 1e-20
7104.0 2.2344602e-16 1e-20
7105.5 2.1856378e-16 1e-20
7107.0 2.0381538e-16 1e-20
7108.5 2.0536184e-16 1e-20
7110.0 1.9861758e-16 1e-20
7111.5 2.2660553e-16 1e-20
7113.0 1.8423991e-16 1e-20
7114.5 2.0361965e-16 1e-20
7116.0 2.1072729e-16 1e-20
7117.5 2.1306287e-16 1e-20
7119.0 2.0061807e-16 1e-20
7120.5 2.0348973e-16 1e-20
7122.0 1.7867772e-16 1e-20
7123.5 2.1419859e-16 1e-20
7125.0 2.0423572e-16 1e-20
7126.5 1.8102193e-16 1e-20
7128.0 2.1518348e-16 1e-20
7129.5 2.0394078e-16 1e-20
7131.0 1.8664793e-16 1e-20
7132.5 2.194687e-16 1e-20
7134.0 1.9488177e-16 1e-20
7135.5 1.7432344e-16 1e-20
7137.0 1.9092923e-16 1e-20
7138.5 2.1012559e-16 1e-20
7140.0 2.1690945e-16 1e-20
7141.5 2.145708e-16 1e-20
7143.0 2.356064e-16 1e-20
7144.5 2.4844662e-16 1e-20
7146.0 2.194654e-16 1e-20
7147.5 2.1772511e-16 1e-20
7149.0 2.0551415e-16 1e-20
7150.5 2.1532849e-16 1e-20
7152.0 2.0834859e-16 1e-20
7153.5 2.1068982e-16 1e-20
7155.0 2.0278071e-16 1e-20
7156.5 2.1607076e-16 1e-20
7158.0 2.1303022e-16 1e-20
7159.5 2.3079721e-16 1e-20
7161.0 2.2768002e-16 1e-20
7162.5 2.0375771e-16 1e-20
7164.0 1.9901613e-16 1e-20
7165.5 1.9687309e-16 1e-20
7167.0 2.0686343e-16 1e-20
7168.5 2.2426031e-16 1e-20
7170.0 2.4482751e-16 1e-20
7171.5 2.4218377e-16 1e-20
7173.0 2.1416049e-16 1e-20
7174.5 2.1109951e-16 1e-20
7176.0 2.3074948e-16 1e-20
7177.5 2.2271916e-16 1e-20
7179.0 2.0148985e-16 1e-20
7180.5 2.1253821e-16 1e-20
7182.0 2.1752079e-16 1e-20
7183.5 1.8950765e-16 1e-20
7185.0 2.095526e-16 1e-20
7186.5 2.0872489e-16 1e-20
7188.0 2.0789716e-16 1e-20
7189.5 2.0706945e-16 1e-20
7191.0 2.0706945e-16 1e-20
7192.5 1.5470163e-16 1e-20
7194.0 1.7557709e-16 1e-20
7195.5 2.1167413e-16 1e-20
7197.0 2.1815585e-16 1e-20
7198.5 1.9599031e-16 1e-20
7200.0 2.021689e-16 1e-20
7201.5 2.232521e-16 1e-20
7203.0 2.0445601e-16 1e-20
7204.5 1.9296362e-16 1e-20
7206.0 2.1253921e-16 1e-20
7207.5 2.2686705e-16 1e-20
7209.0 2.2030463e-16 1e-20
7210.5 1.956466e-16 1e-20
7212.0 1.8373663e-16 1e-20
7213.5 2.0012613e-16 1e-20
7215.0 2.2275762e-16 1e-20
7216.5 2.1063903e-16 1e-20
7218.0 2.0699209e-16 1e-20
7219.5 2.1149859e-16 1e-20
7221.0 2.133055e-16 1e-20
7222.5 2.1541264e-16 1e-20
7224.0 1.9386866e-16 1e-20
7225.5 1.9803205e-16 1e-20
7227.0 2.4018474e-16 1e-20
7228.5 2.3780836e-16 1e-20
7230.0 1.8797701e-16 1e-20
7231.5 1.8175311e-16 1e-20
7233.0 1.8244178e-16 1e-20
7234.5 1.7979896e-16 1e-20
7236.0 2.1402756e-16 1e-20
7237.5 2.1491138e-16 1e-20
7239.0 1.7301838e-16 1e-20
7240.5 1.9604428e-16 1e-20
7242.0 2.1656881e-16 1e-20
7243.5 1.7895829e-16 1e-20
7245.0 1.8355863e-16 1e-20
7246.5 2.1076017e-16 1e-20
7248.0 2.1936944e-16 1e-20
7249.5 2.2544049e-16 1e-20
7251.0 2.1011651e-16 1e-20
7252.5 2.0909873e-16 1e-20
7254.0 2.1610902e-16 1e-20
7255.5 2.0317509e-16 1e-20
7257.0 2.2102071e-16 1e-20
7258.5 2.263825e-16 1e-20
7260.0 2.1788256e-16 1e-20
7261.5 2.14522e-16 1e-20
7263.0 1.9034076e-16 1e-20
7264.5 1.9424436e-16 1e-20
7266.0 2.3529167e-16 1e-20
7267.5 2.2038764e-16 1e-20
7269.0 1.802409e-16 1e-20
7270.5 2.0242162e-16 1e-20
7272.0 2.3492279e-16 1e-20
7273.5 2.6316517e-16 1e-20
7275.0 2.3789116e-16 1e-20
7276.5 2.0518095e-16 1e-20
7278.0 1.8613111e-16 1e-20
7279.5 1.7107028e-16 1e-20
7281.0 2.15606e-16 1e-20
7282.5 2.498365e-16 1e-20
7284.0 1.9831218e-16 1e-20
7285.5 1.9775024e-16 1e-20
7287.0 2.1532488e-16 1e-20
7288.5 2.0401364e-16 1e-20
7290.0 2.4242035e-16 1e-20
7291.5 2.1949251e-16 1e-20
7293.0 1.6553021e-16 1e-20
7294.5 1.9782556e-16 1e-20
7296.0 2.2793048e-16 1e-20
7297.5 1.9897655e-16 1e-20
7299.0 1.9812271e-16 1e-20
7300.5 2.1715741e-16 1e-20
7302.0 2.2656461e-16 1e-20
7303.5 2.1545073e-16 1e-20
7305.0 2.013624e-16 1e-20
7306.5 1.8898924e-16 1e-20
7308.0 1.848261e-16 1e-20
7309.5 1.9243188e-16 1e-20
7311.0 1.6988944e-16 1e-20
7312.5 1.8451959e-16 1e-20
7314.0 2.3390979e-16 1e-20
7315.5 2.408207e-16 1e-20
7317.0 2.0335173e-16 1e-20
7318.5 1.8306463e-16 1e-20
7320.0 2.0397501e-16 1e-20
7321.5 2.1483561e-16 1e-20
7323.0 2.109161e-16 1e-20
7324.5 2.0504581e-16 1e-20
7326.0 1.9869324e-16 1e-20
7327.5 2.0133851e-16 1e-20
7329.0 2.2378081e-16 1e-20
7330.5 2.3951691e-16 1e-20
7332.0 2.1367109e-16 1e-20
7333.5 2.1726276e-16 1e-20
7335.0 2.0877503e-16 1e-20
7336.5 2.0607719e-16 1e-20
7338.0 2.052623e-16 1e-20
7339.5 2.0440675e-16 1e-20
7341.0 1.9669497e-16 1e-20
7342.5 1.9450631e-16 1e-20
7344.0 1.8892682e-16 1e-20
7345.5 1.8035818e-16 1e-20
7347.0 1.9085647e-16 1e-20
7348.5 1.6926607e-16 1e-20
7350.0 1.9195552e-16 1e-20
7351.5 1.9324444e-16 1e-20
7353.0 2.0036108e-16 1e-20
7354.5 2.1661221e-16 1e-20
7356.0 2.3499833e-16 1e-20
7357.5 2.1729521e-16 1e-20
7359.0 1.6405735e-16 1e-20
7360.5 1.9951803e-16 1e-20
7362.0 2.4200406e-16 1e-20
7363.5 1.8345323e-16 1e-20
7365.0 1.6606605e-16 1e-20
7366.5 1.8144096e-16 1e-20
7368.0 1.8662599e-16 1e-20
7369.5 1.8924386e-16 1e-20
7371.0 1.8423374e-16 1e-20
7372.5 1.7546245e-16 1e-20
7374.0 1.9699024e-16 1e-20
7375.5 1.9337024e-16 1e-20
7377.0 1.5822816e-16 1e-20
7378.5 1.6669712e-16 1e-20
7380.0 1.7201826e-16 1e-20
7381.5 1.6721312e-16 1e-20
7383.0 1.5497965e-16 1e-20
7384.5 1.5839496e-16 1e-20
7386.0 1.8814595e-16 1e-20
7387.5 1.9153461e-16 1e-20
7389.0 1.9691217e-16 1e-20
7390.5 2.1935326e-16 1e-20
7392.0 2.0249418e-16 1e-20
7393.5 1.4330807e-16 1e-20
7395.0 1.6905335e-16 1e-20
7396.5 1.7694901e-16 1e-20
7398.0 1.3064271e-16 1e-20
7399.5 1.8037961e-16 1e-20
7401.0 2.323071e-16 1e-20
7402.5 2.1919376e-16 1e-20
7404.0 2.0359586e-16 1e-20
7405.5 1.8723854e-16 1e-20
7407.0 1.6243358e-16 1e-20
7408.5 1.769915e-16 1e-20
7410.0 1.699883e-16 1e-20
7411.5 1.7189077e-16 1e-20
7413.0 1.5663427e-16 1e-20
7414.5 1.705247e-16 1e-20
7416.0 2.1667988e-16 1e-20
7417.5 1.9484402e-16 1e-20
7419.0 1.9112957e-16 1e-20
7420.5 1.9777397e-16 1e-20
7422.0 1.7934332e-16 1e-20
7423.5 1.6263041e-16 1e-20
7425.0 1.7859561e-16 1e-20
7426.5 1.426658e-16 1e-20
7428.0 1.5815912e-16 1e-20
7429.5 1.7915181e-16 1e-20
7431.0 1.9198204e-16 1e-20
7432.5 1.8154873e-16 1e-20
7434.0 2.0491192e-16 1e-20
7435.5 1.8920925e-16 1e-20
7437.0 1.4457414e-16 1e-20
7438.5 1.4105777e-16 1e-20
7440.0 1.5558258e-16 1e-20
7441.5 1.7556223e-16 1e-20
7443.0 1.7321849e-16 1e-20
7444.5 1.5815438e-16 1e-20
7446.0 1.550411e-16 1e-20
7447.5 1.8557438e-16 1e-20
7449.0 1.8403567e-16 1e-20
7450.5 1.7302226e-16 1e-20
7452.0 1.6990692e-16 1e-20
7453.5 1.8090938e-16 1e-20
7455.0 1.9121966e-16 1e-20
7456.5 1.7745109e-16 1e-20
7458.0 1.8571617e-16 1e-20
7459.5 2.0564453e-16 1e-20
7461.0 2.0741386e-16 1e-20
7462.5 1.7639403e-16 1e-20
7464.0 1.6683742e-16 1e-20
7465.5 1.761617e-16 1e-20
7467.0 2.049735e-16 1e-20
7468.5 2.0579764e-16 1e-20
7470.0 1.6259418e-16 1e-20
7471.5 1.6397433e-16 1e-20
7473.0 1.253068e-16 1e-20
7474.5 1.2728864e-16 1e-20
7476.0 1.685929e-16 1e-20
7477.5 1.5459393e-16 1e-20
7479.0 1.5673098e-16 1e-20
7480.5 1.7419406e-16 1e-20
7482.0 1.4686555e-16 1e-20
7483.5 1.3106628e-16 1e-20
7485.0 1.6388143e-16 1e-20
7486.5 1.3715873e-16 1e-20
7488.0 1.7597373e-16 1e-20
7489.5 1.9198497e-16 1e-20
7491.0 1.5726142e-16 1e-20
7492.5 1.5647458e-16 1e-20
7494.0 1.7887275e-16 1e-20
7495.5 2.1017905e-16 1e-20
7497.0 2.1192837e-16 1e-20
7498.5 1.5998607e-16 1e-20
7500.0 1.5485754e-16 1e-20
7501.5 1.6969004e-16 1e-20
7503.0 1.6494648e-16 1e-20
7504.5 1.9052006e-16 1e-20
7506.0 1.9123189e-16 1e-20
7507.5 1.7680311e-16 1e-20
7509.0 1.5405825e-16 1e-20
7510.5 1.3732467e-16 1e-20
7512.0 1.6031696e-16 1e-20
7513.5 1.6789535e-16 1e-20
7515.0 1.7066709e-16 1e-20
7516.5 1.4687243e-16 1e-20
7518.0 1.492652e-16 1e-20
7519.5 1.6556942e-16 1e-20
7521.0 1.7552541e-16 1e-20
7522.5 1.6336943e-16 1e-20
7524.0 1.5179871e-16 1e-20
7525.5 1.6391122e-16 1e-20
7527.0 1.7981452e-16 1e-20
7528.5 1.7928834e-16 1e-20
7530.0 1.4947739e-16 1e-20
7531.5 1.6806973e-16 1e-20
7533.0 1.8986712e-16 1e-20
7534.5 1.6805807e-16 1e-20
7536.0 1.3823472e-16 1e-20
7537.5 1.4799411e-16 1e-20
7539.0 1.6113515e-16 1e-20
7540.5 1.514138e-16 1e-20
