3674.9882 5.09961e-16 1e-20
3677.9296 5.29266e-16 1e-20
3680.8709 4.93247e-16 1e-20
3683.8123 5.47684e-16 1e-20
3686.7536 5.42958e-16 1e-20
3689.695 4.90116e-16 1e-20
3692.6364 4.52158e-16 1e-20
3695.5777 4.44734e-16 1e-20
3698.5191 4.40309e-16 1e-20
3701.4604 5.00373e-16 1e-20
3704.4018 5.57378e-16 1e-20
3707.3431 5.1397e-16 1e-20
3710.2845 5.4092e-16 1e-20
3713.2258 5.21227e-16 1e-20
3716.1672 5.12385e-16 1e-20
3719.1085 5.01804e-16 1e-20
3722.0499 5.3054e-16 1e-20
3724.9912 5.01558e-16 1e-20
3727.9326 5.65996e-16 1e-20
3730.874 5.79125e-16 1e-20
3733.8153 5.41527e-16 1e-20
3736.7567 5.57405e-16 1e-20
3739.698 5.86754e-16 1e-20
3742.6394 5.82178e-16 1e-20
3745.5807 6.06418e-16 1e-20
3748.5221 6.18346e-16 1e-20
3751.4634 5.90253e-16 1e-20
3754.4048 5.94431e-16 1e-20
3757.3462 6.15846e-16 1e-20
3760.2875 6.39741e-16 1e-20
3763.2289 6.03372e-16 1e-20
3766.1702 6.16372e-16 1e-20
3769.1116 6.06392e-16 1e-20
3772.0529 6.27944e-16 1e-20
3774.9943 6.15114e-16 1e-20
3777.9356 6.38155e-16 1e-20
3780.877 6.29445e-16 1e-20
3783.8183 6.06677e-16 1e-20
3786.7597 6.2627e-16 1e-20
3789.701 6.65578e-16 1e-20
3792.6424 6.81172e-16 1e-20
3795.5838 6.97083e-16 1e-20
3798.5251 6.7009e-16 1e-20
3801.4665 6.79e-16 1e-20
3804.4078 7.10872e-16 1e-20
3807.3492 7.47658e-16 1e-20
3810.2905 7.58006e-16 1e-20
3813.2319 7.56279e-16 1e-20
3816.1732 7.88192e-16 1e-20
3819.1146 8.31193e-16 1e-20
3822.0559 8.22006e-16 1e-20
3824.9973 8.99266e-16 1e-20
3827.9387 9.09067e-16 1e-20
3830.88 9.43217e-16 1e-20
3833.8214 9.21212e-16 1e-20
3836.7627 9.6736e-16 1e-20
3839.7041 9.87154e-16 1e-20
3842.6454 1.03439e-15 1e-20
3845.5868 1.09498e-15 1e-20
3848.5281 1.11633e-15 1e-20
3851.4695 1.11864e-15 1e-20
3854.4108 1.16743e-15 1e-20
3857.3522 1.21446e-15 1e-20
3860.2935 1.21785e-15 1e-20
3863.2349 1.25654e-15 1e-20
3866.1763 1.30476e-15 1e-20
3869.1176 1.28425e-15 1e-20
3872.059 1.30753e-15 1e-20
3875.0003 1.32037e-15 1e-20
3877.9417 1.39822e-15 1e-20
3880.883 1.38894e-15 1e-20
3883.8244 1.41862e-15 1e-20
3886.7657 1.39056e-15 1e-20
3889.7071 1.39997e-15 1e-20
3892.6484 1.4182e-15 1e-20
3895.5898 1.45655e-15 1e-20
3898.5312 1.46286e-15 1e-20
3901.4725 1.45572e-15 1e-20
3904.4139 1.43418e-15 1e-20
3907.3552 1.46867e-15 1e-20
3910.2966 1.443e-15 1e-20
3913.2379 1.4292e-15 1e-20
3916.1793 1.50307e-15 1e-20
3919.1206 1.45111e-15 1e-20
3922.062 1.37945e-15 1e-20
3925.0034 1.35779e-15 1e-20
3927.9447 1.34791e-15 1e-20
3930.8861 1.31337e-15 1e-20
3933.8274 1.28645e-15 1e-20
3936.7688 1.21914e-15 1e-20
3939.7101 1.23107e-15 1e-20
3942.6515 1.21792e-15 1e-20
3945.5928 1.23444e-15 1e-20
3948.5342 1.27465e-15 1e-20
3951.4755 1.21662e-15 1e-20
3954.4169 1.23013e-15 1e-20
3957.3582 1.2145e-15 1e-20
3960.2996 1.18556e-15 1e-20
3963.241 1.16223e-15 1e-20
3966.1823 1.15986e-15 1e-20
3969.1237 1.16999e-15 1e-20
3972.065 1.11999e-15 1e-20
3975.0064 1.10798e-15 1e-20
3977.9477 1.16253e-15 1e-20
3980.8891 1.15788e-15 1e-20
3983.8304 1.09446e-15 1e-20
3986.7718 1.13372e-15 1e-20
3989.7131 1.14789e-15 1e-20
3992.6545 1.15766e-15 1e-20
3995.5959 1.16602e-15 1e-20
3998.5372 1.15213e-15 1e-20
4001.4786 1.15729e-15 1e-20
4004.4199 1.16328e-15 1e-20
4007.3613 1.15244e-15 1e-20
4010.3026 1.14846e-15 1e-20
4013.244 1.17365e-15 1e-20
4016.1853 1.18119e-15 1e-20
4019.1267 1.20376e-15 1e-20
4022.068 1.17288e-15 1e-20
4025.0094 1.23743e-15 1e-20
4027.9507 1.25682e-15 1e-20
4030.8921 1.22069e-15 1e-20
4033.8335 1.23482e-15 1e-20
4036.7748 1.2581e-15 1e-20
4039.7162 1.31545e-15 1e-20
4042.6575 1.29364e-15 1e-20
4045.5989 1.25901e-15 1e-20
4048.5402 1.3941e-15 1e-20
4051.4816 1.38357e-15 1e-20
4054.4229 1.36263e-15 1e-20
4057.3643 1.37507e-15 1e-20
4060.3056 1.37842e-15 1e-20
4063.247 1.42291e-15 1e-20
4066.1884 1.41321e-15 1e-20
4069.1297 1.41451e-15 1e-20
4072.0711 1.43441e-15 1e-20
4075.0124 1.41946e-15 1e-20
4077.9538 1.43609e-15 1e-20
4080.8951 1.45981e-15 1e-20
4083.8365 1.42931e-15 1e-20
4086.7778 1.42848e-15 1e-20
4089.7192 1.39778e-15 1e-20
4092.6606 1.41529e-15 1e-20
4095.6019 1.43061e-15 1e-20
4098.5433 1.47783e-15 1e-20
4101.4846 1.42642e-15 1e-20
4104.426 1.37332e-15 1e-20
4107.3673 1.35489e-15 1e-20
4110.3087 1.39113e-15 1e-20
4113.25 1.35331e-15 1e-20
4116.1914 1.36527e-15 1e-20
4119.1327 1.33918e-15 1e-20
4122.0741 1.34553e-15 1e-20
4125.0154 1.30867e-15 1e-20
4127.9568 1.29243e-15 1e-20
4130.8982 1.26901e-15 1e-20
4133.8395 1.3066e-15 1e-20
4136.7809 1.23249e-15 1e-20
4139.7222 1.27569e-15 1e-20
4142.6636 1.27765e-15 1e-20
4145.6049 1.25753e-15 1e-20
4148.5463 1.24478e-15 1e-20
4151.4876 1.22092e-15 1e-20
4154.429 1.23247e-15 1e-20
4157.3703 1.22863e-15 1e-20
4160.3117 1.25232e-15 1e-20
4163.2531 1.19959e-15 1e-20
4166.1944 1.18138e-15 1e-20
4169.1358 1.23666e-15 1e-20
4172.0771 1.1955e-15 1e-20
4175.0185 1.1821e-15 1e-20
4177.9598 1.19521e-15 1e-20
4180.9012 1.17926e-15 1e-20
4183.8425 1.18881e-15 1e-20
4186.7839 1.17e-15 1e-20
4189.7252 1.11798e-15 1e-20
4192.6666 1.09594e-15 1e-20
4195.6079 1.05833e-15 1e-20
4198.5493 1.05858e-15 1e-20
4201.4907 1.05676e-15 1e-20
4204.432 1.05788e-15 1e-20
4207.3734 1.06358e-15 1e-20
4210.3147 1.04238e-15 1e-20
4213.2561 1.03664e-15 1e-20
4216.1974 1.01654e-15 1e-20
4219.1388 9.84403e-16 1e-20
4222.0801 9.7977e-16 1e-20
4225.0215 9.63045e-16 1e-20
4227.9628 1.00965e-15 1e-20
4230.9042 9.62709e-16 1e-20
4233.8456 9.26977e-16 1e-20
4236.7869 9.2632e-16 1e-20
4239.7283 9.37383e-16 1e-20
4242.6696 9.22368e-16 1e-20
4245.611 9.07475e-16 1e-20
4248.5523 9.1023e-16 1e-20
4251.4937 8.97295e-16 1e-20
4254.435 8.55425e-16 1e-20
4257.3764 8.34854e-16 1e-20
4260.3177 8.2967e-16 1e-20
4263.2591 8.04706e-16 1e-20
4266.2005 7.9284e-16 1e-20
4269.1418 7.64307e-16 1e-20
4272.0832 7.45073e-16 1e-20
4275.0245 7.36234e-16 1e-20
4277.9659 7.29591e-16 1e-20
4280.9072 7.26921e-16 1e-20
4283.8486 7.15569e-16 1e-20
4286.7899 7.06333e-16 1e-20
4289.7313 6.93656e-16 1e-20
4292.6726 6.80864e-16 1e-20
4295.614 6.80082e-16 1e-20
4298.5554 6.98188e-16 1e-20
4301.4967 6.92484e-16 1e-20
4304.4381 7.11006e-16 1e-20
4307.3794 7.01496e-16 1e-20
4310.3208 6.95296e-16 1e-20
4313.2621 7.24131e-16 1e-20
4316.2035 7.25644e-16 1e-20
4319.1448 7.37671e-16 1e-20
4322.0862 7.50261e-16 1e-20
4325.0275 7.54099e-16 1e-20
4327.9689 7.5599e-16 1e-20
4330.9102 7.48455e-16 1e-20
4333.8516 7.54599e-16 1e-20
4336.793 7.60143e-16 1e-20
4339.7343 7.59317e-16 1e-20
4342.6757 7.94089e-16 1e-20
4345.617 7.46739e-16 1e-20
4348.5584 7.76111e-16 1e-20
4351.4997 7.70761e-16 1e-20
4354.4411 7.4595e-16 1e-20
4357.3824 7.84712e-16 1e-20
4360.3238 8.07661e-16 1e-20
4363.2651 8.4511e-16 1e-20
4366.2065 8.29572e-16 1e-20
4369.1479 8.53911e-16 1e-20
4372.0892 8.53119e-16 1e-20
4375.0306 8.48992e-16 1e-20
4377.9719 8.35986e-16 1e-20
4380.9133 8.66861e-16 1e-20
4383.8546 8.68116e-16 1e-20
4386.796 8.58355e-16 1e-20
4389.7373 8.42153e-16 1e-20
4392.6787 8.21925e-16 1e-20
4395.6201 8.52109e-16 1e-20
4398.5614 8.46821e-16 1e-20
4401.5028 8.23444e-16 1e-20
4404.4441 8.38061e-16 1e-20
4407.3855 8.21035e-16 1e-20
4410.3268 8.13752e-16 1e-20
4413.2682 8.12277e-16 1e-20
4416.2095 7.9447e-16 1e-20
4419.1509 8.0934e-16 1e-20
4422.0922 8.03289e-16 1e-20
4425.0336 8.15278e-16 1e-20
4427.9749 8.31635e-16 1e-20
4430.9163 8.03003e-16 1e-20
4433.8577 8.30381e-16 1e-20
4436.799 8.37551e-16 1e-20
4439.7404 8.49802e-16 1e-20
4442.6817 8.80637e-16 1e-20
4445.6231 8.59077e-16 1e-20
4448.5644 8.85155e-16 1e-20
4451.5058 9.0693e-16 1e-20
4454.4471 9.12039e-16 1e-20
4457.3885 9.32946e-16 1e-20
4460.3298 9.50356e-16 1e-20
4463.2712 9.91455e-16 1e-20
4466.2126 1.01711e-15 1e-20
4469.1539 9.97583e-16 1e-20
4472.0953 1.00155e-15 1e-20
4475.0366 1.01561e-15 1e-20
4477.978 1.00663e-15 1e-20
4480.9193 1.03671e-15 1e-20
4483.8607 1.0396e-15 1e-20
4486.802 1.02886e-15 1e-20
4489.7434 1.02241e-15 1e-20
4492.6847 1.06151e-15 1e-20
4495.6261 1.05739e-15 1e-20
4498.5674 1.03246e-15 1e-20
4501.5088 1.05969e-15 1e-20
4504.4502 1.06475e-15 1e-20
4507.3915 1.05029e-15 1e-20
4510.3329 1.06291e-15 1e-20
4513.2742 1.07366e-15 1e-20
4516.2156 1.07988e-15 1e-20
4519.1569 1.06517e-15 1e-20
4522.0983 1.05792e-15 1e-20
4525.0396 1.07984e-15 1e-20
4527.981 1.05167e-15 1e-20
4530.9223 1.03527e-15 1e-20
4533.8637 1.03927e-15 1e-20
4536.8051 1.03511e-15 1e-20
4539.7464 1.02705e-15 1e-20
4542.6878 1.02917e-15 1e-20
4545.6291 1.03812e-15 1e-20
4548.5705 1.06978e-15 1e-20
4551.5118 1.04974e-15 1e-20
4554.4532 1.00395e-15 1e-20
4557.3945 1.02773e-15 1e-20
4560.3359 1.06e-15 1e-20
4563.2773 1.02213e-15 1e-20
4566.2186 1.00555e-15 1e-20
4569.16 9.94497e-16 1e-20
4572.1013 1.00408e-15 1e-20
4575.0427 9.87854e-16 1e-20
4577.984 1.00267e-15 1e-20
4580.9254 1.00584e-15 1e-20
4583.8667 9.90349e-16 1e-20
4586.8081 9.63747e-16 1e-20
4589.7494 9.59189e-16 1e-20
4592.6908 9.1807e-16 1e-20
4595.6321 9.3749e-16 1e-20
4598.5735 9.28153e-16 1e-20
4601.5149 9.29815e-16 1e-20
4604.4562 9.18426e-16 1e-20
4607.3976 9.04674e-16 1e-20
4610.3389 8.99687e-16 1e-20
4613.2803 9.25544e-16 1e-20
4616.2216 8.86335e-16 1e-20
4619.163 8.60781e-16 1e-20
4622.1043 8.53679e-16 1e-20
4625.0457 8.56053e-16 1e-20
4627.987 8.61208e-16 1e-20
4630.9284 8.3115e-16 1e-20
4633.8698 8.48269e-16 1e-20
4636.8111 8.539e-16 1e-20
4639.7525 8.18597e-16 1e-20
4642.6938 8.18594e-16 1e-20
4645.6352 7.92978e-16 1e-20
4648.5765 8.04422e-16 1e-20
4651.5179 8.0024e-16 1e-20
4654.4592 7.97045e-16 1e-20
4657.4006 7.73052e-16 1e-20
4660.3419 7.82195e-16 1e-20
4663.2833 7.87733e-16 1e-20
4666.2246 7.64364e-16 1e-20
4669.166 7.37442e-16 1e-20
4672.1074 7.38581e-16 1e-20
4675.0487 7.32023e-16 1e-20
4677.9901 7.1545e-16 1e-20
4680.9314 7.2087e-16 1e-20
4683.8728 7.48683e-16 1e-20
4686.8141 7.31375e-16 1e-20
4689.7555 7.39499e-16 1e-20
4692.6968 7.37172e-16 1e-20
4695.6382 7.13107e-16 1e-20
4698.5795 7.13052e-16 1e-20
4701.5209 6.95301e-16 1e-20
4704.4623 7.07271e-16 1e-20
4707.4036 7.10113e-16 1e-20
4710.345 7.00073e-16 1e-20
4713.2863 7.06457e-16 1e-20
4716.2277 7.08901e-16 1e-20
4719.169 7.18126e-16 1e-20
4722.1104 7.11473e-16 1e-20
4725.0517 6.935e-16 1e-20
4727.9931 7.04007e-16 1e-20
4730.9344 7.01534e-16 1e-20
4733.8758 6.99295e-16 1e-20
4736.8172 6.81532e-16 1e-20
4739.7585 6.83399e-16 1e-20
4742.6999 6.83528e-16 1e-20
4745.6412 6.83073e-16 1e-20
4748.5826 6.88365e-16 1e-20
4751.5239 6.76899e-16 1e-20
4754.4653 6.57957e-16 1e-20
4757.4066 6.60408e-16 1e-20
4760.348 6.60088e-16 1e-20
4763.2893 6.66926e-16 1e-20
4766.2307 6.37416e-16 1e-20
4769.1721 6.44838e-16 1e-20
4772.1134 6.45697e-16 1e-20
4775.0548 6.2001e-16 1e-20
4777.9961 6.08745e-16 1e-20
4780.9375 6.08584e-16 1e-20
4783.8788 6.18552e-16 1e-20
4786.8202 6.21331e-16 1e-20
4789.7615 6.17702e-16 1e-20
4792.7029 5.90668e-16 1e-20
4795.6442 5.71454e-16 1e-20
4798.5856 5.8922e-16 1e-20
4801.5269 5.73549e-16 1e-20
4804.4683 5.58026e-16 1e-20
4807.4097 5.54929e-16 1e-20
4810.351 5.53512e-16 1e-20
4813.2924 5.34116e-16 1e-20
4816.2337 5.12623e-16 1e-20
4819.1751 5.21386e-16 1e-20
4822.1164 5.2625e-16 1e-20
4825.0578 5.16636e-16 1e-20
4827.9991 4.91339e-16 1e-20
4830.9405 5.00295e-16 1e-20
4833.8818 5.12102e-16 1e-20
4836.8232 5.05063e-16 1e-20
4839.7646 5.02096e-16 1e-20
4842.7059 4.92898e-16 1e-20
4845.6473 4.90701e-16 1e-20
4848.5886 4.97497e-16 1e-20
4851.53 4.88132e-16 1e-20
4854.4713 4.93191e-16 1e-20
4857.4127 4.94443e-16 1e-20
4860.354 5.01797e-16 1e-20
4863.2954 4.9933e-16 1e-20
4866.2367 4.99788e-16 1e-20
4869.1781 5.21366e-16 1e-20
4872.1195 5.20519e-16 1e-20
4875.0608 5.35243e-16 1e-20
4878.0022 5.32308e-16 1e-20
4880.9435 5.16798e-16 1e-20
4883.8849 5.48191e-16 1e-20
4886.8262 5.53374e-16 1e-20
4889.7676 5.41759e-16 1e-20
4892.7089 5.48863e-16 1e-20
4895.6503 5.3928e-16 1e-20
4898.5916 5.35132e-16 1e-20
4901.533 5.31114e-16 1e-20
4904.4744 5.39581e-16 1e-20
4907.4157 5.37883e-16 1e-20
4910.3571 5.25811e-16 1e-20
4913.2984 5.17187e-16 1e-20
4916.2398 5.30736e-16 1e-20
4919.1811 5.33444e-16 1e-20
4922.1225 5.4055e-16 1e-20
4925.0638 5.2739e-16 1e-20
4928.0052 5.45935e-16 1e-20
4930.9465 5.44655e-16 1e-20
4933.8879 5.52746e-16 1e-20
4936.8293 5.53796e-16 1e-20
4939.7706 5.61193e-16 1e-20
4942.712 5.34001e-16 1e-20
4945.6533 5.6259e-16 1e-20
4948.5947 5.7076e-16 1e-20
4951.536 5.55073e-16 1e-20
4954.4774 5.60588e-16 1e-20
4957.4187 5.65799e-16 1e-20
4960.3601 5.79108e-16 1e-20
4963.3014 5.71308e-16 1e-20
4966.2428 5.79992e-16 1e-20
4969.1841 5.64145e-16 1e-20
4972.1255 5.65517e-16 1e-20
4975.0669 5.72114e-16 1e-20
4978.0082 5.68168e-16 1e-20
4980.9496 5.88676e-16 1e-20
4983.8909 5.65276e-16 1e-20
4986.8323 5.73327e-16 1e-20
4989.7736 5.81574e-16 1e-20
4992.715 5.65336e-16 1e-20
4995.6563 5.73787e-16 1e-20
4998.5977 5.87729e-16 1e-20
5001.539 5.87834e-16 1e-20
5004.4804 5.93523e-16 1e-20
5007.4218 5.89718e-16 1e-20
5010.3631 6.04813e-16 1e-20
5013.3045 6.15503e-16 1e-20
5016.2458 6.01856e-16 1e-20
5019.1872 6.11799e-16 1e-20
5022.1285 6.20373e-16 1e-20
5025.0699 6.28244e-16 1e-20
5028.0112 6.12365e-16 1e-20
5030.9526 6.14656e-16 1e-20
5033.894 6.46243e-16 1e-20
5036.8353 6.44633e-16 1e-20
5039.7767 6.4154e-16 1e-20
5042.718 6.44595e-16 1e-20
5045.6594 6.53145e-16 1e-20
5048.6007 6.58259e-16 1e-20
5051.5421 6.68015e-16 1e-20
5054.4834 6.7579e-16 1e-20
5057.4248 6.69221e-16 1e-20
5060.3661 6.77249e-16 1e-20
5063.3075 7.02592e-16 1e-20
5066.2488 6.88975e-16 1e-20
5069.1902 6.76263e-16 1e-20
5072.1316 6.96678e-16 1e-20
5075.0729 7.04713e-16 1e-20
5078.0143 7.13887e-16 1e-20
5080.9556 7.21617e-16 1e-20
5083.897 7.09949e-16 1e-20
5086.8383 6.99763e-16 1e-20
5089.7797 7.1092e-16 1e-20
5092.721 7.28935e-16 1e-20
5095.6624 7.28998e-16 1e-20
5098.6037 7.11815e-16 1e-20
5101.5451 7.25226e-16 1e-20
5104.4865 7.24056e-16 1e-20
5107.4278 7.25851e-16 1e-20
5110.3692 7.22536e-16 1e-20
5113.3105 7.08615e-16 1e-20
5116.2519 7.2279e-16 1e-20
5119.1932 7.28552e-16 1e-20
5122.1346 7.23235e-16 1e-20
5125.0759 7.0976e-16 1e-20
5128.0173 7.19059e-16 1e-20
5130.9586 7.19012e-16 1e-20
5133.9 7.09191e-16 1e-20
5136.8413 7.04303e-16 1e-20
5139.7827 7.19969e-16 1e-20
5142.7241 7.09822e-16 1e-20
5145.6654 7.29499e-16 1e-20
5148.6068 7.19337e-16 1e-20
5151.5481 7.05501e-16 1e-20
5154.4895 7.13502e-16 1e-20
5157.4308 7.13329e-16 1e-20
5160.3722 7.08037e-16 1e-20
5163.3135 7.22796e-16 1e-20
5166.2549 7.07787e-16 1e-20
5169.1962 7.17184e-16 1e-20
5172.1376 7.25031e-16 1e-20
5175.079 6.84746e-16 1e-20
5178.0203 6.97338e-16 1e-20
5180.9617 7.14373e-16 1e-20
5183.903 6.96083e-16 1e-20
5186.8444 6.91323e-16 1e-20
5189.7857 6.79979e-16 1e-20
5192.7271 6.61007e-16 1e-20
5195.6684 6.50694e-16 1e-20
5198.6098 6.45356e-16 1e-20
5201.5511 6.39953e-16 1e-20
5204.4925 6.16648e-16 1e-20
5207.4339 6.23625e-16 1e-20
5210.3752 6.25963e-16 1e-20
5213.3166 6.24446e-16 1e-20
5216.2579 6.06484e-16 1e-20
5219.1993 5.65622e-16 1e-20
5222.1406 5.69102e-16 1e-20
5225.082 5.75381e-16 1e-20
5228.0233 5.47245e-16 1e-20
5230.9647 5.27377e-16 1e-20
5233.906 5.34421e-16 1e-20
5236.8474 5.36736e-16 1e-20
5239.7888 5.33652e-16 1e-20
5242.7301 5.21785e-16 1e-20
5245.6715 5.16179e-16 1e-20
5248.6128 5.08913e-16 1e-20
5251.5542 5.05761e-16 1e-20
5254.4955 5.00175e-16 1e-20
5257.4369 4.95843e-16 1e-20
5260.3782 4.97711e-16 1e-20
5263.3196 4.92205e-16 1e-20
5266.2609 4.81168e-16 1e-20
5269.2023 4.84582e-16 1e-20
5272.1436 4.90297e-16 1e-20
5275.085 4.69884e-16 1e-20
5278.0264 4.8133e-16 1e-20
5280.9677 4.81133e-16 1e-20
5283.9091 4.92484e-16 1e-20
5286.8504 4.8908e-16 1e-20
5289.7918 4.65148e-16 1e-20
5292.7331 4.75185e-16 1e-20
5295.6745 4.75889e-16 1e-20
5298.6158 4.79398e-16 1e-20
5301.5572 4.83957e-16 1e-20
5304.4985 4.84454e-16 1e-20
5307.4399 4.83723e-16 1e-20
5310.3813 4.68553e-16 1e-20
5313.3226 4.91209e-16 1e-20
5316.264 4.8518e-16 1e-20
5319.2053 4.92645e-16 1e-20
5322.1467 4.93169e-16 1e-20
5325.088 5.01145e-16 1e-20
5328.0294 5.01463e-16 1e-20
5330.9707 5.02098e-16 1e-20
5333.9121 4.85472e-16 1e-20
5336.8534 5.12173e-16 1e-20
5339.7948 5.18221e-16 1e-20
5342.7362 5.0469e-16 1e-20
5345.6775 5.12629e-16 1e-20
5348.6189 5.16224e-16 1e-20
5351.5602 5.12639e-16 1e-20
5354.5016 5.08142e-16 1e-20
5357.4429 5.19493e-16 1e-20
5360.3843 5.19566e-16 1e-20
5363.3256 5.23311e-16 1e-20
5366.267 5.02633e-16 1e-20
5369.2083 4.84683e-16 1e-20
5372.1497 4.95461e-16 1e-20
5375.0911 5.01959e-16 1e-20
5378.0324 5.02436e-16 1e-20
5380.9738 4.94051e-16 1e-20
5383.9151 4.77248e-16 1e-20
5386.8565 4.96446e-16 1e-20
5389.7978 4.85379e-16 1e-20
5392.7392 4.79344e-16 1e-20
5395.6805 4.95268e-16 1e-20
5398.6219 4.59301e-16 1e-20
5401.5632 4.6586e-16 1e-20
5404.5046 4.6388e-16 1e-20
5407.446 4.47783e-16 1e-20
5410.3873 4.40668e-16 1e-20
5413.3287 4.28386e-16 1e-20
5416.27 4.22934e-16 1e-20
5419.2114 4.31835e-16 1e-20
5422.1527 4.33565e-16 1e-20
5425.0941 4.27552e-16 1e-20
5428.0354 4.21066e-16 1e-20
5430.9768 4.21681e-16 1e-20
5433.9181 4.16817e-16 1e-20
5436.8595 4.28414e-16 1e-20
5439.8008 4.25344e-16 1e-20
5442.7422 4.05478e-16 1e-20
5445.6836 4.04486e-16 1e-20
5448.6249 4.18608e-16 1e-20
5451.5663 4.14491e-16 1e-20
5454.5076 4.21893e-16 1e-20
5457.449 4.30123e-16 1e-20
5460.3903 4.30002e-16 1e-20
5463.3317 4.44949e-16 1e-20
5466.273 4.4232e-16 1e-20
5469.2144 4.49391e-16 1e-20
5472.1557 4.51593e-16 1e-20
5475.0971 4.58513e-16 1e-20
5478.0385 4.73763e-16 1e-20
5480.9798 4.78174e-16 1e-20
5483.9212 4.99207e-16 1e-20
5486.8625 5.10757e-16 1e-20
5489.8039 4.92683e-16 1e-20
5492.7452 5.18951e-16 1e-20
5495.6866 5.20531e-16 1e-20
5498.6279 5.25805e-16 1e-20
5501.5693 5.39762e-16 1e-20
5504.5106 5.48815e-16 1e-20
5507.452 5.5103e-16 1e-20
5510.3934 5.46917e-16 1e-20
5513.3347 5.61884e-16 1e-20
5516.2761 5.64051e-16 1e-20
5519.2174 5.70356e-16 1e-20
5522.1588 5.82112e-16 1e-20
5525.1001 5.96436e-16 1e-20
5528.0415 5.94183e-16 1e-20
5530.9828 5.97144e-16 1e-20
5533.9242 5.79032e-16 1e-20
5536.8655 5.97134e-16 1e-20
5539.8069 6.08626e-16 1e-20
5542.7483 6.04901e-16 1e-20
5545.6896 6.06055e-16 1e-20
5548.631 5.95412e-16 1e-20
5551.5723 5.92507e-16 1e-20
5554.5137 5.88304e-16 1e-20
5557.455 6.0413e-16 1e-20
5560.3964 5.86803e-16 1e-20
5563.3377 5.92724e-16 1e-20
5566.2791 6.03777e-16 1e-20
5569.2204 5.75787e-16 1e-20
5572.1618 5.84994e-16 1e-20
5575.1032 5.92622e-16 1e-20
5578.0445 5.95032e-16 1e-20
5580.9859 5.90122e-16 1e-20
5583.9272 5.98965e-16 1e-20
5586.8686 6.01361e-16 1e-20
5589.8099 5.71041e-16 1e-20
5592.7513 5.93665e-16 1e-20
5595.6926 5.89894e-16 1e-20
5598.634 5.87369e-16 1e-20
5601.5753 6.07972e-16 1e-20
5604.5167 6.00087e-16 1e-20
5607.458 6.03878e-16 1e-20
5610.3994 6.23137e-16 1e-20
5613.3408 5.9976e-16 1e-20
5616.2821 6.07077e-16 1e-20
5619.2235 6.013e-16 1e-20
5622.1648 6.02614e-16 1e-20
5625.1062 6.01022e-16 1e-20
5628.0475 6.10412e-16 1e-20
5630.9889 6.09106e-16 1e-20
5633.9302 5.98688e-16 1e-20
5636.8716 6.06892e-16 1e-20
5639.8129 6.0509e-16 1e-20
5642.7543 6.0693e-16 1e-20
5645.6957 6.14162e-16 1e-20
5648.637 6.03696e-16 1e-20
5651.5784 6.08519e-16 1e-20
5654.5197 5.92114e-16 1e-20
5657.4611 6.02016e-16 1e-20
5660.4024 5.9301e-16 1e-20
5663.3438 5.8861e-16 1e-20
5666.2851 5.96564e-16 1e-20
5669.2265 5.91327e-16 1e-20
5672.1678 5.81291e-16 1e-20
5675.1092 5.8178e-16 1e-20
5678.0506 5.86257e-16 1e-20
5680.9919 5.67383e-16 1e-20
5683.9333 5.60353e-16 1e-20
5686.8746 5.61796e-16 1e-20
5689.816 5.5369e-16 1e-20
5692.7573 5.42022e-16 1e-20
5695.6987 5.25505e-16 1e-20
5698.64 5.16492e-16 1e-20
5701.5814 5.17824e-16 1e-20
5704.5227 5.30775e-16 1e-20
5707.4641 5.20953e-16 1e-20
5710.4055 5.21835e-16 1e-20
5713.3468 5.37628e-16 1e-20
5716.2882 5.22537e-16 1e-20
5719.2295 5.08463e-16 1e-20
5722.1709 5.03437e-16 1e-20
5725.1122 4.93363e-16 1e-20
5728.0536 4.93559e-16 1e-20
5730.9949 5.15546e-16 1e-20
5733.9363 5.14673e-16 1e-20
5736.8776 5.04813e-16 1e-20
5739.819 4.98326e-16 1e-20
5742.7603 4.97789e-16 1e-20
5745.7017 4.8605e-16 1e-20
5748.6431 4.7978e-16 1e-20
5751.5844 4.86408e-16 1e-20
5754.5258 5.09661e-16 1e-20
5757.4671 4.83521e-16 1e-20
5760.4085 4.85813e-16 1e-20
5763.3498 4.96564e-16 1e-20
5766.2912 4.98172e-16 1e-20
5769.2325 4.73631e-16 1e-20
5772.1739 4.85545e-16 1e-20
5775.1152 5.02424e-16 1e-20
5778.0566 5.16724e-16 1e-20
5780.998 5.06134e-16 1e-20
5783.9393 4.87656e-16 1e-20
5786.8807 4.94385e-16 1e-20
5789.822 4.93075e-16 1e-20
5792.7634 5.0652e-16 1e-20
5795.7047 5.01249e-16 1e-20
5798.6461 5.06634e-16 1e-20
5801.5874 5.30933e-16 1e-20
5804.5288 5.12071e-16 1e-20
5807.4701 5.1173e-16 1e-20
5810.4115 5.23739e-16 1e-20
5813.3529 5.21403e-16 1e-20
5816.2942 5.24078e-16 1e-20
5819.2356 5.40367e-16 1e-20
5822.1769 5.23867e-16 1e-20
5825.1183 5.2265e-16 1e-20
5828.0596 5.23464e-16 1e-20
5831.001 5.23711e-16 1e-20
5833.9423 5.24119e-16 1e-20
5836.8837 5.24427e-16 1e-20
5839.825 5.24716e-16 1e-20
5842.7664 5.23919e-16 1e-20
5845.7078 5.32452e-16 1e-20
5848.6491 5.43528e-16 1e-20
5851.5905 5.43954e-16 1e-20
5854.5318 5.45968e-16 1e-20
5857.4732 5.462e-16 1e-20
5860.4145 5.68226e-16 1e-20
5863.3559 5.71685e-16 1e-20
5866.2972 5.55087e-16 1e-20
5869.2386 5.39492e-16 1e-20
5872.1799 5.45124e-16 1e-20
5875.1213 5.53191e-16 1e-20
5878.0627 5.55342e-16 1e-20
5881.004 5.41028e-16 1e-20
5883.9454 5.46065e-16 1e-20
5886.8867 5.64068e-16 1e-20
5889.8281 5.66131e-16 1e-20
5892.7694 5.47759e-16 1e-20
5895.7108 5.50605e-16 1e-20
5898.6521 5.47014e-16 1e-20
5901.5935 5.48696e-16 1e-20
5904.5348 5.46169e-16 1e-20
5907.4762 5.58044e-16 1e-20
5910.4175 5.57142e-16 1e-20
5913.3589 5.68942e-16 1e-20
5916.3003 5.61888e-16 1e-20
5919.2416 5.57222e-16 1e-20
5922.183 5.48203e-16 1e-20
5925.1243 5.56855e-16 1e-20
5928.0657 5.57747e-16 1e-20
5931.007 5.50173e-16 1e-20
5933.9484 5.50508e-16 1e-20
5936.8897 5.40672e-16 1e-20
5939.8311 5.4326e-16 1e-20
5942.7724 5.5116e-16 1e-20
5945.7138 5.46306e-16 1e-20
5948.6552 5.35957e-16 1e-20
5951.5965 5.34692e-16 1e-20
5954.5379 5.30561e-16 1e-20
5957.4792 5.39816e-16 1e-20
5960.4206 5.34907e-16 1e-20
5963.3619 5.29254e-16 1e-20
5966.3033 5.18529e-16 1e-20
5969.2446 5.14737e-16 1e-20
5972.186 5.11606e-16 1e-20
5975.1273 5.10845e-16 1e-20
5978.0687 5.1275e-16 1e-20
5981.01 4.98883e-16 1e-20
5983.9514 4.86934e-16 1e-20
5986.8928 4.81745e-16 1e-20
5989.8341 4.86478e-16 1e-20
5992.7755 4.69747e-16 1e-20
5995.7168 4.57213e-16 1e-20
5998.6582 4.45095e-16 1e-20
6001.5995 4.27376e-16 1e-20
6004.5409 4.21736e-16 1e-20
6007.4822 4.0348e-16 1e-20
6010.4236 3.98265e-16 1e-20
6013.365 3.84332e-16 1e-20
6016.3063 3.81669e-16 1e-20
6019.2477 3.66039e-16 1e-20
6022.189 3.60886e-16 1e-20
6025.1304 3.3425e-16 1e-20
6028.0717 3.27322e-16 1e-20
6031.0131 3.25798e-16 1e-20
6033.9544 2.96556e-16 1e-20
6036.8958 2.92459e-16 1e-20
6039.8371 2.92202e-16 1e-20
6042.7785 2.83199e-16 1e-20
6045.7199 2.79455e-16 1e-20
6048.6612 2.56878e-16 1e-20
6051.6026 2.5403e-16 1e-20
6054.5439 2.39258e-16 1e-20
6057.4853 2.25523e-16 1e-20
6060.4266 2.50304e-16 1e-20
6063.368 2.38433e-16 1e-20
6066.3093 2.17535e-16 1e-20
6069.2507 2.32554e-16 1e-20
6072.192 2.23464e-16 1e-20
6075.1334 2.21868e-16 1e-20
6078.0747 2.04827e-16 1e-20
6081.0161 2.0359e-16 1e-20
6083.9575 1.99785e-16 1e-20
6086.8988 1.97988e-16 1e-20
6089.8402 1.91416e-16 1e-20
6092.7815 1.89882e-16 1e-20
6095.7229 1.99919e-16 1e-20
6098.6642 1.99036e-16 1e-20
6101.6056 1.91663e-16 1e-20
6104.5469 1.91497e-16 1e-20
6107.4883 1.91254e-16 1e-20
6110.4296 1.95369e-16 1e-20
6113.371 1.96612e-16 1e-20
6116.3124 1.97095e-16 1e-20
6119.2537 1.96679e-16 1e-20
6122.1951 1.9987e-16 1e-20
6125.1364 2.06405e-16 1e-20
6128.0778 2.09235e-16 1e-20
6131.0191 1.98578e-16 1e-20
6133.9605 2.13314e-16 1e-20
6136.9018 2.22775e-16 1e-20
6139.8432 2.10971e-16 1e-20
6142.7845 2.17526e-16 1e-20
6145.7259 2.33681e-16 1e-20
6148.6673 2.40298e-16 1e-20
6151.6086 2.45921e-16 1e-20
6154.55 2.52378e-16 1e-20
6157.4913 2.58142e-16 1e-20
6160.4327 2.51121e-16 1e-20
6163.374 2.62128e-16 1e-20
6166.3154 2.74563e-16 1e-20
6169.2567 2.69384e-16 1e-20
6172.1981 2.90077e-16 1e-20
6175.1394 2.90517e-16 1e-20
6178.0808 2.94815e-16 1e-20
6181.0222 2.94375e-16 1e-20
6183.9635 3.14916e-16 1e-20
6186.9049 3.19621e-16 1e-20
6189.8462 3.27247e-16 1e-20
6192.7876 3.36017e-16 1e-20
6195.7289 3.45791e-16 1e-20
6198.6703 3.50667e-16 1e-20
6201.6116 3.43276e-16 1e-20
6204.553 3.58934e-16 1e-20
6207.4943 3.69624e-16 1e-20
6210.4357 3.71961e-16 1e-20
6213.377 3.86488e-16 1e-20
6216.3184 3.97512e-16 1e-20
6219.2598 4.10434e-16 1e-20
6222.2011 4.14984e-16 1e-20
6225.1425 3.92195e-16 1e-20
6228.0838 4.30578e-16 1e-20
6231.0252 4.1459e-16 1e-20
6233.9665 4.228e-16 1e-20
6236.9079 4.27356e-16 1e-20
6239.8492 4.24754e-16 1e-20
6242.7906 4.36894e-16 1e-20
6245.7319 4.41677e-16 1e-20
6248.6733 4.45918e-16 1e-20
6251.6147 4.58217e-16 1e-20
6254.556 4.52474e-16 1e-20
6257.4974 4.52925e-16 1e-20
6260.4387 4.50446e-16 1e-20
6263.3801 4.5756e-16 1e-20
6266.3214 4.56166e-16 1e-20
6269.2628 4.67347e-16 1e-20
6272.2041 4.70318e-16 1e-20
6275.1455 4.74009e-16 1e-20
6278.0868 4.76378e-16 1e-20
6281.0282 4.83688e-16 1e-20
6283.9696 4.82502e-16 1e-20
6286.9109 4.82483e-16 1e-20
6289.8523 4.81822e-16 1e-20
6292.7936 4.82931e-16 1e-20
6295.735 4.8322e-16 1e-20
6298.6763 4.81922e-16 1e-20
6301.6177 4.89342e-16 1e-20
6304.559 4.67839e-16 1e-20
6307.5004 4.79683e-16 1e-20
6310.4417 4.95748e-16 1e-20
6313.3831 4.79124e-16 1e-20
6316.3245 4.8767e-16 1e-20
6319.2658 4.75436e-16 1e-20
6322.2072 4.88211e-16 1e-20
6325.1485 4.87938e-16 1e-20
6328.0899 4.85143e-16 1e-20
6331.0312 4.82638e-16 1e-20
6333.9726 4.80681e-16 1e-20
6336.9139 4.75552e-16 1e-20
6339.8553 4.83579e-16 1e-20
6342.7966 4.82458e-16 1e-20
6345.738 4.85786e-16 1e-20
6348.6794 4.82101e-16 1e-20
6351.6207 4.85738e-16 1e-20
6354.5621 4.76336e-16 1e-20
6357.5034 4.61378e-16 1e-20
6360.4448 4.76042e-16 1e-20
6363.3861 4.80351e-16 1e-20
6366.3275 4.77848e-16 1e-20
6369.2688 4.70068e-16 1e-20
6372.2102 4.86042e-16 1e-20
6375.1515 4.68506e-16 1e-20
6378.0929 4.64373e-16 1e-20
6381.0342 4.73353e-16 1e-20
6383.9756 4.86303e-16 1e-20
6386.917 4.73306e-16 1e-20
6389.8583 4.63602e-16 1e-20
6392.7997 4.74592e-16 1e-20
6395.741 4.65094e-16 1e-20
6398.6824 4.60148e-16 1e-20
6401.6237 4.50405e-16 1e-20
6404.5651 4.67274e-16 1e-20
6407.5064 4.49989e-16 1e-20
6410.4478 4.51678e-16 1e-20
6413.3891 4.54411e-16 1e-20
6416.3305 4.52786e-16 1e-20
6419.2719 4.49988e-16 1e-20
6422.2132 4.53423e-16 1e-20
6425.1546 4.44174e-16 1e-20
6428.0959 4.43551e-16 1e-20
6431.0373 4.37906e-16 1e-20
6433.9786 4.20861e-16 1e-20
6436.92 4.36031e-16 1e-20
6439.8613 4.38622e-16 1e-20
6442.8027 4.38745e-16 1e-20
6445.744 4.22103e-16 1e-20
6448.6854 4.40722e-16 1e-20
6451.6267 4.44442e-16 1e-20
6454.5681 4.40692e-16 1e-20
6457.5095 4.41238e-16 1e-20
6460.4508 4.27015e-16 1e-20
6463.3922 4.34117e-16 1e-20
6466.3335 4.28148e-16 1e-20
6469.2749 4.19346e-16 1e-20
6472.2162 4.16409e-16 1e-20
6475.1576 4.19658e-16 1e-20
6478.0989 4.08667e-16 1e-20
6481.0403 4.01937e-16 1e-20
6483.9817 3.92195e-16 1e-20
6486.923 3.98401e-16 1e-20
6489.8644 4.13799e-16 1e-20
6492.8057 4.15138e-16 1e-20
6495.7471 4.11726e-16 1e-20
6498.6884 3.92195e-16 1e-20
6501.6298 3.83843e-16 1e-20
6504.5711 3.96787e-16 1e-20
6507.5125 3.96292e-16 1e-20
6510.4538 3.87034e-16 1e-20
6513.3952 3.81773e-16 1e-20
6516.3366 3.82129e-16 1e-20
6519.2779 3.96485e-16 1e-20
6522.2193 3.88925e-16 1e-20
6525.1606 3.79303e-16 1e-20
6528.102 3.77228e-16 1e-20
6531.0433 3.72009e-16 1e-20
6533.9847 3.98555e-16 1e-20
6536.926 3.86668e-16 1e-20
6539.8674 3.80445e-16 1e-20
6542.8087 3.76472e-16 1e-20
6545.7501 3.74849e-16 1e-20
6548.6914 3.72311e-16 1e-20
6551.6328 3.63529e-16 1e-20
6554.5742 3.69956e-16 1e-20
6557.5155 3.70836e-16 1e-20
6560.4569 3.55397e-16 1e-20
6563.3982 3.37775e-16 1e-20
6566.3396 3.27538e-16 1e-20
6569.2809 3.475e-16 1e-20
6572.2223 3.48825e-16 1e-20
6575.1636 3.47922e-16 1e-20
6578.105 3.63126e-16 1e-20
6581.0463 3.72271e-16 1e-20
6583.9877 3.52046e-16 1e-20
6586.9291 3.43982e-16 1e-20
6589.8704 3.46197e-16 1e-20
6592.8118 3.42901e-16 1e-20
6595.7531 3.48438e-16 1e-20
6598.6945 3.47435e-16 1e-20
6601.6358 3.34361e-16 1e-20
6604.5772 3.53142e-16 1e-20
6607.5185 3.5401e-16 1e-20
6610.4599 3.39376e-16 1e-20
6613.4012 3.33065e-16 1e-20
6616.3426 3.40814e-16 1e-20
6619.2839 3.32105e-16 1e-20
6622.2253 3.19151e-16 1e-20
6625.1667 3.09264e-16 1e-20
6628.108 3.14417e-16 1e-20
6631.0494 3.26566e-16 1e-20
6633.9907 3.22868e-16 1e-20
6636.9321 3.34929e-16 1e-20
6639.8734 3.49667e-16 1e-20
6642.8148 3.30353e-16 1e-20
6645.7561 3.04661e-16 1e-20
6648.6975 3.0942e-16 1e-20
6651.6389 3.14512e-16 1e-20
6654.5802 3.08504e-16 1e-20
6657.5216 3.15844e-16 1e-20
6660.4629 3.23166e-16 1e-20
6663.4043 3.22142e-16 1e-20
6666.3456 3.05845e-16 1e-20
6669.287 3.00302e-16 1e-20
6672.2283 3.02514e-16 1e-20
6675.1697 2.97554e-16 1e-20
6678.111 3.06242e-16 1e-20
6681.0524 3.02966e-16 1e-20
6683.9938 2.9463e-16 1e-20
6686.9351 3.02679e-16 1e-20
6689.8765 3.02332e-16 1e-20
6692.8178 2.95397e-16 1e-20
6695.7592 2.97008e-16 1e-20
6698.7005 2.93941e-16 1e-20
6701.6419 2.99406e-16 1e-20
6704.5832 2.87753e-16 1e-20
6707.5246 2.96502e-16 1e-20
6710.4659 2.9238e-16 1e-20
6713.4073 2.86935e-16 1e-20
6716.3486 2.94188e-16 1e-20
6719.29 2.81694e-16 1e-20
6722.2314 2.7708e-16 1e-20
6725.1727 2.7187e-16 1e-20
6728.1141 2.77332e-16 1e-20
6731.0554 2.73702e-16 1e-20
6733.9968 2.66201e-16 1e-20
6736.9381 2.68934e-16 1e-20
6739.8795 2.79511e-16 1e-20
6742.8208 2.76222e-16 1e-20
6745.7622 2.66032e-16 1e-20
6748.7035 2.60903e-16 1e-20
6751.6449 2.65784e-16 1e-20
6754.5863 2.65713e-16 1e-20
6757.5276 2.65692e-16 1e-20
6760.469 2.71583e-16 1e-20
6763.4103 2.6199e-16 1e-20
6766.3517 2.65685e-16 1e-20
6769.293 2.65572e-16 1e-20
6772.2344 2.78536e-16 1e-20
6775.1757 2.72651e-16 1e-20
6778.1171 2.67886e-16 1e-20
6781.0584 2.63307e-16 1e-20
6783.9998 2.63957e-16 1e-20
6786.9412 2.56718e-16 1e-20
6789.8825 2.63315e-16 1e-20
6792.8239 2.55399e-16 1e-20
6795.7652 2.56838e-16 1e-20
6798.7066 2.66178e-16 1e-20
6801.6479 2.71889e-16 1e-20
6804.5893 2.59143e-16 1e-20
6807.5306 2.61686e-16 1e-20
6810.472 2.64914e-16 1e-20
6813.4133 2.58432e-16 1e-20
6816.3547 2.51521e-16 1e-20
6819.2961 2.5091e-16 1e-20
6822.2374 2.46642e-16 1e-20
6825.1788 2.57721e-16 1e-20
6828.1201 2.58122e-16 1e-20
6831.0615 2.41697e-16 1e-20
6834.0028 2.50523e-16 1e-20
6836.9442 2.59458e-16 1e-20
6839.8855 2.58967e-16 1e-20
6842.8269 2.46192e-16 1e-20
6845.7682 2.46484e-16 1e-20
6848.7096 2.43086e-16 1e-20
6851.6509 2.45126e-16 1e-20
6854.5923 2.51093e-16 1e-20
6857.5337 2.54068e-16 1e-20
6860.475 2.49276e-16 1e-20
6863.4164 2.39984e-16 1e-20
6866.3577 2.40058e-16 1e-20
6869.2991 2.33365e-16 1e-20
6872.2404 2.45003e-16 1e-20
6875.1818 2.42117e-16 1e-20
6878.1231 2.42011e-16 1e-20
6881.0645 2.3946e-16 1e-20
6884.0058 2.42687e-16 1e-20
6886.9472 2.43039e-16 1e-20
6889.8886 2.54806e-16 1e-20
6892.8299 2.56247e-16 1e-20
6895.7713 2.47486e-16 1e-20
6898.7126 2.38842e-16 1e-20
6901.654 2.5096e-16 1e-20
6904.5953 2.27763e-16 1e-20
6907.5367 2.34595e-16 1e-20
6910.478 2.30465e-16 1e-20
6913.4194 2.38927e-16 1e-20
6916.3607 2.40909e-16 1e-20
6919.3021 2.32394e-16 1e-20
6922.2434 2.32685e-16 1e-20
6925.1848 2.4513e-16 1e-20
6928.1262 2.38086e-16 1e-20
6931.0675 2.36531e-16 1e-20
6934.0089 2.24474e-16 1e-20
6936.9502 2.25757e-16 1e-20
6939.8916 2.36843e-16 1e-20
6942.8329 2.36783e-16 1e-20
6945.7743 2.29458e-16 1e-20
6948.7156 2.29162e-16 1e-20
6951.657 2.33191e-16 1e-20
6954.5984 2.27056e-16 1e-20
6957.5397 2.41561e-16 1e-20
6960.4811 2.397e-16 1e-20
6963.4224 2.31908e-16 1e-20
6966.3638 2.29402e-16 1e-20
6969.3051 2.26218e-16 1e-20
6972.2465 2.28452e-16 1e-20
6975.1878 2.21717e-16 1e-20
6978.1292 2.26821e-16 1e-20
6981.0705 2.37238e-16 1e-20
6984.0119 2.27352e-16 1e-20
6986.9533 2.23245e-16 1e-20
6989.8946 2.25041e-16 1e-20
6992.836 2.32521e-16 1e-20
6995.7773 2.27997e-16 1e-20
6998.7187 2.29607e-16 1e-20
7001.66 2.35459e-16 1e-20
7004.6014 2.26815e-16 1e-20
7007.5427 2.26245e-16 1e-20
7010.4841 2.34268e-16 1e-20
7013.4254 2.26142e-16 1e-20
7016.3668 2.29665e-16 1e-20
7019.3081 2.2349e-16 1e-20
7022.2495 2.10984e-16 1e-20
7025.1909 2.20838e-16 1e-20
7028.1322 2.23283e-16 1e-20
7031.0736 2.26394e-16 1e-20
7034.0149 2.37282e-16 1e-20
7036.9563 2.32776e-16 1e-20
7039.8976 2.22893e-16 1e-20
7042.839 2.26224e-16 1e-20
7045.7803 2.25015e-16 1e-20
7048.7217 2.24556e-16 1e-20
7051.663 2.18027e-16 1e-20
7054.6044 2.16338e-16 1e-20
7057.5458 2.21831e-16 1e-20
7060.4871 2.19256e-16 1e-20
7063.4285 2.191e-16 1e-20
7066.3698 2.29757e-16 1e-20
7069.3112 2.11955e-16 1e-20
7072.2525 2.26826e-16 1e-20
7075.1939 2.23459e-16 1e-20
7078.1352 2.08645e-16 1e-20
7081.0766 2.1976e-16 1e-20
7084.0179 2.15051e-16 1e-20
7086.9593 2.12261e-16 1e-20
7089.9006 2.18239e-16 1e-20
7092.842 2.09899e-16 1e-20
7095.7834 2.05888e-16 1e-20
7098.7247 2.26813e-16 1e-20
7101.6661 2.18693e-16 1e-20
7104.6074 2.11845e-16 1e-20
7107.5488 2.08935e-16 1e-20
7110.4901 2.15869e-16 1e-20
7113.4315 2.03817e-16 1e-20
7116.3728 2.16008e-16 1e-20
7119.3142 2.23514e-16 1e-20
7122.2556 2.23675e-16 1e-20
7125.1969 2.09232e-16 1e-20
7128.1383 2.11073e-16 1e-20
7131.0796 2.13855e-16 1e-20
7134.021 2.06907e-16 1e-20
7136.9623 2.07797e-16 1e-20
7139.9037 2.15294e-16 1e-20
7142.845 2.12179e-16 1e-20
7145.7864 2.04294e-16 1e-20
7148.7277 1.97943e-16 1e-20
7151.6691 2.135e-16 1e-20
7154.6105 2.14634e-16 1e-20
7157.5518 1.9828e-16 1e-20
7160.4932 1.96633e-16 1e-20
7163.4345 1.95233e-16 1e-20
7166.3759 2.0749e-16 1e-20
7169.3172 2.02549e-16 1e-20
7172.2586 2.05177e-16 1e-20
7175.1999 2.06557e-16 1e-20
7178.1413 2.11084e-16 1e-20
7181.0826 2.05311e-16 1e-20
7184.024 2.01469e-16 1e-20
7186.9653 1.97467e-16 1e-20
7189.9067 2.14211e-16 1e-20
7192.8481 2.07681e-16 1e-20
7195.7894 1.9607e-16 1e-20
7198.7308 2.03985e-16 1e-20
7201.6721 1.98742e-16 1e-20
7204.6135 2.12308e-16 1e-20
7207.5548 2.10675e-16 1e-20
7210.4962 2.12486e-16 1e-20
7213.4375 2.05709e-16 1e-20
7216.3789 2.08276e-16 1e-20
7219.3202 2.0314e-16 1e-20
7222.2616 2.00525e-16 1e-20
7225.203 2.0504e-16 1e-20
7228.1443 1.86854e-16 1e-20
7231.0857 1.80099e-16 1e-20
7234.027 1.86845e-16 1e-20
7236.9684 1.92538e-16 1e-20
7239.9097 1.94542e-16 1e-20
7242.8511 1.91225e-16 1e-20
7245.7924 1.94686e-16 1e-20
7248.7338 1.98259e-16 1e-20
7251.6751 1.94514e-16 1e-20
7254.6165 1.94641e-16 1e-20
7257.5578 1.96424e-16 1e-20
7260.4992 2.02176e-16 1e-20
7263.4406 1.93985e-16 1e-20
7266.3819 1.95114e-16 1e-20
7269.3233 2.08852e-16 1e-20
7272.2646 2.05138e-16 1e-20
7275.206 2.00267e-16 1e-20
7278.1473 1.87616e-16 1e-20
7281.0887 1.91942e-16 1e-20
7284.03 1.88056e-16 1e-20
7286.9714 1.90529e-16 1e-20
7289.9128 1.84126e-16 1e-20
7292.8541 1.85654e-16 1e-20
7295.7955 1.91717e-16 1e-20
7298.7368 1.90818e-16 1e-20
7301.6782 1.97182e-16 1e-20
7304.6195 1.92246e-16 1e-20
7307.5609 1.87911e-16 1e-20
7310.5022 1.89874e-16 1e-20
7313.4436 1.93012e-16 1e-20
7316.3849 1.84296e-16 1e-20
7319.3263 1.74736e-16 1e-20
7322.2676 1.82537e-16 1e-20
7325.209 1.85446e-16 1e-20
7328.1504 1.76804e-16 1e-20
7331.0917 1.74848e-16 1e-20
7334.0331 1.79733e-16 1e-20
7336.9744 1.77746e-16 1e-20
7339.9158 1.77564e-16 1e-20
7342.8571 1.77382e-16 1e-20
7345.7985 1.772e-16 1e-20
7348.7398 1.77018e-16 1e-20
7351.6812 1.76836e-16 1e-20
7354.6225 1.76654e-16 1e-20
7357.5639 1.76472e-16 1e-20
7360.5053 1.76289e-16 1e-20
7363.4466 1.76107e-16 1e-20
7366.388 1.75925e-16 1e-20
7369.3293 1.75743e-16 1e-20
7372.2707 1.75561e-16 1e-20
7375.212 1.75379e-16 1e-20
7378.1534 1.7311e-16 1e-20
7381.0947 1.53288e-16 1e-20
7384.0361 1.50464e-16 1e-20
7386.9774 1.36217e-16 1e-20
7389.9188 1.58136e-16 1e-20
7392.8601 1.44305e-16 1e-20
7395.8015 1.41333e-16 1e-20
7398.7429 1.31463e-16 1e-20
7401.6842 1.28069e-16 1e-20
7404.6256 1.36046e-16 1e-20
7407.5669 1.32041e-16 1e-20
7410.5083 1.38406e-16 1e-20
7413.4496 1.51386e-16 1e-20
7416.391 1.38498e-16 1e-20
7419.3323 1.36706e-16 1e-20
7422.2737 1.43988e-16 1e-20
7425.2151 1.45186e-16 1e-20
7428.1564 1.43968e-16 1e-20
7431.0978 1.34775e-16 1e-20
7434.0391 1.49921e-16 1e-20
7436.9805 1.37021e-16 1e-20
7439.9218 1.33589e-16 1e-20
7442.8632 1.40999e-16 1e-20
7445.8045 1.43039e-16 1e-20
7448.7459 1.36578e-16 1e-20
7451.6872 1.40253e-16 1e-20
7454.6286 1.41168e-16 1e-20
7457.57 1.43664e-16 1e-20
7460.5113 1.50358e-16 1e-20
7463.4527 1.42474e-16 1e-20
7466.394 1.4895e-16 1e-20
7469.3354 1.43172e-16 1e-20
7472.2767 1.42425e-16 1e-20
7475.2181 1.37281e-16 1e-20
7478.1594 1.41479e-16 1e-20
7481.1008 1.37413e-16 1e-20
7484.0421 1.4153e-16 1e-20
7486.9835 1.4085e-16 1e-20
7489.9248 1.43177e-16 1e-20
7492.8662 1.48365e-16 1e-20
7495.8076 1.48542e-16 1e-20
7498.7489 1.65332e-16 1e-20
7501.6903 1.60835e-16 1e-20
7504.6316 1.55025e-16 1e-20
7507.573 1.53111e-16 1e-20
7510.5143 1.54092e-16 1e-20
7513.4557 1.59447e-16 1e-20
7516.397 1.54351e-16 1e-20
7519.3384 1.55e-16 1e-20
7522.2797 1.52509e-16 1e-20
7525.2211 1.5369e-16 1e-20
7528.1625 1.62652e-16 1e-20
7531.1038 1.58451e-16 1e-20
7534.0452 1.79408e-16 1e-20
7536.9865 1.77986e-16 1e-20
7539.9279 1.86121e-16 1e-20
7542.8692 1.54114e-16 1e-20
7545.8106 1.48857e-16 1e-20
7548.7519 1.61672e-16 1e-20
7551.6933 1.72155e-16 1e-20
7554.6346 1.69726e-16 1e-20
7557.576 1.71752e-16 1e-20
7560.5173 1.73289e-16 1e-20
7563.4587 1.71393e-16 1e-20
7566.4001 1.77479e-16 1e-20
7569.3414 1.56612e-16 1e-20
7572.2828 1.68159e-16 1e-20
7575.2241 1.72877e-16 1e-20
7578.1655 1.50875e-16 1e-20
7581.1068 1.44238e-16 1e-20
7584.0482 1.57583e-16 1e-20
7586.9895 1.67376e-16 1e-20
7589.9309 1.91034e-16 1e-20
7592.8723 1.79884e-16 1e-20
7595.8136 1.72484e-16 1e-20
7598.755 1.66752e-16 1e-20
7601.6963 1.69174e-16 1e-20
7604.6377 1.79365e-16 1e-20
7607.579 1.75794e-16 1e-20
7610.5204 1.6027e-16 1e-20
7613.4617 1.6086e-16 1e-20
7616.4031 1.9183e-16 1e-20
7619.3444 1.94799e-16 1e-20
7622.2858 1.85476e-16 1e-20
7625.2272 1.84378e-16 1e-20
7628.1685 1.82389e-16 1e-20
7631.1099 1.80279e-16 1e-20
7634.0512 1.66281e-16 1e-20
7636.9926 1.63252e-16 1e-20
7639.9339 1.86529e-16 1e-20
7642.8753 1.91392e-16 1e-20
7645.8166 1.84181e-16 1e-20
7648.758 1.85111e-16 1e-20
7651.6993 2.00471e-16 1e-20
7654.6407 1.9219e-16 1e-20
7657.582 1.6682e-16 1e-20
7660.5234 1.70022e-16 1e-20
7663.4648 1.77522e-16 1e-20
7666.4061 1.74776e-16 1e-20
7669.3475 1.85172e-16 1e-20
7672.2888 1.91179e-16 1e-20
7675.2302 1.86757e-16 1e-20
7678.1715 1.88684e-16 1e-20
7681.1129 1.86923e-16 1e-20
7684.0542 1.89674e-16 1e-20
7686.9956 1.92449e-16 1e-20
7689.9369 1.80706e-16 1e-20
7692.8783 1.87821e-16 1e-20
7695.8197 1.95942e-16 1e-20
7698.761 1.81904e-16 1e-20
7701.7024 1.77251e-16 1e-20
7704.6437 1.89656e-16 1e-20
7707.5851 1.85399e-16 1e-20
7710.5264 1.89236e-16 1e-20
7713.4678 1.8049e-16 1e-20
7716.4091 1.68892e-16 1e-20
7719.3505 1.79587e-16 1e-20
7722.2918 1.93484e-16 1e-20
7725.2332 1.85579e-16 1e-20
7728.1745 1.84958e-16 1e-20
7731.1159 1.6976e-16 1e-20
7734.0573 1.76717e-16 1e-20
7736.9986 1.88038e-16 1e-20
7739.94 1.87083e-16 1e-20
7742.8813 1.90982e-16 1e-20
7745.8227 1.84043e-16 1e-20
7748.764 2.04478e-16 1e-20
7751.7054 1.98131e-16 1e-20
7754.6467 1.80521e-16 1e-20
7757.5881 1.83862e-16 1e-20
7760.5295 1.88998e-16 1e-20
7763.4708 1.83538e-16 1e-20
7766.4122 1.97341e-16 1e-20
7769.3535 1.91362e-16 1e-20
7772.2949 1.80994e-16 1e-20
7775.2362 1.79089e-16 1e-20
7778.1776 1.89519e-16 1e-20
7781.1189 1.88041e-16 1e-20
7784.0603 1.72219e-16 1e-20
7787.0016 1.89804e-16 1e-20
7789.943 1.96965e-16 1e-20
7792.8843 1.91236e-16 1e-20
7795.8257 1.99773e-16 1e-20
7798.7671 1.89996e-16 1e-20
7801.7084 1.852e-16 1e-20
7804.6498 1.8031e-16 1e-20
7807.5911 1.78439e-16 1e-20
7810.5325 1.81177e-16 1e-20
7813.4738 1.92387e-16 1e-20
7816.4152 1.89673e-16 1e-20
7819.3565 1.82505e-16 1e-20
7822.2979 1.85953e-16 1e-20
7825.2392 1.94307e-16 1e-20
7828.1806 1.98026e-16 1e-20
7831.122 1.85798e-16 1e-20
7834.0633 1.75996e-16 1e-20
7837.0047 1.8553e-16 1e-20
7839.946 1.6844e-16 1e-20
7842.8874 1.83119e-16 1e-20
7845.8287 1.87519e-16 1e-20
7848.7701 1.74617e-16 1e-20
7851.7114 1.73813e-16 1e-20
7854.6528 1.75421e-16 1e-20
7857.5941 1.67899e-16 1e-20
7860.5355 1.76521e-16 1e-20
7863.4768 1.73136e-16 1e-20
7866.4182 1.66242e-16 1e-20
7869.3596 1.81191e-16 1e-20
7872.3009 1.66625e-16 1e-20
7875.2423 1.57083e-16 1e-20
7878.1836 1.65754e-16 1e-20
7881.125 1.7504e-16 1e-20
7884.0663 1.83102e-16 1e-20
7887.0077 1.83945e-16 1e-20
7889.949 1.69998e-16 1e-20
7892.8904 1.69038e-16 1e-20
7895.8317 1.77818e-16 1e-20
7898.7731 1.8866e-16 1e-20
7901.7145 1.83906e-16 1e-20
7904.6558 1.84772e-16 1e-20
7907.5972 1.6753e-16 1e-20
7910.5385 1.62927e-16 1e-20
7913.4799 1.6674e-16 1e-20
7916.4212 1.54651e-16 1e-20
7919.3626 1.83849e-16 1e-20
7922.3039 1.86623e-16 1e-20
7925.2453 1.79529e-16 1e-20
7928.1867 1.68106e-16 1e-20
7931.128 1.73897e-16 1e-20
7934.0694 1.75627e-16 1e-20
7937.0107 1.86761e-16 1e-20
7939.9521 1.66231e-16 1e-20
7942.8934 1.69015e-16 1e-20
7945.8348 1.70384e-16 1e-20
7948.7761 1.6534e-16 1e-20
7951.7175 1.59567e-16 1e-20
7954.6588 1.76374e-16 1e-20
7957.6002 1.71407e-16 1e-20
7960.5415 1.61832e-16 1e-20
7963.4829 1.74377e-16 1e-20
7966.4243 1.78896e-16 1e-20
7969.3656 1.71172e-16 1e-20
7972.307 1.71368e-16 1e-20
7975.2483 1.70436e-16 1e-20
7978.1897 1.65095e-16 1e-20
7981.131 1.66252e-16 1e-20
7984.0724 1.74384e-16 1e-20
7987.0137 1.62951e-16 1e-20
7989.9551 1.73333e-16 1e-20
7992.8964 1.73743e-16 1e-20
7995.8378 1.61205e-16 1e-20
7998.7792 1.61255e-16 1e-20
8001.7205 1.45076e-16 1e-20
8004.6619 1.76265e-16 1e-20
8007.6032 1.8023e-16 1e-20
8010.5446 1.68135e-16 1e-20
8013.4859 1.71032e-16 1e-20
8016.4273 1.55957e-16 1e-20
8019.3686 1.55444e-16 1e-20
8022.31 1.51301e-16 1e-20
8025.2513 1.50019e-16 1e-20
8028.1927 1.51938e-16 1e-20
8031.134 1.67055e-16 1e-20
8034.0754 1.53277e-16 1e-20
8037.0168 1.50638e-16 1e-20
8039.9581 1.45422e-16 1e-20
8042.8995 1.57635e-16 1e-20
8045.8408 1.59996e-16 1e-20
8048.7822 1.41038e-16 1e-20
8051.7235 1.47456e-16 1e-20
8054.6649 1.51086e-16 1e-20
8057.6062 1.47962e-16 1e-20
8060.5476 1.58038e-16 1e-20
8063.489 1.52507e-16 1e-20
8066.4303 1.50439e-16 1e-20
8069.3717 1.45084e-16 1e-20
8072.313 1.08934e-16 1e-20
8075.2544 1.37376e-16 1e-20
8078.1957 1.25646e-16 1e-20
8081.1371 1.22592e-16 1e-20
8084.0784 1.429e-16 1e-20
8087.0198 1.48564e-16 1e-20
8089.9611 1.37459e-16 1e-20
8092.9025 1.30206e-16 1e-20
8095.8439 1.33391e-16 1e-20
8098.7852 1.27031e-16 1e-20
8101.7266 1.33272e-16 1e-20
8104.6679 1.34856e-16 1e-20
8107.6093 1.41063e-16 1e-20
8110.5506 1.27971e-16 1e-20
8113.492 1.04129e-16 1e-20
8116.4333 1.24362e-16 1e-20
8119.3747 1.41009e-16 1e-20
8122.316 1.26909e-16 1e-20
8125.2574 1.38831e-16 1e-20
8128.1987 1.17593e-16 1e-20
8131.1401 1.37001e-16 1e-20
8134.0815 1.20878e-16 1e-20
8137.0228 1.18377e-16 1e-20
8139.9642 1.11867e-16 1e-20
8142.9055 1.2833e-16 1e-20
8145.8469 1.20656e-16 1e-20
8148.7882 1.10173e-16 1e-20
8151.7296 1.3598e-16 1e-20
8154.6709 1.11622e-16 1e-20
8157.6123 1.06355e-16 1e-20
8160.5536 1.24223e-16 1e-20
8163.495 1.02534e-16 1e-20
8166.4364 9.95987e-17 1e-20
8169.3777 1.24655e-16 1e-20
8172.3191 1.17456e-16 1e-20
8175.2604 1.1316e-16 1e-20
8178.2018 1.2331e-16 1e-20
8181.1431 1.20807e-16 1e-20
8184.0845 1.095e-16 1e-20
8187.0258 1.17912e-16 1e-20
8189.9672 9.85056e-17 1e-20
8192.9085 1.07516e-16 1e-20
8195.8499 1.101e-16 1e-20
8198.7912 1.06832e-16 1e-20
8201.7326 1.03419e-16 1e-20
8204.674 1.14252e-16 1e-20
8207.6153 8.36673e-17 1e-20
8210.5567 1.0295e-16 1e-20
8213.498 1.197e-16 1e-20
8216.4394 1.10961e-16 1e-20
8219.3807 1.07397e-16 1e-20
8222.3221 9.99466e-17 1e-20
8225.2634 1.01745e-16 1e-20
8228.2048 1.01323e-16 1e-20
8231.1462 1.13323e-16 1e-20
8234.0875 1.06811e-16 1e-20
8237.0289 1.05956e-16 1e-20
8239.9702 1.17205e-16 1e-20
8242.9116 1.20441e-16 1e-20
8245.8529 1.04351e-16 1e-20
8248.7943 9.55506e-17 1e-20
8251.7356 9.40311e-17 1e-20
8254.677 9.70673e-17 1e-20
8257.6183 9.99316e-17 1e-20
8260.5597 1.17224e-16 1e-20
8263.501 1.43476e-16 1e-20
8266.4424 1.13317e-16 1e-20
8269.3838 1.06764e-16 1e-20
8272.3251 1.14196e-16 1e-20
8275.2665 1.17353e-16 1e-20
8278.2078 1.08168e-16 1e-20
8281.1492 1.28642e-16 1e-20
8284.0905 1.21094e-16 1e-20
8287.0319 1.18088e-16 1e-20
8289.9732 1.04292e-16 1e-20
8292.9146 1.13545e-16 1e-20
8295.8559 1.21227e-16 1e-20
8298.7973 1.18925e-16 1e-20
8301.7387 1.28589e-16 1e-20
8304.68 1.12736e-16 1e-20
8307.6214 1.11425e-16 1e-20
8310.5627 1.04746e-16 1e-20
8313.5041 1.0795e-16 1e-20
8316.4454 1.24597e-16 1e-20
8319.3868 1.30324e-16 1e-20
8322.3281 1.15623e-16 1e-20
8325.2695 1.00587e-16 1e-20
8328.2108 1.21924e-16 1e-20
8331.1522 1.38387e-16 1e-20
8334.0935 1.45765e-16 1e-20
8337.0349 1.17458e-16 1e-20
8339.9763 1.22142e-16 1e-20
8342.9176 1.27759e-16 1e-20
8345.859 1.36677e-16 1e-20
8348.8003 1.1153e-16 1e-20
8351.7417 1.12137e-16 1e-20
8354.683 1.18e-16 1e-20
8357.6244 1.30613e-16 1e-20
8360.5657 1.51384e-16 1e-20
8363.5071 1.37494e-16 1e-20
8366.4484 1.32707e-16 1e-20
8369.3898 1.24459e-16 1e-20
8372.3312 1.1153e-16 1e-20
8375.2725 1.4177e-16 1e-20
8378.2139 1.42104e-16 1e-20
8381.1552 1.4678e-16 1e-20
8384.0966 1.52327e-16 1e-20
8387.0379 1.24899e-16 1e-20
8389.9793 1.3329e-16 1e-20
8392.9206 1.5698e-16 1e-20
8395.862 1.50572e-16 1e-20
8398.8034 1.48777e-16 1e-20
8401.7447 1.43419e-16 1e-20
8404.6861 1.36442e-16 1e-20
8407.6274 1.38179e-16 1e-20
8410.5688 1.47284e-16 1e-20
8413.5101 1.46749e-16 1e-20
8416.4515 1.49279e-16 1e-20
8419.3928 1.56142e-16 1e-20
8422.3342 1.59206e-16 1e-20
8425.2755 1.56787e-16 1e-20
8428.2169 1.57469e-16 1e-20
8431.1582 1.55212e-16 1e-20
8434.0996 1.66446e-16 1e-20
8437.041 1.58822e-16 1e-20
8439.9823 1.64875e-16 1e-20
8442.9237 1.58559e-16 1e-20
8445.865 1.49085e-16 1e-20
8448.8064 1.55337e-16 1e-20
8451.7477 1.5527e-16 1e-20
8454.6891 1.63547e-16 1e-20
8457.6304 1.60785e-16 1e-20
8460.5718 1.56794e-16 1e-20
8463.5131 1.55977e-16 1e-20
8466.4545 1.55371e-16 1e-20
8469.3959 1.72283e-16 1e-20
8472.3372 1.717e-16 1e-20
8475.2786 1.49345e-16 1e-20
8478.2199 1.80615e-16 1e-20
8481.1613 1.6129e-16 1e-20
8484.1026 1.83936e-16 1e-20
8487.044 1.74019e-16 1e-20
8489.9853 1.6955e-16 1e-20
8492.9267 1.81546e-16 1e-20
8495.868 1.69632e-16 1e-20
8498.8094 1.89818e-16 1e-20
8501.7507 1.57814e-16 1e-20
8504.6921 1.43151e-16 1e-20
8507.6335 1.80362e-16 1e-20
8510.5748 1.75141e-16 1e-20
8513.5162 1.75601e-16 1e-20
8516.4575 1.70652e-16 1e-20
8519.3989 1.70711e-16 1e-20
8522.3402 1.69013e-16 1e-20
8525.2816 1.80795e-16 1e-20
8528.2229 1.57925e-16 1e-20
8531.1643 1.72467e-16 1e-20
8534.1057 1.79738e-16 1e-20
8537.047 1.598e-16 1e-20
8539.9884 1.46157e-16 1e-20
8542.9297 1.40982e-16 1e-20
8545.8711 1.76486e-16 1e-20
8548.8124 1.81655e-16 1e-20
8551.7538 1.70944e-16 1e-20
8554.6951 1.57835e-16 1e-20
8557.6365 1.52959e-16 1e-20
8560.5778 1.35709e-16 1e-20
8563.5192 1.38457e-16 1e-20
8566.4606 1.78411e-16 1e-20
8569.4019 1.81377e-16 1e-20
8572.3433 1.67364e-16 1e-20
8575.2846 1.76464e-16 1e-20
8578.226 1.34488e-16 1e-20
8581.1673 1.51332e-16 1e-20
8584.1087 1.65788e-16 1e-20
8587.05 1.71671e-16 1e-20
8589.9914 1.47577e-16 1e-20
8592.9327 1.72834e-16 1e-20
8595.8741 1.57534e-16 1e-20
8598.8154 1.42069e-16 1e-20
8601.7568 1.49539e-16 1e-20
8604.6982 1.48194e-16 1e-20
8607.6395 1.4241e-16 1e-20
8610.5809 1.30503e-16 1e-20
8613.5222 1.58581e-16 1e-20
8616.4636 1.73264e-16 1e-20
8619.4049 1.43683e-16 1e-20
8622.3463 1.50213e-16 1e-20
8625.2876 1.50503e-16 1e-20
8628.229 1.50794e-16 1e-20
8631.1703 1.51084e-16 1e-20
8634.1117 1.51374e-16 1e-20
8637.0531 1.51665e-16 1e-20
8639.9944 1.25113e-16 1e-20
8642.9358 1.13664e-16 1e-20
8645.8771 1.37824e-16 1e-20
8648.8185 1.41107e-16 1e-20
8651.7598 1.55698e-16 1e-20
8654.7012 1.51027e-16 1e-20
8657.6425 1.39604e-16 1e-20
8660.5839 1.61502e-16 1e-20
8663.5252 1.32361e-16 1e-20
8666.4666 1.24545e-16 1e-20
8669.4079 1.55259e-16 1e-20
8672.3493 1.16384e-16 1e-20
8675.2907 1.20499e-16 1e-20
8678.232 1.29848e-16 1e-20
8681.1734 1.32957e-16 1e-20
8684.1147 1.29193e-16 1e-20
8687.0561 1.33389e-16 1e-20
8689.9974 1.26659e-16 1e-20
8692.9388 1.32552e-16 1e-20
8695.8801 9.72517e-17 1e-20
8698.8215 1.08718e-16 1e-20
8701.7629 1.552e-16 1e-20
8704.7042 1.52174e-16 1e-20
8707.6456 1.3679e-16 1e-20
8710.5869 1.2869e-16 1e-20
8713.5283 1.34243e-16 1e-20
8716.4696 1.41243e-16 1e-20
8719.411 1.24362e-16 1e-20
8722.3523 1.46742e-16 1e-20
8725.2937 1.45354e-16 1e-20
8728.235 1.46078e-16 1e-20
8731.1764 1.5264e-16 1e-20
8734.1177 1.16511e-16 1e-20
8737.0591 1.31856e-16 1e-20
8740.0005 1.31295e-16 1e-20
8742.9418 1.32853e-16 1e-20
8745.8832 1.45694e-16 1e-20
8748.8245 1.21582e-16 1e-20
8751.7659 1.20532e-16 1e-20
8754.7072 1.28272e-16 1e-20
8757.6486 1.50919e-16 1e-20
8760.5899 1.43688e-16 1e-20
8763.5313 1.11343e-16 1e-20
8766.4726 1.15871e-16 1e-20
8769.414 1.53942e-16 1e-20
8772.3554 1.55868e-16 1e-20
8775.2967 1.35512e-16 1e-20
8778.2381 1.38778e-16 1e-20
8781.1794 1.20485e-16 1e-20
8784.1208 1.21353e-16 1e-20
8787.0621 1.35288e-16 1e-20
8790.0035 9.46835e-17 1e-20
8792.9448 1.19063e-16 1e-20
8795.8862 1.15513e-16 1e-20
8798.8275 1.3185e-16 1e-20
8801.7689 1.11763e-16 1e-20
8804.7102 9.35102e-17 1e-20
8807.6516 9.46954e-17 1e-20
8810.593 1.1074e-16 1e-20
8813.5343 1.20086e-16 1e-20
8816.4757 1.16857e-16 1e-20
8819.417 1.02881e-16 1e-20
8822.3584 7.58287e-17 1e-20
8825.2997 9.75456e-17 1e-20
8828.2411 1.08774e-16 1e-20
8831.1824 9.0562e-17 1e-20
8834.1238 1.12305e-16 1e-20
8837.0651 8.2504e-17 1e-20
8840.0065 9.06253e-17 1e-20
8842.9479 8.48341e-17 1e-20
8845.8892 1.07636e-16 1e-20
8848.8306 1.1632e-16 1e-20
8851.7719 1.21194e-16 1e-20
8854.7133 9.14725e-17 1e-20
8857.6546 7.73793e-17 1e-20
8860.596 1.10949e-16 1e-20
8863.5373 1.16464e-16 1e-20
8866.4787 1.22306e-16 1e-20
8869.4201 8.49591e-17 1e-20
8872.3614 9.43818e-17 1e-20
8875.3028 1.1438e-16 1e-20
8878.2441 1.44111e-16 1e-20
8881.1855 1.04216e-16 1e-20
8884.1268 1.05117e-16 1e-20
8887.0682 9.38709e-17 1e-20
8890.0095 1.07924e-16 1e-20
8892.9509 1.33687e-16 1e-20
8895.8922 1.05229e-16 1e-20
8898.8336 1.14192e-16 1e-20
8901.7749 1.07954e-16 1e-20
8904.7163 1.01266e-16 1e-20
8907.6577 1.11579e-16 1e-20
8910.599 1.02616e-16 1e-20
8913.5404 9.65095e-17 1e-20
8916.4817 1.12657e-16 1e-20
8919.4231 1.17975e-16 1e-20
8922.3644 9.74209e-17 1e-20
8925.3058 7.75361e-17 1e-20
8928.2471 8.49002e-17 1e-20
8931.1885 8.18971e-17 1e-20
