5874.079 0.99505714 1e-20
5874.1622 1.0004828 1e-20
5874.2455 1.0242931 1e-20
5874.3287 1.0095092 1e-20
5874.412 1.0038722 1e-20
5874.4952 1.0184054 1e-20
5874.5785 1.0029862 1e-20
5874.6618 1.0022799 1e-20
5874.745 0.99775495 1e-20
5874.8283 0.99334122 1e-20
5874.9115 0.9990614 1e-20
5874.9948 0.98952462 1e-20
5875.078 0.99088708 1e-20
5875.1613 0.99396241 1e-20
5875.2445 1.0058966 1e-20
5875.3278 1.0065201 1e-20
5875.411 0.99359698 1e-20
5875.4943 0.99532582 1e-20
5875.5775 0.99388168 1e-20
5875.6608 0.9985475 1e-20
5875.7441 0.98897997 1e-20
5875.8273 0.99132699 1e-20
5875.9106 1.0000692 1e-20
5875.9938 0.99087805 1e-20
5876.0771 0.99263534 1e-20
5876.1603 0.9925099 1e-20
5876.2436 0.99812486 1e-20
5876.3268 1.006231 1e-20
5876.4101 0.99979144 1e-20
5876.4933 0.99353704 1e-20
5876.5766 0.98845055 1e-20
5876.6598 1.0079037 1e-20
5876.7431 0.99771808 1e-20
5876.8263 0.97972008 1e-20
5876.9096 1.0075511 1e-20
5876.9929 0.99154992 1e-20
5877.0761 1.0107028 1e-20
5877.1594 0.99365609 1e-20
5877.2426 0.99726159 1e-20
5877.3259 1.0026637 1e-20
5877.4091 0.99366729 1e-20
5877.4924 1.0036646 1e-20
5877.5756 1.0134608 1e-20
5877.6589 0.99692101 1e-20
5877.7421 1.0021017 1e-20
5877.8254 1.02036 1e-20
5877.9086 0.9974967 1e-20
5877.9919 1.0163459 1e-20
5878.0752 0.99678838 1e-20
5878.1584 1.0136333 1e-20
5878.2417 1.0265611 1e-20
5878.3249 0.98548992 1e-20
5878.4082 0.99917891 1e-20
5878.4914 1.0095892 1e-20
5878.5747 0.9965959 1e-20
5878.6579 1.003468 1e-20
5878.7412 1.0119816 1e-20
5878.8244 1.0060027 1e-20
5878.9077 1.0037878 1e-20
5878.9909 0.99407984 1e-20
5879.0742 0.99172297 1e-20
5879.1575 1.0062925 1e-20
5879.2407 0.99841009 1e-20
5879.324 0.994588 1e-20
5879.4072 0.98805269 1e-20
5879.4905 1.0095898 1e-20
5879.5737 0.99982891 1e-20
5879.657 0.99633987 1e-20
5879.7402 1.0107475 1e-20
5879.8235 0.9975433 1e-20
5879.9067 1.0051411 1e-20
5879.99 0.99068127 1e-20
5880.0732 1.0023713 1e-20
5880.1565 1.0269805 1e-20
5880.2398 1.0000432 1e-20
5880.323 1.0016993 1e-20
5880.4063 0.99923182 1e-20
5880.4895 1.0019401 1e-20
5880.5728 1.0008569 1e-20
5880.656 0.9989674 1e-20
5880.7393 1.0040171 1e-20
5880.8225 0.99862456 1e-20
5880.9058 1.0114969 1e-20
5880.989 1.0068069 1e-20
5881.0723 0.98726845 1e-20
5881.1555 0.9971531 1e-20
5881.2388 1.0022687 1e-20
5881.322 0.99346785 1e-20
5881.4053 1.0098101 1e-20
5881.4886 1.010673 1e-20
5881.5718 0.99517834 1e-20
5881.6551 0.99912549 1e-20
5881.7383 1.0074284 1e-20
5881.8216 0.99182186 1e-20
5881.9048 0.99053618 1e-20
5881.9881 1.0001323 1e-20
5882.0713 1.0003038 1e-20
5882.1546 1.0035144 1e-20
5882.2378 1.0079349 1e-20
5882.3211 1.0016767 1e-20
5882.4043 1.0070771 1e-20
5882.4876 1.0188114 1e-20
5882.5709 1.001865 1e-20
5882.6541 0.99653582 1e-20
5882.7374 1.0067342 1e-20
5882.8206 1.0087505 1e-20
5882.9039 1.0073903 1e-20
5882.9871 0.99700732 1e-20
5883.0704 1.0040698 1e-20
5883.1536 1.0046069 1e-20
5883.2369 1.0055966 1e-20
5883.3201 1.0151441 1e-20
5883.4034 1.0062527 1e-20
5883.4866 0.99870417 1e-20
5883.5699 1.0002961 1e-20
5883.6532 1.0012934 1e-20
5883.7364 0.99179483 1e-20
5883.8197 0.98000273 1e-20
5883.9029 0.9679043 1e-20
5883.9862 0.98801745 1e-20
5884.0694 0.99162429 1e-20
5884.1527 0.98812541 1e-20
5884.2359 0.98187705 1e-20
5884.3192 0.98678595 1e-20
5884.4024 0.98002235 1e-20
5884.4857 0.99098812 1e-20
5884.5689 1.002578 1e-20
5884.6522 0.98195911 1e-20
5884.7355 0.99379301 1e-20
5884.8187 1.0000998 1e-20
5884.902 0.99041285 1e-20
5884.9852 1.0066485 1e-20
5885.0685 1.0185213 1e-20
5885.1517 1.0016694 1e-20
5885.235 1.0030876 1e-20
5885.3182 1.0131838 1e-20
5885.4015 1.0028088 1e-20
5885.4847 0.99465803 1e-20
5885.568 1.004691 1e-20
5885.6512 1.0001496 1e-20
5885.7345 1.0029718 1e-20
5885.8177 1.0083945 1e-20
5885.901 0.99820775 1e-20
5885.9843 0.98061425 1e-20
5886.0675 0.99406556 1e-20
5886.1508 1.0064037 1e-20
5886.234 1.0052329 1e-20
5886.3173 0.99755828 1e-20
5886.4005 0.99533464 1e-20
5886.4838 1.008147 1e-20
5886.567 1.0087582 1e-20
5886.6503 0.99733929 1e-20
5886.7335 1.0078957 1e-20
5886.8168 1.011946 1e-20
5886.9 1.0235021 1e-20
5886.9833 1.0072025 1e-20
5887.0666 0.99191993 1e-20
5887.1498 0.99824042 1e-20
5887.2331 0.98932709 1e-20
5887.3163 0.99821724 1e-20
5887.3996 0.98923433 1e-20
5887.4828 0.99649772 1e-20
5887.5661 1.0064609 1e-20
5887.6493 0.9857344 1e-20
5887.7326 0.99998588 1e-20
5887.8158 1.0190491 1e-20
5887.8991 0.99429247 1e-20
5887.9823 0.99898412 1e-20
5888.0656 1.0114184 1e-20
5888.1489 1.0050457 1e-20
5888.2321 1.0137951 1e-20
5888.3154 1.0078353 1e-20
5888.3986 1.0204641 1e-20
5888.4819 1.0147147 1e-20
5888.5651 0.99633616 1e-20
5888.6484 1.0009321 1e-20
5888.7316 0.99412244 1e-20
5888.8149 1.0013324 1e-20
5888.8981 0.99082935 1e-20
5888.9814 0.9964631 1e-20
5889.0646 1.0051923 1e-20
5889.1479 1.0066832 1e-20
5889.2312 1.0057722 1e-20
5889.3144 0.99684596 1e-20
5889.3977 1.0106675 1e-20
5889.4809 1.0098435 1e-20
5889.5642 1.0024576 1e-20
5889.6474 0.9958317 1e-20
5889.7307 0.98246688 1e-20
5889.8139 0.94714635 1e-20
5889.8972 0.83758024 1e-20
5889.9804 0.71329045 1e-20
5890.0637 0.67997663 1e-20
5890.1469 0.74841191 1e-20
5890.2302 0.62975158 1e-20
5890.3134 0.2867069 1e-20
5890.3967 0.13032686 1e-20
5890.48 0.12797584 1e-20
5890.5632 0.11610538 1e-20
5890.6465 0.3450865 1e-20
5890.7297 0.704476 1e-20
5890.813 0.85706017 1e-20
5890.8962 0.82680411 1e-20
5890.9795 0.66336463 1e-20
5891.0627 0.52057103 1e-20
5891.146 0.55006289 1e-20
5891.2292 0.47843522 1e-20
5891.3125 0.18571205 1e-20
5891.3957 0.1725463 1e-20
5891.479 0.53806167 1e-20
5891.5623 0.80248427 1e-20
5891.6455 0.88542851 1e-20
5891.7288 0.93855246 1e-20
5891.812 0.97742995 1e-20
5891.8953 0.99877901 1e-20
5891.9785 1.0050803 1e-20
5892.0618 1.0129118 1e-20
5892.145 0.99787095 1e-20
5892.2283 0.98773624 1e-20
5892.3115 0.99115368 1e-20
5892.3948 0.98293726 1e-20
5892.478 1.000524 1e-20
5892.5613 1.0042478 1e-20
5892.6446 1.0125233 1e-20
5892.7278 1.0065279 1e-20
5892.8111 0.99792254 1e-20
5892.8943 1.0097909 1e-20
5892.9776 0.99714263 1e-20
5893.0608 1.0008796 1e-20
5893.1441 1.0035354 1e-20
5893.2273 0.99878875 1e-20
5893.3106 1.0031917 1e-20
5893.3938 0.98793408 1e-20
5893.4771 0.98893484 1e-20
5893.5603 1.0075439 1e-20
5893.6436 1.0044121 1e-20
5893.7269 1.0229565 1e-20
5893.8101 1.0170214 1e-20
5893.8934 1.0046929 1e-20
5893.9766 1.0048661 1e-20
5894.0599 1.0080134 1e-20
5894.1431 1.0174443 1e-20
5894.2264 1.0004896 1e-20
5894.3096 1.0011983 1e-20
5894.3929 1.0078954 1e-20
5894.4761 1.0087481 1e-20
5894.5594 1.0142857 1e-20
5894.6426 1.0166638 1e-20
5894.7259 1.000046 1e-20
5894.8091 1.0025699 1e-20
5894.8924 1.0070208 1e-20
5894.9757 0.99411217 1e-20
5895.0589 0.98916143 1e-20
5895.1422 1.0169747 1e-20
5895.2254 1.0098596 1e-20
5895.3087 1.0071715 1e-20
5895.3919 1.0102132 1e-20
5895.4752 0.99562432 1e-20
5895.5584 1.003314 1e-20
5895.6417 0.99913564 1e-20
5895.7249 0.99195455 1e-20
5895.8082 0.95929159 1e-20
5895.8914 0.89192599 1e-20
5895.9747 0.84229487 1e-20
5896.058 0.84986514 1e-20
5896.1412 0.86815898 1e-20
5896.2245 0.67243457 1e-20
5896.3077 0.34631625 1e-20
5896.391 0.28025314 1e-20
5896.4742 0.28661948 1e-20
5896.5575 0.26284322 1e-20
5896.6407 0.53149946 1e-20
5896.724 0.8492348 1e-20
5896.8072 0.93459918 1e-20
5896.8905 0.87813405 1e-20
5896.9737 0.75342438 1e-20
5897.057 0.71136329 1e-20
5897.1403 0.74116199 1e-20
5897.2235 0.53904299 1e-20
5897.3068 0.20325422 1e-20
5897.39 0.3220602 1e-20
5897.4733 0.70882801 1e-20
5897.5565 0.92076101 1e-20
5897.6398 0.96599092 1e-20
5897.723 0.98219918 1e-20
5897.8063 1.0073429 1e-20
5897.8895 0.99616314 1e-20
5897.9728 0.99758416 1e-20
5898.056 0.98348185 1e-20
5898.1393 0.97393027 1e-20
5898.2225 0.99327774 1e-20
5898.3058 1.0017336 1e-20
5898.3891 0.99774817 1e-20
5898.4723 1.0115128 1e-20
5898.5556 1.0125303 1e-20
5898.6388 1.0004332 1e-20
5898.7221 0.98522349 1e-20
5898.8053 0.99614372 1e-20
5898.8886 0.997609 1e-20
5898.9718 0.99065468 1e-20
5899.0551 0.99726013 1e-20
5899.1383 1.0008804 1e-20
5899.2216 1.0128233 1e-20
5899.3048 1.0032275 1e-20
5899.3881 1.0141602 1e-20
5899.4714 1.0111322 1e-20
5899.5546 1.0097056 1e-20
5899.6379 1.0090516 1e-20
5899.7211 1.0064149 1e-20
5899.8044 1.0040191 1e-20
5899.8876 0.98560735 1e-20
5899.9709 0.9849752 1e-20
5900.0541 0.96994339 1e-20
5900.1374 0.9845677 1e-20
5900.2206 1.0019817 1e-20
5900.3039 1.0066726 1e-20
5900.3871 1.0123797 1e-20
5900.4704 0.99877695 1e-20
5900.5537 1.0071097 1e-20
5900.6369 1.0047869 1e-20
5900.7202 1.0042715 1e-20
5900.8034 1.0002264 1e-20
5900.8867 0.99287907 1e-20
5900.9699 0.98943559 1e-20
5901.0532 0.998533 1e-20
5901.1364 1.0078538 1e-20
5901.2197 1.0026255 1e-20
5901.3029 0.99570467 1e-20
5901.3862 0.97633725 1e-20
5901.4694 0.96795621 1e-20
5901.5527 0.98502099 1e-20
5901.636 1.0004169 1e-20
5901.7192 1.0080908 1e-20
5901.8025 1.0043738 1e-20
5901.8857 1.003223 1e-20
5901.969 1.0022986 1e-20
5902.0522 0.99021461 1e-20
5902.1355 1.0001995 1e-20
5902.2187 1.0034865 1e-20
5902.302 0.99865795 1e-20
5902.3852 1.0062282 1e-20
5902.4685 1.0128144 1e-20
5902.5517 1.0071331 1e-20
5902.635 0.99442386 1e-20
5902.7182 1.0043734 1e-20
5902.8015 1.0040137 1e-20
5902.8848 0.99255111 1e-20
5902.968 1.0145942 1e-20
5903.0513 1.0007588 1e-20
5903.1345 0.99622849 1e-20
5903.2178 1.0095461 1e-20
5903.301 1.0038114 1e-20
5903.3843 1.003895 1e-20
5903.4675 0.99637705 1e-20
5903.5508 1.00065 1e-20
5903.634 1.0025183 1e-20
5903.7173 0.99797322 1e-20
5903.8005 1.0054206 1e-20
5903.8838 1.003456 1e-20
5903.9671 0.993 1e-20
5904.0503 1.0037194 1e-20
5904.1336 1.0003708 1e-20
5904.2168 1.0061336 1e-20
5904.3001 1.0065515 1e-20
5904.3833 1.0014951 1e-20
5904.4666 1.0086476 1e-20
5904.5498 1.0082205 1e-20
5904.6331 0.9997264 1e-20
5904.7163 0.99004082 1e-20
5904.7996 1.0131533 1e-20
5904.8828 1.0084972 1e-20
5904.9661 1.0023613 1e-20
5905.0494 1.0092365 1e-20
5905.1326 0.99262994 1e-20
5905.2159 0.9961218 1e-20
5905.2991 0.99001935 1e-20
5905.3824 0.98506069 1e-20
5905.4656 1.0021445 1e-20
5905.5489 1.0033219 1e-20
5905.6321 0.99972545 1e-20
5905.7154 1.0012911 1e-20
5905.7986 1.0031312 1e-20
5905.8819 0.99683569 1e-20
5905.9651 1.003782 1e-20
5906.0484 1.0071525 1e-20
5906.1317 0.99353826 1e-20
5906.2149 0.99988292 1e-20
5906.2982 1.0083856 1e-20
5906.3814 1.0057381 1e-20
5906.4647 1.0032528 1e-20
5906.5479 1.0017944 1e-20
5906.6312 1.001549 1e-20
5906.7144 1.0130838 1e-20
5906.7977 1.0126342 1e-20
5906.8809 1.014092 1e-20
5906.9642 0.99291407 1e-20
5907.0474 0.98954062 1e-20
5907.1307 1.0126379 1e-20
5907.2139 1.0028948 1e-20
5907.2972 1.0052703 1e-20
5907.3805 1.0010031 1e-20
5907.4637 0.99682082 1e-20
5907.547 0.99607059 1e-20
5907.6302 0.99862546 1e-20
5907.7135 0.99634983 1e-20
5907.7967 0.99669796 1e-20
5907.88 0.99896276 1e-20
5907.9632 1.0016273 1e-20
5908.0465 1.0144588 1e-20
5908.1297 0.9965338 1e-20
5908.213 0.99282936 1e-20
5908.2962 1.007104 1e-20
5908.3795 1.0091532 1e-20
5908.4628 1.0085773 1e-20
5908.546 1.0025681 1e-20
5908.6293 0.99654813 1e-20
5908.7125 0.99738731 1e-20
5908.7958 0.99716502 1e-20
5908.879 0.99308833 1e-20
5908.9623 0.98089592 1e-20
5909.0455 0.98751771 1e-20
5909.1288 0.99892796 1e-20
5909.212 0.99450193 1e-20
5909.2953 1.0039741 1e-20
5909.3785 1.0002855 1e-20
5909.4618 0.99517056 1e-20
5909.5451 1.0057144 1e-20
5909.6283 1.0051957 1e-20
5909.7116 0.99962575 1e-20
5909.7948 1.0064876 1e-20
5909.8781 1.0066883 1e-20
5909.9613 1.0008596 1e-20
5910.0446 1.0045444 1e-20
5910.1278 1.0037226 1e-20
5910.2111 0.99852019 1e-20
5910.2943 0.99370845 1e-20
5910.3776 1.0005542 1e-20
5910.4608 0.99223278 1e-20
5910.5441 0.98736678 1e-20
5910.6274 0.99821613 1e-20
5910.7106 1.0018059 1e-20
5910.7939 0.98229807 1e-20
5910.8771 0.98881251 1e-20
5910.9604 0.99703219 1e-20
5911.0436 1.0140243 1e-20
5911.1269 1.0120413 1e-20
5911.2101 0.99043053 1e-20
5911.2934 1.0001139 1e-20
5911.3766 1.0054866 1e-20
5911.4599 1.0024286 1e-20
5911.5431 0.99789493 1e-20
5911.6264 1.0008262 1e-20
5911.7096 0.99752896 1e-20
5911.7929 1.0013024 1e-20
5911.8762 1.0045467 1e-20
5911.9594 1.0021115 1e-20
5912.0427 0.99794175 1e-20
5912.1259 0.99316233 1e-20
5912.2092 1.0025344 1e-20
5912.2924 0.9909208 1e-20
5912.3757 0.9928596 1e-20
5912.4589 0.99593669 1e-20
5912.5422 0.99875779 1e-20
5912.6254 0.99868956 1e-20
5912.7087 0.98051633 1e-20
5912.7919 0.99691044 1e-20
5912.8752 1.0027677 1e-20
5912.9585 0.99332671 1e-20
5913.0417 0.98698539 1e-20
5913.125 1.0035895 1e-20
5913.2082 1.009458 1e-20
5913.2915 0.99856828 1e-20
5913.3747 1.0017805 1e-20
5913.458 1.0101843 1e-20
5913.5412 1.0139359 1e-20
5913.6245 1.0087444 1e-20
5913.7077 1.012053 1e-20
5913.791 1.0051768 1e-20
5913.8742 1.0053361 1e-20
5913.9575 1.006952 1e-20
5914.0408 1.002877 1e-20
5914.124 1.0063965 1e-20
5914.2073 1.0037793 1e-20
5914.2905 1.0051453 1e-20
5914.3738 1.0014719 1e-20
5914.457 1.0050709 1e-20
5914.5403 1.0069143 1e-20
5914.6235 1.0118076 1e-20
5914.7068 1.0085574 1e-20
5914.79 1.0076338 1e-20
5914.8733 1.00763 1e-20
5914.9565 1.0011833 1e-20
5915.0398 1.0049413 1e-20
5915.1231 0.99759669 1e-20
5915.2063 0.99511598 1e-20
5915.2896 0.99642043 1e-20
5915.3728 0.99341724 1e-20
5915.4561 0.9854327 1e-20
5915.5393 0.9947316 1e-20
5915.6226 0.98620723 1e-20
5915.7058 0.99548741 1e-20
