3668.182861 2.838612e-15 1e-20
3673.70134 2.671919e-15 1e-20
3679.219818 2.530232e-15 1e-20
3684.738297 2.369103e-15 1e-20
3690.256775 2.318226e-15 1e-20
3695.775253 2.355556e-15 1e-20
3701.293732 2.192784e-15 1e-20
3706.81221 2.25603e-15 1e-20
3712.330688 2.268425e-15 1e-20
3717.849167 2.374117e-15 1e-20
3723.367645 2.420048e-15 1e-20
3728.886124 2.404491e-15 1e-20
3734.404602 2.5788e-15 1e-20
3739.92308 2.831513e-15 1e-20
3745.441559 2.878657e-15 1e-20
3750.960037 2.987002e-15 1e-20
3756.478516 3.191701e-15 1e-20
3761.996994 3.604736e-15 1e-20
3767.515472 3.809431e-15 1e-20
3773.033951 4.094872e-15 1e-20
3778.552429 4.486774e-15 1e-20
3784.070908 4.711401e-15 1e-20
3789.589386 5.181677e-15 1e-20
3795.107864 5.579841e-15 1e-20
3800.626343 5.899609e-15 1e-20
3806.144821 6.385176e-15 1e-20
3811.6633 6.892665e-15 1e-20
3817.181778 7.591327e-15 1e-20
3822.700256 8.069825e-15 1e-20
3828.218735 8.637613e-15 1e-20
3833.737213 9.200782e-15 1e-20
3839.255692 9.797738e-15 1e-20
3844.77417 1.041875e-14 1e-20
3850.292648 1.091251e-14 1e-20
3855.811127 1.204733e-14 1e-20
3861.329605 1.263332e-14 1e-20
3866.848083 1.341408e-14 1e-20
3872.366562 1.430885e-14 1e-20
3877.88504 1.510064e-14 1e-20
3883.403519 1.575552e-14 1e-20
3888.921997 1.640262e-14 1e-20
3894.440475 1.697188e-14 1e-20
3899.958954 1.73948e-14 1e-20
3905.477432 1.775608e-14 1e-20
3910.995911 1.839415e-14 1e-20
3916.514389 1.913792e-14 1e-20
3922.032867 1.901204e-14 1e-20
3927.551346 1.933869e-14 1e-20
3933.069824 1.957431e-14 1e-20
3938.588303 1.945703e-14 1e-20
3944.106781 1.965595e-14 1e-20
3949.625259 1.958323e-14 1e-20
3955.143738 1.918553e-14 1e-20
3960.662216 1.874896e-14 1e-20
3966.180695 1.837719e-14 1e-20
3971.699173 1.807113e-14 1e-20
3977.217651 1.800349e-14 1e-20
3982.73613 1.775965e-14 1e-20
3988.254608 1.725186e-14 1e-20
3993.773087 1.700551e-14 1e-20
3999.291565 1.654652e-14 1e-20
4004.810043 1.625323e-14 1e-20
4010.328522 1.608974e-14 1e-20
4015.847 1.608334e-14 1e-20
4021.365479 1.589841e-14 1e-20
4026.883957 1.608774e-14 1e-20
4032.402435 1.611086e-14 1e-20
4037.920914 1.652191e-14 1e-20
4043.439392 1.668959e-14 1e-20
4048.95787 1.714135e-14 1e-20
4054.476349 1.757334e-14 1e-20
4059.994827 1.795603e-14 1e-20
4065.513306 1.830582e-14 1e-20
4071.031784 1.871666e-14 1e-20
4076.550262 1.917215e-14 1e-20
4082.068741 1.937157e-14 1e-20
4087.587219 1.983713e-14 1e-20
4093.105698 2.001239e-14 1e-20
4098.624176 2.007832e-14 1e-20
4104.142654 2.037804e-14 1e-20
4109.661133 2.04885e-14 1e-20
4115.179611 2.037245e-14 1e-20
4120.69809 2.042575e-14 1e-20
4126.216568 2.029934e-14 1e-20
4131.735046 1.996397e-14 1e-20
4137.253525 1.962475e-14 1e-20
4142.772003 1.904186e-14 1e-20
4148.290482 1.877465e-14 1e-20
4153.80896 1.850791e-14 1e-20
4159.327438 1.808674e-14 1e-20
4164.845917 1.771836e-14 1e-20
4170.364395 1.754962e-14 1e-20
4175.882874 1.712626e-14 1e-20
4181.401352 1.695618e-14 1e-20
4186.91983 1.683854e-14 1e-20
4192.438309 1.657914e-14 1e-20
4197.956787 1.651917e-14 1e-20
4203.475266 1.629803e-14 1e-20
4208.993744 1.59716e-14 1e-20
4214.512222 1.587281e-14 1e-20
4220.030701 1.567901e-14 1e-20
4225.549179 1.491125e-14 1e-20
4231.067657 1.461971e-14 1e-20
4236.586136 1.42952e-14 1e-20
4242.104614 1.379642e-14 1e-20
4247.623093 1.349375e-14 1e-20
4253.141571 1.31157e-14 1e-20
4258.660049 1.279161e-14 1e-20
4264.178528 1.246109e-14 1e-20
4269.697006 1.218698e-14 1e-20
4275.215485 1.176684e-14 1e-20
4280.733963 1.146281e-14 1e-20
4286.252441 1.10232e-14 1e-20
4291.77092 1.07096e-14 1e-20
4297.289398 1.047786e-14 1e-20
4302.807877 1.027533e-14 1e-20
4308.326355 1.001875e-14 1e-20
4313.844833 9.856405e-15 1e-20
4319.363312 9.612189e-15 1e-20
4324.88179 9.590438e-15 1e-20
4330.400269 9.448079e-15 1e-20
4335.918747 9.40274e-15 1e-20
4341.437225 9.471876e-15 1e-20
4346.955704 9.511291e-15 1e-20
4352.474182 9.506973e-15 1e-20
4357.992661 9.797052e-15 1e-20
4363.511139 1.001266e-14 1e-20
4369.029617 1.029455e-14 1e-20
4374.548096 1.061253e-14 1e-20
4380.066574 1.072505e-14 1e-20
4385.585052 1.086178e-14 1e-20
4391.103531 1.125576e-14 1e-20
4396.622009 1.142248e-14 1e-20
4402.140488 1.147453e-14 1e-20
4407.658966 1.169446e-14 1e-20
4413.177444 1.168949e-14 1e-20
4418.695923 1.167249e-14 1e-20
4424.214401 1.154332e-14 1e-20
4429.73288 1.127832e-14 1e-20
4435.251358 1.120854e-14 1e-20
4440.769836 1.09345e-14 1e-20
4446.288315 1.084124e-14 1e-20
4451.806793 1.080262e-14 1e-20
4457.325272 1.078335e-14 1e-20
4462.84375 1.096211e-14 1e-20
4468.362228 1.11459e-14 1e-20
4473.880707 1.142449e-14 1e-20
4479.399185 1.172126e-14 1e-20
4484.917664 1.200125e-14 1e-20
4490.436142 1.245687e-14 1e-20
4495.95462 1.274352e-14 1e-20
4501.473099 1.295723e-14 1e-20
4506.991577 1.328901e-14 1e-20
4512.510056 1.347511e-14 1e-20
4518.028534 1.369949e-14 1e-20
4523.547012 1.385651e-14 1e-20
4529.065491 1.391696e-14 1e-20
4534.583969 1.395219e-14 1e-20
4540.102448 1.387043e-14 1e-20
4545.620926 1.384895e-14 1e-20
4551.139404 1.384121e-14 1e-20
4556.657883 1.37327e-14 1e-20
4562.176361 1.3544e-14 1e-20
4567.694839 1.350712e-14 1e-20
4573.213318 1.329737e-14 1e-20
4578.731796 1.331658e-14 1e-20
4584.250275 1.3108e-14 1e-20
4589.768753 1.315694e-14 1e-20
4595.287231 1.303593e-14 1e-20
4600.80571 1.307112e-14 1e-20
4606.324188 1.284155e-14 1e-20
4611.842667 1.287402e-14 1e-20
4617.361145 1.275296e-14 1e-20
4622.879623 1.260058e-14 1e-20
4628.398102 1.245191e-14 1e-20
4633.91658 1.223998e-14 1e-20
4639.435059 1.197961e-14 1e-20
4644.953537 1.168107e-14 1e-20
4650.472015 1.148993e-14 1e-20
4655.990494 1.123401e-14 1e-20
4661.508972 1.089295e-14 1e-20
4667.027451 1.058279e-14 1e-20
4672.545929 1.045797e-14 1e-20
4678.064407 1.020298e-14 1e-20
4683.582886 1.016314e-14 1e-20
4689.101364 9.92888e-15 1e-20
4694.619843 9.80167e-15 1e-20
4700.138321 9.682968e-15 1e-20
4705.656799 9.692301e-15 1e-20
4711.175278 9.695635e-15 1e-20
4716.693756 9.524196e-15 1e-20
4722.212234 9.529076e-15 1e-20
4727.730713 9.517637e-15 1e-20
4733.249191 9.497315e-15 1e-20
4738.76767 9.378555e-15 1e-20
4744.286148 9.204616e-15 1e-20
4749.804626 9.099794e-15 1e-20
4755.323105 8.909492e-15 1e-20
4760.841583 8.747565e-15 1e-20
4766.360062 8.750165e-15 1e-20
4771.87854 8.678433e-15 1e-20
4777.397018 8.576938e-15 1e-20
4782.915497 8.664065e-15 1e-20
4788.433975 8.683875e-15 1e-20
4793.952454 8.739759e-15 1e-20
4799.470932 8.755869e-15 1e-20
4804.98941 8.748172e-15 1e-20
4810.507889 8.752643e-15 1e-20
4816.026367 8.70883e-15 1e-20
4821.544846 8.549412e-15 1e-20
4827.063324 8.392418e-15 1e-20
4832.581802 8.202085e-15 1e-20
4838.100281 8.061865e-15 1e-20
4843.618759 7.79104e-15 1e-20
4849.137238 7.517257e-15 1e-20
4854.655716 7.323422e-15 1e-20
4860.174194 7.16913e-15 1e-20
4865.692673 6.88853e-15 1e-20
4871.211151 6.719538e-15 1e-20
4876.72963 6.587573e-15 1e-20
4882.248108 6.560407e-15 1e-20
4887.766586 6.540486e-15 1e-20
4893.285065 6.371118e-15 1e-20
4898.803543 6.360881e-15 1e-20
4904.322021 6.538069e-15 1e-20
4909.8405 6.591466e-15 1e-20
4915.358978 6.720582e-15 1e-20
4920.877457 6.932888e-15 1e-20
4926.395935 7.074548e-15 1e-20
4931.914413 7.217616e-15 1e-20
4937.432892 7.328078e-15 1e-20
4942.95137 7.407351e-15 1e-20
4948.469849 7.567453e-15 1e-20
4953.988327 7.6849e-15 1e-20
4959.506805 7.785953e-15 1e-20
4965.025284 7.969751e-15 1e-20
4970.543762 8.159518e-15 1e-20
4976.062241 8.233674e-15 1e-20
4981.580719 8.392178e-15 1e-20
4987.099197 8.605575e-15 1e-20
4992.617676 8.592702e-15 1e-20
4998.136154 8.597887e-15 1e-20
5003.654633 8.714848e-15 1e-20
5009.173111 8.721325e-15 1e-20
5014.691589 8.745176e-15 1e-20
5020.210068 8.760022e-15 1e-20
5025.728546 8.715062e-15 1e-20
5031.247025 8.710016e-15 1e-20
5036.765503 8.672698e-15 1e-20
5042.283981 8.775542e-15 1e-20
5047.80246 8.779764e-15 1e-20
5053.320938 8.852097e-15 1e-20
5058.839417 8.98147e-15 1e-20
5064.357895 9.012136e-15 1e-20
5069.876373 9.111019e-15 1e-20
5075.394852 9.21902e-15 1e-20
5080.91333 9.218536e-15 1e-20
5086.431808 9.259862e-15 1e-20
5091.950287 9.358189e-15 1e-20
5097.468765 9.412525e-15 1e-20
5102.987244 9.585709e-15 1e-20
5108.505722 9.643954e-15 1e-20
5114.0242 9.676134e-15 1e-20
5119.542679 9.838451e-15 1e-20
5125.061157 9.817637e-15 1e-20
5130.579636 9.76439e-15 1e-20
5136.098114 9.831089e-15 1e-20
5141.616592 9.794119e-15 1e-20
5147.135071 9.730767e-15 1e-20
5152.653549 9.644974e-15 1e-20
5158.172028 9.550732e-15 1e-20
5163.690506 9.450154e-15 1e-20
5169.208984 9.443554e-15 1e-20
5174.727463 9.337012e-15 1e-20
5180.245941 9.278626e-15 1e-20
5185.76442 9.322579e-15 1e-20
5191.282898 9.311221e-15 1e-20
5196.801376 9.289884e-15 1e-20
5202.319855 9.315196e-15 1e-20
5207.838333 9.249362e-15 1e-20
5213.356812 9.266033e-15 1e-20
5218.87529 9.170818e-15 1e-20
5224.393768 9.051844e-15 1e-20
5229.912247 8.831175e-15 1e-20
5235.430725 8.535939e-15 1e-20
5240.949203 8.317187e-15 1e-20
5246.467682 8.001094e-15 1e-20
5251.98616 7.731847e-15 1e-20
5257.504639 7.455335e-15 1e-20
5263.023117 7.109295e-15 1e-20
5268.541595 6.906945e-15 1e-20
5274.060074 6.684996e-15 1e-20
5279.578552 6.448848e-15 1e-20
5285.097031 6.365199e-15 1e-20
5290.615509 6.227337e-15 1e-20
5296.133987 6.102252e-15 1e-20
5301.652466 6.043197e-15 1e-20
5307.170944 5.995375e-15 1e-20
5312.689423 5.999724e-15 1e-20
5318.207901 6.037518e-15 1e-20
5323.726379 6.115666e-15 1e-20
5329.244858 6.191613e-15 1e-20
5334.763336 6.229547e-15 1e-20
5340.281815 6.350959e-15 1e-20
5345.800293 6.387427e-15 1e-20
5351.318771 6.356769e-15 1e-20
5356.83725 6.488478e-15 1e-20
5362.355728 6.625332e-15 1e-20
5367.874207 6.747852e-15 1e-20
5373.392685 6.751247e-15 1e-20
5378.911163 6.781106e-15 1e-20
5384.429642 6.840224e-15 1e-20
5389.94812 6.914536e-15 1e-20
5395.466599 6.90656e-15 1e-20
5400.985077 6.832773e-15 1e-20
5406.503555 6.798469e-15 1e-20
5412.022034 6.658183e-15 1e-20
5417.540512 6.554228e-15 1e-20
5423.05899 6.406152e-15 1e-20
5428.577469 6.339398e-15 1e-20
5434.095947 6.221259e-15 1e-20
5439.614426 6.051313e-15 1e-20
5445.132904 5.870631e-15 1e-20
5450.651382 5.782901e-15 1e-20
5456.169861 5.651435e-15 1e-20
5461.688339 5.473206e-15 1e-20
5467.206818 5.389623e-15 1e-20
5472.725296 5.403166e-15 1e-20
5478.243774 5.358986e-15 1e-20
5483.762253 5.418227e-15 1e-20
5489.280731 5.513713e-15 1e-20
5494.79921 5.57107e-15 1e-20
5500.317688 5.692445e-15 1e-20
5505.836166 5.894075e-15 1e-20
5511.354645 6.079552e-15 1e-20
5516.873123 6.236165e-15 1e-20
5522.391602 6.400205e-15 1e-20
5527.91008 6.546896e-15 1e-20
5533.428558 6.715318e-15 1e-20
5538.947037 6.967262e-15 1e-20
5544.465515 7.088468e-15 1e-20
5549.983994 7.27923e-15 1e-20
5555.502472 7.364025e-15 1e-20
5561.02095 7.456747e-15 1e-20
5566.539429 7.544055e-15 1e-20
5572.057907 7.595959e-15 1e-20
5577.576385 7.564003e-15 1e-20
5583.094864 7.476805e-15 1e-20
5588.613342 7.485666e-15 1e-20
5594.131821 7.364664e-15 1e-20
5599.650299 7.423507e-15 1e-20
5605.168777 7.338579e-15 1e-20
5610.687256 7.445985e-15 1e-20
5616.205734 7.357715e-15 1e-20
5621.724213 7.475877e-15 1e-20
5627.242691 7.446017e-15 1e-20
5632.761169 7.575309e-15 1e-20
5638.279648 7.640736e-15 1e-20
5643.798126 7.631785e-15 1e-20
5649.316605 7.671988e-15 1e-20
5654.835083 7.655489e-15 1e-20
5660.353561 7.712741e-15 1e-20
5665.87204 7.659722e-15 1e-20
5671.390518 7.651936e-15 1e-20
5676.908997 7.67438e-15 1e-20
5682.427475 7.715795e-15 1e-20
5687.945953 7.584318e-15 1e-20
5693.464432 7.604696e-15 1e-20
5698.98291 7.565199e-15 1e-20
5704.501389 7.454206e-15 1e-20
5710.019867 7.41651e-15 1e-20
5715.538345 7.278945e-15 1e-20
5721.056824 7.156969e-15 1e-20
5726.575302 7.092303e-15 1e-20
5732.093781 6.887797e-15 1e-20
5737.612259 6.804342e-15 1e-20
5743.130737 6.789858e-15 1e-20
5748.649216 6.718068e-15 1e-20
5754.167694 6.514173e-15 1e-20
5759.686172 6.493601e-15 1e-20
5765.204651 6.467944e-15 1e-20
5770.723129 6.397172e-15 1e-20
5776.241608 6.314452e-15 1e-20
5781.760086 6.237001e-15 1e-20
5787.278564 6.215686e-15 1e-20
5792.797043 6.196405e-15 1e-20
5798.315521 6.186726e-15 1e-20
5803.834 6.176109e-15 1e-20
5809.352478 6.284785e-15 1e-20
5814.870956 6.326626e-15 1e-20
5820.389435 6.323021e-15 1e-20
5825.907913 6.399783e-15 1e-20
5831.426392 6.473114e-15 1e-20
5836.94487 6.532911e-15 1e-20
5842.463348 6.637056e-15 1e-20
5847.981827 6.636371e-15 1e-20
5853.500305 6.632257e-15 1e-20
5859.018784 6.722746e-15 1e-20
5864.537262 6.7435e-15 1e-20
5870.05574 6.768443e-15 1e-20
5875.574219 6.755772e-15 1e-20
5881.092697 6.702348e-15 1e-20
5886.611176 6.702196e-15 1e-20
5892.129654 6.758866e-15 1e-20
5897.648132 6.76768e-15 1e-20
5903.166611 6.819677e-15 1e-20
5908.685089 6.937995e-15 1e-20
5914.203568 6.936928e-15 1e-20
5919.722046 6.904569e-15 1e-20
5925.240524 6.945961e-15 1e-20
5930.759003 6.954793e-15 1e-20
5936.277481 6.884163e-15 1e-20
5941.795959 6.809103e-15 1e-20
5947.314438 6.840329e-15 1e-20
5952.832916 6.948801e-15 1e-20
5958.351395 6.92744e-15 1e-20
5963.869873 6.803236e-15 1e-20
5969.388351 6.740246e-15 1e-20
5974.90683 6.651676e-15 1e-20
5980.425308 6.590389e-15 1e-20
5985.943787 6.402028e-15 1e-20
5991.462265 6.295716e-15 1e-20
5996.980743 6.147993e-15 1e-20
6002.499222 5.903747e-15 1e-20
6008.0177 5.608024e-15 1e-20
6013.536179 5.372845e-15 1e-20
6019.054657 5.127803e-15 1e-20
6024.573135 4.875035e-15 1e-20
6030.091614 4.582138e-15 1e-20
6035.610092 4.322363e-15 1e-20
6041.128571 4.058373e-15 1e-20
6046.647049 3.855788e-15 1e-20
6052.165527 3.636823e-15 1e-20
6057.684006 3.36064e-15 1e-20
6063.202484 3.15279e-15 1e-20
6068.720963 2.934921e-15 1e-20
6074.239441 2.849042e-15 1e-20
6079.757919 2.705447e-15 1e-20
6085.276398 2.633064e-15 1e-20
6090.794876 2.490865e-15 1e-20
6096.313354 2.432189e-15 1e-20
6101.831833 2.412669e-15 1e-20
6107.350311 2.331807e-15 1e-20
6112.86879 2.27272e-15 1e-20
6118.387268 2.249314e-15 1e-20
6123.905746 2.179579e-15 1e-20
6129.424225 2.172363e-15 1e-20
6134.942703 2.219133e-15 1e-20
6140.461182 2.213076e-15 1e-20
6145.97966 2.233232e-15 1e-20
6151.498138 2.267732e-15 1e-20
6157.016617 2.323792e-15 1e-20
6162.535095 2.387088e-15 1e-20
6168.053574 2.493866e-15 1e-20
6173.572052 2.596963e-15 1e-20
6179.09053 2.730823e-15 1e-20
6184.609009 2.838485e-15 1e-20
6190.127487 3.006877e-15 1e-20
6195.645966 3.153275e-15 1e-20
6201.164444 3.315995e-15 1e-20
6206.682922 3.46903e-15 1e-20
6212.201401 3.705772e-15 1e-20
6217.719879 3.910468e-15 1e-20
6223.238358 4.059674e-15 1e-20
6228.756836 4.302159e-15 1e-20
6234.275314 4.55493e-15 1e-20
6239.793793 4.744798e-15 1e-20
6245.312271 4.838753e-15 1e-20
6250.83075 4.974384e-15 1e-20
6256.349228 5.130105e-15 1e-20
6261.867706 5.237697e-15 1e-20
6267.386185 5.361758e-15 1e-20
6272.904663 5.527665e-15 1e-20
6278.423141 5.585387e-15 1e-20
6283.94162 5.68538e-15 1e-20
6289.460098 5.900833e-15 1e-20
6294.978577 6.002068e-15 1e-20
6300.497055 6.056127e-15 1e-20
6306.015533 6.133662e-15 1e-20
6311.534012 6.286322e-15 1e-20
6317.05249 6.324367e-15 1e-20
6322.570969 6.356571e-15 1e-20
6328.089447 6.384467e-15 1e-20
6333.607925 6.437945e-15 1e-20
6339.126404 6.533915e-15 1e-20
6344.644882 6.537677e-15 1e-20
6350.163361 6.496163e-15 1e-20
6355.681839 6.561459e-15 1e-20
6361.200317 6.458857e-15 1e-20
6366.718796 6.465469e-15 1e-20
6372.237274 6.447364e-15 1e-20
6377.755753 6.485518e-15 1e-20
6383.274231 6.392516e-15 1e-20
6388.792709 6.351417e-15 1e-20
6394.311188 6.376108e-15 1e-20
6399.829666 6.456532e-15 1e-20
6405.348145 6.314325e-15 1e-20
6410.866623 6.346885e-15 1e-20
6416.385101 6.350676e-15 1e-20
6421.90358 6.292266e-15 1e-20
6427.422058 6.284344e-15 1e-20
6432.940536 6.224555e-15 1e-20
6438.459015 6.250662e-15 1e-20
6443.977493 6.112482e-15 1e-20
6449.495972 6.023612e-15 1e-20
6455.01445 6.049517e-15 1e-20
6460.532928 5.987784e-15 1e-20
6466.051407 5.959267e-15 1e-20
6471.569885 5.891666e-15 1e-20
6477.088364 5.813975e-15 1e-20
6482.606842 5.736548e-15 1e-20
6488.12532 5.728774e-15 1e-20
6493.643799 5.692802e-15 1e-20
6499.162277 5.59554e-15 1e-20
6504.680756 5.561248e-15 1e-20
6510.199234 5.566055e-15 1e-20
6515.717712 5.539061e-15 1e-20
6521.236191 5.442276e-15 1e-20
6526.754669 5.434469e-15 1e-20
6532.273148 5.405796e-15 1e-20
6537.791626 5.378733e-15 1e-20
6543.310104 5.363382e-15 1e-20
6548.828583 5.3695e-15 1e-20
6554.347061 5.278644e-15 1e-20
6559.86554 5.24784e-15 1e-20
6565.384018 5.136544e-15 1e-20
6570.902496 5.130039e-15 1e-20
6576.420975 5.122178e-15 1e-20
6581.939453 5.135253e-15 1e-20
6587.457932 5.140852e-15 1e-20
6592.97641 5.113764e-15 1e-20
6598.494888 5.088766e-15 1e-20
6604.013367 5.019736e-15 1e-20
6609.531845 5.048055e-15 1e-20
6615.050323 5.055922e-15 1e-20
6620.568802 5.001216e-15 1e-20
6626.08728 4.95162e-15 1e-20
6631.605759 4.967018e-15 1e-20
6637.124237 4.967039e-15 1e-20
6642.642715 4.935733e-15 1e-20
6648.161194 4.899902e-15 1e-20
6653.679672 4.860383e-15 1e-20
6659.198151 4.877754e-15 1e-20
6664.716629 4.878598e-15 1e-20
6670.235107 4.78252e-15 1e-20
6675.753586 4.739898e-15 1e-20
6681.272064 4.747453e-15 1e-20
6686.790543 4.763424e-15 1e-20
6692.309021 4.7341e-15 1e-20
6697.827499 4.63371e-15 1e-20
6703.345978 4.577344e-15 1e-20
6708.864456 4.612681e-15 1e-20
6714.382935 4.641653e-15 1e-20
6719.901413 4.599966e-15 1e-20
6725.419891 4.572344e-15 1e-20
6730.93837 4.536613e-15 1e-20
6736.456848 4.506352e-15 1e-20
6741.975327 4.410426e-15 1e-20
6747.493805 4.376612e-15 1e-20
6753.012283 4.394081e-15 1e-20
6758.530762 4.386842e-15 1e-20
6764.04924 4.387795e-15 1e-20
6769.567719 4.219873e-15 1e-20
6775.086197 4.282704e-15 1e-20
6780.604675 4.30219e-15 1e-20
6786.123154 4.22649e-15 1e-20
6791.641632 4.266002e-15 1e-20
6797.16011 4.184861e-15 1e-20
6802.678589 4.284939e-15 1e-20
6808.197067 4.245868e-15 1e-20
6813.715546 4.126003e-15 1e-20
6819.234024 4.180678e-15 1e-20
6824.752502 4.216015e-15 1e-20
6830.270981 4.139454e-15 1e-20
6835.789459 4.138137e-15 1e-20
6841.307938 4.126991e-15 1e-20
6846.826416 4.107273e-15 1e-20
6852.344894 4.106508e-15 1e-20
6857.863373 4.155699e-15 1e-20
6863.381851 4.178657e-15 1e-20
6868.90033 4.050006e-15 1e-20
6874.418808 3.834415e-15 1e-20
6879.937286 3.936766e-15 1e-20
6885.455765 4.125655e-15 1e-20
6890.974243 3.97243e-15 1e-20
6896.492722 3.912988e-15 1e-20
6902.0112 3.962308e-15 1e-20
6907.529678 3.879579e-15 1e-20
6913.048157 3.809252e-15 1e-20
6918.566635 3.804016e-15 1e-20
6924.085114 3.844071e-15 1e-20
6929.603592 3.891006e-15 1e-20
6935.12207 3.860371e-15 1e-20
6940.640549 3.900283e-15 1e-20
6946.159027 3.829895e-15 1e-20
6951.677505 3.83612e-15 1e-20
6957.195984 3.816842e-15 1e-20
6962.714462 3.820458e-15 1e-20
6968.232941 3.772671e-15 1e-20
6973.751419 3.823581e-15 1e-20
6979.269897 3.78458e-15 1e-20
6984.788376 3.804848e-15 1e-20
6990.306854 3.770736e-15 1e-20
6995.825333 3.746148e-15 1e-20
7001.343811 3.731115e-15 1e-20
7006.862289 3.721296e-15 1e-20
7012.380768 3.701238e-15 1e-20
7017.899246 3.648617e-15 1e-20
7023.417725 3.603741e-15 1e-20
7028.936203 3.583309e-15 1e-20
7034.454681 3.617711e-15 1e-20
7039.97316 3.649566e-15 1e-20
7045.491638 3.632436e-15 1e-20
7051.010117 3.598718e-15 1e-20
7056.528595 3.593374e-15 1e-20
7062.047073 3.672262e-15 1e-20
7067.565552 3.701327e-15 1e-20
7073.08403 3.639854e-15 1e-20
7078.602509 3.607728e-15 1e-20
7084.120987 3.632e-15 1e-20
7089.639465 3.676696e-15 1e-20
7095.157944 3.650168e-15 1e-20
7100.676422 3.575287e-15 1e-20
7106.194901 3.587817e-15 1e-20
7111.713379 3.619913e-15 1e-20
7117.231857 3.611682e-15 1e-20
7122.750336 3.540694e-15 1e-20
7128.268814 3.532611e-15 1e-20
7133.787292 3.591505e-15 1e-20
7139.305771 3.691927e-15 1e-20
7144.824249 3.644611e-15 1e-20
7150.342728 3.588873e-15 1e-20
7155.861206 3.584018e-15 1e-20
7161.379684 3.528488e-15 1e-20
7166.898163 3.619692e-15 1e-20
7172.416641 3.572986e-15 1e-20
7177.93512 3.502165e-15 1e-20
7183.453598 3.486836e-15 1e-20
7188.972076 3.459535e-15 1e-20
7194.490555 3.492308e-15 1e-20
7200.009033 3.513424e-15 1e-20
7205.527512 3.45744e-15 1e-20
7211.04599 3.402526e-15 1e-20
7216.564468 3.520099e-15 1e-20
7222.082947 3.575421e-15 1e-20
7227.601425 3.513781e-15 1e-20
7233.119904 3.45649e-15 1e-20
7238.638382 3.382874e-15 1e-20
7244.15686 3.392838e-15 1e-20
7249.675339 3.471915e-15 1e-20
7255.193817 3.387836e-15 1e-20
7260.712296 3.280087e-15 1e-20
7266.230774 3.307965e-15 1e-20
7271.749252 3.347768e-15 1e-20
7277.267731 3.357076e-15 1e-20
7282.786209 3.288448e-15 1e-20
7288.304687 3.228214e-15 1e-20
7293.823166 3.163927e-15 1e-20
7299.341644 3.244295e-15 1e-20
7304.860123 3.270368e-15 1e-20
7310.378601 3.181548e-15 1e-20
7315.897079 3.071812e-15 1e-20
7321.415558 3.0843e-15 1e-20
7326.934036 3.169051e-15 1e-20
7332.452515 3.167961e-15 1e-20
7337.970993 3.138741e-15 1e-20
7343.489471 3.088283e-15 1e-20
7349.00795 3.021125e-15 1e-20
7354.526428 3.058743e-15 1e-20
7360.044907 3.106504e-15 1e-20
7365.563385 3.071267e-15 1e-20
7371.081863 3.004204e-15 1e-20
7376.600342 2.959625e-15 1e-20
7382.11882 3.026452e-15 1e-20
7387.637299 3.053544e-15 1e-20
7393.155777 3.060721e-15 1e-20
7398.674255 2.977559e-15 1e-20
7404.192734 2.88112e-15 1e-20
7409.711212 2.875936e-15 1e-20
7415.229691 2.846084e-15 1e-20
7420.748169 2.954338e-15 1e-20
7426.266647 2.850486e-15 1e-20
7431.785126 2.720173e-15 1e-20
7437.303604 2.607678e-15 1e-20
7442.822083 2.605422e-15 1e-20
7448.340561 2.657126e-15 1e-20
7453.859039 2.672546e-15 1e-20
7459.377518 2.610923e-15 1e-20
7464.895996 2.50658e-15 1e-20
7470.414474 2.519722e-15 1e-20
7475.932953 2.543099e-15 1e-20
7481.451431 2.558148e-15 1e-20
7486.96991 2.595331e-15 1e-20
7492.488388 2.547202e-15 1e-20
7498.006866 2.478869e-15 1e-20
7503.525345 2.458777e-15 1e-20
7509.043823 2.498654e-15 1e-20
7514.562302 2.533942e-15 1e-20
7520.08078 2.527124e-15 1e-20
7525.599258 2.48104e-15 1e-20
7531.117737 2.441888e-15 1e-20
7536.636215 2.425381e-15 1e-20
7542.154694 2.414874e-15 1e-20
7547.673172 2.496332e-15 1e-20
7553.19165 2.564462e-15 1e-20
7558.710129 2.492985e-15 1e-20
7564.228607 2.478685e-15 1e-20
7569.747086 2.478592e-15 1e-20
7575.265564 2.484447e-15 1e-20
7580.784042 2.753252e-15 1e-20
7586.302521 2.927901e-15 1e-20
7591.820999 3.143957e-15 1e-20
7597.339478 3.179587e-15 1e-20
7602.857956 2.600163e-15 1e-20
7608.376434 2.046218e-15 1e-20
7613.894913 2.181244e-15 1e-20
7619.413391 2.74438e-15 1e-20
7624.93187 3.01333e-15 1e-20
7630.450348 2.728079e-15 1e-20
7635.968826 2.368157e-15 1e-20
7641.487305 2.457337e-15 1e-20
7647.005783 2.636584e-15 1e-20
7652.524261 2.72739e-15 1e-20
7658.04274 2.695988e-15 1e-20
7663.561218 2.724159e-15 1e-20
7669.079697 2.697338e-15 1e-20
7674.598175 2.756783e-15 1e-20
7680.116653 2.851768e-15 1e-20
7685.635132 2.94559e-15 1e-20
7691.15361 2.988764e-15 1e-20
7696.672089 2.952328e-15 1e-20
7702.190567 2.913553e-15 1e-20
7707.709045 2.85436e-15 1e-20
7713.227524 2.914468e-15 1e-20
7718.746002 3.071941e-15 1e-20
7724.264481 3.180255e-15 1e-20
7729.782959 3.035416e-15 1e-20
7735.301437 2.915861e-15 1e-20
7740.819916 2.958954e-15 1e-20
7746.338394 3.021054e-15 1e-20
7751.856873 3.044786e-15 1e-20
7757.375351 3.087129e-15 1e-20
7762.893829 3.123064e-15 1e-20
7768.412308 2.988938e-15 1e-20
7773.930786 2.929916e-15 1e-20
7779.449265 2.996212e-15 1e-20
7784.967743 3.06162e-15 1e-20
7790.486221 3.183858e-15 1e-20
7796.0047 3.093891e-15 1e-20
7801.523178 3.016972e-15 1e-20
7807.041656 2.922131e-15 1e-20
7812.560135 2.967652e-15 1e-20
7818.078613 2.950559e-15 1e-20
7823.597092 3.081329e-15 1e-20
7829.11557 3.136355e-15 1e-20
7834.634048 3.080048e-15 1e-20
7840.152527 2.898928e-15 1e-20
7845.671005 2.841531e-15 1e-20
7851.189484 2.827953e-15 1e-20
7856.707962 2.929676e-15 1e-20
7862.22644 2.998341e-15 1e-20
7867.744919 3.011976e-15 1e-20
7873.263397 2.892755e-15 1e-20
7878.781876 2.749177e-15 1e-20
7884.300354 2.698645e-15 1e-20
7889.818832 2.752447e-15 1e-20
7895.337311 2.795182e-15 1e-20
7900.855789 2.811932e-15 1e-20
7906.374268 2.673532e-15 1e-20
7911.892746 2.483752e-15 1e-20
7917.411224 2.433551e-15 1e-20
7922.929703 2.355811e-15 1e-20
7928.448181 2.366111e-15 1e-20
7933.96666 2.378987e-15 1e-20
7939.485138 2.290628e-15 1e-20
7945.003616 2.14922e-15 1e-20
7950.522095 2.015243e-15 1e-20
7956.040573 1.981671e-15 1e-20
7961.559052 2.041749e-15 1e-20
7967.07753 2.021685e-15 1e-20
7972.596008 1.889687e-15 1e-20
7978.114487 1.806909e-15 1e-20
7983.632965 1.724062e-15 1e-20
7989.151443 1.644621e-15 1e-20
7994.669922 1.686483e-15 1e-20
8000.1884 1.642614e-15 1e-20
8005.706879 1.562884e-15 1e-20
8011.225357 1.505243e-15 1e-20
8016.743835 1.448852e-15 1e-20
8022.262314 1.378353e-15 1e-20
8027.780792 1.348476e-15 1e-20
8033.299271 1.3737e-15 1e-20
8038.817749 1.344771e-15 1e-20
8044.336227 1.345384e-15 1e-20
8049.854706 1.308789e-15 1e-20
8055.373184 1.266624e-15 1e-20
8060.891663 1.265309e-15 1e-20
8066.410141 1.259722e-15 1e-20
8071.928619 1.301008e-15 1e-20
8077.447098 1.3194e-15 1e-20
8082.965576 1.301556e-15 1e-20
8088.484055 1.270269e-15 1e-20
8094.002533 1.2288e-15 1e-20
8099.521011 1.22333e-15 1e-20
8105.03949 1.254976e-15 1e-20
8110.557968 1.263434e-15 1e-20
8116.076447 1.268965e-15 1e-20
8121.594925 1.19384e-15 1e-20
8127.113403 1.185253e-15 1e-20
8132.631882 1.129542e-15 1e-20
8138.15036 1.153878e-15 1e-20
8143.668838 1.16331e-15 1e-20
8149.187317 1.189109e-15 1e-20
8154.705795 1.182733e-15 1e-20
8160.224274 1.146112e-15 1e-20
8165.742752 1.126617e-15 1e-20
8171.26123 1.120419e-15 1e-20
8176.779709 1.126319e-15 1e-20
8182.298187 1.139913e-15 1e-20
8187.816666 1.181485e-15 1e-20
8193.335144 1.188239e-15 1e-20
8198.853622 1.131204e-15 1e-20
8204.372101 1.123734e-15 1e-20
8209.890579 1.170222e-15 1e-20
8215.409058 1.253955e-15 1e-20
8220.927536 1.347524e-15 1e-20
8226.446014 1.373814e-15 1e-20
8231.964493 1.205627e-15 1e-20
8237.482971 1.21657e-15 1e-20
8243.00145 1.204525e-15 1e-20
8248.519928 1.28189e-15 1e-20
8254.038406 1.322911e-15 1e-20
8259.556885 1.342354e-15 1e-20
8265.075363 1.34509e-15 1e-20
8270.593842 1.38581e-15 1e-20
8276.11232 1.276865e-15 1e-20
8281.630798 1.330351e-15 1e-20
8287.149277 1.336779e-15 1e-20
8292.667755 1.405013e-15 1e-20
8298.186234 1.445873e-15 1e-20
8303.704712 1.432012e-15 1e-20
8309.22319 1.381615e-15 1e-20
8314.741669 1.30458e-15 1e-20
8320.260147 1.311249e-15 1e-20
8325.778625 1.419015e-15 1e-20
8331.297104 1.515715e-15 1e-20
8336.815582 1.542052e-15 1e-20
8342.334061 1.526574e-15 1e-20
8347.852539 1.511575e-15 1e-20
8353.371017 1.520451e-15 1e-20
8358.889496 1.502803e-15 1e-20
8364.407974 1.601898e-15 1e-20
8369.926453 1.71751e-15 1e-20
8375.444931 1.716334e-15 1e-20
8380.963409 1.671837e-15 1e-20
8386.481888 1.68236e-15 1e-20
8392.000366 1.643479e-15 1e-20
8397.518845 1.788935e-15 1e-20
8403.037323 1.869279e-15 1e-20
8408.555801 1.977209e-15 1e-20
8414.07428 1.948152e-15 1e-20
8419.592758 1.919803e-15 1e-20
8425.111237 1.934205e-15 1e-20
8430.629715 1.921491e-15 1e-20
8436.148193 2.071054e-15 1e-20
8441.666672 2.18335e-15 1e-20
8447.18515 2.277273e-15 1e-20
8452.703629 2.229794e-15 1e-20
8458.222107 2.164132e-15 1e-20
8463.740585 2.176693e-15 1e-20
8469.259064 2.201235e-15 1e-20
8474.777542 2.285735e-15 1e-20
8480.296021 2.461128e-15 1e-20
8485.814499 2.524728e-15 1e-20
8491.332977 2.42844e-15 1e-20
8496.851456 2.366271e-15 1e-20
8502.369934 2.311537e-15 1e-20
8507.888412 2.423493e-15 1e-20
8513.406891 2.680907e-15 1e-20
8518.925369 2.688307e-15 1e-20
8524.443848 2.729188e-15 1e-20
8529.962326 2.61327e-15 1e-20
8535.480804 2.465205e-15 1e-20
8540.999283 2.454664e-15 1e-20
8546.517761 2.573093e-15 1e-20
8552.03624 2.764336e-15 1e-20
8557.554718 2.819252e-15 1e-20
8563.073196 2.716937e-15 1e-20
8568.591675 2.67948e-15 1e-20
8574.110153 2.494218e-15 1e-20
8579.628632 2.589182e-15 1e-20
8585.14711 2.682036e-15 1e-20
8590.665588 2.813903e-15 1e-20
8596.184067 2.839216e-15 1e-20
8601.702545 2.777833e-15 1e-20
8607.221024 2.710492e-15 1e-20
8612.739502 2.544242e-15 1e-20
8618.25798 2.583936e-15 1e-20
8623.776459 2.670578e-15 1e-20
8629.294937 2.726046e-15 1e-20
8634.813416 2.822213e-15 1e-20
8640.331894 2.813948e-15 1e-20
8645.850372 2.630756e-15 1e-20
8651.368851 2.500866e-15 1e-20
8656.887329 2.536074e-15 1e-20
8662.405807 2.563425e-15 1e-20
8667.924286 2.656811e-15 1e-20
8673.442764 2.786861e-15 1e-20
8678.961243 2.72029e-15 1e-20
8684.479721 2.597854e-15 1e-20
8689.998199 2.466363e-15 1e-20
8695.516678 2.467294e-15 1e-20
8701.035156 2.583449e-15 1e-20
8706.553635 2.676755e-15 1e-20
8712.072113 2.59639e-15 1e-20
8717.590591 2.704918e-15 1e-20
8723.10907 2.450304e-15 1e-20
8728.627548 2.417884e-15 1e-20
8734.146027 2.349726e-15 1e-20
8739.664505 2.370452e-15 1e-20
8745.182983 2.512079e-15 1e-20
8750.701462 2.615787e-15 1e-20
8756.21994 2.57264e-15 1e-20
8761.738419 2.353076e-15 1e-20
8767.256897 2.243074e-15 1e-20
8772.775375 2.20586e-15 1e-20
8778.293854 2.271815e-15 1e-20
8783.812332 2.421631e-15 1e-20
8789.330811 2.376752e-15 1e-20
8794.849289 2.258527e-15 1e-20
8800.367767 2.168819e-15 1e-20
8805.886246 2.112623e-15 1e-20
8811.404724 2.091852e-15 1e-20
8816.923203 2.120424e-15 1e-20
8822.441681 2.213174e-15 1e-20
8827.960159 2.199789e-15 1e-20
8833.478638 2.152251e-15 1e-20
8838.997116 1.968054e-15 1e-20
8844.515594 1.886619e-15 1e-20
8850.034073 1.932645e-15 1e-20
8855.552551 2.087343e-15 1e-20
8861.07103 2.063235e-15 1e-20
8866.589508 2.080965e-15 1e-20
8872.107986 1.961447e-15 1e-20
8877.626465 1.835784e-15 1e-20
8883.144943 1.812831e-15 1e-20
8888.663422 1.913173e-15 1e-20
8894.1819 1.953855e-15 1e-20
8899.700378 1.949458e-15 1e-20
8905.218857 1.910301e-15 1e-20
8910.737335 1.873287e-15 1e-20
8916.255814 1.708612e-15 1e-20
8921.774292 1.800986e-15 1e-20
8927.29277 1.811852e-15 1e-20
8932.811249 1.885893e-15 1e-20
8938.329727 1.844868e-15 1e-20
8943.848206 1.747908e-15 1e-20
8949.366684 1.650726e-15 1e-20
8954.885162 1.695906e-15 1e-20
8960.403641 1.833379e-15 1e-20
8965.922119 1.851501e-15 1e-20
8971.440598 1.788433e-15 1e-20
8976.959076 1.753362e-15 1e-20
8982.477554 1.709488e-15 1e-20
8987.996033 1.702371e-15 1e-20
8993.514511 1.769281e-15 1e-20
8999.032989 1.844525e-15 1e-20
9004.551468 1.886993e-15 1e-20
9010.069946 1.807526e-15 1e-20
9015.588425 1.797833e-15 1e-20
9021.106903 1.730108e-15 1e-20
9026.625381 1.803909e-15 1e-20
9032.14386 1.903912e-15 1e-20
9037.662338 1.822927e-15 1e-20
9043.180817 1.804749e-15 1e-20
9048.699295 1.762229e-15 1e-20
9054.217773 1.673385e-15 1e-20
9059.736252 1.729735e-15 1e-20
9065.25473 1.809201e-15 1e-20
9070.773209 1.739717e-15 1e-20
9076.291687 1.848276e-15 1e-20
9081.810165 1.615083e-15 1e-20
9087.328644 1.610154e-15 1e-20
9092.847122 1.709186e-15 1e-20
9098.365601 1.739193e-15 1e-20
9103.884079 1.727556e-15 1e-20
9109.402557 1.70825e-15 1e-20
9114.921036 1.689918e-15 1e-20
9120.439514 1.630028e-15 1e-20
9125.957993 1.685042e-15 1e-20
9131.476471 1.807124e-15 1e-20
9136.994949 1.891942e-15 1e-20
9142.513428 1.837184e-15 1e-20
9148.031906 1.659089e-15 1e-20
9153.550385 1.626106e-15 1e-20
9159.068863 1.711938e-15 1e-20
9164.587341 1.795406e-15 1e-20
9170.10582 1.822313e-15 1e-20
9175.624298 1.724601e-15 1e-20
9181.142776 1.702854e-15 1e-20
9186.661255 1.759855e-15 1e-20
9192.179733 1.882261e-15 1e-20
9197.698212 1.945347e-15 1e-20
9203.21669 1.837102e-15 1e-20
9208.735168 1.838139e-15 1e-20
9214.253647 1.786684e-15 1e-20
9219.772125 1.845736e-15 1e-20
9225.290604 1.918885e-15 1e-20
9230.809082 1.95933e-15 1e-20
9236.32756 1.83567e-15 1e-20
9241.846039 1.803778e-15 1e-20
9247.364517 1.760759e-15 1e-20
9252.882996 1.911299e-15 1e-20
9258.401474 1.90859e-15 1e-20
9263.919952 1.887464e-15 1e-20
