3292.0 1.48615 1.07946
3294.0 1.50193 1.07946
3296.0 1.43071 1.07946
3298.0 1.77964 1.07946
3300.0 1.69384 1.07946
3302.0 1.61997 1.07946
3304.0 1.45715 1.07946
3306.0 1.56991 1.07946
3308.0 1.58083 1.07946
3310.0 1.75501 1.07946
3312.0 1.65354 1.07946
3314.0 1.49367 1.07946
3316.0 1.79301 1.07946
3318.0 1.77971 1.07946
3320.0 1.60426 1.07946
3322.0 1.77161 1.07946
3324.0 1.91303 1.07946
3326.0 1.79202 1.07946
3328.0 1.59558 1.07946
3330.0 1.75552 1.07946
3332.0 1.80685 1.07946
3334.0 1.60269 1.07946
3336.0 1.78571 1.07946
3338.0 1.6934 1.07946
3340.0 1.8562 1.07946
3342.0 1.8562 1.07946
3344.0 1.80625 1.07946
3346.0 1.69616 1.07946
3348.0 1.81651 1.07946
3350.0 2.01674 1.07946
3352.0 2.05664 1.07946
3354.0 2.04518 1.07946
3356.0 1.7781 1.07946
3358.0 2.20801 1.07946
3360.0 2.2485 1.07946
3362.0 2.26247 1.07946
3364.0 2.03908 1.07946
3366.0 2.01813 1.07946
3368.0 2.15564 1.07946
3370.0 2.00592 1.07946
3372.0 1.88342 1.07946
3374.0 1.87229 1.07946
3376.0 2.12182 1.07946
3378.0 2.29077 1.07946
3380.0 2.21844 1.07946
3382.0 2.2672 1.07946
3384.0 2.17686 1.07946
3386.0 2.22287 1.07946
3388.0 2.16459 1.07946
3390.0 2.33593 1.07946
3392.0 2.50245 1.07946
3394.0 2.3608 1.07946
3396.0 2.1413 1.07946
3398.0 2.53086 1.07946
3400.0 2.54503 1.07946
3402.0 2.54676 1.07946
3404.0 2.59798 1.07946
3406.0 2.61699 1.07946
3408.0 2.46246 1.07946
3410.0 2.55892 1.07946
3412.0 2.71105 1.07946
3414.0 2.73529 1.07946
3416.0 2.4531 1.07946
3418.0 2.34076 1.07946
3420.0 2.26767 1.07946
3422.0 2.36579 1.07946
3424.0 2.35789 1.07946
3426.0 2.34909 1.07946
3428.0 2.55629 1.07946
3430.0 2.39108 1.07946
3432.0 2.23079 1.07946
3434.0 2.22044 1.07946
3436.0 2.46829 1.07946
3438.0 2.59128 1.07946
3440.0 2.64642 1.07946
3442.0 2.44143 1.07946
3444.0 2.6161 1.07946
3446.0 2.4536 1.07946
3448.0 2.36375 1.07946
3450.0 2.34009 1.07946
3452.0 2.5814 1.07946
3454.0 2.65943 1.07946
3456.0 2.62475 1.07946
3458.0 2.57815 1.07946
3460.0 2.47525 1.07946
3462.0 2.60487 1.07946
3464.0 2.76594 1.07946
3466.0 2.77583 1.07946
3468.0 2.70886 1.07946
3470.0 2.69082 1.07946
3472.0 2.81305 1.07946
3474.0 2.67636 1.07946
3476.0 2.61019 1.07946
3478.0 2.77396 1.07946
3480.0 3.03574 1.07946
3482.0 2.92336 1.07946
3484.0 2.92055 1.07946
3486.0 2.97113 1.07946
3488.0 2.87161 1.07946
3490.0 2.94498 1.07946
3492.0 2.98612 1.07946
3494.0 2.82202 1.07946
3496.0 2.74439 1.07946
3498.0 2.74667 1.07946
3500.0 2.93368 1.07946
3502.0 2.79795 1.07946
3504.0 2.81268 1.07946
3506.0 2.92248 1.07946
3508.0 2.96277 1.07946
3510.0 3.12316 1.07946
3512.0 3.03733 1.07946
3514.0 3.20876 1.07946
3516.0 3.20877 1.07946
3518.0 3.08359 1.07946
3520.0 3.1 1.07946
3522.0 3.00933 1.07946
3524.0 2.85857 1.07946
3526.0 3.04882 1.07946
3528.0 3.06721 1.07946
3530.0 2.92971 1.07946
3532.0 2.93066 1.07946
3534.0 3.04127 1.07946
3536.0 2.91665 1.07946
3538.0 2.80378 1.07946
3540.0 2.77485 1.07946
3542.0 2.79752 1.07946
3544.0 2.78548 1.07946
3546.0 2.84674 1.07946
3548.0 2.9876 1.07946
3550.0 2.87093 1.07946
3552.0 3.01849 1.07946
3554.0 3.02969 1.07946
3556.0 3.03299 1.07946
3558.0 2.89008 1.07946
3560.0 2.90139 1.07946
3562.0 3.21485 1.07946
3564.0 3.32712 1.07946
3566.0 3.34858 1.07946
3568.0 3.40119 1.07946
3570.0 3.33364 1.07946
3572.0 3.08146 1.07946
3574.0 3.09628 1.07946
3576.0 3.45338 1.07946
3578.0 3.34031 1.07946
3580.0 3.38985 1.07946
3582.0 3.3103 1.07946
3584.0 3.10264 1.07946
3586.0 3.21771 1.07946
3588.0 3.19878 1.07946
3590.0 3.09716 1.07946
3592.0 3.19407 1.07946
3594.0 3.19856 1.07946
3596.0 3.04088 1.07946
3598.0 3.19163 1.07946
3600.0 3.19272 1.07946
3602.0 3.12851 1.07946
3604.0 3.22261 1.07946
3606.0 3.12283 1.07946
3608.0 3.17265 1.07946
3610.0 3.39293 1.07946
3612.0 3.36749 1.07946
3614.0 3.38346 1.07946
3616.0 3.45 1.07946
3618.0 3.48697 1.07946
3620.0 3.29026 1.07946
3622.0 3.33885 1.07946
3624.0 3.37743 1.07946
3626.0 3.37957 1.07946
3628.0 3.4618 1.07946
3630.0 3.4872 1.07946
3632.0 3.3015 1.07946
3634.0 3.2521 1.07946
3636.0 3.23389 1.07946
3638.0 3.37954 1.07946
3640.0 3.48423 1.07946
3642.0 3.18043 1.07946
3644.0 3.47284 1.07946
3646.0 3.48817 1.07946
3648.0 3.47389 1.07946
3650.0 3.5056 1.07946
3652.0 3.49786 1.07946
3654.0 3.44724 1.07946
3656.0 3.36574 1.07946
3658.0 3.35652 1.07946
3660.0 3.10843 1.07946
3662.0 3.15116 1.07946
3664.0 3.44839 1.07946
3666.0 3.27423 1.07946
3668.0 3.10285 1.07946
3670.0 3.10865 1.07946
3672.0 3.12719 1.07946
3674.0 3.07191 1.07946
3676.0 3.17566 1.07946
3678.0 3.21703 1.07946
3680.0 3.20542 1.07946
3682.0 3.12753 1.07946
3684.0 3.21015 1.07946
3686.0 3.06339 1.07946
3688.0 3.14767 1.07946
3690.0 3.29721 1.07946
3692.0 3.26437 1.07946
3694.0 3.24781 1.07946
3696.0 3.36344 1.07946
3698.0 3.40857 1.07946
3700.0 3.21851 1.07946
3702.0 3.0914 1.07946
3704.0 3.21671 1.07946
3706.0 3.2296 1.07946
3708.0 3.20336 1.07946
3710.0 3.13775 1.07946
3712.0 3.25248 1.07946
3714.0 3.25614 1.07946
3716.0 3.1547 1.07946
3718.0 3.18287 1.07946
3720.0 3.30418 1.07946
3722.0 3.20606 1.07946
3724.0 3.05667 1.07946
3726.0 3.18188 1.07946
3728.0 3.09932 1.07946
3730.0 2.92171 1.07946
3732.0 2.8799 1.07946
3734.0 2.69325 1.07946
3736.0 2.5359 1.07946
3738.0 2.46572 1.07946
3740.0 2.35182 1.07946
3742.0 2.20956 1.07946
3744.0 2.09189 1.07946
3746.0 2.05243 1.07946
3748.0 1.95235 1.07946
3750.0 1.90112 1.07946
3752.0 1.92548 1.07946
3754.0 1.88846 1.07946
3756.0 1.72391 1.07946
3758.0 1.68509 1.07946
3760.0 1.72381 1.07946
3762.0 1.58269 1.07946
3764.0 1.57195 1.07946
3766.0 1.52004 1.07946
3768.0 1.4618 1.07946
3770.0 1.54327 1.07946
3772.0 1.48241 1.07946
3774.0 1.45643 1.07946
3776.0 1.46418 1.07946
3778.0 1.51273 1.07946
3780.0 1.43991 1.07946
3782.0 1.43547 1.07946
3784.0 1.43391 1.07946
3786.0 1.27888 1.07946
3788.0 1.40037 1.07946
3790.0 1.37706 1.07946
3792.0 1.40839 1.07946
3794.0 1.52162 1.07946
3796.0 1.48053 1.07946
3798.0 1.49805 1.07946
3800.0 1.44855 1.07946
3802.0 1.40035 1.07946
3804.0 1.56313 1.07946
3806.0 1.53741 1.07946
3808.0 1.44467 1.07946
3810.0 1.39507 1.07946
3812.0 1.30761 1.07946
3814.0 1.36514 1.07946
3816.0 1.36127 1.07946
3818.0 1.36206 1.07946
3820.0 1.32301 1.07946
3822.0 1.32612 1.07946
3824.0 1.39407 1.07946
3826.0 1.45346 1.07946
3828.0 1.38804 1.07946
3830.0 1.41468 1.07946
3832.0 1.35962 1.07946
3834.0 1.37192 1.07946
3836.0 1.42671 1.07946
3838.0 1.39385 1.07946
3840.0 1.28582 1.07946
3842.0 1.35073 1.07946
3844.0 1.40497 1.07946
3846.0 1.37685 1.07946
3848.0 1.34938 1.07946
3850.0 1.34202 1.07946
3852.0 1.37008 1.07946
3854.0 1.37141 1.07946
3856.0 1.39248 1.07946
3858.0 1.35005 1.07946
3860.0 1.38474 1.07946
3862.0 1.3888 1.07946
3864.0 1.45928 1.07946
3866.0 1.47798 1.07946
3868.0 1.46553 1.07946
3870.0 1.4724 1.07946
3872.0 1.52295 1.07946
3874.0 1.54456 1.07946
3876.0 1.55542 1.07946
3878.0 1.62185 1.07946
3880.0 1.64422 1.07946
3882.0 1.52238 1.07946
3884.0 1.67802 1.07946
3886.0 1.74154 1.07946
3888.0 1.75751 1.07946
3890.0 1.79176 1.07946
3892.0 1.83636 1.07946
3894.0 1.87721 1.07946
3896.0 1.88868 1.07946
3898.0 2.04703 1.07946
3900.0 2.12232 1.07946
3902.0 2.10673 1.07946
3904.0 2.19865 1.07946
3906.0 2.36447 1.07946
3908.0 2.37164 1.07946
3910.0 2.45888 1.07946
3912.0 2.51367 1.07946
3914.0 2.61961 1.07946
3916.0 2.64297 1.07946
3918.0 2.66071 1.07946
3920.0 2.85945 1.07946
3922.0 2.92631 1.07946
3924.0 2.96049 1.07946
3926.0 2.98333 1.07946
3928.0 3.06338 1.07946
3930.0 3.18252 1.07946
3932.0 3.17358 1.07946
3934.0 3.29682 1.07946
3936.0 3.46196 1.07946
3938.0 3.46803 1.07946
3940.0 3.50025 1.07946
3942.0 3.55888 1.07946
3944.0 3.5967 1.07946
3946.0 3.73318 1.07946
3948.0 3.81682 1.07946
3950.0 3.84349 1.07946
3952.0 3.84887 1.07946
3954.0 3.84038 1.07946
3956.0 3.82898 1.07946
3958.0 3.88249 1.07946
3960.0 3.89893 1.07946
3962.0 3.98591 1.07946
3964.0 4.02731 1.07946
3966.0 3.94713 1.07946
3968.0 3.84846 1.07946
3970.0 4.01932 1.07946
3972.0 4.05136 1.07946
3974.0 3.99657 1.07946
3976.0 4.04877 1.07946
3978.0 4.15334 1.07946
3980.0 4.15994 1.07946
3982.0 4.05671 1.07946
3984.0 3.96472 1.07946
3986.0 4.02067 1.07946
3988.0 4.11293 1.07946
3990.0 4.19394 1.07946
3992.0 4.32232 1.07946
3994.0 4.29942 1.07946
3996.0 4.05951 1.07946
3998.0 4.104 1.07946
4000.0 4.18849 1.07946
4002.0 4.29248 1.07946
4004.0 4.28473 1.07946
4006.0 4.33312 1.07946
4008.0 4.35361 1.07946
4010.0 4.27392 1.07946
4012.0 4.16197 1.07946
4014.0 4.17071 1.07946
4016.0 4.11826 1.07946
4018.0 4.11925 1.07946
4020.0 4.0741 1.07946
4022.0 3.95249 1.07946
4024.0 3.84455 1.07946
4026.0 3.82121 1.07946
4028.0 3.82939 1.07946
4030.0 3.68683 1.07946
4032.0 3.64793 1.07946
4034.0 3.50989 1.07946
4036.0 3.51314 1.07946
4038.0 3.40672 1.07946
4040.0 3.40695 1.07946
4042.0 3.34769 1.07946
4044.0 3.3593 1.07946
4046.0 3.23598 1.07946
4048.0 3.08407 1.07946
4050.0 3.22898 1.07946
4052.0 3.25731 1.07946
4054.0 3.10709 1.07946
4056.0 3.12449 1.07946
4058.0 3.13335 1.07946
4060.0 3.11465 1.07946
4062.0 3.03596 1.07946
4064.0 3.09419 1.07946
4066.0 3.12718 1.07946
4068.0 3.13442 1.07946
4070.0 3.07186 1.07946
4072.0 3.10848 1.07946
4074.0 3.14015 1.07946
4076.0 3.12526 1.07946
4078.0 3.21212 1.07946
4080.0 3.16637 1.07946
4082.0 3.22083 1.07946
4084.0 3.15616 1.07946
4086.0 3.11771 1.07946
4088.0 3.24503 1.07946
4090.0 3.25537 1.07946
4092.0 3.22668 1.07946
4094.0 3.28467 1.07946
4096.0 3.30865 1.07946
4098.0 3.43867 1.07946
4100.0 3.5126 1.07946
4102.0 3.46662 1.07946
4104.0 3.51482 1.07946
4106.0 3.57313 1.07946
4108.0 3.64859 1.07946
4110.0 3.78982 1.07946
4112.0 3.72115 1.07946
4114.0 3.82066 1.07946
4116.0 3.89108 1.07946
4118.0 3.8192 1.07946
4120.0 3.93807 1.07946
4122.0 3.90929 1.07946
4124.0 4.08538 1.07946
4126.0 4.02488 1.07946
4128.0 4.04737 1.07946
4130.0 4.04345 1.07946
4132.0 4.03297 1.07946
4134.0 4.06574 1.07946
4136.0 4.05653 1.07946
4138.0 4.09674 1.07946
4140.0 4.1085 1.07946
4142.0 4.2234 1.07946
4144.0 4.25275 1.07946
4146.0 4.1697 1.07946
4148.0 4.22428 1.07946
4150.0 4.25518 1.07946
4152.0 4.27514 1.07946
4154.0 4.3245 1.07946
4156.0 4.35107 1.07946
4158.0 4.35051 1.07946
4160.0 4.29244 1.07946
4162.0 4.21173 1.07946
4164.0 4.36685 1.07946
4166.0 4.26445 1.07946
4168.0 4.32182 1.07946
4170.0 4.30333 1.07946
4172.0 4.25437 1.07946
4174.0 4.28949 1.07946
4176.0 4.34261 1.07946
4178.0 4.30683 1.07946
4180.0 4.27944 1.07946
4182.0 4.38603 1.07946
4184.0 4.30108 1.07946
4186.0 4.28421 1.07946
4188.0 4.31475 1.07946
4190.0 4.2485 1.07946
4192.0 4.08662 1.07946
4194.0 4.11691 1.07946
4196.0 4.06572 1.07946
4198.0 3.95758 1.07946
4200.0 3.8679 1.07946
4202.0 3.87427 1.07946
4204.0 3.97357 1.07946
4206.0 3.96043 1.07946
4208.0 3.85433 1.07946
4210.0 3.86263 1.07946
4212.0 3.9129 1.07946
4214.0 3.89098 1.07946
4216.0 3.88664 1.07946
4218.0 3.86539 1.07946
4220.0 3.9529 1.07946
4222.0 3.91596 1.07946
4224.0 3.93701 1.07946
4226.0 3.8855 1.07946
4228.0 3.93879 1.07946
4230.0 3.98669 1.07946
4232.0 3.87527 1.07946
4234.0 3.85231 1.07946
4236.0 3.87426 1.07946
4238.0 3.84252 1.07946
4240.0 3.93233 1.07946
4242.0 3.91548 1.07946
4244.0 3.88185 1.07946
4246.0 3.87146 1.07946
4248.0 3.95261 1.07946
4250.0 4.01902 1.07946
4252.0 3.90288 1.07946
4254.0 3.87465 1.07946
4256.0 3.82915 1.07946
4258.0 3.78961 1.07946
4260.0 3.77985 1.07946
4262.0 3.71997 1.07946
4264.0 3.63158 1.07946
4266.0 3.55627 1.07946
4268.0 3.57878 1.07946
4270.0 3.5636 1.07946
4272.0 3.53887 1.07946
4274.0 3.5145 1.07946
4276.0 3.45051 1.07946
4278.0 3.45348 1.07946
4280.0 3.4222 1.07946
4282.0 3.33694 1.07946
4284.0 3.27764 1.07946
4286.0 3.28955 1.07946
4288.0 3.24907 1.07946
4290.0 3.21803 1.07946
4292.0 3.27638 1.07946
4294.0 3.22901 1.07946
4296.0 3.14077 1.07946
4298.0 3.17286 1.07946
4300.0 3.21994 1.07946
4302.0 3.19548 1.07946
4304.0 3.15093 1.07946
4306.0 3.12422 1.07946
4308.0 3.02988 1.07946
4310.0 3.0654 1.07946
4312.0 3.09538 1.07946
4314.0 2.93087 1.07946
4316.0 2.93574 1.07946
4318.0 2.99477 1.07946
4320.0 2.88027 1.07946
4322.0 2.879 1.07946
4324.0 2.84681 1.07946
4326.0 2.8285 1.07946
4328.0 2.82415 1.07946
4330.0 2.75889 1.07946
4332.0 2.73984 1.07946
4334.0 2.74718 1.07946
4336.0 2.67073 1.07946
4338.0 2.59554 1.07946
4340.0 2.56265 1.07946
4342.0 2.54063 1.07946
4344.0 2.50566 1.07946
4346.0 2.43026 1.07946
4348.0 2.43831 1.07946
4350.0 2.29817 1.07946
4352.0 2.29611 1.07946
4354.0 2.31983 1.07946
4356.0 2.14829 1.07946
4358.0 2.13392 1.07946
4360.0 2.14084 1.07946
4362.0 2.11943 1.07946
4364.0 2.0821 1.07946
4366.0 2.04966 1.07946
4368.0 2.07078 1.07946
4370.0 1.98996 1.07946
4372.0 2.02874 1.07946
4374.0 2.03305 1.07946
4376.0 2.00886 1.07946
4378.0 2.03143 1.07946
4380.0 2.0475 1.07946
4382.0 2.06436 1.07946
4384.0 2.08915 1.07946
4386.0 2.19062 1.07946
4388.0 2.17676 1.07946
4390.0 2.22239 1.07946
4392.0 2.25122 1.07946
4394.0 2.25342 1.07946
4396.0 2.31434 1.07946
4398.0 2.34923 1.07946
4400.0 2.3751 1.07946
4402.0 2.36698 1.07946
4404.0 2.3523 1.07946
4406.0 2.43416 1.07946
4408.0 2.50419 1.07946
4410.0 2.46715 1.07946
4412.0 2.44916 1.07946
4414.0 2.50109 1.07946
4416.0 2.55091 1.07946
4418.0 2.49832 1.07946
4420.0 2.44787 1.07946
4422.0 2.47872 1.07946
4424.0 2.51457 1.07946
4426.0 2.55666 1.07946
4428.0 2.58666 1.07946
4430.0 2.59294 1.07946
4432.0 2.58003 1.07946
4434.0 2.63306 1.07946
4436.0 2.63505 1.07946
4438.0 2.61271 1.07946
4440.0 2.64135 1.07946
4442.0 2.68521 1.07946
4444.0 2.7184 1.07946
4446.0 2.6615 1.07946
4448.0 2.69716 1.07946
4450.0 2.7045 1.07946
4452.0 2.66932 1.07946
4454.0 2.71131 1.07946
4456.0 2.69904 1.07946
4458.0 2.69332 1.07946
4460.0 2.70325 1.07946
4462.0 2.75177 1.07946
4464.0 2.70948 1.07946
4466.0 2.72023 1.07946
4468.0 2.84691 1.07946
4470.0 2.76314 1.07946
4472.0 2.70922 1.07946
4474.0 2.81383 1.07946
4476.0 2.75236 1.07946
4478.0 2.6934 1.07946
4480.0 2.69446 1.07946
4482.0 2.66178 1.07946
4484.0 2.61874 1.07946
4486.0 2.56284 1.07946
4488.0 2.57959 1.07946
4490.0 2.67533 1.07946
4492.0 2.65104 1.07946
4494.0 2.61619 1.07946
4496.0 2.65227 1.07946
4498.0 2.60185 1.07946
4500.0 2.62689 1.07946
4502.0 2.57351 1.07946
4504.0 2.54539 1.07946
4506.0 2.58602 1.07946
4508.0 2.59738 1.07946
4510.0 2.64852 1.07946
4512.0 2.58287 1.07946
4514.0 2.64689 1.07946
4516.0 2.67311 1.07946
4518.0 2.68845 1.07946
4520.0 2.64703 1.07946
4522.0 2.70707 1.07946
4524.0 2.74792 1.07946
4526.0 2.70306 1.07946
4528.0 2.75488 1.07946
4530.0 2.87859 1.07946
4532.0 2.85506 1.07946
4534.0 2.84909 1.07946
4536.0 2.90627 1.07946
4538.0 2.971 1.07946
4540.0 3.06869 1.07946
4542.0 3.14939 1.07946
4544.0 3.18938 1.07946
4546.0 3.24933 1.07946
4548.0 3.19752 1.07946
4550.0 3.16822 1.07946
4552.0 3.24213 1.07946
4554.0 3.23353 1.07946
4556.0 3.26544 1.07946
4558.0 3.28597 1.07946
4560.0 3.32029 1.07946
4562.0 3.33052 1.07946
4564.0 3.25867 1.07946
4566.0 3.3208 1.07946
4568.0 3.15996 1.07946
4570.0 3.19908 1.07946
4572.0 3.33517 1.07946
4574.0 3.41785 1.07946
4576.0 3.42396 1.07946
4578.0 3.36014 1.07946
4580.0 3.41266 1.07946
4582.0 3.41757 1.07946
4584.0 3.38963 1.07946
4586.0 3.4121 1.07946
4588.0 3.40998 1.07946
4590.0 3.42695 1.07946
4592.0 3.44398 1.07946
4594.0 3.47712 1.07946
4596.0 3.48184 1.07946
4598.0 3.46499 1.07946
4600.0 3.44581 1.07946
4602.0 3.45849 1.07946
4604.0 3.50631 1.07946
4606.0 3.50483 1.07946
4608.0 3.44223 1.07946
4610.0 3.46224 1.07946
4612.0 3.41914 1.07946
4614.0 3.41099 1.07946
4616.0 3.3673 1.07946
4618.0 3.34689 1.07946
4620.0 3.39955 1.07946
4622.0 3.34358 1.07946
4624.0 3.31466 1.07946
4626.0 3.38806 1.07946
4628.0 3.34388 1.07946
4630.0 3.30206 1.07946
4632.0 3.29353 1.07946
4634.0 3.27553 1.07946
4636.0 3.28879 1.07946
4638.0 3.27139 1.07946
4640.0 3.24865 1.07946
4642.0 3.25505 1.07946
4644.0 3.23606 1.07946
4646.0 3.30935 1.07946
4648.0 3.3198 1.07946
4650.0 3.28896 1.07946
4652.0 3.2438 1.07946
4654.0 3.31055 1.07946
4656.0 3.36697 1.07946
4658.0 3.32853 1.07946
4660.0 3.32015 1.07946
4662.0 3.29811 1.07946
4664.0 3.29638 1.07946
4666.0 3.28202 1.07946
4668.0 3.33172 1.07946
4670.0 3.33857 1.07946
4672.0 3.38358 1.07946
4674.0 3.35741 1.07946
4676.0 3.31862 1.07946
4678.0 3.3264 1.07946
4680.0 3.37257 1.07946
4682.0 3.34692 1.07946
4684.0 3.36873 1.07946
4686.0 3.40614 1.07946
4688.0 3.32007 1.07946
4690.0 3.30113 1.07946
4692.0 3.30462 1.07946
4694.0 3.27355 1.07946
4696.0 3.28579 1.07946
4698.0 3.29316 1.07946
4700.0 3.32574 1.07946
4702.0 3.27855 1.07946
4704.0 3.29278 1.07946
4706.0 3.25669 1.07946
4708.0 3.2578 1.07946
4710.0 3.24522 1.07946
4712.0 3.13782 1.07946
4714.0 3.1306 1.07946
4716.0 3.10766 1.07946
4718.0 3.0275 1.07946
4720.0 2.98261 1.07946
4722.0 2.9097 1.07946
4724.0 2.87519 1.07946
4726.0 2.82396 1.07946
4728.0 2.79343 1.07946
4730.0 2.75063 1.07946
4732.0 2.70613 1.07946
4734.0 2.72423 1.07946
4736.0 2.67614 1.07946
4738.0 2.66181 1.07946
4740.0 2.63718 1.07946
4742.0 2.62267 1.07946
4744.0 2.59385 1.07946
4746.0 2.62721 1.07946
4748.0 2.58295 1.07946
4750.0 2.50044 1.07946
4752.0 2.58555 1.07946
4754.0 2.58073 1.07946
4756.0 2.53606 1.07946
4758.0 2.59018 1.07946
4760.0 2.62405 1.07946
4762.0 2.56154 1.07946
4764.0 2.51742 1.07946
4766.0 2.54107 1.07946
4768.0 2.60894 1.07946
4770.0 2.54227 1.07946
4772.0 2.55207 1.07946
4774.0 2.63639 1.07946
4776.0 2.61398 1.07946
4778.0 2.63171 1.07946
4780.0 2.60704 1.07946
4782.0 2.60213 1.07946
4784.0 2.65193 1.07946
4786.0 2.71404 1.07946
4788.0 2.68347 1.07946
4790.0 2.69336 1.07946
4792.0 2.6784 1.07946
4794.0 2.60732 1.07946
4796.0 2.68784 1.07946
4798.0 2.68961 1.07946
4800.0 2.60782 1.07946
4802.0 2.57265 1.07946
4804.0 2.53069 1.07946
4806.0 2.52541 1.07946
4808.0 2.43405 1.07946
4810.0 2.42846 1.07946
4812.0 2.34862 1.07946
4814.0 2.39456 1.07946
4816.0 2.36009 1.07946
4818.0 2.33513 1.07946
4820.0 2.2539 1.07946
4822.0 2.24019 1.07946
4824.0 2.26909 1.07946
4826.0 2.23121 1.07946
4828.0 2.23296 1.07946
4830.0 2.1737 1.07946
4832.0 2.12141 1.07946
4834.0 2.12293 1.07946
4836.0 2.13272 1.07946
4838.0 2.1425 1.07946
4840.0 2.15229 1.07946
4842.0 2.15229 1.07946
4844.0 2.14344 1.07946
4846.0 2.10315 1.07946
4848.0 2.08335 1.07946
4850.0 2.08198 1.07946
4852.0 2.09001 1.07946
4854.0 2.17728 1.07946
4856.0 2.18802 1.07946
4858.0 2.18062 1.07946
4860.0 2.19807 1.07946
4862.0 2.2139 1.07946
4864.0 2.20257 1.07946
4866.0 2.20255 1.07946
4868.0 2.24672 1.07946
4870.0 2.25814 1.07946
4872.0 2.30437 1.07946
4874.0 2.34762 1.07946
4876.0 2.36852 1.07946
4878.0 2.3713 1.07946
4880.0 2.39179 1.07946
4882.0 2.39067 1.07946
4884.0 2.39136 1.07946
4886.0 2.34401 1.07946
4888.0 2.30669 1.07946
4890.0 2.29774 1.07946
4892.0 2.28324 1.07946
4894.0 2.25029 1.07946
4896.0 2.22818 1.07946
4898.0 2.15476 1.07946
4900.0 2.04421 1.07946
4902.0 2.01445 1.07946
4904.0 2.0073 1.07946
4906.0 1.97414 1.07946
4908.0 1.88415 1.07946
4910.0 1.85682 1.07946
4912.0 1.83042 1.07946
4914.0 1.72605 1.07946
4916.0 1.69257 1.07946
4918.0 1.71674 1.07946
4920.0 1.62305 1.07946
4922.0 1.59921 1.07946
4924.0 1.57989 1.07946
4926.0 1.56057 1.07946
4928.0 1.54126 1.07946
4930.0 1.54126 1.07946
4932.0 1.49672 1.07946
4934.0 1.45671 1.07946
4936.0 1.45569 1.07946
4938.0 1.42556 1.07946
4940.0 1.35932 1.07946
4942.0 1.40047 1.07946
4944.0 1.4215 1.07946
4946.0 1.3751 1.07946
4948.0 1.37475 1.07946
4950.0 1.40411 1.07946
4952.0 1.40761 1.07946
4954.0 1.35183 1.07946
4956.0 1.36632 1.07946
4958.0 1.44581 1.07946
4960.0 1.46876 1.07946
4962.0 1.46142 1.07946
4964.0 1.49863 1.07946
4966.0 1.50406 1.07946
4968.0 1.54008 1.07946
4970.0 1.56894 1.07946
4972.0 1.553 1.07946
4974.0 1.55597 1.07946
4976.0 1.6323 1.07946
4978.0 1.67405 1.07946
4980.0 1.72995 1.07946
4982.0 1.69634 1.07946
4984.0 1.69409 1.07946
4986.0 1.71997 1.07946
4988.0 1.7519 1.07946
4990.0 1.79009 1.07946
4992.0 1.784 1.07946
4994.0 1.74896 1.07946
4996.0 1.79427 1.07946
4998.0 1.79971 1.07946
5000.0 1.82513 1.07946
5002.0 1.8331 1.07946
5004.0 1.82461 1.07946
5006.0 1.85063 1.07946
5008.0 1.84482 1.07946
5010.0 1.85077 1.07946
5012.0 1.80664 1.07946
5014.0 1.79888 1.07946
5016.0 1.86876 1.07946
5018.0 1.88917 1.07946
5020.0 1.87137 1.07946
5022.0 1.9228 1.07946
5024.0 1.92586 1.07946
5026.0 1.89037 1.07946
5028.0 1.86961 1.07946
5030.0 1.91067 1.07946
5032.0 1.92474 1.07946
5034.0 1.87873 1.07946
5036.0 1.87818 1.07946
5038.0 1.86373 1.07946
5040.0 1.91665 1.07946
5042.0 1.89792 1.07946
5044.0 1.82176 1.07946
5046.0 1.76996 1.07946
5048.0 1.77017 1.07946
5050.0 1.80924 1.07946
5052.0 1.77717 1.07946
5054.0 1.74029 1.07946
5056.0 1.68191 1.07946
5058.0 1.69748 1.07946
5060.0 1.72489 1.07946
5062.0 1.73196 1.07946
5064.0 1.71923 1.07946
5066.0 1.76488 1.07946
5068.0 1.73885 1.07946
5070.0 1.72354 1.07946
5072.0 1.73392 1.07946
5074.0 1.73068 1.07946
5076.0 1.70403 1.07946
5078.0 1.72773 1.07946
5080.0 1.75269 1.07946
5082.0 1.74721 1.07946
5084.0 1.74684 1.07946
5086.0 1.73943 1.07946
5088.0 1.80656 1.07946
5090.0 1.83185 1.07946
5092.0 1.79357 1.07946
5094.0 1.79616 1.07946
5096.0 1.82149 1.07946
5098.0 1.86687 1.07946
5100.0 1.88396 1.07946
5102.0 1.88132 1.07946
5104.0 1.90552 1.07946
5106.0 1.90355 1.07946
5108.0 1.90062 1.07946
5110.0 1.89745 1.07946
5112.0 1.91501 1.07946
5114.0 1.85154 1.07946
5116.0 1.86298 1.07946
5118.0 1.92674 1.07946
5120.0 1.91793 1.07946
5122.0 1.92669 1.07946
5124.0 1.94636 1.07946
5126.0 1.95357 1.07946
5128.0 1.95698 1.07946
5130.0 1.95757 1.07946
5132.0 1.94251 1.07946
5134.0 1.95616 1.07946
5136.0 1.99221 1.07946
5138.0 2.02384 1.07946
5140.0 1.98092 1.07946
5142.0 2.04004 1.07946
5144.0 2.09279 1.07946
5146.0 2.07745 1.07946
5148.0 2.13516 1.07946
5150.0 2.10153 1.07946
5152.0 2.0965 1.07946
5154.0 2.10234 1.07946
5156.0 2.17635 1.07946
5158.0 2.24182 1.07946
5160.0 2.22061 1.07946
5162.0 2.21479 1.07946
5164.0 2.19221 1.07946
5166.0 2.21488 1.07946
5168.0 2.23781 1.07946
5170.0 2.21606 1.07946
5172.0 2.28143 1.07946
5174.0 2.28971 1.07946
5176.0 2.31841 1.07946
5178.0 2.29045 1.07946
5180.0 2.24609 1.07946
5182.0 2.29655 1.07946
5184.0 2.35739 1.07946
5186.0 2.32195 1.07946
5188.0 2.31547 1.07946
5190.0 2.32117 1.07946
5192.0 2.29776 1.07946
5194.0 2.31326 1.07946
5196.0 2.31351 1.07946
5198.0 2.3264 1.07946
5200.0 2.38939 1.07946
5202.0 2.29589 1.07946
5204.0 2.35675 1.07946
5206.0 2.38506 1.07946
5208.0 2.35647 1.07946
5210.0 2.37283 1.07946
5212.0 2.3347 1.07946
5214.0 2.35007 1.07946
5216.0 2.32072 1.07946
5218.0 2.30674 1.07946
5220.0 2.27212 1.07946
5222.0 2.3011 1.07946
5224.0 2.32725 1.07946
5226.0 2.28081 1.07946
5228.0 2.22219 1.07946
5230.0 2.30446 1.07946
5232.0 2.35815 1.07946
5234.0 2.27226 1.07946
5236.0 2.23828 1.07946
5238.0 2.17615 1.07946
5240.0 2.15422 1.07946
5242.0 2.22619 1.07946
5244.0 2.23477 1.07946
5246.0 2.24683 1.07946
5248.0 2.26794 1.07946
5250.0 2.22836 1.07946
5252.0 2.20246 1.07946
5254.0 2.23108 1.07946
5256.0 2.24893 1.07946
5258.0 2.26775 1.07946
5260.0 2.29304 1.07946
5262.0 2.26962 1.07946
5264.0 2.27977 1.07946
5266.0 2.3508 1.07946
5268.0 2.2811 1.07946
5270.0 2.31714 1.07946
5272.0 2.35319 1.07946
5274.0 2.35319 1.07946
5276.0 2.36051 1.07946
5278.0 2.41905 1.07946
5280.0 2.33637 1.07946
5282.0 2.30684 1.07946
5284.0 2.38032 1.07946
5286.0 2.35037 1.07946
5288.0 2.40233 1.07946
5290.0 2.40464 1.07946
5292.0 2.41323 1.07946
5294.0 2.48938 1.07946
5296.0 2.4082 1.07946
5298.0 2.36724 1.07946
5300.0 2.39958 1.07946
5302.0 2.40625 1.07946
5304.0 2.35217 1.07946
5306.0 2.35998 1.07946
5308.0 2.42262 1.07946
5310.0 2.40511 1.07946
5312.0 2.37114 1.07946
5314.0 2.36796 1.07946
5316.0 2.30668 1.07946
5318.0 2.2411 1.07946
5320.0 2.24651 1.07946
5322.0 2.19941 1.07946
5324.0 2.13438 1.07946
5326.0 2.10039 1.07946
5328.0 2.06796 1.07946
5330.0 2.0557 1.07946
5332.0 1.97055 1.07946
5334.0 1.89164 1.07946
5336.0 1.92869 1.07946
5338.0 1.91089 1.07946
5340.0 1.82201 1.07946
5342.0 1.85384 1.07946
5344.0 1.88051 1.07946
5346.0 1.80642 1.07946
5348.0 1.80079 1.07946
5350.0 1.80367 1.07946
5352.0 1.67628 1.07946
5354.0 1.67563 1.07946
5356.0 1.68334 1.07946
5358.0 1.67599 1.07946
5360.0 1.6768 1.07946
5362.0 1.60659 0.735737
5364.0 1.6 0.735737
5366.0 1.61438 0.735737
5368.0 1.5981 0.735737
5370.0 1.59843 0.735737
5372.0 1.61398 0.735737
5374.0 1.63355 0.735737
5376.0 1.58445 0.735737
5378.0 1.60322 0.735737
5380.0 1.60559 0.735737
5382.0 1.58562 0.735737
5384.0 1.60447 0.735737
5386.0 1.63493 0.735737
5388.0 1.66173 0.735737
5390.0 1.65228 0.735737
5392.0 1.6297 0.735737
5394.0 1.62745 0.735737
5396.0 1.64906 0.735737
5398.0 1.68836 0.735737
5400.0 1.67414 1.0
5402.0 1.67397 1.0
5404.0 1.67315 1.0
5406.0 1.67944 1.0
5408.0 1.68892 1.0
5410.0 1.68763 1.0
5412.0 1.67493 1.0
5414.0 1.66929 1.0
5416.0 1.66405 1.0
5418.0 1.66376 1.0
5420.0 1.66803 1.0
5422.0 1.67832 1.0
5424.0 1.70064 1.0
5426.0 1.73745 1.0
5428.0 1.7553 1.0
5430.0 1.76235 1.0
5432.0 1.76641 1.0
5434.0 1.75479 1.0
5436.0 1.75624 1.0
5438.0 1.79748 1.0
5440.0 1.85734 1.0
5442.0 1.86951 1.0
5444.0 1.84059 1.0
5446.0 1.83576 1.0
5448.0 1.83654 1.0
5450.0 1.84045 1.0
5452.0 1.85013 1.0
5454.0 1.86003 1.0
5456.0 1.86278 1.0
5458.0 1.86125 1.0
5460.0 1.85948 1.0
5462.0 1.8585 1.0
5464.0 1.8506 1.0
5466.0 1.82987 1.0
5468.0 1.81641 1.0
5470.0 1.82056 1.0
5472.0 1.83236 1.0
5474.0 1.83637 1.0
5476.0 1.84281 1.0
5478.0 1.83108 1.0
5480.0 1.78956 1.0
5482.0 1.77281 1.0
5484.0 1.78469 1.0
5486.0 1.80596 1.0
5488.0 1.83047 1.0
5490.0 1.86135 1.0
5492.0 1.85295 1.0
5494.0 1.79992 1.0
5496.0 1.77288 1.0
5498.0 1.75508 1.0
5500.0 1.74102 1.0
5502.0 1.73259 1.0
5504.0 1.72549 1.0
5506.0 1.70935 1.0
5508.0 1.68639 1.0
5510.0 1.66874 1.0
5512.0 1.65473 1.0
5514.0 1.63755 1.0
5516.0 1.61566 1.0
5518.0 1.5954 1.0
5520.0 1.58279 1.0
5522.0 1.57332 1.0
5524.0 1.55071 1.0
5526.0 1.51066 1.0
5528.0 1.49019 1.0
5530.0 1.4849 1.0
5532.0 1.47581 1.0
5534.0 1.46279 1.0
5536.0 1.44575 1.0
5538.0 1.41854 1.0
5540.0 1.3807 1.0
5542.0 1.36539 1.0
5544.0 1.37223 1.0
5546.0 1.36727 1.0
5548.0 1.35384 1.0
5550.0 1.34148 1.0
5552.0 1.33172 1.0
5554.0 1.32483 1.0
5556.0 1.32838 1.0
5558.0 1.34262 1.0
5560.0 1.35379 1.0
5562.0 1.36699 1.0
5564.0 1.37943 1.0
5566.0 1.39123 1.0
5568.0 1.40258 1.0
5570.0 1.41262 1.0
5572.0 1.4216 1.0
5574.0 1.43665 1.0
5576.0 1.4609 1.0
5578.0 1.47571 1.0
5580.0 1.47637 1.0
5582.0 1.4891 1.0
5584.0 1.52531 1.0
5586.0 1.57001 1.0
5588.0 1.60203 1.0
5590.0 1.62886 1.0
5592.0 1.6555 1.0
5594.0 1.6821 1.0
5596.0 1.7033 1.0
5598.0 1.71748 1.0
5600.0 1.73041 1.0
5602.0 1.74432 1.0
5604.0 1.75849 1.0
5606.0 1.77991 1.0
5608.0 1.81093 1.0
5610.0 1.83447 1.0
5612.0 1.85666 1.0
5614.0 1.87426 1.0
5616.0 1.88221 1.0
5618.0 1.89062 1.0
5620.0 1.91553 1.0
5622.0 1.95385 1.0
5624.0 1.97103 1.0
5626.0 1.96764 1.0
5628.0 1.9781 1.0
5630.0 1.99946 1.0
5632.0 2.02191 1.0
5634.0 2.04389 1.0
5636.0 2.06493 1.0
5638.0 2.07528 1.0
5640.0 2.07262 1.0
5642.0 2.08238 1.0
5644.0 2.10395 1.0
5646.0 2.11609 1.0
5648.0 2.11701 1.0
5650.0 2.11328 1.0
5652.0 2.10759 1.0
5654.0 2.09826 1.0
5656.0 2.09864 1.0
5658.0 2.11217 1.0
5660.0 2.11243 1.0
5662.0 2.10305 1.0
5664.0 2.09193 1.0
5666.0 2.07718 1.0
5668.0 2.06371 1.0
5670.0 2.06685 1.0
5672.0 2.08586 1.0
5674.0 2.09165 1.0
5676.0 2.09109 1.0
5678.0 2.09105 1.0
5680.0 2.08731 1.0
5682.0 2.08806 1.0
5684.0 2.1025 1.0
5686.0 2.12483 1.0
5688.0 2.13142 1.0
5690.0 2.12384 1.0
5692.0 2.12519 1.0
5694.0 2.1315 1.0
5696.0 2.13482 1.0
5698.0 2.13263 1.0
5700.0 2.12928 1.0
5702.0 2.12975 1.0
5704.0 2.13251 1.0
5706.0 2.13307 1.0
5708.0 2.13398 1.0
5710.0 2.13168 1.0
5712.0 2.12779 1.0
5714.0 2.1198 1.0
5716.0 2.1039 1.0
5718.0 2.08422 1.0
5720.0 2.07441 1.0
5722.0 2.0713 1.0
5724.0 2.06741 1.0
5726.0 2.0651 1.0
5728.0 2.06399 1.0
5730.0 2.06289 1.0
5732.0 2.06444 1.0
5734.0 2.07299 1.0
5736.0 2.0874 1.0
5738.0 2.09126 1.0
5740.0 2.08914 1.0
5742.0 2.08409 1.0
5744.0 2.07017 1.0
5746.0 2.06157 1.0
5748.0 2.06485 1.0
5750.0 2.07264 1.0
5752.0 2.07475 1.0
5754.0 2.0778 1.0
5756.0 2.06769 1.0
5758.0 2.0394 1.0
5760.0 2.02195 1.0
5762.0 2.01452 1.0
5764.0 2.01136 1.0
5766.0 2.0118 1.0
5768.0 2.01577 1.0
5770.0 2.0104 1.0
5772.0 1.99296 1.0
5774.0 1.98808 1.0
5776.0 1.99388 1.0
5778.0 1.99576 1.0
5780.0 1.99018 1.0
5782.0 1.9824 1.0
5784.0 1.97735 1.0
5786.0 1.97321 1.0
5788.0 1.96838 1.0
5790.0 1.96014 1.0
5792.0 1.9588 1.0
5794.0 1.96743 1.0
5796.0 1.97362 1.0
5798.0 1.97134 1.0
5800.0 1.96429 1.0
5802.0 1.95451 1.0
5804.0 1.9412 1.0
5806.0 1.92465 1.0
5808.0 1.90137 1.0
5810.0 1.88146 1.0
5812.0 1.86722 1.0
5814.0 1.85313 1.0
5816.0 1.83335 1.0
5818.0 1.80978 1.0
5820.0 1.79352 1.0
5822.0 1.78564 1.0
5824.0 1.77049 1.0
5826.0 1.74957 1.0
5828.0 1.72843 1.0
5830.0 1.70751 1.0
5832.0 1.68748 1.0
5834.0 1.67346 1.0
5836.0 1.66602 1.0
5838.0 1.65256 1.0
5840.0 1.63399 1.0
5842.0 1.61941 1.0
5844.0 1.60825 1.0
5846.0 1.59974 1.0
5848.0 1.59464 1.0
5850.0 1.59248 1.0
5852.0 1.5877 1.0
5854.0 1.58046 1.0
5856.0 1.57669 1.0
5858.0 1.57659 1.0
5860.0 1.57502 1.0
5862.0 1.57095 1.0
5864.0 1.56561 1.0
5866.0 1.55974 1.0
5868.0 1.55323 1.0
5870.0 1.54483 1.0
5872.0 1.5326 1.0
5874.0 1.52398 1.0
5876.0 1.51708 1.0
5878.0 1.5136 1.0
5880.0 1.51653 1.0
5882.0 1.52309 1.0
5884.0 1.52239 1.0
5886.0 1.51878 1.0
5888.0 1.51061 1.0
5890.0 1.48954 1.0
5892.0 1.48154 1.0
5894.0 1.49245 1.0
5896.0 1.50926 1.0
5898.0 1.51953 1.0
5900.0 1.52794 1.0
5902.0 1.54412 1.0
5904.0 1.56532 1.0
5906.0 1.59016 1.0
5908.0 1.62526 1.0
5910.0 1.65378 1.0
5912.0 1.66822 1.0
5914.0 1.6753 1.0
5916.0 1.68353 1.0
5918.0 1.69 1.0
5920.0 1.69329 1.0
5922.0 1.69062 1.0
5924.0 1.69182 1.0
5926.0 1.69564 1.0
5928.0 1.70302 1.0
5930.0 1.71732 1.0
5932.0 1.73695 1.0
5934.0 1.7466 1.0
5936.0 1.7472 1.0
5938.0 1.75331 1.0
5940.0 1.76224 1.0
5942.0 1.77062 1.0
5944.0 1.77594 1.0
5946.0 1.78227 1.0
5948.0 1.79754 1.0
5950.0 1.82231 1.0
5952.0 1.83245 1.0
5954.0 1.82924 1.0
5956.0 1.83269 1.0
5958.0 1.84331 1.0
5960.0 1.85232 1.0
5962.0 1.85439 1.0
5964.0 1.85295 1.0
5966.0 1.85456 1.0
5968.0 1.85564 1.0
5970.0 1.86079 1.0
5972.0 1.87121 1.0
5974.0 1.87945 1.0
5976.0 1.88682 1.0
5978.0 1.89052 1.0
5980.0 1.88577 1.0
5982.0 1.87454 1.0
5984.0 1.85768 1.0
5986.0 1.81885 1.0
5988.0 1.81037 1.0
5990.0 1.82957 1.0
5992.0 1.85477 1.0
5994.0 1.8816 1.0
5996.0 1.91058 1.0
5998.0 1.92861 1.0
6000.0 1.9379 1.0
6002.0 1.95059 1.0
6004.0 1.96432 1.0
6006.0 1.97501 1.0
6008.0 1.98391 1.0
6010.0 1.98883 1.0
6012.0 1.98599 1.0
6014.0 1.97695 1.0
6016.0 1.97474 1.0
6018.0 1.97621 1.0
6020.0 1.97709 1.0
6022.0 1.97888 1.0
6024.0 1.98049 1.0
6026.0 1.98106 1.0
6028.0 1.98192 1.0
6030.0 1.98595 1.0
6032.0 1.99406 1.0
6034.0 1.99397 1.0
6036.0 1.98655 1.0
6038.0 1.98122 1.0
6040.0 1.97487 1.0
6042.0 1.97194 1.0
6044.0 1.97624 1.0
6046.0 1.98544 1.0
6048.0 1.99471 1.0
6050.0 2.01171 1.0
6052.0 2.0151 1.0
6054.0 2.00517 1.0
6056.0 1.99926 1.0
6058.0 2.00021 1.0
6060.0 2.00296 1.0
6062.0 2.00344 1.0
6064.0 2.00288 1.0
6066.0 2.00603 1.0
6068.0 2.02066 1.0
6070.0 2.01659 1.0
6072.0 1.9901 1.0
6074.0 1.96649 1.0
6076.0 1.95582 1.0
6078.0 1.95144 1.0
6080.0 1.95109 1.0
6082.0 1.95997 1.0
6084.0 1.95923 1.0
6086.0 1.95409 1.0
6088.0 1.94605 1.0
6090.0 1.93221 1.0
6092.0 1.91889 1.0
6094.0 1.91284 1.0
6096.0 1.91116 1.0
6098.0 1.90741 1.0
6100.0 1.90577 1.0
6102.0 1.89955 1.0
6104.0 1.89 1.0
6106.0 1.87826 1.0
6108.0 1.86179 1.0
6110.0 1.8452 1.0
6112.0 1.83994 1.0
6114.0 1.84556 1.0
6116.0 1.83932 1.0
6118.0 1.82696 1.0
6120.0 1.81275 1.0
6122.0 1.79538 1.0
6124.0 1.77669 1.0
6126.0 1.75707 1.0
6128.0 1.73665 1.0
6130.0 1.72194 1.0
6132.0 1.72114 1.0
6134.0 1.69774 1.0
6136.0 1.65779 1.0
6138.0 1.61454 1.0
6140.0 1.56793 1.0
6142.0 1.51905 1.0
6144.0 1.47273 1.0
6146.0 1.4277 1.0
6148.0 1.3775 1.0
6150.0 1.31999 1.0
6152.0 1.26875 1.0
6154.0 1.22206 1.0
6156.0 1.17781 1.0
6158.0 1.13485 1.0
6160.0 1.09425 1.0
6162.0 1.05893 1.0
6164.0 1.03163 1.0
6166.0 0.996531 1.0
6168.0 0.954822 1.0
6170.0 0.917197 1.0
6172.0 0.883184 1.0
6174.0 0.852783 1.0
6176.0 0.828094 1.0
6178.0 0.808571 1.0
6180.0 0.785251 1.0
6182.0 0.760613 1.0
6184.0 0.736382 1.0
6186.0 0.709101 1.0
6188.0 0.687062 1.0
6190.0 0.673556 1.0
6192.0 0.665087 1.0
6194.0 0.658045 1.0
6196.0 0.656868 1.0
6198.0 0.64533 1.0
6200.0 0.62382 1.0
6202.0 0.60673 1.0
6204.0 0.592475 1.0
6206.0 0.580909 1.0
6208.0 0.573705 1.0
6210.0 0.569776 1.0
6212.0 0.56204 1.0
6214.0 0.551156 1.0
6216.0 0.543296 1.0
6218.0 0.537308 1.0
6220.0 0.531426 1.0
6222.0 0.522868 1.0
6224.0 0.516878 1.0
6226.0 0.522508 1.0
6228.0 0.538366 1.0
6230.0 0.546152 1.0
6232.0 0.551601 1.0
6234.0 0.555138 1.0
6236.0 0.554551 1.0
6238.0 0.555304 1.0
6240.0 0.560771 1.0
6242.0 0.568458 1.0
6244.0 0.57376 1.0
6246.0 0.57514 1.0
6248.0 0.585451 1.0
6250.0 0.605869 1.0
6252.0 0.621493 1.0
6254.0 0.630643 1.0
6256.0 0.63793 1.0
6258.0 0.645858 1.0
6260.0 0.652945 1.0
6262.0 0.665489 1.0
6264.0 0.683535 1.0
6266.0 0.700026 1.0
6268.0 0.716864 1.0
6270.0 0.733304 1.0
6272.0 0.749957 1.0
6274.0 0.765594 1.0
6276.0 0.776271 1.0
6278.0 0.781934 1.0
6280.0 0.790466 1.0
6282.0 0.794803 1.0
6284.0 0.809198 1.0
6286.0 0.835323 1.0
6288.0 0.865792 1.0
6290.0 0.897759 1.0
6292.0 0.932362 1.0
6294.0 0.956478 1.0
6296.0 0.971647 1.0
6298.0 0.988042 1.0
6300.0 0.996628 1.0
6302.0 1.01494 1.0
6304.0 1.05142 1.0
6306.0 1.09234 1.0
6308.0 1.1189 1.0
6310.0 1.13771 1.0
6312.0 1.15619 1.0
6314.0 1.16732 1.0
6316.0 1.18592 1.0
6318.0 1.215 1.0
6320.0 1.24079 1.0
6322.0 1.25434 1.0
6324.0 1.26212 1.0
6326.0 1.27777 1.0
6328.0 1.29527 1.0
6330.0 1.31887 1.0
6332.0 1.35593 1.0
6334.0 1.38107 1.0
6336.0 1.38814 1.0
6338.0 1.39108 1.0
6340.0 1.40251 1.0
6342.0 1.41694 1.0
6344.0 1.434 1.0
6346.0 1.45648 1.0
6348.0 1.47563 1.0
6350.0 1.49293 1.0
6352.0 1.50958 1.0
6354.0 1.52769 1.0
6356.0 1.54427 1.0
6358.0 1.55098 1.0
6360.0 1.54723 1.0
6362.0 1.55108 1.0
6364.0 1.55455 1.0
6366.0 1.56509 1.0
6368.0 1.58722 1.0
6370.0 1.6089 1.0
6372.0 1.61895 1.0
6374.0 1.62279 1.0
6376.0 1.63672 1.0
6378.0 1.66439 1.0
6380.0 1.67452 1.0
6382.0 1.67184 1.0
6384.0 1.66676 1.0
6386.0 1.65528 1.0
6388.0 1.64645 1.0
6390.0 1.66241 1.0
6392.0 1.70089 1.0
6394.0 1.71813 1.0
6396.0 1.72186 1.0
6398.0 1.73147 1.0
6400.0 1.74604 1.0
6402.0 1.76045 1.0
6404.0 1.77386 1.0
6406.0 1.78601 1.0
6408.0 1.78872 1.0
6410.0 1.77929 1.0
6412.0 1.77874 1.0
6414.0 1.78062 1.0
6416.0 1.78563 1.0
6418.0 1.79548 1.0
6420.0 1.80658 1.0
6422.0 1.81513 1.0
6424.0 1.82324 1.0
6426.0 1.82532 1.0
6428.0 1.82152 1.0
6430.0 1.81733 1.0
6432.0 1.80912 1.0
6434.0 1.80344 1.0
6436.0 1.80283 1.0
6438.0 1.8055 1.0
6440.0 1.81135 1.0
6442.0 1.82555 1.0
6444.0 1.82462 1.0
6446.0 1.80812 1.0
6448.0 1.79916 1.0
6450.0 1.79763 1.0
6452.0 1.7998 1.0
6454.0 1.80542 1.0
6456.0 1.8147 1.0
6458.0 1.81848 1.0
6460.0 1.822 1.0
6462.0 1.81807 1.0
6464.0 1.80631 1.0
6466.0 1.79298 1.0
6468.0 1.77824 1.0
6470.0 1.76298 1.0
6472.0 1.75071 1.0
6474.0 1.73883 1.0
6476.0 1.73481 1.0
6478.0 1.74045 1.0
6480.0 1.74271 1.0
6482.0 1.74427 1.0
6484.0 1.7431 1.0
6486.0 1.73521 1.0
6488.0 1.72376 1.0
6490.0 1.72322 1.0
6492.0 1.73548 1.0
6494.0 1.73517 1.0
6496.0 1.72715 1.0
6498.0 1.71899 1.0
6500.0 1.70969 1.0
6502.0 1.70156 1.0
6504.0 1.69981 1.0
6506.0 1.70318 1.0
6508.0 1.70214 1.0
6510.0 1.70034 1.0
6512.0 1.69605 1.0
6514.0 1.68736 1.0
6516.0 1.6802 1.0
6518.0 1.67757 1.0
6520.0 1.67701 1.0
6522.0 1.67507 1.0
6524.0 1.67352 1.0
6526.0 1.67022 1.0
6528.0 1.6653 1.0
6530.0 1.66035 1.0
6532.0 1.65696 1.0
6534.0 1.65132 1.0
6536.0 1.63799 1.0
6538.0 1.61901 1.0
6540.0 1.61251 1.0
6542.0 1.61918 1.0
6544.0 1.6162 1.0
6546.0 1.60649 1.0
6548.0 1.59785 1.0
6550.0 1.59303 1.0
6552.0 1.58879 1.0
6554.0 1.58069 1.0
6556.0 1.56898 1.0
6558.0 1.56225 1.0
6560.0 1.55881 1.0
6562.0 1.55555 1.0
6564.0 1.55238 1.0
6566.0 1.55051 1.0
6568.0 1.55187 1.0
6570.0 1.55501 1.0
6572.0 1.5515 1.0
6574.0 1.54012 1.0
6576.0 1.53557 1.0
6578.0 1.53646 1.0
6580.0 1.53437 1.0
6582.0 1.52836 1.0
6584.0 1.51978 1.0
6586.0 1.50774 1.0
6588.0 1.49092 1.0
6590.0 1.48451 1.0
6592.0 1.48777 1.0
6594.0 1.48723 1.0
6596.0 1.48701 1.0
6598.0 1.48304 1.0
6600.0 1.47093 1.0
6602.0 1.45513 1.0
6604.0 1.44797 1.0
6606.0 1.44614 1.0
6608.0 1.44451 1.0
6610.0 1.44712 1.0
6612.0 1.44648 1.0
6614.0 1.4427 1.0
6616.0 1.43631 1.0
6618.0 1.42594 1.0
6620.0 1.41176 1.0
6622.0 1.40445 1.0
6624.0 1.4016 1.0
6626.0 1.39938 1.0
6628.0 1.39895 1.0
6630.0 1.39964 1.0
6632.0 1.40281 1.0
6634.0 1.40598 1.0
6636.0 1.40256 1.0
6638.0 1.39288 1.0
6640.0 1.38899 1.0
6642.0 1.39009 1.0
6644.0 1.38705 1.0
6646.0 1.37864 1.0
6648.0 1.37039 1.0
6650.0 1.36593 1.0
6652.0 1.36334 1.0
6654.0 1.36048 1.0
6656.0 1.36185 1.0
6658.0 1.35455 1.0
6660.0 1.33857 1.0
6662.0 1.32461 1.0
6664.0 1.31297 1.0
6666.0 1.30409 1.0
6668.0 1.3018 1.0
6670.0 1.30575 1.0
6672.0 1.30595 1.0
6674.0 1.30498 1.0
6676.0 1.30485 1.0
6678.0 1.30713 1.0
6680.0 1.30688 1.0
6682.0 1.30054 1.0
6684.0 1.29111 1.0
6686.0 1.28581 1.0
6688.0 1.28261 1.0
6690.0 1.27913 1.0
6692.0 1.27522 1.0
6694.0 1.27344 1.0
6696.0 1.27444 1.0
6698.0 1.27664 1.0
6700.0 1.2798 1.0
6702.0 1.28464 1.0
6704.0 1.28021 1.0
6706.0 1.26327 1.0
6708.0 1.25654 1.0
6710.0 1.25897 1.0
6712.0 1.25908 1.0
6714.0 1.25237 1.0
6716.0 1.24339 1.0
6718.0 1.23818 1.0
6720.0 1.23584 1.0
6722.0 1.22907 1.0
6724.0 1.2149 1.0
6726.0 1.20944 1.0
6728.0 1.21552 1.0
6730.0 1.22244 1.0
6732.0 1.22347 1.0
6734.0 1.2219 1.0
6736.0 1.21662 1.0
6738.0 1.20416 1.0
6740.0 1.19765 1.0
6742.0 1.19438 1.0
6744.0 1.19158 1.0
6746.0 1.18919 1.0
6748.0 1.18702 1.0
6750.0 1.18408 1.0
6752.0 1.18068 1.0
6754.0 1.17742 1.0
6756.0 1.17252 1.0
6758.0 1.17102 1.0
6760.0 1.1753 1.0
6762.0 1.17717 1.0
6764.0 1.17054 1.0
6766.0 1.16017 1.0
6768.0 1.15826 1.0
6770.0 1.16448 1.0
6772.0 1.1629 1.0
6774.0 1.15706 1.0
6776.0 1.15054 1.0
6778.0 1.14205 1.0
6780.0 1.13418 1.0
6782.0 1.13079 1.0
6784.0 1.13052 1.0
6786.0 1.1285 1.0
6788.0 1.12629 1.0
6790.0 1.12406 1.0
6792.0 1.12006 1.0
6794.0 1.11887 1.0
6796.0 1.12424 1.0
6798.0 1.13157 1.0
6800.0 1.13083 1.0
6802.0 1.12468 1.0
6804.0 1.11867 1.0
6806.0 1.10819 1.0
6808.0 1.10213 1.0
6810.0 1.10188 1.0
6812.0 1.10225 1.0
6814.0 1.09894 1.0
6816.0 1.09408 1.0
6818.0 1.09386 1.0
6820.0 1.09843 1.0
6822.0 1.10011 1.0
6824.0 1.10271 1.0
6826.0 1.1014 1.0
6828.0 1.09277 1.0
6830.0 1.08245 1.0
6832.0 1.07978 1.0
6834.0 1.08294 1.0
6836.0 1.07887 1.0
6838.0 1.07171 1.0
6840.0 1.06142 1.0
6842.0 1.04238 1.0
6844.0 1.02869 1.0
6846.0 1.03083 1.0
6848.0 1.04142 1.0
6850.0 1.04315 1.0
6852.0 1.04294 1.0
6854.0 1.03811 1.0
6856.0 1.02465 1.0
6858.0 1.01663 1.0
6860.0 1.01516 1.0
6862.0 1.01781 1.0
6864.0 1.02616 1.0
6866.0 1.04174 1.0
6868.0 1.0379 1.0
6870.0 1.01589 1.0
6872.0 1.00021 1.0
6874.0 0.983533 1.0
6876.0 0.971421 1.0
6878.0 0.966557 1.0
6880.0 0.966758 1.0
6882.0 0.970405 1.0
6884.0 0.982111 1.0
6886.0 0.983321 1.0
6888.0 0.976607 1.0
6890.0 0.971375 1.0
6892.0 0.965623 1.0
6894.0 0.962253 1.0
6896.0 0.966337 1.0
6898.0 0.975595 1.0
6900.0 0.974574 1.0
6902.0 0.963676 1.0
6904.0 0.959289 1.0
6906.0 0.958509 1.0
6908.0 0.957407 1.0
6910.0 0.955832 1.0
6912.0 0.953385 1.0
6914.0 0.947187 1.0
6916.0 0.935923 1.0
6918.0 0.935001 1.0
6920.0 0.945887 1.0
6922.0 0.948681 1.0
6924.0 0.943309 1.0
6926.0 0.937099 1.0
6928.0 0.933377 1.0
6930.0 0.930453 1.0
6932.0 0.929389 1.0
6934.0 0.930804 1.0
6936.0 0.931069 1.0
6938.0 0.930398 1.0
6940.0 0.931279 1.0
6942.0 0.934377 1.0
6944.0 0.938379 1.0
6946.0 0.942725 1.0
6948.0 0.948467 1.0
6950.0 0.947093 1.0
6952.0 0.93821 1.0
6954.0 0.932114 1.0
6956.0 0.926321 1.0
6958.0 0.921866 1.0
6960.0 0.918774 1.0
6962.0 0.917438 1.0
6964.0 0.920768 1.0
6966.0 0.931796 1.0
6968.0 0.93229 1.0
6970.0 0.923768 1.0
6972.0 0.918363 1.0
6974.0 0.916978 1.0
6976.0 0.915766 1.0
6978.0 0.911068 1.0
6980.0 0.904337 1.0
6982.0 0.906396 1.0
6984.0 0.919946 1.0
6986.0 0.923669 1.0
6988.0 0.922194 1.0
6990.0 0.917697 1.0
6992.0 0.907584 1.0
6994.0 0.896803 1.0
6996.0 0.897578 1.0
6998.0 0.909346 1.0
7000.0 0.907267 1.0
7002.0 0.895431 1.0
7004.0 0.885386 1.0
7006.0 0.872437 1.0
7008.0 0.864307 1.0
7010.0 0.868893 1.0
7012.0 0.881074 1.0
7014.0 0.88394 1.0
7016.0 0.880483 1.0
7018.0 0.881177 1.0
7020.0 0.883948 1.0
7022.0 0.885927 1.0
7024.0 0.887302 1.0
7026.0 0.887532 1.0
7028.0 0.884726 1.0
7030.0 0.87888 1.0
7032.0 0.877356 1.0
7034.0 0.881171 1.0
7036.0 0.879332 1.0
7038.0 0.870747 1.0
7040.0 0.863754 1.0
7042.0 0.862463 1.0
7044.0 0.863713 1.0
7046.0 0.863064 1.0
7048.0 0.861192 1.0
7050.0 0.862186 1.0
7052.0 0.865792 1.0
7054.0 0.869071 1.0
7056.0 0.872958 1.0
7058.0 0.875705 1.0
7060.0 0.874687 1.0
7062.0 0.870884 1.0
7064.0 0.870112 1.0
7066.0 0.870422 1.0
7068.0 0.871803 1.0
7070.0 0.87661 1.0
7072.0 0.878407 1.0
7074.0 0.875044 1.0
7076.0 0.868706 1.0
7078.0 0.86085 1.0
7080.0 0.848342 1.0
7082.0 0.845299 1.0
7084.0 0.848238 1.0
7086.0 0.854324 1.0
7088.0 0.867927 1.0
7090.0 0.879321 1.0
7092.0 0.881372 1.0
7094.0 0.877847 1.0
7096.0 0.872218 1.0
7098.0 0.85757 1.0
7100.0 0.853471 1.0
7102.0 0.856487 1.0
7104.0 0.860122 1.0
7106.0 0.865189 1.0
7108.0 0.869519 1.0
7110.0 0.867795 1.0
7112.0 0.861184 1.0
7114.0 0.858256 1.0
7116.0 0.856424 1.0
7118.0 0.855142 1.0
7120.0 0.855396 1.0
7122.0 0.854903 1.0
7124.0 0.852233 1.0
7126.0 0.848506 1.0
7128.0 0.845916 1.0
7130.0 0.845038 1.0
7132.0 0.840251 1.0
7134.0 0.826913 1.0
7136.0 0.823875 1.0
7138.0 0.838262 1.0
7140.0 0.852892 1.0
7142.0 0.850509 1.0
7144.0 0.838039 1.0
7146.0 0.831041 1.0
7148.0 0.820957 1.0
7150.0 0.81896 1.0
7152.0 0.82721 1.0
7154.0 0.832715 1.0
7156.0 0.830138 1.0
7158.0 0.825059 1.0
7160.0 0.82466 1.0
7162.0 0.825569 1.0
7164.0 0.830957 1.0
7166.0 0.844001 1.0
7168.0 0.851858 1.0
7170.0 0.854643 1.0
7172.0 0.855398 1.0
7174.0 0.85591 1.0
7176.0 0.855229 1.0
7178.0 0.85101 1.0
7180.0 0.840795 1.0
7182.0 0.835751 1.0
7184.0 0.829374 1.0
7186.0 0.831158 1.0
7188.0 0.848767 1.0
7190.0 0.868545 1.0
7192.0 0.869146 1.0
7194.0 0.855973 1.0
7196.0 0.853996 1.0
7198.0 0.859081 1.0
7200.0 0.858939 1.0
7202.0 0.854839 1.0
7204.0 0.848895 1.0
7206.0 0.841264 1.0
7208.0 0.832216 1.0
7210.0 0.824508 1.0
7212.0 0.8123 1.0
7214.0 0.814649 1.0
7216.0 0.834763 1.0
7218.0 0.846336 1.0
7220.0 0.846896 1.0
7222.0 0.843056 1.0
7224.0 0.837553 1.0
7226.0 0.828378 1.0
7228.0 0.827817 1.0
7230.0 0.839585 1.0
7232.0 0.838044 1.0
7234.0 0.820189 1.0
7236.0 0.809643 1.0
7238.0 0.818651 1.0
7240.0 0.834015 1.0
7242.0 0.832663 1.0
7244.0 0.818287 1.0
7246.0 0.815971 1.0
7248.0 0.820729 1.0
7250.0 0.824183 1.0
7252.0 0.828048 1.0
7254.0 0.830178 1.0
7256.0 0.827887 1.0
7258.0 0.82252 1.0
7260.0 0.817808 1.0
7262.0 0.812543 1.0
7264.0 0.806471 1.0
7266.0 0.794867 1.0
7268.0 0.79123 1.0
7270.0 0.80397 1.0
7272.0 0.819258 1.0
7274.0 0.817663 1.0
7276.0 0.808806 1.0
7278.0 0.804641 1.0
7280.0 0.800475 1.0
7282.0 0.79631 1.0
7284.0 0.792145 1.0
7286.0 0.792145 1.0
7288.0 0.81849 1.0
7290.0 0.833079 1.0
7292.0 0.835421 1.0
7294.0 0.816169 1.0
7296.0 0.811507 1.0
7298.0 0.81329 1.0
7300.0 0.813909 1.0
7302.0 0.812155 1.0
7304.0 0.81071 1.0
7306.0 0.812473 1.0
7308.0 0.816901 1.0
7310.0 0.814952 1.0
7312.0 0.808426 1.0
7314.0 0.801163 1.0
7316.0 0.789487 1.0
7318.0 0.780972 1.0
7320.0 0.778956 1.0
7322.0 0.780572 1.0
7324.0 0.782806 1.0
7326.0 0.788853 1.0
7328.0 0.789052 1.0
7330.0 0.784858 1.0
7332.0 0.780845 1.0
7334.0 0.775343 1.0
7336.0 0.771347 1.0
7338.0 0.7722 1.0
7340.0 0.77633 1.0
7342.0 0.77947 1.0
7344.0 0.784335 1.0
7346.0 0.786676 1.0
7348.0 0.788335 1.0
7350.0 0.78732 1.0
7352.0 0.781445 1.0
7354.0 0.774354 1.0
7356.0 0.772623 1.0
7358.0 0.774714 1.0
7360.0 0.773696 1.0
7362.0 0.772049 1.0
7364.0 0.768856 1.0
7366.0 0.761816 1.0
7368.0 0.756985 1.0
7370.0 0.759406 1.0
7372.0 0.765552 1.0
7374.0 0.765343 1.0
7376.0 0.760318 1.0
7378.0 0.758004 1.0
7380.0 0.756412 1.0
7382.0 0.754865 1.0
7384.0 0.752767 1.0
7386.0 0.75134 1.0
7388.0 0.752297 1.0
7390.0 0.755195 1.0
7392.0 0.75691 1.0
7394.0 0.759334 1.0
7396.0 0.759629 1.0
7398.0 0.757881 1.0
7400.0 0.755402 1.0
7402.0 0.752463 1.0
7404.0 0.749035 1.0
7406.0 0.745891 1.0
7408.0 0.742423 1.0
7410.0 0.740063 1.0
7412.0 0.739659 1.0
7414.0 0.737328 1.0
7416.0 0.73131 1.0
7418.0 0.72623 1.0
7420.0 0.726966 1.0
7422.0 0.73142 1.0
7424.0 0.730181 1.0
7426.0 0.727138 1.0
7428.0 0.719935 1.0
7430.0 0.705089 1.0
7432.0 0.693914 1.0
7434.0 0.688819 1.0
7436.0 0.68778 1.0
7438.0 0.691609 1.0
7440.0 0.702447 1.0
7442.0 0.705632 1.0
7444.0 0.705479 1.0
7446.0 0.702881 1.0
7448.0 0.694558 1.0
7450.0 0.688262 1.0
7452.0 0.69045 1.0
7454.0 0.697043 1.0
7456.0 0.697147 1.0
7458.0 0.691808 1.0
7460.0 0.690998 1.0
7462.0 0.692599 1.0
7464.0 0.69427 1.0
7466.0 0.698001 1.0
7468.0 0.699638 1.0
7470.0 0.692613 1.0
7472.0 0.679119 1.0
7474.0 0.664628 1.0
7476.0 0.639417 1.0
7478.0 0.629212 1.0
7480.0 0.635133 1.0
7482.0 0.641158 1.0
7484.0 0.640831 1.0
7486.0 0.638462 1.0
7488.0 0.636229 1.0
7490.0 0.633017 1.0
7492.0 0.630155 1.0
7494.0 0.625669 1.0
7496.0 0.624282 1.0
7498.0 0.625716 1.0
7500.0 0.630006 1.0
7502.0 0.639426 1.0
7504.0 0.653468 1.0
7506.0 0.656178 1.0
7508.0 0.648554 1.0
7510.0 0.645175 1.0
7512.0 0.645608 1.0
7514.0 0.641145 1.0
7516.0 0.62731 1.0
7518.0 0.609909 1.0
7520.0 0.597959 1.0
7522.0 0.58715 1.0
7524.0 0.581919 1.0
7526.0 0.581956 1.0
7528.0 0.583917 1.0
7530.0 0.591092 1.0
7532.0 0.596514 1.0
7534.0 0.594872 1.0
7536.0 0.589069 1.0
7538.0 0.583111 1.0
7540.0 0.572599 1.0
7542.0 0.567898 1.0
7544.0 0.570058 1.0
7546.0 0.567391 1.0
7548.0 0.556809 1.0
7550.0 0.543523 1.0
7552.0 0.532376 1.0
7554.0 0.520834 1.0
7556.0 0.513327 1.0
7558.0 0.509287 1.0
7560.0 0.505944 1.0
7562.0 0.504508 1.0
7564.0 0.503176 1.0
7566.0 0.501826 1.0
7568.0 0.500017 1.0
7570.0 0.493822 1.0
7572.0 0.481624 1.0
7574.0 0.476032 1.0
7576.0 0.475343 1.0
7578.0 0.47333 1.0
7580.0 0.470421 1.0
7582.0 0.466238 1.0
7584.0 0.458499 1.0
7586.0 0.447678 1.0
7588.0 0.445324 1.0
7590.0 0.452143 1.0
7592.0 0.452994 1.0
7594.0 0.453265 1.0
7596.0 0.4481 1.0
7598.0 0.432386 1.0
7600.0 0.413338 1.0
7602.0 0.405865 1.0
7604.0 0.405044 1.0
7606.0 0.406514 1.0
7608.0 0.416526 1.0
7610.0 0.419928 1.0
7612.0 0.413587 1.0
7614.0 0.409042 1.0
7616.0 0.415056 1.0
7618.0 0.426932 1.0
7620.0 0.434278 1.0
7622.0 0.44283 1.0
7624.0 0.445319 1.0
7626.0 0.440124 1.0
7628.0 0.437756 1.0
7630.0 0.441346 1.0
7632.0 0.445964 1.0
7634.0 0.446145 1.0
7636.0 0.44374 1.0
7638.0 0.441757 1.0
7640.0 0.436223 1.0
7642.0 0.436764 1.0
7644.0 0.442966 1.0
7646.0 0.451618 1.0
7648.0 0.462099 1.0
7650.0 0.474329 1.0
7652.0 0.484806 1.0
7654.0 0.496033 1.0
7656.0 0.503115 1.0
7658.0 0.506706 1.0
7660.0 0.509202 1.0
7662.0 0.510146 1.0
7664.0 0.510391 1.0
7666.0 0.511226 1.0
7668.0 0.512117 1.0
7670.0 0.512485 1.0
7672.0 0.511505 1.0
7674.0 0.512532 1.0
7676.0 0.516001 1.0
7678.0 0.518677 1.0
7680.0 0.519216 1.0
7682.0 0.518932 1.0
7684.0 0.519373 1.0
7686.0 0.519202 1.0
7688.0 0.522146 1.0
7690.0 0.530295 1.0
7692.0 0.533696 1.0
7694.0 0.530171 1.0
7696.0 0.527182 1.0
7698.0 0.530425 1.0
7700.0 0.53704 1.0
7702.0 0.541934 1.0
7704.0 0.548134 1.0
7706.0 0.551319 1.0
7708.0 0.551559 1.0
7710.0 0.552031 1.0
7712.0 0.551778 1.0
7714.0 0.553044 1.0
7716.0 0.561218 1.0
7718.0 0.575669 1.0
7720.0 0.58545 1.0
7722.0 0.597215 1.0
7724.0 0.600883 1.0
7726.0 0.593845 1.0
7728.0 0.586818 1.0
7730.0 0.585627 1.0
7732.0 0.586669 1.0
7734.0 0.586518 1.0
7736.0 0.588185 1.0
7738.0 0.584849 1.0
7740.0 0.572549 1.0
7742.0 0.568896 1.0
7744.0 0.578428 1.0
7746.0 0.591062 1.0
7748.0 0.597012 1.0
7750.0 0.600126 1.0
7752.0 0.605891 1.0
7754.0 0.613816 1.0
7756.0 0.619581 1.0
7758.0 0.624309 1.0
7760.0 0.627521 1.0
7762.0 0.628462 1.0
7764.0 0.628117 1.0
7766.0 0.629083 1.0
7768.0 0.631474 1.0
7770.0 0.630085 1.0
7772.0 0.626866 1.0
7774.0 0.62073 1.0
7776.0 0.608113 1.0
7778.0 0.597515 1.0
7780.0 0.597339 1.0
7782.0 0.603567 1.0
7784.0 0.603654 1.0
7786.0 0.599939 1.0
7788.0 0.599023 1.0
7790.0 0.599014 1.0
7792.0 0.600259 1.0
7794.0 0.60293 1.0
7796.0 0.606778 1.0
7798.0 0.611991 1.0
7800.0 0.619846 1.0
7802.0 0.621539 1.0
7804.0 0.615918 1.0
7806.0 0.615412 1.0
7808.0 0.618428 1.0
7810.0 0.624253 1.0
7812.0 0.634494 1.0
7814.0 0.647464 1.0
7816.0 0.653617 1.0
7818.0 0.653769 1.0
7820.0 0.657523 1.0
7822.0 0.664483 1.0
7824.0 0.667522 1.0
7826.0 0.665852 1.0
7828.0 0.661061 1.0
7830.0 0.652905 1.0
7832.0 0.640384 1.0
7834.0 0.635956 1.0
7836.0 0.635936 1.0
7838.0 0.639053 1.0
7840.0 0.649528 1.0
7842.0 0.656914 1.0
7844.0 0.655948 1.0
7846.0 0.651262 1.0
7848.0 0.649605 1.0
7850.0 0.647608 1.0
7852.0 0.649101 1.0
7854.0 0.652858 1.0
7856.0 0.659057 1.0
7858.0 0.669412 1.0
7860.0 0.679972 1.0
7862.0 0.687649 1.0
7864.0 0.69393 1.0
7866.0 0.696087 1.0
7868.0 0.691915 1.0
7870.0 0.691941 1.0
7872.0 0.693536 1.0
7874.0 0.696432 1.0
7876.0 0.702245 1.0
7878.0 0.708062 1.0
7880.0 0.707753 1.0
7882.0 0.70279 1.0
7884.0 0.698943 1.0
7886.0 0.691655 1.0
7888.0 0.68954 1.0
7890.0 0.693358 1.0
7892.0 0.698281 1.0
7894.0 0.701492 1.0
7896.0 0.70459 1.0
7898.0 0.709336 1.0
7900.0 0.718325 1.0
7902.0 0.720001 1.0
7904.0 0.714691 1.0
7906.0 0.711286 1.0
7908.0 0.711662 1.0
7910.0 0.71234 1.0
7912.0 0.709521 1.0
7914.0 0.703886 1.0
7916.0 0.704547 1.0
7918.0 0.709596 1.0
7920.0 0.715618 1.0
7922.0 0.726529 1.0
7924.0 0.733861 1.0
7926.0 0.732541 1.0
7928.0 0.727042 1.0
7930.0 0.725553 1.0
7932.0 0.725159 1.0
7934.0 0.725342 1.0
7936.0 0.726547 1.0
7938.0 0.727905 1.0
7940.0 0.729821 1.0
7942.0 0.731498 1.0
7944.0 0.73162 1.0
7946.0 0.730663 1.0
7948.0 0.73296 1.0
7950.0 0.738696 1.0
7952.0 0.742373 1.0
7954.0 0.746092 1.0
7956.0 0.74785 1.0
7958.0 0.747103 1.0
7960.0 0.744335 1.0
7962.0 0.739009 1.0
7964.0 0.728762 1.0
7966.0 0.728215 1.0
7968.0 0.738974 1.0
7970.0 0.741792 1.0
7972.0 0.733102 1.0
7974.0 0.727538 1.0
7976.0 0.73626 1.0
7978.0 0.752621 1.0
7980.0 0.759194 1.0
7982.0 0.761709 1.0
7984.0 0.761505 1.0
7986.0 0.756039 1.0
7988.0 0.751497 1.0
7990.0 0.750667 1.0
7992.0 0.748417 1.0
7994.0 0.737044 1.0
7996.0 0.717386 1.0
7998.0 0.71021 1.0
8000.0 0.711888 1.0
8002.0 0.712504 1.0
8004.0 0.714011 1.0
8006.0 0.716165 1.0
8008.0 0.718701 1.0
8010.0 0.721758 1.0
8012.0 0.725235 1.0
8014.0 0.729546 1.0
8016.0 0.733121 1.0
8018.0 0.736358 1.0
8020.0 0.73948 1.0
8022.0 0.743375 1.0
8024.0 0.746055 1.0
8026.0 0.744811 1.0
8028.0 0.740561 1.0
8030.0 0.740291 1.0
8032.0 0.740929 1.0
8034.0 0.744916 1.0
8036.0 0.757515 1.0
8038.0 0.762785 1.0
8040.0 0.753714 1.0
8042.0 0.738239 1.0
8044.0 0.727438 1.0
8046.0 0.716541 1.0
8048.0 0.708145 1.0
8050.0 0.700853 1.0
8052.0 0.696499 1.0
8054.0 0.693915 1.0
8056.0 0.695398 1.0
8058.0 0.704765 1.0
8060.0 0.719564 1.0
8062.0 0.724932 1.0
8064.0 0.7228 1.0
8066.0 0.724263 1.0
8068.0 0.725888 1.0
8070.0 0.728371 1.0
8072.0 0.734075 1.0
8074.0 0.738459 1.0
8076.0 0.733779 1.0
8078.0 0.721681 1.0
8080.0 0.714348 1.0
8082.0 0.706913 1.0
8084.0 0.702451 1.0
8086.0 0.700907 1.0
8088.0 0.701034 1.0
8090.0 0.702644 1.0
8092.0 0.705631 1.0
8094.0 0.708308 1.0
8096.0 0.711494 1.0
8098.0 0.714366 1.0
8100.0 0.718866 1.0
8102.0 0.719962 1.0
8104.0 0.718034 1.0
8106.0 0.712585 1.0
8108.0 0.700791 1.0
8110.0 0.682933 1.0
8112.0 0.675751 1.0
8114.0 0.675967 1.0
8116.0 0.676031 1.0
8118.0 0.678691 1.0
8120.0 0.681235 1.0
8122.0 0.683481 1.0
8124.0 0.684966 1.0
8126.0 0.682717 1.0
8128.0 0.676496 1.0
8130.0 0.673266 1.0
8132.0 0.669647 1.0
8134.0 0.669434 1.0
8136.0 0.673683 1.0
8138.0 0.678973 1.0
8140.0 0.684408 1.0
8142.0 0.690218 1.0
8144.0 0.686094 1.0
8146.0 0.668252 1.0
8148.0 0.66169 1.0
8150.0 0.661546 1.0
8152.0 0.661852 1.0
8154.0 0.662954 1.0
8156.0 0.663431 1.0
8158.0 0.659077 1.0
8160.0 0.651002 1.0
8162.0 0.643531 1.0
8164.0 0.631343 1.0
8166.0 0.626993 1.0
8168.0 0.632506 1.0
8170.0 0.637501 1.0
8172.0 0.636947 1.0
8174.0 0.633761 1.0
8176.0 0.628766 1.0
8178.0 0.61983 1.0
8180.0 0.614054 1.0
8182.0 0.607518 1.0
8184.0 0.605544 1.0
8186.0 0.610843 1.0
8188.0 0.61744 1.0
8190.0 0.619162 1.0
8192.0 0.618665 1.0
8194.0 0.616533 1.0
8196.0 0.607107 1.0
8198.0 0.608344 1.0
8200.0 0.622867 1.0
8202.0 0.633044 1.0
8204.0 0.631922 1.0
8206.0 0.625543 1.0
8208.0 0.619867 1.0
8210.0 0.609913 1.0
8212.0 0.608781 1.0
8214.0 0.61745 1.0
8216.0 0.620642 1.0
8218.0 0.616664 1.0
8220.0 0.612658 1.0
8222.0 0.614161 1.0
8224.0 0.618481 1.0
8226.0 0.618537 1.0
8228.0 0.619973 1.0
8230.0 0.611893 1.0
8232.0 0.589323 1.0
8234.0 0.574474 1.0
8236.0 0.574471 1.0
8238.0 0.579615 1.0
8240.0 0.578839 1.0
8242.0 0.575882 1.0
8244.0 0.575414 1.0
8246.0 0.574015 1.0
8248.0 0.577825 1.0
8250.0 0.591559 1.0
8252.0 0.601062 1.0
8254.0 0.59713 1.0
8256.0 0.585697 1.0
8258.0 0.576758 1.0
8260.0 0.562628 1.0
8262.0 0.558691 1.0
8264.0 0.565404 1.0
8266.0 0.568114 1.0
8268.0 0.565188 1.0
8270.0 0.560058 1.0
8272.0 0.554112 1.0
8274.0 0.546228 1.0
8276.0 0.542562 1.0
8278.0 0.543077 1.0
8280.0 0.541305 1.0
8282.0 0.539739 1.0
8284.0 0.535394 1.0
8286.0 0.526914 1.0
8288.0 0.515378 1.0
8290.0 0.500944 1.0
8292.0 0.477346 1.0
8294.0 0.473073 1.0
8296.0 0.488471 1.0
8298.0 0.4961 1.0
8300.0 0.495634 1.0
8302.0 0.492627 1.0
8304.0 0.490196 1.0
8306.0 0.486922 1.0
8308.0 0.478279 1.0
8310.0 0.461462 1.0
8312.0 0.451097 1.0
8314.0 0.440866 1.0
8316.0 0.437708 1.0
8318.0 0.449045 1.0
8320.0 0.462817 1.0
8322.0 0.456336 1.0
8324.0 0.433721 1.0
8326.0 0.425128 1.0
8328.0 0.425798 1.0
8330.0 0.420851 1.0
8332.0 0.409591 1.0
8334.0 0.398978 1.0
8336.0 0.392147 1.0
8338.0 0.387612 1.0
8340.0 0.387811 1.0
8342.0 0.396014 1.0
8344.0 0.397251 1.0
8346.0 0.393254 1.0
8348.0 0.391783 1.0
8350.0 0.396008 1.0
8352.0 0.399659 1.0
8354.0 0.394729 1.0
8356.0 0.383314 1.0
8358.0 0.378676 1.0
8360.0 0.37821 1.0
8362.0 0.376351 1.0
8364.0 0.375124 1.0
8366.0 0.372149 1.0
8368.0 0.364616 1.0
8370.0 0.355726 1.0
8372.0 0.354476 1.0
8374.0 0.3607 1.0
8376.0 0.360453 1.0
8378.0 0.35441 1.0
8380.0 0.353289 1.0
8382.0 0.359685 1.0
8384.0 0.366208 1.0
8386.0 0.366726 1.0
8388.0 0.363993 1.0
8390.0 0.361038 1.0
8392.0 0.35255 1.0
8394.0 0.35288 1.0
8396.0 0.362302 1.0
8398.0 0.370086 1.0
8400.0 0.37391 1.0
8402.0 0.375617 1.0
8404.0 0.374814 1.0
8406.0 0.371057 1.0
8408.0 0.367798 1.0
8410.0 0.362846 1.0
8412.0 0.359671 1.0
8414.0 0.356354 1.0
8416.0 0.356472 1.0
8418.0 0.363379 1.0
8420.0 0.374989 1.0
8422.0 0.385135 1.0
8424.0 0.399147 1.0
8426.0 0.40592 1.0
8428.0 0.406148 1.0
8430.0 0.407192 1.0
8432.0 0.410009 1.0
8434.0 0.413135 1.0
8436.0 0.416165 1.0
8438.0 0.419555 1.0
8440.0 0.420724 1.0
8442.0 0.42077 1.0
8444.0 0.418838 1.0
8446.0 0.414097 1.0
8448.0 0.409126 1.0
8450.0 0.404422 1.0
8452.0 0.400105 1.0
8454.0 0.399135 1.0
8456.0 0.402027 1.0
8458.0 0.402019 1.0
8460.0 0.398841 1.0
8462.0 0.399408 1.0
8464.0 0.406243 1.0
8466.0 0.412986 1.0
8468.0 0.413294 1.0
8470.0 0.409742 1.0
8472.0 0.409882 1.0
8474.0 0.410726 1.0
8476.0 0.413796 1.0
8478.0 0.422036 1.0
8480.0 0.426392 1.0
8482.0 0.42224 1.0
8484.0 0.415289 1.0
8486.0 0.414503 1.0
8488.0 0.416208 1.0
8490.0 0.42147 1.0
8492.0 0.435096 1.0
8494.0 0.441135 1.0
8496.0 0.437764 1.0
8498.0 0.433922 1.0
8500.0 0.435971 1.0
8502.0 0.440394 1.0
8504.0 0.439536 1.0
8506.0 0.43091 1.0
8508.0 0.432193 1.0
8510.0 0.442843 1.0
8512.0 0.449775 1.0
8514.0 0.448617 1.0
8516.0 0.446739 1.0
8518.0 0.453255 1.0
8520.0 0.465875 1.0
8522.0 0.472647 1.0
8524.0 0.476699 1.0
8526.0 0.480318 1.0
8528.0 0.481198 1.0
8530.0 0.484202 1.0
8532.0 0.492759 1.0
8534.0 0.504063 1.0
8536.0 0.511968 1.0
8538.0 0.51882 1.0
8540.0 0.524189 1.0
8542.0 0.527898 1.0
8544.0 0.53086 1.0
8546.0 0.532214 1.0
8548.0 0.533776 1.0
8550.0 0.538169 1.0
8552.0 0.544546 1.0
8554.0 0.546967 1.0
8556.0 0.544829 1.0
8558.0 0.546671 1.0
8560.0 0.552344 1.0
8562.0 0.556853 1.0
8564.0 0.558783 1.0
8566.0 0.55922 1.0
8568.0 0.557965 1.0
8570.0 0.552937 1.0
8572.0 0.555222 1.0
8574.0 0.562128 1.0
8576.0 0.57139 1.0
8578.0 0.585909 1.0
8580.0 0.599363 1.0
8582.0 0.606409 1.0
8584.0 0.60979 1.0
8586.0 0.613979 1.0
8588.0 0.61794 1.0
8590.0 0.619927 1.0
8592.0 0.618278 1.0
8594.0 0.619094 1.0
8596.0 0.623892 1.0
8598.0 0.630511 1.0
8600.0 0.638057 1.0
8602.0 0.649083 1.0
8604.0 0.647452 1.0
8606.0 0.631944 1.0
8608.0 0.622876 1.0
8610.0 0.614968 1.0
8612.0 0.612929 1.0
8614.0 0.622675 1.0
8616.0 0.638943 1.0
8618.0 0.644661 1.0
8620.0 0.644007 1.0
8622.0 0.644767 1.0
8624.0 0.640365 1.0
8626.0 0.643367 1.0
8628.0 0.659399 1.0
8630.0 0.67585 1.0
8632.0 0.679356 1.0
8634.0 0.675193 1.0
8636.0 0.67204 1.0
8638.0 0.661718 1.0
8640.0 0.661697 1.0
8642.0 0.672997 1.0
8644.0 0.682404 1.0
8646.0 0.68594 1.0
8648.0 0.686369 1.0
8650.0 0.683905 1.0
8652.0 0.67921 1.0
8654.0 0.668656 1.0
8656.0 0.644785 1.0
8658.0 0.633859 1.0
8660.0 0.639251 1.0
8662.0 0.647346 1.0
8664.0 0.648359 1.0
8666.0 0.647074 1.0
8668.0 0.650478 1.0
8670.0 0.656062 1.0
8672.0 0.664197 1.0
8674.0 0.67998 1.0
8676.0 0.6888 1.0
8678.0 0.683932 1.0
8680.0 0.675726 1.0
8682.0 0.679665 1.0
8684.0 0.693059 1.0
8686.0 0.691856 1.0
8688.0 0.677785 1.0
8690.0 0.669549 1.0
8692.0 0.664747 1.0
8694.0 0.662022 1.0
8696.0 0.662946 1.0
8698.0 0.6657 1.0
8700.0 0.660028 1.0
8702.0 0.642887 1.0
8704.0 0.639626 1.0
8706.0 0.644887 1.0
8708.0 0.652352 1.0
8710.0 0.664739 1.0
8712.0 0.676379 1.0
8714.0 0.678694 1.0
8716.0 0.674686 1.0
8718.0 0.673014 1.0
8720.0 0.667874 1.0
8722.0 0.668953 1.0
8724.0 0.678101 1.0
8726.0 0.684905 1.0
8728.0 0.684845 1.0
8730.0 0.681803 1.0
8732.0 0.680556 1.0
8734.0 0.67952 1.0
8736.0 0.677711 1.0
8738.0 0.677023 1.0
8740.0 0.672607 1.0
8742.0 0.663192 1.0
8744.0 0.652606 1.0
8746.0 0.643067 1.0
8748.0 0.633494 1.0
8750.0 0.628845 1.0
8752.0 0.627064 1.0
8754.0 0.629383 1.0
8756.0 0.637547 1.0
8758.0 0.645785 1.0
8760.0 0.654049 1.0
8762.0 0.661397 1.0
8764.0 0.663966 1.0
8766.0 0.662845 1.0
8768.0 0.660857 1.0
8770.0 0.65434 1.0
8772.0 0.652025 1.0
8774.0 0.655062 1.0
8776.0 0.657447 1.0
8778.0 0.65643 1.0
8780.0 0.653297 1.0
8782.0 0.645579 1.0
8784.0 0.627578 1.0
8786.0 0.623308 1.0
8788.0 0.630372 1.0
8790.0 0.635153 1.0
8792.0 0.637661 1.0
8794.0 0.637564 1.0
8796.0 0.630421 1.0
8798.0 0.616233 1.0
8800.0 0.61492 1.0
8802.0 0.625446 1.0
8804.0 0.630057 1.0
8806.0 0.630679 1.0
8808.0 0.631749 1.0
8810.0 0.634979 1.0
8812.0 0.639042 1.0
8814.0 0.642813 1.0
8816.0 0.649037 1.0
8818.0 0.647384 1.0
8820.0 0.634344 1.0
8822.0 0.630004 1.0
8824.0 0.637364 1.0
8826.0 0.646585 1.0
8828.0 0.650189 1.0
8830.0 0.651572 1.0
8832.0 0.654132 1.0
8834.0 0.65932 1.0
8836.0 0.658413 1.0
8838.0 0.652474 1.0
8840.0 0.644703 1.0
8842.0 0.63158 1.0
8844.0 0.619941 1.0
8846.0 0.626229 1.0
8848.0 0.647951 1.0
8850.0 0.661746 1.0
8852.0 0.682965 1.0
8854.0 0.686475 1.0
8856.0 0.66556 1.0
8858.0 0.644895 1.0
8860.0 0.641323 1.0
8862.0 0.645035 1.0
8864.0 0.638826 1.0
8866.0 0.622876 1.0
8868.0 0.618008 1.0
8870.0 0.623362 1.0
8872.0 0.623806 1.0
8874.0 0.616325 1.0
8876.0 0.606195 1.0
8878.0 0.597187 1.0
8880.0 0.586853 1.0
8882.0 0.583219 1.0
8884.0 0.589495 1.0
8886.0 0.586896 1.0
8888.0 0.572516 1.0
8890.0 0.563349 1.0
8892.0 0.56787 1.0
8894.0 0.579507 1.0
8896.0 0.58947 1.0
8898.0 0.604588 1.0
8900.0 0.609586 1.0
8902.0 0.605636 1.0
8904.0 0.603061 1.0
8906.0 0.600597 1.0
8908.0 0.599859 1.0
8910.0 0.605334 1.0
8912.0 0.615602 1.0
8914.0 0.613418 1.0
8916.0 0.597879 1.0
8918.0 0.591302 1.0
8920.0 0.590867 1.0
8922.0 0.589297 1.0
8924.0 0.584742 1.0
8926.0 0.578798 1.0
8928.0 0.571868 1.0
8930.0 0.562961 1.0
8932.0 0.556683 1.0
8934.0 0.550731 1.0
8936.0 0.547805 1.0
8938.0 0.550228 1.0
8940.0 0.551595 1.0
8942.0 0.54743 1.0
8944.0 0.540113 1.0
8946.0 0.532045 1.0
8948.0 0.515127 1.0
8950.0 0.514314 1.0
8952.0 0.532156 1.0
8954.0 0.540519 1.0
8956.0 0.534909 1.0
8958.0 0.521816 1.0
8960.0 0.502818 1.0
8962.0 0.474083 1.0
8964.0 0.462035 1.0
8966.0 0.464852 1.0
8968.0 0.461057 1.0
8970.0 0.45255 1.0
8972.0 0.444524 1.0
8974.0 0.438332 1.0
8976.0 0.433537 1.0
8978.0 0.432872 1.0
8980.0 0.436627 1.0
8982.0 0.439526 1.0
8984.0 0.443907 1.0
8986.0 0.447522 1.0
8988.0 0.450869 1.0
8990.0 0.453039 1.0
8992.0 0.451989 1.0
8994.0 0.448223 1.0
8996.0 0.449864 1.0
8998.0 0.453627 1.0
9000.0 0.461423 1.0
9002.0 0.477324 1.0
9004.0 0.489057 1.0
9006.0 0.49436 1.0
9008.0 0.493901 1.0
9010.0 0.482258 1.0
9012.0 0.456779 1.0
9014.0 0.442163 1.0
9016.0 0.43179 1.0
9018.0 0.422487 1.0
9020.0 0.413226 1.0
9022.0 0.407284 1.0
9024.0 0.408371 1.0
9026.0 0.414329 1.0
9028.0 0.414138 1.0
9030.0 0.411058 1.0
9032.0 0.407002 1.0
9034.0 0.399832 1.0
9036.0 0.394082 1.0
9038.0 0.389863 1.0
9040.0 0.387487 1.0
9042.0 0.388743 1.0
9044.0 0.393196 1.0
9046.0 0.398603 1.0
9048.0 0.409337 1.0
9050.0 0.413722 1.0
9052.0 0.411973 1.0
9054.0 0.40864 1.0
9056.0 0.404767 1.0
9058.0 0.400309 1.0
9060.0 0.399961 1.0
9062.0 0.402735 1.0
9064.0 0.405818 1.0
9066.0 0.40985 1.0
9068.0 0.41542 1.0
9070.0 0.424978 1.0
9072.0 0.433205 1.0
9074.0 0.433572 1.0
9076.0 0.428481 1.0
9078.0 0.425333 1.0
9080.0 0.417761 1.0
9082.0 0.41867 1.0
9084.0 0.43109 1.0
9086.0 0.439029 1.0
9088.0 0.436092 1.0
9090.0 0.428218 1.0
9092.0 0.421966 1.0
9094.0 0.412836 1.0
9096.0 0.410725 1.0
9098.0 0.413316 1.0
9100.0 0.418375 1.0
9102.0 0.430144 1.0
9104.0 0.439159 1.0
9106.0 0.436055 1.0
9108.0 0.425568 1.0
9110.0 0.42255 1.0
9112.0 0.421277 1.0
9114.0 0.423831 1.0
9116.0 0.43324 1.0
9118.0 0.439364 1.0
9120.0 0.439329 1.0
9122.0 0.437085 1.0
9124.0 0.436298 1.0
9126.0 0.434759 1.0
9128.0 0.437503 1.0
9130.0 0.445394 1.0
9132.0 0.450613 1.0
9134.0 0.45557 1.0
9136.0 0.457356 1.0
9138.0 0.453002 1.0
9140.0 0.444854 1.0
9142.0 0.439727 1.0
9144.0 0.430818 1.0
9146.0 0.434712 1.0
9148.0 0.451255 1.0
9150.0 0.466443 1.0
9152.0 0.484344 1.0
9154.0 0.496589 1.0
9156.0 0.488825 1.0
9158.0 0.465248 1.0
9160.0 0.451882 1.0
9162.0 0.437844 1.0
9164.0 0.430743 1.0
9166.0 0.429297 1.0
9168.0 0.432537 1.0
9170.0 0.443791 1.0
9172.0 0.45778 1.0
9174.0 0.458242 1.0
9176.0 0.447898 1.0
9178.0 0.442791 1.0
9180.0 0.436382 1.0
9182.0 0.433644 1.0
9184.0 0.434464 1.0
9186.0 0.438143 1.0
9188.0 0.446233 1.0
9190.0 0.458032 1.0
9192.0 0.45954 1.0
9194.0 0.451437 1.0
9196.0 0.447566 1.0
9198.0 0.445222 1.0
9200.0 0.441675 1.0
9202.0 0.433499 1.0
9204.0 0.426526 1.0
9206.0 0.432372 1.0
9208.0 0.450595 1.0
9210.0 0.454287 1.0
9212.0 0.445157 1.0
9214.0 0.444618 1.0
9216.0 0.454208 1.0
9218.0 0.462178 1.0
9220.0 0.463075 1.0
9222.0 0.459622 1.0
9224.0 0.449128 1.0
9226.0 0.425361 1.0
9228.0 0.414805 1.0
9230.0 0.411396 1.0
9232.0 0.410021 1.0
9234.0 0.413017 1.0
9236.0 0.41546 1.0
9238.0 0.408518 1.0
9240.0 0.394136 1.0
9242.0 0.392374 1.0
9244.0 0.399258 1.0
9246.0 0.406386 1.0
9248.0 0.417834 1.0
9250.0 0.427427 1.0
9252.0 0.432463 1.0
9254.0 0.434941 1.0
9256.0 0.436348 1.0
9258.0 0.435734 1.0
9260.0 0.434874 1.0
9262.0 0.433645 1.0
9264.0 0.430787 1.0
9266.0 0.424321 1.0
9268.0 0.418963 1.0
9270.0 0.418864 1.0
9272.0 0.422103 1.0
9274.0 0.427804 1.0
9276.0 0.440041 1.0
9278.0 0.44613 1.0
9280.0 0.448339 1.0
9282.0 0.449418 1.0
9284.0 0.448982 1.0
9286.0 0.448225 1.0
9288.0 0.451273 1.0
9290.0 0.458975 1.0
9292.0 0.456519 1.0
9294.0 0.441214 1.0
9296.0 0.436068 1.0
9298.0 0.44041 1.0
9300.0 0.448147 1.0
9302.0 0.457428 1.0
9304.0 0.468838 1.0
9306.0 0.476639 1.0
9308.0 0.485196 1.0
9310.0 0.486165 1.0
9312.0 0.477334 1.0
9314.0 0.472185 1.0
9316.0 0.472801 1.0
9318.0 0.475568 1.0
9320.0 0.478752 1.0
9322.0 0.483952 1.0
9324.0 0.482844 1.0
9326.0 0.475562 1.0
9328.0 0.470417 1.0
9330.0 0.463837 1.0
9332.0 0.460892 1.0
9334.0 0.465259 1.0
9336.0 0.473508 1.0
9338.0 0.478158 1.0
9340.0 0.480905 1.0
9342.0 0.486355 1.0
9344.0 0.492335 1.0
9346.0 0.501188 1.0
9348.0 0.51605 1.0
9350.0 0.529586 1.0
9352.0 0.536099 1.0
9354.0 0.538488 1.0
9356.0 0.527823 1.0
9358.0 0.49418 1.0
9360.0 0.48072 1.0
9362.0 0.481707 1.0
9364.0 0.48352 1.0
9366.0 0.483183 1.0
9368.0 0.48297 1.0
9370.0 0.481584 1.0
9372.0 0.476007 1.0
9374.0 0.486008 1.0
9376.0 0.518544 1.0
9378.0 0.532738 1.0
9380.0 0.531369 1.0
9382.0 0.520081 1.0
9384.0 0.480698 1.0
9386.0 0.429069 1.0
9388.0 0.498303 1.0
9390.0 0.51557 1.0
9392.0 0.532837 1.0
9394.0 0.550103 1.0
9396.0 0.56737 1.0
9398.0 0.584637 1.0
9400.0 0.584637 1.0
9402.0 0.476786 1.0
9404.0 0.502586 1.0
9406.0 0.478438 1.0
9408.0 0.465467 1.0
9410.0 0.457466 1.0
9412.0 0.457012 1.0
9414.0 0.460422 1.0
9416.0 0.468923 1.0
9418.0 0.479671 1.0
9420.0 0.476984 1.0
9422.0 0.459094 1.0
9424.0 0.457077 1.0
9426.0 0.465146 1.0
9428.0 0.472681 1.0
9430.0 0.475382 1.0
9432.0 0.483725 1.0
9434.0 0.508088 1.0
9436.0 0.544212 1.0
9438.0 0.583278 1.0
9440.0 0.661275 1.0
9442.0 0.668527 1.0
9444.0 0.596873 1.0
9446.0 0.539675 1.0
9448.0 0.525813 1.0
9450.0 0.529463 1.0
9452.0 0.533248 1.0
9454.0 0.547712 1.0
9456.0 0.552555 1.0
9458.0 0.561075 1.0
9460.0 0.551598 1.0
9462.0 0.513977 1.0
9464.0 0.47833 1.0
9466.0 0.467843 1.0
9468.0 0.470191 1.0
9470.0 0.462352 1.0
9472.0 0.445568 1.0
9474.0 0.442944 1.0
9476.0 0.455774 1.0
9478.0 0.46158 1.0
9480.0 0.45373 1.0
9482.0 0.442699 1.0
9484.0 0.439093 1.0
9486.0 0.437634 1.0
9488.0 0.445462 1.0
9490.0 0.469309 1.0
9492.0 0.480323 1.0
9494.0 0.476932 1.0
9496.0 0.475996 1.0
9498.0 0.4904 1.0
9500.0 0.509042 1.0
9502.0 0.500716 1.0
9504.0 0.461488 1.0
9506.0 0.452144 1.0
9508.0 0.461288 1.0
9510.0 0.468834 1.0
9512.0 0.474031 1.0
9514.0 0.479698 1.0
9516.0 0.486497 1.0
9518.0 0.494198 1.0
9520.0 0.501765 1.0
9522.0 0.514343 1.0
9524.0 0.516084 1.0
9526.0 0.505844 1.0
9528.0 0.496486 1.0
9530.0 0.491601 1.0
9532.0 0.488725 1.0
9534.0 0.488998 1.0
9536.0 0.495953 1.0
9538.0 0.489707 1.0
9540.0 0.465815 1.0
9542.0 0.456782 1.0
9544.0 0.465011 1.0
9546.0 0.477175 1.0
9548.0 0.487556 1.0
9550.0 0.498655 1.0
9552.0 0.493549 1.0
9554.0 0.468643 1.0
9556.0 0.455999 1.0
9558.0 0.446828 1.0
9560.0 0.440855 1.0
9562.0 0.441115 1.0
9564.0 0.441848 1.0
9566.0 0.431648 1.0
9568.0 0.411611 1.0
9570.0 0.406729 1.0
9572.0 0.411534 1.0
9574.0 0.418119 1.0
9576.0 0.431888 1.0
9578.0 0.442463 1.0
9580.0 0.443552 1.0
9582.0 0.439122 1.0
9584.0 0.433377 1.0
9586.0 0.420465 1.0
9588.0 0.417057 1.0
9590.0 0.420471 1.0
9592.0 0.424016 1.0
9594.0 0.4308 1.0
9596.0 0.434383 1.0
9598.0 0.42441 1.0
9600.0 0.403859 1.0
9602.0 0.3933 1.0
9604.0 0.384885 1.0
9606.0 0.382129 1.0
9608.0 0.386314 1.0
9610.0 0.391966 1.0
9612.0 0.397866 1.0
9614.0 0.404383 1.0
9616.0 0.409526 1.0
9618.0 0.41586 1.0
9620.0 0.414752 1.0
9622.0 0.402098 1.0
9624.0 0.398505 1.0
9626.0 0.405608 1.0
9628.0 0.415444 1.0
9630.0 0.425885 1.0
9632.0 0.437916 1.0
9634.0 0.429376 1.0
9636.0 0.393085 1.0
9638.0 0.378957 1.0
9640.0 0.375731 1.0
9642.0 0.377422 1.0
9644.0 0.387787 1.0
9646.0 0.398993 1.0
9648.0 0.393187 1.0
9650.0 0.372822 1.0
9652.0 0.368628 1.0
9654.0 0.375944 1.0
9656.0 0.378781 1.0
9658.0 0.378516 1.0
9660.0 0.377775 1.0
9662.0 0.378383 1.0
9664.0 0.378883 1.0
9666.0 0.373843 1.0
9668.0 0.363401 1.0
9670.0 0.354245 1.0
9672.0 0.3394 1.0
9674.0 0.333462 1.0
9676.0 0.341487 1.0
9678.0 0.353003 1.0
9680.0 0.357382 1.0
9682.0 0.359293 1.0
9684.0 0.357539 1.0
9686.0 0.348972 1.0
9688.0 0.345139 1.0
9690.0 0.341885 1.0
9692.0 0.343813 1.0
9694.0 0.356401 1.0
9696.0 0.373049 1.0
9698.0 0.376614 1.0
9700.0 0.371366 1.0
9702.0 0.367074 1.0
9704.0 0.357081 1.0
9706.0 0.352552 1.0
9708.0 0.356978 1.0
9710.0 0.360483 1.0
9712.0 0.353697 1.0
9714.0 0.340815 1.0
9716.0 0.336212 1.0
9718.0 0.339833 1.0
9720.0 0.335445 1.0
9722.0 0.324929 1.0
9724.0 0.314756 1.0
9726.0 0.30055 1.0
9728.0 0.291353 1.0
9730.0 0.310608 1.0
9732.0 0.359243 1.0
9734.0 0.375113 1.0
9736.0 0.373251 1.0
9738.0 0.3678 1.0
9740.0 0.351644 1.0
9742.0 0.33743 1.0
9744.0 0.334984 1.0
9746.0 0.338346 1.0
9748.0 0.336395 1.0
9750.0 0.332962 1.0
9752.0 0.328425 1.0
9754.0 0.320578 1.0
9756.0 0.315495 1.0
9758.0 0.313918 1.0
9760.0 0.31456 1.0
9762.0 0.317242 1.0
9764.0 0.322586 1.0
9766.0 0.325189 1.0
9768.0 0.329363 1.0
9770.0 0.32682 1.0
9772.0 0.312659 1.0
9774.0 0.304008 1.0
9776.0 0.311241 1.0
9778.0 0.324917 1.0
9780.0 0.326735 1.0
9782.0 0.32372 1.0
9784.0 0.314829 1.0
9786.0 0.295241 1.0
9788.0 0.28043 1.0
9790.0 0.269484 1.0
9792.0 0.262377 1.0
9794.0 0.261854 1.0
9796.0 0.266987 1.0
9798.0 0.266051 1.0
9800.0 0.25817 1.0
9802.0 0.259488 1.0
9804.0 0.270494 1.0
9806.0 0.27872 1.0
9808.0 0.275873 1.0
9810.0 0.273728 1.0
9812.0 0.296399 1.0
9814.0 0.347961 1.0
9816.0 0.351373 1.0
9818.0 0.312457 1.0
9820.0 0.288149 1.0
9822.0 0.270145 1.0
9824.0 0.260893 1.0
9826.0 0.267758 1.0
9828.0 0.285803 1.0
9830.0 0.293636 1.0
9832.0 0.3009 1.0
9834.0 0.300144 1.0
9836.0 0.287487 1.0
9838.0 0.280356 1.0
9840.0 0.286189 1.0
9842.0 0.291303 1.0
9844.0 0.276855 1.0
9846.0 0.246614 1.0
9848.0 0.236654 1.0
9850.0 0.236744 1.0
9852.0 0.24231 1.0
9854.0 0.25942 1.0
9856.0 0.274595 1.0
9858.0 0.280891 1.0
9860.0 0.2833 1.0
9862.0 0.287316 1.0
9864.0 0.288461 1.0
9866.0 0.297013 1.0
9868.0 0.323366 1.0
9870.0 0.327172 1.0
9872.0 0.295689 1.0
9874.0 0.261266 1.0
9876.0 0.25334 1.0
9878.0 0.259221 1.0
9880.0 0.26449 1.0
9882.0 0.282899 1.0
9884.0 0.284779 1.0
9886.0 0.270754 1.0
9888.0 0.258623 1.0
9890.0 0.252202 1.0
9892.0 0.249183 1.0
9894.0 0.252912 1.0
9896.0 0.265691 1.0
9898.0 0.268205 1.0
9900.0 0.260469 1.0
9902.0 0.261034 1.0
9904.0 0.276836 1.0
9906.0 0.286061 1.0
9908.0 0.269209 1.0
9910.0 0.237483 1.0
9912.0 0.228865 1.0
9914.0 0.232343 1.0
9916.0 0.240333 1.0
9918.0 0.267855 1.0
9920.0 0.278285 1.0
9922.0 0.256859 1.0
9924.0 0.228802 1.0
9926.0 0.225848 1.0
9928.0 0.237199 1.0
9930.0 0.244798 1.0
9932.0 0.259132 1.0
9934.0 0.265165 1.0
9936.0 0.263568 1.0
9938.0 0.259448 1.0
9940.0 0.252819 1.0
9942.0 0.245025 1.0
9944.0 0.24697 1.0
9946.0 0.259025 1.0
9948.0 0.26374 1.0
9950.0 0.26604 1.0
9952.0 0.266815 1.0
9954.0 0.26464 1.0
9956.0 0.262562 1.0
9958.0 0.265667 1.0
9960.0 0.272673 1.0
9962.0 0.266467 1.0
9964.0 0.246642 1.0
9966.0 0.233349 1.0
9968.0 0.216855 1.0
9970.0 0.210854 1.0
9972.0 0.22383 1.0
9974.0 0.245724 1.0
9976.0 0.258923 1.0
9978.0 0.271942 1.0
9980.0 0.275795 1.0
9982.0 0.270756 1.0
9984.0 0.264521 1.0
9986.0 0.254467 1.0
9988.0 0.244923 1.0
9990.0 0.239734 1.0
9992.0 0.236983 1.0
9994.0 0.235254 1.0
9996.0 0.235149 1.0
9998.0 0.236286 1.0
10000.0 0.23965 1.0
10002.0 0.242757 1.0
10004.0 0.243045 1.0
10006.0 0.245083 1.0
10008.0 0.256857 1.0
10010.0 0.277299 1.0
10012.0 0.290607 1.0
10014.0 0.307072 1.0
10016.0 0.309966 1.0
10018.0 0.299624 1.0
10020.0 0.28224 1.0
10022.0 0.255941 1.0
10024.0 0.224541 1.0
10026.0 0.213458 1.0
10028.0 0.218527 1.0
10030.0 0.220336 1.0
10032.0 0.229851 1.0
10034.0 0.23178 1.0
10036.0 0.220558 1.0
10038.0 0.208635 1.0
10040.0 0.208174 1.0
10042.0 0.213873 1.0
10044.0 0.225416 1.0
10046.0 0.265064 1.0
10048.0 0.260002 1.0
10050.0 0.212088 1.0
10052.0 0.159546 1.0
10054.0 0.0973977 1.0
10056.0 0.0434257 1.0
10058.0 0.07374 1.0
10060.0 0.191479 1.0
10062.0 0.242225 1.0
10064.0 0.269354 1.0
10066.0 0.285139 1.0
10068.0 0.28479 1.0
10070.0 0.276902 1.0
10072.0 0.26819 1.0
10074.0 0.255467 1.0
10076.0 0.245898 1.0
10078.0 0.243095 1.0
10080.0 0.226514 1.0
10082.0 0.188031 1.0
10084.0 0.166055 1.0
10086.0 0.172996 1.0
10088.0 0.191813 1.0
10090.0 0.203308 1.0
10092.0 0.214951 1.0
10094.0 0.228359 1.0
10096.0 0.243076 1.0
10098.0 0.258924 1.0
10100.0 0.283379 1.0
10102.0 0.297803 1.0
10104.0 0.287012 1.0
10106.0 0.26205 1.0
10108.0 0.253208 1.0
10110.0 0.257279 1.0
10112.0 0.245678 1.0
10114.0 0.222855 1.0
10116.0 0.200552 1.0
10118.0 0.166462 1.0
10120.0 0.146386 1.0
10122.0 0.182452 1.0
10124.0 0.264761 1.0
10126.0 0.29546 1.0
10128.0 0.302325 1.0
10130.0 0.299427 1.0
10132.0 0.279203 1.0
10134.0 0.253801 1.0
10136.0 0.225661 1.0
10138.0 0.194836 1.0
10140.0 0.168598 1.0
10142.0 0.133467 1.0
10144.0 0.13893 1.0
10146.0 0.194444 1.0
10148.0 0.225399 1.0
10150.0 0.232009 1.0
10152.0 0.227002 1.0
10154.0 0.20965 1.0
10156.0 0.179841 1.0
10158.0 0.184023 1.0
10160.0 0.229897 1.0
10162.0 0.238307 1.0
10164.0 0.219399 1.0
10166.0 0.202622 1.0
10168.0 0.191309 1.0
10170.0 0.184689 1.0
10172.0 0.193069 1.0
10174.0 0.218492 1.0
10176.0 0.222919 1.0
10178.0 0.207985 1.0
10180.0 0.206218 1.0
10182.0 0.224886 1.0
10184.0 0.234496 1.0
10186.0 0.211423 1.0
10188.0 0.171745 1.0
10190.0 0.162774 1.0
10192.0 0.171116 1.0
10194.0 0.184489 1.0
10196.0 0.218712 1.0
10198.0 0.238343 1.0
10200.0 0.237986 1.0
10202.0 0.227703 1.0
10204.0 0.21165 1.0
10206.0 0.184723 1.0
10208.0 0.181137 1.0
10210.0 0.197598 1.0
10212.0 0.208616 1.0
10214.0 0.223118 1.0
10216.0 0.231154 1.0
10218.0 0.228264 1.0
10220.0 0.217482 1.0
10222.0 0.198442 1.0
10224.0 0.156705 1.0
10226.0 0.156445 1.0
10228.0 0.199066 1.0
10230.0 0.221591 1.0
10232.0 0.216286 1.0
10234.0 0.20971 1.0
10236.0 0.224224 1.0
10238.0 0.250304 1.0
10240.0 0.254883 1.0
10242.0 0.248492 1.0
10244.0 0.23327 1.0
10246.0 0.192098 1.0
10248.0 0.170704 1.0
10250.0 0.184789 1.0
10252.0 0.216444 1.0
10254.0 0.249664 1.0
10256.0 0.303555 1.0
10258.0 0.303754 1.0
10260.0 0.246897 1.0
10262.0 0.216229 1.0
10264.0 0.193794 1.0
10266.0 0.196728 1.0
10268.0 0.261295 1.0
10270.0 0.360456 1.0
10272.0 0.351187 1.0
10274.0 0.221767 1.0
10276.0 0.190452 1.0
10278.0 0.219676 1.0
10280.0 0.233548 1.0
10282.0 0.217766 1.0
10284.0 0.196509 1.0
10286.0 0.187745 1.0
10288.0 0.182447 1.0
10290.0 0.1942 1.0
10292.0 0.241772 1.0
10294.0 0.250378 1.0
10296.0 0.210395 1.0
10298.0 0.183873 1.0
10300.0 0.204013 1.0
10302.0 0.244201 1.0
10304.0 0.261329 1.0
10306.0 0.275688 1.0
10308.0 0.268615 1.0
10310.0 0.215429 1.0
10312.0 0.206959 1.0
10314.0 0.267282 1.0
10316.0 0.332755 1.0
10318.0 0.346649 1.0
10320.0 0.333334 1.0
10322.0 0.328564 1.0
10324.0 0.305269 1.0
10326.0 0.313655 1.0
10328.0 0.365886 1.0
10330.0 0.395293 1.0
10332.0 0.369946 1.0
10334.0 0.32868 1.0
10336.0 0.331859 1.0
10338.0 0.360624 1.0
10340.0 0.390031 1.0
10342.0 0.457114 1.0
10344.0 0.47097 1.0
10346.0 0.414975 1.0
10348.0 0.355291 1.0
10350.0 0.332952 1.0
10352.0 0.32696 1.0
10354.0 0.330502 1.0
10356.0 0.352178 1.0
10358.0 0.370651 1.0
10360.0 0.384365 1.0
10362.0 0.415471 1.0
10364.0 0.494083 1.0
10366.0 0.562974 1.0
10368.0 0.529923 1.0
10370.0 0.415345 1.0
10372.0 0.363515 1.0
10374.0 0.321018 1.0
10376.0 0.310447 1.0
10378.0 0.344364 1.0
10380.0 0.380057 1.0
10382.0 0.39918 1.0
10384.0 0.412143 1.0
10386.0 0.416045 1.0
10388.0 0.403849 1.0
10390.0 0.408435 1.0
10392.0 0.436665 1.0
10394.0 0.438785 1.0
10396.0 0.39942 1.0
10398.0 0.356062 1.0
10400.0 0.340427 1.0
10402.0 0.337451 1.0
10404.0 0.363864 1.0
10406.0 0.450766 1.0
10408.0 0.476765 1.0
10410.0 0.45636 1.0
10412.0 0.427218 1.0
10414.0 0.387522 1.0
10416.0 0.349087 1.0
10418.0 0.362271 1.0
10420.0 0.425155 1.0
10422.0 0.447958 1.0
10424.0 0.447272 1.0
10426.0 0.457552 1.0
10428.0 0.490216 1.0
10430.0 0.509392 1.0
10432.0 0.479894 1.0
10434.0 0.421149 1.0
10436.0 0.413927 1.0
10438.0 0.456934 1.0
10440.0 0.459228 1.0
10442.0 0.435654 1.0
10444.0 0.416769 1.0
10446.0 0.40058 1.0
10448.0 0.394572 1.0
10450.0 0.423673 1.0
10452.0 0.487788 1.0
10454.0 0.512192 1.0
10456.0 0.524184 1.0
10458.0 0.512817 1.0
10460.0 0.453894 1.0
10462.0 0.413566 1.0
10464.0 0.43484 1.0
10466.0 0.486504 1.0
10468.0 0.508484 1.0
10470.0 0.523708 1.0
10472.0 0.527456 1.0
10474.0 0.515861 1.0
10476.0 0.504503 1.0
10478.0 0.497784 1.0
10480.0 0.485553 1.0
10482.0 0.448956 1.0
10484.0 0.389635 1.0
10486.0 0.406175 1.0
10488.0 0.507401 1.0
10490.0 0.556963 1.0
10492.0 0.58052 1.0
10494.0 0.591279 1.0
10496.0 0.589552 1.0
10498.0 0.577391 1.0
10500.0 0.565287 1.0
10502.0 0.54703 1.0
10504.0 0.533484 1.0
10506.0 0.515475 1.0
10508.0 0.510887 1.0
10510.0 0.522749 1.0
10512.0 0.540029 1.0
10514.0 0.556386 1.0
10516.0 0.574807 1.0
10518.0 0.587286 1.0
10520.0 0.594822 1.0
10522.0 0.603353 1.0
10524.0 0.611467 1.0
10526.0 0.618573 1.0
10528.0 0.630911 1.0
10530.0 0.63672 1.0
10532.0 0.608168 1.0
10534.0 0.539887 1.0
10536.0 0.544934 1.0
10538.0 0.636635 1.0
10540.0 0.659005 1.0
10542.0 0.612028 1.0
10544.0 0.557588 1.0
10546.0 0.513576 1.0
10548.0 0.475826 1.0
10550.0 0.504698 1.0
10552.0 0.625652 1.0
10554.0 0.660611 1.0
10556.0 0.646714 1.0
10558.0 0.629879 1.0
10560.0 0.606081 1.0
10562.0 0.583294 1.0
10564.0 0.578944 1.0
10566.0 0.586351 1.0
10568.0 0.59485 1.0
10570.0 0.609097 1.0
10572.0 0.625316 1.0
10574.0 0.649099 1.0
10576.0 0.667738 1.0
10578.0 0.678014 1.0
10580.0 0.681079 1.0
10582.0 0.670007 1.0
10584.0 0.635511 1.0
10586.0 0.633011 1.0
10588.0 0.669686 1.0
10590.0 0.672135 1.0
10592.0 0.619279 1.0
10594.0 0.573457 1.0
10596.0 0.591249 1.0
10598.0 0.646326 1.0
10600.0 0.656807 1.0
10602.0 0.639901 1.0
10604.0 0.631729 1.0
10606.0 0.624136 1.0
10608.0 0.613247 1.0
10610.0 0.595443 1.0
10612.0 0.5767 1.0
10614.0 0.569948 1.0
10616.0 0.577647 1.0
10618.0 0.551705 1.0
10620.0 0.471763 1.0
10622.0 0.449746 1.0
10624.0 0.501017 1.0
10626.0 0.546831 1.0
10628.0 0.539939 1.0
10630.0 0.508628 1.0
10632.0 0.491018 1.0
10634.0 0.465223 1.0
10636.0 0.461746 1.0
10638.0 0.487327 1.0
10640.0 0.49618 1.0
10642.0 0.470386 1.0
10644.0 0.446047 1.0
10646.0 0.469042 1.0
10648.0 0.52767 1.0
10650.0 0.538352 1.0
10652.0 0.460648 1.0
10654.0 0.514813 1.0
10656.0 0.501685 1.0
10658.0 0.488558 1.0
10660.0 0.47543 1.0
10662.0 0.462302 1.0
10664.0 0.449174 1.0
10666.0 0.449174 1.0
10668.0 0.36134 1.0
10670.0 0.374473 1.0
10672.0 0.401468 1.0
10674.0 0.47324 1.0
10676.0 0.532771 1.0
10678.0 0.506139 1.0
10680.0 0.424965 1.0
10682.0 0.420654 1.0
10684.0 0.489974 1.0
10686.0 0.494617 1.0
10688.0 0.451505 1.0
10690.0 0.411442 1.0
10692.0 0.379002 1.0
10694.0 0.355999 1.0
10696.0 0.367921 1.0
10698.0 0.416331 1.0
10700.0 0.432815 1.0
10702.0 0.430119 1.0
10704.0 0.43548 1.0
10706.0 0.449441 1.0
10708.0 0.461696 1.0
10710.0 0.468745 1.0
10712.0 0.471724 1.0
10714.0 0.459477 1.0
10716.0 0.418939 1.0
10718.0 0.410401 1.0
10720.0 0.430526 1.0
10722.0 0.437904 1.0
10724.0 0.42044 1.0
10726.0 0.400452 1.0
10728.0 0.402693 1.0
10730.0 0.419205 1.0
10732.0 0.427068 1.0
10734.0 0.436782 1.0
10736.0 0.438411 1.0
10738.0 0.421819 1.0
10740.0 0.418403 1.0
10742.0 0.456102 1.0
10744.0 0.506177 1.0
10746.0 0.49043 1.0
10748.0 0.410331 1.0
10750.0 0.382825 1.0
10752.0 0.369384 1.0
10754.0 0.379636 1.0
10756.0 0.435809 1.0
10758.0 0.487023 1.0
10760.0 0.477162 1.0
10762.0 0.429175 1.0
10764.0 0.418193 1.0
10766.0 0.430004 1.0
10768.0 0.427818 1.0
10770.0 0.416781 1.0
10772.0 0.40759 1.0
10774.0 0.399809 1.0
10776.0 0.396454 1.0
10778.0 0.411059 1.0
10780.0 0.448205 1.0
