3300.0 1.57218 1e-20
3302.0 2.8376 1e-20
3304.0 2.56282 1e-20
3306.0 3.1565 1e-20
3308.0 3.41212 1e-20
3310.0 2.93381 1e-20
3312.0 2.77279 1e-20
3314.0 2.00668 1e-20
3316.0 2.1211 1e-20
3318.0 2.28727 1e-20
3320.0 2.43 1e-20
3322.0 2.66928 1e-20
3324.0 3.10058 1e-20
3326.0 2.27872 1e-20
3328.0 2.45826 1e-20
3330.0 3.14213 1e-20
3332.0 2.99639 1e-20
3334.0 2.5536 1e-20
3336.0 1.86056 1e-20
3338.0 2.43136 1e-20
3340.0 3.29931 1e-20
3342.0 3.12239 1e-20
3344.0 2.98542 1e-20
3346.0 3.11357 1e-20
3348.0 2.97607 1e-20
3350.0 3.24959 1e-20
3352.0 3.32063 1e-20
3354.0 3.58213 1e-20
3356.0 3.46973 1e-20
3358.0 3.09703 1e-20
3360.0 2.96352 1e-20
3362.0 2.88145 1e-20
3364.0 3.30306 1e-20
3366.0 3.59105 1e-20
3368.0 3.60092 1e-20
3370.0 3.43549 1e-20
3372.0 3.44205 1e-20
3374.0 3.60724 1e-20
3376.0 3.65927 1e-20
3378.0 4.09847 1e-20
3380.0 3.17729 1e-20
3382.0 2.53776 1e-20
3384.0 4.10842 1e-20
3386.0 4.40823 1e-20
3388.0 4.67618 1e-20
3390.0 4.79775 1e-20
3392.0 4.20155 1e-20
3394.0 3.62309 1e-20
3396.0 3.63145 1e-20
3398.0 4.35842 1e-20
3400.0 3.68816 1e-20
3402.0 3.18557 1e-20
3404.0 3.44643 1e-20
3406.0 3.3648 1e-20
3408.0 3.50791 1e-20
3410.0 3.60228 1e-20
3412.0 3.36089 1e-20
3414.0 3.40278 1e-20
3416.0 3.17613 1e-20
3418.0 3.25201 1e-20
3420.0 3.82047 1e-20
3422.0 3.55777 1e-20
3424.0 3.03513 1e-20
3426.0 3.69196 1e-20
3428.0 3.66833 1e-20
3430.0 3.65675 1e-20
3432.0 3.60222 1e-20
3434.0 3.4827 1e-20
3436.0 3.32266 1e-20
3438.0 3.45407 1e-20
3440.0 3.68722 1e-20
3442.0 3.48541 1e-20
3444.0 3.41699 1e-20
3446.0 3.88545 1e-20
3448.0 3.61854 1e-20
3450.0 3.65979 1e-20
3452.0 3.8817 1e-20
3454.0 3.24131 1e-20
3456.0 3.54213 1e-20
3458.0 3.62935 1e-20
3460.0 3.59996 1e-20
3462.0 4.17442 1e-20
3464.0 3.61553 1e-20
3466.0 3.90188 1e-20
3468.0 4.20926 1e-20
3470.0 3.80753 1e-20
3472.0 4.14129 1e-20
3474.0 4.41662 1e-20
3476.0 3.79921 1e-20
3478.0 4.00049 1e-20
3480.0 4.1327 1e-20
3482.0 4.39411 1e-20
3484.0 4.85079 1e-20
3486.0 4.39739 1e-20
3488.0 4.55864 1e-20
3490.0 4.61672 1e-20
3492.0 4.35687 1e-20
3494.0 4.50854 1e-20
3496.0 4.29445 1e-20
3498.0 4.01685 1e-20
3500.0 4.21308 1e-20
3502.0 4.0284 1e-20
3504.0 3.8119 1e-20
3506.0 3.72974 1e-20
3508.0 4.06988 1e-20
3510.0 3.96576 1e-20
3512.0 3.52855 1e-20
3514.0 3.61407 1e-20
3516.0 3.71426 1e-20
3518.0 3.94908 1e-20
3520.0 4.08139 1e-20
3522.0 3.69521 1e-20
3524.0 3.65505 1e-20
3526.0 3.8247 1e-20
3528.0 3.72008 1e-20
3530.0 3.57136 1e-20
3532.0 3.7804 1e-20
3534.0 3.87407 1e-20
3536.0 4.15787 1e-20
3538.0 4.49109 1e-20
3540.0 3.63367 1e-20
3542.0 3.37854 1e-20
3544.0 3.52845 1e-20
3546.0 3.44739 1e-20
3548.0 3.62791 1e-20
3550.0 3.76257 1e-20
3552.0 3.72947 1e-20
3554.0 3.88692 1e-20
3556.0 3.82478 1e-20
3558.0 3.72274 1e-20
3560.0 3.58035 1e-20
3562.0 3.55977 1e-20
3564.0 3.66852 1e-20
3566.0 4.13947 1e-20
3568.0 4.06528 1e-20
3570.0 3.58155 1e-20
3572.0 3.62479 1e-20
3574.0 3.48774 1e-20
3576.0 3.65784 1e-20
3578.0 3.82341 1e-20
3580.0 3.89494 1e-20
3582.0 3.59963 1e-20
3584.0 3.50288 1e-20
3586.0 3.87014 1e-20
3588.0 3.9421 1e-20
3590.0 3.91425 1e-20
3592.0 3.77125 1e-20
3594.0 3.63234 1e-20
3596.0 3.56518 1e-20
3598.0 3.46954 1e-20
3600.0 3.63508 1e-20
3602.0 3.80428 1e-20
3604.0 3.88042 1e-20
3606.0 3.80913 1e-20
3608.0 3.8925 1e-20
3610.0 4.25462 1e-20
3612.0 4.20297 1e-20
3614.0 3.71919 1e-20
3616.0 3.68782 1e-20
3618.0 4.08968 1e-20
3620.0 3.74197 1e-20
3622.0 4.11107 1e-20
3624.0 3.80658 1e-20
3626.0 3.92408 1e-20
3628.0 3.84999 1e-20
3630.0 3.74108 1e-20
3632.0 3.76442 1e-20
3634.0 3.82038 1e-20
3636.0 4.30002 1e-20
3638.0 3.71793 1e-20
3640.0 3.95234 1e-20
3642.0 4.17067 1e-20
3644.0 3.79919 1e-20
3646.0 3.97184 1e-20
3648.0 4.17361 1e-20
3650.0 3.95069 1e-20
3652.0 3.96279 1e-20
3654.0 3.70466 1e-20
3656.0 3.48107 1e-20
3658.0 3.85697 1e-20
3660.0 3.85709 1e-20
3662.0 3.5627 1e-20
3664.0 3.69628 1e-20
3666.0 3.90667 1e-20
3668.0 3.82598 1e-20
3670.0 3.48559 1e-20
3672.0 3.58029 1e-20
3674.0 3.71439 1e-20
3676.0 3.38141 1e-20
3678.0 3.54357 1e-20
3680.0 3.74045 1e-20
3682.0 3.59742 1e-20
3684.0 3.63492 1e-20
3686.0 3.75781 1e-20
3688.0 3.65139 1e-20
3690.0 3.64006 1e-20
3692.0 3.58515 1e-20
3694.0 3.50412 1e-20
3696.0 3.70579 1e-20
3698.0 3.82152 1e-20
3700.0 3.51124 1e-20
3702.0 3.16068 1e-20
3704.0 3.4125 1e-20
3706.0 3.59079 1e-20
3708.0 3.63754 1e-20
3710.0 3.2682 1e-20
3712.0 3.25276 1e-20
3714.0 3.18879 1e-20
3716.0 3.2374 1e-20
3718.0 3.38395 1e-20
3720.0 3.60165 1e-20
3722.0 3.47156 1e-20
3724.0 3.50699 1e-20
3726.0 3.83423 1e-20
3728.0 3.3543 1e-20
3730.0 3.31665 1e-20
3732.0 3.51398 1e-20
3734.0 3.46249 1e-20
3736.0 3.43485 1e-20
3738.0 3.26235 1e-20
3740.0 3.25992 1e-20
3742.0 3.1565 1e-20
3744.0 2.97166 1e-20
3746.0 2.9396 1e-20
3748.0 2.91813 1e-20
3750.0 2.88714 1e-20
3752.0 2.6823 1e-20
3754.0 2.56858 1e-20
3756.0 2.55142 1e-20
3758.0 2.44146 1e-20
3760.0 2.47803 1e-20
3762.0 2.46778 1e-20
3764.0 2.39321 1e-20
3766.0 2.41278 1e-20
3768.0 2.64067 1e-20
3770.0 2.70821 1e-20
3772.0 2.79943 1e-20
3774.0 2.7525 1e-20
3776.0 2.93136 1e-20
3778.0 3.08396 1e-20
3780.0 3.09913 1e-20
3782.0 3.09594 1e-20
3784.0 2.81926 1e-20
3786.0 2.85008 1e-20
3788.0 3.0105 1e-20
3790.0 3.61548 1e-20
3792.0 3.42237 1e-20
3794.0 3.24451 1e-20
3796.0 3.25778 1e-20
3798.0 3.322 1e-20
3800.0 3.30904 1e-20
3802.0 3.28618 1e-20
3804.0 3.55298 1e-20
3806.0 3.59284 1e-20
3808.0 3.41616 1e-20
3810.0 3.25019 1e-20
3812.0 3.50422 1e-20
3814.0 3.50901 1e-20
3816.0 2.77496 1e-20
3818.0 3.0905 1e-20
3820.0 2.82332 1e-20
3822.0 2.73915 1e-20
3824.0 2.88819 1e-20
3826.0 2.69066 1e-20
3828.0 2.51542 1e-20
3830.0 2.72976 1e-20
3832.0 2.57178 1e-20
3834.0 2.62741 1e-20
3836.0 2.63659 1e-20
3838.0 2.53137 1e-20
3840.0 2.57915 1e-20
3842.0 2.49611 1e-20
3844.0 2.60352 1e-20
3846.0 2.47035 1e-20
3848.0 2.55785 1e-20
3850.0 2.48439 1e-20
3852.0 2.35601 1e-20
3854.0 2.28147 1e-20
3856.0 2.26578 1e-20
3858.0 2.24769 1e-20
3860.0 2.06215 1e-20
3862.0 2.08826 1e-20
3864.0 2.19212 1e-20
3866.0 2.36185 1e-20
3868.0 2.58227 1e-20
3870.0 2.34096 1e-20
3872.0 2.30214 1e-20
3874.0 2.34622 1e-20
3876.0 2.34142 1e-20
3878.0 2.4276 1e-20
3880.0 2.74058 1e-20
3882.0 2.74934 1e-20
3884.0 2.59115 1e-20
3886.0 2.65702 1e-20
3888.0 2.76627 1e-20
3890.0 3.07637 1e-20
3892.0 3.13734 1e-20
3894.0 3.32542 1e-20
3896.0 3.20422 1e-20
3898.0 3.15495 1e-20
3900.0 3.20731 1e-20
3902.0 3.1615 1e-20
3904.0 3.33194 1e-20
3906.0 3.34539 1e-20
3908.0 3.13719 1e-20
3910.0 3.38502 1e-20
3912.0 3.34836 1e-20
3914.0 3.49813 1e-20
3916.0 3.60811 1e-20
3918.0 3.5797 1e-20
3920.0 3.57401 1e-20
3922.0 3.54353 1e-20
3924.0 3.68162 1e-20
3926.0 3.65829 1e-20
3928.0 3.73556 1e-20
3930.0 3.67532 1e-20
3932.0 3.47793 1e-20
3934.0 3.43767 1e-20
3936.0 3.74419 1e-20
3938.0 3.8497 1e-20
3940.0 3.81504 1e-20
3942.0 3.92045 1e-20
3944.0 3.8987 1e-20
3946.0 4.15038 1e-20
3948.0 4.1577 1e-20
3950.0 4.20111 1e-20
3952.0 4.16903 1e-20
3954.0 4.23411 1e-20
3956.0 4.35217 1e-20
3958.0 4.23288 1e-20
3960.0 4.3842 1e-20
3962.0 4.38735 1e-20
3964.0 4.3421 1e-20
3966.0 4.31088 1e-20
3968.0 4.22173 1e-20
3970.0 4.41074 1e-20
3972.0 4.56115 1e-20
3974.0 4.66994 1e-20
3976.0 4.80362 1e-20
3978.0 4.77095 1e-20
3980.0 4.56921 1e-20
3982.0 4.71968 1e-20
3984.0 4.56799 1e-20
3986.0 5.01293 1e-20
3988.0 4.90274 1e-20
3990.0 4.46796 1e-20
3992.0 4.35517 1e-20
3994.0 4.67148 1e-20
3996.0 4.85178 1e-20
3998.0 4.98284 1e-20
4000.0 4.85124 1e-20
4002.0 4.62285 1e-20
4004.0 4.6902 1e-20
4006.0 4.31748 1e-20
4008.0 4.28578 1e-20
4010.0 4.44701 1e-20
4012.0 4.37048 1e-20
4014.0 4.48324 1e-20
4016.0 4.25154 1e-20
4018.0 3.9953 1e-20
4020.0 4.15001 1e-20
4022.0 4.09672 1e-20
4024.0 3.8809 1e-20
4026.0 4.05793 1e-20
4028.0 4.01775 1e-20
4030.0 3.73458 1e-20
4032.0 3.75882 1e-20
4034.0 3.87525 1e-20
4036.0 3.87674 1e-20
4038.0 3.8361 1e-20
4040.0 3.80329 1e-20
4042.0 3.69873 1e-20
4044.0 3.64567 1e-20
4046.0 3.50435 1e-20
4048.0 3.53472 1e-20
4050.0 3.75667 1e-20
4052.0 3.71625 1e-20
4054.0 3.85422 1e-20
4056.0 3.79528 1e-20
4058.0 3.88146 1e-20
4060.0 3.76196 1e-20
4062.0 3.68536 1e-20
4064.0 3.86229 1e-20
4066.0 3.9337 1e-20
4068.0 3.7154 1e-20
4070.0 3.87908 1e-20
4072.0 3.899 1e-20
4074.0 3.83981 1e-20
4076.0 4.03603 1e-20
4078.0 4.09447 1e-20
4080.0 4.07741 1e-20
4082.0 4.20321 1e-20
4084.0 4.07628 1e-20
4086.0 3.9078 1e-20
4088.0 4.15666 1e-20
4090.0 4.35072 1e-20
4092.0 4.1154 1e-20
4094.0 4.3222 1e-20
4096.0 4.37388 1e-20
4098.0 4.2725 1e-20
4100.0 4.37208 1e-20
4102.0 4.36118 1e-20
4104.0 4.39012 1e-20
4106.0 4.45536 1e-20
4108.0 4.34551 1e-20
4110.0 4.39293 1e-20
4112.0 4.38414 1e-20
4114.0 4.42472 1e-20
4116.0 4.46557 1e-20
4118.0 4.50831 1e-20
4120.0 4.71037 1e-20
4122.0 4.61156 1e-20
4124.0 4.39499 1e-20
4126.0 4.37482 1e-20
4128.0 4.57461 1e-20
4130.0 4.62837 1e-20
4132.0 4.52546 1e-20
4134.0 4.36926 1e-20
4136.0 4.38403 1e-20
4138.0 4.63215 1e-20
4140.0 4.51732 1e-20
4142.0 4.28876 1e-20
4144.0 4.41053 1e-20
4146.0 4.49584 1e-20
4148.0 4.39115 1e-20
4150.0 4.19963 1e-20
4152.0 4.22873 1e-20
4154.0 4.38205 1e-20
4156.0 4.41091 1e-20
4158.0 4.13477 1e-20
4160.0 4.0314 1e-20
4162.0 3.75155 1e-20
4164.0 3.90048 1e-20
4166.0 3.99565 1e-20
4168.0 4.13922 1e-20
4170.0 4.11588 1e-20
4172.0 4.11079 1e-20
4174.0 3.93346 1e-20
4176.0 3.86511 1e-20
4178.0 3.73235 1e-20
4180.0 3.6842 1e-20
4182.0 3.82244 1e-20
4184.0 3.98029 1e-20
4186.0 3.84802 1e-20
4188.0 3.81318 1e-20
4190.0 3.81966 1e-20
4192.0 3.83477 1e-20
4194.0 3.81709 1e-20
4196.0 3.71232 1e-20
4198.0 3.76113 1e-20
4200.0 3.75284 1e-20
4202.0 3.76843 1e-20
4204.0 3.81277 1e-20
4206.0 3.65792 1e-20
4208.0 3.79574 1e-20
4210.0 3.85207 1e-20
4212.0 3.68992 1e-20
4214.0 3.60084 1e-20
4216.0 3.61603 1e-20
4218.0 3.43885 1e-20
4220.0 3.59114 1e-20
4222.0 3.65396 1e-20
4224.0 3.62525 1e-20
4226.0 3.59039 1e-20
4228.0 3.45018 1e-20
4230.0 3.4866 1e-20
4232.0 3.27815 1e-20
4234.0 3.32284 1e-20
4236.0 3.43299 1e-20
4238.0 3.42494 1e-20
4240.0 3.42012 1e-20
4242.0 3.36824 1e-20
4244.0 3.24435 1e-20
4246.0 3.07801 1e-20
4248.0 3.10992 1e-20
4250.0 3.22223 1e-20
4252.0 3.16837 1e-20
4254.0 3.19133 1e-20
4256.0 3.1782 1e-20
4258.0 3.14522 1e-20
4260.0 3.29231 1e-20
4262.0 3.15884 1e-20
4264.0 2.98602 1e-20
4266.0 2.87908 1e-20
4268.0 2.93223 1e-20
4270.0 2.90045 1e-20
4272.0 3.02405 1e-20
4274.0 3.05154 1e-20
4276.0 3.01729 1e-20
4278.0 2.96465 1e-20
4280.0 2.74128 1e-20
4282.0 2.82281 1e-20
4284.0 3.05846 1e-20
4286.0 2.90212 1e-20
4288.0 2.87838 1e-20
4290.0 2.92369 1e-20
4292.0 2.85515 1e-20
4294.0 2.71955 1e-20
4296.0 2.86191 1e-20
4298.0 2.9302 1e-20
4300.0 2.88944 1e-20
4302.0 2.84475 1e-20
4304.0 2.77092 1e-20
4306.0 2.70898 1e-20
4308.0 2.78837 1e-20
4310.0 2.66313 1e-20
4312.0 2.58858 1e-20
4314.0 2.69002 1e-20
4316.0 2.76444 1e-20
4318.0 2.7554 1e-20
4320.0 2.54401 1e-20
4322.0 2.41341 1e-20
4324.0 2.59557 1e-20
4326.0 2.59144 1e-20
4328.0 2.47521 1e-20
4330.0 2.57422 1e-20
4332.0 2.59474 1e-20
4334.0 2.53989 1e-20
4336.0 2.53839 1e-20
4338.0 2.61196 1e-20
4340.0 2.54819 1e-20
4342.0 2.60666 1e-20
4344.0 2.68652 1e-20
4346.0 2.47402 1e-20
4348.0 2.48898 1e-20
4350.0 2.44888 1e-20
4352.0 2.51825 1e-20
4354.0 2.46127 1e-20
4356.0 2.57341 1e-20
4358.0 2.78715 1e-20
4360.0 2.71351 1e-20
4362.0 2.72765 1e-20
4364.0 2.48726 1e-20
4366.0 2.4264 1e-20
4368.0 2.41912 1e-20
4370.0 2.63595 1e-20
4372.0 2.77172 1e-20
4374.0 2.74604 1e-20
4376.0 2.77437 1e-20
4378.0 2.88138 1e-20
4380.0 2.83189 1e-20
4382.0 2.71423 1e-20
4384.0 2.88978 1e-20
4386.0 2.97682 1e-20
4388.0 2.86026 1e-20
4390.0 2.82254 1e-20
4392.0 2.89302 1e-20
4394.0 2.87185 1e-20
4396.0 2.86155 1e-20
4398.0 2.92072 1e-20
4400.0 3.01105 1e-20
4402.0 3.08133 1e-20
4404.0 3.02096 1e-20
4406.0 3.02461 1e-20
4408.0 2.96033 1e-20
4410.0 2.98513 1e-20
4412.0 2.87496 1e-20
4414.0 2.84607 1e-20
4416.0 3.03337 1e-20
4418.0 3.15744 1e-20
4420.0 3.06552 1e-20
4422.0 3.10857 1e-20
4424.0 3.08337 1e-20
4426.0 3.10605 1e-20
4428.0 3.0347 1e-20
4430.0 3.06422 1e-20
4432.0 3.05313 1e-20
4434.0 2.98958 1e-20
4436.0 2.91268 1e-20
4438.0 2.79401 1e-20
4440.0 2.82332 1e-20
4442.0 2.89035 1e-20
4444.0 2.76754 1e-20
4446.0 2.74671 1e-20
4448.0 2.76261 1e-20
4450.0 2.6897 1e-20
4452.0 2.75271 1e-20
4454.0 2.64398 1e-20
4456.0 2.61984 1e-20
4458.0 2.57883 1e-20
4460.0 2.57959 1e-20
4462.0 2.6074 1e-20
4464.0 2.56867 1e-20
4466.0 2.5367 1e-20
4468.0 2.56622 1e-20
4470.0 2.63837 1e-20
4472.0 2.53526 1e-20
4474.0 2.48512 1e-20
4476.0 2.63552 1e-20
4478.0 2.53438 1e-20
4480.0 2.57233 1e-20
4482.0 2.54805 1e-20
4484.0 2.48821 1e-20
4486.0 2.55208 1e-20
4488.0 2.65998 1e-20
4490.0 2.72126 1e-20
4492.0 2.64866 1e-20
4494.0 2.71617 1e-20
4496.0 2.80709 1e-20
4498.0 2.75557 1e-20
4500.0 2.83784 1e-20
4502.0 2.84364 1e-20
4504.0 2.80415 1e-20
4506.0 2.96311 1e-20
4508.0 3.0407 1e-20
4510.0 3.01781 1e-20
4512.0 3.08756 1e-20
4514.0 3.13879 1e-20
4516.0 3.00159 1e-20
4518.0 3.03747 1e-20
4520.0 3.03696 1e-20
4522.0 3.02922 1e-20
4524.0 3.0663 1e-20
4526.0 3.2295 1e-20
4528.0 3.18357 1e-20
4530.0 2.97547 1e-20
4532.0 3.10768 1e-20
4534.0 3.21653 1e-20
4536.0 3.03619 1e-20
4538.0 3.25099 1e-20
4540.0 3.28078 1e-20
4542.0 3.30633 1e-20
4544.0 3.25323 1e-20
4546.0 3.21259 1e-20
4548.0 3.30837 1e-20
4550.0 3.34996 1e-20
4552.0 3.38113 1e-20
4554.0 3.32847 1e-20
4556.0 3.23349 1e-20
4558.0 3.24337 1e-20
4560.0 3.29438 1e-20
4562.0 3.18051 1e-20
4564.0 3.19364 1e-20
4566.0 3.25431 1e-20
4568.0 3.26837 1e-20
4570.0 3.32256 1e-20
4572.0 3.2039 1e-20
4574.0 3.23281 1e-20
4576.0 3.14584 1e-20
4578.0 3.08739 1e-20
4580.0 3.08722 1e-20
4582.0 3.05818 1e-20
4584.0 3.14325 1e-20
4586.0 3.10739 1e-20
4588.0 3.12004 1e-20
4590.0 3.20286 1e-20
4592.0 3.22649 1e-20
4594.0 3.15634 1e-20
4596.0 3.05617 1e-20
4598.0 3.09065 1e-20
4600.0 3.11958 1e-20
4602.0 3.05662 1e-20
4604.0 3.08074 1e-20
4606.0 3.10342 1e-20
4608.0 3.14538 1e-20
4610.0 3.22101 1e-20
4612.0 3.18426 1e-20
4614.0 3.13733 1e-20
4616.0 3.04855 1e-20
4618.0 3.22468 1e-20
4620.0 3.24675 1e-20
4622.0 3.195 1e-20
4624.0 3.16469 1e-20
4626.0 3.24811 1e-20
4628.0 3.02567 1e-20
4630.0 3.16629 1e-20
4632.0 3.2692 1e-20
4634.0 3.30766 1e-20
4636.0 3.31314 1e-20
4638.0 3.32283 1e-20
4640.0 3.43375 1e-20
4642.0 3.28672 1e-20
4644.0 3.14351 1e-20
4646.0 3.28546 1e-20
4648.0 3.15677 1e-20
4650.0 3.26129 1e-20
4652.0 3.3032 1e-20
4654.0 3.26101 1e-20
4656.0 3.22523 1e-20
4658.0 3.23377 1e-20
4660.0 3.28749 1e-20
4662.0 3.3433 1e-20
4664.0 3.3466 1e-20
4666.0 3.29921 1e-20
4668.0 3.14248 1e-20
4670.0 3.12742 1e-20
4672.0 3.10289 1e-20
4674.0 3.11449 1e-20
4676.0 3.14152 1e-20
4678.0 3.19141 1e-20
4680.0 3.04205 1e-20
4682.0 2.91695 1e-20
4684.0 2.85234 1e-20
4686.0 2.77292 1e-20
4688.0 2.87399 1e-20
4690.0 2.85209 1e-20
4692.0 2.77606 1e-20
4694.0 2.76396 1e-20
4696.0 2.83608 1e-20
4698.0 2.70208 1e-20
4700.0 2.63073 1e-20
4702.0 2.68178 1e-20
4704.0 2.72734 1e-20
4706.0 2.71711 1e-20
4708.0 2.66558 1e-20
4710.0 2.59907 1e-20
4712.0 2.64832 1e-20
4714.0 2.69511 1e-20
4716.0 2.65164 1e-20
4718.0 2.64855 1e-20
4720.0 2.59149 1e-20
4722.0 2.55682 1e-20
4724.0 2.47409 1e-20
4726.0 2.44965 1e-20
4728.0 2.59689 1e-20
4730.0 2.69718 1e-20
4732.0 2.68993 1e-20
4734.0 2.72079 1e-20
4736.0 2.60817 1e-20
4738.0 2.49507 1e-20
4740.0 2.61747 1e-20
4742.0 2.79459 1e-20
4744.0 2.8321 1e-20
4746.0 2.79716 1e-20
4748.0 2.67242 1e-20
4750.0 2.65071 1e-20
4752.0 2.68869 1e-20
4754.0 2.71347 1e-20
4756.0 2.69582 1e-20
4758.0 2.68772 1e-20
4760.0 2.66948 1e-20
4762.0 2.81115 1e-20
4764.0 2.85549 1e-20
4766.0 2.73763 1e-20
4768.0 2.68828 1e-20
4770.0 2.752 1e-20
4772.0 2.7923 1e-20
4774.0 2.6746 1e-20
4776.0 2.63872 1e-20
4778.0 2.55877 1e-20
4780.0 2.60383 1e-20
4782.0 2.56434 1e-20
4784.0 2.5488 1e-20
4786.0 2.58705 1e-20
4788.0 2.49631 1e-20
4790.0 2.42443 1e-20
4792.0 2.46945 1e-20
4794.0 2.52947 1e-20
4796.0 2.53633 1e-20
4798.0 2.53163 1e-20
4800.0 2.42675 1e-20
4802.0 2.34421 1e-20
4804.0 2.35017 1e-20
4806.0 2.36636 1e-20
4808.0 2.38429 1e-20
4810.0 2.46221 1e-20
4812.0 2.43652 1e-20
4814.0 2.34914 1e-20
4816.0 2.46477 1e-20
4818.0 2.51696 1e-20
4820.0 2.47726 1e-20
4822.0 2.55105 1e-20
4824.0 2.55622 1e-20
4826.0 2.58512 1e-20
4828.0 2.521 1e-20
4830.0 2.44958 1e-20
4832.0 2.46518 1e-20
4834.0 2.67908 1e-20
4836.0 2.64248 1e-20
4838.0 2.55791 1e-20
4840.0 2.58384 1e-20
4842.0 2.67615 1e-20
4844.0 2.62706 1e-20
4846.0 2.57275 1e-20
4848.0 2.59689 1e-20
4850.0 2.61754 1e-20
4852.0 2.65139 1e-20
4854.0 2.61573 1e-20
4856.0 2.49046 1e-20
4858.0 2.47994 1e-20
4860.0 2.61102 1e-20
4862.0 2.55121 1e-20
4864.0 2.4042 1e-20
4866.0 2.36575 1e-20
4868.0 2.40478 1e-20
4870.0 2.32415 1e-20
4872.0 2.39348 1e-20
4874.0 2.33933 1e-20
4876.0 2.22634 1e-20
4878.0 2.2157 1e-20
4880.0 2.26914 1e-20
4882.0 2.25485 1e-20
4884.0 2.22086 1e-20
4886.0 2.13217 1e-20
4888.0 2.06887 1e-20
4890.0 2.14317 1e-20
4892.0 1.97804 1e-20
4894.0 1.8741 1e-20
4896.0 1.95792 1e-20
4898.0 2.00157 1e-20
4900.0 1.90946 1e-20
4902.0 1.90411 1e-20
4904.0 1.85692 1e-20
4906.0 1.76177 1e-20
4908.0 1.81861 1e-20
4910.0 1.82824 1e-20
4912.0 1.84622 1e-20
4914.0 1.86961 1e-20
4916.0 1.74287 1e-20
4918.0 1.6852 1e-20
4920.0 1.82513 1e-20
4922.0 1.80674 1e-20
4924.0 1.79974 1e-20
4926.0 1.91584 1e-20
4928.0 1.95219 1e-20
4930.0 1.8085 1e-20
4932.0 1.84551 1e-20
4934.0 1.89525 1e-20
4936.0 1.88934 1e-20
4938.0 1.84257 1e-20
4940.0 1.8929 1e-20
4942.0 1.8562 1e-20
4944.0 1.82293 1e-20
4946.0 1.8142 1e-20
4948.0 1.82445 1e-20
4950.0 1.88432 1e-20
4952.0 1.88449 1e-20
4954.0 1.87976 1e-20
4956.0 1.84544 1e-20
4958.0 1.79631 1e-20
4960.0 1.83095 1e-20
4962.0 1.76229 1e-20
4964.0 1.8006 1e-20
4966.0 1.84073 1e-20
4968.0 1.85567 1e-20
4970.0 1.8314 1e-20
4972.0 1.89987 1e-20
4974.0 1.97575 1e-20
4976.0 2.01201 1e-20
4978.0 1.98185 1e-20
4980.0 1.95449 1e-20
4982.0 1.97441 1e-20
4984.0 2.03288 1e-20
4986.0 1.99716 1e-20
4988.0 2.0336 1e-20
4990.0 2.01298 1e-20
4992.0 1.95836 1e-20
4994.0 2.02941 1e-20
4996.0 1.98641 1e-20
4998.0 1.9508 1e-20
5000.0 1.95186 1e-20
5002.0 1.937 1e-20
5004.0 1.97582 1e-20
5006.0 1.86813 1e-20
5008.0 1.86785 1e-20
5010.0 1.92601 1e-20
5012.0 1.85279 1e-20
5014.0 1.83606 1e-20
5016.0 1.83218 1e-20
5018.0 1.83221 1e-20
5020.0 1.82883 1e-20
5022.0 1.88983 1e-20
5024.0 1.96742 1e-20
5026.0 1.91752 1e-20
5028.0 1.89196 1e-20
5030.0 1.84573 1e-20
5032.0 1.84068 1e-20
5034.0 1.92729 1e-20
5036.0 1.92999 1e-20
5038.0 1.91583 1e-20
5040.0 1.90917 1e-20
5042.0 1.90654 1e-20
5044.0 1.93983 1e-20
5046.0 1.89657 1e-20
5048.0 1.88954 1e-20
5050.0 1.94657 1e-20
5052.0 1.97978 1e-20
5054.0 1.89111 1e-20
5056.0 1.88225 1e-20
5058.0 1.97053 1e-20
5060.0 2.00026 1e-20
5062.0 1.95639 1e-20
5064.0 1.92787 1e-20
5066.0 1.86674 1e-20
5068.0 1.85643 1e-20
5070.0 2.04974 1e-20
5072.0 1.93511 1e-20
5074.0 1.86927 1e-20
5076.0 1.9215 1e-20
5078.0 1.98215 1e-20
5080.0 1.99209 1e-20
5082.0 2.07035 1e-20
5084.0 2.09935 1e-20
5086.0 2.05891 1e-20
5088.0 2.07247 1e-20
5090.0 2.12589 1e-20
5092.0 2.07516 1e-20
5094.0 1.96894 1e-20
5096.0 1.99561 1e-20
5098.0 2.05266 1e-20
5100.0 2.05113 1e-20
5102.0 2.00852 1e-20
5104.0 2.00135 1e-20
5106.0 2.02866 1e-20
5108.0 2.06546 1e-20
5110.0 2.11565 1e-20
5112.0 2.09764 1e-20
5114.0 2.09083 1e-20
5116.0 2.16174 1e-20
5118.0 2.1428 1e-20
5120.0 2.12319 1e-20
5122.0 2.09761 1e-20
5124.0 2.17897 1e-20
5126.0 2.27539 1e-20
5128.0 2.20851 1e-20
5130.0 2.21748 1e-20
5132.0 2.29877 1e-20
5134.0 2.25742 1e-20
5136.0 2.33896 1e-20
5138.0 2.4252 1e-20
5140.0 2.45566 1e-20
5142.0 2.30256 1e-20
5144.0 2.41241 1e-20
5146.0 2.30573 1e-20
5148.0 2.26634 1e-20
5150.0 2.41307 1e-20
5152.0 2.44745 1e-20
5154.0 2.36666 1e-20
5156.0 2.35611 1e-20
5158.0 2.32664 1e-20
5160.0 2.28639 1e-20
5162.0 2.28675 1e-20
5164.0 2.37889 1e-20
5166.0 2.38689 1e-20
5168.0 2.38488 1e-20
5170.0 2.4474 1e-20
5172.0 2.40859 1e-20
5174.0 2.27903 1e-20
5176.0 2.3114 1e-20
5178.0 2.34505 1e-20
5180.0 2.41011 1e-20
5182.0 2.38384 1e-20
5184.0 2.32127 1e-20
5186.0 2.3823 1e-20
5188.0 2.36682 1e-20
5190.0 2.29539 1e-20
5192.0 2.26027 1e-20
5194.0 2.14931 1e-20
5196.0 2.15544 1e-20
5198.0 2.17685 1e-20
5200.0 2.29845 1e-20
5202.0 2.25786 1e-20
5204.0 2.27517 1e-20
5206.0 2.28058 1e-20
5208.0 2.27503 1e-20
5210.0 2.29018 1e-20
5212.0 2.30806 1e-20
5214.0 2.32224 1e-20
5216.0 2.31633 1e-20
5218.0 2.32475 1e-20
5220.0 2.31923 1e-20
5222.0 2.35126 1e-20
5224.0 2.43663 1e-20
5226.0 2.43435 1e-20
5228.0 2.40507 1e-20
5230.0 2.40413 1e-20
5232.0 2.34741 1e-20
5234.0 2.26567 1e-20
5236.0 2.26644 1e-20
5238.0 2.26751 1e-20
5240.0 2.29999 1e-20
5242.0 2.34217 1e-20
5244.0 2.39219 1e-20
5246.0 2.48505 1e-20
5248.0 2.48974 1e-20
5250.0 2.47628 1e-20
5252.0 2.43503 1e-20
5254.0 2.35553 1e-20
5256.0 2.34228 1e-20
5258.0 2.37218 1e-20
5260.0 2.41735 1e-20
5262.0 2.39761 1e-20
5264.0 2.36132 1e-20
5266.0 2.33778 1e-20
5268.0 2.32732 1e-20
5270.0 2.35468 1e-20
5272.0 2.34109 1e-20
5274.0 2.26341 1e-20
5276.0 2.27027 1e-20
5278.0 2.2289 1e-20
5280.0 2.17574 1e-20
5282.0 2.11795 1e-20
5284.0 2.09573 1e-20
5286.0 2.12719 1e-20
5288.0 2.06252 1e-20
5290.0 2.03158 1e-20
5292.0 2.07255 1e-20
5294.0 1.99138 1e-20
5296.0 1.95213 1e-20
5298.0 1.90999 1e-20
5300.0 1.81985 1e-20
5302.0 1.77559 1e-20
5304.0 1.78261 1e-20
5306.0 1.78307 1e-20
5308.0 1.79484 1e-20
5310.0 1.82388 1e-20
5312.0 1.79655 1e-20
5314.0 1.76353 1e-20
5316.0 1.72573 1e-20
5318.0 1.64194 1e-20
5320.0 1.61024 1e-20
5322.0 1.59506 1e-20
5324.0 1.60702 1e-20
5326.0 1.60821 1e-20
5328.0 1.64065 1e-20
5330.0 1.65667 1e-20
5332.0 1.64003 1e-20
5334.0 1.66407 1e-20
5336.0 1.64263 1e-20
5338.0 1.6391 1e-20
5340.0 1.70698 1e-20
5342.0 1.66889 1e-20
5344.0 1.65578 1e-20
5346.0 1.61669 1e-20
5348.0 1.63104 1e-20
5350.0 1.67387 1e-20
5352.0 1.66682 1e-20
5354.0 1.65303 1e-20
5356.0 1.63887 1e-20
5358.0 1.62718 1e-20
5360.0 1.6038 1e-20
5362.0 1.59542 1e-20
5364.0 1.62381 1e-20
5366.0 1.65483 1e-20
5368.0 1.67121 1e-20
5370.0 1.64098 1e-20
5372.0 1.62131 1e-20
5374.0 1.63893 1e-20
5376.0 1.64178 1e-20
5378.0 1.74593 1e-20
5380.0 1.75916 1e-20
5382.0 1.67546 1e-20
5384.0 1.70575 1e-20
5386.0 1.78919 1e-20
5388.0 1.7907 1e-20
5390.0 1.78426 1e-20
5392.0 1.77227 1e-20
5394.0 1.79449 1e-20
5396.0 1.87326 1e-20
5398.0 1.85434 1e-20
5400.0 1.83217 1e-20
5402.0 1.94478 1e-20
5404.0 1.99869 1e-20
5406.0 1.8647 1e-20
5408.0 1.81849 1e-20
5410.0 1.80056 1e-20
5412.0 1.88904 1e-20
5414.0 1.95948 1e-20
5416.0 1.85033 1e-20
5418.0 1.8597 1e-20
5420.0 1.86185 1e-20
5422.0 1.87802 1e-20
5424.0 1.87264 1e-20
5426.0 1.88808 1e-20
5428.0 1.93183 1e-20
5430.0 1.96245 1e-20
5432.0 1.99564 1e-20
5434.0 2.01792 1e-20
5436.0 2.01878 1e-20
5438.0 2.01024 1e-20
5440.0 2.02298 1e-20
5442.0 2.05999 1e-20
5444.0 2.06369 1e-20
5446.0 2.0504 1e-20
5448.0 2.02331 1e-20
5450.0 1.95962 1e-20
5452.0 1.9034 1e-20
5454.0 1.93352 1e-20
5456.0 2.04566 1e-20
5458.0 2.06015 1e-20
5460.0 1.99158 1e-20
5462.0 1.97149 1e-20
5464.0 2.005 1e-20
5466.0 2.04255 1e-20
5468.0 2.05125 1e-20
5470.0 2.0467 1e-20
5472.0 2.03679 1e-20
5474.0 2.00968 1e-20
5476.0 1.99513 1e-20
5478.0 1.99181 1e-20
5480.0 1.98588 1e-20
5482.0 1.97724 1e-20
5484.0 1.9633 1e-20
5486.0 1.9158 1e-20
5488.0 1.80943 1e-20
5490.0 1.77024 1e-20
5492.0 1.77833 1e-20
5494.0 1.7845 1e-20
5496.0 1.78247 1e-20
5498.0 1.77887 1e-20
5500.0 1.76985 1e-20
5502.0 1.74979 1e-20
5504.0 1.75516 1e-20
5506.0 1.79699 1e-20
5508.0 1.80785 1e-20
5510.0 1.77811 1e-20
5512.0 1.74076 1e-20
5514.0 1.72152 1e-20
5516.0 1.70723 1e-20
5518.0 1.71424 1e-20
5520.0 1.75006 1e-20
5522.0 1.77346 1e-20
5524.0 1.794 1e-20
5526.0 1.80743 1e-20
5528.0 1.80501 1e-20
5530.0 1.79315 1e-20
5532.0 1.80786 1e-20
5534.0 1.85448 1e-20
5536.0 1.87221 1e-20
5538.0 1.86831 1e-20
5540.0 1.86904 1e-20
5542.0 1.87964 1e-20
5544.0 1.89614 1e-20
5546.0 1.92227 1e-20
5548.0 1.96866 1e-20
5550.0 1.98297 1e-20
5552.0 1.96702 1e-20
5554.0 1.96255 1e-20
5556.0 1.97026 1e-20
5558.0 1.9857 1e-20
5560.0 2.01387 1e-20
5562.0 2.06097 1e-20
5564.0 2.06343 1e-20
5566.0 2.01736 1e-20
5568.0 1.99917 1e-20
5570.0 2.00009 1e-20
5572.0 2.01318 1e-20
5574.0 2.04316 1e-20
5576.0 2.08807 1e-20
5578.0 2.09901 1e-20
5580.0 2.08083 1e-20
5582.0 2.07318 1e-20
5584.0 2.0604 1e-20
5586.0 2.05791 1e-20
5588.0 2.07851 1e-20
5590.0 2.10846 1e-20
5592.0 2.11018 1e-20
5594.0 2.08436 1e-20
5596.0 2.08189 1e-20
5598.0 2.10368 1e-20
5600.0 2.10336 1e-20
5602.0 2.06601 1e-20
5604.0 2.01848 1e-20
5606.0 1.99543 1e-20
5608.0 1.98527 1e-20
5610.0 1.97225 1e-20
5612.0 1.9524 1e-20
5614.0 1.95312 1e-20
5616.0 1.98319 1e-20
5618.0 2.01577 1e-20
5620.0 2.02807 1e-20
5622.0 2.0301 1e-20
5624.0 2.03614 1e-20
5626.0 2.04021 1e-20
5628.0 2.04608 1e-20
5630.0 2.05383 1e-20
5632.0 2.06118 1e-20
5634.0 2.06741 1e-20
5636.0 2.07287 1e-20
5638.0 2.07642 1e-20
5640.0 2.07112 1e-20
5642.0 2.08214 1e-20
5644.0 2.11513 1e-20
5646.0 2.13372 1e-20
5648.0 2.12399 1e-20
5650.0 2.10555 1e-20
5652.0 2.11032 1e-20
5654.0 2.14037 1e-20
5656.0 2.12462 1e-20
5658.0 2.05386 1e-20
5660.0 2.02155 1e-20
5662.0 2.03674 1e-20
5664.0 2.06644 1e-20
5666.0 2.08576 1e-20
5668.0 2.10708 1e-20
5670.0 2.11832 1e-20
5672.0 2.12237 1e-20
5674.0 2.12265 1e-20
5676.0 2.11616 1e-20
5678.0 2.10876 1e-20
5680.0 2.10495 1e-20
5682.0 2.1021 1e-20
5684.0 2.09281 1e-20
5686.0 2.06648 1e-20
5688.0 2.06719 1e-20
5690.0 2.09648 1e-20
5692.0 2.11814 1e-20
5694.0 2.1266 1e-20
5696.0 2.12372 1e-20
5698.0 2.09216 1e-20
5700.0 2.01462 1e-20
5702.0 1.99069 1e-20
5704.0 2.00856 1e-20
5706.0 2.01417 1e-20
5708.0 1.9995 1e-20
5710.0 1.98278 1e-20
5712.0 1.98141 1e-20
5714.0 1.99062 1e-20
5716.0 1.99218 1e-20
5718.0 1.9881 1e-20
5720.0 1.99035 1e-20
5722.0 2.00387 1e-20
5724.0 2.01313 1e-20
5726.0 2.00505 1e-20
5728.0 1.98568 1e-20
5730.0 1.9741 1e-20
5732.0 1.95634 1e-20
5734.0 1.9567 1e-20
5736.0 1.98185 1e-20
5738.0 1.99925 1e-20
5740.0 1.99503 1e-20
5742.0 1.97987 1e-20
5744.0 1.96685 1e-20
5746.0 1.94776 1e-20
5748.0 1.93507 1e-20
5750.0 1.91932 1e-20
5752.0 1.91681 1e-20
5754.0 1.93936 1e-20
5756.0 1.96619 1e-20
5758.0 1.96284 1e-20
5760.0 1.93782 1e-20
5762.0 1.92136 1e-20
5764.0 1.90606 1e-20
5766.0 1.88545 1e-20
5768.0 1.85408 1e-20
5770.0 1.82551 1e-20
5772.0 1.8143 1e-20
5774.0 1.81547 1e-20
5776.0 1.80381 1e-20
5778.0 1.7827 1e-20
5780.0 1.76838 1e-20
5782.0 1.75755 1e-20
5784.0 1.75016 1e-20
5786.0 1.7462 1e-20
5788.0 1.74579 1e-20
5790.0 1.75081 1e-20
5792.0 1.77607 1e-20
5794.0 1.7692 1e-20
5796.0 1.7314 1e-20
5798.0 1.70114 1e-20
5800.0 1.68808 1e-20
5802.0 1.6816 1e-20
5804.0 1.67316 1e-20
5806.0 1.66982 1e-20
5808.0 1.6545 1e-20
5810.0 1.62814 1e-20
5812.0 1.60364 1e-20
5814.0 1.5752 1e-20
5816.0 1.55352 1e-20
5818.0 1.55401 1e-20
5820.0 1.57158 1e-20
5822.0 1.5915 1e-20
5824.0 1.63073 1e-20
5826.0 1.65104 1e-20
5828.0 1.65404 1e-20
5830.0 1.65139 1e-20
5832.0 1.65023 1e-20
5834.0 1.6467 1e-20
5836.0 1.63141 1e-20
5838.0 1.58891 1e-20
5840.0 1.58134 1e-20
5842.0 1.60194 1e-20
5844.0 1.62562 1e-20
5846.0 1.65083 1e-20
5848.0 1.67503 1e-20
5850.0 1.67312 1e-20
5852.0 1.64171 1e-20
5854.0 1.63232 1e-20
5856.0 1.62634 1e-20
5858.0 1.6324 1e-20
5860.0 1.65909 1e-20
5862.0 1.68961 1e-20
5864.0 1.70005 1e-20
5866.0 1.69944 1e-20
5868.0 1.69424 1e-20
5870.0 1.6728 1e-20
5872.0 1.66461 1e-20
5874.0 1.67004 1e-20
5876.0 1.67946 1e-20
5878.0 1.68856 1e-20
5880.0 1.69998 1e-20
5882.0 1.69984 1e-20
5884.0 1.69441 1e-20
5886.0 1.67862 1e-20
5888.0 1.63295 1e-20
5890.0 1.61087 1e-20
5892.0 1.64956 1e-20
5894.0 1.71656 1e-20
5896.0 1.72239 1e-20
5898.0 1.67347 1e-20
5900.0 1.66376 1e-20
5902.0 1.67237 1e-20
5904.0 1.67944 1e-20
5906.0 1.68217 1e-20
5908.0 1.68393 1e-20
5910.0 1.68446 1e-20
5912.0 1.68048 1e-20
5914.0 1.68959 1e-20
5916.0 1.71592 1e-20
5918.0 1.73038 1e-20
5920.0 1.73078 1e-20
5922.0 1.72736 1e-20
5924.0 1.72679 1e-20
5926.0 1.72523 1e-20
5928.0 1.73205 1e-20
5930.0 1.75772 1e-20
5932.0 1.75889 1e-20
5934.0 1.72584 1e-20
5936.0 1.70367 1e-20
5938.0 1.7203 1e-20
5940.0 1.7583 1e-20
5942.0 1.78095 1e-20
5944.0 1.81146 1e-20
5946.0 1.81567 1e-20
5948.0 1.78984 1e-20
5950.0 1.77042 1e-20
5952.0 1.76831 1e-20
5954.0 1.77197 1e-20
5956.0 1.76853 1e-20
5958.0 1.75933 1e-20
5960.0 1.76039 1e-20
5962.0 1.77231 1e-20
5964.0 1.77881 1e-20
5966.0 1.78325 1e-20
5968.0 1.78005 1e-20
5970.0 1.75669 1e-20
5972.0 1.71312 1e-20
5974.0 1.69203 1e-20
5976.0 1.67642 1e-20
5978.0 1.67613 1e-20
5980.0 1.69136 1e-20
5982.0 1.71796 1e-20
5984.0 1.75748 1e-20
5986.0 1.80927 1e-20
5988.0 1.84325 1e-20
5990.0 1.871 1e-20
5992.0 1.8887 1e-20
5994.0 1.89219 1e-20
5996.0 1.89503 1e-20
5998.0 1.90287 1e-20
6000.0 1.91082 1e-20
6002.0 1.91177 1e-20
6004.0 1.90564 1e-20
6006.0 1.90298 1e-20
6008.0 1.89822 1e-20
6010.0 1.89823 1e-20
6012.0 1.90824 1e-20
6014.0 1.91845 1e-20
6016.0 1.91403 1e-20
6018.0 1.89969 1e-20
6020.0 1.88397 1e-20
6022.0 1.85202 1e-20
6024.0 1.84095 1e-20
6026.0 1.85946 1e-20
6028.0 1.87794 1e-20
6030.0 1.86928 1e-20
6032.0 1.84417 1e-20
6034.0 1.84486 1e-20
6036.0 1.86195 1e-20
6038.0 1.8797 1e-20
6040.0 1.91315 1e-20
6042.0 1.9326 1e-20
6044.0 1.91977 1e-20
6046.0 1.8884 1e-20
6048.0 1.8693 1e-20
6050.0 1.84105 1e-20
6052.0 1.83916 1e-20
6054.0 1.87021 1e-20
6056.0 1.88651 1e-20
6058.0 1.87323 1e-20
6060.0 1.85079 1e-20
6062.0 1.84749 1e-20
6064.0 1.86106 1e-20
6066.0 1.84749 1e-20
6068.0 1.8041 1e-20
6070.0 1.77992 1e-20
6072.0 1.77771 1e-20
6074.0 1.78394 1e-20
6076.0 1.79132 1e-20
6078.0 1.80552 1e-20
6080.0 1.80233 1e-20
6082.0 1.77997 1e-20
6084.0 1.76943 1e-20
6086.0 1.77023 1e-20
6088.0 1.76964 1e-20
6090.0 1.75671 1e-20
6092.0 1.73841 1e-20
6094.0 1.74684 1e-20
6096.0 1.79854 1e-20
6098.0 1.80036 1e-20
6100.0 1.75795 1e-20
6102.0 1.72454 1e-20
6104.0 1.71639 1e-20
6106.0 1.71805 1e-20
6108.0 1.7153 1e-20
6110.0 1.71997 1e-20
6112.0 1.70518 1e-20
6114.0 1.67312 1e-20
6116.0 1.64134 1e-20
6118.0 1.60272 1e-20
6120.0 1.57067 1e-20
6122.0 1.56921 1e-20
6124.0 1.59412 1e-20
6126.0 1.60237 1e-20
6128.0 1.61377 1e-20
6130.0 1.60992 1e-20
6132.0 1.59071 1e-20
6134.0 1.56267 1e-20
6136.0 1.5259 1e-20
6138.0 1.47976 1e-20
6140.0 1.4546 1e-20
6142.0 1.45031 1e-20
6144.0 1.433 1e-20
6146.0 1.41082 1e-20
6148.0 1.38382 1e-20
6150.0 1.34969 1e-20
6152.0 1.31125 1e-20
6154.0 1.27845 1e-20
6156.0 1.23582 1e-20
6158.0 1.22724 1e-20
6160.0 1.27582 1e-20
6162.0 1.27844 1e-20
6164.0 1.20031 1e-20
6166.0 1.10084 1e-20
6168.0 1.06024 1e-20
6170.0 1.05415 1e-20
6172.0 1.03561 1e-20
6174.0 1.02406 1e-20
6176.0 1.00547 1e-20
6178.0 0.976012 1e-20
6180.0 0.947459 1e-20
6182.0 0.930983 1e-20
6184.0 0.922398 1e-20
6186.0 0.906145 1e-20
6188.0 0.883471 1e-20
6190.0 0.867148 1e-20
6192.0 0.853235 1e-20
6194.0 0.844999 1e-20
6196.0 0.847375 1e-20
6198.0 0.856156 1e-20
6200.0 0.852159 1e-20
6202.0 0.832478 1e-20
6204.0 0.830314 1e-20
6206.0 0.845831 1e-20
6208.0 0.851768 1e-20
6210.0 0.83881 1e-20
6212.0 0.818895 1e-20
6214.0 0.80829 1e-20
6216.0 0.798793 1e-20
6218.0 0.798895 1e-20
6220.0 0.811612 1e-20
6222.0 0.820183 1e-20
6224.0 0.823381 1e-20
6226.0 0.825854 1e-20
6228.0 0.830023 1e-20
6230.0 0.833538 1e-20
6232.0 0.847852 1e-20
6234.0 0.874156 1e-20
6236.0 0.896864 1e-20
6238.0 0.920748 1e-20
6240.0 0.940703 1e-20
6242.0 0.950549 1e-20
6244.0 0.953856 1e-20
6246.0 0.969336 1e-20
6248.0 0.994238 1e-20
6250.0 1.01595 1e-20
6252.0 1.03781 1e-20
6254.0 1.05974 1e-20
6256.0 1.08154 1e-20
6258.0 1.10345 1e-20
6260.0 1.12682 1e-20
6262.0 1.15958 1e-20
6264.0 1.16754 1e-20
6266.0 1.14852 1e-20
6268.0 1.13888 1e-20
6270.0 1.13979 1e-20
6272.0 1.14823 1e-20
6274.0 1.1689 1e-20
6276.0 1.20569 1e-20
6278.0 1.22013 1e-20
6280.0 1.21052 1e-20
6282.0 1.22013 1e-20
6284.0 1.25441 1e-20
6286.0 1.28743 1e-20
6288.0 1.29871 1e-20
6290.0 1.29743 1e-20
6292.0 1.30886 1e-20
6294.0 1.32368 1e-20
6296.0 1.34416 1e-20
6298.0 1.37455 1e-20
6300.0 1.40246 1e-20
6302.0 1.42238 1e-20
6304.0 1.43831 1e-20
6306.0 1.45495 1e-20
6308.0 1.47962 1e-20
6310.0 1.47969 1e-20
6312.0 1.44761 1e-20
6314.0 1.43207 1e-20
6316.0 1.44216 1e-20
6318.0 1.46518 1e-20
6320.0 1.49305 1e-20
6322.0 1.53669 1e-20
6324.0 1.55573 1e-20
6326.0 1.55756 1e-20
6328.0 1.55813 1e-20
6330.0 1.5518 1e-20
6332.0 1.54781 1e-20
6334.0 1.55814 1e-20
6336.0 1.57866 1e-20
6338.0 1.59249 1e-20
6340.0 1.60799 1e-20
6342.0 1.61638 1e-20
6344.0 1.61382 1e-20
6346.0 1.61424 1e-20
6348.0 1.62608 1e-20
6350.0 1.644 1e-20
6352.0 1.65762 1e-20
6354.0 1.67331 1e-20
6356.0 1.68208 1e-20
6358.0 1.68578 1e-20
6360.0 1.68631 1e-20
6362.0 1.68446 1e-20
6364.0 1.67926 1e-20
6366.0 1.66838 1e-20
6368.0 1.64699 1e-20
6370.0 1.64067 1e-20
6372.0 1.64487 1e-20
6374.0 1.6498 1e-20
6376.0 1.655 1e-20
6378.0 1.66229 1e-20
6380.0 1.67288 1e-20
6382.0 1.68677 1e-20
6384.0 1.69984 1e-20
6386.0 1.71855 1e-20
6388.0 1.72688 1e-20
6390.0 1.72419 1e-20
6392.0 1.71817 1e-20
6394.0 1.71401 1e-20
6396.0 1.70904 1e-20
6398.0 1.69726 1e-20
6400.0 1.67141 1e-20
6402.0 1.66233 1e-20
6404.0 1.67092 1e-20
6406.0 1.67406 1e-20
6408.0 1.66204 1e-20
6410.0 1.64369 1e-20
6412.0 1.63249 1e-20
6414.0 1.62135 1e-20
6416.0 1.61823 1e-20
6418.0 1.61846 1e-20
6420.0 1.6286 1e-20
6422.0 1.65374 1e-20
6424.0 1.6842 1e-20
6426.0 1.70825 1e-20
6428.0 1.73721 1e-20
6430.0 1.73181 1e-20
6432.0 1.68461 1e-20
6434.0 1.65677 1e-20
6436.0 1.64432 1e-20
6438.0 1.63958 1e-20
6440.0 1.64238 1e-20
6442.0 1.65384 1e-20
6444.0 1.65285 1e-20
6446.0 1.64182 1e-20
6448.0 1.63609 1e-20
6450.0 1.63028 1e-20
6452.0 1.62953 1e-20
6454.0 1.64033 1e-20
6456.0 1.65659 1e-20
6458.0 1.65483 1e-20
6460.0 1.63775 1e-20
6462.0 1.62575 1e-20
6464.0 1.61114 1e-20
6466.0 1.59849 1e-20
6468.0 1.58712 1e-20
6470.0 1.57866 1e-20
6472.0 1.57819 1e-20
6474.0 1.58482 1e-20
6476.0 1.5929 1e-20
6478.0 1.61006 1e-20
6480.0 1.61874 1e-20
6482.0 1.61585 1e-20
6484.0 1.61096 1e-20
6486.0 1.61293 1e-20
6488.0 1.61836 1e-20
6490.0 1.62065 1e-20
6492.0 1.62627 1e-20
6494.0 1.6216 1e-20
6496.0 1.60455 1e-20
6498.0 1.58651 1e-20
6500.0 1.57195 1e-20
6502.0 1.55873 1e-20
6504.0 1.55586 1e-20
6506.0 1.56447 1e-20
6508.0 1.57009 1e-20
6510.0 1.58034 1e-20
6512.0 1.58527 1e-20
6514.0 1.58007 1e-20
6516.0 1.5704 1e-20
6518.0 1.56639 1e-20
6520.0 1.56309 1e-20
6522.0 1.56501 1e-20
6524.0 1.58059 1e-20
6526.0 1.58108 1e-20
6528.0 1.55513 1e-20
6530.0 1.52735 1e-20
6532.0 1.52852 1e-20
6534.0 1.55037 1e-20
6536.0 1.55682 1e-20
6538.0 1.56195 1e-20
6540.0 1.55828 1e-20
6542.0 1.53974 1e-20
6544.0 1.52332 1e-20
6546.0 1.52265 1e-20
6548.0 1.53111 1e-20
6550.0 1.53212 1e-20
6552.0 1.53389 1e-20
6554.0 1.52818 1e-20
6556.0 1.51384 1e-20
6558.0 1.49916 1e-20
6560.0 1.4859 1e-20
6562.0 1.47348 1e-20
6564.0 1.46661 1e-20
6566.0 1.46522 1e-20
6568.0 1.46303 1e-20
6570.0 1.46145 1e-20
6572.0 1.46183 1e-20
6574.0 1.46654 1e-20
6576.0 1.47119 1e-20
6578.0 1.46809 1e-20
6580.0 1.45861 1e-20
6582.0 1.45289 1e-20
6584.0 1.44351 1e-20
6586.0 1.44329 1e-20
6588.0 1.45441 1e-20
6590.0 1.4689 1e-20
6592.0 1.484 1e-20
6594.0 1.50315 1e-20
6596.0 1.49278 1e-20
6598.0 1.4487 1e-20
6600.0 1.42077 1e-20
6602.0 1.39765 1e-20
6604.0 1.38148 1e-20
6606.0 1.37418 1e-20
6608.0 1.37453 1e-20
6610.0 1.38167 1e-20
6612.0 1.40374 1e-20
6614.0 1.41419 1e-20
6616.0 1.42245 1e-20
6618.0 1.42406 1e-20
6620.0 1.41536 1e-20
6622.0 1.40198 1e-20
6624.0 1.3946 1e-20
6626.0 1.38828 1e-20
6628.0 1.38655 1e-20
6630.0 1.39534 1e-20
6632.0 1.39377 1e-20
6634.0 1.37476 1e-20
6636.0 1.35607 1e-20
6638.0 1.3576 1e-20
6640.0 1.3735 1e-20
6642.0 1.37607 1e-20
6644.0 1.36877 1e-20
6646.0 1.3694 1e-20
6648.0 1.37589 1e-20
6650.0 1.38572 1e-20
6652.0 1.40188 1e-20
6654.0 1.42223 1e-20
6656.0 1.41943 1e-20
6658.0 1.39174 1e-20
6660.0 1.37687 1e-20
6662.0 1.36552 1e-20
6664.0 1.3558 1e-20
6666.0 1.3461 1e-20
6668.0 1.33853 1e-20
6670.0 1.33894 1e-20
6672.0 1.34885 1e-20
6674.0 1.3529 1e-20
6676.0 1.35905 1e-20
6678.0 1.35773 1e-20
6680.0 1.34393 1e-20
6682.0 1.3278 1e-20
6684.0 1.32258 1e-20
6686.0 1.32347 1e-20
6688.0 1.32509 1e-20
6690.0 1.33674 1e-20
6692.0 1.33501 1e-20
6694.0 1.31677 1e-20
6696.0 1.29671 1e-20
6698.0 1.28242 1e-20
6700.0 1.26957 1e-20
6702.0 1.27732 1e-20
6704.0 1.31749 1e-20
6706.0 1.33003 1e-20
6708.0 1.32158 1e-20
6710.0 1.31142 1e-20
6712.0 1.30724 1e-20
6714.0 1.30338 1e-20
6716.0 1.29346 1e-20
6718.0 1.27272 1e-20
6720.0 1.26705 1e-20
6722.0 1.27383 1e-20
6724.0 1.27863 1e-20
6726.0 1.27858 1e-20
6728.0 1.27793 1e-20
6730.0 1.28087 1e-20
6732.0 1.28711 1e-20
6734.0 1.2891 1e-20
6736.0 1.29366 1e-20
6738.0 1.28736 1e-20
6740.0 1.26002 1e-20
6742.0 1.23696 1e-20
6744.0 1.24582 1e-20
6746.0 1.27751 1e-20
6748.0 1.28436 1e-20
6750.0 1.28307 1e-20
6752.0 1.27107 1e-20
6754.0 1.24835 1e-20
6756.0 1.21621 1e-20
6758.0 1.16871 1e-20
6760.0 1.11156 1e-20
6762.0 1.08532 1e-20
6764.0 1.06968 1e-20
6766.0 1.08426 1e-20
6768.0 1.14201 1e-20
6770.0 1.19193 1e-20
6772.0 1.22729 1e-20
6774.0 1.25152 1e-20
6776.0 1.24968 1e-20
6778.0 1.21937 1e-20
6780.0 1.19768 1e-20
6782.0 1.15901 1e-20
6784.0 1.14519 1e-20
6786.0 1.16711 1e-20
6788.0 1.19796 1e-20
6790.0 1.21095 1e-20
6792.0 1.21804 1e-20
6794.0 1.21709 1e-20
6796.0 1.19675 1e-20
6798.0 1.19482 1e-20
6800.0 1.21853 1e-20
6802.0 1.23561 1e-20
6804.0 1.2217 1e-20
6806.0 1.18966 1e-20
6808.0 1.1789 1e-20
6810.0 1.17768 1e-20
6812.0 1.17944 1e-20
6814.0 1.18726 1e-20
6816.0 1.19741 1e-20
6818.0 1.21284 1e-20
6820.0 1.22863 1e-20
6822.0 1.22513 1e-20
6824.0 1.20085 1e-20
6826.0 1.19077 1e-20
6828.0 1.1875 1e-20
6830.0 1.18185 1e-20
6832.0 1.1719 1e-20
6834.0 1.16136 1e-20
6836.0 1.15379 1e-20
6838.0 1.14682 1e-20
6840.0 1.14594 1e-20
6842.0 1.15414 1e-20
6844.0 1.15686 1e-20
6846.0 1.15284 1e-20
6848.0 1.14913 1e-20
6850.0 1.15166 1e-20
6852.0 1.15801 1e-20
6854.0 1.15833 1e-20
6856.0 1.1499 1e-20
6858.0 1.15241 1e-20
6860.0 1.17297 1e-20
6862.0 1.18195 1e-20
6864.0 1.16077 1e-20
6866.0 1.12455 1e-20
6868.0 1.11133 1e-20
6870.0 1.11238 1e-20
6872.0 1.10959 1e-20
6874.0 1.10795 1e-20
6876.0 1.10853 1e-20
6878.0 1.11475 1e-20
6880.0 1.1207 1e-20
6882.0 1.11387 1e-20
6884.0 1.09431 1e-20
6886.0 1.087 1e-20
6888.0 1.08834 1e-20
6890.0 1.08567 1e-20
6892.0 1.07497 1e-20
6894.0 1.0672 1e-20
6896.0 1.07488 1e-20
6898.0 1.09483 1e-20
6900.0 1.09948 1e-20
6902.0 1.09166 1e-20
6904.0 1.09142 1e-20
6906.0 1.1019 1e-20
6908.0 1.10592 1e-20
6910.0 1.08881 1e-20
6912.0 1.06033 1e-20
6914.0 1.05991 1e-20
6916.0 1.09075 1e-20
6918.0 1.09524 1e-20
6920.0 1.07815 1e-20
6922.0 1.06993 1e-20
6924.0 1.08297 1e-20
6926.0 1.10294 1e-20
6928.0 1.10653 1e-20
6930.0 1.10079 1e-20
6932.0 1.09405 1e-20
6934.0 1.07763 1e-20
6936.0 1.06948 1e-20
6938.0 1.07389 1e-20
6940.0 1.08087 1e-20
6942.0 1.07974 1e-20
6944.0 1.07446 1e-20
6946.0 1.06982 1e-20
6948.0 1.06399 1e-20
6950.0 1.05784 1e-20
6952.0 1.04875 1e-20
6954.0 1.04263 1e-20
6956.0 1.04413 1e-20
6958.0 1.05092 1e-20
6960.0 1.05833 1e-20
6962.0 1.07347 1e-20
6964.0 1.07826 1e-20
6966.0 1.07591 1e-20
6968.0 1.06967 1e-20
6970.0 1.05807 1e-20
6972.0 1.04366 1e-20
6974.0 1.03833 1e-20
6976.0 1.03896 1e-20
6978.0 1.0406 1e-20
6980.0 1.04685 1e-20
6982.0 1.0517 1e-20
6984.0 1.05321 1e-20
6986.0 1.05484 1e-20
6988.0 1.06195 1e-20
6990.0 1.07545 1e-20
6992.0 1.0773 1e-20
6994.0 1.06901 1e-20
6996.0 1.06345 1e-20
6998.0 1.05885 1e-20
7000.0 1.05597 1e-20
7002.0 1.05767 1e-20
7004.0 1.06336 1e-20
7006.0 1.06008 1e-20
7008.0 1.04817 1e-20
7010.0 1.04064 1e-20
7012.0 1.03194 1e-20
7014.0 1.02913 1e-20
7016.0 1.03754 1e-20
7018.0 1.05306 1e-20
7020.0 1.06378 1e-20
7022.0 1.08014 1e-20
7024.0 1.08116 1e-20
7026.0 1.06555 1e-20
7028.0 1.05411 1e-20
7030.0 1.05309 1e-20
7032.0 1.0543 1e-20
7034.0 1.04656 1e-20
7036.0 1.02886 1e-20
7038.0 1.02724 1e-20
7040.0 1.04278 1e-20
7042.0 1.04813 1e-20
7044.0 1.04001 1e-20
7046.0 1.0293 1e-20
7048.0 1.02526 1e-20
7050.0 1.02411 1e-20
7052.0 1.02248 1e-20
7054.0 1.02765 1e-20
7056.0 1.02012 1e-20
7058.0 0.995068 1e-20
7060.0 0.97282 1e-20
7062.0 0.965164 1e-20
7064.0 0.96562 1e-20
7066.0 0.969469 1e-20
7068.0 0.978545 1e-20
7070.0 0.992258 1e-20
7072.0 1.01761 1e-20
7074.0 1.03613 1e-20
7076.0 1.04046 1e-20
7078.0 1.03821 1e-20
7080.0 1.04095 1e-20
7082.0 1.04393 1e-20
7084.0 1.04858 1e-20
7086.0 1.06174 1e-20
7088.0 1.06225 1e-20
7090.0 1.04216 1e-20
7092.0 1.01808 1e-20
7094.0 1.01032 1e-20
7096.0 1.01162 1e-20
7098.0 1.01258 1e-20
7100.0 1.02053 1e-20
7102.0 1.02212 1e-20
7104.0 1.01652 1e-20
7106.0 1.01006 1e-20
7108.0 1.00678 1e-20
7110.0 1.00468 1e-20
7112.0 1.00361 1e-20
7114.0 1.00451 1e-20
7116.0 1.00442 1e-20
7118.0 1.00378 1e-20
7120.0 1.00328 1e-20
7122.0 1.00284 1e-20
7124.0 1.0027 1e-20
7126.0 1.00457 1e-20
7128.0 1.01123 1e-20
7130.0 1.01011 1e-20
7132.0 0.999694 1e-20
7134.0 0.994937 1e-20
7136.0 1.00075 1e-20
7138.0 1.00905 1e-20
7140.0 1.00916 1e-20
7142.0 1.00532 1e-20
7144.0 0.998106 1e-20
7146.0 0.982074 1e-20
7148.0 0.973162 1e-20
7150.0 0.969461 1e-20
7152.0 0.971748 1e-20
7154.0 0.98477 1e-20
7156.0 1.00837 1e-20
7158.0 1.01457 1e-20
7160.0 1.00261 1e-20
7162.0 1.00495 1e-20
7164.0 1.02244 1e-20
7166.0 1.03637 1e-20
7168.0 1.03694 1e-20
7170.0 1.03039 1e-20
7172.0 1.02584 1e-20
7174.0 1.01682 1e-20
7176.0 1.01417 1e-20
7178.0 1.01762 1e-20
7180.0 1.01928 1e-20
7182.0 1.01471 1e-20
7184.0 1.01007 1e-20
7186.0 1.01752 1e-20
7188.0 1.03821 1e-20
7190.0 1.04513 1e-20
7192.0 1.04846 1e-20
7194.0 1.04275 1e-20
7196.0 1.02335 1e-20
7198.0 1.0006 1e-20
7200.0 0.984409 1e-20
7202.0 0.967791 1e-20
7204.0 0.973228 1e-20
7206.0 1.00649 1e-20
7208.0 1.02635 1e-20
7210.0 1.03995 1e-20
7212.0 1.04665 1e-20
7214.0 1.043 1e-20
7216.0 1.03094 1e-20
7218.0 1.0225 1e-20
7220.0 1.01025 1e-20
7222.0 1.00495 1e-20
7224.0 1.00687 1e-20
7226.0 1.00785 1e-20
7228.0 1.0043 1e-20
7230.0 0.999746 1e-20
7232.0 1.0006 1e-20
7234.0 1.00941 1e-20
7236.0 1.00637 1e-20
7238.0 0.984895 1e-20
7240.0 0.981315 1e-20
7242.0 1.00968 1e-20
7244.0 1.04243 1e-20
7246.0 1.04352 1e-20
7248.0 1.02419 1e-20
7250.0 1.00883 1e-20
7252.0 0.979566 1e-20
7254.0 0.967388 1e-20
7256.0 0.97819 1e-20
7258.0 0.989287 1e-20
7260.0 0.982445 1e-20
7262.0 0.965795 1e-20
7264.0 0.957519 1e-20
7266.0 0.946824 1e-20
7268.0 0.948718 1e-20
7270.0 0.968847 1e-20
7272.0 0.983834 1e-20
7274.0 0.981566 1e-20
7276.0 0.971333 1e-20
7278.0 0.970072 1e-20
7280.0 0.973326 1e-20
7282.0 0.974923 1e-20
7284.0 0.975763 1e-20
7286.0 0.978472 1e-20
7288.0 0.986792 1e-20
7290.0 0.994307 1e-20
7292.0 0.989223 1e-20
7294.0 0.976095 1e-20
7296.0 0.955831 1e-20
7298.0 0.91351 1e-20
7300.0 0.893178 1e-20
7302.0 0.899695 1e-20
7304.0 0.914325 1e-20
7306.0 0.923382 1e-20
7308.0 0.934136 1e-20
7310.0 0.934828 1e-20
7312.0 0.923445 1e-20
7314.0 0.918852 1e-20
7316.0 0.921419 1e-20
7318.0 0.921199 1e-20
7320.0 0.910552 1e-20
7322.0 0.894618 1e-20
7324.0 0.892258 1e-20
7326.0 0.903367 1e-20
7328.0 0.905786 1e-20
7330.0 0.909256 1e-20
7332.0 0.904094 1e-20
7334.0 0.881001 1e-20
7336.0 0.853084 1e-20
7338.0 0.850332 1e-20
7340.0 0.86733 1e-20
7342.0 0.877082 1e-20
7344.0 0.893351 1e-20
7346.0 0.900054 1e-20
7348.0 0.891926 1e-20
7350.0 0.881005 1e-20
7352.0 0.881215 1e-20
7354.0 0.888113 1e-20
7356.0 0.889495 1e-20
7358.0 0.888459 1e-20
7360.0 0.887701 1e-20
7362.0 0.885882 1e-20
7364.0 0.885199 1e-20
7366.0 0.888736 1e-20
7368.0 0.894989 1e-20
7370.0 0.892292 1e-20
7372.0 0.876095 1e-20
7374.0 0.874708 1e-20
7376.0 0.888883 1e-20
7378.0 0.897959 1e-20
7380.0 0.894003 1e-20
7382.0 0.883569 1e-20
7384.0 0.873848 1e-20
7386.0 0.854316 1e-20
7388.0 0.85508 1e-20
7390.0 0.87858 1e-20
7392.0 0.891853 1e-20
7394.0 0.890101 1e-20
7396.0 0.881678 1e-20
7398.0 0.871545 1e-20
7400.0 0.853756 1e-20
7402.0 0.851406 1e-20
7404.0 0.86212 1e-20
7406.0 0.870727 1e-20
7408.0 0.882256 1e-20
7410.0 0.889239 1e-20
7412.0 0.881353 1e-20
7414.0 0.861994 1e-20
7416.0 0.85883 1e-20
7418.0 0.87197 1e-20
7420.0 0.87087 1e-20
7422.0 0.855726 1e-20
7424.0 0.842946 1e-20
7426.0 0.840663 1e-20
7428.0 0.843224 1e-20
7430.0 0.841812 1e-20
7432.0 0.842265 1e-20
7434.0 0.835462 1e-20
7436.0 0.818585 1e-20
7438.0 0.807004 1e-20
7440.0 0.80327 1e-20
7442.0 0.804706 1e-20
7444.0 0.811742 1e-20
7446.0 0.828082 1e-20
7448.0 0.834821 1e-20
7450.0 0.836686 1e-20
7452.0 0.837134 1e-20
7454.0 0.835855 1e-20
7456.0 0.83299 1e-20
7458.0 0.828076 1e-20
7460.0 0.820167 1e-20
7462.0 0.820794 1e-20
7464.0 0.829494 1e-20
7466.0 0.83569 1e-20
7468.0 0.843516 1e-20
7470.0 0.847527 1e-20
7472.0 0.842539 1e-20
7474.0 0.831742 1e-20
7476.0 0.82767 1e-20
7478.0 0.822941 1e-20
7480.0 0.827467 1e-20
7482.0 0.845337 1e-20
7484.0 0.85823 1e-20
7486.0 0.861078 1e-20
7488.0 0.858292 1e-20
7490.0 0.851716 1e-20
7492.0 0.835131 1e-20
7494.0 0.831657 1e-20
7496.0 0.840459 1e-20
7498.0 0.843391 1e-20
7500.0 0.835301 1e-20
7502.0 0.827359 1e-20
7504.0 0.834617 1e-20
7506.0 0.856405 1e-20
7508.0 0.852194 1e-20
7510.0 0.823735 1e-20
7512.0 0.806153 1e-20
7514.0 0.793998 1e-20
7516.0 0.788262 1e-20
7518.0 0.792622 1e-20
7520.0 0.805465 1e-20
7522.0 0.816221 1e-20
7524.0 0.834874 1e-20
7526.0 0.840588 1e-20
7528.0 0.835056 1e-20
7530.0 0.826921 1e-20
7532.0 0.818714 1e-20
7534.0 0.808944 1e-20
7536.0 0.799225 1e-20
7538.0 0.790533 1e-20
7540.0 0.777033 1e-20
7542.0 0.756947 1e-20
7544.0 0.740293 1e-20
7546.0 0.726643 1e-20
7548.0 0.717291 1e-20
7550.0 0.718169 1e-20
7552.0 0.730732 1e-20
7554.0 0.733468 1e-20
7556.0 0.73102 1e-20
7558.0 0.729912 1e-20
7560.0 0.732151 1e-20
7562.0 0.731774 1e-20
7564.0 0.722767 1e-20
7566.0 0.707205 1e-20
7568.0 0.695726 1e-20
7570.0 0.686248 1e-20
7572.0 0.674012 1e-20
7574.0 0.655374 1e-20
7576.0 0.642017 1e-20
7578.0 0.641145 1e-20
7580.0 0.647811 1e-20
7582.0 0.650887 1e-20
7584.0 0.652869 1e-20
7586.0 0.658837 1e-20
7588.0 0.672869 1e-20
7590.0 0.679616 1e-20
7592.0 0.673793 1e-20
7594.0 0.662112 1e-20
7596.0 0.651438 1e-20
7598.0 0.623474 1e-20
7600.0 0.650669 1e-20
7602.0 0.759124 1e-20
7604.0 0.804915 1e-20
7606.0 0.767295 1e-20
7608.0 0.707077 1e-20
7610.0 0.675863 1e-20
7612.0 0.648721 1e-20
7614.0 0.644703 1e-20
7616.0 0.675997 1e-20
7618.0 0.684566 1e-20
7620.0 0.672417 1e-20
7622.0 0.658623 1e-20
7624.0 0.650234 1e-20
7626.0 0.643771 1e-20
7628.0 0.658037 1e-20
7630.0 0.707502 1e-20
7632.0 0.722266 1e-20
7634.0 0.714618 1e-20
7636.0 0.700601 1e-20
7638.0 0.679136 1e-20
7640.0 0.654705 1e-20
7642.0 0.651988 1e-20
7644.0 0.673826 1e-20
7646.0 0.671138 1e-20
7648.0 0.645702 1e-20
7650.0 0.635477 1e-20
7652.0 0.649934 1e-20
7654.0 0.669925 1e-20
7656.0 0.672934 1e-20
7658.0 0.665058 1e-20
7660.0 0.668194 1e-20
7662.0 0.677492 1e-20
7664.0 0.686281 1e-20
7666.0 0.700724 1e-20
7668.0 0.70857 1e-20
7670.0 0.69525 1e-20
7672.0 0.666408 1e-20
7674.0 0.662938 1e-20
7676.0 0.678899 1e-20
7678.0 0.688252 1e-20
7680.0 0.695179 1e-20
7682.0 0.704345 1e-20
7684.0 0.720002 1e-20
7686.0 0.737917 1e-20
7688.0 0.7433 1e-20
7690.0 0.737339 1e-20
7692.0 0.735235 1e-20
7694.0 0.733036 1e-20
7696.0 0.729122 1e-20
7698.0 0.720284 1e-20
7700.0 0.712143 1e-20
7702.0 0.716012 1e-20
7704.0 0.731778 1e-20
7706.0 0.736201 1e-20
7708.0 0.733533 1e-20
7710.0 0.732939 1e-20
7712.0 0.731754 1e-20
7714.0 0.734049 1e-20
7716.0 0.747584 1e-20
7718.0 0.771407 1e-20
7720.0 0.774051 1e-20
7722.0 0.757223 1e-20
7724.0 0.748909 1e-20
7726.0 0.745012 1e-20
7728.0 0.742101 1e-20
7730.0 0.737761 1e-20
7732.0 0.73377 1e-20
7734.0 0.73834 1e-20
7736.0 0.753828 1e-20
7738.0 0.762455 1e-20
7740.0 0.769779 1e-20
7742.0 0.774316 1e-20
7744.0 0.775297 1e-20
7746.0 0.773706 1e-20
7748.0 0.771369 1e-20
7750.0 0.768162 1e-20
7752.0 0.761498 1e-20
7754.0 0.750446 1e-20
7756.0 0.740094 1e-20
7758.0 0.72724 1e-20
7760.0 0.718039 1e-20
7762.0 0.722634 1e-20
7764.0 0.739571 1e-20
7766.0 0.745364 1e-20
7768.0 0.747255 1e-20
7770.0 0.746483 1e-20
7772.0 0.737207 1e-20
7774.0 0.732937 1e-20
7776.0 0.744991 1e-20
7778.0 0.767564 1e-20
7780.0 0.782142 1e-20
7782.0 0.798559 1e-20
7784.0 0.805531 1e-20
7786.0 0.804225 1e-20
7788.0 0.79909 1e-20
7790.0 0.789846 1e-20
7792.0 0.777748 1e-20
7794.0 0.770129 1e-20
7796.0 0.761288 1e-20
7798.0 0.762692 1e-20
7800.0 0.778383 1e-20
7802.0 0.786819 1e-20
7804.0 0.78193 1e-20
7806.0 0.775007 1e-20
7808.0 0.781139 1e-20
7810.0 0.799118 1e-20
7812.0 0.798422 1e-20
7814.0 0.782867 1e-20
7816.0 0.770524 1e-20
7818.0 0.758147 1e-20
7820.0 0.748256 1e-20
7822.0 0.742721 1e-20
7824.0 0.739987 1e-20
7826.0 0.752995 1e-20
7828.0 0.789542 1e-20
7830.0 0.810192 1e-20
7832.0 0.823697 1e-20
7834.0 0.829829 1e-20
7836.0 0.824883 1e-20
7838.0 0.812644 1e-20
7840.0 0.810425 1e-20
7842.0 0.811497 1e-20
7844.0 0.817389 1e-20
7846.0 0.837532 1e-20
7848.0 0.844307 1e-20
7850.0 0.831439 1e-20
7852.0 0.806951 1e-20
7854.0 0.77574 1e-20
7856.0 0.723635 1e-20
7858.0 0.711193 1e-20
7860.0 0.730222 1e-20
7862.0 0.748703 1e-20
7864.0 0.771469 1e-20
7866.0 0.793266 1e-20
7868.0 0.804888 1e-20
7870.0 0.810088 1e-20
7872.0 0.813011 1e-20
7874.0 0.809955 1e-20
7876.0 0.808331 1e-20
7878.0 0.804764 1e-20
7880.0 0.8042 1e-20
7882.0 0.812356 1e-20
7884.0 0.82545 1e-20
7886.0 0.824586 1e-20
7888.0 0.810965 1e-20
7890.0 0.802899 1e-20
7892.0 0.791047 1e-20
7894.0 0.787177 1e-20
7896.0 0.799991 1e-20
7898.0 0.818215 1e-20
7900.0 0.816538 1e-20
7902.0 0.799881 1e-20
7904.0 0.788553 1e-20
7906.0 0.77111 1e-20
7908.0 0.762851 1e-20
7910.0 0.769618 1e-20
7912.0 0.778777 1e-20
7914.0 0.774215 1e-20
7916.0 0.759685 1e-20
7918.0 0.757951 1e-20
7920.0 0.765646 1e-20
7922.0 0.770371 1e-20
7924.0 0.773303 1e-20
7926.0 0.775954 1e-20
7928.0 0.778867 1e-20
7930.0 0.781774 1e-20
7932.0 0.784332 1e-20
7934.0 0.791915 1e-20
7936.0 0.787261 1e-20
7938.0 0.770271 1e-20
7940.0 0.752203 1e-20
7942.0 0.73459 1e-20
7944.0 0.717745 1e-20
7946.0 0.712591 1e-20
7948.0 0.718857 1e-20
7950.0 0.722373 1e-20
7952.0 0.727298 1e-20
7954.0 0.73389 1e-20
7956.0 0.74886 1e-20
7958.0 0.759745 1e-20
7960.0 0.741586 1e-20
7962.0 0.692471 1e-20
7964.0 0.681004 1e-20
7966.0 0.698014 1e-20
7968.0 0.705378 1e-20
7970.0 0.701116 1e-20
7972.0 0.698699 1e-20
7974.0 0.708838 1e-20
7976.0 0.727433 1e-20
7978.0 0.740093 1e-20
7980.0 0.755345 1e-20
7982.0 0.761282 1e-20
7984.0 0.755785 1e-20
7986.0 0.750539 1e-20
7988.0 0.753919 1e-20
7990.0 0.759601 1e-20
7992.0 0.748222 1e-20
7994.0 0.707261 1e-20
7996.0 0.702814 1e-20
7998.0 0.726869 1e-20
8000.0 0.747897 1e-20
8002.0 0.76348 1e-20
8004.0 0.773648 1e-20
8006.0 0.765299 1e-20
8008.0 0.737515 1e-20
8010.0 0.718877 1e-20
8012.0 0.695285 1e-20
8014.0 0.682315 1e-20
8016.0 0.683013 1e-20
8018.0 0.688929 1e-20
8020.0 0.691737 1e-20
8022.0 0.694405 1e-20
8024.0 0.70356 1e-20
8026.0 0.731258 1e-20
8028.0 0.732593 1e-20
8030.0 0.697865 1e-20
8032.0 0.669653 1e-20
8034.0 0.678049 1e-20
8036.0 0.706182 1e-20
8038.0 0.709718 1e-20
8040.0 0.695167 1e-20
8042.0 0.69254 1e-20
8044.0 0.694622 1e-20
8046.0 0.699492 1e-20
8048.0 0.708358 1e-20
8050.0 0.719157 1e-20
8052.0 0.724843 1e-20
8054.0 0.729914 1e-20
8056.0 0.726942 1e-20
8058.0 0.712296 1e-20
8060.0 0.703058 1e-20
8062.0 0.702742 1e-20
8064.0 0.703992 1e-20
8066.0 0.698173 1e-20
8068.0 0.686329 1e-20
8070.0 0.685767 1e-20
8072.0 0.697039 1e-20
8074.0 0.701277 1e-20
8076.0 0.700429 1e-20
8078.0 0.695867 1e-20
8080.0 0.686956 1e-20
8082.0 0.673824 1e-20
8084.0 0.662272 1e-20
8086.0 0.64554 1e-20
8088.0 0.639236 1e-20
8090.0 0.641885 1e-20
8092.0 0.647879 1e-20
8094.0 0.656136 1e-20
8096.0 0.666864 1e-20
8098.0 0.675704 1e-20
8100.0 0.688601 1e-20
8102.0 0.689814 1e-20
8104.0 0.674754 1e-20
8106.0 0.669647 1e-20
8108.0 0.684603 1e-20
8110.0 0.703198 1e-20
8112.0 0.700618 1e-20
8114.0 0.680542 1e-20
8116.0 0.676763 1e-20
8118.0 0.685985 1e-20
8120.0 0.68607 1e-20
8122.0 0.674163 1e-20
8124.0 0.661073 1e-20
8126.0 0.654846 1e-20
8128.0 0.651369 1e-20
8130.0 0.655728 1e-20
8132.0 0.67489 1e-20
8134.0 0.681132 1e-20
8136.0 0.674892 1e-20
8138.0 0.668872 1e-20
8140.0 0.668463 1e-20
8142.0 0.670695 1e-20
8144.0 0.677514 1e-20
8146.0 0.691841 1e-20
8148.0 0.701484 1e-20
8150.0 0.711891 1e-20
8152.0 0.717637 1e-20
8154.0 0.715768 1e-20
8156.0 0.710245 1e-20
8158.0 0.708439 1e-20
8160.0 0.707911 1e-20
8162.0 0.706742 1e-20
8164.0 0.705062 1e-20
8166.0 0.704233 1e-20
8168.0 0.704889 1e-20
8170.0 0.705581 1e-20
8172.0 0.704582 1e-20
8174.0 0.702422 1e-20
8176.0 0.700925 1e-20
8178.0 0.695736 1e-20
8180.0 0.698645 1e-20
8182.0 0.712623 1e-20
8184.0 0.725944 1e-20
8186.0 0.732759 1e-20
8188.0 0.736085 1e-20
8190.0 0.726758 1e-20
8192.0 0.695388 1e-20
8194.0 0.683583 1e-20
8196.0 0.685344 1e-20
8198.0 0.688417 1e-20
8200.0 0.691325 1e-20
8202.0 0.693796 1e-20
8204.0 0.686095 1e-20
8206.0 0.663588 1e-20
8208.0 0.65881 1e-20
8210.0 0.667085 1e-20
8212.0 0.673573 1e-20
8214.0 0.676401 1e-20
8216.0 0.679095 1e-20
8218.0 0.684227 1e-20
8220.0 0.691166 1e-20
8222.0 0.697197 1e-20
8224.0 0.70517 1e-20
8226.0 0.708998 1e-20
8228.0 0.708278 1e-20
8230.0 0.705638 1e-20
8232.0 0.701318 1e-20
8234.0 0.694551 1e-20
8236.0 0.699287 1e-20
8238.0 0.718643 1e-20
8240.0 0.727162 1e-20
8242.0 0.731683 1e-20
8244.0 0.72919 1e-20
8246.0 0.714224 1e-20
8248.0 0.69217 1e-20
8250.0 0.684745 1e-20
8252.0 0.685514 1e-20
8254.0 0.689299 1e-20
8256.0 0.706276 1e-20
8258.0 0.712238 1e-20
8260.0 0.69933 1e-20
8262.0 0.678983 1e-20
8264.0 0.665909 1e-20
8266.0 0.651394 1e-20
8268.0 0.649741 1e-20
8270.0 0.667877 1e-20
8272.0 0.671611 1e-20
8274.0 0.662092 1e-20
8276.0 0.642672 1e-20
8278.0 0.608928 1e-20
8280.0 0.558154 1e-20
8282.0 0.54135 1e-20
8284.0 0.552221 1e-20
8286.0 0.557095 1e-20
8288.0 0.567319 1e-20
8290.0 0.570463 1e-20
8292.0 0.552807 1e-20
8294.0 0.523542 1e-20
8296.0 0.523771 1e-20
8298.0 0.552565 1e-20
8300.0 0.56426 1e-20
8302.0 0.573991 1e-20
8304.0 0.574861 1e-20
8306.0 0.560924 1e-20
8308.0 0.54019 1e-20
8310.0 0.530372 1e-20
8312.0 0.523637 1e-20
8314.0 0.524361 1e-20
8316.0 0.540546 1e-20
8318.0 0.544824 1e-20
8320.0 0.531564 1e-20
8322.0 0.513979 1e-20
8324.0 0.504988 1e-20
8326.0 0.49851 1e-20
8328.0 0.498472 1e-20
8330.0 0.508708 1e-20
8332.0 0.513316 1e-20
8334.0 0.513811 1e-20
8336.0 0.512265 1e-20
8338.0 0.507852 1e-20
8340.0 0.500833 1e-20
8342.0 0.503655 1e-20
8344.0 0.514142 1e-20
8346.0 0.525336 1e-20
8348.0 0.544939 1e-20
8350.0 0.557151 1e-20
8352.0 0.555821 1e-20
8354.0 0.545717 1e-20
8356.0 0.530818 1e-20
8358.0 0.500496 1e-20
8360.0 0.489383 1e-20
8362.0 0.490436 1e-20
8364.0 0.494051 1e-20
8366.0 0.500613 1e-20
8368.0 0.509074 1e-20
8370.0 0.51553 1e-20
8372.0 0.52206 1e-20
8374.0 0.52592 1e-20
8376.0 0.524614 1e-20
8378.0 0.528405 1e-20
8380.0 0.537231 1e-20
8382.0 0.548703 1e-20
8384.0 0.563785 1e-20
8386.0 0.583398 1e-20
8388.0 0.58496 1e-20
8390.0 0.561822 1e-20
8392.0 0.559939 1e-20
8394.0 0.578969 1e-20
8396.0 0.59496 1e-20
8398.0 0.59745 1e-20
8400.0 0.592925 1e-20
8402.0 0.584673 1e-20
8404.0 0.567232 1e-20
8406.0 0.55517 1e-20
8408.0 0.544547 1e-20
8410.0 0.534373 1e-20
8412.0 0.520674 1e-20
8414.0 0.510064 1e-20
8416.0 0.518326 1e-20
8418.0 0.548364 1e-20
8420.0 0.556542 1e-20
8422.0 0.557736 1e-20
8424.0 0.547996 1e-20
8426.0 0.518747 1e-20
8428.0 0.488773 1e-20
8430.0 0.480233 1e-20
8432.0 0.485384 1e-20
8434.0 0.484025 1e-20
8436.0 0.479199 1e-20
8438.0 0.482277 1e-20
8440.0 0.495113 1e-20
8442.0 0.508267 1e-20
8444.0 0.516689 1e-20
8446.0 0.523083 1e-20
8448.0 0.526895 1e-20
8450.0 0.526518 1e-20
8452.0 0.527959 1e-20
8454.0 0.528816 1e-20
8456.0 0.531243 1e-20
8458.0 0.538697 1e-20
8460.0 0.54645 1e-20
8462.0 0.540844 1e-20
8464.0 0.516324 1e-20
8466.0 0.517242 1e-20
8468.0 0.544358 1e-20
8470.0 0.5562 1e-20
8472.0 0.544087 1e-20
8474.0 0.52666 1e-20
8476.0 0.523539 1e-20
8478.0 0.527477 1e-20
8480.0 0.531208 1e-20
8482.0 0.541986 1e-20
8484.0 0.54459 1e-20
8486.0 0.538033 1e-20
8488.0 0.529534 1e-20
8490.0 0.521713 1e-20
8492.0 0.512811 1e-20
8494.0 0.519409 1e-20
8496.0 0.538961 1e-20
8498.0 0.561242 1e-20
8500.0 0.595892 1e-20
8502.0 0.624052 1e-20
8504.0 0.638667 1e-20
8506.0 0.644413 1e-20
8508.0 0.641677 1e-20
8510.0 0.620887 1e-20
8512.0 0.616551 1e-20
8514.0 0.624786 1e-20
8516.0 0.62739 1e-20
8518.0 0.618827 1e-20
8520.0 0.608054 1e-20
8522.0 0.606878 1e-20
8524.0 0.612131 1e-20
8526.0 0.615038 1e-20
8528.0 0.620907 1e-20
8530.0 0.622035 1e-20
8532.0 0.61796 1e-20
8534.0 0.611353 1e-20
8536.0 0.603621 1e-20
8538.0 0.593741 1e-20
8540.0 0.586664 1e-20
8542.0 0.575953 1e-20
8544.0 0.576945 1e-20
8546.0 0.594431 1e-20
8548.0 0.608583 1e-20
8550.0 0.608895 1e-20
8552.0 0.601878 1e-20
8554.0 0.595164 1e-20
8556.0 0.576829 1e-20
8558.0 0.577917 1e-20
8560.0 0.597764 1e-20
8562.0 0.613645 1e-20
8564.0 0.618724 1e-20
8566.0 0.620931 1e-20
8568.0 0.630155 1e-20
8570.0 0.646061 1e-20
8572.0 0.65261 1e-20
8574.0 0.654602 1e-20
8576.0 0.652481 1e-20
8578.0 0.645371 1e-20
8580.0 0.635049 1e-20
8582.0 0.622654 1e-20
8584.0 0.606082 1e-20
8586.0 0.598878 1e-20
8588.0 0.602459 1e-20
8590.0 0.59848 1e-20
8592.0 0.58659 1e-20
8594.0 0.574952 1e-20
8596.0 0.565524 1e-20
8598.0 0.557412 1e-20
8600.0 0.569076 1e-20
8602.0 0.608633 1e-20
8604.0 0.627865 1e-20
8606.0 0.635467 1e-20
8608.0 0.641387 1e-20
8610.0 0.648197 1e-20
8612.0 0.654082 1e-20
8614.0 0.659686 1e-20
8616.0 0.66853 1e-20
8618.0 0.66568 1e-20
8620.0 0.647901 1e-20
8622.0 0.637569 1e-20
8624.0 0.637646 1e-20
8626.0 0.64231 1e-20
8628.0 0.648435 1e-20
8630.0 0.660764 1e-20
8632.0 0.657624 1e-20
8634.0 0.631413 1e-20
8636.0 0.6268 1e-20
8638.0 0.647655 1e-20
8640.0 0.672135 1e-20
8642.0 0.687092 1e-20
8644.0 0.699544 1e-20
8646.0 0.694466 1e-20
8648.0 0.668871 1e-20
8650.0 0.649062 1e-20
8652.0 0.625563 1e-20
8654.0 0.607512 1e-20
8656.0 0.596935 1e-20
8658.0 0.593582 1e-20
8660.0 0.608236 1e-20
8662.0 0.655754 1e-20
8664.0 0.669528 1e-20
8666.0 0.661825 1e-20
8668.0 0.653764 1e-20
8670.0 0.647157 1e-20
8672.0 0.640674 1e-20
8674.0 0.637951 1e-20
8676.0 0.63619 1e-20
8678.0 0.642247 1e-20
8680.0 0.662624 1e-20
8682.0 0.671326 1e-20
8684.0 0.670988 1e-20
8686.0 0.660562 1e-20
8688.0 0.633261 1e-20
8690.0 0.58899 1e-20
8692.0 0.563775 1e-20
8694.0 0.543327 1e-20
8696.0 0.535102 1e-20
8698.0 0.542346 1e-20
8700.0 0.553458 1e-20
8702.0 0.56473 1e-20
8704.0 0.577614 1e-20
8706.0 0.577893 1e-20
8708.0 0.557486 1e-20
8710.0 0.56047 1e-20
8712.0 0.582368 1e-20
8714.0 0.601897 1e-20
8716.0 0.614994 1e-20
8718.0 0.624615 1e-20
8720.0 0.627637 1e-20
8722.0 0.620466 1e-20
8724.0 0.623992 1e-20
8726.0 0.637367 1e-20
8728.0 0.644261 1e-20
8730.0 0.643964 1e-20
8732.0 0.63914 1e-20
8734.0 0.629757 1e-20
8736.0 0.613902 1e-20
8738.0 0.606287 1e-20
8740.0 0.600273 1e-20
8742.0 0.601693 1e-20
8744.0 0.614773 1e-20
8746.0 0.627325 1e-20
8748.0 0.63031 1e-20
8750.0 0.628279 1e-20
8752.0 0.629473 1e-20
8754.0 0.632999 1e-20
8756.0 0.632416 1e-20
8758.0 0.627743 1e-20
8760.0 0.623154 1e-20
8762.0 0.623264 1e-20
8764.0 0.622717 1e-20
8766.0 0.604634 1e-20
8768.0 0.561605 1e-20
8770.0 0.546064 1e-20
8772.0 0.542679 1e-20
8774.0 0.550164 1e-20
8776.0 0.577405 1e-20
8778.0 0.60759 1e-20
8780.0 0.609837 1e-20
8782.0 0.587879 1e-20
8784.0 0.594641 1e-20
8786.0 0.624528 1e-20
8788.0 0.643303 1e-20
8790.0 0.656847 1e-20
8792.0 0.660612 1e-20
8794.0 0.643935 1e-20
8796.0 0.609508 1e-20
8798.0 0.599247 1e-20
8800.0 0.602359 1e-20
8802.0 0.608058 1e-20
8804.0 0.624736 1e-20
8806.0 0.636908 1e-20
8808.0 0.63589 1e-20
8810.0 0.627763 1e-20
8812.0 0.623025 1e-20
8814.0 0.617994 1e-20
8816.0 0.612264 1e-20
8818.0 0.604313 1e-20
8820.0 0.598712 1e-20
8822.0 0.599889 1e-20
8824.0 0.600787 1e-20
8826.0 0.586736 1e-20
8828.0 0.557305 1e-20
8830.0 0.542756 1e-20
8832.0 0.538207 1e-20
8834.0 0.53013 1e-20
8836.0 0.513852 1e-20
8838.0 0.501369 1e-20
8840.0 0.505983 1e-20
8842.0 0.523764 1e-20
8844.0 0.534769 1e-20
8846.0 0.541452 1e-20
8848.0 0.556843 1e-20
8850.0 0.583656 1e-20
8852.0 0.609475 1e-20
8854.0 0.630896 1e-20
8856.0 0.649148 1e-20
8858.0 0.641851 1e-20
8860.0 0.596306 1e-20
8862.0 0.58122 1e-20
8864.0 0.586347 1e-20
8866.0 0.589322 1e-20
8868.0 0.581236 1e-20
8870.0 0.571594 1e-20
8872.0 0.576175 1e-20
8874.0 0.596078 1e-20
8876.0 0.601569 1e-20
8878.0 0.6066 1e-20
8880.0 0.596946 1e-20
8882.0 0.55957 1e-20
8884.0 0.521128 1e-20
8886.0 0.51891 1e-20
8888.0 0.542931 1e-20
8890.0 0.552099 1e-20
8892.0 0.562576 1e-20
8894.0 0.565302 1e-20
8896.0 0.560626 1e-20
8898.0 0.550742 1e-20
8900.0 0.532967 1e-20
8902.0 0.507899 1e-20
8904.0 0.507288 1e-20
8906.0 0.525231 1e-20
8908.0 0.545398 1e-20
8910.0 0.585752 1e-20
8912.0 0.609495 1e-20
8914.0 0.595835 1e-20
8916.0 0.563155 1e-20
8918.0 0.550768 1e-20
8920.0 0.543408 1e-20
8922.0 0.543793 1e-20
8924.0 0.55941 1e-20
8926.0 0.566698 1e-20
8928.0 0.562345 1e-20
8930.0 0.551168 1e-20
8932.0 0.533917 1e-20
8934.0 0.504085 1e-20
8936.0 0.495873 1e-20
8938.0 0.509066 1e-20
8940.0 0.511579 1e-20
8942.0 0.502464 1e-20
8944.0 0.490997 1e-20
8946.0 0.48335 1e-20
8948.0 0.476736 1e-20
8950.0 0.469833 1e-20
8952.0 0.454397 1e-20
8954.0 0.45833 1e-20
8956.0 0.487456 1e-20
8958.0 0.512656 1e-20
8960.0 0.518847 1e-20
8962.0 0.515544 1e-20
8964.0 0.514196 1e-20
8966.0 0.514955 1e-20
8968.0 0.503407 1e-20
8970.0 0.471443 1e-20
8972.0 0.452982 1e-20
8974.0 0.46008 1e-20
8976.0 0.477451 1e-20
8978.0 0.4835 1e-20
8980.0 0.48834 1e-20
8982.0 0.484306 1e-20
8984.0 0.460066 1e-20
8986.0 0.456231 1e-20
8988.0 0.488892 1e-20
8990.0 0.519593 1e-20
8992.0 0.503238 1e-20
8994.0 0.452356 1e-20
8996.0 0.430984 1e-20
8998.0 0.411735 1e-20
9000.0 0.414872 1e-20
9002.0 0.454621 1e-20
9004.0 0.488247 1e-20
9006.0 0.485851 1e-20
9008.0 0.463597 1e-20
9010.0 0.453612 1e-20
9012.0 0.442157 1e-20
9014.0 0.437608 1e-20
9016.0 0.440287 1e-20
9018.0 0.443496 1e-20
9020.0 0.444463 1e-20
9022.0 0.445889 1e-20
9024.0 0.452368 1e-20
9026.0 0.466736 1e-20
9028.0 0.470647 1e-20
9030.0 0.467203 1e-20
9032.0 0.463522 1e-20
9034.0 0.459621 1e-20
9036.0 0.455378 1e-20
9038.0 0.451795 1e-20
9040.0 0.447969 1e-20
9042.0 0.447009 1e-20
9044.0 0.447053 1e-20
9046.0 0.45077 1e-20
9048.0 0.458872 1e-20
9050.0 0.468912 1e-20
9052.0 0.479957 1e-20
9054.0 0.492742 1e-20
9056.0 0.499953 1e-20
9058.0 0.506119 1e-20
9060.0 0.504601 1e-20
9062.0 0.490374 1e-20
9064.0 0.480373 1e-20
9066.0 0.484039 1e-20
9068.0 0.493759 1e-20
9070.0 0.493532 1e-20
9072.0 0.489731 1e-20
9074.0 0.480519 1e-20
9076.0 0.459347 1e-20
9078.0 0.446189 1e-20
9080.0 0.445722 1e-20
9082.0 0.451219 1e-20
9084.0 0.456738 1e-20
9086.0 0.469291 1e-20
9088.0 0.464837 1e-20
9090.0 0.437956 1e-20
9092.0 0.427689 1e-20
9094.0 0.435128 1e-20
9096.0 0.450452 1e-20
9098.0 0.470767 1e-20
9100.0 0.500436 1e-20
9102.0 0.503505 1e-20
9104.0 0.47554 1e-20
9106.0 0.468842 1e-20
9108.0 0.482135 1e-20
9110.0 0.493269 1e-20
9112.0 0.491467 1e-20
9114.0 0.482995 1e-20
9116.0 0.471849 1e-20
9118.0 0.447923 1e-20
9120.0 0.440431 1e-20
9122.0 0.445746 1e-20
9124.0 0.451321 1e-20
9126.0 0.455147 1e-20
9128.0 0.458465 1e-20
9130.0 0.45823 1e-20
9132.0 0.452568 1e-20
9134.0 0.454936 1e-20
9136.0 0.466799 1e-20
9138.0 0.471679 1e-20
9140.0 0.46735 1e-20
9142.0 0.459766 1e-20
9144.0 0.453709 1e-20
9146.0 0.446434 1e-20
9148.0 0.44321 1e-20
9150.0 0.43987 1e-20
9152.0 0.444092 1e-20
9154.0 0.462113 1e-20
9156.0 0.476149 1e-20
9158.0 0.470294 1e-20
9160.0 0.452609 1e-20
9162.0 0.457393 1e-20
9164.0 0.483736 1e-20
9166.0 0.495431 1e-20
9168.0 0.504331 1e-20
9170.0 0.503102 1e-20
9172.0 0.484774 1e-20
9174.0 0.457215 1e-20
9176.0 0.441974 1e-20
9178.0 0.432591 1e-20
9180.0 0.422871 1e-20
9182.0 0.408306 1e-20
9184.0 0.407186 1e-20
9186.0 0.426673 1e-20
9188.0 0.453449 1e-20
9190.0 0.470628 1e-20
9192.0 0.486878 1e-20
9194.0 0.492122 1e-20
9196.0 0.484844 1e-20
9198.0 0.479492 1e-20
9200.0 0.473868 1e-20
9202.0 0.469129 1e-20
9204.0 0.467205 1e-20
9206.0 0.467178 1e-20
9208.0 0.468952 1e-20
9210.0 0.476014 1e-20
9212.0 0.47718 1e-20
9214.0 0.469962 1e-20
9216.0 0.466986 1e-20
9218.0 0.477429 1e-20
9220.0 0.493752 1e-20
9222.0 0.493137 1e-20
9224.0 0.473386 1e-20
9226.0 0.470837 1e-20
9228.0 0.481577 1e-20
9230.0 0.486515 1e-20
9232.0 0.479802 1e-20
9234.0 0.469514 1e-20
9236.0 0.465633 1e-20
9238.0 0.462165 1e-20
9240.0 0.469094 1e-20
9242.0 0.489054 1e-20
9244.0 0.504855 1e-20
9246.0 0.521339 1e-20
9248.0 0.530802 1e-20
9250.0 0.520891 1e-20
9252.0 0.494518 1e-20
9254.0 0.478763 1e-20
9256.0 0.456546 1e-20
9258.0 0.453703 1e-20
9260.0 0.477437 1e-20
9262.0 0.498344 1e-20
9264.0 0.497205 1e-20
9266.0 0.485326 1e-20
9268.0 0.487299 1e-20
9270.0 0.503376 1e-20
9272.0 0.503696 1e-20
9274.0 0.48526 1e-20
9276.0 0.478228 1e-20
9278.0 0.495869 1e-20
9280.0 0.523193 1e-20
9282.0 0.534523 1e-20
9284.0 0.539765 1e-20
9286.0 0.538615 1e-20
9288.0 0.528454 1e-20
9290.0 0.5172 1e-20
9292.0 0.502331 1e-20
9294.0 0.488503 1e-20
9296.0 0.483455 1e-20
9298.0 0.484162 1e-20
9300.0 0.488605 1e-20
9302.0 0.509689 1e-20
9304.0 0.509336 1e-20
9306.0 0.483078 1e-20
9308.0 0.454477 1e-20
9310.0 0.434975 1e-20
9312.0 0.418272 1e-20
9314.0 0.43329 1e-20
9316.0 0.499491 1e-20
9318.0 0.520383 1e-20
9320.0 0.509363 1e-20
9322.0 0.492391 1e-20
9324.0 0.473699 1e-20
9326.0 0.452872 1e-20
9328.0 0.450142 1e-20
9330.0 0.472529 1e-20
9332.0 0.465848 1e-20
9334.0 0.424838 1e-20
9336.0 0.410696 1e-20
9338.0 0.438364 1e-20
9340.0 0.482958 1e-20
9342.0 0.517812 1e-20
9344.0 0.558366 1e-20
9346.0 0.579086 1e-20
9348.0 0.593826 1e-20
9350.0 0.585007 1e-20
9352.0 0.542652 1e-20
9354.0 0.493204 1e-20
9356.0 0.456873 1e-20
9358.0 0.422594 1e-20
9360.0 0.414142 1e-20
9362.0 0.440306 1e-20
9364.0 0.447141 1e-20
9366.0 0.441423 1e-20
9368.0 0.434414 1e-20
9370.0 0.423001 1e-20
9372.0 0.412066 1e-20
9374.0 0.445532 1e-20
9376.0 0.560159 1e-20
9378.0 0.577846 1e-20
9380.0 0.518189 1e-20
9382.0 0.47109 1e-20
9384.0 0.452432 1e-20
9386.0 0.447381 1e-20
9388.0 0.459088 1e-20
9390.0 0.497009 1e-20
9392.0 0.511073 1e-20
9394.0 0.512478 1e-20
9396.0 0.514032 1e-20
9398.0 0.5156 1e-20
9400.0 0.515863 1e-20
9402.0 0.517083 1e-20
9404.0 0.521354 1e-20
9406.0 0.500758 1e-20
9408.0 0.444337 1e-20
9410.0 0.415504 1e-20
9412.0 0.401435 1e-20
9414.0 0.406774 1e-20
9416.0 0.445569 1e-20
9418.0 0.509263 1e-20
9420.0 0.531843 1e-20
9422.0 0.528351 1e-20
9424.0 0.525582 1e-20
9426.0 0.511061 1e-20
9428.0 0.499353 1e-20
9430.0 0.49521 1e-20
9432.0 0.494561 1e-20
9434.0 0.493843 1e-20
9436.0 0.489659 1e-20
9438.0 0.501272 1e-20
9440.0 0.548972 1e-20
9442.0 0.556999 1e-20
9444.0 0.501636 1e-20
9446.0 0.431123 1e-20
9448.0 0.400568 1e-20
9450.0 0.383425 1e-20
9452.0 0.401673 1e-20
9454.0 0.478875 1e-20
9456.0 0.520528 1e-20
9458.0 0.532178 1e-20
9460.0 0.530158 1e-20
9462.0 0.522041 1e-20
9464.0 0.504154 1e-20
9466.0 0.475043 1e-20
9468.0 0.398611 1e-20
9470.0 0.394242 1e-20
9472.0 0.468176 1e-20
9474.0 0.532439 1e-20
9476.0 0.555595 1e-20
9478.0 0.557545 1e-20
9480.0 0.535153 1e-20
9482.0 0.45392 1e-20
9484.0 0.442578 1e-20
9486.0 0.495756 1e-20
9488.0 0.520311 1e-20
9490.0 0.490583 1e-20
9492.0 0.445945 1e-20
9494.0 0.435033 1e-20
9496.0 0.443127 1e-20
9498.0 0.444303 1e-20
9500.0 0.451526 1e-20
9502.0 0.450242 1e-20
9504.0 0.439869 1e-20
9506.0 0.4246 1e-20
9508.0 0.404514 1e-20
9510.0 0.377242 1e-20
9512.0 0.371775 1e-20
9514.0 0.387864 1e-20
9516.0 0.395424 1e-20
9518.0 0.394543 1e-20
9520.0 0.399865 1e-20
9522.0 0.421911 1e-20
9524.0 0.45341 1e-20
9526.0 0.470143 1e-20
9528.0 0.481786 1e-20
9530.0 0.484839 1e-20
9532.0 0.475694 1e-20
9534.0 0.466971 1e-20
9536.0 0.458383 1e-20
9538.0 0.452308 1e-20
9540.0 0.460721 1e-20
9542.0 0.481881 1e-20
9544.0 0.502789 1e-20
9546.0 0.544106 1e-20
9548.0 0.55671 1e-20
9550.0 0.52587 1e-20
9552.0 0.486622 1e-20
9554.0 0.478991 1e-20
9556.0 0.491295 1e-20
9558.0 0.476919 1e-20
9560.0 0.430317 1e-20
9562.0 0.416423 1e-20
9564.0 0.441566 1e-20
9566.0 0.465545 1e-20
9568.0 0.462509 1e-20
9570.0 0.445878 1e-20
9572.0 0.43333 1e-20
9574.0 0.414229 1e-20
9576.0 0.40345 1e-20
9578.0 0.394883 1e-20
9580.0 0.394738 1e-20
9582.0 0.409351 1e-20
9584.0 0.431251 1e-20
9586.0 0.439621 1e-20
9588.0 0.439932 1e-20
9590.0 0.441334 1e-20
9592.0 0.444344 1e-20
9594.0 0.43953 1e-20
9596.0 0.418732 1e-20
9598.0 0.397514 1e-20
9600.0 0.400168 1e-20
9602.0 0.421612 1e-20
9604.0 0.431148 1e-20
9606.0 0.446245 1e-20
9608.0 0.44333 1e-20
9610.0 0.412697 1e-20
9612.0 0.383046 1e-20
9614.0 0.38116 1e-20
9616.0 0.396198 1e-20
9618.0 0.385816 1e-20
9620.0 0.354801 1e-20
9622.0 0.334126 1e-20
9624.0 0.312727 1e-20
9626.0 0.301401 1e-20
9628.0 0.307337 1e-20
9630.0 0.32492 1e-20
9632.0 0.341187 1e-20
9634.0 0.370634 1e-20
9636.0 0.379037 1e-20
9638.0 0.367576 1e-20
9640.0 0.361339 1e-20
9642.0 0.369518 1e-20
9644.0 0.37856 1e-20
9646.0 0.366465 1e-20
9648.0 0.329615 1e-20
9650.0 0.329968 1e-20
9652.0 0.364836 1e-20
9654.0 0.384287 1e-20
9656.0 0.385479 1e-20
9658.0 0.382908 1e-20
9660.0 0.387875 1e-20
9662.0 0.396482 1e-20
9664.0 0.395791 1e-20
9666.0 0.399924 1e-20
9668.0 0.377591 1e-20
9670.0 0.308216 1e-20
9672.0 0.25708 1e-20
9674.0 0.265763 1e-20
9676.0 0.309584 1e-20
9678.0 0.341445 1e-20
9680.0 0.398891 1e-20
9682.0 0.411929 1e-20
9684.0 0.37886 1e-20
9686.0 0.356592 1e-20
9688.0 0.36582 1e-20
9690.0 0.38419 1e-20
9692.0 0.378702 1e-20
9694.0 0.348965 1e-20
9696.0 0.350871 1e-20
9698.0 0.376974 1e-20
9700.0 0.398992 1e-20
9702.0 0.422388 1e-20
9704.0 0.437844 1e-20
9706.0 0.423431 1e-20
9708.0 0.378471 1e-20
9710.0 0.377177 1e-20
9712.0 0.41917 1e-20
9714.0 0.430901 1e-20
9716.0 0.407996 1e-20
9718.0 0.386704 1e-20
9720.0 0.395112 1e-20
9722.0 0.419713 1e-20
9724.0 0.411607 1e-20
9726.0 0.367212 1e-20
9728.0 0.35368 1e-20
9730.0 0.363413 1e-20
9732.0 0.373248 1e-20
9734.0 0.377829 1e-20
9736.0 0.379604 1e-20
9738.0 0.368907 1e-20
9740.0 0.340851 1e-20
9742.0 0.327409 1e-20
9744.0 0.306783 1e-20
9746.0 0.313764 1e-20
9748.0 0.376125 1e-20
9750.0 0.443298 1e-20
9752.0 0.431937 1e-20
9754.0 0.357167 1e-20
9756.0 0.328054 1e-20
9758.0 0.319024 1e-20
9760.0 0.302768 1e-20
9762.0 0.268469 1e-20
9764.0 0.247101 1e-20
9766.0 0.271583 1e-20
9768.0 0.330938 1e-20
9770.0 0.352379 1e-20
9772.0 0.355777 1e-20
9774.0 0.355941 1e-20
9776.0 0.344354 1e-20
9778.0 0.334704 1e-20
9780.0 0.334518 1e-20
9782.0 0.338821 1e-20
9784.0 0.340825 1e-20
9786.0 0.359619 1e-20
9788.0 0.338673 1e-20
9790.0 0.259933 1e-20
9792.0 0.219722 1e-20
9794.0 0.246405 1e-20
9796.0 0.304008 1e-20
9798.0 0.352143 1e-20
9800.0 0.42536 1e-20
9802.0 0.435128 1e-20
9804.0 0.379296 1e-20
9806.0 0.346043 1e-20
9808.0 0.339377 1e-20
9810.0 0.338917 1e-20
9812.0 0.330104 1e-20
9814.0 0.317104 1e-20
9816.0 0.321496 1e-20
9818.0 0.353642 1e-20
9820.0 0.358418 1e-20
9822.0 0.329683 1e-20
9824.0 0.306026 1e-20
9826.0 0.312915 1e-20
9828.0 0.336014 1e-20
9830.0 0.343177 1e-20
9832.0 0.349323 1e-20
9834.0 0.342312 1e-20
9836.0 0.317605 1e-20
9838.0 0.296112 1e-20
9840.0 0.281844 1e-20
9842.0 0.272764 1e-20
9844.0 0.275208 1e-20
9846.0 0.28634 1e-20
9848.0 0.307912 1e-20
9850.0 0.353057 1e-20
9852.0 0.382085 1e-20
9854.0 0.392687 1e-20
9856.0 0.390645 1e-20
9858.0 0.372716 1e-20
9860.0 0.329997 1e-20
9862.0 0.331891 1e-20
9864.0 0.378537 1e-20
9866.0 0.400523 1e-20
9868.0 0.398344 1e-20
9870.0 0.392981 1e-20
9872.0 0.398261 1e-20
9874.0 0.407765 1e-20
9876.0 0.407154 1e-20
9878.0 0.400094 1e-20
9880.0 0.390626 1e-20
9882.0 0.368387 1e-20
9884.0 0.357898 1e-20
9886.0 0.380239 1e-20
9888.0 0.414693 1e-20
9890.0 0.39728 1e-20
9892.0 0.321385 1e-20
9894.0 0.296996 1e-20
9896.0 0.300721 1e-20
9898.0 0.305832 1e-20
9900.0 0.313817 1e-20
9902.0 0.320229 1e-20
9904.0 0.307745 1e-20
9906.0 0.276429 1e-20
9908.0 0.263676 1e-20
9910.0 0.259671 1e-20
9912.0 0.258504 1e-20
9914.0 0.255738 1e-20
9916.0 0.26243 1e-20
9918.0 0.295663 1e-20
9920.0 0.353137 1e-20
9922.0 0.361492 1e-20
9924.0 0.331831 1e-20
9926.0 0.307028 1e-20
9928.0 0.267175 1e-20
9930.0 0.240658 1e-20
9932.0 0.248002 1e-20
9934.0 0.275322 1e-20
9936.0 0.286348 1e-20
9938.0 0.283135 1e-20
9940.0 0.302513 1e-20
9942.0 0.347316 1e-20
9944.0 0.38075 1e-20
9946.0 0.396672 1e-20
9948.0 0.399733 1e-20
9950.0 0.383208 1e-20
9952.0 0.334969 1e-20
9954.0 0.321802 1e-20
9956.0 0.319895 1e-20
9958.0 0.338738 1e-20
9960.0 0.402358 1e-20
9962.0 0.459795 1e-20
9964.0 0.44666 1e-20
9966.0 0.384754 1e-20
9968.0 0.327348 1e-20
9970.0 0.214485 1e-20
9972.0 0.179821 1e-20
9974.0 0.236277 1e-20
9976.0 0.299927 1e-20
9978.0 0.321844 1e-20
9980.0 0.327617 1e-20
9982.0 0.322721 1e-20
9984.0 0.284486 1e-20
9986.0 0.281694 1e-20
9988.0 0.312467 1e-20
9990.0 0.334767 1e-20
9992.0 0.33308 1e-20
9994.0 0.321065 1e-20
9996.0 0.315625 1e-20
9998.0 0.31577 1e-20
10000.0 0.300276 1e-20
10002.0 0.2526 1e-20
10004.0 0.238928 1e-20
10006.0 0.282043 1e-20
10008.0 0.337914 1e-20
10010.0 0.353178 1e-20
10012.0 0.352941 1e-20
10014.0 0.319418 1e-20
10016.0 0.222533 1e-20
10018.0 0.172142 1e-20
10020.0 0.174932 1e-20
10022.0 0.184157 1e-20
10024.0 0.161184 1e-20
10026.0 0.121729 1e-20
10028.0 0.133595 1e-20
10030.0 0.204706 1e-20
10032.0 0.234575 1e-20
10034.0 0.235517 1e-20
10036.0 0.23392 1e-20
10038.0 0.239461 1e-20
10040.0 0.245941 1e-20
10042.0 0.251646 1e-20
10044.0 0.263367 1e-20
10046.0 0.259328 1e-20
10048.0 0.240038 1e-20
10050.0 0.22221 1e-20
10052.0 0.203216 1e-20
10054.0 0.18922 1e-20
10056.0 0.199233 1e-20
10058.0 0.232335 1e-20
10060.0 0.25455 1e-20
10062.0 0.287843 1e-20
10064.0 0.298153 1e-20
10066.0 0.267649 1e-20
10068.0 0.241122 1e-20
10070.0 0.270029 1e-20
10072.0 0.339872 1e-20
10074.0 0.35175 1e-20
10076.0 0.322266 1e-20
10078.0 0.302924 1e-20
10080.0 0.274259 1e-20
10082.0 0.260305 1e-20
10084.0 0.282106 1e-20
10086.0 0.326008 1e-20
10088.0 0.345474 1e-20
10090.0 0.358847 1e-20
10092.0 0.359935 1e-20
10094.0 0.3494 1e-20
10096.0 0.330123 1e-20
10098.0 0.291476 1e-20
10100.0 0.25057 1e-20
10102.0 0.256352 1e-20
10104.0 0.309052 1e-20
10106.0 0.325976 1e-20
10108.0 0.323447 1e-20
10110.0 0.327962 1e-20
10112.0 0.352687 1e-20
10114.0 0.368924 1e-20
10116.0 0.334321 1e-20
10118.0 0.250268 1e-20
10120.0 0.244232 1e-20
10122.0 0.30236 1e-20
10124.0 0.339009 1e-20
10126.0 0.376725 1e-20
10128.0 0.39294 1e-20
10130.0 0.354191 1e-20
10132.0 0.276394 1e-20
10134.0 0.273386 1e-20
10136.0 0.338219 1e-20
10138.0 0.36435 1e-20
10140.0 0.372206 1e-20
10142.0 0.377348 1e-20
10144.0 0.385959 1e-20
10146.0 0.392584 1e-20
10148.0 0.38834 1e-20
10150.0 0.380585 1e-20
10152.0 0.353903 1e-20
10154.0 0.288596 1e-20
10156.0 0.254244 1e-20
10158.0 0.272259 1e-20
10160.0 0.304347 1e-20
10162.0 0.298498 1e-20
10164.0 0.26186 1e-20
10166.0 0.277662 1e-20
10168.0 0.353338 1e-20
10170.0 0.38561 1e-20
10172.0 0.364018 1e-20
10174.0 0.338293 1e-20
10176.0 0.345423 1e-20
10178.0 0.368439 1e-20
10180.0 0.397387 1e-20
10182.0 0.4853 1e-20
10184.0 0.471735 1e-20
10186.0 0.325269 1e-20
10188.0 0.213573 1e-20
10190.0 0.230681 1e-20
10192.0 0.30955 1e-20
10194.0 0.315723 1e-20
10196.0 0.287611 1e-20
10198.0 0.260163 1e-20
10200.0 0.198896 1e-20
10202.0 0.171035 1e-20
10204.0 0.20628 1e-20
10206.0 0.261828 1e-20
10208.0 0.266296 1e-20
10210.0 0.231523 1e-20
10212.0 0.2365 1e-20
10214.0 0.250655 1e-20
10216.0 0.291928 1e-20
10218.0 0.389826 1e-20
10220.0 0.478785 1e-20
10222.0 0.480518 1e-20
10224.0 0.420001 1e-20
10226.0 0.394312 1e-20
10228.0 0.380876 1e-20
10230.0 0.350027 1e-20
10232.0 0.292236 1e-20
10234.0 0.243836 1e-20
10236.0 0.219991 1e-20
10238.0 0.213344 1e-20
10240.0 0.256657 1e-20
10242.0 0.410697 1e-20
10244.0 0.434242 1e-20
10246.0 0.342221 1e-20
10248.0 0.269195 1e-20
10250.0 0.255968 1e-20
10252.0 0.265505 1e-20
10254.0 0.265493 1e-20
10256.0 0.262442 1e-20
10258.0 0.280505 1e-20
10260.0 0.305755 1e-20
10262.0 0.357304 1e-20
10264.0 0.465207 1e-20
10266.0 0.568826 1e-20
10268.0 0.583095 1e-20
10270.0 0.536428 1e-20
10272.0 0.482256 1e-20
10274.0 0.37165 1e-20
10276.0 0.302929 1e-20
10278.0 0.272554 1e-20
10280.0 0.256497 1e-20
10282.0 0.238917 1e-20
10284.0 0.22706 1e-20
10286.0 0.246538 1e-20
10288.0 0.304243 1e-20
10290.0 0.348886 1e-20
10292.0 0.405304 1e-20
10294.0 0.440409 1e-20
10296.0 0.439055 1e-20
10298.0 0.412936 1e-20
10300.0 0.376091 1e-20
10302.0 0.297676 1e-20
10304.0 0.272159 1e-20
10306.0 0.279079 1e-20
10308.0 0.296332 1e-20
10310.0 0.343877 1e-20
10312.0 0.383896 1e-20
10314.0 0.334679 1e-20
10316.0 0.200022 1e-20
10318.0 0.140989 1e-20
10320.0 0.0891621 1e-20
10322.0 0.0980075 1e-20
10324.0 0.198627 1e-20
10326.0 0.310114 1e-20
10328.0 0.355092 1e-20
10330.0 0.364965 1e-20
10332.0 0.403459 1e-20
10334.0 0.470022 1e-20
10336.0 0.498015 1e-20
10338.0 0.47877 1e-20
10340.0 0.468331 1e-20
10342.0 0.51395 1e-20
10344.0 0.579865 1e-20
10346.0 0.532649 1e-20
10348.0 0.335728 1e-20
10350.0 0.274421 1e-20
10352.0 0.279223 1e-20
10354.0 0.314513 1e-20
10356.0 0.387232 1e-20
10358.0 0.481082 1e-20
10360.0 0.547948 1e-20
10362.0 0.638021 1e-20
10364.0 0.607219 1e-20
10366.0 0.416636 1e-20
10368.0 0.313331 1e-20
10370.0 0.322533 1e-20
10372.0 0.363781 1e-20
10374.0 0.365111 1e-20
10376.0 0.346302 1e-20
10378.0 0.409583 1e-20
10380.0 0.589231 1e-20
10382.0 0.672348 1e-20
10384.0 0.711426 1e-20
10386.0 0.665727 1e-20
10388.0 0.451061 1e-20
10390.0 0.115508 1e-20
10392.0 0.0371191 1e-20
10394.0 0.186665 1e-20
10396.0 0.223651 1e-20
10398.0 0.231435 1e-20
10400.0 0.223201 1e-20
10402.0 0.185619 1e-20
10404.0 0.139329 1e-20
10406.0 0.155929 1e-20
10408.0 0.21119 1e-20
10410.0 0.293929 1e-20
10412.0 0.444512 1e-20
10414.0 0.55612 1e-20
10416.0 0.622003 1e-20
10418.0 0.656275 1e-20
10420.0 0.661909 1e-20
10422.0 0.644427 1e-20
10424.0 0.560567 1e-20
10426.0 0.314004 1e-20
10428.0 0.243892 1e-20
10430.0 0.404681 1e-20
10432.0 0.570512 1e-20
10434.0 0.557948 1e-20
10436.0 0.447678 1e-20
10438.0 0.457859 1e-20
10440.0 0.589856 1e-20
10442.0 0.597795 1e-20
10444.0 0.482433 1e-20
10446.0 0.386371 1e-20
10448.0 0.365903 1e-20
10450.0 0.383695 1e-20
10452.0 0.422054 1e-20
10454.0 0.534228 1e-20
10456.0 0.553503 1e-20
10458.0 0.477365 1e-20
10460.0 0.452333 1e-20
10462.0 0.561503 1e-20
10464.0 0.669458 1e-20
10466.0 0.52823 1e-20
10468.0 0.110517 1e-20
10470.0 0.071545 1e-20
10472.0 0.357713 1e-20
10474.0 0.512331 1e-20
10476.0 0.530786 1e-20
10478.0 0.508338 1e-20
10480.0 0.493293 1e-20
10482.0 0.458876 1e-20
10484.0 0.459682 1e-20
10486.0 0.488138 1e-20
10488.0 0.510564 1e-20
10490.0 0.53118 1e-20
10492.0 0.555666 1e-20
10494.0 0.589728 1e-20
10496.0 0.629102 1e-20
10498.0 0.650985 1e-20
10500.0 0.668734 1e-20
