5984.4477 1.00996 1e-20
5984.5326 1.00475 1e-20
5984.6175 1.00131 1e-20
5984.7024 1.0005 1e-20
5984.7872 1.00494 1e-20
5984.8721 0.999349 1e-20
5984.957 0.987095 1e-20
5985.0419 0.992538 1e-20
5985.1268 0.985466 1e-20
5985.2117 0.995498 1e-20
5985.2965 1.01418 1e-20
5985.3814 1.03153 1e-20
5985.4663 1.01138 1e-20
5985.5512 1.00227 1e-20
5985.6361 1.00571 1e-20
5985.7209 0.994096 1e-20
5985.8058 0.994845 1e-20
5985.8907 0.985872 1e-20
5985.9756 0.971387 1e-20
5986.0605 0.99031 1e-20
5986.1454 1.00915 1e-20
5986.2302 0.987529 1e-20
5986.3151 0.988374 1e-20
5986.4 0.992773 1e-20
5986.4849 0.99534 1e-20
5986.5698 0.994583 1e-20
5986.6546 0.995081 1e-20
5986.7395 1.00654 1e-20
5986.8244 1.00914 1e-20
5986.9093 1.00041 1e-20
5986.9942 0.996575 1e-20
5987.0791 0.996221 1e-20
5987.1639 1.00145 1e-20
5987.2488 1.00891 1e-20
5987.3337 1.01695 1e-20
5987.4186 1.02042 1e-20
5987.5035 1.01222 1e-20
5987.5883 1.0032 1e-20
5987.6732 0.997576 1e-20
5987.7581 0.997408 1e-20
5987.843 0.99873 1e-20
5987.9279 1.00585 1e-20
5988.0128 1.0147 1e-20
5988.0976 1.01425 1e-20
5988.1825 1.03145 1e-20
5988.2674 1.03109 1e-20
5988.3523 0.99385 1e-20
5988.4372 0.996744 1e-20
5988.522 0.997576 1e-20
5988.6069 0.991242 1e-20
5988.6918 1.00154 1e-20
5988.7767 1.02085 1e-20
5988.8616 1.02457 1e-20
5988.9465 1.01792 1e-20
5989.0313 1.01828 1e-20
5989.1162 1.01104 1e-20
5989.2011 1.00261 1e-20
5989.286 0.998114 1e-20
5989.3709 0.97861 1e-20
5989.4557 0.973885 1e-20
5989.5406 0.99854 1e-20
5989.6255 1.00925 1e-20
5989.7104 1.0033 1e-20
5989.7953 0.996849 1e-20
5989.8802 0.991848 1e-20
5989.965 0.997486 1e-20
5990.0499 1.00178 1e-20
5990.1348 1.00957 1e-20
5990.2197 1.01681 1e-20
5990.3046 1.00855 1e-20
5990.3894 0.99374 1e-20
5990.4743 1.00354 1e-20
5990.5592 0.999237 1e-20
5990.6441 0.997717 1e-20
5990.729 0.984924 1e-20
5990.8139 0.973545 1e-20
5990.8987 0.97438 1e-20
5990.9836 0.978936 1e-20
5991.0685 0.966414 1e-20
5991.1534 0.889449 1e-20
5991.2383 0.750277 1e-20
5991.3231 0.638961 1e-20
5991.408 0.642225 1e-20
5991.4929 0.679868 1e-20
5991.5778 0.610482 1e-20
5991.6627 0.558587 1e-20
5991.7476 0.603633 1e-20
5991.8324 0.528577 1e-20
5991.9173 0.316275 1e-20
5992.0022 0.276164 1e-20
5992.0871 0.425945 1e-20
5992.172 0.512069 1e-20
5992.2568 0.558575 1e-20
5992.3417 0.671815 1e-20
5992.4266 0.786964 1e-20
5992.5115 0.811987 1e-20
5992.5964 0.793397 1e-20
5992.6812 0.761961 1e-20
5992.7661 0.76711 1e-20
5992.851 0.830259 1e-20
5992.9359 0.885696 1e-20
5993.0208 0.864411 1e-20
5993.1057 0.748811 1e-20
5993.1905 0.559436 1e-20
5993.2754 0.378411 1e-20
5993.3603 0.455563 1e-20
5993.4452 0.754804 1e-20
5993.5301 0.932801 1e-20
5993.6149 0.933457 1e-20
5993.6998 0.813747 1e-20
5993.7847 0.689548 1e-20
5993.8696 0.71499 1e-20
5993.9545 0.81871 1e-20
5994.0394 0.869036 1e-20
5994.1242 0.890783 1e-20
5994.2091 0.924072 1e-20
5994.294 0.93784 1e-20
5994.3789 0.955229 1e-20
5994.4638 0.971592 1e-20
5994.5486 0.967235 1e-20
5994.6335 0.946388 1e-20
5994.7184 0.919281 1e-20
5994.8033 0.932421 1e-20
5994.8882 0.975272 1e-20
5994.9731 0.986409 1e-20
5995.0579 0.981207 1e-20
5995.1428 0.98795 1e-20
5995.2277 0.997679 1e-20
5995.3126 0.989943 1e-20
5995.3975 0.987846 1e-20
5995.4823 0.97642 1e-20
5995.5672 0.92063 1e-20
5995.6521 0.752403 1e-20
5995.737 0.612366 1e-20
5995.8219 0.611637 1e-20
5995.9068 0.713004 1e-20
5995.9916 0.846689 1e-20
5996.0765 0.922414 1e-20
5996.1614 0.949486 1e-20
5996.2463 0.981248 1e-20
5996.3312 0.993861 1e-20
5996.416 0.983342 1e-20
5996.5009 0.976492 1e-20
5996.5858 0.974476 1e-20
5996.6707 0.982008 1e-20
5996.7556 0.991579 1e-20
5996.8405 0.993552 1e-20
5996.9253 0.993133 1e-20
5997.0102 0.985583 1e-20
5997.0951 0.979811 1e-20
5997.18 0.95963 1e-20
5997.2649 0.895356 1e-20
5997.3497 0.798764 1e-20
5997.4346 0.720702 1e-20
5997.5195 0.745001 1e-20
5997.6044 0.772029 1e-20
5997.6893 0.730616 1e-20
5997.7742 0.73589 1e-20
5997.859 0.747587 1e-20
5997.9439 0.553404 1e-20
5998.0288 0.340922 1e-20
5998.1137 0.415873 1e-20
5998.1986 0.623789 1e-20
5998.2834 0.706806 1e-20
5998.3683 0.751614 1e-20
5998.4532 0.842067 1e-20
5998.5381 0.893556 1e-20
5998.623 0.885871 1e-20
5998.7079 0.864092 1e-20
5998.7927 0.854124 1e-20
5998.8776 0.884779 1e-20
5998.9625 0.933818 1e-20
5999.0474 0.943744 1e-20
5999.1323 0.906481 1e-20
5999.2171 0.789496 1e-20
5999.302 0.59046 1e-20
5999.3869 0.495153 1e-20
5999.4718 0.657755 1e-20
5999.5567 0.891459 1e-20
5999.6416 0.974063 1e-20
5999.7264 0.938965 1e-20
5999.8113 0.848575 1e-20
5999.8962 0.790588 1e-20
5999.9811 0.834457 1e-20
6000.066 0.900034 1e-20
6000.1508 0.901181 1e-20
6000.2357 0.911102 1e-20
6000.3206 0.917053 1e-20
6000.4055 0.919863 1e-20
6000.4904 0.964149 1e-20
6000.5753 0.99433 1e-20
6000.6601 0.981306 1e-20
6000.745 0.962649 1e-20
6000.8299 0.960627 1e-20
6000.9148 0.973486 1e-20
6000.9997 0.991485 1e-20
6001.0845 0.985836 1e-20
6001.1694 0.972919 1e-20
6001.2543 0.990062 1e-20
6001.3392 1.00413 1e-20
6001.4241 0.988407 1e-20
6001.509 0.974866 1e-20
6001.5938 0.975271 1e-20
6001.6787 0.907487 1e-20
6001.7636 0.77689 1e-20
6001.8485 0.710878 1e-20
6001.9334 0.738405 1e-20
6002.0182 0.819874 1e-20
6002.1031 0.911917 1e-20
6002.188 0.9702 1e-20
6002.2729 0.980705 1e-20
6002.3578 0.986898 1e-20
6002.4426 1.00674 1e-20
6002.5275 1.01295 1e-20
6002.6124 0.989586 1e-20
6002.6973 0.980392 1e-20
6002.7822 0.99693 1e-20
6002.8671 1.01819 1e-20
6002.9519 1.01287 1e-20
6003.0368 0.997442 1e-20
6003.1217 0.984798 1e-20
6003.2066 0.984304 1e-20
6003.2915 0.989857 1e-20
6003.3763 0.999791 1e-20
6003.4612 0.996746 1e-20
6003.5461 0.97599 1e-20
6003.631 0.979208 1e-20
6003.7159 1.00042 1e-20
6003.8008 1.00478 1e-20
6003.8856 0.997081 1e-20
6003.9705 0.997002 1e-20
6004.0554 1.00669 1e-20
6004.1403 1.00767 1e-20
6004.2252 1.00354 1e-20
6004.31 1.00636 1e-20
6004.3949 1.00131 1e-20
6004.4798 1.00514 1e-20
6004.5647 0.995974 1e-20
6004.6496 0.987424 1e-20
6004.7345 0.992655 1e-20
6004.8193 1.00376 1e-20
6004.9042 1.00611 1e-20
6004.9891 0.996768 1e-20
6005.074 0.987476 1e-20
6005.1589 0.976023 1e-20
6005.2437 0.988143 1e-20
6005.3286 1.00367 1e-20
6005.4135 1.00696 1e-20
6005.4984 1.00982 1e-20
6005.5833 0.996589 1e-20
6005.6682 1.00327 1e-20
6005.753 1.00036 1e-20
6005.8379 0.990702 1e-20
6005.9228 0.990377 1e-20
6006.0077 0.999992 1e-20
6006.0926 1.00393 1e-20
6006.1774 1.00546 1e-20
6006.2623 1.00881 1e-20
6006.3472 1.00421 1e-20
6006.4321 1.00168 1e-20
6006.517 1.00237 1e-20
6006.6019 1.0088 1e-20
6006.6867 1.01075 1e-20
6006.7716 1.00443 1e-20
6006.8565 1.00416 1e-20
6006.9414 1.01273 1e-20
6007.0263 1.0176 1e-20
6007.1111 1.00237 1e-20
6007.196 0.999473 1e-20
6007.2809 0.999127 1e-20
6007.3658 1.00198 1e-20
6007.4507 1.0102 1e-20
6007.5356 1.00865 1e-20
6007.6204 0.999239 1e-20
6007.7053 1.00572 1e-20
6007.7902 1.00341 1e-20
6007.8751 1.00301 1e-20
6007.96 0.994828 1e-20
6008.0448 0.999744 1e-20
6008.1297 1.01034 1e-20
6008.2146 1.00115 1e-20
