3900.0 -3.840173e-12 1e-20
3904.0 -4.577606e-12 1e-20
3908.0 2.169002e-11 1e-20
3912.0 7.386764e-12 1e-20
3916.0 5.220818e-11 1e-20
3920.0 3.56117e-11 1e-20
3924.0 4.942719e-11 1e-20
3928.0 7.780646e-11 1e-20
3932.0 6.555084e-11 1e-20
3936.0 8.070664e-12 1e-20
3940.0 8.966983e-12 1e-20
3944.0 1.109382e-11 1e-20
3948.0 3.278634e-11 1e-20
3952.0 3.194431e-12 1e-20
3956.0 4.016103e-11 1e-20
3960.0 3.241996e-11 1e-20
3964.0 5.287603e-11 1e-20
3968.0 6.697946e-11 1e-20
3972.0 2.331036e-11 1e-20
3976.0 4.360543e-11 1e-20
3980.0 4.22153e-11 1e-20
3984.0 8.731917e-12 1e-20
3988.0 8.371422e-12 1e-20
3992.0 5.628173e-12 1e-20
3996.0 5.896911e-12 1e-20
4000.0 9.51359e-12 1e-20
4004.0 1.677969e-11 1e-20
4008.0 -1.549376e-11 1e-20
4012.0 1.822414e-11 1e-20
4016.0 -1.595502e-11 1e-20
4020.0 -5.648745e-12 1e-20
4024.0 1.045786e-12 1e-20
4028.0 1.644818e-11 1e-20
4032.0 6.411485e-12 1e-20
4036.0 3.317847e-13 1e-20
4040.0 8.026225e-12 1e-20
4044.0 4.987125e-12 1e-20
4048.0 5.130198e-12 1e-20
4052.0 1.420445e-12 1e-20
4056.0 2.953875e-12 1e-20
4060.0 2.206108e-11 1e-20
4064.0 1.973077e-11 1e-20
4068.0 1.080151e-11 1e-20
4072.0 8.089414e-12 1e-20
4076.0 1.887648e-11 1e-20
4080.0 4.463551e-12 1e-20
4084.0 2.552744e-12 1e-20
4088.0 -1.165536e-12 1e-20
4092.0 1.983801e-12 1e-20
4096.0 3.579402e-12 1e-20
4100.0 6.503265e-12 1e-20
4104.0 -2.468413e-12 1e-20
4108.0 1.500904e-13 1e-20
4112.0 -6.391569e-12 1e-20
4116.0 -1.128723e-14 1e-20
4120.0 -4.839983e-12 1e-20
4124.0 1.015527e-11 1e-20
4128.0 7.364334e-12 1e-20
4132.0 1.426959e-11 1e-20
4136.0 2.421811e-12 1e-20
4140.0 6.294027e-12 1e-20
4144.0 8.690676e-12 1e-20
4148.0 2.572483e-12 1e-20
4152.0 1.105299e-12 1e-20
4156.0 -1.752147e-12 1e-20
4160.0 2.193013e-12 1e-20
4164.0 -1.524759e-12 1e-20
4168.0 -1.644691e-13 1e-20
4172.0 -7.580176e-13 1e-20
4176.0 2.262426e-12 1e-20
4180.0 7.397165e-13 1e-20
4184.0 5.761873e-12 1e-20
4188.0 8.556134e-12 1e-20
4192.0 1.365577e-12 1e-20
4196.0 5.599628e-12 1e-20
4200.0 1.666231e-12 1e-20
4204.0 1.32039e-12 1e-20
4208.0 2.998327e-13 1e-20
4212.0 2.614584e-12 1e-20
4216.0 1.379246e-12 1e-20
4220.0 3.063975e-12 1e-20
4224.0 9.433744e-13 1e-20
4228.0 4.090459e-12 1e-20
4232.0 1.325903e-12 1e-20
4236.0 5.941415e-12 1e-20
4240.0 2.070785e-15 1e-20
4244.0 6.434725e-12 1e-20
4248.0 2.266538e-12 1e-20
4252.0 4.00041e-12 1e-20
4256.0 1.215916e-12 1e-20
4260.0 3.24831e-12 1e-20
4264.0 3.18798e-12 1e-20
4268.0 1.594746e-12 1e-20
4272.0 4.950594e-12 1e-20
4276.0 5.091852e-13 1e-20
4280.0 1.472615e-12 1e-20
4284.0 1.605817e-12 1e-20
4288.0 -7.856209e-13 1e-20
4292.0 -7.247648e-13 1e-20
4296.0 1.068068e-12 1e-20
4300.0 1.12686e-12 1e-20
4304.0 1.525742e-12 1e-20
4308.0 8.66012e-13 1e-20
4312.0 1.979523e-12 1e-20
4316.0 6.789762e-13 1e-20
4320.0 2.62483e-12 1e-20
4324.0 9.041647e-13 1e-20
4328.0 2.603192e-12 1e-20
4332.0 8.65228e-14 1e-20
4336.0 1.68087e-12 1e-20
4340.0 5.881729e-13 1e-20
4344.0 9.842938e-13 1e-20
4348.0 2.128182e-15 1e-20
4352.0 4.576257e-16 1e-20
4356.0 1.665823e-16 1e-20
4360.0 2.232666e-15 1e-20
4364.0 2.158041e-15 1e-20
4368.0 1.079027e-16 1e-20
4372.0 -6.215449e-16 1e-20
4376.0 1.485013e-13 1e-20
4380.0 1.48588e-13 1e-20
4384.0 8.296475e-13 1e-20
4388.0 -8.78515e-16 1e-20
4392.0 2.084033e-13 1e-20
4396.0 6.516363e-16 1e-20
4400.0 2.309813e-15 1e-20
4404.0 2.7828e-13 1e-20
4408.0 6.911769e-14 1e-20
4412.0 5.288892e-13 1e-20
4416.0 3.622573e-13 1e-20
4420.0 1.928513e-13 1e-20
4424.0 4.236141e-13 1e-20
4428.0 2.428816e-14 1e-20
4432.0 1.763021e-13 1e-20
4436.0 9.124537e-13 1e-20
4440.0 5.607199e-13 1e-20
4444.0 5.217456e-13 1e-20
4448.0 7.229211e-14 1e-20
4452.0 2.987256e-14 1e-20
4456.0 2.731107e-15 1e-20
4460.0 -6.009565e-16 1e-20
4464.0 2.059e-15 1e-20
4468.0 1.424031e-15 1e-20
4472.0 2.197241e-15 1e-20
4476.0 2.650797e-15 1e-20
4480.0 2.549775e-15 1e-20
4484.0 1.221175e-15 1e-20
4488.0 6.632119e-16 1e-20
4492.0 1.802175e-15 1e-20
4496.0 1.385735e-15 1e-20
4500.0 1.234907e-15 1e-20
4504.0 9.92893e-16 1e-20
4508.0 1.582921e-15 1e-20
4512.0 9.488545e-14 1e-20
4516.0 9.436835e-14 1e-20
4520.0 3.896225e-16 1e-20
4524.0 9.447546e-14 1e-20
4528.0 1.07168e-15 1e-20
4532.0 9.700094e-16 1e-20
4536.0 1.632864e-15 1e-20
4540.0 1.627202e-15 1e-20
4544.0 1.311446e-15 1e-20
4548.0 4.71821e-16 1e-20
4552.0 2.9122e-16 1e-20
4556.0 1.746873e-15 1e-20
4560.0 3.620105e-16 1e-20
4564.0 3.413735e-16 1e-20
4568.0 -4.510854e-16 1e-20
4572.0 1.045529e-13 1e-20
4576.0 2.530797e-14 1e-20
4580.0 7.234354e-16 1e-20
4584.0 5.114702e-14 1e-20
4588.0 3.15117e-16 1e-20
4592.0 3.958189e-16 1e-20
4596.0 5.751101e-16 1e-20
4600.0 1.245209e-15 1e-20
4604.0 1.163924e-15 1e-20
4608.0 1.915758e-15 1e-20
4612.0 1.482424e-15 1e-20
4616.0 1.591829e-15 1e-20
4620.0 1.527327e-15 1e-20
4624.0 8.515098e-16 1e-20
4628.0 4.990809e-16 1e-20
4632.0 1.592013e-15 1e-20
4636.0 1.908994e-15 1e-20
4640.0 1.017481e-15 1e-20
4644.0 1.503498e-15 1e-20
4648.0 2.084236e-15 1e-20
4652.0 9.815844e-16 1e-20
4656.0 1.542729e-15 1e-20
4660.0 6.797094e-16 1e-20
4664.0 7.358783e-16 1e-20
4668.0 1.129961e-15 1e-20
4672.0 7.68354e-16 1e-20
4676.0 3.518905e-16 1e-20
4680.0 9.811099e-16 1e-20
4684.0 9.996889e-16 1e-20
4688.0 1.627832e-15 1e-20
4692.0 1.334801e-15 1e-20
4696.0 1.816186e-15 1e-20
4700.0 1.025766e-15 1e-20
4704.0 1.983118e-15 1e-20
4708.0 1.529603e-15 1e-20
4712.0 6.839391e-16 1e-20
4716.0 1.046653e-15 1e-20
4720.0 1.803398e-15 1e-20
4724.0 1.483409e-15 1e-20
4728.0 1.768676e-15 1e-20
4732.0 1.560676e-15 1e-20
4736.0 1.468546e-15 1e-20
4740.0 6.732956e-16 1e-20
4744.0 9.628737e-16 1e-20
4748.0 1.166246e-15 1e-20
4752.0 -4.645654e-16 1e-20
4756.0 6.075684e-16 1e-20
4760.0 1.483642e-15 1e-20
4764.0 8.07099e-16 1e-20
4768.0 1.008946e-15 1e-20
4772.0 5.098863e-16 1e-20
4776.0 -1.990825e-16 1e-20
4780.0 6.958896e-16 1e-20
4784.0 1.573452e-15 1e-20
4788.0 1.189497e-15 1e-20
4792.0 8.221211e-16 1e-20
4796.0 1.426192e-16 1e-20
4800.0 1.133961e-15 1e-20
4804.0 1.250297e-15 1e-20
4808.0 1.112905e-15 1e-20
4812.0 5.496909e-16 1e-20
4816.0 9.4885e-16 1e-20
4820.0 7.484642e-16 1e-20
4824.0 9.210463e-16 1e-20
4828.0 1.628536e-15 1e-20
4832.0 6.89877e-16 1e-20
4836.0 7.84329e-16 1e-20
4840.0 1.216039e-15 1e-20
4844.0 1.960043e-15 1e-20
4848.0 9.478035e-16 1e-20
4852.0 1.015062e-15 1e-20
4856.0 1.421901e-15 1e-20
4860.0 1.130652e-15 1e-20
4864.0 1.320727e-15 1e-20
4868.0 1.553707e-15 1e-20
4872.0 8.08951e-16 1e-20
4876.0 1.276886e-15 1e-20
4880.0 6.089578e-16 1e-20
4884.0 1.364321e-15 1e-20
4888.0 2.429773e-16 1e-20
4892.0 1.021379e-15 1e-20
4896.0 1.594464e-15 1e-20
4900.0 1.349883e-15 1e-20
4904.0 1.122727e-15 1e-20
4908.0 6.503105e-16 1e-20
4912.0 8.129189e-16 1e-20
4916.0 1.12513e-15 1e-20
4920.0 1.492672e-15 1e-20
4924.0 1.591705e-15 1e-20
4928.0 7.49839e-16 1e-20
4932.0 1.223603e-15 1e-20
4936.0 1.456766e-15 1e-20
4940.0 1.519408e-15 1e-20
4944.0 1.237267e-15 1e-20
4948.0 1.446974e-15 1e-20
4952.0 1.212205e-15 1e-20
4956.0 1.284259e-15 1e-20
4960.0 7.319746e-16 1e-20
4964.0 1.132044e-15 1e-20
4968.0 7.105594e-16 1e-20
4972.0 1.269726e-15 1e-20
4976.0 8.027166e-16 1e-20
4980.0 1.207281e-15 1e-20
4984.0 5.104976e-16 1e-20
4988.0 9.081826e-16 1e-20
4992.0 1.102275e-15 1e-20
4996.0 1.013621e-15 1e-20
5000.0 1.365283e-15 1e-20
5004.0 1.41248e-15 1e-20
5008.0 1.196285e-15 1e-20
5012.0 1.123471e-15 1e-20
5016.0 7.957487e-16 1e-20
5020.0 5.344928e-16 1e-20
5024.0 1.022657e-15 1e-20
5028.0 1.660033e-15 1e-20
5032.0 1.386145e-15 1e-20
5036.0 1.613763e-15 1e-20
5040.0 1.182622e-15 1e-20
5044.0 1.204796e-15 1e-20
5048.0 1.341139e-15 1e-20
5052.0 1.325119e-15 1e-20
5056.0 9.378537e-16 1e-20
5060.0 7.141909e-16 1e-20
5064.0 1.430711e-15 1e-20
5068.0 1.760526e-15 1e-20
5072.0 1.636706e-15 1e-20
5076.0 1.290658e-15 1e-20
5080.0 1.198073e-15 1e-20
5084.0 1.168988e-15 1e-20
5088.0 1.477937e-15 1e-20
5092.0 1.371068e-15 1e-20
5096.0 1.201893e-15 1e-20
5100.0 1.833682e-15 1e-20
5104.0 1.287182e-15 1e-20
5108.0 1.546393e-15 1e-20
5112.0 7.764905e-16 1e-20
5116.0 8.226768e-16 1e-20
5120.0 1.002694e-15 1e-20
5124.0 1.027788e-15 1e-20
5128.0 1.176671e-15 1e-20
5132.0 1.3015e-15 1e-20
5136.0 1.224506e-15 1e-20
5140.0 9.090309e-16 1e-20
5144.0 1.034004e-15 1e-20
5148.0 1.846586e-15 1e-20
5152.0 1.726662e-15 1e-20
5156.0 1.51058e-15 1e-20
5160.0 1.510366e-15 1e-20
5164.0 2.066173e-15 1e-20
5168.0 1.358439e-15 1e-20
5172.0 1.017627e-15 1e-20
5176.0 7.963154e-16 1e-20
5180.0 1.107551e-15 1e-20
5184.0 1.516872e-15 1e-20
5188.0 1.556712e-15 1e-20
5192.0 1.452102e-15 1e-20
5196.0 1.655531e-15 1e-20
5200.0 1.191606e-15 1e-20
5204.0 1.342506e-15 1e-20
5208.0 9.920231e-16 1e-20
5212.0 1.273702e-15 1e-20
5216.0 1.26089e-15 1e-20
5220.0 1.098754e-15 1e-20
5224.0 1.457257e-15 1e-20
5228.0 1.400468e-15 1e-20
5232.0 1.539802e-15 1e-20
5236.0 1.341689e-15 1e-20
5240.0 1.060857e-15 1e-20
5244.0 8.752884e-16 1e-20
5248.0 1.192971e-15 1e-20
5252.0 1.552188e-15 1e-20
5256.0 1.593491e-15 1e-20
5260.0 1.17524e-15 1e-20
5264.0 1.122344e-15 1e-20
5268.0 1.206335e-15 1e-20
5272.0 1.338647e-15 1e-20
5276.0 1.133311e-15 1e-20
5280.0 1.372517e-15 1e-20
5284.0 1.043364e-15 1e-20
5288.0 9.692777e-16 1e-20
5292.0 1.087134e-15 1e-20
5296.0 7.89475e-16 1e-20
5300.0 1.163043e-15 1e-20
5304.0 8.930362e-16 1e-20
5308.0 6.494715e-16 1e-20
5312.0 9.900195e-16 1e-20
5316.0 1.010334e-15 1e-20
5320.0 9.662505e-16 1e-20
5324.0 9.146844e-16 1e-20
5328.0 1.229331e-15 1e-20
5332.0 1.209738e-15 1e-20
5336.0 9.372122e-16 1e-20
5340.0 1.018329e-15 1e-20
5344.0 1.10347e-15 1e-20
5348.0 1.044986e-15 1e-20
5352.0 8.067237e-16 1e-20
5356.0 9.266554e-16 1e-20
5360.0 1.074815e-15 1e-20
5364.0 1.297181e-15 1e-20
5368.0 1.06697e-15 1e-20
5372.0 1.070994e-15 1e-20
5376.0 1.118753e-15 1e-20
5380.0 1.317613e-15 1e-20
5384.0 1.062142e-15 1e-20
5388.0 8.440409e-16 1e-20
5392.0 1.168206e-15 1e-20
5396.0 1.199155e-15 1e-20
5400.0 1.069491e-15 1e-20
5404.0 1.339829e-15 1e-20
5408.0 1.214537e-15 1e-20
5412.0 8.961842e-16 1e-20
5416.0 8.731397e-16 1e-20
5420.0 9.873798e-16 1e-20
5424.0 8.464555e-16 1e-20
5428.0 8.727192e-16 1e-20
5432.0 1.100711e-15 1e-20
5436.0 1.135485e-15 1e-20
5440.0 9.77003e-16 1e-20
5444.0 9.176198e-16 1e-20
5448.0 1.199677e-15 1e-20
5452.0 1.323882e-15 1e-20
5456.0 1.211823e-15 1e-20
5460.0 1.313504e-15 1e-20
5464.0 1.31157e-15 1e-20
5468.0 1.108518e-15 1e-20
5472.0 1.006187e-15 1e-20
5476.0 1.12615e-15 1e-20
5480.0 1.228348e-15 1e-20
5484.0 1.052752e-15 1e-20
5488.0 1.211473e-15 1e-20
5492.0 1.368248e-15 1e-20
5496.0 1.235346e-15 1e-20
5500.0 1.181707e-15 1e-20
5504.0 1.027477e-15 1e-20
5508.0 1.007156e-15 1e-20
5512.0 9.884335e-16 1e-20
5516.0 5.336544e-16 1e-20
5520.0 5.646247e-16 1e-20
5524.0 7.249953e-16 1e-20
5528.0 1.108888e-15 1e-20
5532.0 1.139514e-15 1e-20
5536.0 7.227671e-16 1e-20
5540.0 7.598397e-16 1e-20
5544.0 1.082994e-15 1e-20
5548.0 9.796519e-16 1e-20
5552.0 1.217202e-15 1e-20
5556.0 1.193363e-15 1e-20
5560.0 1.114159e-15 1e-20
5564.0 8.946775e-16 1e-20
5568.0 1.085955e-15 1e-20
5572.0 1.407055e-15 1e-20
5576.0 4.950824e-16 1e-20
5580.0 1.029388e-15 1e-20
5584.0 9.294833e-16 1e-20
5588.0 7.627295e-16 1e-20
5592.0 9.117499e-16 1e-20
5596.0 1.034128e-15 1e-20
5600.0 8.398622e-16 1e-20
5604.0 9.517123e-16 1e-20
5608.0 9.484267e-16 1e-20
5612.0 1.045185e-15 1e-20
5616.0 6.059738e-16 1e-20
5620.0 7.712278e-16 1e-20
5624.0 7.840287e-16 1e-20
5628.0 8.703483e-16 1e-20
5632.0 5.624326e-16 1e-20
5636.0 7.736144e-16 1e-20
5640.0 6.788938e-16 1e-20
5644.0 8.460307e-16 1e-20
5648.0 8.871243e-16 1e-20
5652.0 6.716497e-16 1e-20
5656.0 9.064264e-16 1e-20
5660.0 6.757965e-16 1e-20
5664.0 7.260827e-16 1e-20
5668.0 9.71787e-16 1e-20
5672.0 4.741539e-16 1e-20
5676.0 4.828191e-16 1e-20
5680.0 8.516078e-16 1e-20
5684.0 1.347264e-15 1e-20
5688.0 9.080875e-16 1e-20
5692.0 3.340703e-16 1e-20
5696.0 9.091848e-16 1e-20
5700.0 6.841582e-16 1e-20
5704.0 8.451554e-16 1e-20
5708.0 9.012529e-16 1e-20
5712.0 3.987507e-16 1e-20
5716.0 5.424829e-16 1e-20
5720.0 4.68272e-16 1e-20
5724.0 6.960481e-16 1e-20
5728.0 8.085778e-16 1e-20
5732.0 8.753795e-16 1e-20
5736.0 8.673123e-16 1e-20
5740.0 7.331284e-16 1e-20
5744.0 9.786455e-16 1e-20
5748.0 7.707268e-16 1e-20
5752.0 4.440791e-16 1e-20
5756.0 7.849496e-16 1e-20
5760.0 1.156007e-15 1e-20
5764.0 8.231178e-16 1e-20
5768.0 7.205413e-16 1e-20
5772.0 1.256511e-15 1e-20
5776.0 1.159742e-15 1e-20
5780.0 1.558477e-15 1e-20
5784.0 1.01568e-15 1e-20
5788.0 1.246513e-15 1e-20
5792.0 1.042496e-15 1e-20
5796.0 7.819695e-16 1e-20
5800.0 1.103283e-15 1e-20
5804.0 9.893258e-16 1e-20
5808.0 1.056578e-15 1e-20
5812.0 9.297221e-16 1e-20
5816.0 1.05221e-15 1e-20
5820.0 7.934049e-16 1e-20
5824.0 8.923639e-16 1e-20
5828.0 9.052365e-16 1e-20
5832.0 8.879035e-16 1e-20
5836.0 9.18735e-16 1e-20
5840.0 7.864958e-16 1e-20
5844.0 9.244605e-16 1e-20
5848.0 7.038232e-16 1e-20
5852.0 7.450777e-16 1e-20
5856.0 8.303382e-16 1e-20
5860.0 9.104384e-16 1e-20
5864.0 8.106556e-16 1e-20
5868.0 8.882617e-16 1e-20
5872.0 1.054384e-15 1e-20
5876.0 7.752886e-16 1e-20
5880.0 1.01529e-15 1e-20
5884.0 7.732386e-16 1e-20
5888.0 8.22418e-16 1e-20
5892.0 1.019635e-15 1e-20
5896.0 8.558893e-16 1e-20
5900.0 9.880362e-16 1e-20
5904.0 1.057512e-15 1e-20
5908.0 8.757806e-16 1e-20
5912.0 8.006159e-16 1e-20
5916.0 8.717008e-16 1e-20
5920.0 5.280995e-16 1e-20
5924.0 7.313692e-16 1e-20
5928.0 9.827888e-16 1e-20
5932.0 1.008936e-15 1e-20
5936.0 6.36392e-16 1e-20
5940.0 9.845622e-16 1e-20
5944.0 8.804766e-16 1e-20
5948.0 7.359825e-16 1e-20
5952.0 1.001102e-15 1e-20
5956.0 4.089156e-16 1e-20
5960.0 1.070027e-15 1e-20
5964.0 8.307508e-16 1e-20
5968.0 1.239302e-15 1e-20
5972.0 8.940502e-16 1e-20
5976.0 7.031723e-16 1e-20
5980.0 5.536269e-16 1e-20
5984.0 7.207322e-16 1e-20
5988.0 5.951598e-16 1e-20
5992.0 4.85568e-16 1e-20
5996.0 5.995013e-16 1e-20
6000.0 8.105359e-16 1e-20
6004.0 6.608957e-16 1e-20
6008.0 7.110251e-16 1e-20
6012.0 5.337881e-16 1e-20
6016.0 3.219858e-16 1e-20
6020.0 8.349077e-16 1e-20
6024.0 7.217116e-16 1e-20
6028.0 5.058169e-16 1e-20
6032.0 5.479627e-16 1e-20
6036.0 4.967766e-16 1e-20
6040.0 6.074507e-16 1e-20
6044.0 5.206891e-16 1e-20
6048.0 4.742118e-16 1e-20
6052.0 5.483139e-16 1e-20
6056.0 3.681006e-16 1e-20
6060.0 3.923584e-16 1e-20
6064.0 3.611922e-16 1e-20
6068.0 6.393273e-16 1e-20
6072.0 6.575012e-16 1e-20
6076.0 3.623676e-16 1e-20
6080.0 3.871862e-16 1e-20
6084.0 5.649727e-16 1e-20
6088.0 4.537304e-16 1e-20
6092.0 2.980688e-16 1e-20
6096.0 4.273899e-16 1e-20
6100.0 2.729193e-16 1e-20
6104.0 6.569944e-16 1e-20
6108.0 6.009036e-16 1e-20
6112.0 3.56208e-16 1e-20
6116.0 2.895431e-16 1e-20
6120.0 5.674279e-16 1e-20
6124.0 3.132649e-16 1e-20
6128.0 3.63094e-16 1e-20
6132.0 5.58483e-16 1e-20
6136.0 4.08886e-16 1e-20
6140.0 3.290693e-16 1e-20
6144.0 4.441614e-16 1e-20
6148.0 5.316386e-16 1e-20
6152.0 7.640795e-16 1e-20
6156.0 7.079348e-16 1e-20
6160.0 6.25327e-16 1e-20
6164.0 4.956863e-16 1e-20
6168.0 7.264192e-16 1e-20
6172.0 4.35316e-16 1e-20
6176.0 4.577222e-16 1e-20
6180.0 3.545455e-16 1e-20
6184.0 4.161354e-16 1e-20
6188.0 6.723818e-16 1e-20
6192.0 5.915864e-16 1e-20
6196.0 7.125442e-16 1e-20
6200.0 6.402283e-16 1e-20
6204.0 1.005672e-15 1e-20
6208.0 5.478493e-16 1e-20
6212.0 6.220058e-16 1e-20
6216.0 7.742913e-16 1e-20
6220.0 6.58451e-16 1e-20
6224.0 6.971863e-16 1e-20
6228.0 6.742385e-16 1e-20
6232.0 6.407155e-16 1e-20
6236.0 9.323126e-16 1e-20
6240.0 6.642986e-16 1e-20
6244.0 8.792181e-16 1e-20
6248.0 5.51624e-16 1e-20
6252.0 5.223397e-16 1e-20
6256.0 5.701463e-16 1e-20
6260.0 7.128778e-16 1e-20
6264.0 5.963494e-16 1e-20
6268.0 6.808215e-16 1e-20
6272.0 6.135657e-16 1e-20
6276.0 7.161621e-16 1e-20
6280.0 7.002695e-16 1e-20
6284.0 6.124471e-16 1e-20
6288.0 7.677079e-16 1e-20
6292.0 7.323492e-16 1e-20
6296.0 7.484513e-16 1e-20
6300.0 7.404205e-16 1e-20
6304.0 8.152535e-16 1e-20
6308.0 7.281667e-16 1e-20
6312.0 6.739051e-16 1e-20
6316.0 6.60679e-16 1e-20
6320.0 5.888534e-16 1e-20
6324.0 8.085364e-16 1e-20
6328.0 7.237356e-16 1e-20
6332.0 7.642708e-16 1e-20
6336.0 7.211522e-16 1e-20
6340.0 6.75093e-16 1e-20
6344.0 8.667737e-16 1e-20
6348.0 7.408669e-16 1e-20
6352.0 7.30359e-16 1e-20
6356.0 5.832756e-16 1e-20
6360.0 9.030224e-16 1e-20
6364.0 8.300141e-16 1e-20
6368.0 9.050338e-16 1e-20
6372.0 7.779201e-16 1e-20
6376.0 6.415399e-16 1e-20
6380.0 1.102589e-15 1e-20
6384.0 1.052814e-15 1e-20
6388.0 6.363346e-16 1e-20
6392.0 6.7717e-16 1e-20
6396.0 7.935666e-16 1e-20
6400.0 8.88506e-16 1e-20
6404.0 1.065306e-15 1e-20
6408.0 5.804107e-16 1e-20
6412.0 5.690671e-16 1e-20
6416.0 6.819134e-16 1e-20
6420.0 7.809145e-16 1e-20
6424.0 6.965043e-16 1e-20
6428.0 8.514058e-16 1e-20
6432.0 7.323519e-16 1e-20
6436.0 5.724936e-16 1e-20
6440.0 6.206544e-16 1e-20
6444.0 6.707074e-16 1e-20
6448.0 8.154247e-16 1e-20
6452.0 7.482728e-16 1e-20
6456.0 6.44641e-16 1e-20
6460.0 7.921513e-16 1e-20
6464.0 7.931497e-16 1e-20
6468.0 7.71923e-16 1e-20
6472.0 7.477268e-16 1e-20
6476.0 5.539557e-16 1e-20
6480.0 7.252381e-16 1e-20
6484.0 8.543414e-16 1e-20
6488.0 5.893312e-16 1e-20
6492.0 5.331589e-16 1e-20
6496.0 7.888223e-16 1e-20
6500.0 7.144001e-16 1e-20
6504.0 4.970245e-16 1e-20
6508.0 6.850459e-16 1e-20
6512.0 4.741119e-16 1e-20
6516.0 5.198279e-16 1e-20
6520.0 6.678909e-16 1e-20
6524.0 7.271727e-16 1e-20
6528.0 9.244271e-16 1e-20
6532.0 6.70526e-16 1e-20
6536.0 4.692352e-16 1e-20
6540.0 4.99673e-16 1e-20
6544.0 5.187443e-16 1e-20
6548.0 8.56805e-16 1e-20
6552.0 7.607064e-16 1e-20
6556.0 6.82378e-16 1e-20
6560.0 5.119646e-16 1e-20
6564.0 7.179865e-16 1e-20
6568.0 7.357412e-16 1e-20
6572.0 6.717276e-16 1e-20
6576.0 5.215343e-16 1e-20
6580.0 5.438564e-16 1e-20
6584.0 6.974808e-16 1e-20
6588.0 6.596882e-16 1e-20
6592.0 6.937826e-16 1e-20
6596.0 4.687272e-16 1e-20
6600.0 3.534912e-16 1e-20
6604.0 5.44072e-16 1e-20
6608.0 4.949908e-16 1e-20
6612.0 6.669603e-16 1e-20
6616.0 6.782805e-16 1e-20
6620.0 5.295397e-16 1e-20
6624.0 6.278234e-16 1e-20
6628.0 7.374554e-16 1e-20
6632.0 7.169874e-16 1e-20
6636.0 4.555617e-16 1e-20
6640.0 5.679922e-16 1e-20
6644.0 5.110582e-16 1e-20
6648.0 6.259784e-16 1e-20
6652.0 4.920417e-16 1e-20
6656.0 6.34448e-16 1e-20
6660.0 4.840271e-16 1e-20
6664.0 7.61808e-16 1e-20
6668.0 6.47567e-16 1e-20
6672.0 7.374952e-16 1e-20
6676.0 6.598117e-16 1e-20
6680.0 6.965737e-16 1e-20
6684.0 6.184984e-16 1e-20
6688.0 6.498564e-16 1e-20
6692.0 6.543423e-16 1e-20
6696.0 7.235654e-16 1e-20
6700.0 4.960785e-16 1e-20
6704.0 5.392627e-16 1e-20
6708.0 6.291795e-16 1e-20
6712.0 5.894565e-16 1e-20
6716.0 6.040059e-16 1e-20
6720.0 5.753626e-16 1e-20
6724.0 6.953328e-16 1e-20
6728.0 6.663374e-16 1e-20
6732.0 5.444844e-16 1e-20
6736.0 5.274059e-16 1e-20
6740.0 4.670538e-16 1e-20
6744.0 3.896623e-16 1e-20
6748.0 6.402491e-16 1e-20
6752.0 6.084149e-16 1e-20
6756.0 5.280203e-16 1e-20
6760.0 4.057894e-16 1e-20
6764.0 6.481141e-16 1e-20
6768.0 5.920794e-16 1e-20
6772.0 5.156234e-16 1e-20
6776.0 4.897448e-16 1e-20
6780.0 4.403196e-16 1e-20
6784.0 4.772838e-16 1e-20
6788.0 5.26805e-16 1e-20
6792.0 5.661784e-16 1e-20
6796.0 4.088503e-16 1e-20
6800.0 3.948686e-16 1e-20
6804.0 4.451427e-16 1e-20
6808.0 5.294864e-16 1e-20
6812.0 6.296593e-16 1e-20
6816.0 4.532175e-16 1e-20
6820.0 5.516524e-16 1e-20
6824.0 6.275216e-16 1e-20
6828.0 5.48536e-16 1e-20
6832.0 4.956298e-16 1e-20
6836.0 5.498867e-16 1e-20
6840.0 4.456151e-16 1e-20
6844.0 3.977538e-16 1e-20
6848.0 6.282373e-16 1e-20
6852.0 6.363486e-16 1e-20
6856.0 6.636674e-16 1e-20
6860.0 7.8598e-16 1e-20
6864.0 3.985667e-16 1e-20
6868.0 5.057723e-16 1e-20
6872.0 5.83723e-16 1e-20
6876.0 5.520112e-16 1e-20
6880.0 6.607185e-16 1e-20
6884.0 4.284828e-16 1e-20
6888.0 4.028116e-16 1e-20
6892.0 5.547613e-16 1e-20
6896.0 6.103567e-16 1e-20
6900.0 4.968968e-16 1e-20
6904.0 6.987391e-16 1e-20
6908.0 5.965706e-16 1e-20
6912.0 4.776859e-16 1e-20
6916.0 4.449696e-16 1e-20
6920.0 5.314198e-16 1e-20
6924.0 5.756625e-16 1e-20
6928.0 5.312452e-16 1e-20
6932.0 4.146777e-16 1e-20
6936.0 6.328567e-16 1e-20
6940.0 5.116408e-16 1e-20
6944.0 5.485925e-16 1e-20
6948.0 4.812552e-16 1e-20
6952.0 5.051953e-16 1e-20
6956.0 6.36035e-16 1e-20
6960.0 5.038832e-16 1e-20
6964.0 3.303262e-16 1e-20
6968.0 5.140237e-16 1e-20
6972.0 5.315205e-16 1e-20
6976.0 6.246037e-16 1e-20
6980.0 4.222955e-16 1e-20
6984.0 3.74569e-16 1e-20
6988.0 3.030045e-16 1e-20
6992.0 5.346568e-16 1e-20
6996.0 6.304303e-16 1e-20
7000.0 6.311846e-16 1e-20
7004.0 5.179028e-16 1e-20
7008.0 3.917892e-16 1e-20
7012.0 5.588304e-16 1e-20
7016.0 4.728542e-16 1e-20
7020.0 4.287836e-16 1e-20
7024.0 3.164435e-16 1e-20
7028.0 4.606078e-16 1e-20
7032.0 4.909633e-16 1e-20
7036.0 4.149418e-16 1e-20
7040.0 5.015217e-16 1e-20
7044.0 4.011851e-16 1e-20
7048.0 4.61871e-16 1e-20
7052.0 3.711693e-16 1e-20
7056.0 2.91225e-16 1e-20
7060.0 4.971738e-16 1e-20
7064.0 6.11331e-16 1e-20
7068.0 6.355508e-16 1e-20
7072.0 4.972029e-16 1e-20
7076.0 4.091403e-16 1e-20
7080.0 4.383961e-16 1e-20
7084.0 6.234574e-16 1e-20
7088.0 6.060683e-16 1e-20
7092.0 3.506478e-16 1e-20
7096.0 3.491856e-16 1e-20
7100.0 4.912872e-16 1e-20
7104.0 4.427623e-16 1e-20
7108.0 4.362501e-16 1e-20
7112.0 5.712494e-16 1e-20
7116.0 6.858212e-16 1e-20
7120.0 4.358528e-16 1e-20
7124.0 4.961795e-16 1e-20
7128.0 4.505219e-16 1e-20
7132.0 4.201624e-16 1e-20
7136.0 4.838929e-16 1e-20
7140.0 3.324366e-16 1e-20
7144.0 3.154064e-16 1e-20
7148.0 4.397192e-16 1e-20
7152.0 5.323128e-16 1e-20
7156.0 5.067569e-16 1e-20
7160.0 5.65831e-16 1e-20
7164.0 4.29068e-16 1e-20
7168.0 3.706932e-16 1e-20
7172.0 2.91588e-16 1e-20
7176.0 3.457838e-16 1e-20
7180.0 3.006339e-16 1e-20
7184.0 4.206279e-16 1e-20
7188.0 3.972799e-16 1e-20
7192.0 5.397087e-16 1e-20
7196.0 6.145176e-16 1e-20
7200.0 4.655504e-16 1e-20
7204.0 4.872265e-16 1e-20
7208.0 4.349952e-16 1e-20
7212.0 4.471e-16 1e-20
7216.0 4.211883e-16 1e-20
7220.0 5.887738e-16 1e-20
7224.0 5.044073e-16 1e-20
7228.0 4.303777e-16 1e-20
7232.0 3.389892e-16 1e-20
7236.0 3.926617e-16 1e-20
7240.0 4.491599e-16 1e-20
7244.0 4.557844e-16 1e-20
7248.0 4.322677e-16 1e-20
7252.0 1.637562e-16 1e-20
7256.0 3.309081e-16 1e-20
7260.0 4.717106e-16 1e-20
7264.0 3.09704e-16 1e-20
7268.0 4.552583e-16 1e-20
7272.0 3.040535e-16 1e-20
7276.0 4.914268e-16 1e-20
7280.0 4.583396e-16 1e-20
7284.0 2.592128e-16 1e-20
7288.0 3.800641e-16 1e-20
7292.0 6.297331e-16 1e-20
7296.0 5.217869e-16 1e-20
7300.0 4.442775e-16 1e-20
7304.0 4.687431e-16 1e-20
7308.0 3.410245e-16 1e-20
7312.0 2.442032e-16 1e-20
7316.0 3.440985e-16 1e-20
7320.0 3.981488e-16 1e-20
7324.0 5.723799e-16 1e-20
7328.0 5.185762e-16 1e-20
7332.0 4.687411e-16 1e-20
7336.0 3.980163e-16 1e-20
7340.0 5.066947e-16 1e-20
7344.0 3.836603e-16 1e-20
7348.0 4.891255e-16 1e-20
7352.0 2.533355e-16 1e-20
7356.0 2.728863e-16 1e-20
7360.0 3.791863e-16 1e-20
7364.0 3.095812e-16 1e-20
7368.0 4.161336e-16 1e-20
7372.0 2.404635e-16 1e-20
7376.0 2.674385e-16 1e-20
7380.0 4.440841e-16 1e-20
7384.0 3.754559e-16 1e-20
7388.0 4.170415e-16 1e-20
7392.0 2.430602e-16 1e-20
7396.0 3.005542e-16 1e-20
7400.0 3.189894e-16 1e-20
7404.0 4.027516e-16 1e-20
7408.0 4.25315e-16 1e-20
7412.0 3.810706e-16 1e-20
7416.0 2.940178e-16 1e-20
7420.0 2.881679e-16 1e-20
7424.0 3.230528e-16 1e-20
7428.0 3.042198e-16 1e-20
7432.0 2.508928e-16 1e-20
7436.0 2.950171e-16 1e-20
7440.0 3.809288e-16 1e-20
7444.0 4.357537e-16 1e-20
7448.0 1.754816e-16 1e-20
7452.0 2.63779e-16 1e-20
7456.0 3.790343e-16 1e-20
7460.0 3.42045e-16 1e-20
7464.0 4.727867e-16 1e-20
7468.0 1.901174e-16 1e-20
7472.0 3.264355e-16 1e-20
7476.0 2.471978e-16 1e-20
7480.0 3.424792e-16 1e-20
7484.0 5.279468e-16 1e-20
7488.0 3.07624e-16 1e-20
7492.0 2.294044e-16 1e-20
7496.0 2.502381e-16 1e-20
7500.0 3.661992e-16 1e-20
7504.0 3.733276e-16 1e-20
7508.0 4.001899e-16 1e-20
7512.0 2.04235e-16 1e-20
7516.0 2.549037e-16 1e-20
7520.0 2.364999e-16 1e-20
7524.0 4.131249e-16 1e-20
7528.0 4.341315e-16 1e-20
7532.0 2.198433e-16 1e-20
7536.0 2.183502e-16 1e-20
7540.0 3.28066e-16 1e-20
7544.0 3.879631e-16 1e-20
7548.0 3.825717e-16 1e-20
7552.0 1.636261e-16 1e-20
7556.0 3.142365e-16 1e-20
7560.0 2.768525e-16 1e-20
7564.0 4.365981e-16 1e-20
7568.0 4.172541e-16 1e-20
7572.0 3.934282e-16 1e-20
7576.0 2.051772e-16 1e-20
7580.0 2.302973e-16 1e-20
7584.0 3.417413e-16 1e-20
7588.0 2.019998e-16 1e-20
7592.0 1.320454e-16 1e-20
7596.0 1.153443e-16 1e-20
7600.0 1.366064e-17 1e-20
7604.0 2.82845e-17 1e-20
7608.0 7.620605e-17 1e-20
7612.0 9.549803e-17 1e-20
7616.0 2.843301e-16 1e-20
7620.0 2.125395e-16 1e-20
7624.0 1.856732e-16 1e-20
7628.0 2.395761e-17 1e-20
7632.0 6.814064e-17 1e-20
7636.0 2.499715e-17 1e-20
7640.0 1.279135e-16 1e-20
7644.0 8.62762e-17 1e-20
7648.0 3.420211e-16 1e-20
7652.0 2.848421e-16 1e-20
7656.0 3.52379e-16 1e-20
7660.0 1.469676e-16 1e-20
7664.0 3.286366e-16 1e-20
7668.0 2.000805e-16 1e-20
7672.0 2.7195e-16 1e-20
7676.0 4.29375e-16 1e-20
7680.0 2.617144e-16 1e-20
7684.0 4.743111e-16 1e-20
7688.0 1.747964e-16 1e-20
7692.0 3.818352e-16 1e-20
7696.0 3.330998e-16 1e-20
7700.0 2.188681e-16 1e-20
7704.0 5.176122e-16 1e-20
7708.0 5.449672e-16 1e-20
7712.0 1.450691e-16 1e-20
7716.0 2.725261e-16 1e-20
7720.0 4.185238e-16 1e-20
7724.0 3.625983e-16 1e-20
7728.0 4.249966e-16 1e-20
7732.0 3.711683e-16 1e-20
7736.0 4.297859e-16 1e-20
7740.0 2.764742e-16 1e-20
7744.0 3.449509e-16 1e-20
7748.0 2.691226e-16 1e-20
7752.0 3.312353e-16 1e-20
7756.0 4.035813e-16 1e-20
7760.0 1.92669e-16 1e-20
7764.0 3.670031e-16 1e-20
7768.0 2.679437e-16 1e-20
7772.0 1.604716e-16 1e-20
7776.0 1.809315e-16 1e-20
7780.0 3.025415e-16 1e-20
7784.0 1.896217e-16 1e-20
7788.0 2.830912e-16 1e-20
7792.0 1.838927e-16 1e-20
7796.0 2.669768e-16 1e-20
7800.0 2.123059e-16 1e-20
7804.0 2.785849e-16 1e-20
7808.0 2.709388e-16 1e-20
7812.0 2.464757e-16 1e-20
7816.0 3.746992e-16 1e-20
7820.0 3.204755e-16 1e-20
7824.0 2.215496e-16 1e-20
7828.0 2.612529e-16 1e-20
7832.0 3.83356e-16 1e-20
7836.0 2.66008e-16 1e-20
7840.0 1.111419e-16 1e-20
7844.0 1.032125e-16 1e-20
7848.0 1.970285e-16 1e-20
7852.0 4.286229e-16 1e-20
7856.0 2.496546e-16 1e-20
7860.0 8.326069e-17 1e-20
7864.0 1.906089e-16 1e-20
7868.0 2.330067e-16 1e-20
7872.0 1.167295e-16 1e-20
7876.0 1.568232e-16 1e-20
7880.0 2.111027e-16 1e-20
7884.0 1.038663e-16 1e-20
7888.0 2.783582e-16 1e-20
7892.0 1.415188e-16 1e-20
7896.0 8.823046e-17 1e-20
7900.0 2.168849e-16 1e-20
7904.0 1.913033e-16 1e-20
7908.0 1.217237e-16 1e-20
7912.0 1.022506e-16 1e-20
7916.0 1.990772e-16 1e-20
7920.0 4.649992e-17 1e-20
7924.0 1.238844e-16 1e-20
7928.0 1.408954e-16 1e-20
7932.0 2.393066e-16 1e-20
7936.0 4.283491e-17 1e-20
7940.0 1.13901e-16 1e-20
7944.0 1.621766e-16 1e-20
7948.0 1.236649e-16 1e-20
7952.0 1.671223e-16 1e-20
7956.0 2.041493e-16 1e-20
7960.0 9.918925e-17 1e-20
7964.0 -3.625638e-17 1e-20
7968.0 9.329347e-17 1e-20
7972.0 2.782443e-16 1e-20
7976.0 1.306856e-16 1e-20
7980.0 1.861948e-16 1e-20
7984.0 -4.416696e-17 1e-20
7988.0 7.676231e-17 1e-20
7992.0 2.549298e-16 1e-20
7996.0 1.731754e-16 1e-20
8000.0 1.123212e-16 1e-20
8004.0 1.826947e-16 1e-20
8008.0 1.368654e-16 1e-20
8012.0 1.420839e-16 1e-20
8016.0 5.737194e-17 1e-20
8020.0 3.644328e-17 1e-20
8024.0 3.967083e-17 1e-20
8028.0 7.127989e-17 1e-20
8032.0 1.080673e-16 1e-20
8036.0 7.028431e-17 1e-20
8040.0 1.595797e-17 1e-20
8044.0 1.196198e-16 1e-20
8048.0 8.213109e-17 1e-20
8052.0 1.801541e-17 1e-20
8056.0 1.48984e-16 1e-20
8060.0 3.846902e-17 1e-20
8064.0 5.948927e-17 1e-20
8068.0 7.940397e-17 1e-20
8072.0 1.251029e-16 1e-20
8076.0 2.107407e-16 1e-20
8080.0 -1.235425e-17 1e-20
8084.0 -7.155451e-17 1e-20
8088.0 1.42526e-16 1e-20
8092.0 9.230735e-17 1e-20
8096.0 8.74288e-17 1e-20
8100.0 9.244803e-17 1e-20
8104.0 3.298398e-17 1e-20
8108.0 2.447743e-16 1e-20
8112.0 7.139573e-17 1e-20
8116.0 2.657618e-17 1e-20
8120.0 1.471307e-16 1e-20
8124.0 8.216031e-17 1e-20
8128.0 1.112192e-16 1e-20
8132.0 2.293327e-16 1e-20
8136.0 1.085301e-16 1e-20
8140.0 8.460162e-17 1e-20
8144.0 -1.00459e-16 1e-20
8148.0 -7.261868e-17 1e-20
8152.0 1.528896e-16 1e-20
8156.0 3.69375e-17 1e-20
8160.0 1.348612e-16 1e-20
8164.0 7.224263e-17 1e-20
8168.0 1.248402e-16 1e-20
8172.0 1.384761e-16 1e-20
8176.0 8.017818e-17 1e-20
8180.0 4.730373e-17 1e-20
8184.0 -3.804422e-17 1e-20
8188.0 9.264426e-17 1e-20
8192.0 1.775051e-16 1e-20
8196.0 2.634831e-16 1e-20
8200.0 5.270635e-17 1e-20
8204.0 1.374543e-16 1e-20
8208.0 1.162074e-16 1e-20
8212.0 9.965609e-17 1e-20
8216.0 3.072027e-17 1e-20
8220.0 1.04674e-16 1e-20
8224.0 6.19965e-17 1e-20
8228.0 1.507003e-16 1e-20
8232.0 1.786544e-16 1e-20
8236.0 2.917415e-16 1e-20
8240.0 1.662254e-16 1e-20
8244.0 6.188275e-17 1e-20
8248.0 3.40494e-17 1e-20
8252.0 1.882028e-16 1e-20
8256.0 9.943512e-17 1e-20
8260.0 7.057297e-17 1e-20
8264.0 1.86545e-16 1e-20
8268.0 2.096224e-16 1e-20
8272.0 7.409533e-17 1e-20
8276.0 3.327142e-16 1e-20
8280.0 2.105048e-16 1e-20
8284.0 1.786102e-16 1e-20
8288.0 1.982008e-16 1e-20
8292.0 1.894561e-16 1e-20
8296.0 2.288888e-16 1e-20
8300.0 2.1649e-16 1e-20
8304.0 3.035893e-16 1e-20
8308.0 9.275536e-17 1e-20
8312.0 1.017396e-16 1e-20
8316.0 2.479127e-16 1e-20
8320.0 6.93928e-17 1e-20
8324.0 1.785872e-16 1e-20
8328.0 1.860315e-16 1e-20
8332.0 1.768601e-16 1e-20
8336.0 4.689041e-16 1e-20
8340.0 2.41049e-16 1e-20
8344.0 -3.97024e-17 1e-20
8348.0 1.328927e-16 1e-20
8352.0 2.580921e-16 1e-20
8356.0 1.65823e-16 1e-20
8360.0 2.435447e-16 1e-20
8364.0 1.926648e-16 1e-20
8368.0 2.801585e-16 1e-20
8372.0 2.946107e-16 1e-20
8376.0 3.196923e-16 1e-20
8380.0 2.385617e-16 1e-20
8384.0 1.541246e-16 1e-20
8388.0 2.751927e-16 1e-20
8392.0 2.602797e-16 1e-20
8396.0 3.048766e-16 1e-20
8400.0 2.384418e-16 1e-20
8404.0 3.659201e-16 1e-20
8408.0 2.300272e-16 1e-20
8412.0 2.460742e-16 1e-20
8416.0 4.196804e-16 1e-20
8420.0 2.882501e-16 1e-20
8424.0 3.909094e-16 1e-20
8428.0 3.05982e-16 1e-20
8432.0 2.559365e-16 1e-20
8436.0 3.998168e-16 1e-20
8440.0 3.552655e-16 1e-20
8444.0 4.37738e-16 1e-20
8448.0 4.082537e-16 1e-20
8452.0 2.011415e-16 1e-20
8456.0 4.289014e-16 1e-20
8460.0 3.936944e-16 1e-20
8464.0 2.53957e-16 1e-20
8468.0 1.578658e-16 1e-20
8472.0 2.859506e-16 1e-20
8476.0 4.431204e-16 1e-20
8480.0 3.995081e-16 1e-20
8484.0 3.579153e-16 1e-20
8488.0 2.438032e-16 1e-20
8492.0 4.162708e-16 1e-20
8496.0 2.938007e-16 1e-20
8500.0 2.753837e-16 1e-20
8504.0 3.652753e-16 1e-20
8508.0 5.795127e-16 1e-20
8512.0 3.850181e-16 1e-20
8516.0 4.724451e-16 1e-20
8520.0 4.327371e-16 1e-20
8524.0 4.567283e-16 1e-20
8528.0 2.51655e-16 1e-20
8532.0 3.891542e-16 1e-20
8536.0 4.110919e-16 1e-20
8540.0 4.628153e-16 1e-20
8544.0 4.405151e-16 1e-20
8548.0 2.820738e-16 1e-20
8552.0 3.412413e-16 1e-20
8556.0 5.162926e-16 1e-20
8560.0 4.88213e-16 1e-20
8564.0 3.115307e-16 1e-20
8568.0 3.830474e-16 1e-20
8572.0 3.146298e-16 1e-20
8576.0 4.077195e-16 1e-20
8580.0 4.819099e-16 1e-20
8584.0 3.528857e-16 1e-20
8588.0 2.405046e-16 1e-20
8592.0 3.588423e-16 1e-20
8596.0 5.609572e-16 1e-20
8600.0 5.006801e-16 1e-20
8604.0 3.395203e-16 1e-20
8608.0 3.766224e-16 1e-20
8612.0 3.981333e-16 1e-20
8616.0 3.725438e-16 1e-20
8620.0 3.667496e-16 1e-20
8624.0 2.723242e-16 1e-20
8628.0 2.791998e-16 1e-20
8632.0 3.518977e-16 1e-20
8636.0 1.942357e-16 1e-20
8640.0 3.796248e-16 1e-20
8644.0 4.025362e-16 1e-20
8648.0 2.993796e-16 1e-20
8652.0 4.864941e-16 1e-20
8656.0 4.693491e-16 1e-20
8660.0 3.246056e-16 1e-20
8664.0 3.216013e-16 1e-20
8668.0 2.231006e-16 1e-20
8672.0 3.05311e-16 1e-20
8676.0 3.540983e-16 1e-20
8680.0 3.586851e-16 1e-20
8684.0 4.350667e-16 1e-20
8688.0 4.963405e-16 1e-20
8692.0 4.470513e-16 1e-20
8696.0 4.742819e-16 1e-20
8700.0 3.983828e-16 1e-20
8704.0 3.990173e-16 1e-20
8708.0 2.540771e-16 1e-20
8712.0 3.938729e-16 1e-20
8716.0 2.83183e-16 1e-20
8720.0 3.918885e-16 1e-20
8724.0 1.380101e-16 1e-20
8728.0 2.017049e-16 1e-20
8732.0 3.300532e-16 1e-20
8736.0 4.382808e-16 1e-20
8740.0 3.321383e-16 1e-20
8744.0 2.715261e-16 1e-20
8748.0 2.104571e-16 1e-20
8752.0 2.16896e-16 1e-20
8756.0 3.516557e-16 1e-20
8760.0 4.74897e-16 1e-20
8764.0 2.306491e-17 1e-20
8768.0 4.36798e-16 1e-20
8772.0 3.77223e-16 1e-20
8776.0 5.452146e-16 1e-20
8780.0 3.945162e-16 1e-20
8784.0 2.522966e-16 1e-20
8788.0 1.929472e-16 1e-20
8792.0 1.586132e-16 1e-20
8796.0 3.704434e-16 1e-20
8800.0 2.302735e-16 1e-20
8804.0 2.190236e-16 1e-20
8808.0 2.179813e-16 1e-20
8812.0 3.588424e-16 1e-20
8816.0 2.810992e-16 1e-20
8820.0 3.217855e-16 1e-20
8824.0 2.348752e-16 1e-20
8828.0 1.753931e-16 1e-20
8832.0 1.321564e-16 1e-20
8836.0 3.09959e-16 1e-20
8840.0 4.191823e-16 1e-20
8844.0 4.104562e-16 1e-20
8848.0 1.853988e-16 1e-20
8852.0 2.850091e-16 1e-20
8856.0 2.182106e-16 1e-20
8860.0 2.382822e-16 1e-20
8864.0 1.798636e-16 1e-20
8868.0 3.106021e-16 1e-20
8872.0 2.294569e-16 1e-20
8876.0 3.501852e-16 1e-20
8880.0 2.891213e-16 1e-20
8884.0 3.125911e-16 1e-20
8888.0 1.876547e-16 1e-20
8892.0 1.725379e-16 1e-20
8896.0 4.035717e-16 1e-20
8900.0 3.352114e-16 1e-20
8904.0 2.168983e-16 1e-20
8908.0 4.748119e-16 1e-20
8912.0 4.472095e-16 1e-20
8916.0 2.076244e-16 1e-20
8920.0 3.372149e-16 1e-20
8924.0 1.265334e-16 1e-20
8928.0 1.597154e-16 1e-20
8932.0 3.86268e-16 1e-20
8936.0 3.936485e-16 1e-20
8940.0 2.75883e-16 1e-20
8944.0 2.427353e-16 1e-20
8948.0 3.604189e-16 1e-20
8952.0 3.745952e-16 1e-20
8956.0 3.339527e-16 1e-20
8960.0 3.289556e-16 1e-20
8964.0 2.224557e-16 1e-20
8968.0 1.640747e-16 1e-20
8972.0 3.30318e-16 1e-20
8976.0 2.578088e-16 1e-20
8980.0 3.448491e-16 1e-20
8984.0 3.092222e-16 1e-20
8988.0 2.662047e-16 1e-20
8992.0 2.65614e-16 1e-20
8996.0 2.814115e-16 1e-20
9000.0 2.962931e-16 1e-20
9004.0 1.65552e-16 1e-20
9008.0 1.537292e-16 1e-20
9012.0 3.141552e-16 1e-20
9016.0 2.562996e-16 1e-20
9020.0 1.04599e-16 1e-20
9024.0 9.696095e-17 1e-20
9028.0 4.498449e-16 1e-20
9032.0 2.991756e-16 1e-20
9036.0 4.298992e-16 1e-20
9040.0 2.80696e-16 1e-20
9044.0 2.163996e-16 1e-20
9048.0 2.017768e-16 1e-20
9052.0 2.96511e-16 1e-20
9056.0 1.970562e-16 1e-20
9060.0 1.629568e-16 1e-20
9064.0 2.104639e-16 1e-20
9068.0 2.1177e-16 1e-20
9072.0 2.515311e-16 1e-20
9076.0 7.858199e-17 1e-20
9080.0 1.356119e-16 1e-20
9084.0 2.487815e-16 1e-20
9088.0 2.671414e-16 1e-20
9092.0 1.833804e-17 1e-20
9096.0 2.629141e-16 1e-20
9100.0 1.034843e-16 1e-20
9104.0 2.102317e-16 1e-20
9108.0 1.766048e-16 1e-20
9112.0 2.90647e-16 1e-20
9116.0 2.559602e-16 1e-20
9120.0 2.427426e-16 1e-20
9124.0 2.348439e-16 1e-20
9128.0 1.830224e-16 1e-20
9132.0 1.233192e-16 1e-20
9136.0 1.38233e-16 1e-20
9140.0 -1.340907e-17 1e-20
9144.0 1.603792e-16 1e-20
9148.0 2.889422e-16 1e-20
9152.0 2.349048e-16 1e-20
9156.0 3.161694e-16 1e-20
9160.0 1.579743e-16 1e-20
9164.0 1.593531e-16 1e-20
9168.0 2.572967e-16 1e-20
9172.0 2.091472e-16 1e-20
9176.0 1.187834e-16 1e-20
9180.0 3.498282e-16 1e-20
9184.0 1.530392e-16 1e-20
9188.0 3.662763e-16 1e-20
9192.0 -1.466775e-17 1e-20
9196.0 3.104999e-16 1e-20
9200.0 1.805896e-16 1e-20
9204.0 1.973681e-16 1e-20
9208.0 1.215133e-16 1e-20
9212.0 2.260617e-16 1e-20
9216.0 2.864891e-16 1e-20
9220.0 2.615951e-16 1e-20
9224.0 1.705715e-17 1e-20
9228.0 1.491104e-16 1e-20
9232.0 2.551834e-16 1e-20
9236.0 2.692766e-16 1e-20
9240.0 2.97737e-16 1e-20
9244.0 2.767494e-16 1e-20
9248.0 2.746053e-16 1e-20
9252.0 4.42231e-17 1e-20
9256.0 4.75818e-16 1e-20
9260.0 1.538848e-16 1e-20
9264.0 1.400833e-16 1e-20
9268.0 2.11373e-16 1e-20
9272.0 2.910959e-16 1e-20
9276.0 1.171725e-16 1e-20
9280.0 1.257659e-16 1e-20
9284.0 1.373224e-16 1e-20
9288.0 2.305032e-16 1e-20
9292.0 2.089273e-16 1e-20
9296.0 8.624652e-17 1e-20
9300.0 1.73057e-16 1e-20
9304.0 2.094513e-16 1e-20
9308.0 3.726117e-16 1e-20
9312.0 1.291637e-16 1e-20
9316.0 -4.669705e-17 1e-20
9320.0 1.403994e-16 1e-20
9324.0 4.099948e-17 1e-20
9328.0 1.70497e-16 1e-20
9332.0 -8.866875e-17 1e-20
9336.0 6.182837e-17 1e-20
9340.0 8.394288e-17 1e-20
9344.0 7.89063e-17 1e-20
9348.0 2.085237e-17 1e-20
9352.0 1.175264e-16 1e-20
9356.0 3.377843e-17 1e-20
9360.0 3.488797e-16 1e-20
9364.0 -1.857346e-17 1e-20
9368.0 -4.657059e-17 1e-20
9372.0 -5.879416e-18 1e-20
9376.0 1.938926e-16 1e-20
9380.0 1.791716e-16 1e-20
9384.0 3.272411e-16 1e-20
9388.0 2.678703e-16 1e-20
9392.0 7.436579e-17 1e-20
9396.0 1.330706e-16 1e-20
9400.0 1.082232e-16 1e-20
9404.0 4.934981e-16 1e-20
9408.0 1.137959e-16 1e-20
9412.0 1.441024e-16 1e-20
9416.0 1.156661e-16 1e-20
9420.0 1.505565e-16 1e-20
9424.0 2.102562e-16 1e-20
9428.0 9.177407e-17 1e-20
9432.0 1.374658e-16 1e-20
9436.0 4.499853e-17 1e-20
9440.0 2.007632e-16 1e-20
9444.0 2.490243e-16 1e-20
9448.0 1.499029e-16 1e-20
9452.0 6.782927e-17 1e-20
9456.0 5.142658e-17 1e-20
9460.0 2.027236e-16 1e-20
9464.0 1.525609e-16 1e-20
9468.0 5.718981e-17 1e-20
9472.0 3.161656e-16 1e-20
9476.0 -1.876404e-17 1e-20
9480.0 9.289328e-17 1e-20
9484.0 1.657359e-16 1e-20
9488.0 1.346525e-16 1e-20
9492.0 1.126381e-16 1e-20
9496.0 1.401028e-16 1e-20
9500.0 3.865262e-16 1e-20
