3476.0 3.6635692e-16 1e-20
3477.47 1.4693878e-16 1e-20
3478.94 2.4024943e-16 1e-20
3480.41 2.8668293e-16 1e-20
3481.88 1.004712e-16 1e-20
3483.35 6.0458022e-17 1e-20
3484.82 2.0021552e-16 1e-20
3486.29 1.7823329e-16 1e-20
3487.76 9.3304828e-17 1e-20
3489.23 2.3614524e-16 1e-20
3490.7 2.5230067e-16 1e-20
3492.17 2.1330533e-16 1e-20
3493.64 2.8093343e-16 1e-20
3495.11 1.7653307e-16 1e-20
3496.58 2.8394625e-16 1e-20
3498.05 2.2887156e-16 1e-20
3499.52 2.5201292e-16 1e-20
3500.99 2.7231961e-16 1e-20
3502.46 3.7923139e-16 1e-20
3503.93 3.3599052e-16 1e-20
3505.4 1.9598614e-16 1e-20
3506.87 2.2485728e-16 1e-20
3508.34 3.3634236e-16 1e-20
3509.81 2.6655222e-16 1e-20
3511.28 3.8577496e-16 1e-20
3512.75 5.7504024e-16 1e-20
3514.22 3.529541e-16 1e-20
3515.69 -8.4039036e-17 1e-20
3517.16 1.4460417e-16 1e-20
3518.63 3.423839e-16 1e-20
3520.1 1.9255081e-16 1e-20
3521.57 2.4771849e-17 1e-20
3523.04 2.5028241e-16 1e-20
3524.51 1.880127e-16 1e-20
3525.98 2.6100759e-16 1e-20
3527.45 1.2230622e-16 1e-20
3528.92 1.3730126e-16 1e-20
3530.39 2.6563618e-16 1e-20
3531.86 3.3284088e-16 1e-20
3533.33 1.4698196e-16 1e-20
3534.8 1.4099541e-16 1e-20
3536.27 2.6751622e-16 1e-20
3537.74 2.6182855e-16 1e-20
3539.21 2.1742014e-16 1e-20
3540.68 7.2078844e-17 1e-20
3542.15 1.3363886e-17 1e-20
3543.62 2.7310637e-16 1e-20
3545.09 3.5702044e-16 1e-20
3546.56 7.5466692e-17 1e-20
3548.03 6.6903486e-17 1e-20
3549.5 1.2729475e-16 1e-20
3550.97 4.2275656e-17 1e-20
3552.44 2.153461e-16 1e-20
3553.91 2.8276812e-17 1e-20
3555.38 9.0764583e-17 1e-20
3556.85 1.1682524e-17 1e-20
3558.32 8.5555019e-17 1e-20
3559.79 5.5077239e-17 1e-20
3561.26 1.8437217e-16 1e-20
3562.73 1.4631958e-16 1e-20
3564.2 -7.4937091e-17 1e-20
3565.67 -6.31229e-17 1e-20
3567.14 6.8788843e-17 1e-20
3568.61 1.8949036e-16 1e-20
3570.08 2.346281e-16 1e-20
3571.55 1.3544104e-16 1e-20
3573.02 1.8484623e-16 1e-20
3574.49 1.1213086e-16 1e-20
3575.96 4.4239644e-17 1e-20
3577.43 -3.7008365e-17 1e-20
3578.9 1.0665735e-16 1e-20
3580.37 8.1224603e-17 1e-20
3581.84 -8.5501484e-17 1e-20
3583.31 6.0308117e-17 1e-20
3584.78 6.9970123e-17 1e-20
3586.25 7.9781788e-17 1e-20
3587.72 6.3832807e-17 1e-20
3589.19 6.4262074e-18 1e-20
3590.66 1.5928161e-16 1e-20
3592.13 1.0356857e-16 1e-20
3593.6 4.0088716e-17 1e-20
3595.07 1.60926e-16 1e-20
3596.54 1.8102056e-16 1e-20
3598.01 9.5535198e-17 1e-20
3599.48 7.9509706e-17 1e-20
3600.95 6.9878754e-18 1e-20
3602.42 8.7511123e-17 1e-20
3603.89 8.8543497e-17 1e-20
3605.36 1.9587086e-16 1e-20
3606.83 1.318115e-16 1e-20
3608.3 1.2462941e-17 1e-20
3609.77 2.0343579e-16 1e-20
3611.24 3.346337e-17 1e-20
3612.71 -8.0432204e-17 1e-20
3614.18 -1.5860374e-16 1e-20
3615.65 -1.1928971e-16 1e-20
3617.12 3.5840651e-17 1e-20
3618.59 1.1112037e-16 1e-20
3620.06 9.2455863e-17 1e-20
3621.53 -2.0406971e-17 1e-20
3623.0 1.3799049e-16 1e-20
3624.47 2.8263703e-16 1e-20
3625.94 2.6862379e-16 1e-20
3627.41 6.821018e-17 1e-20
3628.88 6.3937541e-17 1e-20
3630.35 2.2812519e-16 1e-20
3631.82 1.3087627e-16 1e-20
3633.29 -6.4960836e-17 1e-20
3634.76 -1.0371682e-16 1e-20
3636.23 -6.3377771e-17 1e-20
3637.7 3.6115272e-18 1e-20
3639.17 1.8046201e-17 1e-20
3640.64 8.8973664e-17 1e-20
3642.11 4.2388993e-17 1e-20
3643.58 8.3166473e-17 1e-20
3645.05 1.0116641e-16 1e-20
3646.52 1.2345351e-17 1e-20
3647.99 4.9228092e-17 1e-20
3649.46 3.6770058e-17 1e-20
3650.93 2.7515458e-17 1e-20
3652.4 1.8196708e-16 1e-20
3653.87 1.4494446e-16 1e-20
3655.34 6.702084e-17 1e-20
3656.81 1.4888118e-16 1e-20
3658.28 3.995783e-17 1e-20
3659.75 4.0597061e-18 1e-20
3661.22 2.0709832e-16 1e-20
3662.69 1.3878815e-16 1e-20
3664.16 1.7138142e-16 1e-20
3665.63 1.4865697e-16 1e-20
3667.1 1.7910048e-16 1e-20
3668.57 2.1648645e-16 1e-20
3670.04 1.6773205e-16 1e-20
3671.51 1.4168552e-16 1e-20
3672.98 1.4620065e-16 1e-20
3674.45 1.4002768e-16 1e-20
3675.92 5.4333365e-17 1e-20
3677.39 5.1853987e-17 1e-20
3678.86 1.9505225e-17 1e-20
3680.33 1.2819846e-16 1e-20
3681.8 6.3329272e-17 1e-20
3683.27 -2.2254042e-17 1e-20
3684.74 -4.8670103e-17 1e-20
3686.21 2.0340889e-17 1e-20
3687.68 1.7047508e-16 1e-20
3689.15 2.2178336e-16 1e-20
3690.62 1.2453704e-16 1e-20
3692.09 9.2133488e-17 1e-20
3693.56 1.927403e-16 1e-20
3695.03 1.3864353e-16 1e-20
3696.5 1.4815858e-16 1e-20
3697.97 1.5235759e-16 1e-20
3699.44 1.6290856e-16 1e-20
3700.91 1.4526954e-16 1e-20
3702.38 1.7944237e-16 1e-20
3703.85 1.7743636e-16 1e-20
3705.32 1.8437796e-16 1e-20
3706.79 1.8474838e-16 1e-20
3708.26 1.4150487e-16 1e-20
3709.73 1.9006428e-16 1e-20
3711.2 1.4882455e-16 1e-20
3712.67 3.0166046e-17 1e-20
3714.14 1.8721726e-16 1e-20
3715.61 1.6125598e-16 1e-20
3717.08 1.1656363e-16 1e-20
3718.55 8.2539648e-17 1e-20
3720.02 1.9843678e-16 1e-20
3721.49 3.2083935e-16 1e-20
3722.96 1.3666266e-16 1e-20
3724.43 1.4518345e-16 1e-20
3725.9 1.5562809e-16 1e-20
3727.37 1.6151777e-16 1e-20
3728.84 1.2515126e-16 1e-20
3730.31 1.2835568e-16 1e-20
3731.78 2.1658254e-16 1e-20
3733.25 2.2297123e-16 1e-20
3734.72 2.3594786e-16 1e-20
3736.19 2.4778641e-16 1e-20
3737.66 1.3668816e-16 1e-20
3739.13 1.1854684e-16 1e-20
3740.6 2.070011e-16 1e-20
3742.07 2.4306097e-16 1e-20
3743.54 1.6985885e-16 1e-20
3745.01 1.4830394e-16 1e-20
3746.48 1.9113198e-16 1e-20
3747.95 2.2704787e-16 1e-20
3749.42 2.337019e-16 1e-20
3750.89 1.6240439e-16 1e-20
3752.36 8.4894188e-17 1e-20
3753.83 2.0629358e-16 1e-20
3755.3 3.0280808e-16 1e-20
3756.77 1.1524118e-16 1e-20
3758.24 1.4516952e-16 1e-20
3759.71 1.9081502e-16 1e-20
3761.18 1.9215624e-16 1e-20
3762.65 2.8346826e-16 1e-20
3764.12 4.0083463e-16 1e-20
3765.59 3.3759173e-16 1e-20
3767.06 3.1084809e-16 1e-20
3768.53 2.9165293e-16 1e-20
3770.0 2.3998254e-16 1e-20
3771.47 1.6629124e-16 1e-20
3772.94 2.7576394e-16 1e-20
3774.41 2.5751644e-16 1e-20
3775.88 1.8924038e-16 1e-20
3777.35 3.3216993e-16 1e-20
3778.82 2.9886975e-16 1e-20
3780.29 3.0159672e-16 1e-20
3781.76 2.8182793e-16 1e-20
3783.23 3.1188465e-16 1e-20
3784.7 2.2153464e-16 1e-20
3786.17 3.2101257e-16 1e-20
3787.64 2.5332728e-16 1e-20
3789.11 2.2296514e-16 1e-20
3790.58 2.7604423e-16 1e-20
3792.05 2.1792895e-16 1e-20
3793.52 2.5971499e-16 1e-20
3794.99 2.4224155e-16 1e-20
3796.46 2.5352453e-16 1e-20
3797.93 2.7138425e-16 1e-20
3799.4 2.7096955e-16 1e-20
3800.87 3.4139877e-16 1e-20
3802.34 3.7097738e-16 1e-20
3803.81 3.266153e-16 1e-20
3805.28 4.2884127e-16 1e-20
3806.75 3.5375675e-16 1e-20
3808.22 3.5158744e-16 1e-20
3809.69 2.9054887e-16 1e-20
3811.16 2.8150534e-16 1e-20
3812.63 3.1738637e-16 1e-20
3814.1 3.7376054e-16 1e-20
3815.57 3.7762336e-16 1e-20
3817.04 4.2419008e-16 1e-20
3818.51 4.5049606e-16 1e-20
3819.98 4.4943039e-16 1e-20
3821.45 4.8958684e-16 1e-20
3822.92 3.9840896e-16 1e-20
3824.39 3.0288051e-16 1e-20
3825.86 3.2400381e-16 1e-20
3827.33 3.5328016e-16 1e-20
3828.8 3.8055779e-16 1e-20
3830.27 5.5140415e-16 1e-20
3831.74 5.3523297e-16 1e-20
3833.21 4.4311533e-16 1e-20
3834.68 4.3645625e-16 1e-20
3836.15 3.560738e-16 1e-20
3837.62 4.4528263e-16 1e-20
3839.09 4.5606467e-16 1e-20
3840.56 3.7617072e-16 1e-20
3842.03 5.0836223e-16 1e-20
3843.5 5.4656987e-16 1e-20
3844.97 4.8333558e-16 1e-20
3846.44 5.1014423e-16 1e-20
3847.91 4.2526319e-16 1e-20
3849.38 4.6644474e-16 1e-20
3850.85 4.7469013e-16 1e-20
3852.32 4.3605216e-16 1e-20
3853.79 5.024295e-16 1e-20
3855.26 5.2153613e-16 1e-20
3856.73 4.1867841e-16 1e-20
3858.2 5.362006e-16 1e-20
3859.67 5.038485e-16 1e-20
3861.14 5.1809834e-16 1e-20
3862.61 5.6066768e-16 1e-20
3864.08 5.8226395e-16 1e-20
3865.55 5.4151462e-16 1e-20
3867.02 5.482299e-16 1e-20
3868.49 5.5637248e-16 1e-20
3869.96 5.5066072e-16 1e-20
3871.43 5.0706913e-16 1e-20
3872.9 4.7045232e-16 1e-20
3874.37 4.1087504e-16 1e-20
3875.84 4.1095442e-16 1e-20
3877.31 4.764906e-16 1e-20
3878.78 5.5586024e-16 1e-20
3880.25 4.8001447e-16 1e-20
3881.72 4.8774741e-16 1e-20
3883.19 5.1924401e-16 1e-20
3884.66 4.6717605e-16 1e-20
3886.13 3.9734567e-16 1e-20
3887.6 4.8787181e-16 1e-20
3889.07 5.1385524e-16 1e-20
3890.54 5.5188125e-16 1e-20
3892.01 6.3150017e-16 1e-20
3893.48 6.2000906e-16 1e-20
3894.95 5.8938035e-16 1e-20
3896.42 6.1183048e-16 1e-20
3897.89 5.4226403e-16 1e-20
3899.36 4.900012e-16 1e-20
3900.83 6.2267102e-16 1e-20
3902.3 6.4259302e-16 1e-20
3903.77 5.6674985e-16 1e-20
3905.24 5.5288101e-16 1e-20
3906.71 5.8696683e-16 1e-20
3908.18 5.6851306e-16 1e-20
3909.65 5.9102417e-16 1e-20
3911.12 5.498076e-16 1e-20
3912.59 5.2981514e-16 1e-20
3914.06 4.3216164e-16 1e-20
3915.53 5.3141105e-16 1e-20
3917.0 6.3259369e-16 1e-20
3918.47 7.0148595e-16 1e-20
3919.94 6.1869473e-16 1e-20
3921.41 5.0598355e-16 1e-20
3922.88 5.9036545e-16 1e-20
3924.35 5.9921223e-16 1e-20
3925.82 5.8560655e-16 1e-20
3927.29 6.7844782e-16 1e-20
3928.76 6.0570373e-16 1e-20
3930.23 5.8802451e-16 1e-20
3931.7 5.8099059e-16 1e-20
3933.17 5.5964049e-16 1e-20
3934.64 5.41335e-16 1e-20
3936.11 5.5696313e-16 1e-20
3937.58 5.5817264e-16 1e-20
3939.05 5.2517059e-16 1e-20
3940.52 6.1016029e-16 1e-20
3941.99 5.9872677e-16 1e-20
3943.46 5.7124294e-16 1e-20
3944.93 5.9163923e-16 1e-20
3946.4 6.6554068e-16 1e-20
3947.87 6.0392475e-16 1e-20
3949.34 5.6598551e-16 1e-20
3950.81 6.9471911e-16 1e-20
3952.28 6.9974212e-16 1e-20
3953.75 6.9275892e-16 1e-20
3955.22 7.1188074e-16 1e-20
3956.69 6.4536203e-16 1e-20
3958.16 6.4450838e-16 1e-20
3959.63 6.3759442e-16 1e-20
3961.1 6.2111115e-16 1e-20
3962.57 5.9255471e-16 1e-20
3964.04 5.923942e-16 1e-20
3965.51 6.2325357e-16 1e-20
3966.98 5.4463234e-16 1e-20
3968.45 5.3460109e-16 1e-20
3969.92 6.0408304e-16 1e-20
3971.39 6.7533958e-16 1e-20
3972.86 6.4257486e-16 1e-20
3974.33 5.8788655e-16 1e-20
3975.8 6.4800149e-16 1e-20
3977.27 5.781974e-16 1e-20
3978.74 6.7253765e-16 1e-20
3980.21 7.0494523e-16 1e-20
3981.68 7.1887284e-16 1e-20
3983.15 5.9134372e-16 1e-20
3984.62 6.3368668e-16 1e-20
3986.09 5.9265657e-16 1e-20
3987.56 6.4201397e-16 1e-20
3989.03 6.5624979e-16 1e-20
3990.5 7.1163558e-16 1e-20
3991.97 6.8619875e-16 1e-20
3993.44 6.4366124e-16 1e-20
3994.91 5.052254e-16 1e-20
3996.38 5.7199711e-16 1e-20
3997.85 6.5483932e-16 1e-20
3999.32 6.7020095e-16 1e-20
4000.79 6.0851652e-16 1e-20
4002.26 5.3950519e-16 1e-20
4003.73 5.8675211e-16 1e-20
4005.2 6.3609988e-16 1e-20
4006.67 7.1559726e-16 1e-20
4008.14 6.474722e-16 1e-20
4009.61 6.7671199e-16 1e-20
4011.08 6.7013594e-16 1e-20
4012.55 6.0766498e-16 1e-20
4014.02 5.6374341e-16 1e-20
4015.49 6.4852564e-16 1e-20
4016.96 6.5512953e-16 1e-20
4018.43 6.4280107e-16 1e-20
4019.9 6.4712714e-16 1e-20
4021.37 6.9159721e-16 1e-20
4022.84 6.6112377e-16 1e-20
4024.31 5.1724946e-16 1e-20
4025.78 5.862152e-16 1e-20
4027.25 6.1973594e-16 1e-20
4028.72 5.6443597e-16 1e-20
4030.19 5.9653815e-16 1e-20
4031.66 6.4851368e-16 1e-20
4033.13 6.5288511e-16 1e-20
4034.6 6.2726882e-16 1e-20
4036.07 6.536909e-16 1e-20
4037.54 5.6135309e-16 1e-20
4039.01 5.8061885e-16 1e-20
4040.48 6.5058822e-16 1e-20
4041.95 6.8436863e-16 1e-20
4043.42 6.6756525e-16 1e-20
4044.89 6.7434019e-16 1e-20
4046.36 6.2752923e-16 1e-20
4047.83 6.3306125e-16 1e-20
4049.3 6.0592645e-16 1e-20
4050.77 6.0062577e-16 1e-20
4052.24 6.7814654e-16 1e-20
4053.71 6.8875579e-16 1e-20
4055.18 6.8547909e-16 1e-20
4056.65 6.2270569e-16 1e-20
4058.12 6.657167e-16 1e-20
4059.59 6.869992e-16 1e-20
4061.06 6.3876168e-16 1e-20
4062.53 5.7691758e-16 1e-20
4064.0 6.6700351e-16 1e-20
4065.47 7.3595829e-16 1e-20
4066.94 6.6508609e-16 1e-20
4068.41 7.2527905e-16 1e-20
4069.88 6.774344e-16 1e-20
4071.35 6.7067825e-16 1e-20
4072.82 6.9315454e-16 1e-20
4074.29 6.9421206e-16 1e-20
4075.76 6.1024388e-16 1e-20
4077.23 6.3005646e-16 1e-20
4078.7 6.8092301e-16 1e-20
4080.17 6.3599951e-16 1e-20
4081.64 6.0728054e-16 1e-20
4083.11 6.297025e-16 1e-20
4084.58 6.4667281e-16 1e-20
4086.05 5.7897783e-16 1e-20
4087.52 5.4432741e-16 1e-20
4088.99 6.697553e-16 1e-20
4090.46 7.4773289e-16 1e-20
4091.93 7.0113179e-16 1e-20
4093.4 6.9422227e-16 1e-20
4094.87 7.3678812e-16 1e-20
4096.34 7.4444635e-16 1e-20
4097.81 6.95469e-16 1e-20
4099.28 7.116261e-16 1e-20
4100.75 7.0074612e-16 1e-20
4102.22 6.6815669e-16 1e-20
4103.69 6.9696618e-16 1e-20
4105.16 6.9216086e-16 1e-20
4106.63 7.0377336e-16 1e-20
4108.1 6.9156254e-16 1e-20
4109.57 6.3644595e-16 1e-20
4111.04 6.9991799e-16 1e-20
4112.51 6.5455207e-16 1e-20
4113.98 7.0690024e-16 1e-20
4115.45 6.3015493e-16 1e-20
4116.92 6.4538606e-16 1e-20
4118.39 6.2892286e-16 1e-20
4119.86 6.3196583e-16 1e-20
4121.33 7.5535524e-16 1e-20
4122.8 7.3661299e-16 1e-20
4124.27 6.1245702e-16 1e-20
4125.74 6.9980385e-16 1e-20
4127.21 6.640705e-16 1e-20
4128.68 6.2855917e-16 1e-20
4130.15 5.9030483e-16 1e-20
4131.62 6.8014596e-16 1e-20
4133.09 6.8930197e-16 1e-20
4134.56 5.9213215e-16 1e-20
4136.03 6.2428102e-16 1e-20
4137.5 6.2818494e-16 1e-20
4138.97 6.2630188e-16 1e-20
4140.44 5.8525281e-16 1e-20
4141.91 6.415229e-16 1e-20
4143.38 6.7142782e-16 1e-20
4144.85 6.8972029e-16 1e-20
4146.32 6.7758348e-16 1e-20
4147.79 6.7107249e-16 1e-20
4149.26 5.512501e-16 1e-20
4150.73 6.0680614e-16 1e-20
4152.2 6.9980692e-16 1e-20
4153.67 6.6203132e-16 1e-20
4155.14 6.1155456e-16 1e-20
4156.61 6.2025502e-16 1e-20
4158.08 6.4900009e-16 1e-20
4159.55 5.7369261e-16 1e-20
4161.02 5.9402283e-16 1e-20
4162.49 6.5817414e-16 1e-20
4163.96 6.6844828e-16 1e-20
4165.43 6.1094364e-16 1e-20
4166.9 6.2755109e-16 1e-20
4168.37 6.0560214e-16 1e-20
4169.84 6.3512574e-16 1e-20
4171.31 5.9594792e-16 1e-20
4172.78 6.2776153e-16 1e-20
4174.25 5.6859135e-16 1e-20
4175.72 5.9875266e-16 1e-20
4177.19 6.0462382e-16 1e-20
4178.66 6.0461265e-16 1e-20
4180.13 5.8372323e-16 1e-20
4181.6 5.7578282e-16 1e-20
4183.07 6.3647591e-16 1e-20
4184.54 6.1739321e-16 1e-20
4186.01 5.9650337e-16 1e-20
4187.48 5.9401833e-16 1e-20
4188.95 6.2642676e-16 1e-20
4190.42 6.2839802e-16 1e-20
4191.89 5.4955492e-16 1e-20
4193.36 6.2861703e-16 1e-20
4194.83 5.8326493e-16 1e-20
4196.3 5.3058938e-16 1e-20
4197.77 6.4468519e-16 1e-20
4199.24 6.8544823e-16 1e-20
4200.71 6.0874654e-16 1e-20
4202.18 5.9421939e-16 1e-20
4203.65 5.3313164e-16 1e-20
4205.12 5.4275955e-16 1e-20
4206.59 6.3867978e-16 1e-20
4208.06 5.2105809e-16 1e-20
4209.53 4.7320602e-16 1e-20
4211.0 5.7103081e-16 1e-20
4212.47 6.0053392e-16 1e-20
4213.94 5.8122241e-16 1e-20
4215.41 5.0850273e-16 1e-20
4216.88 4.9157615e-16 1e-20
4218.35 4.9860346e-16 1e-20
4219.82 5.238237e-16 1e-20
4221.29 5.6052485e-16 1e-20
4222.76 4.8795805e-16 1e-20
4224.23 4.2618637e-16 1e-20
4225.7 4.4644052e-16 1e-20
4227.17 4.9910066e-16 1e-20
4228.64 4.4146878e-16 1e-20
4230.11 4.9367425e-16 1e-20
4231.58 5.0062723e-16 1e-20
4233.05 4.3879491e-16 1e-20
4234.52 4.7537993e-16 1e-20
4235.99 4.5199632e-16 1e-20
4237.46 4.3867177e-16 1e-20
4238.93 4.6975923e-16 1e-20
4240.4 4.9288741e-16 1e-20
4241.87 4.4388267e-16 1e-20
4243.34 4.9357044e-16 1e-20
4244.81 4.9134925e-16 1e-20
4246.28 4.0712104e-16 1e-20
4247.75 4.7579439e-16 1e-20
4249.22 4.186882e-16 1e-20
4250.69 4.2953292e-16 1e-20
4252.16 4.3022683e-16 1e-20
4253.63 3.7975129e-16 1e-20
4255.1 4.4375733e-16 1e-20
4256.57 4.1911479e-16 1e-20
4258.04 4.2580698e-16 1e-20
4259.51 4.2645372e-16 1e-20
4260.98 4.0458666e-16 1e-20
4262.45 4.636796e-16 1e-20
4263.92 4.340605e-16 1e-20
4265.39 3.76907e-16 1e-20
4266.86 4.6938209e-16 1e-20
4268.33 4.3458275e-16 1e-20
4269.8 3.4977866e-16 1e-20
4271.27 3.5989652e-16 1e-20
4272.74 3.306301e-16 1e-20
4274.21 4.3373757e-16 1e-20
4275.68 3.8431478e-16 1e-20
4277.15 3.40656e-16 1e-20
4278.62 3.2017385e-16 1e-20
4280.09 3.8062656e-16 1e-20
4281.56 4.2168294e-16 1e-20
4283.03 3.7903914e-16 1e-20
4284.5 3.1772471e-16 1e-20
4285.97 3.6808862e-16 1e-20
4287.44 3.9201489e-16 1e-20
4288.91 3.3419261e-16 1e-20
4290.38 3.2069769e-16 1e-20
4291.85 3.7932819e-16 1e-20
4293.32 3.9012861e-16 1e-20
4294.79 3.2773378e-16 1e-20
4296.26 3.2141671e-16 1e-20
4297.73 3.6313152e-16 1e-20
4299.2 3.7105644e-16 1e-20
4300.67 3.8364677e-16 1e-20
4302.14 3.5268946e-16 1e-20
4303.61 2.7271978e-16 1e-20
4305.08 3.3065514e-16 1e-20
4306.55 3.3612658e-16 1e-20
4308.02 3.4783689e-16 1e-20
4309.49 3.1848997e-16 1e-20
4310.96 3.5668047e-16 1e-20
4312.43 3.044305e-16 1e-20
4313.9 3.4143819e-16 1e-20
4315.37 3.6973393e-16 1e-20
4316.84 3.1794361e-16 1e-20
4318.31 3.2986724e-16 1e-20
4319.78 3.7108773e-16 1e-20
4321.25 3.940712e-16 1e-20
4322.72 3.5269171e-16 1e-20
4324.19 4.090009e-16 1e-20
4325.66 3.9452854e-16 1e-20
4327.13 3.2016461e-16 1e-20
4328.6 3.742046e-16 1e-20
4330.07 3.3096725e-16 1e-20
4331.54 3.5478015e-16 1e-20
4333.01 3.6239664e-16 1e-20
4334.48 3.4307524e-16 1e-20
4335.95 3.9276669e-16 1e-20
4337.42 3.2900366e-16 1e-20
4338.89 3.1605171e-16 1e-20
4340.36 3.3503104e-16 1e-20
4341.83 3.5704567e-16 1e-20
4343.3 4.0414245e-16 1e-20
4344.77 4.1141261e-16 1e-20
4346.24 3.3910998e-16 1e-20
4347.71 3.8469849e-16 1e-20
4349.18 3.9437092e-16 1e-20
4350.65 3.9385854e-16 1e-20
4352.12 3.6969746e-16 1e-20
4353.59 3.7693575e-16 1e-20
4355.06 3.9642505e-16 1e-20
4356.53 3.5189513e-16 1e-20
4358.0 3.6614961e-16 1e-20
4359.47 4.032767e-16 1e-20
4360.94 4.3146244e-16 1e-20
4362.41 4.4521608e-16 1e-20
4363.88 4.0284673e-16 1e-20
4365.35 3.8756345e-16 1e-20
4366.82 4.0487807e-16 1e-20
4368.29 4.1914928e-16 1e-20
4369.76 4.4477557e-16 1e-20
4371.23 4.3552838e-16 1e-20
4372.7 4.3004694e-16 1e-20
4374.17 4.1756043e-16 1e-20
4375.64 4.3755488e-16 1e-20
4377.11 4.1984485e-16 1e-20
4378.58 4.3876765e-16 1e-20
4380.05 4.5913982e-16 1e-20
4381.52 4.7074301e-16 1e-20
4382.99 4.2891064e-16 1e-20
4384.46 4.4004357e-16 1e-20
4385.93 4.5136782e-16 1e-20
4387.4 4.87533e-16 1e-20
4388.87 4.5749144e-16 1e-20
4390.34 4.1237352e-16 1e-20
4391.81 4.6189739e-16 1e-20
4393.28 4.5994328e-16 1e-20
4394.75 4.5868936e-16 1e-20
4396.22 4.6057618e-16 1e-20
4397.69 4.3042141e-16 1e-20
4399.16 4.7594236e-16 1e-20
4400.63 5.0808048e-16 1e-20
4402.1 4.4582028e-16 1e-20
4403.57 4.2432486e-16 1e-20
4405.04 4.2656227e-16 1e-20
4406.51 4.038256e-16 1e-20
4407.98 4.7656466e-16 1e-20
4409.45 5.0818382e-16 1e-20
4410.92 4.3399223e-16 1e-20
4412.39 4.3374379e-16 1e-20
4413.86 4.2882975e-16 1e-20
4415.33 4.773154e-16 1e-20
4416.8 4.9602816e-16 1e-20
4418.27 4.6428184e-16 1e-20
4419.74 4.8841799e-16 1e-20
4421.21 4.5944152e-16 1e-20
4422.68 4.7505351e-16 1e-20
4424.15 4.7292031e-16 1e-20
4425.62 4.3010292e-16 1e-20
4427.09 4.3464958e-16 1e-20
4428.56 4.3569628e-16 1e-20
4430.03 5.0430563e-16 1e-20
4431.5 4.9366822e-16 1e-20
4432.97 4.7679553e-16 1e-20
4434.44 5.0545627e-16 1e-20
4435.91 4.2917248e-16 1e-20
4437.38 4.6847063e-16 1e-20
4438.85 4.8217901e-16 1e-20
4440.32 4.8394375e-16 1e-20
4441.79 4.3669758e-16 1e-20
4443.26 4.7621436e-16 1e-20
4444.73 4.4648367e-16 1e-20
4446.2 4.2660004e-16 1e-20
4447.67 4.6651054e-16 1e-20
4449.14 4.9867164e-16 1e-20
4450.61 4.6309869e-16 1e-20
4452.08 4.4665016e-16 1e-20
4453.55 4.7617921e-16 1e-20
4455.02 4.5254308e-16 1e-20
4456.49 4.9555366e-16 1e-20
4457.96 4.5985191e-16 1e-20
4459.43 5.0723795e-16 1e-20
4460.9 5.4819088e-16 1e-20
4462.37 4.8079289e-16 1e-20
4463.84 4.8247092e-16 1e-20
4465.31 4.9838376e-16 1e-20
4466.78 4.8809389e-16 1e-20
4468.25 4.5379658e-16 1e-20
4469.72 4.0562322e-16 1e-20
4471.19 4.8135204e-16 1e-20
4472.66 5.050335e-16 1e-20
4474.13 4.6013969e-16 1e-20
4475.6 5.3321576e-16 1e-20
4477.07 4.8762178e-16 1e-20
4478.54 4.8199902e-16 1e-20
4480.01 5.5394986e-16 1e-20
4481.48 5.0830341e-16 1e-20
4482.95 4.551269e-16 1e-20
4484.42 4.8789887e-16 1e-20
4485.89 5.2393429e-16 1e-20
4487.36 4.8989988e-16 1e-20
4488.83 5.1017027e-16 1e-20
4490.3 4.6234579e-16 1e-20
4491.77 4.4759503e-16 1e-20
4493.24 4.6574842e-16 1e-20
4494.71 4.4294309e-16 1e-20
4496.18 5.063294e-16 1e-20
4497.65 5.0623845e-16 1e-20
4499.12 4.296288e-16 1e-20
4500.59 5.2516239e-16 1e-20
4502.06 5.6535029e-16 1e-20
4503.53 5.2682914e-16 1e-20
4505.0 4.4195982e-16 1e-20
4506.47 4.7736495e-16 1e-20
4507.94 4.7131364e-16 1e-20
4509.41 4.9542872e-16 1e-20
4510.88 4.73782e-16 1e-20
4512.35 5.2482934e-16 1e-20
4513.82 4.4018748e-16 1e-20
4515.29 4.9189427e-16 1e-20
4516.76 4.7052416e-16 1e-20
4518.23 4.8305511e-16 1e-20
4519.7 5.0963754e-16 1e-20
4521.17 4.830928e-16 1e-20
4522.64 5.0016136e-16 1e-20
4524.11 4.9690383e-16 1e-20
4525.58 4.3905439e-16 1e-20
4527.05 4.8882361e-16 1e-20
4528.52 5.0095037e-16 1e-20
4529.99 5.0788784e-16 1e-20
4531.46 4.8475521e-16 1e-20
4532.93 4.8230538e-16 1e-20
4534.4 4.8495273e-16 1e-20
4535.87 4.7544891e-16 1e-20
4537.34 4.937678e-16 1e-20
4538.81 4.6899468e-16 1e-20
4540.28 5.1058288e-16 1e-20
4541.75 5.4560383e-16 1e-20
4543.22 4.7817048e-16 1e-20
4544.69 4.6499642e-16 1e-20
4546.16 4.1639523e-16 1e-20
4547.63 4.9500658e-16 1e-20
4549.1 5.3497722e-16 1e-20
4550.57 4.3541289e-16 1e-20
4552.04 4.3257075e-16 1e-20
4553.51 4.4691698e-16 1e-20
4554.98 4.6404854e-16 1e-20
4556.45 4.9736615e-16 1e-20
4557.92 4.8083382e-16 1e-20
4559.39 4.3626101e-16 1e-20
4560.86 4.8351409e-16 1e-20
4562.33 4.9831017e-16 1e-20
4563.8 4.9999968e-16 1e-20
4565.27 4.7823538e-16 1e-20
4566.74 4.6285205e-16 1e-20
4568.21 4.7656853e-16 1e-20
4569.68 4.3148703e-16 1e-20
4571.15 4.3657592e-16 1e-20
4572.62 4.2227922e-16 1e-20
4574.09 4.3812792e-16 1e-20
4575.56 4.1971798e-16 1e-20
4577.03 4.5167788e-16 1e-20
4578.5 4.3928447e-16 1e-20
4579.97 4.614419e-16 1e-20
4581.44 3.9784457e-16 1e-20
4582.91 4.6849244e-16 1e-20
4584.38 4.6888875e-16 1e-20
4585.85 4.2776731e-16 1e-20
4587.32 4.2447005e-16 1e-20
4588.79 4.0208294e-16 1e-20
4590.26 4.3969059e-16 1e-20
4591.73 4.3817396e-16 1e-20
4593.2 4.2143103e-16 1e-20
4594.67 4.1226658e-16 1e-20
4596.14 4.0478844e-16 1e-20
4597.61 4.3113768e-16 1e-20
4599.08 4.4172736e-16 1e-20
4600.55 4.1634795e-16 1e-20
4602.02 3.861368e-16 1e-20
4603.49 3.9712592e-16 1e-20
4604.96 4.2917907e-16 1e-20
4606.43 4.3233308e-16 1e-20
4607.9 4.4892349e-16 1e-20
4609.37 4.3480486e-16 1e-20
4610.84 4.148293e-16 1e-20
4612.31 3.9153386e-16 1e-20
4613.78 4.2714196e-16 1e-20
4615.25 4.6379501e-16 1e-20
4616.72 4.2789841e-16 1e-20
4618.19 4.3027333e-16 1e-20
4619.66 4.4786666e-16 1e-20
4621.13 3.8345679e-16 1e-20
4622.6 4.1728607e-16 1e-20
4624.07 4.1599458e-16 1e-20
4625.54 3.9668048e-16 1e-20
4627.01 4.1615176e-16 1e-20
4628.48 4.4293304e-16 1e-20
4629.95 4.3611842e-16 1e-20
4631.42 4.4620113e-16 1e-20
4632.89 4.3023646e-16 1e-20
4634.36 4.2566135e-16 1e-20
4635.83 4.5348678e-16 1e-20
4637.3 4.5847707e-16 1e-20
4638.77 4.2578057e-16 1e-20
4640.24 4.1655381e-16 1e-20
4641.71 4.1337595e-16 1e-20
4643.18 4.2077592e-16 1e-20
4644.65 4.018836e-16 1e-20
4646.12 4.4848277e-16 1e-20
4647.59 4.6495205e-16 1e-20
4649.06 4.4968937e-16 1e-20
4650.53 4.0795735e-16 1e-20
4652.0 4.2361777e-16 1e-20
4653.47 4.1936061e-16 1e-20
4654.94 4.0977823e-16 1e-20
4656.41 3.6483795e-16 1e-20
4657.88 4.0831745e-16 1e-20
4659.35 4.3659008e-16 1e-20
4660.82 4.3456192e-16 1e-20
4662.29 4.0472243e-16 1e-20
4663.76 4.0052721e-16 1e-20
4665.23 3.9507536e-16 1e-20
4666.7 3.7668524e-16 1e-20
4668.17 4.1149986e-16 1e-20
4669.64 3.7928322e-16 1e-20
4671.11 3.2375455e-16 1e-20
4672.58 3.6604775e-16 1e-20
4674.05 3.7359767e-16 1e-20
4675.52 4.1359788e-16 1e-20
4676.99 3.8996134e-16 1e-20
4678.46 3.7464696e-16 1e-20
4679.93 3.542313e-16 1e-20
4681.4 3.5457996e-16 1e-20
4682.87 3.6603213e-16 1e-20
4684.34 3.3045074e-16 1e-20
4685.81 3.6236451e-16 1e-20
4687.28 3.9040733e-16 1e-20
4688.75 3.7602045e-16 1e-20
4690.22 4.066165e-16 1e-20
4691.69 4.1763245e-16 1e-20
4693.16 3.9322753e-16 1e-20
4694.63 3.7876616e-16 1e-20
4696.1 3.6451499e-16 1e-20
4697.57 3.2072246e-16 1e-20
4699.04 3.6774131e-16 1e-20
4700.51 3.5913845e-16 1e-20
4701.98 3.3143465e-16 1e-20
4703.45 3.2090918e-16 1e-20
4704.92 3.2479751e-16 1e-20
4706.39 3.2743941e-16 1e-20
4707.86 3.1055751e-16 1e-20
4709.33 3.1445857e-16 1e-20
4710.8 3.1744722e-16 1e-20
4712.27 3.2043587e-16 1e-20
4713.74 3.2342452e-16 1e-20
4715.21 3.2641317e-16 1e-20
4716.68 3.2940182e-16 1e-20
4718.15 3.3239045e-16 1e-20
4719.62 3.3537912e-16 1e-20
4721.09 3.3836777e-16 1e-20
4722.56 3.413564e-16 1e-20
4724.03 3.4434507e-16 1e-20
4725.5 3.473337e-16 1e-20
4726.97 3.5032234e-16 1e-20
4728.44 3.5331099e-16 1e-20
4729.91 3.5629964e-16 1e-20
4731.38 3.5928827e-16 1e-20
4732.85 3.6227694e-16 1e-20
4734.32 3.6526557e-16 1e-20
4735.79 3.6526557e-16 1e-20
4737.26 3.5781229e-16 1e-20
4738.73 3.6191447e-16 1e-20
4740.2 3.8533855e-16 1e-20
4741.67 3.7762807e-16 1e-20
4743.14 3.909943e-16 1e-20
4744.61 3.6866521e-16 1e-20
4746.08 3.5454287e-16 1e-20
4747.55 3.4774199e-16 1e-20
4749.02 3.8949749e-16 1e-20
4750.49 3.7348441e-16 1e-20
4751.96 3.8268025e-16 1e-20
4753.43 3.9304536e-16 1e-20
4754.9 3.9534381e-16 1e-20
4756.37 3.540063e-16 1e-20
4757.84 3.6471722e-16 1e-20
4759.31 3.5581268e-16 1e-20
4760.78 3.236226e-16 1e-20
4762.25 3.1008807e-16 1e-20
4763.72 3.5457217e-16 1e-20
4765.19 3.6426858e-16 1e-20
4766.66 3.2182098e-16 1e-20
4768.13 3.3719077e-16 1e-20
4769.6 3.3252925e-16 1e-20
4771.07 3.6059423e-16 1e-20
4772.54 3.6365544e-16 1e-20
4774.01 3.4184212e-16 1e-20
4775.48 3.9552413e-16 1e-20
4776.95 3.7588823e-16 1e-20
4778.42 3.8211573e-16 1e-20
4779.89 3.8120056e-16 1e-20
4781.36 3.3558056e-16 1e-20
4782.83 3.4474879e-16 1e-20
4784.3 3.4379283e-16 1e-20
4785.77 3.4293971e-16 1e-20
4787.24 3.6525188e-16 1e-20
4788.71 3.7750247e-16 1e-20
4790.18 3.3166798e-16 1e-20
4791.65 3.9015762e-16 1e-20
4793.12 3.96945e-16 1e-20
4794.59 3.5656474e-16 1e-20
4796.06 3.3517343e-16 1e-20
4797.53 3.6528343e-16 1e-20
4799.0 3.437125e-16 1e-20
4800.47 3.4441813e-16 1e-20
4801.94 3.5707119e-16 1e-20
4803.41 3.498983e-16 1e-20
4804.88 3.1914513e-16 1e-20
4806.35 2.8907596e-16 1e-20
4807.82 3.406676e-16 1e-20
4809.29 3.6286243e-16 1e-20
4810.76 3.3783591e-16 1e-20
4812.23 2.7778657e-16 1e-20
4813.7 2.916565e-16 1e-20
4815.17 3.3743519e-16 1e-20
4816.64 3.1195607e-16 1e-20
4818.11 3.2109378e-16 1e-20
4819.58 3.5672406e-16 1e-20
4821.05 2.9947194e-16 1e-20
4822.52 2.7564347e-16 1e-20
4823.99 3.0996543e-16 1e-20
4825.46 3.1951647e-16 1e-20
4826.93 3.2113976e-16 1e-20
4828.4 2.9953192e-16 1e-20
4829.87 3.2360195e-16 1e-20
4831.34 3.1086244e-16 1e-20
4832.81 3.0970124e-16 1e-20
4834.28 3.0909889e-16 1e-20
4835.75 3.198866e-16 1e-20
4837.22 2.9127046e-16 1e-20
4838.69 2.8182356e-16 1e-20
4840.16 2.9601647e-16 1e-20
4841.63 3.2198435e-16 1e-20
4843.1 3.0436284e-16 1e-20
4844.57 2.8574262e-16 1e-20
4846.04 2.8121208e-16 1e-20
4847.51 3.0172195e-16 1e-20
4848.98 3.187494e-16 1e-20
4850.45 2.9634671e-16 1e-20
4851.92 2.5122727e-16 1e-20
4853.39 2.7611273e-16 1e-20
4854.86 2.8558536e-16 1e-20
4856.33 2.8882114e-16 1e-20
4857.8 2.9489283e-16 1e-20
4859.27 2.7614838e-16 1e-20
4860.74 2.8351474e-16 1e-20
4862.21 3.0507154e-16 1e-20
4863.68 2.8732408e-16 1e-20
4865.15 2.909087e-16 1e-20
4866.62 2.8687817e-16 1e-20
4868.09 2.6991671e-16 1e-20
4869.56 2.9897944e-16 1e-20
4871.03 2.8606865e-16 1e-20
4872.5 2.8920111e-16 1e-20
4873.97 2.6847583e-16 1e-20
4875.44 2.4388225e-16 1e-20
4876.91 2.4701209e-16 1e-20
4878.38 2.8317034e-16 1e-20
4879.85 3.0352359e-16 1e-20
4881.32 3.0413822e-16 1e-20
4882.79 2.7377545e-16 1e-20
4884.26 2.6204364e-16 1e-20
4885.73 3.1880769e-16 1e-20
4887.2 3.009593e-16 1e-20
4888.67 2.80882e-16 1e-20
4890.14 2.8419271e-16 1e-20
4891.61 2.4863697e-16 1e-20
4893.08 2.5737009e-16 1e-20
4894.55 2.8830463e-16 1e-20
4896.02 3.0271232e-16 1e-20
4897.49 2.732104e-16 1e-20
4898.96 2.7956346e-16 1e-20
4900.43 3.3021773e-16 1e-20
4901.9 3.2648811e-16 1e-20
4903.37 3.4347387e-16 1e-20
4904.84 3.0264892e-16 1e-20
4906.31 3.0523322e-16 1e-20
4907.78 2.7729974e-16 1e-20
4909.25 2.9948263e-16 1e-20
4910.72 3.0591307e-16 1e-20
4912.19 2.8988249e-16 1e-20
4913.66 3.2403849e-16 1e-20
4915.13 3.2570079e-16 1e-20
4916.6 2.9903474e-16 1e-20
4918.07 2.8884228e-16 1e-20
4919.54 2.6980983e-16 1e-20
4921.01 2.8972667e-16 1e-20
4922.48 3.300146e-16 1e-20
4923.95 3.1327278e-16 1e-20
4925.42 3.1748206e-16 1e-20
4926.89 3.4071961e-16 1e-20
4928.36 3.345845e-16 1e-20
4929.83 3.1472721e-16 1e-20
4931.3 2.9611274e-16 1e-20
4932.77 2.9673004e-16 1e-20
4934.24 2.8283007e-16 1e-20
4935.71 3.1096096e-16 1e-20
4937.18 2.9137129e-16 1e-20
4938.65 3.0097116e-16 1e-20
4940.12 2.9734769e-16 1e-20
4941.59 3.1959217e-16 1e-20
4943.06 3.2753658e-16 1e-20
4944.53 2.8328464e-16 1e-20
4946.0 2.6869111e-16 1e-20
4947.47 2.7109364e-16 1e-20
4948.94 2.818946e-16 1e-20
4950.41 2.6454845e-16 1e-20
4951.88 2.9401938e-16 1e-20
4953.35 3.2886398e-16 1e-20
4954.82 3.2577086e-16 1e-20
4956.29 3.3812835e-16 1e-20
4957.76 2.8807146e-16 1e-20
4959.23 2.8232235e-16 1e-20
4960.7 3.0303914e-16 1e-20
4962.17 3.1961174e-16 1e-20
4963.64 3.2162728e-16 1e-20
4965.11 3.3489327e-16 1e-20
4966.58 3.4148959e-16 1e-20
4968.05 3.293834e-16 1e-20
4969.52 3.1850122e-16 1e-20
4970.99 3.2955757e-16 1e-20
4972.46 3.0708912e-16 1e-20
4973.93 3.1818171e-16 1e-20
4975.4 2.947257e-16 1e-20
4976.87 2.9510575e-16 1e-20
4978.34 3.3325688e-16 1e-20
4979.81 3.225407e-16 1e-20
4981.28 3.2878772e-16 1e-20
4982.75 3.0810739e-16 1e-20
4984.22 3.2743221e-16 1e-20
4985.69 3.0533807e-16 1e-20
4987.16 3.466441e-16 1e-20
4988.63 3.6990096e-16 1e-20
4990.1 3.1938579e-16 1e-20
4991.57 3.015747e-16 1e-20
4993.04 3.3953641e-16 1e-20
4994.51 3.072544e-16 1e-20
4995.98 2.9662477e-16 1e-20
4997.45 3.3098032e-16 1e-20
4998.92 3.2197411e-16 1e-20
5000.39 3.178449e-16 1e-20
5001.86 3.1536373e-16 1e-20
5003.33 3.3997568e-16 1e-20
5004.8 4.0272557e-16 1e-20
5006.27 3.5933213e-16 1e-20
5007.74 3.0818786e-16 1e-20
5009.21 2.7806093e-16 1e-20
5010.68 3.4343147e-16 1e-20
5012.15 3.6368262e-16 1e-20
5013.62 3.258328e-16 1e-20
5015.09 3.3109356e-16 1e-20
5016.56 3.3868732e-16 1e-20
5018.03 3.2149715e-16 1e-20
5019.5 3.1274593e-16 1e-20
5020.97 3.4176474e-16 1e-20
5022.44 3.3233285e-16 1e-20
5023.91 3.229756e-16 1e-20
5025.38 3.2359062e-16 1e-20
5026.85 3.4476028e-16 1e-20
5028.32 3.6593581e-16 1e-20
5029.79 3.4117047e-16 1e-20
5031.26 3.8175764e-16 1e-20
5032.73 3.3941206e-16 1e-20
5034.2 3.3362905e-16 1e-20
5035.67 3.6171727e-16 1e-20
5037.14 3.4396782e-16 1e-20
5038.61 3.3504454e-16 1e-20
5040.08 3.715095e-16 1e-20
5041.55 3.8599011e-16 1e-20
5043.02 3.6228864e-16 1e-20
5044.49 3.5541603e-16 1e-20
5045.96 3.696955e-16 1e-20
5047.43 3.7783427e-16 1e-20
5048.9 3.7270302e-16 1e-20
5050.37 3.5462932e-16 1e-20
5051.84 3.3694309e-16 1e-20
5053.31 3.5838845e-16 1e-20
5054.78 4.0037291e-16 1e-20
5056.25 3.6989087e-16 1e-20
5057.72 3.6595413e-16 1e-20
5059.19 3.8581353e-16 1e-20
5060.66 3.7225518e-16 1e-20
5062.13 3.6727015e-16 1e-20
5063.6 4.053891e-16 1e-20
5065.07 4.1354473e-16 1e-20
5066.54 3.6013027e-16 1e-20
5068.01 3.4816778e-16 1e-20
5069.48 3.7849498e-16 1e-20
5070.95 3.7442872e-16 1e-20
5072.42 3.9662715e-16 1e-20
5073.89 3.9141996e-16 1e-20
5075.36 3.6582151e-16 1e-20
5076.83 3.746491e-16 1e-20
5078.3 3.7371851e-16 1e-20
5079.77 3.5568025e-16 1e-20
5081.24 3.8646826e-16 1e-20
5082.71 4.1648615e-16 1e-20
5084.18 3.8095582e-16 1e-20
5085.65 4.1029164e-16 1e-20
5087.12 3.7598816e-16 1e-20
5088.59 4.1839711e-16 1e-20
5090.06 3.8952279e-16 1e-20
5091.53 3.7909452e-16 1e-20
5093.0 3.972909e-16 1e-20
5094.47 4.1500819e-16 1e-20
5095.94 3.9370319e-16 1e-20
5097.41 3.8616497e-16 1e-20
5098.88 3.9434299e-16 1e-20
5100.35 3.7987794e-16 1e-20
5101.82 3.8494858e-16 1e-20
5103.29 3.9220876e-16 1e-20
5104.76 4.0044642e-16 1e-20
5106.23 3.9624093e-16 1e-20
5107.7 3.82335e-16 1e-20
5109.17 4.0508075e-16 1e-20
5110.64 4.0903115e-16 1e-20
5112.11 3.9027059e-16 1e-20
5113.58 3.8304288e-16 1e-20
5115.05 3.8547686e-16 1e-20
5116.52 3.9757347e-16 1e-20
5117.99 4.1846165e-16 1e-20
5119.46 4.4362954e-16 1e-20
5120.93 4.1968656e-16 1e-20
5122.4 3.8887791e-16 1e-20
5123.87 4.0695775e-16 1e-20
5125.34 4.108118e-16 1e-20
5126.81 4.2167963e-16 1e-20
5128.28 4.4912424e-16 1e-20
5129.75 4.2048341e-16 1e-20
5131.22 4.2667951e-16 1e-20
5132.69 4.2056165e-16 1e-20
5134.16 4.4011363e-16 1e-20
5135.63 4.0993605e-16 1e-20
5137.1 3.7975407e-16 1e-20
5138.57 4.1368986e-16 1e-20
5140.04 4.362945e-16 1e-20
5141.51 4.1680789e-16 1e-20
5142.98 4.1464952e-16 1e-20
5144.45 4.1476853e-16 1e-20
5145.92 4.1961131e-16 1e-20
5147.39 4.2754356e-16 1e-20
5148.86 4.13362e-16 1e-20
5150.33 4.2438151e-16 1e-20
5151.8 3.9420117e-16 1e-20
5153.27 4.258776e-16 1e-20
5154.74 4.1983114e-16 1e-20
5156.21 3.689302e-16 1e-20
5157.68 3.8672266e-16 1e-20
5159.15 4.3754974e-16 1e-20
5160.62 4.2601734e-16 1e-20
5162.09 4.0595796e-16 1e-20
5163.56 3.9736423e-16 1e-20
5165.03 4.2857329e-16 1e-20
5166.5 4.1893262e-16 1e-20
5167.97 3.8809589e-16 1e-20
5169.44 4.1917781e-16 1e-20
5170.91 4.4497838e-16 1e-20
5172.38 4.1574781e-16 1e-20
5173.85 4.0286515e-16 1e-20
5175.32 4.1031369e-16 1e-20
5176.79 4.5294065e-16 1e-20
5178.26 4.5256473e-16 1e-20
5179.73 4.3615317e-16 1e-20
5181.2 4.2792557e-16 1e-20
5182.67 3.8309008e-16 1e-20
5184.14 3.6180843e-16 1e-20
5185.61 3.9580026e-16 1e-20
5187.08 4.4637101e-16 1e-20
5188.55 4.4123384e-16 1e-20
5190.02 3.9597043e-16 1e-20
5191.49 3.8215083e-16 1e-20
5192.96 4.3485562e-16 1e-20
5194.43 3.8823633e-16 1e-20
5195.9 4.1651448e-16 1e-20
5197.37 4.5051644e-16 1e-20
5198.84 4.7709448e-16 1e-20
5200.31 4.2376439e-16 1e-20
5201.78 4.0229007e-16 1e-20
5203.25 4.2033428e-16 1e-20
5204.72 4.1594196e-16 1e-20
5206.19 4.3187942e-16 1e-20
5207.66 4.7464058e-16 1e-20
5209.13 4.3669988e-16 1e-20
5210.6 4.2660558e-16 1e-20
5212.07 4.4281877e-16 1e-20
5213.54 4.2377985e-16 1e-20
5215.01 3.8726301e-16 1e-20
5216.48 4.253909e-16 1e-20
5217.95 4.4352382e-16 1e-20
5219.42 4.1435121e-16 1e-20
5220.89 4.2626113e-16 1e-20
5222.36 4.1703117e-16 1e-20
5223.83 4.1346293e-16 1e-20
5225.3 4.1107099e-16 1e-20
5226.77 4.4213399e-16 1e-20
5228.24 4.0534431e-16 1e-20
5229.71 3.8499447e-16 1e-20
5231.18 4.1950577e-16 1e-20
5232.65 4.1655757e-16 1e-20
5234.12 4.1819343e-16 1e-20
5235.59 4.2939139e-16 1e-20
5237.06 3.8948655e-16 1e-20
5238.53 3.9507062e-16 1e-20
5240.0 4.154794e-16 1e-20
5241.47 4.3481698e-16 1e-20
5242.94 4.1882539e-16 1e-20
5244.41 4.0810407e-16 1e-20
5245.88 3.940118e-16 1e-20
5247.35 3.895225e-16 1e-20
5248.82 3.9147261e-16 1e-20
5250.29 3.919046e-16 1e-20
5251.76 4.1424697e-16 1e-20
5253.23 4.0254963e-16 1e-20
5254.7 3.9769163e-16 1e-20
5256.17 4.254098e-16 1e-20
5257.64 3.9533066e-16 1e-20
5259.11 3.8470378e-16 1e-20
5260.58 4.101396e-16 1e-20
5262.05 4.3177534e-16 1e-20
5263.52 4.0480467e-16 1e-20
5264.99 3.8050043e-16 1e-20
5266.46 3.9193212e-16 1e-20
5267.93 3.9210349e-16 1e-20
5269.4 3.9380227e-16 1e-20
5270.87 3.8656929e-16 1e-20
5272.34 3.7516151e-16 1e-20
5273.81 3.7186035e-16 1e-20
5275.28 3.9195497e-16 1e-20
5276.75 4.0255754e-16 1e-20
5278.22 3.6339738e-16 1e-20
5279.69 3.8285879e-16 1e-20
5281.16 3.8810552e-16 1e-20
5282.63 3.9395936e-16 1e-20
5284.1 3.8039728e-16 1e-20
5285.57 3.8509299e-16 1e-20
5287.04 3.7901376e-16 1e-20
5288.51 3.5142193e-16 1e-20
5289.98 3.5636518e-16 1e-20
5291.45 3.7699517e-16 1e-20
5292.92 3.7196901e-16 1e-20
5294.39 3.4446405e-16 1e-20
5295.86 3.2350605e-16 1e-20
5297.33 3.2943115e-16 1e-20
5298.8 3.7672251e-16 1e-20
5300.27 3.6517054e-16 1e-20
5301.74 3.4976555e-16 1e-20
5303.21 3.7749535e-16 1e-20
5304.68 3.6682286e-16 1e-20
5306.15 3.4337096e-16 1e-20
5307.62 3.635463e-16 1e-20
5309.09 3.9927031e-16 1e-20
5310.56 3.9680915e-16 1e-20
5312.03 3.7109691e-16 1e-20
5313.5 3.6499523e-16 1e-20
5314.97 3.5101127e-16 1e-20
5316.44 3.7090869e-16 1e-20
5317.91 3.7984351e-16 1e-20
5319.38 3.6054534e-16 1e-20
5320.85 3.59355e-16 1e-20
5322.32 3.5227605e-16 1e-20
5323.79 3.6805209e-16 1e-20
5325.26 3.7639399e-16 1e-20
5326.73 3.8265822e-16 1e-20
5328.2 3.735514e-16 1e-20
5329.67 3.5916402e-16 1e-20
5331.14 3.7498299e-16 1e-20
5332.61 4.0074333e-16 1e-20
5334.08 3.5905541e-16 1e-20
5335.55 3.2343665e-16 1e-20
5337.02 3.7351e-16 1e-20
5338.49 3.8541225e-16 1e-20
5339.96 3.4722482e-16 1e-20
5341.43 3.4151265e-16 1e-20
5342.9 3.6117927e-16 1e-20
5344.37 3.5710221e-16 1e-20
5345.84 3.5104322e-16 1e-20
5347.31 3.5214008e-16 1e-20
5348.78 3.3612454e-16 1e-20
5350.25 3.1220247e-16 1e-20
5351.72 3.1785507e-16 1e-20
5353.19 3.4110342e-16 1e-20
5354.66 3.5689672e-16 1e-20
5356.13 3.6895048e-16 1e-20
5357.6 3.3783345e-16 1e-20
5359.07 3.4219906e-16 1e-20
5360.54 3.5976782e-16 1e-20
5362.01 3.3857569e-16 1e-20
5363.48 3.5227203e-16 1e-20
5364.95 3.4974035e-16 1e-20
5366.42 3.6814691e-16 1e-20
5367.89 3.7119689e-16 1e-20
5369.36 3.7227267e-16 1e-20
5370.83 4.037247e-16 1e-20
5372.3 3.7836297e-16 1e-20
5373.77 3.5128174e-16 1e-20
5375.24 3.4843627e-16 1e-20
5376.71 3.9568398e-16 1e-20
5378.18 3.8569886e-16 1e-20
5379.65 3.5356444e-16 1e-20
5381.12 3.5920656e-16 1e-20
5382.59 3.6537677e-16 1e-20
5384.06 3.6583102e-16 1e-20
5385.53 3.3550599e-16 1e-20
5387.0 3.5853023e-16 1e-20
5388.47 3.8258983e-16 1e-20
5389.94 3.5515496e-16 1e-20
5391.41 3.3687657e-16 1e-20
5392.88 3.5395355e-16 1e-20
5394.35 3.5873709e-16 1e-20
5395.82 3.2198772e-16 1e-20
5397.29 3.0519756e-16 1e-20
5398.76 3.5300254e-16 1e-20
5400.23 3.520797e-16 1e-20
5401.7 3.3900262e-16 1e-20
5403.17 3.5958314e-16 1e-20
5404.64 3.6685389e-16 1e-20
5406.11 3.640154e-16 1e-20
5407.58 3.6753051e-16 1e-20
5409.05 3.5553448e-16 1e-20
5410.52 3.3086298e-16 1e-20
5411.99 3.3720821e-16 1e-20
5413.46 3.528198e-16 1e-20
5414.93 3.1710095e-16 1e-20
5416.4 3.1339038e-16 1e-20
5417.87 3.5690355e-16 1e-20
5419.34 3.6858146e-16 1e-20
5420.81 3.5082773e-16 1e-20
5422.28 3.5295852e-16 1e-20
5423.75 3.6924072e-16 1e-20
5425.22 3.7507045e-16 1e-20
5426.69 3.2885967e-16 1e-20
5428.16 3.1322273e-16 1e-20
5429.63 2.9455219e-16 1e-20
5431.1 3.2764928e-16 1e-20
5432.57 3.2572986e-16 1e-20
5434.04 3.1402918e-16 1e-20
5435.51 3.0539286e-16 1e-20
5436.98 3.0566703e-16 1e-20
5438.45 3.7128723e-16 1e-20
5439.92 3.8562448e-16 1e-20
5441.39 3.5097575e-16 1e-20
5442.86 3.4504716e-16 1e-20
5444.33 3.3872461e-16 1e-20
5445.8 3.0311667e-16 1e-20
5447.27 3.2067873e-16 1e-20
5448.74 3.3159323e-16 1e-20
5450.21 3.3073428e-16 1e-20
5451.68 3.2762533e-16 1e-20
5453.15 3.0920692e-16 1e-20
5454.62 3.0843831e-16 1e-20
5456.09 3.4642165e-16 1e-20
5457.56 3.5410678e-16 1e-20
5459.03 3.2452318e-16 1e-20
5460.5 3.3439365e-16 1e-20
5461.97 3.5357148e-16 1e-20
5463.44 3.6721711e-16 1e-20
5464.91 3.4019008e-16 1e-20
5466.38 3.3453243e-16 1e-20
5467.85 3.5065091e-16 1e-20
5469.32 3.4305298e-16 1e-20
5470.79 3.437333e-16 1e-20
5472.26 3.4440897e-16 1e-20
5473.73 3.4246918e-16 1e-20
5475.2 3.4265532e-16 1e-20
5476.67 3.4758627e-16 1e-20
5478.14 3.3605445e-16 1e-20
5479.61 3.5229051e-16 1e-20
5481.08 3.3753863e-16 1e-20
5482.55 3.1906985e-16 1e-20
5484.02 3.3916652e-16 1e-20
5485.49 3.483811e-16 1e-20
5486.96 2.905323e-16 1e-20
5488.43 3.0637407e-16 1e-20
5489.9 3.3974309e-16 1e-20
5491.37 3.5499079e-16 1e-20
5492.84 3.2065814e-16 1e-20
5494.31 3.3026574e-16 1e-20
5495.78 3.1552665e-16 1e-20
5497.25 3.045318e-16 1e-20
5498.72 3.2299974e-16 1e-20
5500.19 3.2950164e-16 1e-20
5501.66 3.2812921e-16 1e-20
5503.13 3.2477731e-16 1e-20
5504.6 3.0629511e-16 1e-20
5506.07 3.2744841e-16 1e-20
5507.54 3.4076188e-16 1e-20
5509.01 2.9217798e-16 1e-20
5510.48 3.2784564e-16 1e-20
5511.95 3.4109294e-16 1e-20
5513.42 3.3155548e-16 1e-20
5514.89 3.3866564e-16 1e-20
5516.36 3.2855347e-16 1e-20
5517.83 3.3485881e-16 1e-20
5519.3 3.6001206e-16 1e-20
5520.77 3.6928876e-16 1e-20
5522.24 3.478282e-16 1e-20
5523.71 3.3910196e-16 1e-20
5525.18 3.2612632e-16 1e-20
5526.65 3.3033366e-16 1e-20
5528.12 3.767934e-16 1e-20
5529.59 3.6672008e-16 1e-20
5531.06 3.5007125e-16 1e-20
5532.53 3.5557136e-16 1e-20
5534.0 3.1995103e-16 1e-20
5535.47 3.1423718e-16 1e-20
5536.94 3.4286536e-16 1e-20
5538.41 3.491248e-16 1e-20
5539.88 3.3796855e-16 1e-20
5541.35 3.4050063e-16 1e-20
5542.82 3.433254e-16 1e-20
5544.29 3.3580208e-16 1e-20
5545.76 3.5029466e-16 1e-20
5547.23 3.5308531e-16 1e-20
5548.7 3.4576068e-16 1e-20
5550.17 3.6144664e-16 1e-20
5551.64 3.708032e-16 1e-20
5553.11 3.4743764e-16 1e-20
5554.58 3.1810876e-16 1e-20
5556.05 3.33065e-16 1e-20
5557.52 3.5991465e-16 1e-20
5558.99 3.5399701e-16 1e-20
5560.46 3.4336378e-16 1e-20
5561.93 3.424037e-16 1e-20
5563.4 3.3840102e-16 1e-20
5564.87 3.3738606e-16 1e-20
5566.34 3.3063661e-16 1e-20
5567.81 3.2651865e-16 1e-20
5569.28 3.3816544e-16 1e-20
5570.75 3.3555223e-16 1e-20
5572.22 3.5996791e-16 1e-20
5573.69 3.5227859e-16 1e-20
5575.16 3.2170634e-16 1e-20
5576.63 3.3698639e-16 1e-20
5578.1 3.3894876e-16 1e-20
5579.57 3.5392478e-16 1e-20
5581.04 3.3863962e-16 1e-20
5582.51 3.3725969e-16 1e-20
5583.98 3.2252251e-16 1e-20
5585.45 2.8776041e-16 1e-20
5586.92 3.0016444e-16 1e-20
5588.39 2.9787192e-16 1e-20
5589.86 3.2801248e-16 1e-20
5591.33 3.5373517e-16 1e-20
5592.8 3.300704e-16 1e-20
5594.27 3.0815268e-16 1e-20
5595.74 3.4008071e-16 1e-20
5597.21 3.3522004e-16 1e-20
5598.68 3.2136899e-16 1e-20
5600.15 3.2598381e-16 1e-20
5601.62 3.2190317e-16 1e-20
5603.09 3.3218811e-16 1e-20
5604.56 3.2272101e-16 1e-20
5606.03 3.1692651e-16 1e-20
5607.5 3.2290286e-16 1e-20
5608.97 3.2026104e-16 1e-20
5610.44 3.231261e-16 1e-20
5611.91 3.3399957e-16 1e-20
5613.38 3.314901e-16 1e-20
5614.85 3.4203317e-16 1e-20
5616.32 3.4284871e-16 1e-20
5617.79 3.2074901e-16 1e-20
5619.26 3.1643319e-16 1e-20
5620.73 3.108883e-16 1e-20
5622.2 3.1912837e-16 1e-20
5623.67 3.5321298e-16 1e-20
5625.14 3.5776067e-16 1e-20
5626.61 3.3094972e-16 1e-20
5628.08 3.0650628e-16 1e-20
5629.55 3.4109601e-16 1e-20
5631.02 3.7755302e-16 1e-20
5632.49 3.5329615e-16 1e-20
5633.96 3.3222898e-16 1e-20
5635.43 3.4533184e-16 1e-20
5636.9 3.5372189e-16 1e-20
5638.37 3.369914e-16 1e-20
5639.84 3.2662946e-16 1e-20
5641.31 3.1189852e-16 1e-20
5642.78 3.3828034e-16 1e-20
5644.25 3.6777636e-16 1e-20
5645.72 3.4837676e-16 1e-20
5647.19 3.2935542e-16 1e-20
5648.66 3.359965e-16 1e-20
5650.13 3.4982151e-16 1e-20
5651.6 3.5688439e-16 1e-20
5653.07 3.4309874e-16 1e-20
5654.54 3.159521e-16 1e-20
5656.01 3.2382835e-16 1e-20
5657.48 3.3900074e-16 1e-20
5658.95 3.4785788e-16 1e-20
5660.42 3.4238678e-16 1e-20
5661.89 3.3331189e-16 1e-20
5663.36 3.4333506e-16 1e-20
5664.83 3.5623426e-16 1e-20
5666.3 3.2575328e-16 1e-20
5667.77 3.0758318e-16 1e-20
5669.24 3.4597254e-16 1e-20
5670.71 3.6585081e-16 1e-20
5672.18 3.4912771e-16 1e-20
5673.65 3.6445977e-16 1e-20
5675.12 3.4837068e-16 1e-20
5676.59 3.406145e-16 1e-20
5678.06 3.6550348e-16 1e-20
5679.53 3.7268661e-16 1e-20
5681.0 3.3907833e-16 1e-20
5682.47 3.4182345e-16 1e-20
5683.94 3.8726627e-16 1e-20
5685.41 3.7687164e-16 1e-20
5686.88 3.4133887e-16 1e-20
5688.35 3.1856711e-16 1e-20
5689.82 3.256379e-16 1e-20
5691.29 3.4705478e-16 1e-20
5692.76 3.4189156e-16 1e-20
5694.23 3.3247406e-16 1e-20
5695.7 3.4743312e-16 1e-20
5697.17 3.7309403e-16 1e-20
5698.64 3.5494799e-16 1e-20
5700.11 3.6415619e-16 1e-20
5701.58 3.6231506e-16 1e-20
5703.05 3.1998202e-16 1e-20
5704.52 3.1810097e-16 1e-20
5705.99 3.2212576e-16 1e-20
5707.46 3.2306673e-16 1e-20
5708.93 3.2855902e-16 1e-20
5710.4 3.3267243e-16 1e-20
5711.87 3.1595584e-16 1e-20
5713.34 3.3953689e-16 1e-20
5714.81 3.4203542e-16 1e-20
5716.28 3.1592262e-16 1e-20
5717.75 3.2810779e-16 1e-20
5719.22 3.3128883e-16 1e-20
5720.69 3.2852176e-16 1e-20
5722.16 3.3907039e-16 1e-20
5723.63 3.4874983e-16 1e-20
5725.1 3.3515963e-16 1e-20
5726.57 3.2187908e-16 1e-20
5728.04 3.204706e-16 1e-20
5729.51 3.2466063e-16 1e-20
5730.98 3.1833825e-16 1e-20
5732.45 3.2245689e-16 1e-20
5733.92 3.1358097e-16 1e-20
5735.39 3.5603884e-16 1e-20
5736.86 3.3249847e-16 1e-20
5738.33 3.0733254e-16 1e-20
5739.8 3.1492958e-16 1e-20
5741.27 3.2361042e-16 1e-20
5742.74 3.2681453e-16 1e-20
5744.21 3.2484942e-16 1e-20
5745.68 3.1717842e-16 1e-20
5747.15 3.5481673e-16 1e-20
5748.62 3.6555944e-16 1e-20
5750.09 3.5204275e-16 1e-20
5751.56 3.4130332e-16 1e-20
5753.03 3.0664861e-16 1e-20
5754.5 3.0218975e-16 1e-20
5755.97 3.1593188e-16 1e-20
5757.44 3.2677838e-16 1e-20
5758.91 3.5119309e-16 1e-20
5760.38 3.3309743e-16 1e-20
5761.85 3.0412776e-16 1e-20
5763.32 3.2548782e-16 1e-20
5764.79 3.3842563e-16 1e-20
5766.26 3.0695627e-16 1e-20
5767.73 3.0801628e-16 1e-20
5769.2 2.8935403e-16 1e-20
5770.67 2.8858616e-16 1e-20
5772.14 3.1522448e-16 1e-20
5773.61 3.0880862e-16 1e-20
5775.08 3.1196102e-16 1e-20
5776.55 3.4400991e-16 1e-20
5778.02 3.3460382e-16 1e-20
5779.49 3.0404946e-16 1e-20
5780.96 3.1066461e-16 1e-20
5782.43 3.0759814e-16 1e-20
5783.9 2.7304147e-16 1e-20
5785.37 2.7823301e-16 1e-20
5786.84 3.0019655e-16 1e-20
5788.31 3.0074164e-16 1e-20
5789.78 2.9221072e-16 1e-20
5791.25 3.164216e-16 1e-20
5792.72 3.0372002e-16 1e-20
5794.19 2.9219272e-16 1e-20
5795.66 2.8918173e-16 1e-20
5797.13 3.0317837e-16 1e-20
5798.6 3.2519734e-16 1e-20
5800.07 3.207709e-16 1e-20
5801.54 3.1742194e-16 1e-20
5803.01 3.0193072e-16 1e-20
5804.48 2.950518e-16 1e-20
5805.95 2.8566678e-16 1e-20
5807.42 2.9818757e-16 1e-20
5808.89 3.1541951e-16 1e-20
5810.36 3.1646848e-16 1e-20
5811.83 3.2713559e-16 1e-20
5813.3 3.2340073e-16 1e-20
5814.77 3.0830835e-16 1e-20
5816.24 2.958666e-16 1e-20
5817.71 2.9577033e-16 1e-20
5819.18 2.8754214e-16 1e-20
5820.65 2.882798e-16 1e-20
5822.12 3.0968785e-16 1e-20
5823.59 3.3630946e-16 1e-20
5825.06 3.4049949e-16 1e-20
5826.53 3.2098713e-16 1e-20
5828.0 2.9708013e-16 1e-20
5829.47 3.0490084e-16 1e-20
5830.94 3.110562e-16 1e-20
5832.41 2.9134434e-16 1e-20
5833.88 2.9766461e-16 1e-20
5835.35 3.3247848e-16 1e-20
5836.82 3.19042e-16 1e-20
5838.29 2.9231178e-16 1e-20
5839.76 3.2104108e-16 1e-20
5841.23 3.496155e-16 1e-20
5842.7 3.4960933e-16 1e-20
5844.17 3.2112541e-16 1e-20
5845.64 2.9272855e-16 1e-20
5847.11 3.1016949e-16 1e-20
5848.58 3.2370648e-16 1e-20
5850.05 3.2544234e-16 1e-20
5851.52 3.3476166e-16 1e-20
5852.99 3.2793759e-16 1e-20
5854.46 3.1142042e-16 1e-20
5855.93 2.9952239e-16 1e-20
5857.4 3.1868834e-16 1e-20
5858.87 3.1555312e-16 1e-20
5860.34 2.7723129e-16 1e-20
5861.81 2.956802e-16 1e-20
5863.28 3.3344982e-16 1e-20
5864.75 3.277688e-16 1e-20
5866.22 3.0242366e-16 1e-20
5867.69 2.7763051e-16 1e-20
5869.16 3.0648474e-16 1e-20
5870.63 3.625202e-16 1e-20
5872.1 3.2725978e-16 1e-20
5873.57 3.0157136e-16 1e-20
5875.04 3.1662023e-16 1e-20
5876.51 2.9234344e-16 1e-20
5877.98 3.0324124e-16 1e-20
5879.45 3.2305831e-16 1e-20
5880.92 3.3212919e-16 1e-20
5882.39 3.2414111e-16 1e-20
5883.86 2.9677149e-16 1e-20
5885.33 3.0336461e-16 1e-20
5886.8 3.0933786e-16 1e-20
5888.27 2.7241432e-16 1e-20
5889.74 2.0639935e-16 1e-20
5891.21 2.3551306e-16 1e-20
5892.68 2.7090369e-16 1e-20
5894.15 2.5341714e-16 1e-20
5895.62 2.9041541e-16 1e-20
5897.09 2.7917679e-16 1e-20
5898.56 2.7810813e-16 1e-20
5900.03 3.1387949e-16 1e-20
5901.5 3.0106314e-16 1e-20
5902.97 2.7452025e-16 1e-20
5904.44 2.8395019e-16 1e-20
5905.91 3.1019953e-16 1e-20
5907.38 3.1591293e-16 1e-20
5908.85 3.0022315e-16 1e-20
5910.32 2.7279834e-16 1e-20
5911.79 2.9693817e-16 1e-20
5913.26 3.0995236e-16 1e-20
5914.73 2.8584808e-16 1e-20
5916.2 2.6679987e-16 1e-20
5917.67 2.8786949e-16 1e-20
5919.14 3.1304077e-16 1e-20
5920.61 2.9182315e-16 1e-20
5922.08 2.7803274e-16 1e-20
5923.55 3.1005546e-16 1e-20
5925.02 2.8729229e-16 1e-20
5926.49 2.4526289e-16 1e-20
5927.96 2.5314527e-16 1e-20
5929.43 2.705378e-16 1e-20
5930.9 2.8102242e-16 1e-20
5932.37 2.7626938e-16 1e-20
5933.84 2.7173158e-16 1e-20
5935.31 2.7794653e-16 1e-20
5936.78 2.8796314e-16 1e-20
5938.25 2.7748789e-16 1e-20
5939.72 2.5164698e-16 1e-20
5941.19 2.4306968e-16 1e-20
5942.66 2.6705048e-16 1e-20
5944.13 2.6406459e-16 1e-20
5945.6 2.6116109e-16 1e-20
5947.07 2.5818456e-16 1e-20
5948.54 2.3884495e-16 1e-20
5950.01 2.625345e-16 1e-20
5951.48 2.4268153e-16 1e-20
5952.95 2.4237337e-16 1e-20
5954.42 2.5376586e-16 1e-20
5955.89 2.6928781e-16 1e-20
5957.36 2.6032785e-16 1e-20
5958.83 2.4345479e-16 1e-20
5960.3 2.1563885e-16 1e-20
5961.77 2.1590753e-16 1e-20
5963.24 2.3785913e-16 1e-20
5964.71 2.5150891e-16 1e-20
5966.18 2.4140656e-16 1e-20
5967.65 2.2396123e-16 1e-20
5969.12 2.2315726e-16 1e-20
5970.59 2.121444e-16 1e-20
5972.06 1.9943203e-16 1e-20
5973.53 1.723432e-16 1e-20
5975.0 1.8687782e-16 1e-20
5976.47 1.9563467e-16 1e-20
5977.94 1.9663051e-16 1e-20
5979.41 1.9485343e-16 1e-20
5980.88 1.787651e-16 1e-20
5982.35 1.8181879e-16 1e-20
5983.82 2.1814416e-16 1e-20
5985.29 2.2493143e-16 1e-20
5986.76 2.0385788e-16 1e-20
5988.23 1.8817283e-16 1e-20
5989.7 1.8432244e-16 1e-20
5991.17 1.692895e-16 1e-20
5992.64 2.0106523e-16 1e-20
5994.11 2.1299909e-16 1e-20
5995.58 1.8825272e-16 1e-20
5997.05 1.7465004e-16 1e-20
5998.52 1.6468671e-16 1e-20
5999.99 1.8280944e-16 1e-20
6001.46 1.9841736e-16 1e-20
6002.93 1.7119032e-16 1e-20
6004.4 1.624461e-16 1e-20
6005.87 1.8514568e-16 1e-20
6007.34 1.8769243e-16 1e-20
6008.81 2.0126816e-16 1e-20
6010.28 2.0330683e-16 1e-20
6011.75 2.0668738e-16 1e-20
6013.22 2.0523943e-16 1e-20
6014.69 1.8873229e-16 1e-20
6016.16 1.6664518e-16 1e-20
6017.63 1.6277288e-16 1e-20
6019.1 1.9964802e-16 1e-20
6020.57 1.9818711e-16 1e-20
6022.04 1.9177107e-16 1e-20
6023.51 1.7442735e-16 1e-20
6024.98 1.7309133e-16 1e-20
6026.45 1.9871475e-16 1e-20
6027.92 1.7690723e-16 1e-20
6029.39 1.6674419e-16 1e-20
6030.86 1.6319952e-16 1e-20
6032.33 1.3772262e-16 1e-20
6033.8 1.6702379e-16 1e-20
6035.27 2.0183707e-16 1e-20
6036.74 1.8978338e-16 1e-20
6038.21 1.5611259e-16 1e-20
6039.68 1.6157818e-16 1e-20
6041.15 1.8512479e-16 1e-20
6042.62 1.8040589e-16 1e-20
6044.09 1.6469267e-16 1e-20
6045.56 1.7430538e-16 1e-20
6047.03 1.7467674e-16 1e-20
6048.5 1.6238987e-16 1e-20
6049.97 1.603468e-16 1e-20
6051.44 1.5507132e-16 1e-20
6052.91 1.5659827e-16 1e-20
6054.38 1.7402784e-16 1e-20
6055.85 1.8426265e-16 1e-20
6057.32 1.7857391e-16 1e-20
6058.79 1.6950408e-16 1e-20
6060.26 1.5757976e-16 1e-20
6061.73 1.5901212e-16 1e-20
6063.2 1.594102e-16 1e-20
6064.67 1.4980296e-16 1e-20
6066.14 1.5333268e-16 1e-20
6067.61 1.748487e-16 1e-20
6069.08 1.9557549e-16 1e-20
6070.55 1.8940935e-16 1e-20
6072.02 1.7675526e-16 1e-20
6073.49 1.6380295e-16 1e-20
6074.96 1.457898e-16 1e-20
6076.43 1.5621977e-16 1e-20
6077.9 1.7349849e-16 1e-20
6079.37 1.6464669e-16 1e-20
6080.84 1.5973076e-16 1e-20
6082.31 1.9029461e-16 1e-20
6083.78 2.0380801e-16 1e-20
6085.25 1.7304378e-16 1e-20
6086.72 1.5187608e-16 1e-20
6088.19 1.62866e-16 1e-20
6089.66 1.788199e-16 1e-20
6091.13 1.6854808e-16 1e-20
6092.6 1.6584898e-16 1e-20
6094.07 1.827103e-16 1e-20
6095.54 1.99069e-16 1e-20
6097.01 1.8785317e-16 1e-20
6098.48 1.9040038e-16 1e-20
6099.95 2.0709078e-16 1e-20
6101.42 2.0561843e-16 1e-20
6102.89 2.02325e-16 1e-20
6104.36 1.9266028e-16 1e-20
6105.83 1.6490026e-16 1e-20
6107.3 1.5969753e-16 1e-20
6108.77 2.0045405e-16 1e-20
6110.24 1.9864883e-16 1e-20
6111.71 1.8737142e-16 1e-20
6113.18 1.9057712e-16 1e-20
6114.65 1.8649307e-16 1e-20
6116.12 1.9116162e-16 1e-20
6117.59 1.7553886e-16 1e-20
6119.06 1.7810023e-16 1e-20
6120.53 1.9876058e-16 1e-20
6122.0 1.8570459e-16 1e-20
6123.47 1.6089928e-16 1e-20
6124.94 1.8654291e-16 1e-20
6126.41 1.8449472e-16 1e-20
6127.88 1.7951212e-16 1e-20
6129.35 2.0053694e-16 1e-20
6130.82 1.7650304e-16 1e-20
6132.29 1.9016554e-16 1e-20
6133.76 2.1239972e-16 1e-20
6135.23 2.1536652e-16 1e-20
6136.7 2.0316719e-16 1e-20
6138.17 1.9147135e-16 1e-20
6139.64 2.0154122e-16 1e-20
6141.11 2.313716e-16 1e-20
6142.58 2.2993421e-16 1e-20
6144.05 1.8796638e-16 1e-20
6145.52 1.7762221e-16 1e-20
6146.99 1.9625126e-16 1e-20
6148.46 1.9908862e-16 1e-20
6149.93 2.1515412e-16 1e-20
6151.4 2.1023446e-16 1e-20
6152.87 1.998408e-16 1e-20
6154.34 1.9757615e-16 1e-20
6155.81 2.1279438e-16 1e-20
6157.28 2.1664633e-16 1e-20
6158.75 2.2092444e-16 1e-20
6160.22 2.5679151e-16 1e-20
6161.69 2.5474217e-16 1e-20
6163.16 2.1633476e-16 1e-20
6164.63 2.1011715e-16 1e-20
6166.1 2.0760136e-16 1e-20
6167.57 2.0857147e-16 1e-20
6169.04 2.0775969e-16 1e-20
6170.51 2.2576385e-16 1e-20
6171.98 2.4143239e-16 1e-20
6173.45 2.2842425e-16 1e-20
6174.92 2.4658701e-16 1e-20
6176.39 2.5385315e-16 1e-20
6177.86 2.1760152e-16 1e-20
6179.33 2.1987145e-16 1e-20
6180.8 2.3672326e-16 1e-20
6182.27 2.4308043e-16 1e-20
6183.74 2.6149408e-16 1e-20
6185.21 2.563924e-16 1e-20
6186.68 2.3170652e-16 1e-20
6188.15 2.113542e-16 1e-20
6189.62 2.2921524e-16 1e-20
6191.09 2.4992469e-16 1e-20
6192.56 2.3455698e-16 1e-20
6194.03 2.3241901e-16 1e-20
6195.5 2.1657276e-16 1e-20
6196.97 2.1178227e-16 1e-20
6198.44 2.3735023e-16 1e-20
6199.91 2.5103661e-16 1e-20
6201.38 2.4747605e-16 1e-20
6202.85 2.114053e-16 1e-20
6204.32 1.8322094e-16 1e-20
6205.79 2.1825984e-16 1e-20
6207.26 2.4772545e-16 1e-20
6208.73 2.5894954e-16 1e-20
6210.2 2.7138708e-16 1e-20
6211.67 2.584793e-16 1e-20
6213.14 2.5070486e-16 1e-20
6214.61 2.4700931e-16 1e-20
6216.08 2.4705561e-16 1e-20
6217.55 2.4495748e-16 1e-20
6219.02 2.537176e-16 1e-20
6220.49 2.7409507e-16 1e-20
6221.96 2.8197126e-16 1e-20
6223.43 2.759668e-16 1e-20
6224.9 2.7317003e-16 1e-20
6226.37 2.7330161e-16 1e-20
6227.84 2.6252915e-16 1e-20
6229.31 2.6242277e-16 1e-20
6230.78 2.6922556e-16 1e-20
6232.25 2.7514285e-16 1e-20
6233.72 2.777411e-16 1e-20
6235.19 2.5936239e-16 1e-20
6236.66 2.7530741e-16 1e-20
6238.13 2.9686501e-16 1e-20
6239.6 2.6320225e-16 1e-20
6241.07 2.5359687e-16 1e-20
6242.54 2.7436932e-16 1e-20
6244.01 2.7698652e-16 1e-20
6245.48 2.7364895e-16 1e-20
6246.95 2.7044169e-16 1e-20
6248.42 2.7930618e-16 1e-20
6249.89 3.0642754e-16 1e-20
6251.36 3.1572325e-16 1e-20
6252.83 2.8962841e-16 1e-20
6254.3 2.668577e-16 1e-20
6255.77 2.6901128e-16 1e-20
6257.24 2.8528988e-16 1e-20
6258.71 2.8789231e-16 1e-20
6260.18 2.80068e-16 1e-20
6261.65 2.9260549e-16 1e-20
6263.12 3.1908785e-16 1e-20
6264.59 3.0629926e-16 1e-20
6266.06 2.8174934e-16 1e-20
6267.53 2.9881745e-16 1e-20
6269.0 2.9453726e-16 1e-20
6270.47 2.9006307e-16 1e-20
6271.94 3.0400529e-16 1e-20
6273.41 3.0449447e-16 1e-20
6274.88 2.9170176e-16 1e-20
6276.35 2.6755126e-16 1e-20
6277.82 2.6602706e-16 1e-20
6279.29 2.830273e-16 1e-20
6280.76 2.9017771e-16 1e-20
6282.23 2.9587875e-16 1e-20
6283.7 2.9793185e-16 1e-20
6285.17 2.9587462e-16 1e-20
6286.64 3.0230063e-16 1e-20
6288.11 3.0142829e-16 1e-20
6289.58 2.8323935e-16 1e-20
6291.05 2.8089971e-16 1e-20
6292.52 3.0048952e-16 1e-20
6293.99 3.0835949e-16 1e-20
6295.46 3.1051632e-16 1e-20
6296.93 3.3743169e-16 1e-20
6298.4 3.5731283e-16 1e-20
6299.87 3.3865894e-16 1e-20
6301.34 3.1041478e-16 1e-20
6302.81 2.8332402e-16 1e-20
6304.28 2.8087096e-16 1e-20
6305.75 3.1942812e-16 1e-20
6307.22 3.2405932e-16 1e-20
6308.69 2.5727136e-16 1e-20
6310.16 2.5971589e-16 1e-20
6311.63 2.9242632e-16 1e-20
6313.1 3.0241731e-16 1e-20
6314.57 3.3009414e-16 1e-20
6316.04 3.546505e-16 1e-20
6317.51 3.2749581e-16 1e-20
6318.98 2.9263728e-16 1e-20
6320.45 3.147747e-16 1e-20
6321.92 3.2040302e-16 1e-20
6323.39 2.9224423e-16 1e-20
6324.86 2.9570431e-16 1e-20
6326.33 3.3274106e-16 1e-20
6327.8 3.3030076e-16 1e-20
6329.27 3.2497393e-16 1e-20
6330.74 3.4097404e-16 1e-20
6332.21 3.2540663e-16 1e-20
6333.68 3.1630677e-16 1e-20
6335.15 3.1907559e-16 1e-20
6336.62 3.0672651e-16 1e-20
6338.09 3.0883187e-16 1e-20
6339.56 3.1649495e-16 1e-20
6341.03 3.2409852e-16 1e-20
6342.5 3.3389089e-16 1e-20
6343.97 3.2048243e-16 1e-20
6345.44 3.1372832e-16 1e-20
6346.91 3.2132775e-16 1e-20
6348.38 3.1300467e-16 1e-20
6349.85 3.2490675e-16 1e-20
6351.32 3.4951359e-16 1e-20
6352.79 3.3735014e-16 1e-20
6354.26 3.1743142e-16 1e-20
6355.73 3.0533611e-16 1e-20
6357.2 3.1093124e-16 1e-20
6358.67 3.5254642e-16 1e-20
6360.14 3.5224072e-16 1e-20
6361.61 3.2448742e-16 1e-20
6363.08 3.169102e-16 1e-20
6364.55 3.1108174e-16 1e-20
6366.02 3.5755791e-16 1e-20
6367.49 3.6673096e-16 1e-20
6368.96 3.3156451e-16 1e-20
6370.43 3.1051505e-16 1e-20
6371.9 3.2189452e-16 1e-20
6373.37 2.9900287e-16 1e-20
6374.84 2.7960597e-16 1e-20
6376.31 3.334877e-16 1e-20
6377.78 3.4237715e-16 1e-20
6379.25 3.1661385e-16 1e-20
6380.72 3.1626482e-16 1e-20
6382.19 3.28518e-16 1e-20
6383.66 3.1707884e-16 1e-20
6385.13 3.2161486e-16 1e-20
6386.6 3.3934715e-16 1e-20
6388.07 3.2942673e-16 1e-20
6389.54 3.1668368e-16 1e-20
6391.01 3.4988946e-16 1e-20
6392.48 3.5634173e-16 1e-20
6393.95 3.4011144e-16 1e-20
6395.42 3.3997473e-16 1e-20
6396.89 3.1119006e-16 1e-20
6398.36 3.2221602e-16 1e-20
6399.83 3.2733072e-16 1e-20
6401.3 3.1140941e-16 1e-20
6402.77 3.1817255e-16 1e-20
6404.24 3.5209143e-16 1e-20
6405.71 3.6212755e-16 1e-20
6407.18 3.3826978e-16 1e-20
6408.65 3.1729669e-16 1e-20
6410.12 3.1267986e-16 1e-20
6411.59 3.4110594e-16 1e-20
6413.06 3.3337615e-16 1e-20
6414.53 3.1697619e-16 1e-20
6416.0 3.1854972e-16 1e-20
6417.47 3.0076141e-16 1e-20
6418.94 3.0558164e-16 1e-20
6420.41 3.4250002e-16 1e-20
6421.88 3.5600014e-16 1e-20
6423.35 3.4909521e-16 1e-20
6424.82 3.4006014e-16 1e-20
6426.29 3.3691657e-16 1e-20
6427.76 3.2898217e-16 1e-20
6429.23 3.1810913e-16 1e-20
6430.7 3.1986841e-16 1e-20
6432.17 3.1970761e-16 1e-20
6433.64 3.2097001e-16 1e-20
6435.11 3.1276594e-16 1e-20
6436.58 3.2092575e-16 1e-20
6438.05 3.4273333e-16 1e-20
6439.52 3.307926e-16 1e-20
6440.99 3.2600003e-16 1e-20
6442.46 3.4211986e-16 1e-20
6443.93 3.4831199e-16 1e-20
6445.4 3.4190956e-16 1e-20
6446.87 3.2814361e-16 1e-20
6448.34 3.2137934e-16 1e-20
6449.81 3.2239154e-16 1e-20
6451.28 3.253029e-16 1e-20
6452.75 3.1622922e-16 1e-20
6454.22 2.9783002e-16 1e-20
6455.69 3.081234e-16 1e-20
6457.16 3.3066409e-16 1e-20
6458.63 3.1766282e-16 1e-20
6460.1 3.0130717e-16 1e-20
6461.57 3.2161433e-16 1e-20
6463.04 3.4344341e-16 1e-20
6464.51 3.4266935e-16 1e-20
6465.98 3.3367627e-16 1e-20
6467.45 3.3354784e-16 1e-20
6468.92 3.4100946e-16 1e-20
6470.39 3.3454943e-16 1e-20
6471.86 3.3397127e-16 1e-20
6473.33 3.360348e-16 1e-20
6474.8 3.2369605e-16 1e-20
6476.27 3.0864862e-16 1e-20
6477.74 3.04901e-16 1e-20
6479.21 3.1862508e-16 1e-20
6480.68 3.1894782e-16 1e-20
6482.15 3.2459764e-16 1e-20
6483.62 3.5083742e-16 1e-20
6485.09 3.4204898e-16 1e-20
6486.56 3.3081758e-16 1e-20
6488.03 3.2900975e-16 1e-20
6489.5 3.273232e-16 1e-20
6490.97 3.1183896e-16 1e-20
6492.44 2.8776422e-16 1e-20
6493.91 3.0860886e-16 1e-20
6495.38 3.35647e-16 1e-20
6496.85 3.1598313e-16 1e-20
6498.32 2.8903273e-16 1e-20
6499.79 3.1733515e-16 1e-20
6501.26 3.2888421e-16 1e-20
6502.73 3.0596341e-16 1e-20
6504.2 3.0860841e-16 1e-20
6505.67 3.3034592e-16 1e-20
6507.14 3.2457114e-16 1e-20
6508.61 2.952409e-16 1e-20
6510.08 2.9126514e-16 1e-20
6511.55 3.037219e-16 1e-20
6513.02 2.9333135e-16 1e-20
6514.49 2.8906617e-16 1e-20
6515.96 3.017328e-16 1e-20
6517.43 2.7802197e-16 1e-20
6518.9 2.8520391e-16 1e-20
6520.37 3.321978e-16 1e-20
6521.84 3.2391877e-16 1e-20
6523.31 3.1046974e-16 1e-20
6524.78 3.0982096e-16 1e-20
6526.25 2.9645931e-16 1e-20
6527.72 3.1536792e-16 1e-20
6529.19 3.3018353e-16 1e-20
6530.66 3.2584465e-16 1e-20
6532.13 3.1642065e-16 1e-20
6533.6 3.1568452e-16 1e-20
6535.07 3.398828e-16 1e-20
6536.54 3.2910491e-16 1e-20
6538.01 3.2212856e-16 1e-20
6539.48 3.330866e-16 1e-20
6540.95 2.9123494e-16 1e-20
6542.42 2.734635e-16 1e-20
6543.89 2.9607237e-16 1e-20
6545.36 2.9545504e-16 1e-20
6546.83 2.9813376e-16 1e-20
6548.3 3.1564426e-16 1e-20
6549.77 3.2470722e-16 1e-20
6551.24 3.2772938e-16 1e-20
6552.71 3.2425652e-16 1e-20
6554.18 3.1136584e-16 1e-20
6555.65 3.0473683e-16 1e-20
6557.12 3.2508645e-16 1e-20
6558.59 3.309407e-16 1e-20
6560.06 3.1744757e-16 1e-20
6561.53 3.2240086e-16 1e-20
6563.0 3.1979599e-16 1e-20
6564.47 3.1501931e-16 1e-20
6565.94 3.2796409e-16 1e-20
6567.41 3.3807822e-16 1e-20
6568.88 3.4088044e-16 1e-20
6570.35 3.2672996e-16 1e-20
6571.82 3.1095453e-16 1e-20
6573.29 3.1406584e-16 1e-20
6574.76 3.3307122e-16 1e-20
6576.23 3.4119469e-16 1e-20
6577.7 3.1239322e-16 1e-20
6579.17 2.9639925e-16 1e-20
6580.64 3.0116508e-16 1e-20
6582.11 3.1653965e-16 1e-20
6583.58 3.239167e-16 1e-20
6585.05 3.1504512e-16 1e-20
6586.52 3.06783e-16 1e-20
6587.99 3.0776865e-16 1e-20
6589.46 2.9960564e-16 1e-20
6590.93 3.071823e-16 1e-20
6592.4 3.2138873e-16 1e-20
6593.87 3.0106177e-16 1e-20
6595.34 2.8898244e-16 1e-20
6596.81 2.8799427e-16 1e-20
6598.28 2.9302978e-16 1e-20
6599.75 3.0001452e-16 1e-20
6601.22 2.9025016e-16 1e-20
6602.69 2.9360899e-16 1e-20
6604.16 3.024585e-16 1e-20
6605.63 3.013933e-16 1e-20
6607.1 3.0250636e-16 1e-20
6608.57 3.1888882e-16 1e-20
6610.04 3.32518e-16 1e-20
6611.51 3.1185636e-16 1e-20
6612.98 2.7486966e-16 1e-20
6614.45 2.5982593e-16 1e-20
6615.92 2.6930251e-16 1e-20
6617.39 2.7702361e-16 1e-20
6618.86 2.7814818e-16 1e-20
6620.33 2.9701086e-16 1e-20
6621.8 3.0433049e-16 1e-20
6623.27 3.0043787e-16 1e-20
6624.74 2.9702608e-16 1e-20
6626.21 2.9513746e-16 1e-20
6627.68 3.0341263e-16 1e-20
6629.15 2.9612756e-16 1e-20
6630.62 2.9207573e-16 1e-20
6632.09 3.016999e-16 1e-20
6633.56 2.8992315e-16 1e-20
6635.03 2.9294899e-16 1e-20
6636.5 3.2114659e-16 1e-20
6637.97 3.1262821e-16 1e-20
6639.44 2.8820402e-16 1e-20
6640.91 2.8494977e-16 1e-20
6642.38 2.9177506e-16 1e-20
6643.85 2.8829587e-16 1e-20
6645.32 2.7832918e-16 1e-20
6646.79 2.7175199e-16 1e-20
6648.26 2.8286644e-16 1e-20
6649.73 2.9434747e-16 1e-20
6651.2 2.9730846e-16 1e-20
6652.67 2.9584492e-16 1e-20
6654.14 2.9621171e-16 1e-20
6655.61 2.9902884e-16 1e-20
6657.08 2.8411407e-16 1e-20
6658.55 2.9207472e-16 1e-20
6660.02 3.0293617e-16 1e-20
6661.49 2.8929831e-16 1e-20
6662.96 2.8976817e-16 1e-20
6664.43 2.937718e-16 1e-20
6665.9 2.759875e-16 1e-20
6667.37 2.5764405e-16 1e-20
6668.84 2.6127973e-16 1e-20
6670.31 2.7458381e-16 1e-20
6671.78 2.7500161e-16 1e-20
6673.25 2.7541943e-16 1e-20
6674.72 2.7583729e-16 1e-20
6676.19 2.7625508e-16 1e-20
6677.66 2.7667291e-16 1e-20
6679.13 2.7709071e-16 1e-20
6680.6 2.7750853e-16 1e-20
6682.07 2.7792636e-16 1e-20
6683.54 2.7834416e-16 1e-20
6685.01 2.7876198e-16 1e-20
6686.48 2.7917978e-16 1e-20
6687.95 2.7959761e-16 1e-20
6689.42 2.7959761e-16 1e-20
6690.89 2.6202353e-16 1e-20
6692.36 2.8208241e-16 1e-20
6693.83 3.0036889e-16 1e-20
6695.3 2.8937359e-16 1e-20
6696.77 2.7104708e-16 1e-20
6698.24 2.6111559e-16 1e-20
6699.71 2.488591e-16 1e-20
6701.18 2.6424506e-16 1e-20
6702.65 2.8010363e-16 1e-20
6704.12 2.5470286e-16 1e-20
6705.59 2.5457268e-16 1e-20
6707.06 2.7100965e-16 1e-20
6708.53 2.7979727e-16 1e-20
6710.0 2.87839e-16 1e-20
6711.47 2.7523616e-16 1e-20
6712.94 2.6410093e-16 1e-20
6714.41 2.6400638e-16 1e-20
6715.88 2.7736438e-16 1e-20
6717.35 2.8944614e-16 1e-20
6718.82 2.9242013e-16 1e-20
6720.29 2.9270407e-16 1e-20
6721.76 2.5144822e-16 1e-20
6723.23 2.3092249e-16 1e-20
6724.7 2.8012229e-16 1e-20
6726.17 2.9162685e-16 1e-20
6727.64 2.6925888e-16 1e-20
6729.11 2.8256476e-16 1e-20
6730.58 2.7834061e-16 1e-20
6732.05 2.5958786e-16 1e-20
6733.52 2.4062851e-16 1e-20
6734.99 2.4627692e-16 1e-20
6736.46 2.5936604e-16 1e-20
6737.93 2.4668164e-16 1e-20
6739.4 2.5062974e-16 1e-20
6740.87 2.7025753e-16 1e-20
6742.34 2.6857782e-16 1e-20
6743.81 2.6404484e-16 1e-20
6745.28 2.7563098e-16 1e-20
6746.75 2.6088197e-16 1e-20
6748.22 2.5650442e-16 1e-20
6749.69 2.6069692e-16 1e-20
6751.16 2.5431336e-16 1e-20
6752.63 2.6169395e-16 1e-20
6754.1 2.5962693e-16 1e-20
6755.57 2.7715003e-16 1e-20
6757.04 2.8489212e-16 1e-20
6758.51 2.7801225e-16 1e-20
6759.98 2.5941342e-16 1e-20
6761.45 2.5646236e-16 1e-20
6762.92 2.691439e-16 1e-20
6764.39 2.7405899e-16 1e-20
6765.86 2.921265e-16 1e-20
6767.33 2.7312763e-16 1e-20
6768.8 2.5547525e-16 1e-20
6770.27 2.5541622e-16 1e-20
6771.74 2.7758845e-16 1e-20
6773.21 2.9123147e-16 1e-20
6774.68 2.9281164e-16 1e-20
6776.15 2.8592359e-16 1e-20
6777.62 2.7004567e-16 1e-20
6779.09 2.8994652e-16 1e-20
6780.56 2.7905133e-16 1e-20
6782.03 2.5640177e-16 1e-20
6783.5 2.6202882e-16 1e-20
6784.97 2.5697413e-16 1e-20
6786.44 2.3757183e-16 1e-20
6787.91 2.550647e-16 1e-20
6789.38 2.7188479e-16 1e-20
6790.85 2.6379925e-16 1e-20
6792.32 2.8516934e-16 1e-20
6793.79 2.8392671e-16 1e-20
6795.26 2.5307036e-16 1e-20
6796.73 2.5233072e-16 1e-20
6798.2 2.7571481e-16 1e-20
6799.67 2.725198e-16 1e-20
6801.14 2.7972083e-16 1e-20
6802.61 3.0021831e-16 1e-20
6804.08 2.9820851e-16 1e-20
6805.55 2.6940118e-16 1e-20
6807.02 2.5640407e-16 1e-20
6808.49 2.6487837e-16 1e-20
6809.96 2.540472e-16 1e-20
6811.43 2.4507961e-16 1e-20
6812.9 2.657091e-16 1e-20
6814.37 2.8046494e-16 1e-20
6815.84 2.7675865e-16 1e-20
6817.31 2.7618587e-16 1e-20
6818.78 2.4742574e-16 1e-20
6820.25 2.5514157e-16 1e-20
6821.72 2.6847607e-16 1e-20
6823.19 2.4349458e-16 1e-20
6824.66 2.4241196e-16 1e-20
6826.13 2.5973556e-16 1e-20
6827.6 2.4323628e-16 1e-20
6829.07 2.4107611e-16 1e-20
6830.54 2.5452035e-16 1e-20
6832.01 2.6617563e-16 1e-20
6833.48 2.6460221e-16 1e-20
6834.95 2.2648785e-16 1e-20
6836.42 2.1442943e-16 1e-20
6837.89 2.2784847e-16 1e-20
6839.36 2.4222599e-16 1e-20
6840.83 2.6637167e-16 1e-20
6842.3 2.5494162e-16 1e-20
6843.77 2.4734148e-16 1e-20
6845.24 2.7682315e-16 1e-20
6846.71 2.6111228e-16 1e-20
6848.18 2.3327158e-16 1e-20
6849.65 2.4012826e-16 1e-20
6851.12 2.5232667e-16 1e-20
6852.59 2.5272975e-16 1e-20
6854.06 2.5101393e-16 1e-20
6855.53 2.5762631e-16 1e-20
6857.0 2.595264e-16 1e-20
6858.47 2.454526e-16 1e-20
6859.94 2.6353905e-16 1e-20
6861.41 2.9006042e-16 1e-20
6862.88 2.6583737e-16 1e-20
6864.35 2.5962785e-16 1e-20
6865.82 2.7309615e-16 1e-20
6867.29 2.7210028e-16 1e-20
6868.76 2.5836675e-16 1e-20
6870.23 2.3022382e-16 1e-20
6871.7 2.4223483e-16 1e-20
6873.17 2.6278107e-16 1e-20
6874.64 2.4944853e-16 1e-20
6876.11 2.4422718e-16 1e-20
6877.58 2.5810526e-16 1e-20
6879.05 2.7918823e-16 1e-20
6880.52 2.9899832e-16 1e-20
6881.99 2.9293316e-16 1e-20
6883.46 2.5982611e-16 1e-20
6884.93 2.5322963e-16 1e-20
6886.4 2.6655277e-16 1e-20
6887.87 2.3768322e-16 1e-20
6889.34 2.170533e-16 1e-20
6890.81 2.212096e-16 1e-20
6892.28 2.2851737e-16 1e-20
6893.75 2.4879269e-16 1e-20
6895.22 2.579584e-16 1e-20
6896.69 2.4652815e-16 1e-20
6898.16 2.3243569e-16 1e-20
6899.63 2.3778594e-16 1e-20
6901.1 2.559957e-16 1e-20
6902.57 2.6197196e-16 1e-20
6904.04 2.6673578e-16 1e-20
6905.51 2.7572219e-16 1e-20
6906.98 2.5827543e-16 1e-20
6908.45 2.3248606e-16 1e-20
6909.92 2.2729872e-16 1e-20
6911.39 2.4136789e-16 1e-20
6912.86 2.5570252e-16 1e-20
6914.33 2.3927863e-16 1e-20
6915.8 2.2063748e-16 1e-20
6917.27 2.4114851e-16 1e-20
6918.74 2.5710764e-16 1e-20
6920.21 2.3824091e-16 1e-20
6921.68 2.3050832e-16 1e-20
6923.15 2.470744e-16 1e-20
6924.62 2.4874748e-16 1e-20
6926.09 2.4343031e-16 1e-20
6927.56 2.2945019e-16 1e-20
6929.03 2.109312e-16 1e-20
6930.5 2.3778359e-16 1e-20
6931.97 2.6702947e-16 1e-20
6933.44 2.4602615e-16 1e-20
6934.91 2.177479e-16 1e-20
6936.38 2.4204583e-16 1e-20
6937.85 2.7765769e-16 1e-20
6939.32 2.6923951e-16 1e-20
6940.79 2.6424106e-16 1e-20
6942.26 2.6467538e-16 1e-20
6943.73 2.4441043e-16 1e-20
6945.2 2.6354901e-16 1e-20
6946.67 2.6253979e-16 1e-20
6948.14 2.6058868e-16 1e-20
6949.61 2.729371e-16 1e-20
6951.08 2.5790814e-16 1e-20
6952.55 2.432803e-16 1e-20
6954.02 2.4984423e-16 1e-20
6955.49 2.3938202e-16 1e-20
6956.96 2.3925579e-16 1e-20
6958.43 2.4559837e-16 1e-20
6959.9 2.4146286e-16 1e-20
6961.37 2.1655465e-16 1e-20
6962.84 2.05307e-16 1e-20
6964.31 2.6086894e-16 1e-20
6965.78 2.4843993e-16 1e-20
6967.25 2.1598978e-16 1e-20
6968.72 2.3959478e-16 1e-20
6970.19 2.5089992e-16 1e-20
6971.66 2.4441617e-16 1e-20
6973.13 2.3944139e-16 1e-20
6974.6 2.5492867e-16 1e-20
6976.07 2.3779508e-16 1e-20
6977.54 2.2757435e-16 1e-20
6979.01 2.3233693e-16 1e-20
6980.48 2.2997717e-16 1e-20
6981.95 2.2742202e-16 1e-20
6983.42 2.3110153e-16 1e-20
6984.89 2.3477138e-16 1e-20
6986.36 2.458443e-16 1e-20
6987.83 2.6307798e-16 1e-20
6989.3 2.4778197e-16 1e-20
6990.77 2.2537569e-16 1e-20
6992.24 2.3192818e-16 1e-20
6993.71 2.3000751e-16 1e-20
6995.18 2.4719023e-16 1e-20
6996.65 2.447359e-16 1e-20
6998.12 2.3001047e-16 1e-20
6999.59 2.2578714e-16 1e-20
7001.06 2.3212416e-16 1e-20
7002.53 2.2886274e-16 1e-20
7004.0 2.360233e-16 1e-20
7005.47 2.3490315e-16 1e-20
7006.94 2.4299472e-16 1e-20
7008.41 2.2206745e-16 1e-20
7009.88 2.4835043e-16 1e-20
7011.35 2.0308168e-16 1e-20
7012.82 1.9983794e-16 1e-20
7014.29 2.931967e-16 1e-20
7015.76 2.3850616e-16 1e-20
7017.23 2.2473663e-16 1e-20
7018.7 2.4683247e-16 1e-20
7020.17 2.4003749e-16 1e-20
7021.64 2.4530852e-16 1e-20
7023.11 2.6476024e-16 1e-20
7024.58 2.4834066e-16 1e-20
7026.05 2.2319501e-16 1e-20
7027.52 2.3989837e-16 1e-20
7028.99 2.4634479e-16 1e-20
7030.46 2.4801109e-16 1e-20
7031.93 2.3726266e-16 1e-20
7033.4 2.1793062e-16 1e-20
7034.87 2.3052809e-16 1e-20
7036.34 2.4327924e-16 1e-20
7037.81 2.3961617e-16 1e-20
7039.28 2.3516898e-16 1e-20
7040.75 2.3832881e-16 1e-20
7042.22 2.1649903e-16 1e-20
7043.69 1.9697389e-16 1e-20
7045.16 1.9445222e-16 1e-20
7046.63 2.1868326e-16 1e-20
7048.1 2.2890443e-16 1e-20
7049.57 2.1101281e-16 1e-20
7051.04 2.1793029e-16 1e-20
7052.51 2.1832882e-16 1e-20
7053.98 2.2330245e-16 1e-20
7055.45 2.3500561e-16 1e-20
7056.92 2.3099499e-16 1e-20
7058.39 2.324846e-16 1e-20
7059.86 2.3612015e-16 1e-20
7061.33 2.293023e-16 1e-20
7062.8 2.3684836e-16 1e-20
7064.27 2.4418793e-16 1e-20
7065.74 2.454121e-16 1e-20
7067.21 2.4132342e-16 1e-20
7068.68 2.2901921e-16 1e-20
7070.15 2.1034083e-16 1e-20
7071.62 2.4582842e-16 1e-20
7073.09 2.5171201e-16 1e-20
7074.56 2.2639383e-16 1e-20
7076.03 2.1186815e-16 1e-20
7077.5 2.0748036e-16 1e-20
7078.97 2.1454176e-16 1e-20
7080.44 2.1990034e-16 1e-20
7081.91 2.250269e-16 1e-20
7083.38 2.2487433e-16 1e-20
7084.85 2.1814831e-16 1e-20
7086.32 2.1905701e-16 1e-20
7087.79 2.1827406e-16 1e-20
7089.26 2.1979171e-16 1e-20
7090.73 2.3103001e-16 1e-20
7092.2 2.3039947e-16 1e-20
7093.67 2.1095371e-16 1e-20
7095.14 2.1077749e-16 1e-20
7096.61 2.3450332e-16 1e-20
7098.08 2.542962e-16 1e-20
7099.55 2.1597065e-16 1e-20
7101.02 1.8313691e-16 1e-20
7102.49 2.0715243e-16 1e-20
7103.96 2.2476247e-16 1e-20
7105.43 2.1974024e-16 1e-20
7106.9 2.1889115e-16 1e-20
7108.37 2.3611485e-16 1e-20
7109.84 2.3819324e-16 1e-20
7111.31 2.2486417e-16 1e-20
7112.78 2.3066478e-16 1e-20
7114.25 2.2878635e-16 1e-20
7115.72 2.0430993e-16 1e-20
7117.19 1.8776668e-16 1e-20
7118.66 1.9647191e-16 1e-20
7120.13 2.1777237e-16 1e-20
7121.6 2.4523308e-16 1e-20
7123.07 2.5607127e-16 1e-20
7124.54 2.3954031e-16 1e-20
7126.01 2.3274067e-16 1e-20
7127.48 2.374213e-16 1e-20
7128.95 2.1269937e-16 1e-20
7130.42 1.8732015e-16 1e-20
7131.89 1.9845738e-16 1e-20
7133.36 2.1249214e-16 1e-20
7134.83 2.3451049e-16 1e-20
7136.3 2.3675905e-16 1e-20
7137.77 2.351716e-16 1e-20
7139.24 2.5697389e-16 1e-20
7140.71 2.6950593e-16 1e-20
7142.18 2.6068183e-16 1e-20
7143.65 2.2144416e-16 1e-20
7145.12 2.1579328e-16 1e-20
7146.59 2.3606173e-16 1e-20
7148.06 2.1500403e-16 1e-20
7149.53 1.9753387e-16 1e-20
7151.0 1.9698251e-16 1e-20
7152.47 2.0407773e-16 1e-20
7153.94 2.1232574e-16 1e-20
7155.41 2.1735547e-16 1e-20
7156.88 2.2864408e-16 1e-20
7158.35 2.1871713e-16 1e-20
7159.82 2.2054176e-16 1e-20
7161.29 2.2741847e-16 1e-20
7162.76 2.3113835e-16 1e-20
7164.23 2.4918553e-16 1e-20
7165.7 2.6977184e-16 1e-20
7167.17 2.5132e-16 1e-20
7168.64 2.205943e-16 1e-20
7170.11 2.0775658e-16 1e-20
7171.58 2.1248229e-16 1e-20
7173.05 2.3484801e-16 1e-20
7174.52 2.3789871e-16 1e-20
7175.99 2.422695e-16 1e-20
7177.46 2.4071517e-16 1e-20
7178.93 2.370144e-16 1e-20
7180.4 2.4315489e-16 1e-20
7181.87 2.2553007e-16 1e-20
7183.34 2.1355695e-16 1e-20
7184.81 2.4106867e-16 1e-20
7186.28 2.6082675e-16 1e-20
7187.75 2.3415466e-16 1e-20
7189.22 2.2929785e-16 1e-20
7190.69 2.4137638e-16 1e-20
7192.16 2.4590859e-16 1e-20
7193.63 2.5615332e-16 1e-20
7195.1 2.5711198e-16 1e-20
7196.57 2.4382717e-16 1e-20
7198.04 2.4987305e-16 1e-20
7199.51 2.590731e-16 1e-20
7200.98 2.463635e-16 1e-20
7202.45 2.4561049e-16 1e-20
7203.92 2.5059504e-16 1e-20
7205.39 2.5079166e-16 1e-20
7206.86 2.4520039e-16 1e-20
7208.33 2.4989732e-16 1e-20
7209.8 2.1153057e-16 1e-20
7211.27 1.8870147e-16 1e-20
7212.74 2.3391807e-16 1e-20
7214.21 2.3257296e-16 1e-20
7215.68 2.0181439e-16 1e-20
7217.15 2.1773916e-16 1e-20
7218.62 2.168367e-16 1e-20
7220.09 2.0566849e-16 1e-20
7221.56 2.217241e-16 1e-20
7223.03 2.2116425e-16 1e-20
7224.5 2.1003811e-16 1e-20
7225.97 2.0206643e-16 1e-20
7227.44 2.1860277e-16 1e-20
7228.91 2.3731468e-16 1e-20
7230.38 2.2617519e-16 1e-20
7231.85 2.3567429e-16 1e-20
7233.32 2.4267478e-16 1e-20
7234.79 2.1990851e-16 1e-20
7236.26 2.0172373e-16 1e-20
7237.73 2.2386663e-16 1e-20
7239.2 2.5850522e-16 1e-20
7240.67 2.6262579e-16 1e-20
7242.14 2.3647312e-16 1e-20
7243.61 2.46282e-16 1e-20
7245.08 2.6325625e-16 1e-20
7246.55 2.4867384e-16 1e-20
7248.02 2.1508547e-16 1e-20
7249.49 2.3843445e-16 1e-20
7250.96 2.4158208e-16 1e-20
7252.43 2.4436199e-16 1e-20
7253.9 2.7798158e-16 1e-20
7255.37 2.3774431e-16 1e-20
7256.84 2.1067639e-16 1e-20
7258.31 2.2545963e-16 1e-20
7259.78 2.0895992e-16 1e-20
7261.25 2.0191145e-16 1e-20
7262.72 2.1217573e-16 1e-20
7264.19 2.3518312e-16 1e-20
7265.66 2.4547523e-16 1e-20
7267.13 2.3215593e-16 1e-20
7268.6 1.9646755e-16 1e-20
7270.07 2.0483556e-16 1e-20
7271.54 2.1857186e-16 1e-20
7273.01 2.2771221e-16 1e-20
7274.48 2.237558e-16 1e-20
7275.95 2.155231e-16 1e-20
7277.42 2.6100126e-16 1e-20
7278.89 2.7776706e-16 1e-20
7280.36 2.3270285e-16 1e-20
7281.83 2.1872332e-16 1e-20
7283.3 2.3360713e-16 1e-20
7284.77 2.2061358e-16 1e-20
7286.24 2.3366788e-16 1e-20
7287.71 2.3409664e-16 1e-20
7289.18 2.1956206e-16 1e-20
7290.65 2.3388605e-16 1e-20
7292.12 2.5330094e-16 1e-20
7293.59 2.4534299e-16 1e-20
7295.06 2.1752158e-16 1e-20
7296.53 2.2330396e-16 1e-20
7298.0 2.1837196e-16 1e-20
7299.47 2.0162505e-16 1e-20
7300.94 1.9293024e-16 1e-20
7302.41 2.000019e-16 1e-20
7303.88 2.2113907e-16 1e-20
7305.35 2.5657208e-16 1e-20
7306.82 2.3623045e-16 1e-20
7308.29 1.9093547e-16 1e-20
7309.76 1.9973373e-16 1e-20
7311.23 2.143107e-16 1e-20
7312.7 2.3545782e-16 1e-20
7314.17 2.1101236e-16 1e-20
7315.64 2.17448e-16 1e-20
7317.11 2.566886e-16 1e-20
7318.58 2.4220952e-16 1e-20
7320.05 2.0934521e-16 1e-20
7321.52 2.2368872e-16 1e-20
7322.99 2.1363048e-16 1e-20
7324.46 2.1615811e-16 1e-20
7325.93 2.1526278e-16 1e-20
7327.4 2.1167071e-16 1e-20
7328.87 2.2005352e-16 1e-20
7330.34 2.1492414e-16 1e-20
7331.81 2.1526846e-16 1e-20
7333.28 2.2880631e-16 1e-20
7334.75 2.0369078e-16 1e-20
7336.22 1.8648641e-16 1e-20
7337.69 1.7463466e-16 1e-20
7339.16 1.724342e-16 1e-20
7340.63 1.888432e-16 1e-20
7342.1 1.7625337e-16 1e-20
7343.57 2.0023009e-16 1e-20
7345.04 2.034847e-16 1e-20
7346.51 2.1810382e-16 1e-20
7347.98 1.9281314e-16 1e-20
7349.45 1.8239543e-16 1e-20
7350.92 1.837148e-16 1e-20
7352.39 2.0859092e-16 1e-20
7353.86 2.146021e-16 1e-20
7355.33 2.2508304e-16 1e-20
7356.8 2.2068391e-16 1e-20
7358.27 2.0604624e-16 1e-20
7359.74 1.8832433e-16 1e-20
7361.21 1.895563e-16 1e-20
7362.68 1.9091008e-16 1e-20
7364.15 1.8753824e-16 1e-20
7365.62 2.1075812e-16 1e-20
7367.09 2.1185529e-16 1e-20
7368.56 2.3122276e-16 1e-20
7370.03 2.0160591e-16 1e-20
7371.5 2.0447906e-16 1e-20
7372.97 1.7609219e-16 1e-20
7374.44 1.7968803e-16 1e-20
7375.91 2.0057866e-16 1e-20
7377.38 1.7249561e-16 1e-20
7378.85 1.9703516e-16 1e-20
7380.32 1.9411964e-16 1e-20
7381.79 1.6621776e-16 1e-20
7383.26 1.8733945e-16 1e-20
7384.73 1.9177118e-16 1e-20
7386.2 1.9749186e-16 1e-20
7387.67 2.1322465e-16 1e-20
7389.14 2.0152727e-16 1e-20
7390.61 2.1775503e-16 1e-20
7392.08 2.2817514e-16 1e-20
7393.55 2.1406483e-16 1e-20
7395.02 2.035279e-16 1e-20
7396.49 2.0019205e-16 1e-20
7397.96 2.1680163e-16 1e-20
7399.43 1.8747253e-16 1e-20
7400.9 1.5480505e-16 1e-20
7402.37 1.7432056e-16 1e-20
7403.84 1.8374009e-16 1e-20
7405.31 1.8289292e-16 1e-20
7406.78 1.7199099e-16 1e-20
7408.25 1.8683963e-16 1e-20
7409.72 1.9899276e-16 1e-20
7411.19 1.845068e-16 1e-20
7412.66 2.0682917e-16 1e-20
