3720.0 -1.65714e-16 1e-20
3721.5 -1.79085e-16 1e-20
3723.0 -3.0173001e-17 1e-20
3724.5 3.41158e-17 1e-20
3726.0 1.8316601e-17 1e-20
3727.5 7.4650304e-18 1e-20
3729.0 1.59797e-16 1e-20
3730.5 8.0268396e-17 1e-20
3732.0 -1.13985e-16 1e-20
3733.5 1.82217e-16 1e-20
3735.0 1.54871e-16 1e-20
3736.5 9.13458e-17 1e-20
3738.0 -1.7740101e-17 1e-20
3739.5 -3.8011001e-17 1e-20
3741.0 8.0268995e-18 1e-20
3742.5 1.06393e-16 1e-20
3744.0 1.1676599e-16 1e-20
3745.5 1.2848701e-16 1e-20
3747.0 -7.4491499e-17 1e-20
3748.5 -9.6608105e-17 1e-20
3750.0 1.9495299e-17 1e-20
3751.5 3.7249402e-17 1e-20
3753.0 7.2825901e-17 1e-20
3754.5 1.76726e-16 1e-20
3756.0 1.7311899e-16 1e-20
3757.5 1.1895e-16 1e-20
3759.0 7.8669197e-17 1e-20
3760.5 -3.4715302e-18 1e-20
3762.0 -3.1204601e-17 1e-20
3763.5 4.5401201e-17 1e-20
3765.0 1.08967e-16 1e-20
3766.5 2.25772e-17 1e-20
3768.0 4.5490298e-17 1e-20
3769.5 -1.9809001e-18 1e-20
3771.0 -1.6173001e-16 1e-20
3772.5 -1.34875e-16 1e-20
3774.0 -7.5507204e-17 1e-20
3775.5 2.4483199e-17 1e-20
3777.0 1.42044e-16 1e-20
3778.5 -1.0156899e-17 1e-20
3780.0 -3.79828e-17 1e-20
3781.5 -1.16211e-16 1e-20
3783.0 -1.7774001e-19 1e-20
3784.5 -2.5907202e-18 1e-20
3786.0 -5.0037098e-18 1e-20
3787.5 -7.41669e-18 1e-20
3789.0 -9.8296701e-18 1e-20
3790.5 -1.22427e-17 1e-20
3792.0 -1.4655601e-17 1e-20
3793.5 -1.7068601e-17 1e-20
3795.0 -1.9481599e-17 1e-20
3796.5 -1.9481599e-17 1e-20
3798.0 -2.9442799e-17 1e-20
3799.5 3.5917899e-17 1e-20
3801.0 1.83254e-16 1e-20
3802.5 1.09434e-16 1e-20
3804.0 7.9928199e-17 1e-20
3805.5 1.71858e-16 1e-20
3807.0 6.0679501e-17 1e-20
3808.5 2.24366e-16 1e-20
3810.0 2.42283e-16 1e-20
3811.5 7.47987e-17 1e-20
3813.0 5.8462902e-17 1e-20
3814.5 5.5776299e-17 1e-20
3816.0 -1.46858e-16 1e-20
3817.5 7.5098801e-18 1e-20
3819.0 3.4941701e-17 1e-20
3820.5 -1.27563e-16 1e-20
3822.0 -2.7493799e-17 1e-20
3823.5 7.0711502e-17 1e-20
3825.0 9.5230399e-17 1e-20
3826.5 8.0967906e-17 1e-20
3828.0 -9.2124799e-17 1e-20
3829.5 -1.3281999e-16 1e-20
3831.0 -1.36575e-16 1e-20
3832.5 -7.71398e-17 1e-20
3834.0 -1.7250299e-17 1e-20
3835.5 6.21388e-17 1e-20
3837.0 1.9405399e-16 1e-20
3838.5 -3.3162601e-17 1e-20
3840.0 -1.27867e-16 1e-20
3841.5 -7.4950597e-17 1e-20
3843.0 -5.4308702e-17 1e-20
3844.5 6.0250102e-17 1e-20
3846.0 1.08959e-16 1e-20
3847.5 -1.68068e-17 1e-20
3849.0 -2.0492702e-17 1e-20
3850.5 2.7154399e-17 1e-20
3852.0 -4.2487699e-17 1e-20
3853.5 -1.77762e-16 1e-20
3855.0 2.8883701e-17 1e-20
3856.5 1.3829499e-16 1e-20
3858.0 1.40133e-16 1e-20
3859.5 1.08814e-16 1e-20
3861.0 1.90986e-16 1e-20
3862.5 -6.1290603e-17 1e-20
3864.0 -7.0425694e-17 1e-20
3865.5 -7.2843795e-17 1e-20
3867.0 1.9479599e-16 1e-20
3868.5 1.23084e-16 1e-20
3870.0 1.43069e-16 1e-20
3871.5 -1.01503e-16 1e-20
3873.0 1.1285299e-16 1e-20
3874.5 1.9372e-16 1e-20
3876.0 1.09804e-16 1e-20
3877.5 1.41043e-16 1e-20
3879.0 3.7041701e-16 1e-20
3880.5 1.8051099e-16 1e-20
3882.0 1.51623e-16 1e-20
3883.5 2.77078e-16 1e-20
3885.0 1.06325e-16 1e-20
3886.5 2.72301e-16 1e-20
3888.0 1.40569e-16 1e-20
3889.5 -1.49051e-16 1e-20
3891.0 -1.0488e-16 1e-20
3892.5 1.8601001e-16 1e-20
3894.0 2.3028999e-16 1e-20
3895.5 2.7200899e-16 1e-20
3897.0 2.69216e-16 1e-20
3898.5 7.9086103e-17 1e-20
3900.0 -3.3283299e-17 1e-20
3901.5 7.0347006e-17 1e-20
3903.0 1.9461601e-16 1e-20
3904.5 7.7617897e-17 1e-20
3906.0 1.1724101e-16 1e-20
3907.5 3.0260699e-16 1e-20
3909.0 1.8084601e-16 1e-20
3910.5 1.4898699e-16 1e-20
3912.0 3.3407901e-16 1e-20
3913.5 1.9984699e-16 1e-20
3915.0 -4.16965e-17 1e-20
3916.5 3.7766002e-16 1e-20
3918.0 4.4601197e-16 1e-20
3919.5 2.67502e-16 1e-20
3921.0 3.2721902e-16 1e-20
3922.5 2.8560601e-16 1e-20
3924.0 6.4061201e-17 1e-20
3925.5 7.29632e-17 1e-20
3927.0 -7.1196494e-17 1e-20
3928.5 2.9690298e-17 1e-20
3930.0 1.92535e-16 1e-20
3931.5 2.8363099e-16 1e-20
3933.0 2.2616801e-16 1e-20
3934.5 3.1661499e-16 1e-20
3936.0 3.87658e-16 1e-20
3937.5 1.54086e-16 1e-20
3939.0 1.66193e-16 1e-20
3940.5 2.6688002e-16 1e-20
3942.0 2.0502099e-16 1e-20
3943.5 1.28584e-16 1e-20
3945.0 1.9032701e-16 1e-20
3946.5 3.2073699e-16 1e-20
3948.0 3.3608499e-16 1e-20
3949.5 2.12251e-16 1e-20
3951.0 2.67718e-16 1e-20
3952.5 2.0858601e-16 1e-20
3954.0 2.61431e-16 1e-20
3955.5 3.99433e-16 1e-20
3957.0 2.9326999e-16 1e-20
3958.5 4.2115301e-16 1e-20
3960.0 3.7879898e-16 1e-20
3961.5 2.7208702e-16 1e-20
3963.0 1.8741601e-16 1e-20
3964.5 3.2862401e-16 1e-20
3966.0 4.8937699e-16 1e-20
3967.5 4.1734099e-16 1e-20
3969.0 3.4138101e-16 1e-20
3970.5 3.3404801e-16 1e-20
3972.0 1.70624e-16 1e-20
3973.5 3.80086e-16 1e-20
3975.0 4.6053298e-16 1e-20
3976.5 3.77603e-16 1e-20
3978.0 4.93956e-16 1e-20
3979.5 4.3664001e-16 1e-20
3981.0 5.0922604e-16 1e-20
3982.5 5.2473299e-16 1e-20
3984.0 4.3641499e-16 1e-20
3985.5 3.8246701e-16 1e-20
3987.0 4.0650202e-16 1e-20
3988.5 4.1325901e-16 1e-20
3990.0 5.1534099e-16 1e-20
3991.5 3.51398e-16 1e-20
3993.0 4.50613e-16 1e-20
3994.5 4.4554097e-16 1e-20
3996.0 5.1090905e-16 1e-20
3997.5 5.2739204e-16 1e-20
3999.0 4.9066697e-16 1e-20
4000.5 4.9704703e-16 1e-20
4002.0 5.5291404e-16 1e-20
4003.5 4.0370699e-16 1e-20
4005.0 3.1181898e-16 1e-20
4006.5 2.6719601e-16 1e-20
4008.0 3.1687098e-16 1e-20
4009.5 4.3388101e-16 1e-20
4011.0 4.6847704e-16 1e-20
4012.5 4.64608e-16 1e-20
4014.0 2.1613701e-16 1e-20
4015.5 2.8752099e-16 1e-20
4017.0 5.2237395e-16 1e-20
4018.5 4.80368e-16 1e-20
4020.0 4.7465302e-16 1e-20
4021.5 4.5299804e-16 1e-20
4023.0 5.7852901e-16 1e-20
4024.5 6.10437e-16 1e-20
4026.0 3.09465e-16 1e-20
4027.5 3.9893801e-16 1e-20
4029.0 6.1097995e-16 1e-20
4030.5 5.0484196e-16 1e-20
4032.0 3.7892101e-16 1e-20
4033.5 3.46509e-16 1e-20
4035.0 4.2762101e-16 1e-20
4036.5 4.98426e-16 1e-20
4038.0 3.8262098e-16 1e-20
4039.5 3.7362001e-16 1e-20
4041.0 3.9859398e-16 1e-20
4042.5 3.4597201e-16 1e-20
4044.0 2.68496e-16 1e-20
4045.5 3.22575e-16 1e-20
4047.0 3.91313e-16 1e-20
4048.5 4.57968e-16 1e-20
4050.0 4.3317101e-16 1e-20
4051.5 3.6406299e-16 1e-20
4053.0 4.44333e-16 1e-20
4054.5 2.49122e-16 1e-20
4056.0 4.23358e-16 1e-20
4057.5 4.6930099e-16 1e-20
4059.0 2.6878899e-16 1e-20
4060.5 2.6589097e-16 1e-20
4062.0 1.8691399e-16 1e-20
4063.5 3.8141301e-16 1e-20
4065.0 4.8604302e-16 1e-20
4066.5 4.5116199e-16 1e-20
4068.0 4.0539301e-16 1e-20
4069.5 2.17008e-16 1e-20
4071.0 2.15542e-16 1e-20
4072.5 2.4869099e-16 1e-20
4074.0 2.81121e-16 1e-20
4075.5 1.8420201e-16 1e-20
4077.0 2.3881001e-16 1e-20
4078.5 1.87452e-16 1e-20
4080.0 2.3893299e-16 1e-20
4081.5 8.17162e-17 1e-20
4083.0 1.56122e-16 1e-20
4084.5 3.4381602e-16 1e-20
4086.0 4.24534e-16 1e-20
4087.5 3.09959e-16 1e-20
4089.0 2.8341902e-16 1e-20
4090.5 2.8847001e-16 1e-20
4092.0 3.1390001e-16 1e-20
4093.5 2.4832401e-16 1e-20
4095.0 1.52355e-16 1e-20
4096.5 1.4736199e-16 1e-20
4098.0 3.08788e-16 1e-20
4099.5 3.6489099e-16 1e-20
4101.0 2.58531e-16 1e-20
4102.5 2.9837598e-16 1e-20
4104.0 4.2963499e-16 1e-20
4105.5 2.56347e-16 1e-20
4107.0 1.8033699e-16 1e-20
4108.5 3.13491e-16 1e-20
4110.0 3.7694099e-16 1e-20
4111.5 4.2859399e-16 1e-20
4113.0 2.9205098e-16 1e-20
4114.5 1.60079e-16 1e-20
4116.0 2.5364301e-16 1e-20
4117.5 2.4490902e-16 1e-20
4119.0 2.4456999e-16 1e-20
4120.5 3.5743202e-16 1e-20
4122.0 3.73206e-16 1e-20
4123.5 3.4921398e-16 1e-20
4125.0 2.9431099e-16 1e-20
4126.5 2.5175699e-16 1e-20
4128.0 2.6612301e-16 1e-20
4129.5 2.5782701e-16 1e-20
4131.0 1.4625501e-16 1e-20
4132.5 1.7858701e-16 1e-20
4134.0 1.05829e-16 1e-20
4135.5 2.22217e-16 1e-20
4137.0 2.8164399e-16 1e-20
4138.5 2.2817101e-16 1e-20
4140.0 2.6165599e-16 1e-20
4141.5 3.75952e-16 1e-20
4143.0 2.9043799e-16 1e-20
4144.5 3.68655e-16 1e-20
4146.0 2.80855e-16 1e-20
4147.5 2.3462299e-16 1e-20
4149.0 2.66416e-16 1e-20
4150.5 1.68412e-16 1e-20
4152.0 2.4796299e-16 1e-20
4153.5 2.17007e-16 1e-20
4155.0 1.59949e-16 1e-20
4156.5 1.12278e-16 1e-20
4158.0 1.7378699e-16 1e-20
4159.5 2.2227402e-16 1e-20
4161.0 2.47557e-16 1e-20
4162.5 2.5694099e-16 1e-20
4164.0 1.4703701e-16 1e-20
4165.5 2.3253701e-16 1e-20
4167.0 2.7581201e-16 1e-20
4168.5 2.14775e-16 1e-20
4170.0 3.3458201e-16 1e-20
4171.5 3.6462201e-16 1e-20
4173.0 2.2744701e-16 1e-20
4174.5 1.80261e-16 1e-20
4176.0 1.81073e-16 1e-20
4177.5 1.61864e-16 1e-20
4179.0 1.6555201e-16 1e-20
4180.5 1.499e-16 1e-20
4182.0 2.85347e-16 1e-20
4183.5 3.1211502e-16 1e-20
4185.0 2.6922802e-16 1e-20
4186.5 2.1158101e-16 1e-20
4188.0 1.8755e-16 1e-20
4189.5 1.6764399e-16 1e-20
4191.0 2.09624e-16 1e-20
4192.5 1.07883e-16 1e-20
4194.0 2.5059899e-16 1e-20
4195.5 9.1154801e-17 1e-20
4197.0 1.76523e-16 1e-20
4198.5 2.10379e-16 1e-20
4200.0 1.00593e-16 1e-20
4201.5 1.3855401e-16 1e-20
4203.0 1.36096e-16 1e-20
4204.5 1.27561e-16 1e-20
4206.0 1.6164801e-16 1e-20
4207.5 2.7106899e-16 1e-20
4209.0 2.23763e-16 1e-20
4210.5 2.5568399e-16 1e-20
4212.0 1.4718401e-16 1e-20
4213.5 2.5867301e-16 1e-20
4215.0 2.04706e-16 1e-20
4216.5 1.34509e-16 1e-20
4218.0 2.6962798e-16 1e-20
4219.5 2.14715e-16 1e-20
4221.0 3.01947e-16 1e-20
4222.5 3.2711999e-16 1e-20
4224.0 2.0609599e-16 1e-20
4225.5 1.4499501e-16 1e-20
4227.0 2.5812501e-16 1e-20
4228.5 2.6570201e-16 1e-20
4230.0 1.8050901e-16 1e-20
4231.5 2.05521e-16 1e-20
4233.0 1.69963e-16 1e-20
4234.5 2.19643e-16 1e-20
4236.0 1.8233401e-16 1e-20
4237.5 1.09479e-16 1e-20
4239.0 1.37322e-16 1e-20
4240.5 1.90367e-16 1e-20
4242.0 2.2019e-16 1e-20
4243.5 2.17973e-16 1e-20
4245.0 1.8905901e-16 1e-20
4246.5 1.5644901e-16 1e-20
4248.0 2.20599e-16 1e-20
4249.5 1.7985e-16 1e-20
4251.0 1.52214e-16 1e-20
4252.5 1.76699e-16 1e-20
4254.0 9.2530402e-17 1e-20
4255.5 1.22528e-16 1e-20
4257.0 2.09295e-16 1e-20
4258.5 2.00319e-16 1e-20
4260.0 1.64413e-16 1e-20
4261.5 2.75797e-16 1e-20
4263.0 1.93224e-16 1e-20
4264.5 2.3758999e-16 1e-20
4266.0 2.60775e-16 1e-20
4267.5 2.20754e-16 1e-20
4269.0 1.5661799e-16 1e-20
4270.5 2.86861e-16 1e-20
4272.0 2.4215899e-16 1e-20
4273.5 1.9047e-16 1e-20
4275.0 2.83872e-16 1e-20
4276.5 3.0788999e-16 1e-20
4278.0 2.1738901e-16 1e-20
4279.5 2.6496699e-16 1e-20
4281.0 2.66655e-16 1e-20
4282.5 2.3339e-16 1e-20
4284.0 1.7727301e-16 1e-20
4285.5 8.2121399e-17 1e-20
4287.0 1.1405199e-16 1e-20
4288.5 2.5027002e-16 1e-20
4290.0 1.43979e-16 1e-20
4291.5 8.6038404e-17 1e-20
4293.0 1.42854e-16 1e-20
4294.5 1.76213e-16 1e-20
4296.0 1.07937e-16 1e-20
4297.5 1.57648e-16 1e-20
4299.0 1.7849801e-16 1e-20
4300.5 1.63795e-16 1e-20
4302.0 1.83376e-16 1e-20
4303.5 1.96274e-16 1e-20
4305.0 2.14481e-16 1e-20
4306.5 1.8889301e-16 1e-20
4308.0 1.75346e-16 1e-20
4309.5 2.0717301e-16 1e-20
4311.0 1.9723301e-16 1e-20
4312.5 2.3775699e-16 1e-20
4314.0 2.8187901e-16 1e-20
4315.5 2.4868202e-16 1e-20
4317.0 1.68634e-16 1e-20
4318.5 1.20709e-16 1e-20
4320.0 1.8576699e-16 1e-20
4321.5 2.3674799e-16 1e-20
4323.0 1.5513899e-16 1e-20
4324.5 1.8001901e-16 1e-20
4326.0 1.4552399e-16 1e-20
4327.5 2.38044e-16 1e-20
4329.0 2.3816301e-16 1e-20
4330.5 1.8592601e-16 1e-20
4332.0 2.7474901e-16 1e-20
4333.5 2.4134099e-16 1e-20
4335.0 1.0927e-16 1e-20
4336.5 1.28395e-16 1e-20
4338.0 2.78344e-16 1e-20
4339.5 2.3374099e-16 1e-20
4341.0 2.6489298e-16 1e-20
4342.5 1.91515e-16 1e-20
4344.0 1.43709e-16 1e-20
4345.5 2.0862701e-16 1e-20
4347.0 2.5271299e-16 1e-20
4348.5 2.09008e-16 1e-20
4350.0 1.8220601e-16 1e-20
4351.5 1.33378e-16 1e-20
4353.0 1.8823899e-16 1e-20
4354.5 2.01756e-16 1e-20
4356.0 2.2422e-16 1e-20
4357.5 2.84605e-16 1e-20
4359.0 2.79267e-16 1e-20
4360.5 1.39365e-16 1e-20
4362.0 1.20442e-16 1e-20
4363.5 2.12969e-16 1e-20
4365.0 2.5778402e-16 1e-20
4366.5 2.4170101e-16 1e-20
4368.0 2.9593301e-16 1e-20
4369.5 2.2085001e-16 1e-20
4371.0 1.6951001e-16 1e-20
4372.5 2.4525701e-16 1e-20
4374.0 1.9271999e-16 1e-20
4375.5 2.01953e-16 1e-20
4377.0 2.2386401e-16 1e-20
4378.5 1.56147e-16 1e-20
4380.0 2.0875401e-16 1e-20
4381.5 2.09433e-16 1e-20
4383.0 1.91256e-16 1e-20
4384.5 2.02388e-16 1e-20
4386.0 1.5938599e-16 1e-20
4387.5 1.2815e-16 1e-20
4389.0 1.85043e-16 1e-20
4390.5 1.79131e-16 1e-20
4392.0 1.07242e-16 1e-20
4393.5 1.2307199e-16 1e-20
4395.0 1.53434e-16 1e-20
4396.5 1.3679799e-16 1e-20
4398.0 1.2945201e-16 1e-20
4399.5 1.5147499e-16 1e-20
4401.0 1.3162699e-16 1e-20
4402.5 2.11797e-16 1e-20
4404.0 1.6316099e-16 1e-20
4405.5 1.75354e-16 1e-20
4407.0 1.4694699e-16 1e-20
4408.5 1.8640301e-16 1e-20
4410.0 2.4768202e-16 1e-20
4411.5 1.80734e-16 1e-20
4413.0 2.1833899e-16 1e-20
4414.5 1.8446701e-16 1e-20
4416.0 2.2601899e-16 1e-20
4417.5 2.6699601e-16 1e-20
4419.0 1.5501199e-16 1e-20
4420.5 1.0669101e-16 1e-20
4422.0 1.54496e-16 1e-20
4423.5 1.2551001e-16 1e-20
4425.0 1.37878e-16 1e-20
4426.5 1.50247e-16 1e-20
4428.0 1.62615e-16 1e-20
4429.5 1.74984e-16 1e-20
4431.0 1.8735299e-16 1e-20
4432.5 1.99721e-16 nan
4434.0 2.1209e-16 1e-20
4435.5 2.1209e-16 1e-20
4437.0 1.99964e-16 1e-20
4438.5 2.07036e-16 1e-20
4440.0 2.2202801e-16 1e-20
4441.5 2.1955999e-16 1e-20
4443.0 2.0016999e-16 1e-20
4444.5 1.6188e-16 1e-20
4446.0 1.3735301e-16 1e-20
4447.5 1.2934599e-16 1e-20
4449.0 1.65811e-16 1e-20
4450.5 1.9477799e-16 1e-20
4452.0 1.998e-16 1e-20
4453.5 2.3820599e-16 1e-20
4455.0 2.3699299e-16 1e-20
4456.5 1.44833e-16 1e-20
4458.0 1.4262501e-16 1e-20
4459.5 1.8877401e-16 1e-20
4461.0 1.8477599e-16 1e-20
4462.5 1.9731e-16 1e-20
4464.0 1.81987e-16 1e-20
4465.5 2.14685e-16 1e-20
4467.0 2.5969601e-16 1e-20
4468.5 2.7606299e-16 1e-20
4470.0 2.32503e-16 1e-20
4471.5 1.2119201e-16 1e-20
4473.0 1.86287e-16 1e-20
4474.5 2.00294e-16 1e-20
4476.0 1.86576e-16 1e-20
4477.5 1.3983e-16 1e-20
4479.0 1.3207e-16 1e-20
4480.5 2.6215199e-16 1e-20
4482.0 2.3131599e-16 1e-20
4483.5 2.0628e-16 1e-20
4485.0 2.3998601e-16 1e-20
4486.5 2.0901001e-16 1e-20
4488.0 2.18871e-16 1e-20
4489.5 2.3109899e-16 1e-20
4491.0 3.2831201e-16 1e-20
4492.5 2.40654e-16 1e-20
4494.0 2.23008e-16 1e-20
4495.5 2.45368e-16 1e-20
4497.0 2.8219199e-16 1e-20
4498.5 2.5993498e-16 1e-20
4500.0 2.9661702e-16 1e-20
4501.5 3.1942002e-16 1e-20
4503.0 2.6013099e-16 1e-20
4504.5 2.18311e-16 1e-20
4506.0 2.6779402e-16 1e-20
4507.5 3.3613301e-16 1e-20
4509.0 2.9402398e-16 1e-20
4510.5 3.0867601e-16 1e-20
4512.0 3.1669699e-16 1e-20
4513.5 3.0909402e-16 1e-20
4515.0 2.7973398e-16 1e-20
4516.5 2.9580201e-16 1e-20
4518.0 2.9903998e-16 1e-20
4519.5 2.71332e-16 1e-20
4521.0 3.1959998e-16 1e-20
4522.5 3.3301e-16 1e-20
4524.0 3.04444e-16 1e-20
4525.5 3.6702703e-16 1e-20
4527.0 4.7753097e-16 1e-20
4528.5 3.5007199e-16 1e-20
4530.0 3.2671202e-16 1e-20
4531.5 3.70542e-16 1e-20
4533.0 3.7889401e-16 1e-20
4534.5 4.4534801e-16 1e-20
4536.0 4.09336e-16 1e-20
4537.5 4.1139599e-16 1e-20
4539.0 4.1999501e-16 1e-20
4540.5 3.49807e-16 1e-20
4542.0 3.9959899e-16 1e-20
4543.5 4.0326601e-16 1e-20
4545.0 2.762e-16 1e-20
4546.5 3.51535e-16 1e-20
4548.0 3.79888e-16 1e-20
4549.5 3.5950601e-16 1e-20
4551.0 3.9177799e-16 1e-20
4552.5 3.8195299e-16 1e-20
4554.0 4.2017001e-16 1e-20
4555.5 3.6380197e-16 1e-20
4557.0 3.7356498e-16 1e-20
4558.5 3.92571e-16 1e-20
4560.0 4.1597301e-16 1e-20
4561.5 4.3544399e-16 1e-20
4563.0 4.0189299e-16 1e-20
4564.5 3.0183e-16 1e-20
4566.0 3.47368e-16 1e-20
4567.5 3.8421499e-16 1e-20
4569.0 3.96588e-16 1e-20
4570.5 3.7951099e-16 1e-20
4572.0 4.15963e-16 1e-20
4573.5 4.11072e-16 1e-20
4575.0 4.39068e-16 1e-20
4576.5 4.1062701e-16 1e-20
4578.0 4.1887097e-16 1e-20
4579.5 4.6642102e-16 1e-20
4581.0 4.1909599e-16 1e-20
4582.5 4.0947899e-16 1e-20
4584.0 4.12154e-16 1e-20
4585.5 3.6971501e-16 1e-20
4587.0 3.7314901e-16 1e-20
4588.5 3.9408001e-16 1e-20
4590.0 3.3691601e-16 1e-20
4591.5 3.31663e-16 1e-20
4593.0 3.5970501e-16 1e-20
4594.5 3.8198399e-16 1e-20
4596.0 3.7775499e-16 1e-20
4597.5 3.0246099e-16 1e-20
4599.0 3.1627699e-16 1e-20
4600.5 3.5191101e-16 1e-20
4602.0 2.8183298e-16 1e-20
4603.5 3.7539801e-16 1e-20
4605.0 3.8971801e-16 1e-20
4606.5 3.3967998e-16 1e-20
4608.0 3.4219401e-16 1e-20
4609.5 3.4929299e-16 1e-20
4611.0 3.59685e-16 1e-20
4612.5 3.3187802e-16 1e-20
4614.0 2.5821201e-16 1e-20
4615.5 3.2543199e-16 1e-20
4617.0 3.03757e-16 1e-20
4618.5 3.35729e-16 1e-20
4620.0 2.7780603e-16 1e-20
4621.5 3.1296901e-16 1e-20
4623.0 3.04219e-16 1e-20
4624.5 3.64811e-16 1e-20
4626.0 3.7750501e-16 1e-20
4627.5 3.51701e-16 1e-20
4629.0 3.7304199e-16 1e-20
4630.5 3.2176799e-16 1e-20
4632.0 2.9922302e-16 1e-20
4633.5 2.69993e-16 1e-20
4635.0 3.06059e-16 1e-20
4636.5 2.9146502e-16 1e-20
4638.0 3.1723602e-16 1e-20
4639.5 3.7192499e-16 1e-20
4641.0 3.40632e-16 1e-20
4642.5 3.10646e-16 1e-20
4644.0 2.7317699e-16 1e-20
4645.5 2.7264e-16 1e-20
4647.0 3.4212698e-16 1e-20
4648.5 3.3028501e-16 1e-20
4650.0 3.13026e-16 1e-20
4651.5 3.3938101e-16 1e-20
4653.0 3.1402799e-16 1e-20
4654.5 2.3673899e-16 1e-20
4656.0 2.3690702e-16 1e-20
4657.5 3.1492201e-16 1e-20
4659.0 3.1892201e-16 1e-20
4660.5 2.66733e-16 1e-20
4662.0 3.0568201e-16 1e-20
4663.5 3.22616e-16 1e-20
4665.0 2.6680201e-16 1e-20
4666.5 2.67397e-16 1e-20
4668.0 2.8862701e-16 1e-20
4669.5 2.7090999e-16 1e-20
4671.0 2.6912701e-16 1e-20
4672.5 2.5767801e-16 1e-20
4674.0 2.8633099e-16 1e-20
4675.5 2.8525298e-16 1e-20
4677.0 3.2660698e-16 1e-20
4678.5 3.1495602e-16 1e-20
4680.0 2.4772101e-16 1e-20
4681.5 2.7641801e-16 1e-20
4683.0 2.0916299e-16 1e-20
4684.5 2.73467e-16 1e-20
4686.0 3.58672e-16 1e-20
4687.5 3.0420802e-16 1e-20
4689.0 2.47906e-16 1e-20
4690.5 2.7460199e-16 1e-20
4692.0 3.4058602e-16 1e-20
4693.5 3.0979301e-16 1e-20
4695.0 2.34711e-16 1e-20
4696.5 1.90027e-16 1e-20
4698.0 2.2541198e-16 1e-20
4699.5 2.42867e-16 1e-20
4701.0 2.8693699e-16 1e-20
4702.5 2.8762298e-16 1e-20
4704.0 2.67261e-16 1e-20
4705.5 2.06934e-16 1e-20
4707.0 1.9273799e-16 1e-20
4708.5 2.5035901e-16 1e-20
4710.0 2.5487399e-16 1e-20
4711.5 2.54062e-16 1e-20
4713.0 2.46386e-16 1e-20
4714.5 2.3143301e-16 1e-20
4716.0 2.64117e-16 1e-20
4717.5 2.74024e-16 1e-20
4719.0 2.5911701e-16 1e-20
4720.5 2.7464501e-16 1e-20
4722.0 2.7400198e-16 1e-20
4723.5 2.2629499e-16 1e-20
4725.0 1.8313899e-16 1e-20
4726.5 2.4529402e-16 1e-20
4728.0 2.85052e-16 1e-20
4729.5 2.28205e-16 1e-20
4731.0 2.3517999e-16 1e-20
4732.5 2.5396001e-16 1e-20
4734.0 2.37162e-16 1e-20
4735.5 2.10996e-16 1e-20
4737.0 2.3237301e-16 1e-20
4738.5 2.9348098e-16 1e-20
4740.0 2.1345601e-16 1e-20
4741.5 2.33765e-16 1e-20
4743.0 2.3619699e-16 1e-20
4744.5 2.2347598e-16 1e-20
4746.0 2.18231e-16 1e-20
4747.5 2.53583e-16 1e-20
4749.0 2.7601701e-16 1e-20
4750.5 2.4704301e-16 1e-20
4752.0 2.9349898e-16 1e-20
4753.5 2.8545201e-16 1e-20
4755.0 2.6225299e-16 1e-20
4756.5 2.4256501e-16 1e-20
4758.0 2.02996e-16 1e-20
4759.5 2.1508401e-16 1e-20
4761.0 2.3587199e-16 1e-20
4762.5 2.7922899e-16 1e-20
4764.0 2.9671498e-16 1e-20
4765.5 3.0755099e-16 1e-20
4767.0 2.93462e-16 1e-20
4768.5 2.3781199e-16 1e-20
4770.0 2.91458e-16 1e-20
4771.5 2.9592099e-16 1e-20
4773.0 2.6670399e-16 1e-20
4774.5 2.38936e-16 1e-20
4776.0 2.5780599e-16 1e-20
4777.5 3.0397702e-16 1e-20
4779.0 2.99361e-16 1e-20
4780.5 2.7708798e-16 1e-20
4782.0 2.45952e-16 1e-20
4783.5 3.0410902e-16 1e-20
4785.0 3.0828198e-16 1e-20
4786.5 2.4409401e-16 1e-20
4788.0 2.8121401e-16 1e-20
4789.5 2.79516e-16 1e-20
4791.0 2.4100099e-16 1e-20
4792.5 2.7138801e-16 1e-20
4794.0 3.02287e-16 1e-20
4795.5 2.9422399e-16 1e-20
4797.0 2.9832802e-16 1e-20
4798.5 2.6511499e-16 1e-20
4800.0 2.2741702e-16 1e-20
4801.5 3.0374699e-16 1e-20
4803.0 3.32278e-16 1e-20
4804.5 3.3166401e-16 1e-20
4806.0 3.6534101e-16 1e-20
4807.5 2.98975e-16 1e-20
4809.0 2.5754402e-16 1e-20
4810.5 3.27275e-16 1e-20
4812.0 3.6751801e-16 1e-20
4813.5 3.5552998e-16 1e-20
4815.0 3.7898901e-16 1e-20
4816.5 3.2125501e-16 1e-20
4818.0 3.3351001e-16 1e-20
4819.5 2.85157e-16 1e-20
4821.0 2.8731501e-16 1e-20
4822.5 3.7970099e-16 1e-20
4824.0 2.9796001e-16 1e-20
4825.5 2.9188599e-16 1e-20
4827.0 3.0309401e-16 1e-20
4828.5 2.6384401e-16 1e-20
4830.0 3.4273801e-16 1e-20
4831.5 2.8998901e-16 1e-20
4833.0 2.64552e-16 1e-20
4834.5 2.7216601e-16 1e-20
4836.0 3.02454e-16 1e-20
4837.5 2.7176499e-16 1e-20
4839.0 2.9626701e-16 1e-20
4840.5 3.0435699e-16 1e-20
4842.0 3.0907899e-16 1e-20
4843.5 3.1796e-16 1e-20
4845.0 2.8235002e-16 1e-20
4846.5 3.15831e-16 1e-20
4848.0 3.66955e-16 1e-20
4849.5 3.0689002e-16 1e-20
4851.0 2.95461e-16 1e-20
4852.5 3.0242499e-16 1e-20
4854.0 2.5681401e-16 1e-20
4855.5 2.6576598e-16 1e-20
4857.0 2.42039e-16 1e-20
4858.5 2.5623001e-16 1e-20
4860.0 3.1660199e-16 1e-20
4861.5 2.88459e-16 1e-20
4863.0 3.04201e-16 1e-20
4864.5 3.2079602e-16 1e-20
4866.0 2.9806301e-16 1e-20
4867.5 3.4839699e-16 1e-20
4869.0 2.9723998e-16 1e-20
4870.5 2.88992e-16 1e-20
4872.0 3.1390501e-16 1e-20
4873.5 3.2522402e-16 1e-20
4875.0 2.8616698e-16 1e-20
4876.5 2.64063e-16 1e-20
4878.0 2.9394902e-16 1e-20
4879.5 2.91137e-16 1e-20
4881.0 3.11687e-16 1e-20
4882.5 2.7164998e-16 1e-20
4884.0 2.5513299e-16 1e-20
4885.5 2.5839701e-16 1e-20
4887.0 2.9010399e-16 1e-20
4888.5 3.1968702e-16 1e-20
4890.0 2.67701e-16 1e-20
4891.5 2.4113098e-16 1e-20
4893.0 2.1181799e-16 1e-20
4894.5 2.62833e-16 1e-20
4896.0 2.2976401e-16 1e-20
4897.5 2.4658101e-16 1e-20
4899.0 3.0787302e-16 1e-20
4900.5 3.0515998e-16 1e-20
4902.0 2.36198e-16 1e-20
4903.5 2.16192e-16 1e-20
4905.0 2.45535e-16 1e-20
4906.5 2.72604e-16 1e-20
4908.0 2.6993399e-16 1e-20
4909.5 2.65177e-16 1e-20
4911.0 2.8301001e-16 1e-20
4912.5 2.75314e-16 1e-20
4914.0 2.6960302e-16 1e-20
4915.5 2.65869e-16 1e-20
4917.0 2.70129e-16 1e-20
4918.5 2.4184299e-16 1e-20
4920.0 2.4150201e-16 1e-20
4921.5 2.7783001e-16 1e-20
4923.0 2.8727702e-16 1e-20
4924.5 2.6647601e-16 1e-20
4926.0 2.58079e-16 1e-20
4927.5 2.62223e-16 1e-20
4929.0 2.7617999e-16 1e-20
4930.5 2.7089501e-16 1e-20
4932.0 2.4647301e-16 1e-20
4933.5 2.5500901e-16 1e-20
4935.0 2.59346e-16 1e-20
4936.5 2.53045e-16 1e-20
4938.0 2.8644698e-16 1e-20
4939.5 3.07742e-16 1e-20
4941.0 2.80195e-16 1e-20
4942.5 2.15829e-16 1e-20
4944.0 2.57142e-16 1e-20
4945.5 2.8819401e-16 1e-20
4947.0 2.7286899e-16 1e-20
4948.5 2.6707701e-16 1e-20
4950.0 1.99622e-16 1e-20
4951.5 2.0593e-16 1e-20
4953.0 2.0694e-16 1e-20
4954.5 2.14493e-16 1e-20
4956.0 2.8641702e-16 1e-20
4957.5 2.93298e-16 1e-20
4959.0 2.6563501e-16 1e-20
4960.5 2.31444e-16 1e-20
4962.0 1.92762e-16 1e-20
4963.5 1.66272e-16 1e-20
4965.0 2.4490399e-16 1e-20
4966.5 2.02428e-16 1e-20
4968.0 2.1633e-16 1e-20
4969.5 2.8336098e-16 1e-20
4971.0 2.17592e-16 1e-20
4972.5 1.82747e-16 1e-20
4974.0 1.93119e-16 1e-20
4975.5 2.07829e-16 1e-20
4977.0 2.0152501e-16 1e-20
4978.5 2.46368e-16 1e-20
4980.0 2.4782501e-16 1e-20
4981.5 2.17127e-16 1e-20
4983.0 1.72596e-16 1e-20
4984.5 1.75761e-16 1e-20
4986.0 2.18344e-16 1e-20
4987.5 2.3228399e-16 1e-20
4989.0 2.16388e-16 1e-20
4990.5 2.10433e-16 1e-20
4992.0 2.17562e-16 1e-20
4993.5 1.64674e-16 1e-20
4995.0 1.49139e-16 1e-20
4996.5 1.6981099e-16 1e-20
4998.0 1.93318e-16 1e-20
4999.5 2.3056499e-16 1e-20
5001.0 2.7701e-16 1e-20
5002.5 2.6290899e-16 1e-20
5004.0 2.3006601e-16 1e-20
5005.5 1.95325e-16 1e-20
5007.0 1.8012201e-16 1e-20
5008.5 2.0611199e-16 1e-20
5010.0 1.8675599e-16 1e-20
5011.5 2.1091799e-16 1e-20
5013.0 2.3241901e-16 1e-20
5014.5 2.4713301e-16 1e-20
5016.0 2.00613e-16 1e-20
5017.5 2.43812e-16 1e-20
5019.0 2.4642899e-16 1e-20
5020.5 1.5612e-16 1e-20
5022.0 1.7034901e-16 1e-20
5023.5 2.19323e-16 1e-20
5025.0 2.93488e-16 1e-20
5026.5 2.2147999e-16 1e-20
5028.0 1.88024e-16 1e-20
5029.5 2.1692e-16 1e-20
5031.0 2.35923e-16 1e-20
5032.5 2.09239e-16 1e-20
5034.0 2.48137e-16 1e-20
5035.5 2.19498e-16 1e-20
5037.0 1.5665901e-16 1e-20
5038.5 1.9110801e-16 1e-20
5040.0 2.00737e-16 1e-20
5041.5 2.3442399e-16 1e-20
5043.0 2.45115e-16 1e-20
5044.5 2.4972501e-16 1e-20
5046.0 2.3443601e-16 1e-20
5047.5 2.07947e-16 1e-20
5049.0 1.7579999e-16 1e-20
5050.5 1.9751e-16 1e-20
5052.0 1.91955e-16 1e-20
5053.5 2.1907399e-16 1e-20
5055.0 2.2247101e-16 1e-20
5056.5 1.8926401e-16 1e-20
5058.0 2.0558199e-16 1e-20
5059.5 2.10994e-16 1e-20
5061.0 1.73724e-16 1e-20
5062.5 1.75331e-16 1e-20
5064.0 2.12075e-16 1e-20
5065.5 1.93736e-16 1e-20
5067.0 1.70807e-16 1e-20
5068.5 1.8488499e-16 1e-20
5070.0 1.9705e-16 1e-20
5071.5 2.1770301e-16 1e-20
5073.0 2.2030399e-16 1e-20
5074.5 1.9954e-16 1e-20
5076.0 2.16768e-16 1e-20
5077.5 2.4883499e-16 1e-20
5079.0 2.0693199e-16 1e-20
5080.5 1.97201e-16 1e-20
5082.0 2.12752e-16 1e-20
5083.5 1.8296299e-16 1e-20
5085.0 2.0334999e-16 1e-20
5086.5 2.0671999e-16 1e-20
5088.0 1.6236e-16 1e-20
5089.5 2.00434e-16 1e-20
5091.0 2.3164999e-16 1e-20
5092.5 2.1314401e-16 1e-20
5094.0 2.4003201e-16 1e-20
5095.5 2.2630801e-16 1e-20
5097.0 1.9633301e-16 1e-20
5098.5 2.1043099e-16 1e-20
5100.0 2.7179302e-16 1e-20
5101.5 2.2373301e-16 1e-20
5103.0 1.77541e-16 1e-20
5104.5 1.826e-16 1e-20
5106.0 2.1537299e-16 1e-20
5107.5 2.0180801e-16 1e-20
5109.0 1.97758e-16 1e-20
5110.5 2.15133e-16 1e-20
5112.0 2.20634e-16 1e-20
5113.5 2.04311e-16 1e-20
5115.0 2.0378301e-16 1e-20
5116.5 2.04306e-16 1e-20
5118.0 2.17715e-16 1e-20
5119.5 2.28146e-16 1e-20
5121.0 2.2049401e-16 1e-20
5122.5 2.15547e-16 1e-20
5124.0 2.33036e-16 1e-20
5125.5 2.3445001e-16 1e-20
5127.0 2.2827999e-16 1e-20
5128.5 2.2923099e-16 1e-20
5130.0 2.0385901e-16 1e-20
5131.5 1.97392e-16 1e-20
5133.0 2.38524e-16 1e-20
5134.5 2.30933e-16 1e-20
5136.0 1.8790499e-16 1e-20
5137.5 1.9669599e-16 1e-20
5139.0 2.1332901e-16 1e-20
5140.5 2.03043e-16 1e-20
5142.0 2.1532799e-16 1e-20
5143.5 2.4889801e-16 1e-20
5145.0 2.2795001e-16 1e-20
5146.5 2.2069301e-16 1e-20
5148.0 2.31164e-16 1e-20
5149.5 2.2871999e-16 1e-20
5151.0 2.3251099e-16 1e-20
5152.5 2.04143e-16 1e-20
5154.0 1.7674101e-16 1e-20
5155.5 2.3520199e-16 1e-20
5157.0 2.3352701e-16 1e-20
5158.5 2.31852e-16 1e-20
5160.0 2.3017699e-16 1e-20
5161.5 2.2850299e-16 1e-20
5163.0 2.2682799e-16 1e-20
5164.5 2.25153e-16 1e-20
5166.0 2.23478e-16 1e-20
5167.5 2.21803e-16 1e-20
5169.0 2.2012799e-16 1e-20
5170.5 2.18453e-16 nan
5172.0 2.1677799e-16 1e-20
5173.5 2.1677799e-16 1e-20
5175.0 2.01026e-16 1e-20
5176.5 2.4233001e-16 1e-20
5178.0 2.62226e-16 1e-20
5179.5 2.43165e-16 1e-20
5181.0 2.1791599e-16 1e-20
5182.5 2.1803901e-16 1e-20
5184.0 2.2781999e-16 1e-20
5185.5 2.4478e-16 1e-20
5187.0 2.68953e-16 1e-20
5188.5 2.2534499e-16 1e-20
5190.0 2.5466098e-16 1e-20
5191.5 2.84858e-16 1e-20
5193.0 2.40352e-16 1e-20
5194.5 2.46865e-16 1e-20
5196.0 2.45462e-16 1e-20
5197.5 2.5144499e-16 1e-20
5199.0 2.5585498e-16 1e-20
5200.5 2.4233999e-16 1e-20
5202.0 2.42034e-16 1e-20
5203.5 2.3296101e-16 1e-20
5205.0 2.3631399e-16 1e-20
5206.5 2.2249999e-16 1e-20
5208.0 1.79683e-16 1e-20
5209.5 1.98055e-16 1e-20
5211.0 2.4014901e-16 1e-20
5212.5 2.3792099e-16 1e-20
5214.0 2.3813e-16 1e-20
5215.5 2.3833e-16 1e-20
5217.0 2.6572901e-16 1e-20
5218.5 2.5463102e-16 1e-20
5220.0 2.4469101e-16 1e-20
5221.5 2.5084298e-16 1e-20
5223.0 2.2189001e-16 1e-20
5224.5 2.2839899e-16 1e-20
5226.0 1.99518e-16 1e-20
5227.5 2.25017e-16 1e-20
5229.0 2.39804e-16 1e-20
5230.5 2.37275e-16 1e-20
5232.0 2.7046702e-16 1e-20
5233.5 2.2211001e-16 1e-20
5235.0 2.4564998e-16 1e-20
5236.5 2.6877999e-16 1e-20
5238.0 2.4936401e-16 1e-20
5239.5 2.8273999e-16 1e-20
5241.0 2.61453e-16 1e-20
5242.5 2.4677699e-16 1e-20
5244.0 2.6865699e-16 1e-20
5245.5 3.02391e-16 1e-20
5247.0 2.7397601e-16 1e-20
5248.5 1.93848e-16 1e-20
5250.0 2.03499e-16 1e-20
5251.5 3.03684e-16 1e-20
5253.0 3.2276201e-16 1e-20
5254.5 2.8213799e-16 1e-20
5256.0 2.55487e-16 1e-20
5257.5 2.18503e-16 1e-20
5259.0 2.16461e-16 1e-20
5260.5 2.75295e-16 1e-20
5262.0 3.1882598e-16 1e-20
5263.5 2.67659e-16 1e-20
5265.0 2.32756e-16 1e-20
5266.5 2.5961899e-16 1e-20
5268.0 3.0801601e-16 1e-20
5269.5 3.34982e-16 1e-20
5271.0 3.1149798e-16 1e-20
5272.5 2.6830399e-16 1e-20
5274.0 2.7027403e-16 1e-20
5275.5 2.8575099e-16 1e-20
5277.0 2.8171199e-16 1e-20
5278.5 2.65737e-16 1e-20
5280.0 2.2943301e-16 1e-20
5281.5 2.44789e-16 1e-20
5283.0 2.8248401e-16 1e-20
5284.5 2.75273e-16 1e-20
5286.0 2.71662e-16 1e-20
5287.5 2.5503701e-16 1e-20
5289.0 2.6518198e-16 1e-20
5290.5 2.2487899e-16 1e-20
5292.0 2.8121002e-16 1e-20
5293.5 3.4274701e-16 1e-20
5295.0 2.8946099e-16 1e-20
5296.5 2.9111601e-16 1e-20
5298.0 2.8191199e-16 1e-20
5299.5 2.9998201e-16 1e-20
5301.0 2.49592e-16 1e-20
5302.5 2.6878603e-16 1e-20
5304.0 2.9162799e-16 1e-20
5305.5 2.8680901e-16 1e-20
5307.0 3.00713e-16 1e-20
5308.5 2.4086999e-16 1e-20
5310.0 2.48801e-16 1e-20
5311.5 2.4637099e-16 1e-20
5313.0 2.6541002e-16 1e-20
5314.5 2.93081e-16 1e-20
5316.0 3.1895701e-16 1e-20
5317.5 3.0079498e-16 1e-20
5319.0 2.8355601e-16 1e-20
5320.5 2.7892901e-16 1e-20
5322.0 2.527e-16 1e-20
5323.5 2.7080101e-16 1e-20
5325.0 2.5287801e-16 1e-20
5326.5 2.7694301e-16 1e-20
5328.0 2.7840501e-16 1e-20
5329.5 2.38076e-16 1e-20
5331.0 2.4343399e-16 1e-20
5332.5 2.87613e-16 1e-20
5334.0 2.9446899e-16 1e-20
5335.5 2.7159399e-16 1e-20
5337.0 2.62498e-16 1e-20
5338.5 2.67786e-16 1e-20
5340.0 2.6780998e-16 1e-20
5341.5 2.8223601e-16 1e-20
5343.0 3.0346901e-16 1e-20
5344.5 2.76151e-16 1e-20
5346.0 2.9231102e-16 1e-20
5347.5 3.1100699e-16 1e-20
5349.0 2.8195802e-16 1e-20
5350.5 2.8399599e-16 1e-20
5352.0 3.04177e-16 1e-20
5353.5 2.7842201e-16 1e-20
5355.0 2.2241899e-16 1e-20
5356.5 2.5368801e-16 1e-20
5358.0 2.97451e-16 1e-20
5359.5 2.79846e-16 1e-20
5361.0 3.16504e-16 1e-20
5362.5 3.13587e-16 1e-20
5364.0 3.0754501e-16 1e-20
5365.5 2.35864e-16 1e-20
5367.0 3.15843e-16 1e-20
5368.5 3.4259899e-16 1e-20
5370.0 2.7574001e-16 1e-20
5371.5 3.41782e-16 1e-20
5373.0 3.0103498e-16 1e-20
5374.5 3.0667299e-16 1e-20
5376.0 3.306e-16 1e-20
5377.5 3.0575999e-16 1e-20
5379.0 2.9479799e-16 1e-20
5380.5 3.47626e-16 1e-20
5382.0 3.3904902e-16 1e-20
5383.5 3.1957701e-16 1e-20
5385.0 3.3019901e-16 1e-20
5386.5 3.2553101e-16 1e-20
5388.0 3.3761799e-16 1e-20
5389.5 3.2072101e-16 1e-20
5391.0 3.4517501e-16 1e-20
5392.5 3.1866999e-16 1e-20
5394.0 3.1386901e-16 1e-20
5395.5 3.0483699e-16 1e-20
5397.0 3.3931899e-16 1e-20
5398.5 3.4023101e-16 1e-20
5400.0 3.3608499e-16 1e-20
5401.5 3.5636299e-16 1e-20
5403.0 2.9184099e-16 1e-20
5404.5 2.7995802e-16 1e-20
5406.0 3.2944701e-16 1e-20
5407.5 3.2729798e-16 1e-20
5409.0 3.1036698e-16 1e-20
5410.5 3.4959302e-16 1e-20
5412.0 3.7149301e-16 1e-20
5413.5 3.4823901e-16 1e-20
5415.0 3.1738401e-16 1e-20
5416.5 3.5950601e-16 1e-20
5418.0 3.4505298e-16 1e-20
5419.5 3.4224199e-16 1e-20
5421.0 3.3896501e-16 1e-20
5422.5 3.36037e-16 1e-20
5424.0 3.3964099e-16 1e-20
5425.5 2.94462e-16 1e-20
5427.0 3.6223001e-16 1e-20
5428.5 3.7927099e-16 1e-20
5430.0 4.0681698e-16 1e-20
5431.5 3.45681e-16 1e-20
5433.0 3.7178002e-16 1e-20
5434.5 3.5378102e-16 1e-20
5436.0 3.71365e-16 1e-20
5437.5 3.0276099e-16 1e-20
5439.0 3.19924e-16 1e-20
5440.5 2.93253e-16 1e-20
5442.0 3.2241401e-16 1e-20
5443.5 3.7711201e-16 1e-20
5445.0 3.7073999e-16 1e-20
5446.5 3.71854e-16 1e-20
5448.0 3.3833302e-16 1e-20
5449.5 3.60757e-16 1e-20
5451.0 3.3082301e-16 1e-20
5452.5 3.05965e-16 1e-20
5454.0 3.0737799e-16 1e-20
5455.5 3.15065e-16 1e-20
5457.0 2.9011299e-16 1e-20
5458.5 2.8944201e-16 1e-20
5460.0 3.54823e-16 1e-20
5461.5 3.41324e-16 1e-20
5463.0 3.3331998e-16 1e-20
5464.5 3.7421701e-16 1e-20
5466.0 3.4677899e-16 1e-20
5467.5 2.9519702e-16 1e-20
5469.0 3.1045499e-16 1e-20
5470.5 3.27135e-16 1e-20
5472.0 3.5408899e-16 1e-20
5473.5 3.2086302e-16 1e-20
5475.0 3.1313299e-16 1e-20
5476.5 3.4414102e-16 1e-20
5478.0 3.5110302e-16 1e-20
5479.5 3.25764e-16 1e-20
5481.0 3.1887201e-16 1e-20
5482.5 3.0826499e-16 1e-20
5484.0 2.83206e-16 1e-20
5485.5 2.9857501e-16 1e-20
5487.0 3.13293e-16 1e-20
5488.5 3.3164e-16 1e-20
5490.0 3.0828301e-16 1e-20
5491.5 2.7548998e-16 1e-20
5493.0 3.4618898e-16 1e-20
5494.5 3.39348e-16 1e-20
5496.0 3.2602902e-16 1e-20
5497.5 3.2868401e-16 1e-20
5499.0 3.4518099e-16 1e-20
5500.5 3.5066598e-16 1e-20
5502.0 3.3181801e-16 1e-20
5503.5 2.9086598e-16 1e-20
5505.0 3.46418e-16 1e-20
5506.5 3.0632902e-16 1e-20
5508.0 2.4877501e-16 1e-20
5509.5 3.3712801e-16 1e-20
5511.0 3.2744301e-16 1e-20
5512.5 2.8058602e-16 1e-20
5514.0 3.31861e-16 1e-20
5515.5 2.8312399e-16 1e-20
5517.0 3.0879399e-16 1e-20
5518.5 3.4662499e-16 1e-20
5520.0 3.3753299e-16 1e-20
5521.5 3.12026e-16 1e-20
5523.0 3.2330901e-16 1e-20
5524.5 3.2396099e-16 1e-20
5526.0 2.9388899e-16 1e-20
5527.5 2.91466e-16 1e-20
5529.0 3.2276699e-16 1e-20
5530.5 3.31767e-16 1e-20
5532.0 3.4656501e-16 1e-20
5533.5 3.0761899e-16 1e-20
5535.0 3.0541398e-16 1e-20
5536.5 2.9393301e-16 1e-20
5538.0 3.5295701e-16 1e-20
5539.5 3.6155098e-16 1e-20
5541.0 3.09321e-16 1e-20
5542.5 2.5229999e-16 1e-20
5544.0 2.2338501e-16 1e-20
5545.5 2.6684299e-16 1e-20
5547.0 2.75246e-16 1e-20
5548.5 2.9872001e-16 1e-20
5550.0 2.9134302e-16 1e-20
5551.5 3.0832298e-16 1e-20
5553.0 3.0874099e-16 1e-20
5554.5 2.8770501e-16 1e-20
5556.0 3.2903098e-16 1e-20
5557.5 3.04368e-16 1e-20
5559.0 2.7579001e-16 1e-20
5560.5 3.0209401e-16 1e-20
5562.0 3.2338802e-16 1e-20
5563.5 2.9994101e-16 1e-20
5565.0 2.6872102e-16 1e-20
5566.5 3.0351499e-16 1e-20
5568.0 3.0572e-16 1e-20
5569.5 3.1693802e-16 1e-20
5571.0 2.55916e-16 1e-20
5572.5 2.4714698e-16 1e-20
5574.0 2.7790399e-16 1e-20
5575.5 2.91666e-16 1e-20
5577.0 3.0801998e-16 1e-20
5578.5 2.82312e-16 1e-20
5580.0 2.9122001e-16 1e-20
5581.5 2.47567e-16 1e-20
5583.0 2.0417e-16 1e-20
5584.5 2.93181e-16 1e-20
5586.0 3.2419199e-16 1e-20
5587.5 2.77725e-16 1e-20
5589.0 2.81461e-16 1e-20
5590.5 2.69699e-16 1e-20
5592.0 2.8309803e-16 1e-20
5593.5 3.4454399e-16 1e-20
5595.0 3.4235799e-16 1e-20
5596.5 3.0975402e-16 1e-20
5598.0 2.7976201e-16 1e-20
5599.5 2.7112699e-16 1e-20
5601.0 3.07394e-16 1e-20
5602.5 2.78322e-16 1e-20
5604.0 2.58536e-16 1e-20
5605.5 2.83166e-16 1e-20
5607.0 3.0001701e-16 1e-20
5608.5 3.1185201e-16 1e-20
5610.0 2.5391298e-16 1e-20
5611.5 2.13421e-16 1e-20
5613.0 2.3799101e-16 1e-20
5614.5 2.8489101e-16 1e-20
5616.0 2.9246399e-16 1e-20
5617.5 2.76056e-16 1e-20
5619.0 2.91512e-16 1e-20
5620.5 2.9807201e-16 1e-20
5622.0 2.9460799e-16 1e-20
5623.5 2.82022e-16 1e-20
5625.0 2.92168e-16 1e-20
5626.5 3.0654498e-16 1e-20
5628.0 2.48055e-16 1e-20
5629.5 2.6637198e-16 1e-20
5631.0 2.8053099e-16 1e-20
5632.5 2.5462202e-16 1e-20
5634.0 2.6409301e-16 1e-20
5635.5 2.9648101e-16 1e-20
5637.0 2.8031002e-16 1e-20
5638.5 3.26348e-16 1e-20
5640.0 3.05991e-16 1e-20
5641.5 2.36216e-16 1e-20
5643.0 2.5641302e-16 1e-20
5644.5 2.4856701e-16 1e-20
5646.0 2.44984e-16 1e-20
5647.5 2.9203298e-16 1e-20
5649.0 2.73215e-16 1e-20
5650.5 2.9728498e-16 1e-20
5652.0 2.9796599e-16 1e-20
5653.5 2.7921599e-16 1e-20
5655.0 2.39963e-16 1e-20
5656.5 2.5513802e-16 1e-20
5658.0 2.72613e-16 1e-20
5659.5 2.8692601e-16 1e-20
5661.0 2.8696002e-16 1e-20
5662.5 3.1009998e-16 1e-20
5664.0 2.6567101e-16 1e-20
5665.5 2.61621e-16 1e-20
5667.0 2.58721e-16 1e-20
5668.5 2.20563e-16 1e-20
5670.0 2.9889299e-16 1e-20
5671.5 3.5585101e-16 1e-20
5673.0 2.8239398e-16 1e-20
5674.5 2.4682201e-16 1e-20
5676.0 2.60391e-16 1e-20
5677.5 2.4791601e-16 1e-20
5679.0 2.5771099e-16 1e-20
5680.5 2.66362e-16 1e-20
5682.0 2.68506e-16 1e-20
5683.5 3.1307799e-16 1e-20
5685.0 2.9951302e-16 1e-20
5686.5 2.9622399e-16 1e-20
5688.0 3.13035e-16 1e-20
5689.5 2.8931999e-16 1e-20
5691.0 2.85649e-16 1e-20
5692.5 2.6089999e-16 1e-20
5694.0 2.6775598e-16 1e-20
5695.5 2.08674e-16 1e-20
5697.0 2.56504e-16 1e-20
5698.5 2.7034102e-16 1e-20
5700.0 2.4667201e-16 1e-20
5701.5 2.0598e-16 1e-20
5703.0 2.4483299e-16 1e-20
5704.5 2.7618899e-16 1e-20
5706.0 2.36208e-16 1e-20
5707.5 2.2740601e-16 1e-20
5709.0 2.4774999e-16 1e-20
5710.5 2.60286e-16 1e-20
5712.0 2.6858999e-16 1e-20
5713.5 2.75327e-16 1e-20
5715.0 2.4340699e-16 1e-20
5716.5 2.3999299e-16 1e-20
5718.0 2.7016801e-16 1e-20
5719.5 2.8248101e-16 1e-20
5721.0 2.58373e-16 1e-20
5722.5 2.24451e-16 1e-20
5724.0 2.5430499e-16 1e-20
5725.5 1.7496499e-16 1e-20
5727.0 1.87307e-16 1e-20
5728.5 2.3138701e-16 1e-20
5730.0 2.55708e-16 1e-20
5731.5 2.5000101e-16 1e-20
5733.0 2.04587e-16 1e-20
5734.5 2.19631e-16 1e-20
5736.0 2.3315601e-16 1e-20
5737.5 2.2054e-16 1e-20
5739.0 2.5639002e-16 1e-20
5740.5 2.02264e-16 1e-20
5742.0 1.73974e-16 1e-20
5743.5 2.0400999e-16 1e-20
5745.0 2.4363301e-16 1e-20
5746.5 2.6085801e-16 1e-20
5748.0 2.5587801e-16 1e-20
5749.5 2.33752e-16 1e-20
5751.0 2.1359401e-16 1e-20
5752.5 1.6358199e-16 1e-20
5754.0 1.75937e-16 1e-20
5755.5 2.14807e-16 1e-20
5757.0 2.4488501e-16 1e-20
5758.5 2.79601e-16 1e-20
5760.0 2.6180899e-16 1e-20
5761.5 2.51778e-16 1e-20
5763.0 2.5458999e-16 1e-20
5764.5 2.62068e-16 1e-20
5766.0 2.4127299e-16 1e-20
5767.5 2.31662e-16 1e-20
5769.0 2.7171001e-16 1e-20
5770.5 2.9713699e-16 1e-20
5772.0 2.3895501e-16 1e-20
5773.5 2.1815e-16 1e-20
5775.0 2.3859801e-16 1e-20
5776.5 2.7231699e-16 1e-20
5778.0 1.9854e-16 1e-20
5779.5 1.9618701e-16 1e-20
5781.0 2.0764101e-16 1e-20
5782.5 2.48258e-16 1e-20
5784.0 2.31549e-16 1e-20
5785.5 2.15949e-16 1e-20
5787.0 2.23171e-16 1e-20
5788.5 2.5968098e-16 1e-20
5790.0 2.3125598e-16 1e-20
5791.5 2.12971e-16 1e-20
5793.0 2.42604e-16 1e-20
5794.5 2.20683e-16 1e-20
5796.0 2.0895501e-16 1e-20
5797.5 2.4856301e-16 1e-20
5799.0 2.4648201e-16 1e-20
5800.5 2.8151399e-16 1e-20
5802.0 2.7983999e-16 1e-20
5803.5 2.63304e-16 1e-20
5805.0 2.5349502e-16 1e-20
5806.5 2.4392299e-16 1e-20
5808.0 2.13697e-16 1e-20
5809.5 2.15095e-16 1e-20
5811.0 2.36049e-16 1e-20
5812.5 2.3112001e-16 1e-20
5814.0 2.0308999e-16 1e-20
5815.5 2.4157501e-16 1e-20
5817.0 2.42979e-16 1e-20
5818.5 2.1529201e-16 1e-20
5820.0 2.13289e-16 1e-20
5821.5 2.3722801e-16 1e-20
5823.0 2.5252199e-16 1e-20
5824.5 2.0174899e-16 1e-20
5826.0 1.6916e-16 1e-20
5827.5 1.97787e-16 1e-20
5829.0 2.0098201e-16 1e-20
5830.5 2.12245e-16 1e-20
5832.0 2.25654e-16 1e-20
5833.5 1.9557201e-16 1e-20
5835.0 1.84834e-16 1e-20
5836.5 1.8179799e-16 1e-20
5838.0 1.80721e-16 1e-20
5839.5 1.79644e-16 1e-20
5841.0 1.7856701e-16 1e-20
5842.5 1.7749e-16 1e-20
5844.0 1.7641299e-16 1e-20
5845.5 1.7533601e-16 1e-20
5847.0 1.74259e-16 1e-20
5848.5 1.74259e-16 1e-20
5850.0 2.07737e-16 1e-20
5851.5 1.39936e-16 1e-20
5853.0 1.6964101e-16 1e-20
5854.5 2.4058798e-16 1e-20
5856.0 2.0242301e-16 1e-20
5857.5 2.12252e-16 1e-20
5859.0 2.3832201e-16 1e-20
5860.5 2.22267e-16 1e-20
5862.0 2.24474e-16 1e-20
5863.5 1.9831801e-16 1e-20
5865.0 1.8023501e-16 1e-20
5866.5 1.90256e-16 1e-20
5868.0 2.19217e-16 1e-20
5869.5 2.26682e-16 1e-20
5871.0 1.98421e-16 1e-20
5872.5 2.1448199e-16 1e-20
5874.0 2.20149e-16 1e-20
5875.5 2.07271e-16 1e-20
5877.0 2.2705901e-16 1e-20
5878.5 2.2913999e-16 1e-20
5880.0 1.79126e-16 1e-20
5881.5 2.0116999e-16 1e-20
5883.0 2.2168601e-16 1e-20
5884.5 2.21934e-16 1e-20
5886.0 2.13896e-16 1e-20
5887.5 1.8073501e-16 1e-20
5889.0 1.7123e-16 1e-20
5890.5 1.82105e-16 1e-20
5892.0 2.16747e-16 1e-20
5893.5 2.6098499e-16 1e-20
5895.0 2.3133301e-16 1e-20
5896.5 1.63613e-16 1e-20
5898.0 1.6277201e-16 1e-20
5899.5 1.91276e-16 1e-20
5901.0 2.0234901e-16 1e-20
5902.5 1.76192e-16 1e-20
5904.0 1.90064e-16 1e-20
5905.5 2.2586901e-16 1e-20
5907.0 1.76812e-16 1e-20
5908.5 1.7340199e-16 1e-20
5910.0 2.1036201e-16 1e-20
5911.5 2.6940701e-16 1e-20
5913.0 2.4846499e-16 1e-20
5914.5 1.7972199e-16 1e-20
5916.0 2.13074e-16 1e-20
5917.5 2.3214899e-16 1e-20
5919.0 2.74762e-16 1e-20
5920.5 2.96985e-16 1e-20
5922.0 2.5402399e-16 1e-20
5923.5 2.2731201e-16 1e-20
5925.0 2.9406602e-16 1e-20
5926.5 2.08536e-16 1e-20
5928.0 1.90905e-16 1e-20
5929.5 2.2664201e-16 1e-20
5931.0 2.3678499e-16 1e-20
5932.5 2.4839101e-16 1e-20
5934.0 2.2936501e-16 1e-20
5935.5 2.4019199e-16 1e-20
5937.0 2.07169e-16 1e-20
5938.5 2.2357501e-16 1e-20
5940.0 2.3448601e-16 1e-20
5941.5 2.3071301e-16 1e-20
5943.0 2.5779302e-16 1e-20
5944.5 2.0317601e-16 1e-20
5946.0 2.0509601e-16 1e-20
5947.5 2.5632501e-16 1e-20
5949.0 2.5714401e-16 1e-20
5950.5 2.45038e-16 1e-20
5952.0 2.3919099e-16 1e-20
5953.5 2.26102e-16 1e-20
5955.0 2.4307201e-16 1e-20
5956.5 2.5193301e-16 1e-20
5958.0 2.7910702e-16 1e-20
5959.5 2.9513002e-16 1e-20
5961.0 3.0692199e-16 1e-20
5962.5 2.8148099e-16 1e-20
5964.0 2.6649001e-16 1e-20
5965.5 2.76525e-16 1e-20
5967.0 2.5628199e-16 1e-20
5968.5 2.5323299e-16 1e-20
5970.0 3.0207299e-16 1e-20
5971.5 3.0656499e-16 1e-20
5973.0 3.2020699e-16 1e-20
5974.5 3.2480601e-16 1e-20
5976.0 2.5770803e-16 1e-20
5977.5 2.9792301e-16 1e-20
5979.0 3.2235901e-16 1e-20
5980.5 2.58717e-16 1e-20
5982.0 2.1530101e-16 1e-20
5983.5 2.74834e-16 1e-20
5985.0 3.14505e-16 1e-20
5986.5 3.0847002e-16 1e-20
5988.0 3.1591401e-16 1e-20
5989.5 3.14387e-16 1e-20
5991.0 2.6534101e-16 1e-20
5992.5 3.0559901e-16 1e-20
5994.0 2.97121e-16 1e-20
5995.5 2.5896201e-16 1e-20
5997.0 2.6145398e-16 1e-20
5998.5 2.8802003e-16 1e-20
6000.0 2.7683498e-16 1e-20
6001.5 2.8330499e-16 1e-20
6003.0 2.7282899e-16 1e-20
6004.5 2.7447999e-16 1e-20
6006.0 2.44224e-16 1e-20
6007.5 2.3867901e-16 1e-20
6009.0 2.78883e-16 1e-20
6010.5 2.5973601e-16 1e-20
6012.0 2.7525101e-16 1e-20
6013.5 2.35385e-16 1e-20
6015.0 2.5623599e-16 1e-20
6016.5 2.75186e-16 1e-20
6018.0 2.8828401e-16 1e-20
6019.5 2.8715597e-16 1e-20
6021.0 2.6543599e-16 1e-20
6022.5 2.4883001e-16 1e-20
6024.0 2.5637202e-16 1e-20
6025.5 2.3884601e-16 1e-20
6027.0 2.3847501e-16 1e-20
6028.5 2.5685599e-16 1e-20
6030.0 2.6043299e-16 1e-20
6031.5 2.8133403e-16 1e-20
6033.0 2.9587599e-16 1e-20
6034.5 2.7732102e-16 1e-20
6036.0 2.9749798e-16 1e-20
6037.5 3.04137e-16 1e-20
6039.0 2.5583198e-16 1e-20
6040.5 2.7688398e-16 1e-20
6042.0 2.5378298e-16 1e-20
6043.5 2.2851501e-16 1e-20
6045.0 2.7371999e-16 1e-20
6046.5 2.5068001e-16 1e-20
6048.0 2.5443199e-16 1e-20
6049.5 2.6060001e-16 1e-20
6051.0 2.5843301e-16 1e-20
6052.5 2.49249e-16 1e-20
6054.0 2.0682e-16 1e-20
6055.5 2.8070598e-16 1e-20
6057.0 2.4897401e-16 1e-20
6058.5 2.5423199e-16 1e-20
6060.0 2.5949003e-16 1e-20
6061.5 2.5949003e-16 1e-20
6063.0 2.43513e-16 1e-20
6064.5 2.81818e-16 1e-20
6066.0 2.6077601e-16 1e-20
6067.5 2.69976e-16 1e-20
6069.0 2.9599198e-16 1e-20
6070.5 2.8022301e-16 1e-20
6072.0 2.3709601e-16 1e-20
6073.5 2.3341801e-16 1e-20
6075.0 2.46463e-16 1e-20
6076.5 2.7653e-16 1e-20
6078.0 2.7993301e-16 1e-20
6079.5 2.82388e-16 1e-20
6081.0 3.0093802e-16 1e-20
6082.5 2.8760601e-16 1e-20
6084.0 2.73328e-16 1e-20
6085.5 2.5126902e-16 1e-20
6087.0 2.45404e-16 1e-20
6088.5 2.8040502e-16 1e-20
6090.0 2.9098001e-16 1e-20
6091.5 2.60643e-16 1e-20
6093.0 2.4277899e-16 1e-20
6094.5 2.52089e-16 1e-20
6096.0 2.7306198e-16 1e-20
6097.5 2.8465e-16 1e-20
6099.0 2.8339999e-16 1e-20
6100.5 2.65213e-16 1e-20
6102.0 2.6281399e-16 1e-20
6103.5 2.7839501e-16 1e-20
6105.0 2.8116899e-16 1e-20
6106.5 2.5541699e-16 1e-20
6108.0 2.3857101e-16 1e-20
6109.5 2.5466001e-16 1e-20
6111.0 2.94484e-16 1e-20
6112.5 2.6228402e-16 1e-20
6114.0 2.78222e-16 1e-20
6115.5 2.84591e-16 1e-20
6117.0 2.4297601e-16 1e-20
6118.5 2.6930698e-16 1e-20
6120.0 3.0741798e-16 1e-20
6121.5 2.5450301e-16 1e-20
6123.0 2.6784399e-16 1e-20
6124.5 3.01925e-16 1e-20
6126.0 2.6629001e-16 1e-20
6127.5 2.66638e-16 1e-20
6129.0 3.0615601e-16 1e-20
6130.5 2.55858e-16 1e-20
6132.0 2.25794e-16 1e-20
6133.5 2.7045598e-16 1e-20
6135.0 2.5486001e-16 1e-20
6136.5 2.2642901e-16 1e-20
6138.0 2.5979599e-16 1e-20
6139.5 2.4158798e-16 1e-20
6141.0 2.1144e-16 1e-20
6142.5 2.2191199e-16 1e-20
6144.0 2.6099899e-16 1e-20
6145.5 2.00085e-16 1e-20
6147.0 1.91504e-16 1e-20
6148.5 1.7929301e-16 1e-20
6150.0 1.85518e-16 1e-20
6151.5 2.0876699e-16 1e-20
6153.0 2.13516e-16 1e-20
6154.5 1.9957601e-16 1e-20
6156.0 2.3183101e-16 1e-20
6157.5 2.2916601e-16 1e-20
6159.0 1.871e-16 1e-20
6160.5 1.91845e-16 1e-20
6162.0 2.1813301e-16 1e-20
6163.5 1.6902801e-16 1e-20
6165.0 1.69842e-16 1e-20
6166.5 1.80868e-16 1e-20
6168.0 1.59713e-16 1e-20
6169.5 1.68246e-16 1e-20
6171.0 1.8687799e-16 1e-20
6172.5 1.7900001e-16 1e-20
6174.0 1.6743299e-16 1e-20
6175.5 1.52629e-16 1e-20
6177.0 1.73512e-16 1e-20
6178.5 1.55681e-16 1e-20
6180.0 1.4013199e-16 1e-20
6181.5 9.2061e-17 1e-20
6183.0 1.43592e-16 1e-20
6184.5 1.4145801e-16 1e-20
6186.0 1.51098e-16 1e-20
6187.5 1.3142701e-16 1e-20
6189.0 1.29185e-16 1e-20
6190.5 1.2662899e-16 1e-20
6192.0 1.62559e-16 1e-20
6193.5 1.2907501e-16 1e-20
6195.0 1.2472301e-16 1e-20
6196.5 1.65609e-16 1e-20
6198.0 1.47928e-16 1e-20
6199.5 1.56542e-16 1e-20
6201.0 1.86332e-16 1e-20
6202.5 1.74317e-16 1e-20
6204.0 1.6507199e-16 1e-20
6205.5 1.57913e-16 1e-20
6207.0 1.27103e-16 1e-20
6208.5 1.46056e-16 1e-20
6210.0 1.91332e-16 1e-20
6211.5 1.89978e-16 1e-20
6213.0 1.72962e-16 1e-20
6214.5 1.56102e-16 1e-20
6216.0 1.3257601e-16 1e-20
6217.5 1.3783599e-16 1e-20
6219.0 1.35947e-16 1e-20
6220.5 1.37476e-16 1e-20
6222.0 1.5132799e-16 1e-20
6223.5 1.5602601e-16 1e-20
6225.0 1.4259801e-16 1e-20
6226.5 1.3057799e-16 1e-20
6228.0 1.52043e-16 1e-20
6229.5 1.78278e-16 1e-20
6231.0 1.62757e-16 1e-20
6232.5 1.3885001e-16 1e-20
6234.0 1.61884e-16 1e-20
6235.5 1.7878699e-16 1e-20
6237.0 1.33054e-16 1e-20
6238.5 1.02029e-16 1e-20
6240.0 1.20615e-16 1e-20
6241.5 1.4256e-16 1e-20
6243.0 1.6622201e-16 1e-20
6244.5 1.7209501e-16 1e-20
6246.0 2.0532501e-16 1e-20
6247.5 1.8270501e-16 1e-20
6249.0 1.36238e-16 1e-20
6250.5 1.6297901e-16 1e-20
6252.0 1.56111e-16 1e-20
6253.5 1.4217501e-16 1e-20
6255.0 1.6220201e-16 1e-20
6256.5 1.2025401e-16 1e-20
6258.0 1.46484e-16 1e-20
6259.5 1.68376e-16 1e-20
6261.0 1.42135e-16 1e-20
6262.5 1.0523001e-16 1e-20
6264.0 1.2471401e-16 1e-20
6265.5 1.69395e-16 1e-20
6267.0 1.3250301e-16 1e-20
6268.5 1.21488e-16 1e-20
6270.0 1.27875e-16 1e-20
6271.5 1.44682e-16 1e-20
6273.0 1.5980301e-16 1e-20
6274.5 1.82493e-16 1e-20
6276.0 1.65944e-16 1e-20
6277.5 1.2957899e-16 1e-20
6279.0 1.3456e-16 1e-20
6280.5 1.5244301e-16 1e-20
6282.0 1.42606e-16 1e-20
6283.5 1.32037e-16 1e-20
6285.0 1.41741e-16 1e-20
6286.5 1.23561e-16 1e-20
6288.0 1.37942e-16 1e-20
6289.5 1.4322001e-16 1e-20
6291.0 1.5154301e-16 1e-20
6292.5 2.0321899e-16 1e-20
6294.0 2.1956199e-16 1e-20
6295.5 1.93822e-16 1e-20
6297.0 2.02465e-16 1e-20
6298.5 2.25632e-16 1e-20
6300.0 1.8371999e-16 1e-20
6301.5 1.5245401e-16 1e-20
6303.0 1.5389e-16 1e-20
6304.5 1.5764301e-16 1e-20
6306.0 1.66923e-16 1e-20
6307.5 1.7004801e-16 1e-20
6309.0 2.0431601e-16 1e-20
6310.5 1.97387e-16 1e-20
6312.0 1.7908099e-16 1e-20
6313.5 1.8253299e-16 1e-20
6315.0 2.03254e-16 1e-20
6316.5 2.2311999e-16 1e-20
6318.0 2.0860399e-16 1e-20
6319.5 1.70559e-16 1e-20
6321.0 1.92913e-16 1e-20
6322.5 2.01747e-16 1e-20
6324.0 1.9213899e-16 1e-20
6325.5 2.00968e-16 1e-20
6327.0 1.99082e-16 1e-20
6328.5 1.8696099e-16 1e-20
6330.0 1.74483e-16 1e-20
6331.5 1.81691e-16 1e-20
6333.0 1.81867e-16 1e-20
6334.5 1.6173599e-16 1e-20
6336.0 1.9067999e-16 1e-20
6337.5 1.79979e-16 1e-20
6339.0 1.53367e-16 1e-20
6340.5 1.6367599e-16 1e-20
6342.0 2.0909899e-16 1e-20
6343.5 2.2427601e-16 1e-20
6345.0 2.3240199e-16 1e-20
6346.5 1.7616601e-16 1e-20
6348.0 2.03301e-16 1e-20
6349.5 2.2245499e-16 1e-20
6351.0 2.4954099e-16 1e-20
6352.5 2.33855e-16 1e-20
6354.0 1.8064199e-16 1e-20
6355.5 1.6958199e-16 1e-20
6357.0 1.9901701e-16 1e-20
6358.5 2.4966701e-16 1e-20
6360.0 2.09107e-16 1e-20
6361.5 1.94766e-16 1e-20
6363.0 2.00547e-16 1e-20
6364.5 1.93303e-16 1e-20
6366.0 2.1800201e-16 1e-20
6367.5 2.27894e-16 1e-20
6369.0 2.3081301e-16 1e-20
6370.5 2.1209399e-16 1e-20
6372.0 2.0789599e-16 1e-20
6373.5 2.4971699e-16 1e-20
6375.0 2.5212698e-16 1e-20
6376.5 2.1807199e-16 1e-20
6378.0 1.62196e-16 1e-20
6379.5 1.96208e-16 1e-20
6381.0 2.3751701e-16 1e-20
6382.5 2.68963e-16 1e-20
6384.0 2.2718199e-16 1e-20
6385.5 1.61252e-16 1e-20
6387.0 2.15732e-16 1e-20
6388.5 2.14672e-16 1e-20
6390.0 2.3629101e-16 1e-20
6391.5 2.10917e-16 1e-20
6393.0 2.6088602e-16 1e-20
6394.5 2.21104e-16 1e-20
6396.0 2.3576299e-16 1e-20
6397.5 2.2086101e-16 1e-20
6399.0 2.3405699e-16 1e-20
6400.5 2.1151801e-16 1e-20
6402.0 1.96396e-16 1e-20
6403.5 2.2797699e-16 1e-20
6405.0 2.6137099e-16 1e-20
6406.5 2.41427e-16 1e-20
6408.0 2.2772002e-16 1e-20
6409.5 2.3912e-16 1e-20
6411.0 2.23529e-16 1e-20
6412.5 2.03561e-16 1e-20
6414.0 2.21271e-16 1e-20
6415.5 2.3320101e-16 1e-20
6417.0 2.4399001e-16 1e-20
6418.5 2.3370798e-16 1e-20
6420.0 2.40355e-16 1e-20
6421.5 2.4903899e-16 1e-20
6423.0 2.53008e-16 1e-20
6424.5 2.6056798e-16 1e-20
6426.0 2.28947e-16 1e-20
6427.5 2.2656998e-16 1e-20
6429.0 2.3740499e-16 1e-20
6430.5 2.70012e-16 1e-20
6432.0 2.8030499e-16 1e-20
6433.5 2.58957e-16 1e-20
6435.0 2.47585e-16 1e-20
6436.5 2.11655e-16 1e-20
6438.0 2.15288e-16 1e-20
6439.5 2.0165799e-16 1e-20
6441.0 1.89573e-16 1e-20
6442.5 2.19448e-16 1e-20
6444.0 2.2824999e-16 1e-20
6445.5 2.1303301e-16 1e-20
6447.0 2.5255701e-16 1e-20
6448.5 2.85224e-16 1e-20
6450.0 2.72414e-16 1e-20
6451.5 2.4532499e-16 1e-20
6453.0 2.26383e-16 1e-20
6454.5 2.3882901e-16 1e-20
6456.0 2.3144799e-16 1e-20
6457.5 2.0429499e-16 1e-20
6459.0 2.1633699e-16 1e-20
6460.5 2.24709e-16 1e-20
6462.0 2.4525201e-16 1e-20
6463.5 2.7061501e-16 1e-20
6465.0 2.62028e-16 1e-20
6466.5 2.43826e-16 1e-20
6468.0 2.42202e-16 1e-20
6469.5 1.9325501e-16 1e-20
6471.0 2.2977802e-16 1e-20
6472.5 2.16711e-16 1e-20
6474.0 2.0464701e-16 1e-20
6475.5 2.36145e-16 1e-20
6477.0 2.1908e-16 1e-20
6478.5 1.99547e-16 1e-20
6480.0 2.08861e-16 1e-20
6481.5 2.12234e-16 1e-20
6483.0 2.2208e-16 1e-20
6484.5 2.25523e-16 1e-20
6486.0 2.13713e-16 1e-20
6487.5 2.1641199e-16 1e-20
6489.0 2.19412e-16 1e-20
6490.5 2.47933e-16 1e-20
6492.0 2.4901998e-16 1e-20
6493.5 2.3876501e-16 1e-20
6495.0 2.5517201e-16 1e-20
6496.5 2.6435001e-16 1e-20
6498.0 2.58463e-16 1e-20
6499.5 2.5228802e-16 1e-20
6501.0 2.5981102e-16 1e-20
6502.5 2.4856301e-16 1e-20
6504.0 2.25075e-16 1e-20
6505.5 2.4509301e-16 1e-20
6507.0 2.7320201e-16 1e-20
6508.5 2.52361e-16 1e-20
6510.0 2.57758e-16 1e-20
6511.5 2.9918101e-16 1e-20
6513.0 2.3732699e-16 1e-20
6514.5 2.18891e-16 1e-20
6516.0 2.28698e-16 1e-20
6517.5 2.2838499e-16 1e-20
6519.0 2.6376598e-16 1e-20
6520.5 2.5311602e-16 1e-20
6522.0 2.6956202e-16 1e-20
6523.5 3.0460798e-16 1e-20
6525.0 2.1455701e-16 1e-20
6526.5 2.24026e-16 1e-20
6528.0 2.41925e-16 1e-20
6529.5 2.36221e-16 1e-20
6531.0 2.8759e-16 1e-20
6532.5 2.3198901e-16 1e-20
6534.0 2.3367699e-16 1e-20
6535.5 2.39406e-16 1e-20
6537.0 2.4237099e-16 1e-20
6538.5 2.6034799e-16 1e-20
6540.0 2.3588999e-16 1e-20
6541.5 2.28522e-16 1e-20
6543.0 2.6224802e-16 1e-20
6544.5 2.7402699e-16 1e-20
6546.0 2.5786502e-16 1e-20
6547.5 2.71613e-16 1e-20
6549.0 2.4138801e-16 1e-20
6550.5 2.4967699e-16 1e-20
6552.0 2.6062801e-16 1e-20
6553.5 2.3192501e-16 1e-20
6555.0 2.7639601e-16 1e-20
6556.5 2.6956098e-16 1e-20
6558.0 2.4052001e-16 1e-20
6559.5 2.6212901e-16 1e-20
6561.0 2.7950502e-16 1e-20
6562.5 2.6133298e-16 1e-20
6564.0 2.02169e-16 1e-20
6565.5 1.9185799e-16 1e-20
6567.0 2.2146901e-16 1e-20
6568.5 2.3938498e-16 1e-20
6570.0 2.6383001e-16 1e-20
6571.5 2.42807e-16 1e-20
6573.0 2.85442e-16 1e-20
6574.5 3.23349e-16 1e-20
6576.0 2.6052401e-16 1e-20
6577.5 2.42469e-16 1e-20
6579.0 2.2664201e-16 1e-20
6580.5 2.5302701e-16 1e-20
6582.0 2.2777801e-16 1e-20
6583.5 2.04984e-16 1e-20
6585.0 2.4285401e-16 1e-20
6586.5 2.5656199e-16 1e-20
6588.0 2.5372499e-16 1e-20
6589.5 2.3831701e-16 1e-20
6591.0 2.5894999e-16 1e-20
6592.5 2.6452e-16 1e-20
6594.0 2.24936e-16 1e-20
6595.5 2.48422e-16 1e-20
6597.0 2.7902697e-16 1e-20
6598.5 2.4055601e-16 1e-20
6600.0 2.33665e-16 1e-20
6601.5 1.89369e-16 1e-20
6603.0 2.10994e-16 1e-20
6604.5 2.3868999e-16 1e-20
6606.0 2.23357e-16 1e-20
6607.5 2.33711e-16 1e-20
6609.0 2.1867201e-16 1e-20
6610.5 2.2587401e-16 1e-20
6612.0 2.21488e-16 1e-20
6613.5 2.10539e-16 1e-20
6615.0 1.8552101e-16 1e-20
6616.5 2.44662e-16 1e-20
6618.0 2.8407299e-16 1e-20
6619.5 2.57799e-16 1e-20
6621.0 1.80689e-16 1e-20
6622.5 1.75055e-16 1e-20
6624.0 2.43766e-16 1e-20
6625.5 2.34624e-16 1e-20
6627.0 2.3277101e-16 1e-20
6628.5 2.6072201e-16 1e-20
6630.0 2.3303901e-16 1e-20
6631.5 2.0024701e-16 1e-20
6633.0 2.09576e-16 1e-20
6634.5 2.5129699e-16 1e-20
6636.0 2.6775199e-16 1e-20
6637.5 2.5859903e-16 1e-20
6639.0 2.4014199e-16 1e-20
6640.5 2.5804703e-16 1e-20
6642.0 2.4072999e-16 1e-20
6643.5 2.1983399e-16 1e-20
6645.0 2.40808e-16 1e-20
6646.5 2.3241801e-16 1e-20
6648.0 2.07871e-16 1e-20
6649.5 2.3856601e-16 1e-20
6651.0 2.5786298e-16 1e-20
6652.5 2.03804e-16 1e-20
6654.0 2.16183e-16 1e-20
6655.5 2.48729e-16 1e-20
6657.0 2.5374698e-16 1e-20
6658.5 1.8934e-16 1e-20
6660.0 1.95682e-16 1e-20
6661.5 2.56197e-16 1e-20
6663.0 2.7745599e-16 1e-20
6664.5 2.6227901e-16 1e-20
6666.0 2.5705401e-16 1e-20
6667.5 2.5976899e-16 1e-20
6669.0 1.8228599e-16 1e-20
6670.5 1.85769e-16 1e-20
6672.0 2.3008898e-16 1e-20
6673.5 2.5028699e-16 1e-20
6675.0 2.6826502e-16 1e-20
6676.5 3.1231002e-16 1e-20
6678.0 3.4162001e-16 1e-20
6679.5 3.08796e-16 1e-20
6681.0 2.8432501e-16 1e-20
6682.5 2.83166e-16 1e-20
6684.0 2.36222e-16 1e-20
6685.5 2.3149299e-16 1e-20
6687.0 2.50005e-16 1e-20
6688.5 2.4025499e-16 1e-20
6690.0 2.4483699e-16 1e-20
6691.5 2.3324302e-16 1e-20
6693.0 2.4662201e-16 1e-20
6694.5 2.30114e-16 1e-20
6696.0 2.27243e-16 1e-20
6697.5 2.63195e-16 1e-20
6699.0 2.5446299e-16 1e-20
6700.5 2.6874799e-16 1e-20
6702.0 2.8191199e-16 1e-20
6703.5 2.7400301e-16 1e-20
6705.0 2.43174e-16 1e-20
6706.5 2.09274e-16 1e-20
6708.0 2.2253898e-16 1e-20
6709.5 2.25197e-16 1e-20
6711.0 2.27066e-16 1e-20
6712.5 2.5020702e-16 1e-20
6714.0 2.7144399e-16 1e-20
6715.5 2.7474202e-16 1e-20
6717.0 2.4123999e-16 1e-20
6718.5 1.9790401e-16 1e-20
6720.0 2.0091901e-16 1e-20
6721.5 1.97315e-16 1e-20
6723.0 2.1667799e-16 1e-20
6724.5 2.1933299e-16 1e-20
6726.0 2.1474501e-16 1e-20
6727.5 2.2806701e-16 1e-20
6729.0 2.21637e-16 1e-20
6730.5 2.67348e-16 1e-20
6732.0 2.7505299e-16 1e-20
6733.5 2.3790501e-16 1e-20
6735.0 2.19485e-16 1e-20
6736.5 2.11344e-16 1e-20
6738.0 2.1540099e-16 1e-20
6739.5 2.09455e-16 1e-20
6741.0 2.34393e-16 1e-20
6742.5 2.4564e-16 1e-20
6744.0 2.1662701e-16 1e-20
6745.5 2.25342e-16 1e-20
6747.0 2.14581e-16 1e-20
6748.5 2.08526e-16 1e-20
6750.0 1.8208501e-16 1e-20
6751.5 1.9181401e-16 1e-20
6753.0 2.3172799e-16 1e-20
6754.5 2.3644001e-16 1e-20
6756.0 2.35955e-16 1e-20
6757.5 1.7567601e-16 1e-20
6759.0 1.8473799e-16 1e-20
6760.5 2.22917e-16 1e-20
6762.0 1.8404601e-16 1e-20
6763.5 1.9778401e-16 1e-20
6765.0 2.09713e-16 1e-20
6766.5 1.78617e-16 1e-20
6768.0 1.71621e-16 1e-20
6769.5 2.34194e-16 1e-20
6771.0 2.2497899e-16 1e-20
6772.5 1.9448001e-16 1e-20
6774.0 2.02014e-16 1e-20
6775.5 1.82302e-16 1e-20
6777.0 1.6175599e-16 1e-20
6778.5 1.5175299e-16 1e-20
6780.0 1.5766699e-16 1e-20
6781.5 1.71965e-16 1e-20
6783.0 1.99274e-16 1e-20
6784.5 1.81476e-16 1e-20
6786.0 1.4807899e-16 1e-20
6787.5 1.52458e-16 1e-20
6789.0 1.8512299e-16 1e-20
6790.5 2.05269e-16 1e-20
6792.0 2.0305599e-16 1e-20
6793.5 1.9446599e-16 1e-20
6795.0 1.87056e-16 1e-20
6796.5 1.6596401e-16 1e-20
6798.0 2.05227e-16 1e-20
6799.5 2.14305e-16 1e-20
6801.0 1.7544701e-16 1e-20
6802.5 1.76518e-16 1e-20
6804.0 1.9300701e-16 1e-20
6805.5 1.94216e-16 1e-20
6807.0 2.18209e-16 1e-20
6808.5 2.01854e-16 1e-20
6810.0 1.7096999e-16 1e-20
6811.5 2.02568e-16 1e-20
6813.0 2.09893e-16 1e-20
6814.5 2.16764e-16 1e-20
6816.0 1.47454e-16 1e-20
6817.5 1.90064e-16 1e-20
6819.0 2.07286e-16 1e-20
6820.5 2.3015399e-16 1e-20
6822.0 1.7518901e-16 1e-20
6823.5 1.75219e-16 1e-20
6825.0 1.98239e-16 1e-20
6826.5 1.88329e-16 1e-20
6828.0 1.7422201e-16 1e-20
6829.5 2.0547401e-16 1e-20
6831.0 2.13644e-16 1e-20
6832.5 2.2188e-16 1e-20
6834.0 1.9437601e-16 1e-20
6835.5 1.9230901e-16 1e-20
6837.0 1.9992e-16 1e-20
6838.5 1.57883e-16 1e-20
6840.0 1.60365e-16 1e-20
6841.5 2.2324199e-16 1e-20
6843.0 1.95388e-16 1e-20
6844.5 1.74175e-16 1e-20
6846.0 2.2123501e-16 1e-20
6847.5 2.2787701e-16 1e-20
6849.0 2.00829e-16 1e-20
6850.5 2.09988e-16 1e-20
6852.0 2.1246199e-16 1e-20
6853.5 2.13931e-16 1e-20
6855.0 2.35176e-16 1e-20
6856.5 1.87094e-16 1e-20
6858.0 1.87483e-16 1e-20
6859.5 1.9863801e-16 1e-20
6861.0 2.07357e-16 1e-20
6862.5 2.0673599e-16 1e-20
6864.0 2.2759301e-16 1e-20
6865.5 2.02483e-16 1e-20
6867.0 1.7477401e-16 1e-20
6868.5 1.8357e-16 1e-20
6870.0 2.2296401e-16 1e-20
6871.5 1.70056e-16 1e-20
6873.0 1.6575401e-16 1e-20
6874.5 2.07683e-16 1e-20
6876.0 2.1447e-16 1e-20
6877.5 1.7916601e-16 1e-20
6879.0 1.67238e-16 1e-20
6880.5 1.74756e-16 1e-20
6882.0 2.00911e-16 1e-20
6883.5 2.01452e-16 1e-20
6885.0 1.98048e-16 1e-20
6886.5 1.8419101e-16 1e-20
6888.0 1.62211e-16 1e-20
6889.5 1.6139699e-16 1e-20
6891.0 2.1971401e-16 1e-20
6892.5 2.17307e-16 1e-20
6894.0 1.99682e-16 1e-20
6895.5 2.0193901e-16 1e-20
6897.0 1.99138e-16 1e-20
6898.5 2.02327e-16 1e-20
6900.0 1.98918e-16 1e-20
6901.5 1.76437e-16 1e-20
6903.0 1.8687e-16 1e-20
6904.5 2.0529801e-16 1e-20
6906.0 1.62991e-16 1e-20
6907.5 1.5537e-16 1e-20
6909.0 2.02152e-16 1e-20
6910.5 2.31974e-16 1e-20
6912.0 2.3193599e-16 1e-20
6913.5 2.03949e-16 1e-20
6915.0 1.8432701e-16 1e-20
6916.5 1.85531e-16 1e-20
6918.0 2.11699e-16 1e-20
6919.5 2.0583e-16 1e-20
6921.0 1.7339299e-16 1e-20
6922.5 1.8618e-16 1e-20
6924.0 1.9362501e-16 1e-20
6925.5 1.85561e-16 1e-20
6927.0 1.99575e-16 1e-20
6928.5 1.77862e-16 1e-20
6930.0 1.78158e-16 1e-20
6931.5 1.73955e-16 1e-20
6933.0 2.1355299e-16 1e-20
6934.5 2.4542301e-16 1e-20
6936.0 2.0981901e-16 1e-20
6937.5 1.88661e-16 1e-20
6939.0 1.69325e-16 1e-20
6940.5 1.5443601e-16 1e-20
6942.0 1.7305199e-16 1e-20
6943.5 1.9130599e-16 1e-20
6945.0 1.77985e-16 1e-20
6946.5 2.1272301e-16 1e-20
6948.0 2.08508e-16 1e-20
6949.5 1.78791e-16 1e-20
6951.0 1.92671e-16 1e-20
6952.5 1.96571e-16 1e-20
6954.0 1.8184101e-16 1e-20
6955.5 2.1616501e-16 1e-20
6957.0 2.2336801e-16 1e-20
6958.5 1.7850501e-16 1e-20
6960.0 1.8225899e-16 1e-20
6961.5 1.9945099e-16 1e-20
6963.0 1.88141e-16 1e-20
6964.5 1.60905e-16 1e-20
6966.0 1.7007e-16 1e-20
6967.5 1.68642e-16 1e-20
6969.0 1.57564e-16 1e-20
6970.5 1.8196099e-16 1e-20
6972.0 1.927e-16 1e-20
6973.5 1.76487e-16 1e-20
6975.0 1.77129e-16 1e-20
6976.5 1.99081e-16 1e-20
6978.0 2.11143e-16 1e-20
6979.5 1.89315e-16 1e-20
6981.0 1.8680101e-16 1e-20
6982.5 1.90158e-16 1e-20
6984.0 1.80152e-16 1e-20
6985.5 1.7946901e-16 1e-20
6987.0 1.70443e-16 1e-20
6988.5 1.7597901e-16 1e-20
6990.0 1.9625699e-16 1e-20
6991.5 1.77841e-16 1e-20
6993.0 2.0794e-16 1e-20
6994.5 2.11899e-16 1e-20
6996.0 1.7653701e-16 1e-20
6997.5 1.7474499e-16 1e-20
6999.0 2.0771601e-16 1e-20
7000.5 1.85624e-16 1e-20
7002.0 1.6528399e-16 1e-20
7003.5 1.82704e-16 1e-20
7005.0 1.90061e-16 1e-20
7006.5 1.7216601e-16 1e-20
7008.0 1.63242e-16 1e-20
7009.5 1.54181e-16 1e-20
7011.0 1.6556901e-16 1e-20
7012.5 1.59915e-16 1e-20
7014.0 1.5311701e-16 1e-20
7015.5 1.45935e-16 1e-20
7017.0 1.6137899e-16 1e-20
7018.5 1.87877e-16 1e-20
7020.0 1.87609e-16 1e-20
7021.5 1.82864e-16 1e-20
7023.0 2.0923101e-16 1e-20
7024.5 1.64002e-16 1e-20
7026.0 1.5007899e-16 1e-20
7027.5 1.56077e-16 1e-20
7029.0 1.6758899e-16 1e-20
7030.5 1.54957e-16 1e-20
7032.0 1.9692899e-16 1e-20
7033.5 1.7971499e-16 1e-20
7035.0 1.9132701e-16 1e-20
7036.5 1.88858e-16 1e-20
7038.0 1.7678501e-16 1e-20
7039.5 1.8634599e-16 1e-20
7041.0 1.8013699e-16 1e-20
7042.5 1.96695e-16 1e-20
7044.0 1.6604801e-16 1e-20
7045.5 1.3797399e-16 1e-20
7047.0 1.80969e-16 1e-20
7048.5 2.10412e-16 1e-20
7050.0 1.89985e-16 1e-20
7051.5 1.60188e-16 1e-20
7053.0 1.96646e-16 1e-20
7054.5 1.77554e-16 1e-20
7056.0 1.59249e-16 1e-20
7057.5 1.75935e-16 1e-20
7059.0 1.98393e-16 1e-20
7060.5 2.1928901e-16 1e-20
7062.0 1.80575e-16 1e-20
7063.5 1.7354701e-16 1e-20
7065.0 2.19288e-16 1e-20
7066.5 1.9317699e-16 1e-20
7068.0 1.90686e-16 1e-20
7069.5 1.7598499e-16 1e-20
7071.0 1.78895e-16 1e-20
7072.5 1.9028201e-16 1e-20
7074.0 1.66944e-16 1e-20
7075.5 2.00533e-16 1e-20
7077.0 1.99511e-16 1e-20
7078.5 1.78242e-16 1e-20
7080.0 1.9140901e-16 1e-20
7081.5 2.13511e-16 1e-20
7083.0 1.81223e-16 1e-20
7084.5 1.6614801e-16 1e-20
7086.0 1.6854399e-16 1e-20
7087.5 2.01398e-16 1e-20
7089.0 1.94486e-16 1e-20
7090.5 1.75272e-16 1e-20
7092.0 1.8623e-16 1e-20
7093.5 1.6890299e-16 1e-20
7095.0 1.8708401e-16 1e-20
7096.5 2.12172e-16 1e-20
7098.0 1.8961001e-16 1e-20
7099.5 1.5252701e-16 1e-20
7101.0 1.40156e-16 1e-20
7102.5 1.5478399e-16 1e-20
7104.0 1.73301e-16 1e-20
7105.5 2.07377e-16 1e-20
7107.0 1.8424e-16 1e-20
7108.5 1.80124e-16 1e-20
7110.0 1.8850199e-16 1e-20
7111.5 1.8617199e-16 1e-20
7113.0 2.0026401e-16 1e-20
7114.5 1.9104201e-16 1e-20
7116.0 1.71793e-16 1e-20
7117.5 1.46918e-16 1e-20
7119.0 1.6491599e-16 1e-20
7120.5 1.69895e-16 1e-20
7122.0 1.45326e-16 1e-20
7123.5 1.61046e-16 1e-20
7125.0 1.7799399e-16 1e-20
7126.5 1.75052e-16 1e-20
7128.0 1.70795e-16 1e-20
7129.5 1.75797e-16 1e-20
7131.0 1.9344801e-16 1e-20
7132.5 1.6890401e-16 1e-20
7134.0 1.6972301e-16 1e-20
7135.5 1.8371e-16 1e-20
7137.0 1.3644101e-16 1e-20
7138.5 1.65245e-16 1e-20
7140.0 2.1072801e-16 1e-20
7141.5 1.70045e-16 1e-20
7143.0 1.8106e-16 1e-20
7144.5 1.5772399e-16 1e-20
7146.0 1.7951801e-16 1e-20
7147.5 1.64104e-16 1e-20
7149.0 1.71425e-16 1e-20
7150.5 1.92608e-16 1e-20
7152.0 1.53819e-16 1e-20
7153.5 1.5311899e-16 1e-20
7155.0 1.51437e-16 1e-20
7156.5 1.4959999e-16 1e-20
7158.0 1.8319801e-16 1e-20
7159.5 1.40617e-16 1e-20
7161.0 1.9863801e-16 1e-20
7162.5 2.2782799e-16 1e-20
7164.0 2.03401e-16 1e-20
7165.5 1.69276e-16 1e-20
7167.0 1.7705899e-16 1e-20
7168.5 1.65035e-16 1e-20
7170.0 1.78798e-16 1e-20
7171.5 1.54896e-16 1e-20
7173.0 1.44842e-16 1e-20
7174.5 1.71212e-16 1e-20
7176.0 1.6340201e-16 1e-20
7177.5 1.81734e-16 1e-20
7179.0 1.67466e-16 1e-20
7180.5 1.48768e-16 1e-20
7182.0 1.78707e-16 1e-20
7183.5 1.90572e-16 1e-20
7185.0 1.16066e-16 1e-20
7186.5 7.6179199e-17 1e-20
7188.0 1.3565401e-16 1e-20
7189.5 1.3277901e-16 1e-20
7191.0 1.36553e-16 1e-20
7192.5 1.63129e-16 1e-20
7194.0 1.84945e-16 1e-20
7195.5 1.6657799e-16 1e-20
7197.0 1.80388e-16 1e-20
7198.5 1.87272e-16 1e-20
7200.0 1.79318e-16 1e-20
7201.5 1.6632e-16 1e-20
7203.0 1.8384499e-16 1e-20
7204.5 2.18508e-16 1e-20
7206.0 1.81785e-16 1e-20
7207.5 1.6234399e-16 1e-20
7209.0 1.5994101e-16 1e-20
7210.5 1.88207e-16 1e-20
7212.0 1.98514e-16 1e-20
7213.5 1.75485e-16 1e-20
7215.0 1.34927e-16 1e-20
7216.5 1.9922001e-16 1e-20
7218.0 1.9378699e-16 1e-20
7219.5 1.2600099e-16 1e-20
7221.0 1.69581e-16 1e-20
7222.5 1.6958501e-16 1e-20
7224.0 1.45667e-16 1e-20
7225.5 1.8882801e-16 1e-20
7227.0 1.8114001e-16 1e-20
7228.5 1.2512999e-16 1e-20
7230.0 1.6925301e-16 1e-20
7231.5 2.1111899e-16 1e-20
7233.0 2.1464e-16 1e-20
7234.5 2.15148e-16 1e-20
7236.0 2.47648e-16 1e-20
7237.5 2.21061e-16 1e-20
7239.0 1.75902e-16 1e-20
7240.5 2.0863601e-16 1e-20
7242.0 1.9125301e-16 1e-20
7243.5 1.1712799e-16 1e-20
7245.0 1.2672199e-16 1e-20
7246.5 1.6639101e-16 1e-20
7248.0 1.62907e-16 1e-20
7249.5 1.66227e-16 1e-20
7251.0 1.87659e-16 1e-20
7252.5 1.95112e-16 1e-20
7254.0 1.85442e-16 1e-20
7255.5 1.91107e-16 1e-20
7257.0 1.7816401e-16 1e-20
7258.5 1.54129e-16 1e-20
7260.0 1.6449e-16 1e-20
7261.5 1.98818e-16 1e-20
7263.0 2.09447e-16 1e-20
7264.5 2.0206999e-16 1e-20
7266.0 1.9514801e-16 1e-20
7267.5 1.98607e-16 1e-20
7269.0 1.9596099e-16 1e-20
7270.5 1.78415e-16 1e-20
7272.0 1.52071e-16 1e-20
7273.5 1.28151e-16 1e-20
7275.0 1.3838901e-16 1e-20
7276.5 1.96699e-16 1e-20
7278.0 1.85509e-16 1e-20
7279.5 1.21112e-16 1e-20
7281.0 1.5735101e-16 1e-20
7282.5 1.92855e-16 1e-20
7284.0 1.8888199e-16 1e-20
7285.5 1.96881e-16 1e-20
7287.0 2.00207e-16 1e-20
7288.5 1.51722e-16 1e-20
7290.0 1.60677e-16 1e-20
7291.5 1.9173599e-16 1e-20
7293.0 1.9889199e-16 1e-20
7294.5 1.94784e-16 1e-20
7296.0 1.5338799e-16 1e-20
7297.5 1.54566e-16 1e-20
7299.0 1.92844e-16 1e-20
7300.5 1.61911e-16 1e-20
7302.0 1.3144701e-16 1e-20
7303.5 1.75476e-16 1e-20
7305.0 1.63286e-16 1e-20
7306.5 1.5549601e-16 1e-20
7308.0 1.48045e-16 1e-20
7309.5 1.48787e-16 1e-20
7311.0 1.6855e-16 1e-20
7312.5 1.6273599e-16 1e-20
7314.0 1.4831699e-16 1e-20
7315.5 1.3644799e-16 1e-20
7317.0 1.49845e-16 1e-20
7318.5 2.0851601e-16 1e-20
7320.0 2.18675e-16 1e-20
7321.5 1.67462e-16 1e-20
7323.0 1.6490101e-16 1e-20
7324.5 1.75149e-16 1e-20
7326.0 1.6686e-16 1e-20
7327.5 1.35191e-16 1e-20
7329.0 1.55566e-16 1e-20
7330.5 1.5564101e-16 1e-20
7332.0 1.429e-16 1e-20
7333.5 1.12182e-16 1e-20
7335.0 1.4487501e-16 1e-20
7336.5 1.9292e-16 1e-20
7338.0 1.95775e-16 1e-20
7339.5 1.75237e-16 1e-20
7341.0 1.83875e-16 1e-20
7342.5 2.14e-16 1e-20
7344.0 1.67901e-16 1e-20
7345.5 1.1555399e-16 1e-20
7347.0 1.2990101e-16 1e-20
7348.5 1.4173099e-16 1e-20
7350.0 1.5214201e-16 1e-20
7351.5 1.86927e-16 1e-20
7353.0 2.1718e-16 1e-20
7354.5 1.6592299e-16 1e-20
7356.0 1.51969e-16 1e-20
7357.5 1.4616401e-16 1e-20
7359.0 1.8062e-16 1e-20
7360.5 1.7049099e-16 1e-20
7362.0 1.5961e-16 1e-20
7363.5 1.34132e-16 1e-20
7365.0 1.6827101e-16 1e-20
7366.5 1.95991e-16 1e-20
7368.0 2.10871e-16 1e-20
7369.5 1.2634901e-16 1e-20
7371.0 9.5051e-17 1e-20
7372.5 1.19918e-16 1e-20
7374.0 1.4004401e-16 1e-20
7375.5 1.6245299e-16 1e-20
7377.0 1.44811e-16 1e-20
7378.5 1.39809e-16 1e-20
7380.0 1.6287001e-16 1e-20
7381.5 1.8927801e-16 1e-20
7383.0 1.8161701e-16 1e-20
7384.5 1.77898e-16 1e-20
7386.0 1.6697399e-16 1e-20
7387.5 1.65879e-16 1e-20
7389.0 1.6527499e-16 1e-20
7390.5 1.72169e-16 1e-20
7392.0 2.2498e-16 1e-20
7393.5 1.83936e-16 1e-20
7395.0 1.3637801e-16 1e-20
7396.5 1.40118e-16 1e-20
7398.0 1.5503501e-16 1e-20
7399.5 1.69827e-16 1e-20
7401.0 1.71123e-16 1e-20
7402.5 1.4932399e-16 1e-20
7404.0 1.44594e-16 1e-20
7405.5 1.5570501e-16 1e-20
7407.0 1.69448e-16 1e-20
7408.5 1.60315e-16 1e-20
7410.0 1.5348799e-16 1e-20
7411.5 1.5805199e-16 1e-20
7413.0 1.6587099e-16 1e-20
7414.5 1.83787e-16 1e-20
7416.0 1.79603e-16 1e-20
7417.5 1.67161e-16 1e-20
7419.0 1.62635e-16 1e-20
7420.5 1.4645299e-16 1e-20
7422.0 1.6852901e-16 1e-20
7423.5 1.66013e-16 1e-20
7425.0 1.66466e-16 1e-20
7426.5 1.67989e-16 1e-20
7428.0 1.4918999e-16 1e-20
7429.5 1.5921899e-16 1e-20
7431.0 1.4295001e-16 1e-20
7432.5 1.63477e-16 1e-20
7434.0 1.45613e-16 1e-20
7435.5 1.43524e-16 1e-20
7437.0 1.6035899e-16 1e-20
7438.5 1.4316299e-16 1e-20
7440.0 1.68762e-16 1e-20
7441.5 1.54683e-16 1e-20
7443.0 1.29586e-16 1e-20
7444.5 1.7095301e-16 1e-20
7446.0 1.7956101e-16 1e-20
7447.5 1.6690101e-16 1e-20
7449.0 1.5239e-16 1e-20
7450.5 1.72996e-16 1e-20
7452.0 1.89033e-16 1e-20
7453.5 1.5460301e-16 1e-20
7455.0 1.7294801e-16 1e-20
7456.5 1.86135e-16 1e-20
7458.0 1.73062e-16 1e-20
7459.5 1.6731299e-16 1e-20
7461.0 1.57151e-16 1e-20
7462.5 1.5442399e-16 1e-20
7464.0 1.56683e-16 1e-20
7465.5 1.4906099e-16 1e-20
7467.0 1.50757e-16 1e-20
7468.5 1.50245e-16 1e-20
7470.0 1.36562e-16 1e-20
7471.5 1.5298601e-16 1e-20
7473.0 1.7192601e-16 1e-20
7474.5 1.5141401e-16 1e-20
7476.0 1.6996101e-16 1e-20
7477.5 1.7776801e-16 1e-20
7479.0 1.32419e-16 1e-20
7480.5 1.4396601e-16 1e-20
7482.0 1.1156901e-16 1e-20
7483.5 1.20479e-16 1e-20
7485.0 1.23704e-16 1e-20
7486.5 1.64038e-16 1e-20
7488.0 1.75857e-16 1e-20
7489.5 1.4178499e-16 1e-20
7491.0 1.4591301e-16 1e-20
7492.5 1.20744e-16 1e-20
7494.0 1.29644e-16 1e-20
7495.5 1.6276699e-16 1e-20
7497.0 1.5608799e-16 1e-20
7498.5 1.37802e-16 1e-20
7500.0 1.46813e-16 1e-20
7501.5 1.09652e-16 1e-20
7503.0 1.40868e-16 1e-20
7504.5 1.3455001e-16 1e-20
7506.0 1.0737501e-16 1e-20
7507.5 1.2179e-16 1e-20
7509.0 1.5285701e-16 1e-20
7510.5 1.1338701e-16 1e-20
7512.0 1.13616e-16 1e-20
7513.5 1.1384599e-16 1e-20
7515.0 1.14076e-16 1e-20
7516.5 1.1430499e-16 1e-20
7518.0 1.14535e-16 1e-20
7519.5 1.1476501e-16 1e-20
7521.0 1.1476501e-16 1e-20
7522.5 1.1897e-16 1e-20
7524.0 1.3618401e-16 1e-20
7525.5 1.2373201e-16 1e-20
7527.0 1.06914e-16 1e-20
7528.5 1.04537e-16 1e-20
7530.0 1.2282101e-16 1e-20
7531.5 1.19914e-16 1e-20
7533.0 1.0903401e-16 1e-20
7534.5 1.20465e-16 1e-20
7536.0 1.10448e-16 1e-20
7537.5 9.35219e-17 1e-20
7539.0 1.0895e-16 1e-20
7540.5 7.7781103e-17 1e-20
