3475.0 2.6302666e-15 1e-20
3476.47 2.5821154e-15 1e-20
3477.94 2.1510063e-15 1e-20
3479.41 1.6491222e-15 1e-20
3480.88 1.6755097e-15 1e-20
3482.35 1.4367401e-15 1e-20
3483.82 1.1163609e-15 1e-20
3485.29 1.5465483e-15 1e-20
3486.76 1.853483e-15 1e-20
3488.23 2.1798619e-15 1e-20
3489.7 2.1406267e-15 1e-20
3491.17 1.6500838e-15 1e-20
3492.64 1.1027581e-15 1e-20
3494.11 1.418082e-15 1e-20
3495.58 1.1571177e-15 1e-20
3497.05 1.0424012e-15 1e-20
3498.52 1.2513546e-15 1e-20
3499.99 1.2120179e-15 1e-20
3501.46 1.2318854e-15 1e-20
3502.93 1.3673069e-15 1e-20
3504.4 1.5164296e-15 1e-20
3505.87 1.8926602e-15 1e-20
3507.34 1.5818665e-15 1e-20
3508.81 1.6260698e-15 1e-20
3510.28 1.8460837e-15 1e-20
3511.75 1.6509166e-15 1e-20
3513.22 1.5122525e-15 1e-20
3514.69 1.5708743e-15 1e-20
3516.16 1.7767681e-15 1e-20
3517.63 1.7110086e-15 1e-20
3519.1 1.6051981e-15 1e-20
3520.57 1.5664203e-15 1e-20
3522.04 1.9548563e-15 1e-20
3523.51 1.9902259e-15 1e-20
3524.98 1.7889543e-15 1e-20
3526.45 2.000007e-15 1e-20
3527.92 2.1472046e-15 1e-20
3529.39 1.8810628e-15 1e-20
3530.86 1.9569906e-15 1e-20
3532.33 2.1010254e-15 1e-20
3533.8 2.0666941e-15 1e-20
3535.27 2.3412169e-15 1e-20
3536.74 2.2427969e-15 1e-20
3538.21 2.1589932e-15 1e-20
3539.68 2.0503902e-15 1e-20
3541.15 2.120378e-15 1e-20
3542.62 2.0864065e-15 1e-20
3544.09 2.5062983e-15 1e-20
3545.56 2.2389664e-15 1e-20
3547.03 1.9438487e-15 1e-20
3548.5 1.8073381e-15 1e-20
3549.97 1.8977701e-15 1e-20
3551.44 2.0146416e-15 1e-20
3552.91 2.2242954e-15 1e-20
3554.38 2.1208951e-15 1e-20
3555.85 1.8194488e-15 1e-20
3557.32 1.6337331e-15 1e-20
3558.79 1.9325408e-15 1e-20
3560.26 2.0452299e-15 1e-20
3561.73 1.9604747e-15 1e-20
3563.2 2.3292654e-15 1e-20
3564.67 2.346348e-15 1e-20
3566.14 2.1201523e-15 1e-20
3567.61 2.2387117e-15 1e-20
3569.08 2.406691e-15 1e-20
3570.55 2.1936917e-15 1e-20
3572.02 2.5210561e-15 1e-20
3573.49 2.1490958e-15 1e-20
3574.96 1.828688e-15 1e-20
3576.43 1.9428672e-15 1e-20
3577.9 1.8959215e-15 1e-20
3579.37 2.0962858e-15 1e-20
3580.84 2.4746557e-15 1e-20
3582.31 2.2859912e-15 1e-20
3583.78 2.2807307e-15 1e-20
3585.25 1.9404286e-15 1e-20
3586.72 1.9651065e-15 1e-20
3588.19 2.3189645e-15 1e-20
3589.66 2.4468717e-15 1e-20
3591.13 2.1939998e-15 1e-20
3592.6 2.0526399e-15 1e-20
3594.07 1.7517517e-15 1e-20
3595.54 2.0366397e-15 1e-20
3597.01 2.0973986e-15 1e-20
3598.48 2.2994198e-15 1e-20
3599.95 1.8340923e-15 1e-20
3601.42 1.8736318e-15 1e-20
3602.89 2.3515998e-15 1e-20
3604.36 2.2293719e-15 1e-20
3605.83 2.1527482e-15 1e-20
3607.3 1.9983576e-15 1e-20
3608.77 1.8752189e-15 1e-20
3610.24 1.9765685e-15 1e-20
3611.71 2.1993119e-15 1e-20
3613.18 2.0410616e-15 1e-20
3614.65 2.2358616e-15 1e-20
3616.12 1.9599828e-15 1e-20
3617.59 2.3051803e-15 1e-20
3619.06 1.8969985e-15 1e-20
3620.53 1.7246039e-15 1e-20
3622.0 2.2082289e-15 1e-20
3623.47 2.3387283e-15 1e-20
3624.94 1.9353223e-15 1e-20
3626.41 1.9773461e-15 1e-20
3627.88 2.1439577e-15 1e-20
3629.35 1.9412036e-15 1e-20
3630.82 1.9615733e-15 1e-20
3632.29 2.1237498e-15 1e-20
3633.76 2.0848291e-15 1e-20
3635.23 2.1733495e-15 1e-20
3636.7 2.0293122e-15 1e-20
3638.17 1.8664121e-15 1e-20
3639.64 1.6327897e-15 1e-20
3641.11 1.8723898e-15 1e-20
3642.58 2.2134932e-15 1e-20
3644.05 1.4743548e-15 1e-20
3645.52 1.4869973e-15 1e-20
3646.99 1.8532712e-15 1e-20
3648.46 2.0490972e-15 1e-20
3649.93 2.1311802e-15 1e-20
3651.4 1.8892145e-15 1e-20
3652.87 1.6971845e-15 1e-20
3654.34 1.6335744e-15 1e-20
3655.81 1.850915e-15 1e-20
3657.28 1.9778348e-15 1e-20
3658.75 1.6584665e-15 1e-20
3660.22 1.165832e-15 1e-20
3661.69 1.2411185e-15 1e-20
3663.16 1.5323878e-15 1e-20
3664.63 1.5971608e-15 1e-20
3666.1 1.2877649e-15 1e-20
3667.57 1.3609598e-15 1e-20
3669.04 1.336787e-15 1e-20
3670.51 1.2256232e-15 1e-20
3671.98 1.2266171e-15 1e-20
3673.45 1.4391169e-15 1e-20
3674.92 1.130944e-15 1e-20
3676.39 9.0673892e-16 1e-20
3677.86 1.2385193e-15 1e-20
3679.33 1.2828483e-15 1e-20
3680.8 1.5463006e-15 1e-20
3682.27 1.2985921e-15 1e-20
3683.74 1.2733082e-15 1e-20
3685.21 1.2039936e-15 1e-20
3686.68 1.002672e-15 1e-20
3688.15 1.3643173e-15 1e-20
3689.62 1.2397809e-15 1e-20
3691.09 8.4225293e-16 1e-20
3692.56 9.6094649e-16 1e-20
3694.03 6.4123089e-16 1e-20
3695.5 1.1114773e-15 1e-20
3696.97 9.1942007e-16 1e-20
3698.44 1.168736e-15 1e-20
3699.91 1.1421423e-15 1e-20
3701.38 7.5697349e-16 1e-20
3702.85 9.1556183e-16 1e-20
3704.32 1.2423321e-15 1e-20
3705.79 1.1212224e-15 1e-20
3707.26 9.7337956e-16 1e-20
3708.73 8.6340509e-16 1e-20
3710.2 7.2893141e-16 1e-20
3711.67 7.5229676e-16 1e-20
3713.14 8.335575e-16 1e-20
3714.61 8.4428443e-16 1e-20
3716.08 9.2228388e-16 1e-20
3717.55 6.9241439e-16 1e-20
3719.02 9.1616778e-16 1e-20
3720.49 8.9549191e-16 1e-20
3721.96 7.215781e-16 1e-20
3723.43 1.0705639e-15 1e-20
3724.9 9.3805013e-16 1e-20
3726.37 8.2287716e-16 1e-20
3727.84 7.9340163e-16 1e-20
3729.31 6.2461432e-16 1e-20
3730.78 7.5822181e-16 1e-20
3732.25 6.2276054e-16 1e-20
3733.72 7.0608921e-16 1e-20
3735.19 7.7776111e-16 1e-20
3736.66 8.4340717e-16 1e-20
3738.13 8.7248142e-16 1e-20
3739.6 8.6219542e-16 1e-20
3741.07 6.8856785e-16 1e-20
3742.54 9.4169989e-16 1e-20
3744.01 1.141925e-15 1e-20
3745.48 7.5159685e-16 1e-20
3746.95 8.8667298e-16 1e-20
3748.42 1.2044197e-15 1e-20
3749.89 1.038759e-15 1e-20
3751.36 1.0721478e-15 1e-20
3752.83 1.3386147e-15 1e-20
3754.3 1.2590339e-15 1e-20
3755.77 9.287496e-16 1e-20
3757.24 1.0178182e-15 1e-20
3758.71 1.1291064e-15 1e-20
3760.18 9.9322025e-16 1e-20
3761.65 9.9125598e-16 1e-20
3763.12 1.1734351e-15 1e-20
3764.59 1.404504e-15 1e-20
3766.06 1.3790885e-15 1e-20
3767.53 9.1142598e-16 1e-20
3769.0 9.5682451e-16 1e-20
3770.47 1.526913e-15 1e-20
3771.94 1.0957002e-15 1e-20
3773.41 1.1853823e-15 1e-20
3774.88 1.2906869e-15 1e-20
3776.35 1.5130196e-15 1e-20
3777.82 1.4516527e-15 1e-20
3779.29 1.0151895e-15 1e-20
3780.76 1.4197624e-15 1e-20
3782.23 9.9670145e-16 1e-20
3783.7 1.3485767e-15 1e-20
3785.17 1.6220641e-15 1e-20
3786.64 9.4234755e-16 1e-20
3788.11 1.1928406e-15 1e-20
3789.58 1.3617568e-15 1e-20
3791.05 1.8372782e-15 1e-20
3792.52 1.2516804e-15 1e-20
3793.99 1.1285778e-15 1e-20
3795.46 1.5427287e-15 1e-20
3796.93 1.554803e-15 1e-20
3798.4 1.3709475e-15 1e-20
3799.87 1.3120796e-15 1e-20
3801.34 1.2990305e-15 1e-20
3802.81 1.6238928e-15 1e-20
3804.28 1.5314883e-15 1e-20
3805.75 1.3755713e-15 1e-20
3807.22 1.5742855e-15 1e-20
3808.69 1.3013013e-15 1e-20
3810.16 1.2644366e-15 1e-20
3811.63 1.3975801e-15 1e-20
3813.1 1.2744258e-15 1e-20
3814.57 1.205733e-15 1e-20
3816.04 1.2532691e-15 1e-20
3817.51 1.3530431e-15 1e-20
3818.98 1.5998481e-15 1e-20
3820.45 1.7272605e-15 1e-20
3821.92 1.5324735e-15 1e-20
3823.39 1.4182632e-15 1e-20
3824.86 1.4172747e-15 1e-20
3826.33 1.5094423e-15 1e-20
3827.8 1.9100911e-15 1e-20
3829.27 1.8393257e-15 1e-20
3830.74 1.9472119e-15 1e-20
3832.21 1.8484061e-15 1e-20
3833.68 1.5487185e-15 1e-20
3835.15 1.6117023e-15 1e-20
3836.62 1.9678879e-15 1e-20
3838.09 2.0397248e-15 1e-20
3839.56 2.0341524e-15 1e-20
3841.03 2.1177372e-15 1e-20
3842.5 2.4239862e-15 1e-20
3843.97 2.3165915e-15 1e-20
3845.44 2.127981e-15 1e-20
3846.91 2.2838297e-15 1e-20
3848.38 2.2831288e-15 1e-20
3849.85 1.9572795e-15 1e-20
3851.32 1.8011783e-15 1e-20
3852.79 2.4757502e-15 1e-20
3854.26 2.6314095e-15 1e-20
3855.73 2.393764e-15 1e-20
3857.2 2.1519588e-15 1e-20
3858.67 2.667967e-15 1e-20
3860.14 2.5561875e-15 1e-20
3861.61 2.6644954e-15 1e-20
3863.08 2.6670579e-15 1e-20
3864.55 2.5903079e-15 1e-20
3866.02 2.6077095e-15 1e-20
3867.49 2.5338192e-15 1e-20
3868.96 2.8511724e-15 1e-20
3870.43 2.5962369e-15 1e-20
3871.9 2.3894149e-15 1e-20
3873.37 2.6682404e-15 1e-20
3874.84 2.6081214e-15 1e-20
3876.31 2.9005578e-15 1e-20
3877.78 2.8471795e-15 1e-20
3879.25 2.8587993e-15 1e-20
3880.72 2.7477006e-15 1e-20
3882.19 2.8989266e-15 1e-20
3883.66 3.0533259e-15 1e-20
3885.13 2.6265672e-15 1e-20
3886.6 2.6350653e-15 1e-20
3888.07 2.84055e-15 1e-20
3889.54 2.8455356e-15 1e-20
3891.01 2.8008275e-15 1e-20
3892.48 2.8149192e-15 1e-20
3893.95 2.9418246e-15 1e-20
3895.42 3.1594536e-15 1e-20
3896.89 2.8611466e-15 1e-20
3898.36 2.8230954e-15 1e-20
3899.83 3.2385405e-15 1e-20
3901.3 3.2136269e-15 1e-20
3902.77 3.0458674e-15 1e-20
3904.24 3.2519272e-15 1e-20
3905.71 3.081504e-15 1e-20
3907.18 2.7592488e-15 1e-20
3908.65 2.8647419e-15 1e-20
3910.12 3.4517143e-15 1e-20
3911.59 3.2191375e-15 1e-20
3913.06 3.0333002e-15 1e-20
3914.53 3.2549922e-15 1e-20
3916.0 3.059566e-15 1e-20
3917.47 3.2291816e-15 1e-20
3918.94 3.5553784e-15 1e-20
3920.41 3.5522876e-15 1e-20
3921.88 3.3156099e-15 1e-20
3923.35 3.026226e-15 1e-20
3924.82 2.8326332e-15 1e-20
3926.29 3.065058e-15 1e-20
3927.76 3.1814564e-15 1e-20
3929.23 3.1960789e-15 1e-20
3930.7 3.2202285e-15 1e-20
3932.17 3.2237794e-15 1e-20
3933.64 3.4622131e-15 1e-20
3935.11 3.2863157e-15 1e-20
3936.58 3.2787944e-15 1e-20
3938.05 3.3801072e-15 1e-20
3939.52 3.133253e-15 1e-20
3940.99 2.8313607e-15 1e-20
3942.46 3.2473879e-15 1e-20
3943.93 3.4798233e-15 1e-20
3945.4 3.529891e-15 1e-20
3946.87 3.6365602e-15 1e-20
3948.34 3.5291596e-15 1e-20
3949.81 3.3617994e-15 1e-20
3951.28 3.2709539e-15 1e-20
3952.75 3.1769976e-15 1e-20
3954.22 3.1693779e-15 1e-20
3955.69 3.0780328e-15 1e-20
3957.16 3.1717596e-15 1e-20
3958.63 3.064202e-15 1e-20
3960.1 2.9556709e-15 1e-20
3961.57 3.2398635e-15 1e-20
3963.04 3.2065851e-15 1e-20
3964.51 3.1878379e-15 1e-20
3965.98 3.3496072e-15 1e-20
3967.45 3.0701071e-15 1e-20
3968.92 2.9514636e-15 1e-20
3970.39 2.7467508e-15 1e-20
3971.86 2.9169043e-15 1e-20
3973.33 3.0792384e-15 1e-20
3974.8 3.1246664e-15 1e-20
3976.27 2.8483164e-15 1e-20
3977.74 2.9233186e-15 1e-20
3979.21 3.113461e-15 1e-20
3980.68 3.0404199e-15 1e-20
3982.15 3.0488119e-15 1e-20
3983.62 2.7663509e-15 1e-20
3985.09 2.8378962e-15 1e-20
3986.56 3.1244957e-15 1e-20
3988.03 3.1135347e-15 1e-20
3989.5 2.722975e-15 1e-20
3990.97 2.8075159e-15 1e-20
3992.44 2.8070744e-15 1e-20
3993.91 2.6121414e-15 1e-20
3995.38 2.7811363e-15 1e-20
3996.85 2.7418556e-15 1e-20
3998.32 2.7362874e-15 1e-20
3999.79 3.0327155e-15 1e-20
4001.26 2.959117e-15 1e-20
4002.73 2.6513487e-15 1e-20
4004.2 2.9351689e-15 1e-20
4005.67 2.9697405e-15 1e-20
4007.14 2.8713796e-15 1e-20
4008.61 2.8920331e-15 1e-20
4010.08 2.952975e-15 1e-20
4011.55 2.7488964e-15 1e-20
4013.02 2.7567346e-15 1e-20
4014.49 2.5605397e-15 1e-20
4015.96 2.5027007e-15 1e-20
4017.43 2.6327173e-15 1e-20
4018.9 2.9330707e-15 1e-20
4020.37 3.0129614e-15 1e-20
4021.84 2.965143e-15 1e-20
4023.31 2.8140228e-15 1e-20
4024.78 2.7263608e-15 1e-20
4026.25 2.6873262e-15 1e-20
4027.72 3.1207531e-15 1e-20
4029.19 2.7717758e-15 1e-20
4030.66 2.5219508e-15 1e-20
4032.13 3.0705993e-15 1e-20
4033.6 3.2114022e-15 1e-20
4035.07 2.9996073e-15 1e-20
4036.54 2.9647083e-15 1e-20
4038.01 2.9432527e-15 1e-20
4039.48 2.8443157e-15 1e-20
4040.95 2.8779088e-15 1e-20
4042.42 2.6533834e-15 1e-20
4043.89 2.7250617e-15 1e-20
4045.36 2.8134041e-15 1e-20
4046.83 2.8725267e-15 1e-20
4048.3 3.3205432e-15 1e-20
4049.77 3.33373e-15 1e-20
4051.24 3.0127992e-15 1e-20
4052.71 3.4189432e-15 1e-20
4054.18 3.479702e-15 1e-20
4055.65 2.929312e-15 1e-20
4057.12 3.1006344e-15 1e-20
4058.59 3.3719393e-15 1e-20
4060.06 3.043765e-15 1e-20
4061.53 2.8916479e-15 1e-20
4063.0 3.3867276e-15 1e-20
4064.47 3.2106735e-15 1e-20
4065.94 3.1040041e-15 1e-20
4067.41 3.1420137e-15 1e-20
4068.88 3.0396313e-15 1e-20
4070.35 3.1369126e-15 1e-20
4071.82 3.397626e-15 1e-20
4073.29 3.3217733e-15 1e-20
4074.76 3.5893038e-15 1e-20
4076.23 3.2933878e-15 1e-20
4077.7 3.4018537e-15 1e-20
4079.17 3.3996387e-15 1e-20
4080.64 3.3243561e-15 1e-20
4082.11 3.5264796e-15 1e-20
4083.58 3.4047006e-15 1e-20
4085.05 3.3862812e-15 1e-20
4086.52 3.4672902e-15 1e-20
4087.99 3.6346252e-15 1e-20
4089.46 3.3242356e-15 1e-20
4090.93 3.1406461e-15 1e-20
4092.4 3.5963249e-15 1e-20
4093.87 3.8427657e-15 1e-20
4095.34 3.4083049e-15 1e-20
4096.81 3.281344e-15 1e-20
4098.28 3.4152828e-15 1e-20
4099.75 3.4519888e-15 1e-20
4101.22 3.3738055e-15 1e-20
4102.69 3.3236124e-15 1e-20
4104.16 3.3763197e-15 1e-20
4105.63 3.6893414e-15 1e-20
4107.1 3.7621455e-15 1e-20
4108.57 3.9670509e-15 1e-20
4110.04 3.6517602e-15 1e-20
4111.51 3.1834475e-15 1e-20
4112.98 3.4195328e-15 1e-20
4114.45 3.4731305e-15 1e-20
4115.92 3.6501182e-15 1e-20
4117.39 3.1224656e-15 1e-20
4118.86 3.5761596e-15 1e-20
4120.33 3.3339126e-15 1e-20
4121.8 3.4766061e-15 1e-20
4123.27 3.5853401e-15 1e-20
4124.74 3.365634e-15 1e-20
4126.21 3.652271e-15 1e-20
4127.68 3.7475063e-15 1e-20
4129.15 3.3111623e-15 1e-20
4130.62 3.2507123e-15 1e-20
4132.09 3.2568819e-15 1e-20
4133.56 3.371229e-15 1e-20
4135.03 3.4593217e-15 1e-20
4136.5 3.236107e-15 1e-20
4137.97 3.0594019e-15 1e-20
4139.44 3.4647112e-15 1e-20
4140.91 3.4157819e-15 1e-20
4142.38 3.601133e-15 1e-20
4143.85 3.1541756e-15 1e-20
4145.32 3.2833026e-15 1e-20
4146.79 3.4437431e-15 1e-20
4148.26 3.5505709e-15 1e-20
4149.73 3.2939138e-15 1e-20
4151.2 3.2167861e-15 1e-20
4152.67 3.1392674e-15 1e-20
4154.14 3.4310149e-15 1e-20
4155.61 3.5396613e-15 1e-20
4157.08 3.3983779e-15 1e-20
4158.55 3.2600668e-15 1e-20
4160.02 3.3380948e-15 1e-20
4161.49 3.0652894e-15 1e-20
4162.96 3.0762583e-15 1e-20
4164.43 3.4914188e-15 1e-20
4165.9 3.3333876e-15 1e-20
4167.37 3.153934e-15 1e-20
4168.84 3.2894772e-15 1e-20
4170.31 3.2141116e-15 1e-20
4171.78 3.2777384e-15 1e-20
4173.25 3.5865086e-15 1e-20
4174.72 3.3748605e-15 1e-20
4176.19 3.6148673e-15 1e-20
4177.66 3.3501326e-15 1e-20
4179.13 3.3893318e-15 1e-20
4180.6 3.540329e-15 1e-20
4182.07 3.1224656e-15 1e-20
4183.54 3.2449678e-15 1e-20
4185.01 3.4814522e-15 1e-20
4186.48 3.1314696e-15 1e-20
4187.95 3.1312015e-15 1e-20
4189.42 3.2642416e-15 1e-20
4190.89 3.2416072e-15 1e-20
4192.36 3.0541211e-15 1e-20
4193.83 3.0675364e-15 1e-20
4195.3 3.0578372e-15 1e-20
4196.77 3.0770081e-15 1e-20
4198.24 3.2086087e-15 1e-20
4199.71 3.3775072e-15 1e-20
4201.18 3.4252511e-15 1e-20
4202.65 3.1277507e-15 1e-20
4204.12 3.1720192e-15 1e-20
4205.59 3.034986e-15 1e-20
4207.06 2.728298e-15 1e-20
4208.53 3.0159991e-15 1e-20
4210.0 3.2041077e-15 1e-20
4211.47 2.9722274e-15 1e-20
4212.94 3.1821279e-15 1e-20
4214.41 3.1817715e-15 1e-20
4215.88 3.068355e-15 1e-20
4217.35 3.0192297e-15 1e-20
4218.82 3.1993106e-15 1e-20
4220.29 3.136044e-15 1e-20
4221.76 3.0949953e-15 1e-20
4223.23 3.0702638e-15 1e-20
4224.7 3.0424206e-15 1e-20
4226.17 2.9425156e-15 1e-20
4227.64 2.9570204e-15 1e-20
4229.11 3.0211374e-15 1e-20
4230.58 2.9839503e-15 1e-20
4232.05 3.0899167e-15 1e-20
4233.52 2.7466515e-15 1e-20
4234.99 2.7899497e-15 1e-20
4236.46 2.9224636e-15 1e-20
4237.93 2.7975664e-15 1e-20
4239.4 2.8716634e-15 1e-20
4240.87 2.8158986e-15 1e-20
4242.34 2.6737563e-15 1e-20
4243.81 2.696764e-15 1e-20
4245.28 2.6037124e-15 1e-20
4246.75 2.8107444e-15 1e-20
4248.22 2.6078107e-15 1e-20
4249.69 2.8165002e-15 1e-20
4251.16 2.8683028e-15 1e-20
4252.63 2.9309847e-15 1e-20
4254.1 2.687237e-15 1e-20
4255.57 2.67927e-15 1e-20
4257.04 2.8673781e-15 1e-20
4258.51 3.071873e-15 1e-20
4259.98 2.7625872e-15 1e-20
4261.45 2.8034969e-15 1e-20
4262.92 2.8385387e-15 1e-20
4264.39 2.7594491e-15 1e-20
4265.86 2.5894852e-15 1e-20
4267.33 2.8887561e-15 1e-20
4268.8 2.6346312e-15 1e-20
4270.27 2.5209066e-15 1e-20
4271.74 2.507623e-15 1e-20
4273.21 2.6702131e-15 1e-20
4274.68 2.5594227e-15 1e-20
4276.15 2.4888231e-15 1e-20
4277.62 3.0225395e-15 1e-20
4279.09 2.7066766e-15 1e-20
4280.56 2.4287605e-15 1e-20
4282.03 2.3375683e-15 1e-20
4283.5 2.4307091e-15 1e-20
4284.97 2.7065331e-15 1e-20
4286.44 2.8569725e-15 1e-20
4287.91 2.9410958e-15 1e-20
4289.38 2.7183816e-15 1e-20
4290.85 2.4830426e-15 1e-20
4292.32 2.4870505e-15 1e-20
4293.79 2.5233514e-15 1e-20
4295.26 2.343345e-15 1e-20
4296.73 2.5294833e-15 1e-20
4298.2 2.4396165e-15 1e-20
4299.67 2.3556497e-15 1e-20
4301.14 2.4643104e-15 1e-20
4302.61 2.474053e-15 1e-20
4304.08 2.2550118e-15 1e-20
4305.55 2.1250913e-15 1e-20
4307.02 2.1192207e-15 1e-20
4308.49 2.0983062e-15 1e-20
4309.96 2.2410825e-15 1e-20
4311.43 2.2368819e-15 1e-20
4312.9 2.22006e-15 1e-20
4314.37 2.3823261e-15 1e-20
4315.84 2.2718146e-15 1e-20
4317.31 2.1305155e-15 1e-20
4318.78 2.1864017e-15 1e-20
4320.25 2.4591452e-15 1e-20
4321.72 2.170041e-15 1e-20
4323.19 2.0450694e-15 1e-20
4324.66 2.1354162e-15 1e-20
4326.13 2.1058092e-15 1e-20
4327.6 2.0742624e-15 1e-20
4329.07 2.0657931e-15 1e-20
4330.54 2.2720712e-15 1e-20
4332.01 2.2820516e-15 1e-20
4333.48 2.1777744e-15 1e-20
4334.95 2.3321619e-15 1e-20
4336.42 2.3013889e-15 1e-20
4337.89 2.4432907e-15 1e-20
4339.36 2.2008074e-15 1e-20
4340.83 2.266387e-15 1e-20
4342.3 2.113768e-15 1e-20
4343.77 2.1672592e-15 1e-20
4345.24 2.301044e-15 1e-20
4346.71 2.2419859e-15 1e-20
4348.18 2.3840363e-15 1e-20
4349.65 2.5300584e-15 1e-20
4351.12 2.5459852e-15 1e-20
4352.59 2.5180585e-15 1e-20
4354.06 2.5776098e-15 1e-20
4355.53 2.6803081e-15 1e-20
4357.0 2.5739258e-15 1e-20
4358.47 2.5719507e-15 1e-20
4359.94 2.5175729e-15 1e-20
4361.41 2.5316496e-15 1e-20
4362.88 2.4714723e-15 1e-20
4364.35 2.4496462e-15 1e-20
4365.82 2.4809828e-15 1e-20
4367.29 2.4182316e-15 1e-20
4368.76 2.6118022e-15 1e-20
4370.23 2.6684867e-15 1e-20
4371.7 2.4530286e-15 1e-20
4373.17 2.3791722e-15 1e-20
4374.64 2.2689522e-15 1e-20
4376.11 2.3584557e-15 1e-20
4377.58 2.5439851e-15 1e-20
4379.05 2.5358837e-15 1e-20
4380.52 2.5356247e-15 1e-20
4381.99 2.5430464e-15 1e-20
4383.46 2.4896973e-15 1e-20
4384.93 2.5200431e-15 1e-20
4386.4 2.5446574e-15 1e-20
4387.87 2.5832999e-15 1e-20
4389.34 2.5856007e-15 1e-20
4390.81 2.6092977e-15 1e-20
4392.28 2.5452025e-15 1e-20
4393.75 2.415408e-15 1e-20
4395.22 2.4621441e-15 1e-20
4396.69 2.615217e-15 1e-20
4398.16 2.5946618e-15 1e-20
4399.63 2.5477017e-15 1e-20
4401.1 2.6357294e-15 1e-20
4402.57 2.3776329e-15 1e-20
4404.04 2.2796645e-15 1e-20
4405.51 2.4825221e-15 1e-20
4406.98 2.6105401e-15 1e-20
4408.45 2.7466699e-15 1e-20
4409.92 2.8373291e-15 1e-20
4411.39 2.8951806e-15 1e-20
4412.86 2.8029883e-15 1e-20
4414.33 2.6499885e-15 1e-20
4415.8 2.5920193e-15 1e-20
4417.27 2.5401099e-15 1e-20
4418.74 2.5790518e-15 1e-20
4420.21 2.5432266e-15 1e-20
4421.68 2.5546681e-15 1e-20
4423.15 2.5194044e-15 1e-20
4424.62 2.6098288e-15 1e-20
4426.09 2.4283962e-15 1e-20
4427.56 2.4186676e-15 1e-20
4429.03 2.4277904e-15 1e-20
4430.5 2.5777154e-15 1e-20
4431.97 2.864356e-15 1e-20
4433.44 2.5965524e-15 1e-20
4434.91 2.6771118e-15 1e-20
4436.38 2.7632474e-15 1e-20
4437.85 2.8434496e-15 1e-20
4439.32 2.6232676e-15 1e-20
4440.79 2.6162982e-15 1e-20
4442.26 2.8260202e-15 1e-20
4443.73 2.7033057e-15 1e-20
4445.2 2.8218642e-15 1e-20
4446.67 3.0688446e-15 1e-20
4448.14 2.9358895e-15 1e-20
4449.61 2.7095847e-15 1e-20
4451.08 2.7833221e-15 1e-20
4452.55 3.0222968e-15 1e-20
4454.02 3.0668816e-15 1e-20
4455.49 2.9982158e-15 1e-20
4456.96 2.9903162e-15 1e-20
4458.43 2.7823273e-15 1e-20
4459.9 2.8383125e-15 1e-20
4461.37 3.1324612e-15 1e-20
4462.84 3.0542003e-15 1e-20
4464.31 2.9511329e-15 1e-20
4465.78 3.0608207e-15 1e-20
4467.25 3.5075077e-15 1e-20
4468.72 3.070533e-15 1e-20
4470.19 2.8947271e-15 1e-20
4471.66 3.0616798e-15 1e-20
4473.13 3.0099504e-15 1e-20
4474.6 3.0665257e-15 1e-20
4476.07 3.015692e-15 1e-20
4477.54 3.1114616e-15 1e-20
4479.01 3.0831154e-15 1e-20
4480.48 2.8585435e-15 1e-20
4481.95 2.9754863e-15 1e-20
4483.42 3.261728e-15 1e-20
4484.89 3.1938307e-15 1e-20
4486.36 3.3475435e-15 1e-20
4487.83 3.2995925e-15 1e-20
4489.3 3.2859121e-15 1e-20
4490.77 3.3686668e-15 1e-20
4492.24 3.3376133e-15 1e-20
4493.71 3.0857431e-15 1e-20
4495.18 3.1279821e-15 1e-20
4496.65 3.1411969e-15 1e-20
4498.12 3.328456e-15 1e-20
4499.59 3.2252135e-15 1e-20
4501.06 3.0051996e-15 1e-20
4502.53 3.0690043e-15 1e-20
4504.0 3.3211565e-15 1e-20
4505.47 3.014963e-15 1e-20
4506.94 3.2555222e-15 1e-20
4508.41 3.508096e-15 1e-20
4509.88 3.4392261e-15 1e-20
4511.35 3.2361364e-15 1e-20
4512.82 3.3741312e-15 1e-20
4514.29 3.2451562e-15 1e-20
4515.76 3.4686044e-15 1e-20
4517.23 3.2903162e-15 1e-20
4518.7 3.2034936e-15 1e-20
4520.17 3.2360576e-15 1e-20
4521.64 3.3715365e-15 1e-20
4523.11 3.1833332e-15 1e-20
4524.58 3.2276635e-15 1e-20
4526.05 3.2351318e-15 1e-20
4527.52 3.3077066e-15 1e-20
4528.99 3.369553e-15 1e-20
4530.46 3.4100534e-15 1e-20
4531.93 3.2828704e-15 1e-20
4533.4 3.2974228e-15 1e-20
4534.87 3.3371734e-15 1e-20
4536.34 3.3654974e-15 1e-20
4537.81 3.1941975e-15 1e-20
4539.28 3.1377554e-15 1e-20
4540.75 3.484144e-15 1e-20
4542.22 3.4345386e-15 1e-20
4543.69 3.485919e-15 1e-20
4545.16 3.397619e-15 1e-20
4546.63 3.4079352e-15 1e-20
4548.1 3.5286795e-15 1e-20
4549.57 3.3888863e-15 1e-20
4551.04 3.1666117e-15 1e-20
4552.51 3.3415439e-15 1e-20
4553.98 3.519427e-15 1e-20
4555.45 3.4683111e-15 1e-20
4556.92 3.3323807e-15 1e-20
4558.39 3.3530068e-15 1e-20
4559.86 3.2967835e-15 1e-20
4561.33 3.2747031e-15 1e-20
4562.8 3.0585989e-15 1e-20
4564.27 3.2049975e-15 1e-20
4565.74 3.3070635e-15 1e-20
4567.21 3.404262e-15 1e-20
4568.68 3.3193428e-15 1e-20
4570.15 3.4261515e-15 1e-20
4571.62 3.2579475e-15 1e-20
4573.09 3.4442795e-15 1e-20
4574.56 3.4755274e-15 1e-20
4576.03 3.361272e-15 1e-20
4577.5 3.3210254e-15 1e-20
4578.97 3.2700651e-15 1e-20
4580.44 3.3084626e-15 1e-20
4581.91 3.3195204e-15 1e-20
4583.38 3.2323387e-15 1e-20
4584.85 3.3878724e-15 1e-20
4586.32 3.4392297e-15 1e-20
4587.79 3.2574666e-15 1e-20
4589.26 3.1987998e-15 1e-20
4590.73 3.4257712e-15 1e-20
4592.2 3.3801762e-15 1e-20
4593.67 3.2800108e-15 1e-20
4595.14 3.4543903e-15 1e-20
4596.61 3.4335906e-15 1e-20
4598.08 3.4164441e-15 1e-20
4599.55 3.4993508e-15 1e-20
4601.02 3.4446037e-15 1e-20
4602.49 3.2629314e-15 1e-20
4603.96 3.3991415e-15 1e-20
4605.43 3.4646106e-15 1e-20
4606.9 3.3140806e-15 1e-20
4608.37 3.311866e-15 1e-20
4609.84 3.3930094e-15 1e-20
4611.31 3.6339136e-15 1e-20
4612.78 3.4939023e-15 1e-20
4614.25 3.4015842e-15 1e-20
4615.72 3.2766614e-15 1e-20
4617.19 3.3410215e-15 1e-20
4618.66 3.3580913e-15 1e-20
4620.13 3.55228e-15 1e-20
4621.6 3.2107887e-15 1e-20
4623.07 3.3616468e-15 1e-20
4624.54 3.4178538e-15 1e-20
4626.01 3.4974367e-15 1e-20
4627.48 3.3376823e-15 1e-20
4628.95 3.2119661e-15 1e-20
4630.42 3.2315209e-15 1e-20
4631.89 3.3376882e-15 1e-20
4633.36 3.3603972e-15 1e-20
4634.83 3.2042877e-15 1e-20
4636.3 3.3077727e-15 1e-20
4637.77 3.3067747e-15 1e-20
4639.24 3.3303982e-15 1e-20
4640.71 3.1588743e-15 1e-20
4642.18 3.1682363e-15 1e-20
4643.65 3.0934876e-15 1e-20
4645.12 2.9768378e-15 1e-20
4646.59 3.1853339e-15 1e-20
4648.06 3.1867376e-15 1e-20
4649.53 2.9156291e-15 1e-20
4651.0 2.8578174e-15 1e-20
4652.47 2.9762847e-15 1e-20
4653.94 2.7870287e-15 1e-20
4655.41 2.7000901e-15 1e-20
4656.88 2.778169e-15 1e-20
4658.35 2.9317301e-15 1e-20
4659.82 2.8161061e-15 1e-20
4661.29 2.7304249e-15 1e-20
4662.76 2.8184934e-15 1e-20
4664.23 2.7870766e-15 1e-20
4665.7 2.8653416e-15 1e-20
4667.17 2.8405811e-15 1e-20
4668.64 2.8043541e-15 1e-20
4670.11 2.8309171e-15 1e-20
4671.58 2.7239699e-15 1e-20
4673.05 2.521411e-15 1e-20
4674.52 2.5562385e-15 1e-20
4675.99 2.7993471e-15 1e-20
4677.46 2.6472238e-15 1e-20
4678.93 2.804262e-15 1e-20
4680.4 2.8407681e-15 1e-20
4681.87 2.6820722e-15 1e-20
4683.34 2.7601513e-15 1e-20
4684.81 2.6819899e-15 1e-20
4686.28 2.8245366e-15 1e-20
4687.75 2.8303621e-15 1e-20
4689.22 2.7544745e-15 1e-20
4690.69 3.0070608e-15 1e-20
4692.16 2.8987075e-15 1e-20
4693.63 2.9603024e-15 1e-20
4695.1 2.9172084e-15 1e-20
4696.57 2.7577366e-15 1e-20
4698.04 2.7812697e-15 1e-20
4699.51 2.6246893e-15 1e-20
4700.98 2.6442171e-15 1e-20
4702.45 2.7513328e-15 1e-20
4703.92 2.813303e-15 1e-20
4705.39 2.7987557e-15 1e-20
4706.86 2.744643e-15 1e-20
4708.33 2.7435507e-15 1e-20
4709.8 2.8987551e-15 1e-20
4711.27 3.0198749e-15 1e-20
4712.74 3.0479123e-15 1e-20
4714.21 2.8178982e-15 1e-20
4715.68 2.6439757e-15 1e-20
4717.15 2.8027018e-15 1e-20
4718.62 2.7165871e-15 1e-20
4720.09 2.7048913e-15 1e-20
4721.56 2.7544404e-15 1e-20
4723.03 2.8134007e-15 1e-20
4724.5 2.8807474e-15 1e-20
4725.97 2.78868e-15 1e-20
4727.44 2.4969691e-15 1e-20
4728.91 2.4852645e-15 1e-20
4730.38 2.5806566e-15 1e-20
4731.85 2.6151297e-15 1e-20
4733.32 2.7377195e-15 1e-20
4734.79 2.6376352e-15 1e-20
4736.26 2.6787226e-15 1e-20
4737.73 2.6058191e-15 1e-20
4739.2 2.5394327e-15 1e-20
4740.67 2.4638346e-15 1e-20
4742.14 2.4044366e-15 1e-20
4743.61 2.4044858e-15 1e-20
4745.08 2.3153034e-15 1e-20
4746.55 2.2283171e-15 1e-20
4748.02 2.3935855e-15 1e-20
4749.49 2.5101104e-15 1e-20
4750.96 2.4561954e-15 1e-20
4752.43 2.4169571e-15 1e-20
4753.9 2.2135451e-15 1e-20
4755.37 2.289767e-15 1e-20
4756.84 2.2562444e-15 1e-20
4758.31 2.3501471e-15 1e-20
4759.78 2.3558731e-15 1e-20
4761.25 2.4326613e-15 1e-20
4762.72 2.3212089e-15 1e-20
4764.19 2.2329921e-15 1e-20
4765.66 2.2042156e-15 1e-20
4767.13 2.2320354e-15 1e-20
4768.6 2.1092861e-15 1e-20
4770.07 2.2766401e-15 1e-20
4771.54 2.3761366e-15 1e-20
4773.01 2.2783797e-15 1e-20
4774.48 2.3271438e-15 1e-20
4775.95 2.1512776e-15 1e-20
4777.42 2.2329711e-15 1e-20
4778.89 2.3517876e-15 1e-20
4780.36 2.4154042e-15 1e-20
4781.83 2.5301092e-15 1e-20
4783.3 2.4856349e-15 1e-20
4784.77 2.5082721e-15 1e-20
4786.24 2.4721749e-15 1e-20
4787.71 2.33831e-15 1e-20
4789.18 2.3063047e-15 1e-20
4790.65 2.5135673e-15 1e-20
4792.12 2.3800201e-15 1e-20
4793.59 2.2966218e-15 1e-20
4795.06 2.4087425e-15 1e-20
4796.53 2.4686663e-15 1e-20
4798.0 2.6030851e-15 1e-20
4799.47 2.6173867e-15 1e-20
4800.94 2.4316361e-15 1e-20
4802.41 2.4175343e-15 1e-20
4803.88 2.5163835e-15 1e-20
4805.35 2.4475093e-15 1e-20
4806.82 2.2351997e-15 1e-20
4808.29 2.3964563e-15 1e-20
4809.76 2.6542298e-15 1e-20
4811.23 2.582472e-15 1e-20
4812.7 2.4223772e-15 1e-20
4814.17 2.4397285e-15 1e-20
4815.64 2.54841e-15 1e-20
4817.11 2.5034461e-15 1e-20
4818.58 2.46874e-15 1e-20
4820.05 2.3879203e-15 1e-20
4821.52 2.2776017e-15 1e-20
4822.99 2.359401e-15 1e-20
4824.46 2.4014672e-15 1e-20
4825.93 2.2472258e-15 1e-20
4827.4 2.2181669e-15 1e-20
4828.87 2.1384096e-15 1e-20
4830.34 2.073824e-15 1e-20
4831.81 2.1149369e-15 1e-20
4833.28 2.251346e-15 1e-20
4834.75 2.3032312e-15 1e-20
4836.22 2.2723867e-15 1e-20
4837.69 2.0773072e-15 1e-20
4839.16 2.0344092e-15 1e-20
4840.63 2.1578391e-15 1e-20
4842.1 2.155486e-15 1e-20
4843.57 2.005867e-15 1e-20
4845.04 2.0163056e-15 1e-20
4846.51 1.9679322e-15 1e-20
4847.98 2.0822306e-15 1e-20
4849.45 1.9994511e-15 1e-20
4850.92 1.95864e-15 1e-20
4852.39 2.0099416e-15 1e-20
4853.86 1.7905101e-15 1e-20
4855.33 1.9330143e-15 1e-20
4856.8 1.9808344e-15 1e-20
4858.27 1.91685e-15 1e-20
4859.74 1.9606386e-15 1e-20
4861.21 1.8716597e-15 1e-20
4862.68 1.9189472e-15 1e-20
4864.15 1.8969987e-15 1e-20
4865.62 1.7318265e-15 1e-20
4867.09 1.6833366e-15 1e-20
4868.56 1.7681726e-15 1e-20
4870.03 1.7431215e-15 1e-20
4871.5 1.8048817e-15 1e-20
4872.97 1.9552305e-15 1e-20
4874.44 1.9290309e-15 1e-20
4875.91 1.851044e-15 1e-20
4877.38 1.8441453e-15 1e-20
4878.85 1.8371302e-15 1e-20
4880.32 1.8793529e-15 1e-20
4881.79 1.6745074e-15 1e-20
4883.26 1.5506726e-15 1e-20
4884.73 1.6174555e-15 1e-20
4886.2 1.6780718e-15 1e-20
4887.67 1.7247229e-15 1e-20
4889.14 1.6564405e-15 1e-20
4890.61 1.7941793e-15 1e-20
4892.08 1.7775092e-15 1e-20
4893.55 1.8097045e-15 1e-20
4895.02 1.8274247e-15 1e-20
4896.49 1.8951966e-15 1e-20
4897.96 1.8622657e-15 1e-20
4899.43 1.6234592e-15 1e-20
4900.9 1.7972046e-15 1e-20
4902.37 2.0644975e-15 1e-20
4903.84 1.9585255e-15 1e-20
4905.31 1.9575522e-15 1e-20
4906.78 1.9765622e-15 1e-20
4908.25 1.7371089e-15 1e-20
4909.72 1.8075033e-15 1e-20
4911.19 1.8302667e-15 1e-20
4912.66 1.8073934e-15 1e-20
4914.13 1.808193e-15 1e-20
4915.6 1.8802168e-15 1e-20
4917.07 1.904305e-15 1e-20
4918.54 1.885204e-15 1e-20
4920.01 1.8579225e-15 1e-20
4921.48 2.0316818e-15 1e-20
4922.95 2.1054967e-15 1e-20
4924.42 2.0223007e-15 1e-20
4925.89 1.9055827e-15 1e-20
4927.36 2.0524693e-15 1e-20
4928.83 2.012967e-15 1e-20
4930.3 2.0115025e-15 1e-20
4931.77 1.8804494e-15 1e-20
4933.24 2.0196186e-15 1e-20
4934.71 2.1184495e-15 1e-20
4936.18 1.9359813e-15 1e-20
4937.65 1.8936533e-15 1e-20
4939.12 1.9750703e-15 1e-20
4940.59 2.0978685e-15 1e-20
4942.06 2.0314317e-15 1e-20
4943.53 2.0544784e-15 1e-20
4945.0 1.9495823e-15 1e-20
4946.47 2.0006628e-15 1e-20
4947.94 2.1385439e-15 1e-20
4949.41 2.2578671e-15 1e-20
4950.88 2.1512246e-15 1e-20
4952.35 2.0751843e-15 1e-20
4953.82 2.1285811e-15 1e-20
4955.29 2.060525e-15 1e-20
4956.76 2.021654e-15 1e-20
4958.23 2.1397206e-15 1e-20
4959.7 2.2761319e-15 1e-20
4961.17 2.1833445e-15 1e-20
4962.64 2.2345076e-15 1e-20
4964.11 2.1975872e-15 1e-20
4965.58 2.0772865e-15 1e-20
4967.05 2.1008954e-15 1e-20
4968.52 2.2241048e-15 1e-20
4969.99 2.2621597e-15 1e-20
4971.46 2.2688762e-15 1e-20
4972.93 2.3708679e-15 1e-20
4974.4 2.156922e-15 1e-20
4975.87 2.1017543e-15 1e-20
4977.34 2.1802529e-15 1e-20
4978.81 2.2531769e-15 1e-20
4980.28 2.0835967e-15 1e-20
4981.75 2.1440526e-15 1e-20
4983.22 2.1819105e-15 1e-20
4984.69 2.1119098e-15 1e-20
4986.16 2.2308313e-15 1e-20
4987.63 2.2331103e-15 1e-20
4989.1 2.1669635e-15 1e-20
4990.57 2.2615579e-15 1e-20
4992.04 2.1864546e-15 1e-20
4993.51 2.1906114e-15 1e-20
4994.98 2.2185858e-15 1e-20
4996.45 2.3072792e-15 1e-20
4997.92 2.2690143e-15 1e-20
4999.39 2.2753609e-15 1e-20
5000.86 2.3685248e-15 1e-20
5002.33 2.3291839e-15 1e-20
5003.8 2.2486815e-15 1e-20
5005.27 2.3435015e-15 1e-20
5006.74 2.3977836e-15 1e-20
5008.21 2.464451e-15 1e-20
5009.68 2.4117343e-15 1e-20
5011.15 2.3935487e-15 1e-20
5012.62 2.2590494e-15 1e-20
5014.09 2.2551651e-15 1e-20
5015.56 2.2390092e-15 1e-20
5017.03 2.3228892e-15 1e-20
5018.5 2.2878667e-15 1e-20
5019.97 2.3668248e-15 1e-20
5021.44 2.2974255e-15 1e-20
5022.91 2.3213457e-15 1e-20
5024.38 2.3078154e-15 1e-20
5025.85 2.33909e-15 1e-20
5027.32 2.5947124e-15 1e-20
5028.79 2.3810782e-15 1e-20
5030.26 2.4464656e-15 1e-20
5031.73 2.5644962e-15 1e-20
5033.2 2.4467661e-15 1e-20
5034.67 2.2937464e-15 1e-20
5036.14 2.2334137e-15 1e-20
5037.61 2.3911899e-15 1e-20
5039.08 2.3889683e-15 1e-20
5040.55 2.4118522e-15 1e-20
5042.02 2.3774711e-15 1e-20
5043.49 2.1670559e-15 1e-20
5044.96 2.306004e-15 1e-20
5046.43 2.4360426e-15 1e-20
5047.9 2.4365847e-15 1e-20
5049.37 2.3122739e-15 1e-20
5050.84 2.3182411e-15 1e-20
5052.31 2.417687e-15 1e-20
5053.78 2.4084433e-15 1e-20
5055.25 2.3993364e-15 1e-20
5056.72 2.3774843e-15 1e-20
5058.19 2.3573473e-15 1e-20
5059.66 2.5608591e-15 1e-20
5061.13 2.5765239e-15 1e-20
5062.6 2.5817956e-15 1e-20
5064.07 2.5329633e-15 1e-20
5065.54 2.5313861e-15 1e-20
5067.01 2.5070515e-15 1e-20
5068.48 2.5062261e-15 1e-20
5069.95 2.5920064e-15 1e-20
5071.42 2.5270614e-15 1e-20
5072.89 2.6024748e-15 1e-20
5074.36 2.5802887e-15 1e-20
5075.83 2.5423855e-15 1e-20
5077.3 2.4853732e-15 1e-20
5078.77 2.5282724e-15 1e-20
5080.24 2.6720071e-15 1e-20
5081.71 2.7268045e-15 1e-20
5083.18 2.6914984e-15 1e-20
5084.65 2.5992153e-15 1e-20
5086.12 2.4992781e-15 1e-20
5087.59 2.5459712e-15 1e-20
5089.06 2.5961477e-15 1e-20
5090.53 2.7741074e-15 1e-20
5092.0 2.7529238e-15 1e-20
5093.47 2.7197904e-15 1e-20
5094.94 2.8057613e-15 1e-20
5096.41 2.6754226e-15 1e-20
5097.88 2.6959843e-15 1e-20
5099.35 2.8634529e-15 1e-20
5100.82 2.8142176e-15 1e-20
5102.29 2.8107372e-15 1e-20
5103.76 2.9384151e-15 1e-20
5105.23 2.7110507e-15 1e-20
5106.7 2.7499916e-15 1e-20
5108.17 2.8516906e-15 1e-20
5109.64 2.7032373e-15 1e-20
5111.11 2.7338151e-15 1e-20
5112.58 2.7839339e-15 1e-20
5114.05 2.9667026e-15 1e-20
5115.52 2.8199993e-15 1e-20
5116.99 2.8097665e-15 1e-20
5118.46 2.9758067e-15 1e-20
5119.93 2.8929273e-15 1e-20
5121.4 2.8668281e-15 1e-20
5122.87 2.7658703e-15 1e-20
5124.34 2.6546857e-15 1e-20
5125.81 2.8215819e-15 1e-20
5127.28 2.8652296e-15 1e-20
5128.75 2.8334737e-15 1e-20
5130.22 2.8491139e-15 1e-20
5131.69 2.8153529e-15 1e-20
5133.16 2.839628e-15 1e-20
5134.63 2.9422179e-15 1e-20
5136.1 2.795926e-15 1e-20
5137.57 2.7446214e-15 1e-20
5139.04 2.7872201e-15 1e-20
5140.51 2.8023158e-15 1e-20
5141.98 2.6995704e-15 1e-20
5143.45 2.716181e-15 1e-20
5144.92 2.7237532e-15 1e-20
5146.39 2.5757355e-15 1e-20
5147.86 2.6313911e-15 1e-20
5149.33 2.7193436e-15 1e-20
5150.8 2.7455177e-15 1e-20
5152.27 2.6982692e-15 1e-20
5153.74 2.652411e-15 1e-20
5155.21 2.8044479e-15 1e-20
5156.68 2.9647396e-15 1e-20
5158.15 2.8876122e-15 1e-20
5159.62 2.7988423e-15 1e-20
5161.09 2.7396658e-15 1e-20
5162.56 2.8106866e-15 1e-20
5164.03 2.7655965e-15 1e-20
5165.5 2.7817564e-15 1e-20
5166.97 2.7370248e-15 1e-20
5168.44 2.6597995e-15 1e-20
5169.91 2.6109594e-15 1e-20
5171.38 2.6851266e-15 1e-20
5172.85 2.7785518e-15 1e-20
5174.32 2.8466975e-15 1e-20
5175.79 2.7810893e-15 1e-20
5177.26 2.6646752e-15 1e-20
5178.73 2.7253122e-15 1e-20
5180.2 2.9121643e-15 1e-20
5181.67 2.8666934e-15 1e-20
5183.14 2.9775213e-15 1e-20
5184.61 2.8691333e-15 1e-20
5186.08 2.871418e-15 1e-20
5187.55 2.914039e-15 1e-20
5189.02 2.9313085e-15 1e-20
5190.49 2.9293315e-15 1e-20
5191.96 2.7440331e-15 1e-20
5193.43 2.9705865e-15 1e-20
5194.9 2.9260772e-15 1e-20
5196.37 2.9715517e-15 1e-20
5197.84 2.9742905e-15 1e-20
5199.31 3.0227751e-15 1e-20
5200.78 2.9754531e-15 1e-20
5202.25 3.0726472e-15 1e-20
5203.72 3.2148259e-15 1e-20
5205.19 3.0859221e-15 1e-20
5206.66 3.0526375e-15 1e-20
5208.13 3.0025105e-15 1e-20
5209.6 2.9977794e-15 1e-20
5211.07 3.1146886e-15 1e-20
5212.54 3.0479964e-15 1e-20
5214.01 3.0894718e-15 1e-20
5215.48 3.2712385e-15 1e-20
5216.95 3.3528188e-15 1e-20
5218.42 3.2198636e-15 1e-20
5219.89 3.0735342e-15 1e-20
5221.36 3.1302492e-15 1e-20
5222.83 3.0526769e-15 1e-20
5224.3 3.1202184e-15 1e-20
5225.77 2.9937693e-15 1e-20
5227.24 2.9147153e-15 1e-20
5228.71 3.0752645e-15 1e-20
5230.18 3.1028443e-15 1e-20
5231.65 2.9845979e-15 1e-20
5233.12 3.0524044e-15 1e-20
5234.59 2.9541377e-15 1e-20
5236.06 2.892036e-15 1e-20
5237.53 2.8933424e-15 1e-20
5239.0 2.8657011e-15 1e-20
5240.47 2.7303705e-15 1e-20
5241.94 2.6658424e-15 1e-20
5243.41 2.7300655e-15 1e-20
5244.88 2.8299193e-15 1e-20
5246.35 2.8185074e-15 1e-20
5247.82 2.7266552e-15 1e-20
5249.29 2.7096828e-15 1e-20
5250.76 2.6777062e-15 1e-20
5252.23 2.5849948e-15 1e-20
5253.7 2.6244325e-15 1e-20
5255.17 2.5912116e-15 1e-20
5256.64 2.5177739e-15 1e-20
5258.11 2.5876219e-15 1e-20
5259.58 2.499579e-15 1e-20
5261.05 2.4850303e-15 1e-20
5262.52 2.54724e-15 1e-20
5263.99 2.5404722e-15 1e-20
5265.46 2.4230669e-15 1e-20
5266.93 2.452053e-15 1e-20
5268.4 2.5627926e-15 1e-20
5269.87 2.4579369e-15 1e-20
5271.34 2.3604392e-15 1e-20
5272.81 2.4872288e-15 1e-20
5274.28 2.4830354e-15 1e-20
5275.75 2.424595e-15 1e-20
5277.22 2.2818676e-15 1e-20
5278.69 2.3424747e-15 1e-20
5280.16 2.4783631e-15 1e-20
5281.63 2.3414199e-15 1e-20
5283.1 2.2628589e-15 1e-20
5284.57 2.3022904e-15 1e-20
5286.04 2.2357776e-15 1e-20
5287.51 2.2629608e-15 1e-20
5288.98 2.3214708e-15 1e-20
5290.45 2.4165827e-15 1e-20
5291.92 2.4724352e-15 1e-20
5293.39 2.4137205e-15 1e-20
5294.86 2.304664e-15 1e-20
5296.33 2.338204e-15 1e-20
5297.8 2.4293331e-15 1e-20
5299.27 2.2916644e-15 1e-20
5300.74 2.3937251e-15 1e-20
5302.21 2.6538019e-15 1e-20
5303.68 2.6532206e-15 1e-20
5305.15 2.4841486e-15 1e-20
5306.62 2.4186903e-15 1e-20
5308.09 2.4695087e-15 1e-20
5309.56 2.5378064e-15 1e-20
5311.03 2.4502607e-15 1e-20
5312.5 2.3219953e-15 1e-20
5313.97 2.3307956e-15 1e-20
5315.44 2.3694394e-15 1e-20
5316.91 2.3984172e-15 1e-20
5318.38 2.3374433e-15 1e-20
5319.85 2.390338e-15 1e-20
5321.32 2.4223188e-15 1e-20
5322.79 2.381604e-15 1e-20
5324.26 2.2965494e-15 1e-20
5325.73 2.2976698e-15 1e-20
5327.2 2.3878342e-15 1e-20
5328.67 2.3859025e-15 1e-20
5330.14 2.3809764e-15 1e-20
5331.61 2.3748739e-15 1e-20
5333.08 2.2797045e-15 1e-20
5334.55 2.3078217e-15 1e-20
5336.02 2.390569e-15 1e-20
5337.49 2.3925337e-15 1e-20
5338.96 2.4468298e-15 1e-20
5340.43 2.48107e-15 1e-20
5341.9 2.4310532e-15 1e-20
5343.37 2.4851532e-15 1e-20
5344.84 2.5553161e-15 1e-20
5346.31 2.4783055e-15 1e-20
5347.78 2.3798005e-15 1e-20
5349.25 2.3958975e-15 1e-20
5350.72 2.5038785e-15 1e-20
5352.19 2.521346e-15 1e-20
5353.66 2.5265985e-15 1e-20
5355.13 2.5938887e-15 1e-20
5356.6 2.614411e-15 1e-20
5358.07 2.5198506e-15 1e-20
5359.54 2.4686417e-15 1e-20
5361.01 2.5486734e-15 1e-20
5362.48 2.4936593e-15 1e-20
5363.95 2.4396315e-15 1e-20
5365.42 2.5439739e-15 1e-20
5366.89 2.4858799e-15 1e-20
5368.36 2.4507765e-15 1e-20
5369.83 2.5801665e-15 1e-20
5371.3 2.6166222e-15 1e-20
5372.77 2.6001938e-15 1e-20
5374.24 2.5596586e-15 1e-20
5375.71 2.4964164e-15 1e-20
5377.18 2.5325341e-15 1e-20
5378.65 2.4842468e-15 1e-20
5380.12 2.4798014e-15 1e-20
5381.59 2.5775162e-15 1e-20
5383.06 2.4941385e-15 1e-20
5384.53 2.4012941e-15 1e-20
5386.0 2.3280684e-15 1e-20
5387.47 2.4427778e-15 1e-20
5388.94 2.465023e-15 1e-20
5390.41 2.3928689e-15 1e-20
5391.88 2.3213899e-15 1e-20
5393.35 2.4163542e-15 1e-20
5394.82 2.4145589e-15 1e-20
5396.29 2.4414723e-15 1e-20
5397.76 2.4130355e-15 1e-20
5399.23 2.3346839e-15 1e-20
5400.7 2.3733518e-15 1e-20
5402.17 2.5312654e-15 1e-20
5403.64 2.4554208e-15 1e-20
5405.11 2.4106094e-15 1e-20
5406.58 2.3341088e-15 1e-20
5408.05 2.2330315e-15 1e-20
5409.52 2.2957435e-15 1e-20
5410.99 2.2732077e-15 1e-20
5412.46 2.2735885e-15 1e-20
5413.93 2.4238519e-15 1e-20
5415.4 2.3815697e-15 1e-20
5416.87 2.136432e-15 1e-20
5418.34 2.0971892e-15 1e-20
5419.81 2.1842449e-15 1e-20
5421.28 2.3134382e-15 1e-20
5422.75 2.249624e-15 1e-20
5424.22 2.2256593e-15 1e-20
5425.69 2.2864636e-15 1e-20
5427.16 2.1579113e-15 1e-20
5428.63 2.15188e-15 1e-20
5430.1 2.2667493e-15 1e-20
5431.57 2.1683753e-15 1e-20
5433.04 2.1098331e-15 1e-20
5434.51 2.1710297e-15 1e-20
5435.98 2.1793499e-15 1e-20
5437.45 2.2532446e-15 1e-20
5438.92 2.1941283e-15 1e-20
5440.39 2.0975911e-15 1e-20
5441.86 2.1767247e-15 1e-20
5443.33 2.3149118e-15 1e-20
5444.8 2.2894843e-15 1e-20
5446.27 2.2712009e-15 1e-20
5447.74 2.2256468e-15 1e-20
5449.21 2.1146461e-15 1e-20
5450.68 1.9573538e-15 1e-20
5452.15 1.9260519e-15 1e-20
5453.62 1.9662017e-15 1e-20
5455.09 2.0749942e-15 1e-20
5456.56 2.0488334e-15 1e-20
5458.03 1.9619731e-15 1e-20
5459.5 1.9780775e-15 1e-20
5460.97 2.033112e-15 1e-20
5462.44 2.1013267e-15 1e-20
5463.91 1.9760031e-15 1e-20
5465.38 1.9936259e-15 1e-20
5466.85 2.1335502e-15 1e-20
5468.32 2.0585694e-15 1e-20
5469.79 1.9939928e-15 1e-20
5471.26 1.8732216e-15 1e-20
5472.73 1.9643382e-15 1e-20
5474.2 2.0002444e-15 1e-20
5475.67 1.9219783e-15 1e-20
5477.14 1.9383371e-15 1e-20
5478.61 1.9155843e-15 1e-20
5480.08 1.9960158e-15 1e-20
5481.55 2.0500069e-15 1e-20
5483.02 2.081549e-15 1e-20
5484.49 1.9743438e-15 1e-20
5485.96 1.9465732e-15 1e-20
5487.43 2.0223367e-15 1e-20
5488.9 2.0366215e-15 1e-20
5490.37 2.0404175e-15 1e-20
5491.84 2.1283969e-15 1e-20
5493.31 2.2651599e-15 1e-20
5494.78 2.1834627e-15 1e-20
5496.25 2.2555342e-15 1e-20
5497.72 2.1714515e-15 1e-20
5499.19 2.2108261e-15 1e-20
5500.66 2.1701545e-15 1e-20
5502.13 2.1312552e-15 1e-20
5503.6 2.1684833e-15 1e-20
5505.07 2.2990986e-15 1e-20
5506.54 2.2305753e-15 1e-20
5508.01 2.2769679e-15 1e-20
5509.48 2.2991443e-15 1e-20
5510.95 2.3304119e-15 1e-20
5512.42 2.2740609e-15 1e-20
5513.89 2.3530033e-15 1e-20
5515.36 2.2631645e-15 1e-20
5516.83 2.3849238e-15 1e-20
5518.3 2.4573701e-15 1e-20
5519.77 2.2981262e-15 1e-20
5521.24 2.2761383e-15 1e-20
5522.71 2.3883763e-15 1e-20
5524.18 2.3033111e-15 1e-20
5525.65 2.4111123e-15 1e-20
5527.12 2.5988436e-15 1e-20
5528.59 2.3752801e-15 1e-20
5530.06 2.2990418e-15 1e-20
5531.53 2.34633e-15 1e-20
5533.0 2.3358155e-15 1e-20
5534.47 2.4691347e-15 1e-20
5535.94 2.5528391e-15 1e-20
5537.41 2.474277e-15 1e-20
5538.88 2.5306196e-15 1e-20
5540.35 2.4815488e-15 1e-20
5541.82 2.6068546e-15 1e-20
5543.29 2.5144929e-15 1e-20
5544.76 2.5499243e-15 1e-20
5546.23 2.4823427e-15 1e-20
5547.7 2.4141629e-15 1e-20
5549.17 2.4938444e-15 1e-20
5550.64 2.4708711e-15 1e-20
5552.11 2.4811456e-15 1e-20
5553.58 2.5519104e-15 1e-20
5555.05 2.5065626e-15 1e-20
5556.52 2.5320964e-15 1e-20
5557.99 2.5104278e-15 1e-20
5559.46 2.5015278e-15 1e-20
5560.93 2.5395071e-15 1e-20
5562.4 2.5541137e-15 1e-20
5563.87 2.5014636e-15 1e-20
5565.34 2.4486119e-15 1e-20
5566.81 2.4748475e-15 1e-20
5568.28 2.5466878e-15 1e-20
5569.75 2.546655e-15 1e-20
5571.22 2.588099e-15 1e-20
5572.69 2.5634084e-15 1e-20
5574.16 2.6585899e-15 1e-20
5575.63 2.6431902e-15 1e-20
5577.1 2.7137741e-15 1e-20
5578.57 2.9696761e-15 1e-20
5580.04 2.797104e-15 1e-20
5581.51 2.5500369e-15 1e-20
5582.98 2.6247749e-15 1e-20
5584.45 2.7413031e-15 1e-20
5585.92 2.7437288e-15 1e-20
5587.39 2.715753e-15 1e-20
5588.86 2.6396312e-15 1e-20
5590.33 2.6660646e-15 1e-20
5591.8 2.6273384e-15 1e-20
5593.27 2.6412554e-15 1e-20
5594.74 2.6573372e-15 1e-20
5596.21 2.6634049e-15 1e-20
5597.68 2.5899635e-15 1e-20
5599.15 2.6271019e-15 1e-20
5600.62 2.6888487e-15 1e-20
5602.09 2.7052331e-15 1e-20
5603.56 2.7121216e-15 1e-20
5605.03 2.7980848e-15 1e-20
5606.5 2.8826323e-15 1e-20
5607.97 2.8068919e-15 1e-20
5609.44 2.6798841e-15 1e-20
5610.91 2.7480267e-15 1e-20
5612.38 2.7786581e-15 1e-20
5613.85 2.6553903e-15 1e-20
5615.32 2.6667617e-15 1e-20
5616.79 2.7648447e-15 1e-20
5618.26 2.8004483e-15 1e-20
5619.73 2.7928152e-15 1e-20
5621.2 2.7507638e-15 1e-20
5622.67 2.7093516e-15 1e-20
5624.14 2.6463065e-15 1e-20
5625.61 2.6675098e-15 1e-20
5627.08 2.7323546e-15 1e-20
5628.55 2.6964309e-15 1e-20
5630.02 2.6449974e-15 1e-20
5631.49 2.6790839e-15 1e-20
5632.96 2.7987125e-15 1e-20
5634.43 2.789429e-15 1e-20
5635.9 2.7697075e-15 1e-20
5637.37 2.8066454e-15 1e-20
5638.84 2.6874663e-15 1e-20
5640.31 2.6425539e-15 1e-20
5641.78 2.6997911e-15 1e-20
5643.25 2.6374774e-15 1e-20
5644.72 2.6605436e-15 1e-20
5646.19 2.691376e-15 1e-20
5647.66 2.7377284e-15 1e-20
5649.13 2.8180458e-15 1e-20
5650.6 2.6791114e-15 1e-20
5652.07 2.6109882e-15 1e-20
5653.54 2.6831367e-15 1e-20
5655.01 2.7321429e-15 1e-20
5656.48 2.778576e-15 1e-20
5657.95 2.708858e-15 1e-20
5659.42 2.677223e-15 1e-20
5660.89 2.7256406e-15 1e-20
5662.36 2.7228132e-15 1e-20
5663.83 2.6520434e-15 1e-20
5665.3 2.7172635e-15 1e-20
5666.77 2.662391e-15 1e-20
5668.24 2.6825785e-15 1e-20
5669.71 2.7324421e-15 1e-20
5671.18 2.7517619e-15 1e-20
5672.65 2.6786528e-15 1e-20
5674.12 2.6468253e-15 1e-20
5675.59 2.700838e-15 1e-20
5677.06 2.7400777e-15 1e-20
5678.53 2.7928726e-15 1e-20
5680.0 2.8476183e-15 1e-20
5681.47 2.7400224e-15 1e-20
5682.94 2.6863612e-15 1e-20
5684.41 2.7170136e-15 1e-20
5685.88 2.6701166e-15 1e-20
5687.35 2.6298294e-15 1e-20
5688.82 2.6764937e-15 1e-20
5690.29 2.7208845e-15 1e-20
5691.76 2.7134296e-15 1e-20
5693.23 2.5893647e-15 1e-20
5694.7 2.6379602e-15 1e-20
5696.17 2.8480013e-15 1e-20
5697.64 2.7616071e-15 1e-20
5699.11 2.7120119e-15 1e-20
5700.58 2.7756507e-15 1e-20
5702.05 2.7441595e-15 1e-20
5703.52 2.6282316e-15 1e-20
5704.99 2.5067589e-15 1e-20
5706.46 2.4841526e-15 1e-20
5707.93 2.643236e-15 1e-20
5709.4 2.6446006e-15 1e-20
5710.87 2.6085479e-15 1e-20
5712.34 2.5011909e-15 1e-20
5713.81 2.5773148e-15 1e-20
5715.28 2.4680509e-15 1e-20
5716.75 2.5173743e-15 1e-20
5718.22 2.6410333e-15 1e-20
5719.69 2.713261e-15 1e-20
5721.16 2.6554322e-15 1e-20
5722.63 2.6236543e-15 1e-20
5724.1 2.5006797e-15 1e-20
5725.57 2.4493112e-15 1e-20
5727.04 2.565248e-15 1e-20
5728.51 2.5298234e-15 1e-20
5729.98 2.4980236e-15 1e-20
5731.45 2.4537738e-15 1e-20
5732.92 2.4663802e-15 1e-20
5734.39 2.4957049e-15 1e-20
5735.86 2.4433413e-15 1e-20
5737.33 2.3401881e-15 1e-20
5738.8 2.306886e-15 1e-20
5740.27 2.3631599e-15 1e-20
5741.74 2.3564253e-15 1e-20
5743.21 2.3928793e-15 1e-20
5744.68 2.3363841e-15 1e-20
5746.15 2.2934859e-15 1e-20
5747.62 2.2342078e-15 1e-20
5749.09 2.2020013e-15 1e-20
5750.56 2.1747728e-15 1e-20
5752.03 2.1794768e-15 1e-20
5753.5 2.2198713e-15 1e-20
5754.97 2.1498065e-15 1e-20
5756.44 2.0788738e-15 1e-20
5757.91 2.1385202e-15 1e-20
5759.38 2.2591792e-15 1e-20
5760.85 2.2642205e-15 1e-20
5762.32 2.2258685e-15 1e-20
5763.79 2.1841043e-15 1e-20
5765.26 2.1082017e-15 1e-20
5766.73 2.1171796e-15 1e-20
5768.2 2.1171622e-15 1e-20
5769.67 2.1245528e-15 1e-20
5771.14 2.0196844e-15 1e-20
5772.61 2.0539522e-15 1e-20
5774.08 2.1679872e-15 1e-20
5775.55 2.0855342e-15 1e-20
5777.02 2.1340483e-15 1e-20
5778.49 2.0536653e-15 1e-20
5779.96 1.9661767e-15 1e-20
5781.43 2.1085799e-15 1e-20
5782.9 2.0512872e-15 1e-20
5784.37 1.921864e-15 1e-20
5785.84 2.0046816e-15 1e-20
5787.31 2.2336371e-15 1e-20
5788.78 2.1169278e-15 1e-20
5790.25 2.0374319e-15 1e-20
5791.72 2.0538815e-15 1e-20
5793.19 2.1529151e-15 1e-20
5794.66 2.1558801e-15 1e-20
5796.13 2.1893496e-15 1e-20
5797.6 2.2824681e-15 1e-20
5799.07 2.2730315e-15 1e-20
5800.54 2.2278538e-15 1e-20
5802.01 2.1027174e-15 1e-20
5803.48 2.0140057e-15 1e-20
5804.95 2.0748394e-15 1e-20
5806.42 2.1705211e-15 1e-20
5807.89 2.1069305e-15 1e-20
5809.36 2.1084884e-15 1e-20
5810.83 2.165996e-15 1e-20
5812.3 2.1368428e-15 1e-20
5813.77 2.0283078e-15 1e-20
5815.24 2.0295892e-15 1e-20
5816.71 2.073661e-15 1e-20
5818.18 2.1314403e-15 1e-20
5819.65 2.1503395e-15 1e-20
5821.12 2.1622653e-15 1e-20
5822.59 2.1794801e-15 1e-20
5824.06 2.221201e-15 1e-20
5825.53 2.191018e-15 1e-20
5827.0 2.2470946e-15 1e-20
5828.47 2.3628278e-15 1e-20
5829.94 2.2336053e-15 1e-20
5831.41 2.158619e-15 1e-20
5832.88 2.2442333e-15 1e-20
5834.35 2.2738536e-15 1e-20
5835.82 2.2807055e-15 1e-20
5837.29 2.2751817e-15 1e-20
5838.76 2.3289887e-15 1e-20
5840.23 2.3944628e-15 1e-20
5841.7 2.4005602e-15 1e-20
5843.17 2.3297357e-15 1e-20
5844.64 2.2806803e-15 1e-20
5846.11 2.2351156e-15 1e-20
5847.58 2.2806316e-15 1e-20
5849.05 2.4349554e-15 1e-20
5850.52 2.3647925e-15 1e-20
5851.99 2.3441035e-15 1e-20
5853.46 2.3782847e-15 1e-20
5854.93 2.4174488e-15 1e-20
5856.4 2.5390664e-15 1e-20
5857.87 2.34498e-15 1e-20
5859.34 2.284469e-15 1e-20
5860.81 2.3911469e-15 1e-20
5862.28 2.3552372e-15 1e-20
5863.75 2.4938185e-15 1e-20
5865.22 2.6139962e-15 1e-20
5866.69 2.5073876e-15 1e-20
5868.16 2.3247999e-15 1e-20
5869.63 2.3222914e-15 1e-20
5871.1 2.4096736e-15 1e-20
5872.57 2.3862815e-15 1e-20
5874.04 2.3586543e-15 1e-20
5875.51 2.4227982e-15 1e-20
5876.98 2.4291031e-15 1e-20
5878.45 2.4250583e-15 1e-20
5879.92 2.433096e-15 1e-20
5881.39 2.4632796e-15 1e-20
5882.86 2.433672e-15 1e-20
5884.33 2.4356015e-15 1e-20
5885.8 2.5097823e-15 1e-20
5887.27 2.4948589e-15 1e-20
5888.74 2.4676115e-15 1e-20
5890.21 2.5192234e-15 1e-20
5891.68 2.4744723e-15 1e-20
5893.15 2.4232298e-15 1e-20
5894.62 2.4909962e-15 1e-20
5896.09 2.5649346e-15 1e-20
5897.56 2.526193e-15 1e-20
5899.03 2.5325974e-15 1e-20
5900.5 2.5248693e-15 1e-20
5901.97 2.4365682e-15 1e-20
5903.44 2.4225202e-15 1e-20
5904.91 2.5367231e-15 1e-20
5906.38 2.556892e-15 1e-20
5907.85 2.5297992e-15 1e-20
5909.32 2.4977782e-15 1e-20
5910.79 2.4628707e-15 1e-20
5912.26 2.5243229e-15 1e-20
5913.73 2.6291295e-15 1e-20
5915.2 2.6402841e-15 1e-20
5916.67 2.6229853e-15 1e-20
5918.14 2.6228797e-15 1e-20
5919.61 2.6619918e-15 1e-20
5921.08 2.3849094e-15 1e-20
5922.55 2.1376458e-15 1e-20
5924.02 2.011188e-15 1e-20
5925.49 2.0132906e-15 1e-20
5926.96 2.1629359e-15 1e-20
5928.43 2.2202089e-15 1e-20
5929.9 2.1353936e-15 1e-20
5931.37 2.0117475e-15 1e-20
5932.84 2.1481977e-15 1e-20
5934.31 2.4934183e-15 1e-20
5935.78 2.7378411e-15 1e-20
5937.25 2.7509591e-15 1e-20
5938.72 2.6873236e-15 1e-20
5940.19 2.6247408e-15 1e-20
5941.66 2.6387408e-15 1e-20
5943.13 2.6371117e-15 1e-20
5944.6 2.6666268e-15 1e-20
5946.07 2.8626971e-15 1e-20
5947.54 2.9466868e-15 1e-20
5949.01 2.7332154e-15 1e-20
5950.48 2.7421559e-15 1e-20
5951.95 2.7870154e-15 1e-20
5953.42 2.7782107e-15 1e-20
5954.89 2.8378975e-15 1e-20
5956.36 2.7996891e-15 1e-20
5957.83 2.6599282e-15 1e-20
5959.3 2.6616975e-15 1e-20
5960.77 2.7540484e-15 1e-20
5962.24 2.8305956e-15 1e-20
5963.71 2.7736551e-15 1e-20
5965.18 2.7354817e-15 1e-20
5966.65 2.7674112e-15 1e-20
5968.12 2.8865612e-15 1e-20
5969.59 2.8379777e-15 1e-20
5971.06 2.7058597e-15 1e-20
5972.53 2.6526764e-15 1e-20
5974.0 2.6475798e-15 1e-20
5975.47 2.6637107e-15 1e-20
5976.94 2.7161702e-15 1e-20
5978.41 2.7000037e-15 1e-20
5979.88 2.7135196e-15 1e-20
5981.35 2.6777117e-15 1e-20
5982.82 2.6799098e-15 1e-20
5984.29 2.7314782e-15 1e-20
5985.76 2.7221212e-15 1e-20
5987.23 2.6025216e-15 1e-20
5988.7 2.5785123e-15 1e-20
5990.17 2.6379522e-15 1e-20
5991.64 2.6088642e-15 1e-20
5993.11 2.5757698e-15 1e-20
5994.58 2.6158152e-15 1e-20
5996.05 2.5781292e-15 1e-20
5997.52 2.5247693e-15 1e-20
5998.99 2.523042e-15 1e-20
6000.46 2.5174717e-15 1e-20
6001.93 2.521022e-15 1e-20
6003.4 2.3899119e-15 1e-20
6004.87 2.3902243e-15 1e-20
6006.34 2.4659029e-15 1e-20
6007.81 2.3848026e-15 1e-20
6009.28 2.3639281e-15 1e-20
6010.75 2.525243e-15 1e-20
6012.22 2.5141452e-15 1e-20
6013.69 2.3763187e-15 1e-20
6015.16 2.3173174e-15 1e-20
6016.63 2.3122447e-15 1e-20
6018.1 2.3479489e-15 1e-20
6019.57 2.2644596e-15 1e-20
6021.04 2.2287643e-15 1e-20
6022.51 2.2350199e-15 1e-20
6023.98 2.2390564e-15 1e-20
6025.45 2.3068978e-15 1e-20
6026.92 2.2485375e-15 1e-20
6028.39 2.1396736e-15 1e-20
6029.86 2.1808411e-15 1e-20
6031.33 2.2299354e-15 1e-20
6032.8 2.1518101e-15 1e-20
6034.27 2.0176113e-15 1e-20
6035.74 2.0430003e-15 1e-20
6037.21 2.1251347e-15 1e-20
6038.68 2.1187519e-15 1e-20
6040.15 2.0732264e-15 1e-20
6041.62 1.9603904e-15 1e-20
6043.09 1.9013582e-15 1e-20
6044.56 1.960999e-15 1e-20
6046.03 1.9084624e-15 1e-20
6047.5 1.8059517e-15 1e-20
6048.97 1.8297917e-15 1e-20
6050.44 1.9177916e-15 1e-20
6051.91 1.9237329e-15 1e-20
6053.38 1.8535122e-15 1e-20
6054.85 1.8544126e-15 1e-20
6056.32 1.7878941e-15 1e-20
6057.79 1.6993699e-15 1e-20
6059.26 1.698663e-15 1e-20
6060.73 1.6712945e-15 1e-20
6062.2 1.6939122e-15 1e-20
6063.67 1.7553441e-15 1e-20
6065.14 1.7647744e-15 1e-20
6066.61 1.6443512e-15 1e-20
6068.08 1.5867026e-15 1e-20
6069.55 1.6793395e-15 1e-20
6071.02 1.6772272e-15 1e-20
6072.49 1.6592634e-15 1e-20
6073.96 1.6214839e-15 1e-20
6075.43 1.5562646e-15 1e-20
6076.9 1.5194852e-15 1e-20
6078.37 1.4713862e-15 1e-20
6079.84 1.4455484e-15 1e-20
6081.31 1.4566391e-15 1e-20
6082.78 1.4389631e-15 1e-20
6084.25 1.4090375e-15 1e-20
6085.72 1.3830492e-15 1e-20
6087.19 1.3510398e-15 1e-20
6088.66 1.3878919e-15 1e-20
6090.13 1.3405027e-15 1e-20
6091.6 1.2780752e-15 1e-20
6093.07 1.2876119e-15 1e-20
6094.54 1.2606928e-15 1e-20
6096.01 1.2854756e-15 1e-20
6097.48 1.2985954e-15 1e-20
6098.95 1.2061533e-15 1e-20
6100.42 1.1605422e-15 1e-20
6101.89 1.1744058e-15 1e-20
6103.36 1.1849356e-15 1e-20
6104.83 1.2365378e-15 1e-20
6106.3 1.2843993e-15 1e-20
6107.77 1.1671063e-15 1e-20
6109.24 1.0477462e-15 1e-20
6110.71 1.1744029e-15 1e-20
6112.18 1.1414583e-15 1e-20
6113.65 9.8607722e-16 1e-20
6115.12 1.0225563e-15 1e-20
6116.59 1.0751303e-15 1e-20
6118.06 1.0417064e-15 1e-20
6119.53 1.1834851e-15 1e-20
6121.0 1.2567964e-15 1e-20
6122.47 1.0855105e-15 1e-20
6123.94 9.0972207e-16 1e-20
6125.41 8.8639478e-16 1e-20
6126.88 1.0788201e-15 1e-20
6128.35 1.1545793e-15 1e-20
6129.82 1.0801868e-15 1e-20
6131.29 1.0427698e-15 1e-20
6132.76 1.0596654e-15 1e-20
6134.23 1.0735282e-15 1e-20
6135.7 1.1088785e-15 1e-20
6137.17 1.0971714e-15 1e-20
6138.64 1.1010144e-15 1e-20
6140.11 1.19237e-15 1e-20
6141.58 1.251972e-15 1e-20
6143.05 1.2099291e-15 1e-20
6144.52 1.1085858e-15 1e-20
6145.99 1.1388138e-15 1e-20
6147.46 1.1978953e-15 1e-20
6148.93 1.177477e-15 1e-20
6150.4 1.1515291e-15 1e-20
6151.87 1.1068596e-15 1e-20
6153.34 1.1669938e-15 1e-20
6154.81 1.2123259e-15 1e-20
6156.28 1.1100139e-15 1e-20
6157.75 1.118343e-15 1e-20
6159.22 1.1809059e-15 1e-20
6160.69 1.2085152e-15 1e-20
6162.16 1.2407585e-15 1e-20
6163.63 1.2610063e-15 1e-20
6165.1 1.2130523e-15 1e-20
6166.57 1.2019774e-15 1e-20
6168.04 1.2137958e-15 1e-20
6169.51 1.2686712e-15 1e-20
6170.98 1.304784e-15 1e-20
6172.45 1.245501e-15 1e-20
6173.92 1.267923e-15 1e-20
6175.39 1.2718167e-15 1e-20
6176.86 1.2382173e-15 1e-20
6178.33 1.3435394e-15 1e-20
6179.8 1.3731373e-15 1e-20
6181.27 1.3850114e-15 1e-20
6182.74 1.4486024e-15 1e-20
6184.21 1.4479452e-15 1e-20
6185.68 1.4153204e-15 1e-20
6187.15 1.4319225e-15 1e-20
6188.62 1.4591161e-15 1e-20
6190.09 1.4427443e-15 1e-20
6191.56 1.5076322e-15 1e-20
6193.03 1.5317929e-15 1e-20
6194.5 1.506337e-15 1e-20
6195.97 1.5727236e-15 1e-20
6197.44 1.6569941e-15 1e-20
6198.91 1.6107831e-15 1e-20
6200.38 1.6011825e-15 1e-20
6201.85 1.7194876e-15 1e-20
6203.32 1.7423688e-15 1e-20
6204.79 1.6941193e-15 1e-20
6206.26 1.6773713e-15 1e-20
6207.73 1.7402333e-15 1e-20
6209.2 1.6888758e-15 1e-20
6210.67 1.6405964e-15 1e-20
6212.14 1.745759e-15 1e-20
6213.61 1.8287801e-15 1e-20
6215.08 1.8528511e-15 1e-20
6216.55 1.792863e-15 1e-20
6218.02 1.8208053e-15 1e-20
6219.49 1.9367957e-15 1e-20
6220.96 2.0128059e-15 1e-20
6222.43 2.0092879e-15 1e-20
6223.9 1.9826511e-15 1e-20
6225.37 2.0133912e-15 1e-20
6226.84 1.9807145e-15 1e-20
6228.31 1.9429022e-15 1e-20
6229.78 1.9741437e-15 1e-20
6231.25 2.0387778e-15 1e-20
6232.72 2.0731474e-15 1e-20
6234.19 2.0785077e-15 1e-20
6235.66 2.074522e-15 1e-20
6237.13 2.1354031e-15 1e-20
6238.6 2.1653758e-15 1e-20
6240.07 2.1344328e-15 1e-20
6241.54 2.1829102e-15 1e-20
6243.01 2.207875e-15 1e-20
6244.48 2.1589599e-15 1e-20
6245.95 2.1408815e-15 1e-20
6247.42 2.2371498e-15 1e-20
6248.89 2.2755235e-15 1e-20
6250.36 2.3063642e-15 1e-20
6251.83 2.3801465e-15 1e-20
6253.3 2.4269633e-15 1e-20
6254.77 2.4630905e-15 1e-20
6256.24 2.4283922e-15 1e-20
6257.71 2.3987846e-15 1e-20
6259.18 2.3804525e-15 1e-20
6260.65 2.3943891e-15 1e-20
6262.12 2.4122764e-15 1e-20
6263.59 2.4134434e-15 1e-20
6265.06 2.4339178e-15 1e-20
6266.53 2.4093376e-15 1e-20
6268.0 2.4565131e-15 1e-20
6269.47 2.594193e-15 1e-20
6270.94 2.6286825e-15 1e-20
6272.41 2.5835559e-15 1e-20
6273.88 2.4960295e-15 1e-20
6275.35 2.4763629e-15 1e-20
6276.82 2.5418434e-15 1e-20
6278.29 2.4649853e-15 1e-20
6279.76 2.3718267e-15 1e-20
6281.23 2.4195742e-15 1e-20
6282.7 2.4862909e-15 1e-20
6284.17 2.5067798e-15 1e-20
6285.64 2.4923898e-15 1e-20
6287.11 2.6313875e-15 1e-20
6288.58 2.7488989e-15 1e-20
6290.05 2.615937e-15 1e-20
6291.52 2.6182794e-15 1e-20
6292.99 2.7505157e-15 1e-20
6294.46 2.7283672e-15 1e-20
6295.93 2.6259936e-15 1e-20
6297.4 2.6510151e-15 1e-20
6298.87 2.8017605e-15 1e-20
6300.34 2.8251215e-15 1e-20
6301.81 2.6750671e-15 1e-20
6303.28 2.6764045e-15 1e-20
6304.75 2.858307e-15 1e-20
6306.22 2.9158463e-15 1e-20
6307.69 2.7947884e-15 1e-20
6309.16 2.6942011e-15 1e-20
6310.63 2.7167669e-15 1e-20
6312.1 2.8080599e-15 1e-20
6313.57 2.9079285e-15 1e-20
6315.04 2.8387386e-15 1e-20
6316.51 2.8233802e-15 1e-20
6317.98 2.8471894e-15 1e-20
6319.45 2.7681361e-15 1e-20
6320.92 2.7173825e-15 1e-20
6322.39 2.652973e-15 1e-20
6323.86 2.6315082e-15 1e-20
6325.33 2.7420561e-15 1e-20
6326.8 2.7683408e-15 1e-20
6328.27 2.6166665e-15 1e-20
6329.74 2.6341422e-15 1e-20
6331.21 2.7669458e-15 1e-20
6332.68 2.7475976e-15 1e-20
6334.15 2.6562555e-15 1e-20
6335.62 2.6995179e-15 1e-20
6337.09 2.721646e-15 1e-20
6338.56 2.6880771e-15 1e-20
6340.03 2.812874e-15 1e-20
6341.5 2.8374882e-15 1e-20
6342.97 2.7761852e-15 1e-20
6344.44 2.7675258e-15 1e-20
6345.91 2.7020501e-15 1e-20
6347.38 2.6630275e-15 1e-20
6348.85 2.5842287e-15 1e-20
6350.32 2.5778408e-15 1e-20
6351.79 2.6447147e-15 1e-20
6353.26 2.6669889e-15 1e-20
6354.73 2.7175557e-15 1e-20
6356.2 2.7267373e-15 1e-20
6357.67 2.734691e-15 1e-20
6359.14 2.6660722e-15 1e-20
6360.61 2.6299621e-15 1e-20
6362.08 2.7496479e-15 1e-20
6363.55 2.6806668e-15 1e-20
6365.02 2.6461894e-15 1e-20
6366.49 2.771682e-15 1e-20
6367.96 2.7740204e-15 1e-20
6369.43 2.7422393e-15 1e-20
6370.9 2.7699485e-15 1e-20
6372.37 2.7888896e-15 1e-20
6373.84 2.7487625e-15 1e-20
6375.31 2.7441312e-15 1e-20
6376.78 2.7094721e-15 1e-20
6378.25 2.689606e-15 1e-20
6379.72 2.733658e-15 1e-20
6381.19 2.7312715e-15 1e-20
6382.66 2.7081081e-15 1e-20
6384.13 2.753911e-15 1e-20
6385.6 2.7982515e-15 1e-20
6387.07 2.7483697e-15 1e-20
6388.54 2.7336426e-15 1e-20
6390.01 2.8410034e-15 1e-20
6391.48 2.8503048e-15 1e-20
6392.95 2.7860705e-15 1e-20
6394.42 2.8090802e-15 1e-20
6395.89 2.7640788e-15 1e-20
6397.36 2.809037e-15 1e-20
6398.83 2.8926855e-15 1e-20
6400.3 2.8502515e-15 1e-20
6401.77 2.8513088e-15 1e-20
6403.24 2.8944149e-15 1e-20
6404.71 2.8971917e-15 1e-20
6406.18 2.9715661e-15 1e-20
6407.65 2.9054251e-15 1e-20
6409.12 2.7190058e-15 1e-20
6410.59 2.7577394e-15 1e-20
6412.06 2.7536211e-15 1e-20
6413.53 2.7689244e-15 1e-20
6415.0 2.937441e-15 1e-20
6416.47 2.9200241e-15 1e-20
6417.94 2.8126405e-15 1e-20
6419.41 2.8804279e-15 1e-20
6420.88 2.9112442e-15 1e-20
6422.35 2.8446693e-15 1e-20
6423.82 2.8006117e-15 1e-20
6425.29 2.7763709e-15 1e-20
6426.76 2.7950116e-15 1e-20
6428.23 2.8216584e-15 1e-20
6429.7 2.8097264e-15 1e-20
6431.17 2.8712568e-15 1e-20
6432.64 2.8904667e-15 1e-20
6434.11 2.7734569e-15 1e-20
6435.58 2.763853e-15 1e-20
6437.05 2.8017e-15 1e-20
6438.52 2.8044274e-15 1e-20
6439.99 2.7835682e-15 1e-20
6441.46 2.8164375e-15 1e-20
6442.93 2.8498464e-15 1e-20
6444.4 2.8060347e-15 1e-20
6445.87 2.8650451e-15 1e-20
6447.34 2.8542833e-15 1e-20
6448.81 2.7805788e-15 1e-20
6450.28 2.8394071e-15 1e-20
6451.75 2.8517348e-15 1e-20
6453.22 2.7657481e-15 1e-20
6454.69 2.701353e-15 1e-20
6456.16 2.684381e-15 1e-20
6457.63 2.7234604e-15 1e-20
6459.1 2.7687612e-15 1e-20
6460.57 2.7486641e-15 1e-20
6462.04 2.8167943e-15 1e-20
6463.51 2.9095351e-15 1e-20
6464.98 2.806117e-15 1e-20
6466.45 2.7207158e-15 1e-20
6467.92 2.7762559e-15 1e-20
6469.39 2.7805548e-15 1e-20
6470.86 2.7408292e-15 1e-20
6472.33 2.7367522e-15 1e-20
6473.8 2.7525022e-15 1e-20
6475.27 2.727722e-15 1e-20
6476.74 2.7222872e-15 1e-20
6478.21 2.7744499e-15 1e-20
6479.68 2.8219267e-15 1e-20
6481.15 2.8349236e-15 1e-20
6482.62 2.7346954e-15 1e-20
6484.09 2.6734577e-15 1e-20
6485.56 2.668493e-15 1e-20
6487.03 2.6676017e-15 1e-20
6488.5 2.7299785e-15 1e-20
6489.97 2.7071071e-15 1e-20
6491.44 2.5522848e-15 1e-20
6492.91 2.6025947e-15 1e-20
6494.38 2.7655761e-15 1e-20
6495.85 2.7932498e-15 1e-20
6497.32 2.8012762e-15 1e-20
6498.79 2.7441536e-15 1e-20
6500.26 2.7604397e-15 1e-20
6501.73 2.8732692e-15 1e-20
6503.2 2.8295989e-15 1e-20
6504.67 2.6597099e-15 1e-20
6506.14 2.6676146e-15 1e-20
6507.61 2.755964e-15 1e-20
6509.08 2.7723259e-15 1e-20
6510.55 2.7362967e-15 1e-20
6512.02 2.791137e-15 1e-20
6513.49 2.702779e-15 1e-20
6514.96 2.5264172e-15 1e-20
6516.43 2.6490286e-15 1e-20
6517.9 2.7300418e-15 1e-20
6519.37 2.678322e-15 1e-20
6520.84 2.653117e-15 1e-20
6522.31 2.6898211e-15 1e-20
6523.78 2.7821903e-15 1e-20
6525.25 2.8227813e-15 1e-20
6526.72 2.7371806e-15 1e-20
6528.19 2.6983685e-15 1e-20
6529.66 2.7293705e-15 1e-20
6531.13 2.6811312e-15 1e-20
6532.6 2.6304824e-15 1e-20
6534.07 2.71263e-15 1e-20
6535.54 2.7054552e-15 1e-20
6537.01 2.6562833e-15 1e-20
6538.48 2.7077397e-15 1e-20
6539.95 2.7775106e-15 1e-20
6541.42 2.7571858e-15 1e-20
6542.89 2.6814001e-15 1e-20
6544.36 2.6808544e-15 1e-20
6545.83 2.7828365e-15 1e-20
6547.3 2.7960274e-15 1e-20
6548.77 2.6859209e-15 1e-20
6550.24 2.7103943e-15 1e-20
6551.71 2.6388596e-15 1e-20
6553.18 2.5552593e-15 1e-20
6554.65 2.7024794e-15 1e-20
6556.12 2.7652534e-15 1e-20
6557.59 2.7460514e-15 1e-20
6559.06 2.7337317e-15 1e-20
6560.53 2.6412975e-15 1e-20
6562.0 2.617807e-15 1e-20
6563.47 2.6670457e-15 1e-20
6564.94 2.5998812e-15 1e-20
6566.41 2.5958748e-15 1e-20
6567.88 2.6934288e-15 1e-20
6569.35 2.7784769e-15 1e-20
6570.82 2.7179525e-15 1e-20
6572.29 2.6344148e-15 1e-20
6573.76 2.6515096e-15 1e-20
6575.23 2.5424302e-15 1e-20
6576.7 2.6315548e-15 1e-20
6578.17 2.7095053e-15 1e-20
6579.64 2.5824542e-15 1e-20
6581.11 2.4935375e-15 1e-20
6582.58 2.5123675e-15 1e-20
6584.05 2.5927191e-15 1e-20
6585.52 2.4777302e-15 1e-20
6586.99 2.3596455e-15 1e-20
6588.46 2.5372694e-15 1e-20
6589.93 2.6590962e-15 1e-20
6591.4 2.5511311e-15 1e-20
6592.87 2.5495876e-15 1e-20
6594.34 2.5480439e-15 1e-20
6595.81 2.5465004e-15 1e-20
6597.28 2.5449569e-15 1e-20
6598.75 2.5434134e-15 1e-20
6600.22 2.5418699e-15 1e-20
6601.69 2.5403261e-15 1e-20
6603.16 2.5387826e-15 1e-20
6604.63 2.5372393e-15 1e-20
6606.1 2.5356956e-15 1e-20
6607.57 2.5341521e-15 1e-20
6609.04 2.5326086e-15 1e-20
6610.51 2.5310651e-15 1e-20
6611.98 2.5295214e-15 1e-20
6613.45 2.5279779e-15 1e-20
6614.92 2.5279779e-15 1e-20
6616.39 2.4672363e-15 1e-20
6617.86 2.4318415e-15 1e-20
6619.33 2.3713208e-15 1e-20
6620.8 2.2509602e-15 1e-20
6622.27 2.2703897e-15 1e-20
6623.74 2.3218437e-15 1e-20
6625.21 2.2915841e-15 1e-20
6626.68 2.2592679e-15 1e-20
6628.15 2.3734649e-15 1e-20
6629.62 2.4200002e-15 1e-20
6631.09 2.4795509e-15 1e-20
6632.56 2.6111247e-15 1e-20
6634.03 2.5743125e-15 1e-20
6635.5 2.5243373e-15 1e-20
6636.97 2.5407772e-15 1e-20
6638.44 2.5029229e-15 1e-20
6639.91 2.5298401e-15 1e-20
6641.38 2.4452821e-15 1e-20
6642.85 2.3389504e-15 1e-20
6644.32 2.4161238e-15 1e-20
6645.79 2.5036716e-15 1e-20
6647.26 2.4788974e-15 1e-20
6648.73 2.4441223e-15 1e-20
6650.2 2.4448791e-15 1e-20
6651.67 2.4182238e-15 1e-20
6653.14 2.3810268e-15 1e-20
6654.61 2.4018271e-15 1e-20
6656.08 2.4534544e-15 1e-20
6657.55 2.4579698e-15 1e-20
6659.02 2.4389162e-15 1e-20
6660.49 2.3540467e-15 1e-20
6661.96 2.3026682e-15 1e-20
6663.43 2.3450135e-15 1e-20
6664.9 2.4510444e-15 1e-20
6666.37 2.5503995e-15 1e-20
6667.84 2.5075466e-15 1e-20
6669.31 2.4812392e-15 1e-20
6670.78 2.4913261e-15 1e-20
6672.25 2.4266274e-15 1e-20
6673.72 2.4241469e-15 1e-20
6675.19 2.4666112e-15 1e-20
6676.66 2.4401727e-15 1e-20
6678.13 2.426278e-15 1e-20
6679.6 2.389866e-15 1e-20
6681.07 2.4081437e-15 1e-20
6682.54 2.5008809e-15 1e-20
6684.01 2.41906e-15 1e-20
6685.48 2.3855626e-15 1e-20
6686.95 2.4839178e-15 1e-20
6688.42 2.4330848e-15 1e-20
6689.89 2.360302e-15 1e-20
6691.36 2.4012067e-15 1e-20
6692.83 2.4078726e-15 1e-20
6694.3 2.3593603e-15 1e-20
6695.77 2.415937e-15 1e-20
6697.24 2.4301437e-15 1e-20
6698.71 2.3265761e-15 1e-20
6700.18 2.3440495e-15 1e-20
6701.65 2.3644812e-15 1e-20
6703.12 2.3882045e-15 1e-20
6704.59 2.4359566e-15 1e-20
6706.06 2.3491084e-15 1e-20
6707.53 2.2892649e-15 1e-20
6709.0 2.3622095e-15 1e-20
6710.47 2.4444545e-15 1e-20
6711.94 2.5180318e-15 1e-20
6713.41 2.4639117e-15 1e-20
6714.88 2.3248302e-15 1e-20
6716.35 2.2953972e-15 1e-20
6717.82 2.3742926e-15 1e-20
6719.29 2.3825914e-15 1e-20
6720.76 2.3366435e-15 1e-20
6722.23 2.3608947e-15 1e-20
6723.7 2.336426e-15 1e-20
6725.17 2.3260656e-15 1e-20
6726.64 2.3713141e-15 1e-20
6728.11 2.3631431e-15 1e-20
6729.58 2.3154853e-15 1e-20
6731.05 2.3737222e-15 1e-20
6732.52 2.3160619e-15 1e-20
6733.99 2.2919926e-15 1e-20
6735.46 2.4006394e-15 1e-20
6736.93 2.2733401e-15 1e-20
6738.4 2.2314488e-15 1e-20
6739.87 2.2419709e-15 1e-20
6741.34 2.1608145e-15 1e-20
6742.81 2.2057583e-15 1e-20
6744.28 2.2187325e-15 1e-20
6745.75 2.2138936e-15 1e-20
6747.22 2.2818176e-15 1e-20
6748.69 2.302363e-15 1e-20
6750.16 2.2669369e-15 1e-20
6751.63 2.1110342e-15 1e-20
6753.1 2.1240914e-15 1e-20
6754.57 2.1917532e-15 1e-20
6756.04 2.1296619e-15 1e-20
6757.51 2.1556309e-15 1e-20
6758.98 2.1153089e-15 1e-20
6760.45 2.1260281e-15 1e-20
6761.92 2.2573439e-15 1e-20
6763.39 2.2720102e-15 1e-20
6764.86 2.1979465e-15 1e-20
6766.33 2.1636751e-15 1e-20
6767.8 2.1068092e-15 1e-20
6769.27 2.0886814e-15 1e-20
6770.74 2.1205711e-15 1e-20
6772.21 2.2613891e-15 1e-20
6773.68 2.2949166e-15 1e-20
6775.15 2.2452146e-15 1e-20
6776.62 2.248921e-15 1e-20
6778.09 2.1888219e-15 1e-20
6779.56 2.143239e-15 1e-20
6781.03 2.1041112e-15 1e-20
6782.5 2.1093162e-15 1e-20
6783.97 2.1220234e-15 1e-20
6785.44 2.1194653e-15 1e-20
6786.91 2.1350905e-15 1e-20
6788.38 2.1798274e-15 1e-20
6789.85 2.1378334e-15 1e-20
6791.32 2.2191433e-15 1e-20
6792.79 2.1337402e-15 1e-20
6794.26 2.0282467e-15 1e-20
6795.73 2.1652036e-15 1e-20
6797.2 2.1588966e-15 1e-20
6798.67 2.127099e-15 1e-20
6800.14 2.1259688e-15 1e-20
6801.61 2.0868177e-15 1e-20
6803.08 2.0354528e-15 1e-20
6804.55 2.0673618e-15 1e-20
6806.02 2.0803652e-15 1e-20
6807.49 2.1435513e-15 1e-20
6808.96 2.1169509e-15 1e-20
6810.43 2.0511727e-15 1e-20
6811.9 2.107007e-15 1e-20
6813.37 2.2045447e-15 1e-20
6814.84 2.2255609e-15 1e-20
6816.31 2.0635148e-15 1e-20
6817.78 1.9325317e-15 1e-20
6819.25 1.9793883e-15 1e-20
6820.72 1.9779344e-15 1e-20
6822.19 2.0264882e-15 1e-20
6823.66 2.016053e-15 1e-20
6825.13 1.9597657e-15 1e-20
6826.6 2.0221065e-15 1e-20
6828.07 2.132877e-15 1e-20
6829.54 2.1966108e-15 1e-20
6831.01 2.12447e-15 1e-20
6832.48 2.1421639e-15 1e-20
6833.95 2.2139402e-15 1e-20
6835.42 2.1129074e-15 1e-20
6836.89 2.057575e-15 1e-20
6838.36 2.0447985e-15 1e-20
6839.83 2.067056e-15 1e-20
6841.3 2.1304244e-15 1e-20
6842.77 2.142205e-15 1e-20
6844.24 2.1235285e-15 1e-20
6845.71 2.0842563e-15 1e-20
6847.18 1.9931397e-15 1e-20
6848.65 1.9977795e-15 1e-20
6850.12 2.0844543e-15 1e-20
6851.59 2.088383e-15 1e-20
6853.06 2.0979827e-15 1e-20
6854.53 2.1329257e-15 1e-20
6856.0 2.1034636e-15 1e-20
6857.47 1.9807207e-15 1e-20
6858.94 1.9436785e-15 1e-20
6860.41 2.0340941e-15 1e-20
6861.88 2.0642629e-15 1e-20
6863.35 2.046928e-15 1e-20
6864.82 2.1284204e-15 1e-20
6866.29 2.1271746e-15 1e-20
6867.76 1.9860892e-15 1e-20
6869.23 1.9442051e-15 1e-20
6870.7 2.1388492e-15 1e-20
6872.17 2.1693266e-15 1e-20
6873.64 2.0073739e-15 1e-20
6875.11 2.0247867e-15 1e-20
6876.58 2.1614068e-15 1e-20
6878.05 2.2555649e-15 1e-20
6879.52 2.1615796e-15 1e-20
6880.99 2.090792e-15 1e-20
6882.46 2.1755023e-15 1e-20
6883.93 2.1675707e-15 1e-20
6885.4 2.0427235e-15 1e-20
6886.87 1.9808806e-15 1e-20
6888.34 2.0813196e-15 1e-20
6889.81 2.196014e-15 1e-20
6891.28 2.1287103e-15 1e-20
6892.75 2.0873255e-15 1e-20
6894.22 2.0516819e-15 1e-20
6895.69 2.0382192e-15 1e-20
6897.16 2.0758664e-15 1e-20
6898.63 2.0335131e-15 1e-20
6900.1 2.0142643e-15 1e-20
6901.57 2.0495531e-15 1e-20
6903.04 2.0810225e-15 1e-20
6904.51 2.0685173e-15 1e-20
6905.98 2.0774309e-15 1e-20
6907.45 2.0903551e-15 1e-20
6908.92 2.1763004e-15 1e-20
6910.39 2.1722558e-15 1e-20
6911.86 1.9912002e-15 1e-20
6913.33 2.0082135e-15 1e-20
6914.8 2.1083743e-15 1e-20
6916.27 2.1034945e-15 1e-20
6917.74 2.1304696e-15 1e-20
6919.21 2.0992862e-15 1e-20
6920.68 2.0281963e-15 1e-20
6922.15 2.0433247e-15 1e-20
6923.62 1.9891277e-15 1e-20
6925.09 1.9716773e-15 1e-20
6926.56 2.0510284e-15 1e-20
6928.03 2.0814431e-15 1e-20
6929.5 2.0278596e-15 1e-20
6930.97 2.1124316e-15 1e-20
6932.44 2.2272196e-15 1e-20
6933.91 2.0655815e-15 1e-20
6935.38 2.0080957e-15 1e-20
6936.85 2.0884097e-15 1e-20
6938.32 2.0655769e-15 1e-20
6939.79 2.0640181e-15 1e-20
6941.26 2.0443985e-15 1e-20
6942.73 2.0121458e-15 1e-20
6944.2 2.1125434e-15 1e-20
6945.67 2.1296312e-15 1e-20
6947.14 2.0946644e-15 1e-20
6948.61 2.1467978e-15 1e-20
6950.08 2.0125823e-15 1e-20
6951.55 2.0211779e-15 1e-20
6953.02 2.1309253e-15 1e-20
6954.49 2.0841809e-15 1e-20
6955.96 2.1163137e-15 1e-20
6957.43 2.1325111e-15 1e-20
6958.9 2.1312198e-15 1e-20
6960.37 2.1430044e-15 1e-20
6961.84 2.1147666e-15 1e-20
6963.31 2.1183508e-15 1e-20
6964.78 2.0737162e-15 1e-20
6966.25 2.0876054e-15 1e-20
6967.72 2.0937566e-15 1e-20
6969.19 2.0192977e-15 1e-20
6970.66 1.9155701e-15 1e-20
6972.13 2.012433e-15 1e-20
6973.6 2.0671017e-15 1e-20
6975.07 2.0440265e-15 1e-20
6976.54 1.8838053e-15 1e-20
6978.01 1.9067948e-15 1e-20
6979.48 2.0142187e-15 1e-20
6980.95 2.0062473e-15 1e-20
6982.42 1.9175181e-15 1e-20
6983.89 2.0265928e-15 1e-20
6985.36 2.1509008e-15 1e-20
6986.83 2.0973571e-15 1e-20
6988.3 2.0695766e-15 1e-20
6989.77 2.0270492e-15 1e-20
6991.24 1.9678718e-15 1e-20
6992.71 1.9643766e-15 1e-20
6994.18 1.9065162e-15 1e-20
6995.65 1.8555028e-15 1e-20
6997.12 1.8554166e-15 1e-20
6998.59 1.8608348e-15 1e-20
7000.06 1.9528753e-15 1e-20
7001.53 2.0555317e-15 1e-20
7003.0 2.0210056e-15 1e-20
7004.47 1.8768711e-15 1e-20
7005.94 1.9572666e-15 1e-20
7007.41 1.9692114e-15 1e-20
7008.88 1.9811563e-15 1e-20
7010.35 1.9931013e-15 1e-20
7011.82 2.005046e-15 1e-20
7013.29 2.0169909e-15 1e-20
7014.76 2.0289359e-15 1e-20
7016.23 2.0408808e-15 1e-20
7017.7 2.0528254e-15 1e-20
7019.17 2.0647705e-15 1e-20
7020.64 2.0767151e-15 1e-20
7022.11 2.0767151e-15 1e-20
7023.58 1.8925854e-15 1e-20
7025.05 1.8532338e-15 1e-20
7026.52 1.9801733e-15 1e-20
7027.99 2.0268819e-15 1e-20
7029.46 1.9077772e-15 1e-20
7030.93 1.9711573e-15 1e-20
7032.4 1.9978286e-15 1e-20
7033.87 1.966687e-15 1e-20
7035.34 1.9375722e-15 1e-20
7036.81 1.994597e-15 1e-20
7038.28 2.0888137e-15 1e-20
7039.75 2.0131551e-15 1e-20
7041.22 2.027043e-15 1e-20
7042.69 1.9893477e-15 1e-20
7044.16 1.9401518e-15 1e-20
7045.63 1.9598837e-15 1e-20
7047.1 1.9566067e-15 1e-20
7048.57 1.9270832e-15 1e-20
7050.04 1.8384621e-15 1e-20
7051.51 1.8845757e-15 1e-20
7052.98 2.0936181e-15 1e-20
7054.45 2.1052521e-15 1e-20
7055.92 2.0151054e-15 1e-20
7057.39 1.980849e-15 1e-20
7058.86 1.9159032e-15 1e-20
7060.33 1.957649e-15 1e-20
7061.8 2.0330578e-15 1e-20
7063.27 2.0228439e-15 1e-20
7064.74 1.9958347e-15 1e-20
7066.21 2.013089e-15 1e-20
7067.68 2.0659896e-15 1e-20
7069.15 2.0614002e-15 1e-20
7070.62 1.9497527e-15 1e-20
7072.09 2.0012405e-15 1e-20
7073.56 2.0124912e-15 1e-20
7075.03 1.9428369e-15 1e-20
7076.5 2.0634184e-15 1e-20
7077.97 2.010416e-15 1e-20
7079.44 2.0976972e-15 1e-20
7080.91 2.1375658e-15 1e-20
7082.38 1.9817378e-15 1e-20
7083.85 1.9590481e-15 1e-20
7085.32 1.973887e-15 1e-20
7086.79 1.9055459e-15 1e-20
7088.26 1.9061756e-15 1e-20
7089.73 1.9173057e-15 1e-20
7091.2 2.1039648e-15 1e-20
7092.67 2.0561744e-15 1e-20
7094.14 2.0384271e-15 1e-20
7095.61 1.9869085e-15 1e-20
7097.08 2.0218994e-15 1e-20
7098.55 2.0137766e-15 1e-20
7100.02 2.0437478e-15 1e-20
7101.49 2.0278998e-15 1e-20
7102.96 2.0471217e-15 1e-20
7104.43 2.1194183e-15 1e-20
7105.9 2.1104921e-15 1e-20
7107.37 2.0702572e-15 1e-20
7108.84 2.014354e-15 1e-20
7110.31 2.1026098e-15 1e-20
7111.78 2.149827e-15 1e-20
7113.25 2.061322e-15 1e-20
7114.72 2.0515985e-15 1e-20
7116.19 2.0729137e-15 1e-20
7117.66 2.1378205e-15 1e-20
7119.13 2.1005106e-15 1e-20
7120.6 2.0653854e-15 1e-20
7122.07 2.0661762e-15 1e-20
7123.54 2.0729543e-15 1e-20
7125.01 2.1081081e-15 1e-20
7126.48 2.0893891e-15 1e-20
7127.95 2.034365e-15 1e-20
7129.42 1.9983733e-15 1e-20
7130.89 2.1375181e-15 1e-20
7132.36 2.2345619e-15 1e-20
7133.83 2.1366849e-15 1e-20
7135.3 2.0263398e-15 1e-20
7136.77 2.0730047e-15 1e-20
7138.24 1.9773296e-15 1e-20
7139.71 1.943504e-15 1e-20
7141.18 2.0337136e-15 1e-20
7142.65 2.1689409e-15 1e-20
7144.12 2.1462794e-15 1e-20
7145.59 2.1062179e-15 1e-20
7147.06 2.219375e-15 1e-20
7148.53 2.18604e-15 1e-20
7150.0 2.0532136e-15 1e-20
7151.47 2.0529732e-15 1e-20
7152.94 2.1613431e-15 1e-20
7154.41 2.2472693e-15 1e-20
7155.88 2.2108608e-15 1e-20
7157.35 2.1073428e-15 1e-20
7158.82 2.1105448e-15 1e-20
7160.29 2.243367e-15 1e-20
7161.76 2.2520751e-15 1e-20
7163.23 2.1779743e-15 1e-20
7164.7 2.1182414e-15 1e-20
7166.17 2.0938646e-15 1e-20
7167.64 2.1353364e-15 1e-20
7169.11 2.1661601e-15 1e-20
7170.58 2.1242991e-15 1e-20
7172.05 2.0894785e-15 1e-20
7173.52 2.0620708e-15 1e-20
7174.99 2.0046511e-15 1e-20
7176.46 1.9797415e-15 1e-20
7177.93 2.0202888e-15 1e-20
7179.4 2.0260516e-15 1e-20
7180.87 2.0279176e-15 1e-20
7182.34 2.037884e-15 1e-20
7183.81 1.9891868e-15 1e-20
7185.28 1.8681809e-15 1e-20
7186.75 1.9289348e-15 1e-20
7188.22 2.1621797e-15 1e-20
7189.69 2.0995905e-15 1e-20
7191.16 1.9736539e-15 1e-20
7192.63 2.003743e-15 1e-20
7194.1 2.0403512e-15 1e-20
7195.57 2.142432e-15 1e-20
7197.04 2.2012171e-15 1e-20
7198.51 2.1033196e-15 1e-20
7199.98 1.967263e-15 1e-20
7201.45 2.0415662e-15 1e-20
7202.92 2.1462841e-15 1e-20
7204.39 2.1223692e-15 1e-20
7205.86 2.0554646e-15 1e-20
7207.33 1.9164982e-15 1e-20
7208.8 1.9121623e-15 1e-20
7210.27 2.0483885e-15 1e-20
7211.74 2.1260773e-15 1e-20
7213.21 2.1029562e-15 1e-20
7214.68 2.1018159e-15 1e-20
7216.15 2.10203e-15 1e-20
7217.62 2.0159541e-15 1e-20
7219.09 1.9767362e-15 1e-20
7220.56 2.0593861e-15 1e-20
7222.03 2.1046914e-15 1e-20
7223.5 2.1366105e-15 1e-20
7224.97 2.0384593e-15 1e-20
7226.44 1.9698113e-15 1e-20
7227.91 2.0295041e-15 1e-20
7229.38 2.0107124e-15 1e-20
7230.85 2.0918758e-15 1e-20
7232.32 2.1591463e-15 1e-20
7233.79 2.0365848e-15 1e-20
7235.26 1.9921438e-15 1e-20
7236.73 2.0743276e-15 1e-20
7238.2 2.0968394e-15 1e-20
7239.67 2.0002351e-15 1e-20
7241.14 2.0804457e-15 1e-20
7242.61 2.1052962e-15 1e-20
7244.08 1.9438114e-15 1e-20
7245.55 1.9221166e-15 1e-20
7247.02 1.9649913e-15 1e-20
7248.49 2.0761292e-15 1e-20
7249.96 2.0196755e-15 1e-20
7251.43 1.8623716e-15 1e-20
7252.9 1.9274768e-15 1e-20
7254.37 2.0105083e-15 1e-20
7255.84 1.9620498e-15 1e-20
7257.31 1.9325578e-15 1e-20
7258.78 2.0794132e-15 1e-20
7260.25 2.138035e-15 1e-20
7261.72 2.0602827e-15 1e-20
7263.19 2.0079153e-15 1e-20
7264.66 1.8635432e-15 1e-20
7266.13 1.7476737e-15 1e-20
7267.6 1.9481838e-15 1e-20
7269.07 2.0244322e-15 1e-20
7270.54 2.0170112e-15 1e-20
7272.01 1.9678388e-15 1e-20
7273.48 1.8813292e-15 1e-20
7274.95 1.8332158e-15 1e-20
7276.42 1.975245e-15 1e-20
7277.89 2.0285742e-15 1e-20
7279.36 1.937626e-15 1e-20
7280.83 1.843485e-15 1e-20
7282.3 1.8514321e-15 1e-20
7283.77 1.8460905e-15 1e-20
7285.24 1.8002375e-15 1e-20
7286.71 1.8720862e-15 1e-20
7288.18 1.9418427e-15 1e-20
7289.65 1.9835167e-15 1e-20
7291.12 1.9143315e-15 1e-20
7292.59 1.9553288e-15 1e-20
7294.06 2.0470072e-15 1e-20
7295.53 1.9231843e-15 1e-20
7297.0 1.8227954e-15 1e-20
7298.47 1.899411e-15 1e-20
7299.94 1.9800606e-15 1e-20
7301.41 1.9604889e-15 1e-20
7302.88 1.9186959e-15 1e-20
7304.35 1.8826279e-15 1e-20
7305.82 1.8508964e-15 1e-20
7307.29 1.9022058e-15 1e-20
7308.76 1.8486615e-15 1e-20
7310.23 1.8317498e-15 1e-20
7311.7 1.8091097e-15 1e-20
7313.17 1.8279579e-15 1e-20
7314.64 1.8654944e-15 1e-20
7316.11 1.8725436e-15 1e-20
7317.58 1.7733596e-15 1e-20
7319.05 1.9047647e-15 1e-20
7320.52 2.0024822e-15 1e-20
7321.99 1.9085624e-15 1e-20
7323.46 1.7550248e-15 1e-20
7324.93 1.7407097e-15 1e-20
7326.4 1.8136013e-15 1e-20
7327.87 1.8041764e-15 1e-20
7329.34 1.8980892e-15 1e-20
7330.81 1.9337472e-15 1e-20
7332.28 1.9371845e-15 1e-20
7333.75 1.8047265e-15 1e-20
7335.22 1.8044481e-15 1e-20
7336.69 1.83099e-15 1e-20
7338.16 2.025137e-15 1e-20
7339.63 2.0451689e-15 1e-20
7341.1 1.8481912e-15 1e-20
7342.57 1.8470966e-15 1e-20
7344.04 1.8679251e-15 1e-20
7345.51 1.814331e-15 1e-20
7346.98 1.8234682e-15 1e-20
7348.45 1.8714405e-15 1e-20
7349.92 1.8139649e-15 1e-20
7351.39 1.7771876e-15 1e-20
7352.86 1.8313549e-15 1e-20
7354.33 1.8913805e-15 1e-20
7355.8 1.9301321e-15 1e-20
7357.27 1.7228871e-15 1e-20
7358.74 1.6794244e-15 1e-20
7360.21 1.7400727e-15 1e-20
7361.68 1.8244469e-15 1e-20
7363.15 1.9111427e-15 1e-20
7364.62 1.7578988e-15 1e-20
7366.09 1.7239929e-15 1e-20
7367.56 1.7936723e-15 1e-20
7369.03 1.7207724e-15 1e-20
7370.5 1.767634e-15 1e-20
7371.97 1.7742759e-15 1e-20
7373.44 1.8322085e-15 1e-20
7374.91 1.8408535e-15 1e-20
7376.38 1.6881446e-15 1e-20
7377.85 1.7125971e-15 1e-20
7379.32 1.7998203e-15 1e-20
7380.79 1.6924017e-15 1e-20
7382.26 1.7495802e-15 1e-20
7383.73 1.7735089e-15 1e-20
7385.2 1.7789212e-15 1e-20
7386.67 1.802264e-15 1e-20
7388.14 1.7086694e-15 1e-20
7389.61 1.7001356e-15 1e-20
7391.08 1.7001182e-15 1e-20
7392.55 1.6313442e-15 1e-20
7394.02 1.6225635e-15 1e-20
7395.49 1.685204e-15 1e-20
7396.96 1.8317215e-15 1e-20
7398.43 1.7566617e-15 1e-20
7399.9 1.5802967e-15 1e-20
7401.37 1.6413353e-15 1e-20
7402.84 1.7307825e-15 1e-20
7404.31 1.6754585e-15 1e-20
7405.78 1.6756759e-15 1e-20
7407.25 1.788494e-15 1e-20
7408.72 1.7921301e-15 1e-20
7410.19 1.7513559e-15 1e-20
7411.66 1.7592673e-15 1e-20
7413.13 1.7778326e-15 1e-20
7414.6 1.6640496e-15 1e-20
7416.07 1.6123651e-15 1e-20
7417.54 1.7120099e-15 1e-20
