3531.682 1.90462e-15 1e-20
3533.6266 1.65337e-15 1e-20
3535.5713 1.65664e-15 1e-20
3537.5159 1.82021e-15 1e-20
3539.4605 1.68981e-15 1e-20
3541.4051 1.64157e-15 1e-20
3543.3497 1.91293e-15 1e-20
3545.2943 1.93159e-15 1e-20
3547.2389 1.80815e-15 1e-20
3549.1835 1.4573e-15 1e-20
3551.1282 1.71459e-15 1e-20
3553.0728 1.76919e-15 1e-20
3555.0174 1.78679e-15 1e-20
3556.962 1.87958e-15 1e-20
3558.9066 1.95877e-15 1e-20
3560.8512 1.69037e-15 1e-20
3562.7958 1.6961e-15 1e-20
3564.7404 1.91361e-15 1e-20
3566.685 1.94323e-15 1e-20
3568.6297 1.895e-15 1e-20
3570.5743 1.91378e-15 1e-20
3572.5189 1.83309e-15 1e-20
3574.4635 1.80635e-15 1e-20
3576.4081 1.97726e-15 1e-20
3578.3527 2.05608e-15 1e-20
3580.2973 2.02232e-15 1e-20
3582.2419 2.16034e-15 1e-20
3584.1866 1.91449e-15 1e-20
3586.1312 1.87777e-15 1e-20
3588.0758 1.87337e-15 1e-20
3590.0204 1.86461e-15 1e-20
3591.965 1.93289e-15 1e-20
3593.9096 1.83471e-15 1e-20
3595.8542 1.89474e-15 1e-20
3597.7988 1.89001e-15 1e-20
3599.7435 1.84663e-15 1e-20
3601.6881 1.76782e-15 1e-20
3603.6327 1.84765e-15 1e-20
3605.5773 1.89639e-15 1e-20
3607.5219 1.81175e-15 1e-20
3609.4665 1.76281e-15 1e-20
3611.4111 1.74162e-15 1e-20
3613.3557 1.77199e-15 1e-20
3615.3004 1.71154e-15 1e-20
3617.245 1.64367e-15 1e-20
3619.1896 1.67392e-15 1e-20
3621.1342 1.62981e-15 1e-20
3623.0788 1.59183e-15 1e-20
3625.0234 1.49022e-15 1e-20
3626.968 1.54055e-15 1e-20
3628.9126 1.47274e-15 1e-20
3630.8572 1.33726e-15 1e-20
3632.8019 1.31048e-15 1e-20
3634.7465 1.30477e-15 1e-20
3636.6911 1.26249e-15 1e-20
3638.6357 1.1775e-15 1e-20
3640.5803 1.11454e-15 1e-20
3642.5249 1.12878e-15 1e-20
3644.4695 1.10469e-15 1e-20
3646.4141 9.87902e-16 1e-20
3648.3588 1.00109e-15 1e-20
3650.3034 1.02162e-15 1e-20
3652.248 9.62898e-16 1e-20
3654.1926 9.02155e-16 1e-20
3656.1372 8.88933e-16 1e-20
3658.0818 9.1682e-16 1e-20
3660.0264 9.28721e-16 1e-20
3661.971 8.524e-16 1e-20
3663.9157 7.48959e-16 1e-20
3665.8603 7.60919e-16 1e-20
3667.8049 7.5415e-16 1e-20
3669.7495 7.8887e-16 1e-20
3671.6941 7.34325e-16 1e-20
3673.6387 7.49965e-16 1e-20
3675.5833 7.30869e-16 1e-20
3677.5279 7.02727e-16 1e-20
3679.4726 7.28533e-16 1e-20
3681.4172 7.03041e-16 1e-20
3683.3618 6.77784e-16 1e-20
3685.3064 6.65925e-16 1e-20
3687.251 6.41172e-16 1e-20
3689.1956 6.69554e-16 1e-20
3691.1402 6.84026e-16 1e-20
3693.0848 6.6694e-16 1e-20
3695.0294 6.8148e-16 1e-20
3696.9741 6.69635e-16 1e-20
3698.9187 6.41996e-16 1e-20
3700.8633 6.81118e-16 1e-20
3702.8079 7.21429e-16 1e-20
3704.7525 6.70758e-16 1e-20
3706.6971 6.95386e-16 1e-20
3708.6417 6.95913e-16 1e-20
3710.5863 6.95247e-16 1e-20
3712.531 6.84588e-16 1e-20
3714.4756 6.72223e-16 1e-20
3716.4202 6.71467e-16 1e-20
3718.3648 6.94427e-16 1e-20
3720.3094 7.34916e-16 1e-20
3722.254 7.38133e-16 1e-20
3724.1986 7.4061e-16 1e-20
3726.1432 7.18406e-16 1e-20
3728.0879 7.40306e-16 1e-20
3730.0325 7.74495e-16 1e-20
3731.9771 7.62426e-16 1e-20
3733.9217 7.55389e-16 1e-20
3735.8663 7.64471e-16 1e-20
3737.8109 7.80754e-16 1e-20
3739.7555 8.32256e-16 1e-20
3741.7001 8.1911e-16 1e-20
3743.6447 8.44001e-16 1e-20
3745.5894 8.73073e-16 1e-20
3747.534 8.79245e-16 1e-20
3749.4786 8.98819e-16 1e-20
3751.4232 9.07033e-16 1e-20
3753.3678 9.99661e-16 1e-20
3755.3124 9.9138e-16 1e-20
3757.257 9.19272e-16 1e-20
3759.2016 9.69078e-16 1e-20
3761.1463 1.0113e-15 1e-20
3763.0909 1.03509e-15 1e-20
3765.0355 1.02846e-15 1e-20
3766.9801 1.06879e-15 1e-20
3768.9247 1.06142e-15 1e-20
3770.8693 1.09905e-15 1e-20
3772.8139 1.10511e-15 1e-20
3774.7585 1.07821e-15 1e-20
3776.7032 1.08012e-15 1e-20
3778.6478 1.11846e-15 1e-20
3780.5924 1.12934e-15 1e-20
3782.537 1.15616e-15 1e-20
3784.4816 1.11133e-15 1e-20
3786.4262 1.15751e-15 1e-20
3788.3708 1.15094e-15 1e-20
3790.3154 1.15587e-15 1e-20
3792.26 1.18885e-15 1e-20
3794.2047 1.1675e-15 1e-20
3796.1493 1.1716e-15 1e-20
3798.0939 1.21249e-15 1e-20
3800.0385 1.21895e-15 1e-20
3801.9831 1.25934e-15 1e-20
3803.9277 1.30387e-15 1e-20
3805.8723 1.35496e-15 1e-20
3807.817 1.35362e-15 1e-20
3809.7616 1.3792e-15 1e-20
3811.7062 1.39332e-15 1e-20
3813.6508 1.4143e-15 1e-20
3815.5954 1.42384e-15 1e-20
3817.54 1.4584e-15 1e-20
3819.4846 1.44664e-15 1e-20
3821.4292 1.45714e-15 1e-20
3823.3738 1.49248e-15 1e-20
3825.3185 1.46373e-15 1e-20
3827.2631 1.46413e-15 1e-20
3829.2077 1.48986e-15 1e-20
3831.1523 1.49136e-15 1e-20
3833.0969 1.51176e-15 1e-20
3835.0415 1.56029e-15 1e-20
3836.9861 1.56084e-15 1e-20
3838.9307 1.58899e-15 1e-20
3840.8754 1.61042e-15 1e-20
3842.82 1.63237e-15 1e-20
3844.7646 1.6771e-15 1e-20
3846.7092 1.73103e-15 1e-20
3848.6538 1.77815e-15 1e-20
3850.5984 1.78644e-15 1e-20
3852.543 1.77099e-15 1e-20
3854.4876 1.77555e-15 1e-20
3856.4323 1.85576e-15 1e-20
3858.3769 1.8807e-15 1e-20
3860.3215 1.88922e-15 1e-20
3862.2661 1.91242e-15 1e-20
3864.2107 1.93202e-15 1e-20
3866.1553 1.93615e-15 1e-20
3868.0999 1.9202e-15 1e-20
3870.0445 1.92458e-15 1e-20
3871.9891 1.95658e-15 1e-20
3873.9338 1.91453e-15 1e-20
3875.8784 1.94627e-15 1e-20
3877.823 1.95598e-15 1e-20
3879.7676 1.96057e-15 1e-20
3881.7122 1.94811e-15 1e-20
3883.6568 1.97665e-15 1e-20
3885.6014 2.01329e-15 1e-20
3887.546 2.00653e-15 1e-20
3889.4907 1.9814e-15 1e-20
3891.4353 1.97494e-15 1e-20
3893.3799 1.95503e-15 1e-20
3895.3245 1.93805e-15 1e-20
3897.2691 1.95814e-15 1e-20
3899.2137 1.98384e-15 1e-20
3901.1583 2.06377e-15 1e-20
3903.1029 2.02875e-15 1e-20
3905.0476 2.00803e-15 1e-20
3906.9922 2.01496e-15 1e-20
3908.9368 2.02961e-15 1e-20
3910.8814 2.04978e-15 1e-20
3912.826 2.0689e-15 1e-20
3914.7706 2.08172e-15 1e-20
3916.7152 2.09304e-15 1e-20
3918.6598 2.10995e-15 1e-20
3920.6044 2.10912e-15 1e-20
3922.5491 2.11322e-15 1e-20
3924.4937 2.13981e-15 1e-20
3926.4383 2.15871e-15 1e-20
3928.3829 2.15587e-15 1e-20
3930.3275 2.18082e-15 1e-20
3932.2721 2.14452e-15 1e-20
3934.2167 2.13414e-15 1e-20
3936.1614 2.19312e-15 1e-20
3938.106 2.18633e-15 1e-20
3940.0506 2.15671e-15 1e-20
3941.9952 2.16189e-15 1e-20
3943.9398 2.18181e-15 1e-20
3945.8844 2.19635e-15 1e-20
3947.829 2.18476e-15 1e-20
3949.7736 2.20077e-15 1e-20
3951.7182 2.19605e-15 1e-20
3953.6629 2.20171e-15 1e-20
3955.6075 2.1456e-15 1e-20
3957.5521 2.09029e-15 1e-20
3959.4967 2.05384e-15 1e-20
3961.4413 2.05593e-15 1e-20
3963.3859 2.08884e-15 1e-20
3965.3305 2.10807e-15 1e-20
3967.2751 2.12152e-15 1e-20
3969.2197 2.13443e-15 1e-20
3971.1644 2.14906e-15 1e-20
3973.109 2.08577e-15 1e-20
3975.0536 2.08313e-15 1e-20
3976.9982 2.10645e-15 1e-20
3978.9428 2.07322e-15 1e-20
3980.8874 2.06757e-15 1e-20
3982.832 2.02174e-15 1e-20
3984.7767 1.98367e-15 1e-20
3986.7213 1.9784e-15 1e-20
3988.6659 1.97234e-15 1e-20
3990.6105 1.98651e-15 1e-20
3992.5551 1.97251e-15 1e-20
3994.4997 1.95416e-15 1e-20
3996.4443 1.97707e-15 1e-20
3998.3889 1.93995e-15 1e-20
4000.3335 1.92542e-15 1e-20
4002.2782 1.95227e-15 1e-20
4004.2228 1.94775e-15 1e-20
4006.1674 1.96462e-15 1e-20
4008.112 1.95599e-15 1e-20
4010.0566 1.90402e-15 1e-20
4012.0012 1.90766e-15 1e-20
4013.9458 1.89824e-15 1e-20
4015.8904 1.8722e-15 1e-20
4017.8351 1.85879e-15 1e-20
4019.7797 1.82568e-15 1e-20
4021.7243 1.75423e-15 1e-20
4023.6689 1.67872e-15 1e-20
4025.6135 1.67691e-15 1e-20
4027.5581 1.62318e-15 1e-20
4029.5027 1.57242e-15 1e-20
4031.4473 1.53772e-15 1e-20
4033.392 1.51425e-15 1e-20
4035.3366 1.53253e-15 1e-20
4037.2812 1.59573e-15 1e-20
4039.2258 1.64205e-15 1e-20
4041.1704 1.75864e-15 1e-20
4043.115 1.87835e-15 1e-20
4045.0596 1.93851e-15 1e-20
4047.0042 1.99745e-15 1e-20
4048.9488 2.06104e-15 1e-20
4050.8935 2.08243e-15 1e-20
4052.8381 2.12088e-15 1e-20
4054.7827 2.1048e-15 1e-20
4056.7273 2.12839e-15 1e-20
4058.6719 2.15501e-15 1e-20
4060.6165 2.16444e-15 1e-20
4062.5611 2.1259e-15 1e-20
4064.5057 2.12146e-15 1e-20
4066.4504 2.15442e-15 1e-20
4068.395 2.16816e-15 1e-20
4070.3396 2.13124e-15 1e-20
4072.2842 2.11348e-15 1e-20
4074.2288 2.14413e-15 1e-20
4076.1734 2.11471e-15 1e-20
4078.118 2.09767e-15 1e-20
4080.0626 2.13706e-15 1e-20
4082.0073 2.1242e-15 1e-20
4083.9519 2.11081e-15 1e-20
4085.8965 2.11182e-15 1e-20
4087.8411 2.14693e-15 1e-20
4089.7857 2.13943e-15 1e-20
4091.7303 2.12792e-15 1e-20
4093.6749 2.09678e-15 1e-20
4095.6195 2.0936e-15 1e-20
4097.5641 2.1102e-15 1e-20
4099.5088 2.05553e-15 1e-20
4101.4534 2.02445e-15 1e-20
4103.398 2.03977e-15 1e-20
4105.3426 2.0212e-15 1e-20
4107.2872 2.00295e-15 1e-20
4109.2318 1.9793e-15 1e-20
4111.1764 1.97101e-15 1e-20
4113.121 1.96102e-15 1e-20
4115.0657 1.90849e-15 1e-20
4117.0103 1.92161e-15 1e-20
4118.9549 1.93137e-15 1e-20
4120.8995 1.91558e-15 1e-20
4122.8441 1.88803e-15 1e-20
4124.7887 1.90659e-15 1e-20
4126.7333 1.9122e-15 1e-20
4128.6779 1.88832e-15 1e-20
4130.6226 1.87498e-15 1e-20
4132.5672 1.84128e-15 1e-20
4134.5118 1.80712e-15 1e-20
4136.4564 1.80464e-15 1e-20
4138.401 1.81968e-15 1e-20
4140.3456 1.77792e-15 1e-20
4142.2902 1.75454e-15 1e-20
4144.2348 1.73685e-15 1e-20
4146.1794 1.71816e-15 1e-20
4148.1241 1.73791e-15 1e-20
4150.0687 1.73472e-15 1e-20
4152.0133 1.74338e-15 1e-20
4153.9579 1.74448e-15 1e-20
4155.9025 1.72041e-15 1e-20
4157.8471 1.72776e-15 1e-20
4159.7917 1.71997e-15 1e-20
4161.7364 1.71489e-15 1e-20
4163.681 1.7099e-15 1e-20
4165.6256 1.74115e-15 1e-20
4167.5702 1.72881e-15 1e-20
4169.5148 1.67454e-15 1e-20
4171.4594 1.67843e-15 1e-20
4173.404 1.71981e-15 1e-20
4175.3486 1.66877e-15 1e-20
4177.2932 1.64454e-15 1e-20
4179.2379 1.62732e-15 1e-20
4181.1825 1.62532e-15 1e-20
4183.1271 1.60922e-15 1e-20
4185.0717 1.6103e-15 1e-20
4187.0163 1.57888e-15 1e-20
4188.9609 1.56914e-15 1e-20
4190.9055 1.52785e-15 1e-20
4192.8501 1.53374e-15 1e-20
4194.7948 1.51108e-15 1e-20
4196.7394 1.47359e-15 1e-20
4198.684 1.46117e-15 1e-20
4200.6286 1.43905e-15 1e-20
4202.5732 1.43201e-15 1e-20
4204.5178 1.42928e-15 1e-20
4206.4624 1.42146e-15 1e-20
4208.407 1.40891e-15 1e-20
4210.3517 1.37499e-15 1e-20
4212.2963 1.35104e-15 1e-20
4214.2409 1.3596e-15 1e-20
4216.1855 1.34979e-15 1e-20
4218.1301 1.315e-15 1e-20
4220.0747 1.31343e-15 1e-20
4222.0193 1.29749e-15 1e-20
4223.9639 1.27006e-15 1e-20
4225.9085 1.25472e-15 1e-20
4227.8532 1.24604e-15 1e-20
4229.7978 1.24539e-15 1e-20
4231.7424 1.25557e-15 1e-20
4233.687 1.2451e-15 1e-20
4235.6316 1.23214e-15 1e-20
4237.5762 1.2315e-15 1e-20
4239.5208 1.20074e-15 1e-20
4241.4654 1.18172e-15 1e-20
4243.4101 1.19792e-15 1e-20
4245.3547 1.17058e-15 1e-20
4247.2993 1.18225e-15 1e-20
4249.2439 1.20009e-15 1e-20
4251.1885 1.14966e-15 1e-20
4253.1331 1.13202e-15 1e-20
4255.0777 1.12477e-15 1e-20
4257.0223 1.10913e-15 1e-20
4258.967 1.1136e-15 1e-20
4260.9116 1.08399e-15 1e-20
4262.8562 1.07516e-15 1e-20
4264.8008 1.06689e-15 1e-20
4266.7454 1.06946e-15 1e-20
4268.69 1.05949e-15 1e-20
4270.6346 1.07583e-15 1e-20
4272.5792 1.05935e-15 1e-20
4274.5238 1.04418e-15 1e-20
4276.4685 1.04825e-15 1e-20
4278.4131 1.031e-15 1e-20
4280.3577 1.03365e-15 1e-20
4282.3023 1.02038e-15 1e-20
4284.2469 1.00802e-15 1e-20
4286.1915 1.02007e-15 1e-20
4288.1361 1.02904e-15 1e-20
4290.0807 1.05976e-15 1e-20
4292.0254 1.05099e-15 1e-20
4293.97 1.03856e-15 1e-20
4295.9146 1.06085e-15 1e-20
4297.8592 1.06866e-15 1e-20
4299.8038 1.05996e-15 1e-20
4301.7484 1.06758e-15 1e-20
4303.693 1.06845e-15 1e-20
4305.6376 1.07878e-15 1e-20
4307.5823 1.08333e-15 1e-20
4309.5269 1.08936e-15 1e-20
4311.4715 1.07942e-15 1e-20
4313.4161 1.10561e-15 1e-20
4315.3607 1.12818e-15 1e-20
4317.3053 1.13753e-15 1e-20
4319.2499 1.13258e-15 1e-20
4321.1945 1.12993e-15 1e-20
4323.1392 1.12321e-15 1e-20
4325.0838 1.14961e-15 1e-20
4327.0284 1.16467e-15 1e-20
4328.973 1.1959e-15 1e-20
4330.9176 1.17849e-15 1e-20
4332.8622 1.20705e-15 1e-20
4334.8068 1.22636e-15 1e-20
4336.7514 1.24068e-15 1e-20
4338.696 1.25673e-15 1e-20
4340.6407 1.26249e-15 1e-20
4342.5853 1.29201e-15 1e-20
4344.5299 1.30601e-15 1e-20
4346.4745 1.32222e-15 1e-20
4348.4191 1.31018e-15 1e-20
4350.3637 1.31475e-15 1e-20
4352.3083 1.34374e-15 1e-20
4354.2529 1.32893e-15 1e-20
4356.1976 1.33721e-15 1e-20
4358.1422 1.35219e-15 1e-20
4360.0868 1.38066e-15 1e-20
4362.0314 1.41696e-15 1e-20
4363.976 1.41851e-15 1e-20
4365.9206 1.40446e-15 1e-20
4367.8652 1.41303e-15 1e-20
4369.8098 1.42316e-15 1e-20
4371.7545 1.41577e-15 1e-20
4373.6991 1.42976e-15 1e-20
4375.6437 1.46005e-15 1e-20
4377.5883 1.44469e-15 1e-20
4379.5329 1.457e-15 1e-20
4381.4775 1.46092e-15 1e-20
4383.4221 1.45917e-15 1e-20
4385.3667 1.44462e-15 1e-20
4387.3114 1.43338e-15 1e-20
4389.256 1.41494e-15 1e-20
4391.2006 1.39741e-15 1e-20
4393.1452 1.38492e-15 1e-20
4395.0898 1.36989e-15 1e-20
4397.0344 1.34583e-15 1e-20
4398.979 1.32828e-15 1e-20
4400.9236 1.33617e-15 1e-20
4402.8682 1.33492e-15 1e-20
4404.8129 1.30881e-15 1e-20
4406.7575 1.30929e-15 1e-20
4408.7021 1.29254e-15 1e-20
4410.6467 1.29167e-15 1e-20
4412.5913 1.29496e-15 1e-20
4414.5359 1.27732e-15 1e-20
4416.4805 1.25864e-15 1e-20
4418.4251 1.25651e-15 1e-20
4420.3698 1.23519e-15 1e-20
4422.3144 1.23947e-15 1e-20
4424.259 1.26387e-15 1e-20
4426.2036 1.25594e-15 1e-20
4428.1482 1.26387e-15 1e-20
4430.0928 1.26377e-15 1e-20
4432.0374 1.26231e-15 1e-20
4433.982 1.28307e-15 1e-20
4435.9267 1.27966e-15 1e-20
4437.8713 1.29114e-15 1e-20
4439.8159 1.29764e-15 1e-20
4441.7605 1.3153e-15 1e-20
4443.7051 1.32901e-15 1e-20
4445.6497 1.35422e-15 1e-20
4447.5943 1.35937e-15 1e-20
4449.5389 1.37638e-15 1e-20
4451.4836 1.38492e-15 1e-20
4453.4282 1.40946e-15 1e-20
4455.3728 1.42465e-15 1e-20
4457.3174 1.42512e-15 1e-20
4459.262 1.41093e-15 1e-20
4461.2066 1.43063e-15 1e-20
4463.1512 1.45964e-15 1e-20
4465.0958 1.4634e-15 1e-20
4467.0404 1.45438e-15 1e-20
4468.9851 1.44987e-15 1e-20
4470.9297 1.48226e-15 1e-20
4472.8743 1.4853e-15 1e-20
4474.8189 1.48295e-15 1e-20
4476.7635 1.51206e-15 1e-20
4478.7081 1.48705e-15 1e-20
4480.6527 1.50616e-15 1e-20
4482.5973 1.50977e-15 1e-20
4484.542 1.52521e-15 1e-20
4486.4866 1.52616e-15 1e-20
4488.4312 1.53912e-15 1e-20
4490.3758 1.52024e-15 1e-20
4492.3204 1.54377e-15 1e-20
4494.265 1.5525e-15 1e-20
4496.2096 1.54575e-15 1e-20
4498.1542 1.54298e-15 1e-20
4500.0989 1.54019e-15 1e-20
4502.0435 1.56631e-15 1e-20
4503.9881 1.56164e-15 1e-20
4505.9327 1.55286e-15 1e-20
4507.8773 1.54485e-15 1e-20
4509.8219 1.526e-15 1e-20
4511.7665 1.52004e-15 1e-20
4513.7111 1.52887e-15 1e-20
4515.6557 1.498e-15 1e-20
4517.6004 1.50551e-15 1e-20
4519.545 1.52619e-15 1e-20
4521.4896 1.52573e-15 1e-20
4523.4342 1.50748e-15 1e-20
4525.3788 1.50921e-15 1e-20
4527.3234 1.48632e-15 1e-20
4529.268 1.4733e-15 1e-20
4531.2126 1.48727e-15 1e-20
4533.1573 1.47927e-15 1e-20
4535.1019 1.47162e-15 1e-20
4537.0465 1.48884e-15 1e-20
4538.9911 1.48795e-15 1e-20
4540.9357 1.47145e-15 1e-20
4542.8803 1.44367e-15 1e-20
4544.8249 1.46031e-15 1e-20
4546.7695 1.45202e-15 1e-20
4548.7142 1.43772e-15 1e-20
4550.6588 1.42455e-15 1e-20
4552.6034 1.43661e-15 1e-20
4554.548 1.43189e-15 1e-20
4556.4926 1.42108e-15 1e-20
4558.4372 1.41667e-15 1e-20
4560.3818 1.44109e-15 1e-20
4562.3264 1.4441e-15 1e-20
4564.271 1.40825e-15 1e-20
4566.2157 1.39431e-15 1e-20
4568.1603 1.40579e-15 1e-20
4570.1049 1.4008e-15 1e-20
4572.0495 1.40625e-15 1e-20
4573.9941 1.40822e-15 1e-20
4575.9387 1.40381e-15 1e-20
4577.8833 1.4022e-15 1e-20
4579.828 1.39987e-15 1e-20
4581.7726 1.39236e-15 1e-20
4583.7172 1.383e-15 1e-20
4585.6618 1.38093e-15 1e-20
4587.6064 1.37828e-15 1e-20
4589.551 1.37535e-15 1e-20
4591.4956 1.3627e-15 1e-20
4593.4402 1.36249e-15 1e-20
4595.3848 1.36348e-15 1e-20
4597.3295 1.35192e-15 1e-20
4599.2741 1.35472e-15 1e-20
4601.2187 1.35224e-15 1e-20
4603.1633 1.34908e-15 1e-20
4605.1079 1.34759e-15 1e-20
4607.0525 1.34772e-15 1e-20
4608.9971 1.33689e-15 1e-20
4610.9417 1.34426e-15 1e-20
4612.8863 1.33327e-15 1e-20
4614.831 1.34369e-15 1e-20
4616.7756 1.33881e-15 1e-20
4618.7202 1.3188e-15 1e-20
4620.6648 1.31478e-15 1e-20
4622.6094 1.32723e-15 1e-20
4624.554 1.32368e-15 1e-20
4626.4986 1.31465e-15 1e-20
4628.4433 1.30625e-15 1e-20
4630.3879 1.28546e-15 1e-20
4632.3325 1.26814e-15 1e-20
4634.2771 1.22313e-15 1e-20
4636.2217 1.21453e-15 1e-20
4638.1663 1.22342e-15 1e-20
4640.1109 1.19696e-15 1e-20
4642.0555 1.1917e-15 1e-20
4644.0001 1.17295e-15 1e-20
4645.9448 1.16588e-15 1e-20
4647.8894 1.15023e-15 1e-20
4649.834 1.13805e-15 1e-20
4651.7786 1.14928e-15 1e-20
4653.7232 1.14655e-15 1e-20
4655.6678 1.1316e-15 1e-20
4657.6124 1.13136e-15 1e-20
4659.557 1.11903e-15 1e-20
4661.5017 1.11101e-15 1e-20
4663.4463 1.10794e-15 1e-20
4665.3909 1.10207e-15 1e-20
4667.3355 1.11182e-15 1e-20
4669.2801 1.11005e-15 1e-20
4671.2247 1.0869e-15 1e-20
4673.1693 1.089e-15 1e-20
4675.1139 1.09922e-15 1e-20
4677.0586 1.0855e-15 1e-20
4679.0032 1.08041e-15 1e-20
4680.9478 1.09389e-15 1e-20
4682.8924 1.09635e-15 1e-20
4684.837 1.08426e-15 1e-20
4686.7816 1.07206e-15 1e-20
4688.7262 1.06626e-15 1e-20
4690.6708 1.07237e-15 1e-20
4692.6154 1.08324e-15 1e-20
4694.5601 1.0822e-15 1e-20
4696.5047 1.08832e-15 1e-20
4698.4493 1.07725e-15 1e-20
4700.3939 1.09133e-15 1e-20
4702.3385 1.08534e-15 1e-20
4704.2831 1.07097e-15 1e-20
4706.2277 1.06354e-15 1e-20
4708.1723 1.06818e-15 1e-20
4710.117 1.0699e-15 1e-20
4712.0616 1.05822e-15 1e-20
4714.0062 1.06241e-15 1e-20
4715.9508 1.05208e-15 1e-20
4717.8954 1.04614e-15 1e-20
4719.84 1.05831e-15 1e-20
4721.7846 1.05349e-15 1e-20
4723.7292 1.05407e-15 1e-20
4725.6739 1.04973e-15 1e-20
4727.6185 1.05807e-15 1e-20
4729.5631 1.05462e-15 1e-20
4731.5077 1.05365e-15 1e-20
4733.4523 1.03956e-15 1e-20
4735.3969 1.0446e-15 1e-20
4737.3415 1.04316e-15 1e-20
4739.2861 1.03998e-15 1e-20
4741.2307 1.02815e-15 1e-20
4743.1754 1.01466e-15 1e-20
4745.12 1.00332e-15 1e-20
4747.0646 1.008e-15 1e-20
4749.0092 9.98845e-16 1e-20
4750.9538 9.77296e-16 1e-20
4752.8984 9.87661e-16 1e-20
4754.843 1.01015e-15 1e-20
4756.7877 1.01992e-15 1e-20
4758.7323 1.0171e-15 1e-20
4760.6769 1.02136e-15 1e-20
4762.6215 1.03289e-15 1e-20
4764.5661 1.03409e-15 1e-20
4766.5107 1.02279e-15 1e-20
4768.4553 1.02457e-15 1e-20
4770.3999 1.05072e-15 1e-20
4772.3445 1.0552e-15 1e-20
4774.2892 1.06291e-15 1e-20
4776.2338 1.06323e-15 1e-20
4778.1784 1.04801e-15 1e-20
4780.123 1.05785e-15 1e-20
4782.0676 1.06791e-15 1e-20
4784.0122 1.07933e-15 1e-20
4785.9568 1.07786e-15 1e-20
4787.9014 1.06915e-15 1e-20
4789.846 1.0854e-15 1e-20
4791.7907 1.08416e-15 1e-20
4793.7353 1.074e-15 1e-20
4795.6799 1.06538e-15 1e-20
4797.6245 1.06862e-15 1e-20
4799.5691 1.07529e-15 1e-20
4801.5137 1.07772e-15 1e-20
4803.4583 1.05254e-15 1e-20
4805.403 1.04174e-15 1e-20
4807.3476 1.04829e-15 1e-20
4809.2922 1.03684e-15 1e-20
4811.2368 1.02663e-15 1e-20
4813.1814 1.02426e-15 1e-20
4815.126 1.02363e-15 1e-20
4817.0706 1.01536e-15 1e-20
4819.0152 1.00028e-15 1e-20
4820.9598 9.91975e-16 1e-20
4822.9045 9.73037e-16 1e-20
4824.8491 9.62462e-16 1e-20
4826.7937 9.51114e-16 1e-20
4828.7383 9.39153e-16 1e-20
4830.6829 9.21875e-16 1e-20
4832.6275 9.05717e-16 1e-20
4834.5721 9.24524e-16 1e-20
4836.5167 9.10765e-16 1e-20
4838.4614 8.96989e-16 1e-20
4840.406 8.94182e-16 1e-20
4842.3506 8.76794e-16 1e-20
4844.2952 8.70536e-16 1e-20
4846.2398 8.56943e-16 1e-20
4848.1844 8.42097e-16 1e-20
4850.129 8.25343e-16 1e-20
4852.0736 8.21843e-16 1e-20
4854.0183 8.39839e-16 1e-20
4855.9629 8.24154e-16 1e-20
4857.9075 8.17614e-16 1e-20
4859.8521 8.25183e-16 1e-20
4861.7967 8.24237e-16 1e-20
4863.7413 8.01129e-16 1e-20
4865.6859 7.97207e-16 1e-20
4867.6305 7.96929e-16 1e-20
4869.5751 7.91117e-16 1e-20
4871.5198 7.95534e-16 1e-20
4873.4644 8.07952e-16 1e-20
4875.409 8.00884e-16 1e-20
4877.3536 7.94714e-16 1e-20
4879.2982 7.96627e-16 1e-20
4881.2428 7.8959e-16 1e-20
4883.1874 8.08119e-16 1e-20
4885.132 8.09991e-16 1e-20
4887.0767 8.044e-16 1e-20
4889.0213 8.05399e-16 1e-20
4890.9659 8.08481e-16 1e-20
4892.9105 8.05866e-16 1e-20
4894.8551 8.02374e-16 1e-20
4896.7997 8.03398e-16 1e-20
4898.7443 8.03781e-16 1e-20
4900.6889 8.03376e-16 1e-20
4902.6336 8.08349e-16 1e-20
4904.5782 8.16216e-16 1e-20
4906.5228 8.15824e-16 1e-20
4908.4674 8.09122e-16 1e-20
4910.412 8.25553e-16 1e-20
4912.3566 8.26861e-16 1e-20
4914.3012 8.19915e-16 1e-20
4916.2458 8.19366e-16 1e-20
4918.1904 8.27342e-16 1e-20
4920.1351 8.27025e-16 1e-20
4922.0797 8.35499e-16 1e-20
4924.0243 8.42372e-16 1e-20
4925.9689 8.41005e-16 1e-20
4927.9135 8.4345e-16 1e-20
4929.8581 8.52889e-16 1e-20
4931.8027 8.54951e-16 1e-20
4933.7474 8.49668e-16 1e-20
4935.692 8.54206e-16 1e-20
4937.6366 8.54963e-16 1e-20
4939.5812 8.58277e-16 1e-20
4941.5258 8.669e-16 1e-20
4943.4704 8.59326e-16 1e-20
4945.415 8.52282e-16 1e-20
4947.3596 8.58372e-16 1e-20
4949.3042 8.54409e-16 1e-20
4951.2489 8.53164e-16 1e-20
4953.1935 8.57293e-16 1e-20
4955.1381 8.5651e-16 1e-20
4957.0827 8.68108e-16 1e-20
4959.0273 8.70231e-16 1e-20
4960.9719 8.75782e-16 1e-20
4962.9165 8.70869e-16 1e-20
4964.8611 8.69555e-16 1e-20
4966.8058 8.73755e-16 1e-20
4968.7504 8.59919e-16 1e-20
4970.695 8.73067e-16 1e-20
4972.6396 8.75377e-16 1e-20
4974.5842 8.72303e-16 1e-20
4976.5288 8.54433e-16 1e-20
4978.4734 8.5709e-16 1e-20
4980.418 8.70396e-16 1e-20
4982.3627 8.7239e-16 1e-20
4984.3073 8.80614e-16 1e-20
4986.2519 8.81141e-16 1e-20
4988.1965 8.89547e-16 1e-20
4990.1411 8.98401e-16 1e-20
4992.0857 9.07339e-16 1e-20
4994.0303 9.02893e-16 1e-20
4995.9749 9.16353e-16 1e-20
4997.9195 9.32193e-16 1e-20
4999.8642 9.39681e-16 1e-20
5001.8088 9.32045e-16 1e-20
5003.7534 9.48162e-16 1e-20
5005.698 9.59369e-16 1e-20
5007.6426 9.4866e-16 1e-20
5009.5872 9.59063e-16 1e-20
5011.5318 9.60918e-16 1e-20
5013.4764 9.57154e-16 1e-20
5015.4211 9.50305e-16 1e-20
5017.3657 9.51984e-16 1e-20
5019.3103 9.57897e-16 1e-20
5021.2549 9.56326e-16 1e-20
5023.1995 9.62006e-16 1e-20
5025.1441 9.73512e-16 1e-20
5027.0887 9.66767e-16 1e-20
5029.0333 9.71437e-16 1e-20
5030.978 9.79477e-16 1e-20
5032.9226 9.89097e-16 1e-20
5034.8672 9.93031e-16 1e-20
5036.8118 9.99672e-16 1e-20
5038.7564 1.00962e-15 1e-20
5040.701 1.01397e-15 1e-20
5042.6456 1.01561e-15 1e-20
5044.5902 1.01173e-15 1e-20
5046.5348 1.01003e-15 1e-20
5048.4795 1.01367e-15 1e-20
5050.4241 1.01515e-15 1e-20
5052.3687 1.02646e-15 1e-20
5054.3133 1.02812e-15 1e-20
5056.2579 1.03088e-15 1e-20
5058.2025 1.03144e-15 1e-20
5060.1471 1.03676e-15 1e-20
5062.0917 1.03904e-15 1e-20
5064.0364 1.05068e-15 1e-20
5065.981 1.0513e-15 1e-20
5067.9256 1.04964e-15 1e-20
5069.8702 1.05355e-15 1e-20
5071.8148 1.06446e-15 1e-20
5073.7594 1.06537e-15 1e-20
5075.704 1.06691e-15 1e-20
5077.6486 1.06615e-15 1e-20
5079.5933 1.07355e-15 1e-20
5081.5379 1.0759e-15 1e-20
5083.4825 1.07846e-15 1e-20
5085.4271 1.08675e-15 1e-20
5087.3717 1.08977e-15 1e-20
5089.3163 1.08879e-15 1e-20
5091.2609 1.09145e-15 1e-20
5093.2055 1.10329e-15 1e-20
5095.1502 1.10903e-15 1e-20
5097.0948 1.10225e-15 1e-20
5099.0394 1.1088e-15 1e-20
5100.984 1.10363e-15 1e-20
5102.9286 1.10763e-15 1e-20
5104.8732 1.1082e-15 1e-20
5106.8178 1.10298e-15 1e-20
5108.7624 1.10064e-15 1e-20
5110.707 1.10034e-15 1e-20
5112.6517 1.09614e-15 1e-20
5114.5963 1.09111e-15 1e-20
5116.5409 1.091e-15 1e-20
5118.4855 1.08922e-15 1e-20
5120.4301 1.07914e-15 1e-20
5122.3747 1.07378e-15 1e-20
5124.3193 1.0739e-15 1e-20
5126.2639 1.06756e-15 1e-20
5128.2086 1.06767e-15 1e-20
5130.1532 1.05555e-15 1e-20
5132.0978 1.0584e-15 1e-20
5134.0424 1.05354e-15 1e-20
5135.987 1.05381e-15 1e-20
5137.9316 1.04989e-15 1e-20
5139.8762 1.03858e-15 1e-20
5141.8208 1.03789e-15 1e-20
5143.7655 1.04509e-15 1e-20
5145.7101 1.03597e-15 1e-20
5147.6547 1.03376e-15 1e-20
5149.5993 1.02777e-15 1e-20
5151.5439 1.0356e-15 1e-20
5153.4885 1.02958e-15 1e-20
5155.4331 1.02894e-15 1e-20
5157.3777 1.02065e-15 1e-20
5159.3223 1.02651e-15 1e-20
5161.267 1.06171e-15 1e-20
5163.2116 1.06458e-15 1e-20
5165.1562 1.05716e-15 1e-20
5167.1008 1.06204e-15 1e-20
5169.0454 1.05984e-15 1e-20
5170.99 1.07655e-15 1e-20
5172.9346 1.07038e-15 1e-20
5174.8792 1.06069e-15 1e-20
5176.8239 1.07079e-15 1e-20
5178.7685 1.07596e-15 1e-20
5180.7131 1.0686e-15 1e-20
5182.6577 1.06474e-15 1e-20
5184.6023 1.07696e-15 1e-20
5186.5469 1.0706e-15 1e-20
5188.4915 1.07076e-15 1e-20
5190.4361 1.07716e-15 1e-20
5192.3808 1.08397e-15 1e-20
5194.3254 1.07653e-15 1e-20
5196.27 1.08008e-15 1e-20
5198.2146 1.07642e-15 1e-20
5200.1592 1.06919e-15 1e-20
5202.1038 1.07399e-15 1e-20
5204.0484 1.07648e-15 1e-20
5205.993 1.07237e-15 1e-20
5207.9377 1.0666e-15 1e-20
5209.8823 1.06165e-15 1e-20
5211.8269 1.05301e-15 1e-20
5213.7715 1.04831e-15 1e-20
5215.7161 1.05448e-15 1e-20
5217.6607 1.05858e-15 1e-20
5219.6053 1.04804e-15 1e-20
5221.5499 1.03097e-15 1e-20
5223.4945 9.98552e-16 1e-20
5225.4392 1.00265e-15 1e-20
5227.3838 9.88173e-16 1e-20
5229.3284 9.85657e-16 1e-20
5231.273 9.59856e-16 1e-20
5233.2176 9.42211e-16 1e-20
5235.1622 9.41598e-16 1e-20
5237.1068 9.36377e-16 1e-20
5239.0514 9.18087e-16 1e-20
5240.9961 9.13661e-16 1e-20
5242.9407 9.13261e-16 1e-20
5244.8853 8.90896e-16 1e-20
5246.8299 8.69503e-16 1e-20
5248.7745 8.58226e-16 1e-20
5250.7191 8.58759e-16 1e-20
5252.6637 8.63273e-16 1e-20
5254.6083 8.51121e-16 1e-20
5256.553 8.23742e-16 1e-20
5258.4976 8.17424e-16 1e-20
5260.4422 8.23179e-16 1e-20
5262.3868 8.24872e-16 1e-20
5264.3314 8.06029e-16 1e-20
5266.276 8.07287e-16 1e-20
5268.2206 7.98609e-16 1e-20
5270.1652 7.96149e-16 1e-20
5272.1099 7.96168e-16 1e-20
5274.0545 7.95587e-16 1e-20
5275.9991 7.89476e-16 1e-20
5277.9437 7.88185e-16 1e-20
5279.8883 7.92495e-16 1e-20
5281.8329 7.96137e-16 1e-20
5283.7775 7.87391e-16 1e-20
5285.7221 7.96968e-16 1e-20
5287.6667 7.9713e-16 1e-20
5289.6114 7.87064e-16 1e-20
5291.556 7.8904e-16 1e-20
5293.5006 7.92157e-16 1e-20
5295.4452 7.94287e-16 1e-20
5297.3898 7.82912e-16 1e-20
5299.3344 7.79437e-16 1e-20
5301.279 7.8736e-16 1e-20
5303.2236 7.8244e-16 1e-20
5305.1683 7.79467e-16 1e-20
5307.1129 7.7813e-16 1e-20
5309.0575 7.79337e-16 1e-20
5311.0021 7.70179e-16 1e-20
5312.9467 7.74092e-16 1e-20
5314.8913 7.75259e-16 1e-20
5316.8359 7.67909e-16 1e-20
5318.7805 7.63113e-16 1e-20
5320.7252 7.78045e-16 1e-20
5322.6698 7.90256e-16 1e-20
5324.6144 7.82394e-16 1e-20
5326.559 7.84927e-16 1e-20
5328.5036 7.96355e-16 1e-20
5330.4482 7.97897e-16 1e-20
5332.3928 8.0684e-16 1e-20
5334.3374 8.15946e-16 1e-20
5336.282 8.1549e-16 1e-20
5338.2267 8.27054e-16 1e-20
5340.1713 8.30949e-16 1e-20
5342.1159 8.34328e-16 1e-20
5344.0605 8.39401e-16 1e-20
5346.0051 8.3607e-16 1e-20
5347.9497 8.29241e-16 1e-20
5349.8943 8.30062e-16 1e-20
5351.8389 8.29617e-16 1e-20
5353.7836 8.28687e-16 1e-20
5355.7282 8.26275e-16 1e-20
5357.6728 8.21009e-16 1e-20
5359.6174 8.06452e-16 1e-20
5361.562 8.04664e-16 1e-20
5363.5066 8.12074e-16 1e-20
5365.4512 8.20979e-16 1e-20
5367.3958 8.15799e-16 1e-20
5369.3405 8.1617e-16 1e-20
5371.2851 8.19744e-16 1e-20
5373.2297 8.17539e-16 1e-20
5375.1743 8.10443e-16 1e-20
5377.1189 8.12793e-16 1e-20
5379.0635 8.23921e-16 1e-20
5381.0081 8.2114e-16 1e-20
5382.9527 8.20818e-16 1e-20
5384.8973 8.30591e-16 1e-20
5386.842 8.22646e-16 1e-20
5388.7866 8.21196e-16 1e-20
5390.7312 8.24241e-16 1e-20
5392.6758 8.08312e-16 1e-20
5394.6204 8.01346e-16 1e-20
5396.565 8.05873e-16 1e-20
5398.5096 8.23861e-16 1e-20
5400.4543 8.09558e-16 1e-20
5402.3989 7.95389e-16 1e-20
5404.3435 7.86442e-16 1e-20
5406.2881 7.82384e-16 1e-20
5408.2327 7.78234e-16 1e-20
5410.1773 7.8084e-16 1e-20
5412.1219 7.7679e-16 1e-20
5414.0665 7.73145e-16 1e-20
5416.0111 7.74399e-16 1e-20
5417.9558 7.67573e-16 1e-20
5419.9004 7.66154e-16 1e-20
5421.845 7.5608e-16 1e-20
5423.7896 7.54646e-16 1e-20
5425.7342 7.60862e-16 1e-20
5427.6788 7.49398e-16 1e-20
5429.6234 7.39398e-16 1e-20
5431.568 7.23896e-16 1e-20
5433.5127 7.15324e-16 1e-20
5435.4573 7.08975e-16 1e-20
5437.4019 7.10343e-16 1e-20
5439.3465 7.12874e-16 1e-20
5441.2911 6.8589e-16 1e-20
5443.2357 6.72509e-16 1e-20
5445.1803 6.86893e-16 1e-20
5447.1249 6.82067e-16 1e-20
5449.0696 6.81306e-16 1e-20
5451.0142 6.8697e-16 1e-20
5452.9588 6.78939e-16 1e-20
5454.9034 6.78811e-16 1e-20
5456.848 6.82575e-16 1e-20
5458.7926 6.76123e-16 1e-20
5460.7372 6.73131e-16 1e-20
5462.6818 6.77517e-16 1e-20
5464.6264 6.92818e-16 1e-20
5466.5711 6.96294e-16 1e-20
5468.5157 6.985e-16 1e-20
5470.4603 7.04734e-16 1e-20
5472.4049 7.08203e-16 1e-20
5474.3495 7.06405e-16 1e-20
5476.2941 7.16318e-16 1e-20
5478.2387 7.1999e-16 1e-20
5480.1833 7.22236e-16 1e-20
5482.128 7.31141e-16 1e-20
5484.0726 7.37216e-16 1e-20
5486.0172 7.37312e-16 1e-20
5487.9618 7.37553e-16 1e-20
5489.9064 7.5139e-16 1e-20
5491.851 7.50053e-16 1e-20
5493.7956 7.58388e-16 1e-20
5495.7402 7.54944e-16 1e-20
5497.6849 7.57968e-16 1e-20
5499.6295 7.66089e-16 1e-20
5501.5741 7.66264e-16 1e-20
5503.5187 7.6831e-16 1e-20
5505.4633 7.81587e-16 1e-20
5507.4079 7.90524e-16 1e-20
5509.3525 7.91069e-16 1e-20
5511.2971 7.93423e-16 1e-20
5513.2417 7.94816e-16 1e-20
5515.1864 7.96435e-16 1e-20
5517.131 7.99383e-16 1e-20
5519.0756 8.06495e-16 1e-20
5521.0202 8.06269e-16 1e-20
5522.9648 8.11293e-16 1e-20
5524.9094 8.18464e-16 1e-20
5526.854 8.14557e-16 1e-20
5528.7987 8.15632e-16 1e-20
5530.7433 8.16368e-16 1e-20
5532.6879 8.04004e-16 1e-20
5534.6325 7.99233e-16 1e-20
5536.5771 8.04921e-16 1e-20
5538.5217 8.06641e-16 1e-20
5540.4663 7.79862e-16 1e-20
5542.4109 7.69134e-16 1e-20
5544.3555 7.75272e-16 1e-20
5546.3002 7.77134e-16 1e-20
5548.2448 7.77981e-16 1e-20
5550.1894 7.75785e-16 1e-20
5552.134 7.72916e-16 1e-20
5554.0786 7.73422e-16 1e-20
5556.0232 7.78485e-16 1e-20
5557.9678 7.80125e-16 1e-20
5559.9124 7.88837e-16 1e-20
5561.857 7.80321e-16 1e-20
5563.8017 7.79778e-16 1e-20
5565.7463 7.74517e-16 1e-20
5567.6909 7.87131e-16 1e-20
5569.6355 7.84809e-16 1e-20
5571.5801 7.94129e-16 1e-20
5573.5247 8.03672e-16 1e-20
5575.4693 7.97766e-16 1e-20
5577.414 7.91081e-16 1e-20
5579.3586 7.9717e-16 1e-20
5581.3032 7.96241e-16 1e-20
5583.2478 8.0462e-16 1e-20
5585.1924 8.08857e-16 1e-20
5587.137 7.97042e-16 1e-20
5589.0816 7.89288e-16 1e-20
5591.0262 7.91413e-16 1e-20
5592.9708 8.12402e-16 1e-20
5594.9155 8.08742e-16 1e-20
5596.8601 8.06164e-16 1e-20
5598.8047 8.07066e-16 1e-20
5600.7493 7.99812e-16 1e-20
5602.6939 7.98949e-16 1e-20
5604.6385 7.99446e-16 1e-20
5606.5831 8.02872e-16 1e-20
5608.5277 7.91899e-16 1e-20
5610.4724 7.88854e-16 1e-20
5612.417 7.9002e-16 1e-20
5614.3616 7.92952e-16 1e-20
5616.3062 7.95564e-16 1e-20
5618.2508 8.00503e-16 1e-20
5620.1954 8.01765e-16 1e-20
5622.14 8.0389e-16 1e-20
5624.0846 8.07233e-16 1e-20
5626.0293 8.08257e-16 1e-20
5627.9739 8.0236e-16 1e-20
5629.9185 8.08216e-16 1e-20
5631.8631 8.17625e-16 1e-20
5633.8077 8.11763e-16 1e-20
5635.7523 8.13129e-16 1e-20
5637.6969 8.12585e-16 1e-20
5639.6415 8.08084e-16 1e-20
5641.5861 8.13773e-16 1e-20
5643.5308 8.04884e-16 1e-20
5645.4754 8.06274e-16 1e-20
5647.42 8.15327e-16 1e-20
5649.3646 8.10285e-16 1e-20
5651.3092 8.11884e-16 1e-20
5653.2538 8.12852e-16 1e-20
5655.1984 8.14743e-16 1e-20
5657.143 8.13941e-16 1e-20
5659.0877 8.10777e-16 1e-20
5661.0323 8.26103e-16 1e-20
5662.9769 8.23875e-16 1e-20
5664.9215 8.16993e-16 1e-20
5666.8661 8.18688e-16 1e-20
5668.8107 8.28353e-16 1e-20
5670.7553 8.1588e-16 1e-20
5672.6999 8.0957e-16 1e-20
5674.6446 8.02231e-16 1e-20
5676.5892 8.04268e-16 1e-20
5678.5338 8.08861e-16 1e-20
5680.4784 8.00186e-16 1e-20
5682.423 8.02914e-16 1e-20
5684.3676 8.07013e-16 1e-20
5686.3122 8.04677e-16 1e-20
5688.2568 8.02176e-16 1e-20
5690.2014 7.96972e-16 1e-20
5692.1461 8.07013e-16 1e-20
5694.0907 7.94408e-16 1e-20
5696.0353 7.8812e-16 1e-20
5697.9799 7.98574e-16 1e-20
5699.9245 7.96759e-16 1e-20
5701.8691 7.92542e-16 1e-20
5703.8137 7.88358e-16 1e-20
5705.7583 7.91484e-16 1e-20
5707.703 7.9425e-16 1e-20
5709.6476 7.86372e-16 1e-20
5711.5922 7.81747e-16 1e-20
5713.5368 7.87718e-16 1e-20
5715.4814 7.86173e-16 1e-20
5717.426 7.84164e-16 1e-20
5719.3706 7.82116e-16 1e-20
5721.3152 7.78085e-16 1e-20
5723.2599 7.79764e-16 1e-20
5725.2045 7.76764e-16 1e-20
5727.1491 7.69178e-16 1e-20
5729.0937 7.73553e-16 1e-20
5731.0383 7.68208e-16 1e-20
5732.9829 7.6018e-16 1e-20
5734.9275 7.66046e-16 1e-20
5736.8721 7.6087e-16 1e-20
5738.8168 7.65414e-16 1e-20
5740.7614 7.62291e-16 1e-20
5742.706 7.57635e-16 1e-20
5744.6506 7.53471e-16 1e-20
5746.5952 7.49653e-16 1e-20
5748.5398 7.46198e-16 1e-20
5750.4844 7.41008e-16 1e-20
5752.429 7.31626e-16 1e-20
5754.3737 7.27552e-16 1e-20
5756.3183 7.29071e-16 1e-20
5758.2629 7.31767e-16 1e-20
5760.2075 7.40623e-16 1e-20
5762.1521 7.39038e-16 1e-20
5764.0967 7.28389e-16 1e-20
5766.0413 7.31532e-16 1e-20
5767.9859 7.36723e-16 1e-20
5769.9305 7.30177e-16 1e-20
5771.8752 7.28325e-16 1e-20
5773.8198 7.28831e-16 1e-20
5775.7644 7.34165e-16 1e-20
5777.709 7.3645e-16 1e-20
5779.6536 7.28815e-16 1e-20
5781.5982 7.29853e-16 1e-20
5783.5428 7.3544e-16 1e-20
5785.4874 7.32242e-16 1e-20
5787.4321 7.36942e-16 1e-20
5789.3767 7.48796e-16 1e-20
5791.3213 7.34906e-16 1e-20
5793.2659 7.36368e-16 1e-20
5795.2105 7.49242e-16 1e-20
5797.1551 7.46494e-16 1e-20
5799.0997 7.46262e-16 1e-20
5801.0443 7.48178e-16 1e-20
5802.989 7.40166e-16 1e-20
5804.9336 7.34243e-16 1e-20
5806.8782 7.4157e-16 1e-20
5808.8228 7.47736e-16 1e-20
5810.7674 7.43061e-16 1e-20
5812.712 7.40826e-16 1e-20
5814.6566 7.42299e-16 1e-20
5816.6012 7.37576e-16 1e-20
5818.5458 7.40232e-16 1e-20
5820.4905 7.47547e-16 1e-20
5822.4351 7.40454e-16 1e-20
5824.3797 7.32255e-16 1e-20
5826.3243 7.37414e-16 1e-20
5828.2689 7.45228e-16 1e-20
5830.2135 7.36068e-16 1e-20
5832.1581 7.31253e-16 1e-20
5834.1027 7.40542e-16 1e-20
5836.0474 7.38802e-16 1e-20
5837.992 7.36266e-16 1e-20
5839.9366 7.38065e-16 1e-20
5841.8812 7.36924e-16 1e-20
5843.8258 7.42382e-16 1e-20
5845.7704 7.5181e-16 1e-20
5847.715 7.45514e-16 1e-20
5849.6596 7.32403e-16 1e-20
5851.6043 7.40462e-16 1e-20
5853.5489 7.47062e-16 1e-20
5855.4935 7.43e-16 1e-20
5857.4381 7.43713e-16 1e-20
5859.3827 7.51162e-16 1e-20
5861.3273 7.56161e-16 1e-20
5863.2719 7.49078e-16 1e-20
5865.2165 7.51746e-16 1e-20
5867.1611 7.54192e-16 1e-20
5869.1058 7.5256e-16 1e-20
5871.0504 7.52544e-16 1e-20
5872.995 7.51883e-16 1e-20
5874.9396 7.60998e-16 1e-20
5876.8842 7.48012e-16 1e-20
5878.8288 7.45306e-16 1e-20
5880.7734 7.54053e-16 1e-20
5882.718 7.62885e-16 1e-20
5884.6627 7.59891e-16 1e-20
5886.6073 7.49657e-16 1e-20
5888.5519 7.54688e-16 1e-20
5890.4965 7.54067e-16 1e-20
5892.4411 7.56306e-16 1e-20
5894.3857 7.54936e-16 1e-20
5896.3303 7.50323e-16 1e-20
5898.2749 7.37491e-16 1e-20
5900.2196 7.42052e-16 1e-20
5902.1642 7.42403e-16 1e-20
5904.1088 7.36953e-16 1e-20
5906.0534 7.40318e-16 1e-20
5907.998 7.34304e-16 1e-20
5909.9426 7.36601e-16 1e-20
5911.8872 7.42879e-16 1e-20
5913.8318 7.31682e-16 1e-20
5915.7765 7.29984e-16 1e-20
5917.7211 7.29911e-16 1e-20
5919.6657 7.24044e-16 1e-20
5921.6103 7.26042e-16 1e-20
5923.5549 7.25692e-16 1e-20
5925.4995 7.2613e-16 1e-20
5927.4441 7.11673e-16 1e-20
5929.3887 7.15593e-16 1e-20
5931.3333 7.18256e-16 1e-20
5933.278 7.16636e-16 1e-20
5935.2226 7.1986e-16 1e-20
5937.1672 7.12949e-16 1e-20
5939.1118 7.10786e-16 1e-20
5941.0564 7.12539e-16 1e-20
5943.001 7.01947e-16 1e-20
5944.9456 6.94737e-16 1e-20
5946.8902 6.87279e-16 1e-20
5948.8349 6.93896e-16 1e-20
5950.7795 6.92074e-16 1e-20
5952.7241 6.85378e-16 1e-20
5954.6687 6.81234e-16 1e-20
5956.6133 6.77905e-16 1e-20
5958.5579 6.73834e-16 1e-20
5960.5025 6.67031e-16 1e-20
5962.4471 6.72613e-16 1e-20
5964.3918 6.67666e-16 1e-20
5966.3364 6.63712e-16 1e-20
5968.281 6.62672e-16 1e-20
5970.2256 6.58963e-16 1e-20
5972.1702 6.64628e-16 1e-20
5974.1148 6.60013e-16 1e-20
5976.0594 6.55183e-16 1e-20
5978.004 6.54484e-16 1e-20
5979.9487 6.5346e-16 1e-20
5981.8933 6.51289e-16 1e-20
5983.8379 6.46835e-16 1e-20
5985.7825 6.39202e-16 1e-20
5987.7271 6.30862e-16 1e-20
5989.6717 6.36008e-16 1e-20
5991.6163 6.36975e-16 1e-20
5993.5609 6.34576e-16 1e-20
5995.5055 6.32632e-16 1e-20
5997.4502 6.20368e-16 1e-20
5999.3948 6.22967e-16 1e-20
6001.3394 6.22743e-16 1e-20
6003.284 6.16907e-16 1e-20
6005.2286 6.14247e-16 1e-20
6007.1732 6.17211e-16 1e-20
6009.1178 6.15426e-16 1e-20
6011.0624 6.05755e-16 1e-20
6013.0071 6.00175e-16 1e-20
6014.9517 5.94651e-16 1e-20
6016.8963 5.93723e-16 1e-20
6018.8409 5.93101e-16 1e-20
6020.7855 5.87123e-16 1e-20
6022.7301 5.94037e-16 1e-20
6024.6747 5.89959e-16 1e-20
6026.6193 5.85037e-16 1e-20
6028.564 5.81237e-16 1e-20
6030.5086 5.81068e-16 1e-20
6032.4532 5.81075e-16 1e-20
6034.3978 5.77791e-16 1e-20
6036.3424 5.74441e-16 1e-20
6038.287 5.71788e-16 1e-20
6040.2316 5.65899e-16 1e-20
6042.1762 5.60711e-16 1e-20
6044.1209 5.57918e-16 1e-20
6046.0655 5.52337e-16 1e-20
6048.0101 5.54401e-16 1e-20
6049.9547 5.5701e-16 1e-20
6051.8993 5.43297e-16 1e-20
6053.8439 5.3564e-16 1e-20
6055.7885 5.35434e-16 1e-20
6057.7331 5.28526e-16 1e-20
6059.6777 5.29581e-16 1e-20
6061.6224 5.24466e-16 1e-20
6063.567 5.19746e-16 1e-20
6065.5116 5.18791e-16 1e-20
6067.4562 5.09572e-16 1e-20
6069.4008 5.11109e-16 1e-20
6071.3454 5.01931e-16 1e-20
6073.29 4.98316e-16 1e-20
6075.2346 4.99234e-16 1e-20
6077.1793 4.98706e-16 1e-20
6079.1239 4.91564e-16 1e-20
6081.0685 4.82806e-16 1e-20
6083.0131 4.83625e-16 1e-20
6084.9577 4.81347e-16 1e-20
6086.9023 4.83558e-16 1e-20
6088.8469 4.78363e-16 1e-20
6090.7915 4.75733e-16 1e-20
6092.7362 4.81604e-16 1e-20
6094.6808 4.76245e-16 1e-20
6096.6254 4.78119e-16 1e-20
6098.57 4.76876e-16 1e-20
6100.5146 4.64366e-16 1e-20
6102.4592 4.63279e-16 1e-20
6104.4038 4.61136e-16 1e-20
6106.3484 4.67527e-16 1e-20
6108.293 4.60472e-16 1e-20
6110.2377 4.57146e-16 1e-20
6112.1823 4.47339e-16 1e-20
6114.1269 4.43208e-16 1e-20
6116.0715 4.42225e-16 1e-20
6118.0161 4.40931e-16 1e-20
6119.9607 4.37788e-16 1e-20
6121.9053 4.35026e-16 1e-20
6123.8499 4.31145e-16 1e-20
6125.7946 4.2725e-16 1e-20
6127.7392 4.25242e-16 1e-20
6129.6838 4.28373e-16 1e-20
6131.6284 4.27567e-16 1e-20
6133.573 4.24158e-16 1e-20
6135.5176 4.22829e-16 1e-20
6137.4622 4.27187e-16 1e-20
6139.4068 4.26335e-16 1e-20
6141.3515 4.24077e-16 1e-20
6143.2961 4.29142e-16 1e-20
6145.2407 4.31298e-16 1e-20
6147.1853 4.25377e-16 1e-20
6149.1299 4.28614e-16 1e-20
6151.0745 4.39353e-16 1e-20
6153.0191 4.37637e-16 1e-20
6154.9637 4.34517e-16 1e-20
6156.9083 4.35889e-16 1e-20
6158.853 4.44181e-16 1e-20
6160.7976 4.51413e-16 1e-20
6162.7422 4.51399e-16 1e-20
6164.6868 4.58054e-16 1e-20
6166.6314 4.61007e-16 1e-20
6168.576 4.6183e-16 1e-20
6170.5206 4.72575e-16 1e-20
6172.4653 4.70946e-16 1e-20
6174.4099 4.72549e-16 1e-20
6176.3545 4.89057e-16 1e-20
6178.2991 4.89268e-16 1e-20
6180.2437 4.82737e-16 1e-20
6182.1883 4.93582e-16 1e-20
6184.1329 5.06719e-16 1e-20
6186.0775 5.068e-16 1e-20
6188.0221 5.06193e-16 1e-20
6189.9668 5.12718e-16 1e-20
6191.9114 5.20662e-16 1e-20
6193.856 5.25115e-16 1e-20
6195.8006 5.3445e-16 1e-20
6197.7452 5.41837e-16 1e-20
6199.6898 5.32778e-16 1e-20
6201.6344 5.37148e-16 1e-20
6203.579 5.41943e-16 1e-20
6205.5237 5.36616e-16 1e-20
6207.4683 5.37662e-16 1e-20
6209.4129 5.50968e-16 1e-20
6211.3575 5.58914e-16 1e-20
6213.3021 5.57899e-16 1e-20
6215.2467 5.55413e-16 1e-20
6217.1913 5.63227e-16 1e-20
6219.1359 5.72904e-16 1e-20
6221.0806 5.76819e-16 1e-20
6223.0252 5.85334e-16 1e-20
6224.9698 5.82862e-16 1e-20
6226.9144 5.83137e-16 1e-20
6228.859 5.88025e-16 1e-20
6230.8036 5.88824e-16 1e-20
6232.7482 5.93526e-16 1e-20
6234.6928 5.97403e-16 1e-20
6236.6374 6.00352e-16 1e-20
6238.5821 6.03036e-16 1e-20
6240.5267 6.09494e-16 1e-20
6242.4713 6.16396e-16 1e-20
6244.4159 6.17126e-16 1e-20
6246.3605 6.18188e-16 1e-20
6248.3051 6.19646e-16 1e-20
6250.2497 6.23856e-16 1e-20
6252.1943 6.27153e-16 1e-20
6254.139 6.18249e-16 1e-20
6256.0836 6.19232e-16 1e-20
6258.0282 6.29709e-16 1e-20
6259.9728 6.35898e-16 1e-20
6261.9174 6.34795e-16 1e-20
6263.862 6.42164e-16 1e-20
6265.8066 6.50988e-16 1e-20
6267.7512 6.52876e-16 1e-20
6269.6959 6.52144e-16 1e-20
6271.6405 6.5383e-16 1e-20
6273.5851 6.59801e-16 1e-20
6275.5297 6.65236e-16 1e-20
6277.4743 6.58301e-16 1e-20
6279.4189 6.65413e-16 1e-20
6281.3635 6.59635e-16 1e-20
6283.3081 6.64324e-16 1e-20
6285.2527 6.67047e-16 1e-20
6287.1974 6.66595e-16 1e-20
6289.142 6.64451e-16 1e-20
6291.0866 6.70182e-16 1e-20
6293.0312 6.69576e-16 1e-20
6294.9758 6.69313e-16 1e-20
6296.9204 6.71026e-16 1e-20
6298.865 6.61463e-16 1e-20
6300.8097 6.64309e-16 1e-20
6302.7543 6.6377e-16 1e-20
6304.6989 6.6095e-16 1e-20
6306.6435 6.61459e-16 1e-20
6308.5881 6.58144e-16 1e-20
6310.5327 6.60071e-16 1e-20
6312.4773 6.63166e-16 1e-20
6314.4219 6.5922e-16 1e-20
6316.3665 6.58357e-16 1e-20
6318.3112 6.57714e-16 1e-20
6320.2558 6.57779e-16 1e-20
6322.2004 6.55286e-16 1e-20
6324.145 6.47685e-16 1e-20
6326.0896 6.49185e-16 1e-20
6328.0342 6.53562e-16 1e-20
6329.9788 6.52975e-16 1e-20
6331.9234 6.49813e-16 1e-20
6333.868 6.53505e-16 1e-20
6335.8127 6.5378e-16 1e-20
6337.7573 6.55602e-16 1e-20
6339.7019 6.60411e-16 1e-20
6341.6465 6.57413e-16 1e-20
6343.5911 6.59925e-16 1e-20
6345.5357 6.56659e-16 1e-20
6347.4803 6.48044e-16 1e-20
6349.425 6.53114e-16 1e-20
6351.3696 6.55633e-16 1e-20
6353.3142 6.49592e-16 1e-20
6355.2588 6.46316e-16 1e-20
6357.2034 6.33106e-16 1e-20
6359.148 6.38734e-16 1e-20
6361.0926 6.36572e-16 1e-20
6363.0372 6.47527e-16 1e-20
6364.9818 6.45759e-16 1e-20
6366.9265 6.43777e-16 1e-20
6368.8711 6.41726e-16 1e-20
6370.8157 6.44713e-16 1e-20
6372.7603 6.39799e-16 1e-20
6374.7049 6.38607e-16 1e-20
6376.6495 6.33953e-16 1e-20
6378.5941 6.35532e-16 1e-20
6380.5387 6.33714e-16 1e-20
6382.4833 6.31757e-16 1e-20
6384.428 6.30041e-16 1e-20
6386.3726 6.26929e-16 1e-20
6388.3172 6.29487e-16 1e-20
6390.2618 6.28515e-16 1e-20
6392.2064 6.2104e-16 1e-20
6394.151 6.21047e-16 1e-20
6396.0956 6.25743e-16 1e-20
6398.0403 6.20399e-16 1e-20
6399.9849 6.16322e-16 1e-20
6401.9295 6.16262e-16 1e-20
6403.8741 6.12973e-16 1e-20
6405.8187 6.12692e-16 1e-20
6407.7633 6.1039e-16 1e-20
6409.7079 6.09639e-16 1e-20
6411.6525 6.03834e-16 1e-20
6413.5971 6.00712e-16 1e-20
6415.5418 6.01318e-16 1e-20
6417.4864 5.95738e-16 1e-20
6419.431 5.99574e-16 1e-20
6421.3756 6.00031e-16 1e-20
6423.3202 5.96423e-16 1e-20
6425.2648 5.98372e-16 1e-20
6427.2094 5.85058e-16 1e-20
6429.154 5.87339e-16 1e-20
6431.0987 5.8753e-16 1e-20
6433.0433 5.93073e-16 1e-20
6434.9879 5.91197e-16 1e-20
6436.9325 5.80824e-16 1e-20
6438.8771 5.87165e-16 1e-20
6440.8217 5.8814e-16 1e-20
6442.7663 5.86292e-16 1e-20
6444.7109 5.82457e-16 1e-20
6446.6556 5.84271e-16 1e-20
6448.6002 5.81766e-16 1e-20
6450.5448 5.80526e-16 1e-20
6452.4894 5.78052e-16 1e-20
6454.434 5.81173e-16 1e-20
6456.3786 5.75355e-16 1e-20
6458.3232 5.72313e-16 1e-20
6460.2678 5.74163e-16 1e-20
6462.2124 5.68948e-16 1e-20
6464.1571 5.69077e-16 1e-20
6466.1017 5.71938e-16 1e-20
6468.0463 5.76528e-16 1e-20
6469.9909 5.70997e-16 1e-20
6471.9355 5.63102e-16 1e-20
6473.8801 5.65628e-16 1e-20
6475.8247 5.67516e-16 1e-20
6477.7693 5.65252e-16 1e-20
6479.714 5.67259e-16 1e-20
6481.6586 5.67339e-16 1e-20
6483.6032 5.61378e-16 1e-20
6485.5478 5.56738e-16 1e-20
6487.4924 5.56073e-16 1e-20
6489.437 5.62355e-16 1e-20
6491.3816 5.58024e-16 1e-20
6493.3262 5.57826e-16 1e-20
6495.2709 5.57097e-16 1e-20
6497.2155 5.47786e-16 1e-20
6499.1601 5.53782e-16 1e-20
6501.1047 5.54876e-16 1e-20
6503.0493 5.47171e-16 1e-20
6504.9939 5.48116e-16 1e-20
6506.9385 5.45687e-16 1e-20
6508.8831 5.5016e-16 1e-20
6510.8277 5.53311e-16 1e-20
6512.7724 5.5013e-16 1e-20
6514.717 5.50822e-16 1e-20
6516.6616 5.47882e-16 1e-20
6518.6062 5.45923e-16 1e-20
6520.5508 5.40616e-16 1e-20
6522.4954 5.39103e-16 1e-20
6524.44 5.40875e-16 1e-20
6526.3847 5.41284e-16 1e-20
6528.3293 5.41714e-16 1e-20
6530.2739 5.42523e-16 1e-20
6532.2185 5.39503e-16 1e-20
6534.1631 5.4377e-16 1e-20
6536.1077 5.36739e-16 1e-20
6538.0523 5.35335e-16 1e-20
6539.9969 5.29781e-16 1e-20
6541.9415 5.26328e-16 1e-20
6543.8862 5.33325e-16 1e-20
6545.8308 5.38053e-16 1e-20
6547.7754 5.34273e-16 1e-20
6549.72 5.32333e-16 1e-20
6551.6646 5.33219e-16 1e-20
6553.6092 5.31259e-16 1e-20
6555.5538 5.31142e-16 1e-20
6557.4984 5.32051e-16 1e-20
6559.4431 5.26083e-16 1e-20
6561.3877 5.2689e-16 1e-20
6563.3323 5.36487e-16 1e-20
6565.2769 5.31742e-16 1e-20
6567.2215 5.26049e-16 1e-20
6569.1661 5.2882e-16 1e-20
6571.1107 5.18921e-16 1e-20
6573.0553 5.20162e-16 1e-20
6575.0 5.28161e-16 1e-20
6576.9446 5.17736e-16 1e-20
6578.8892 5.20644e-16 1e-20
6580.8338 5.26731e-16 1e-20
6582.7784 5.21254e-16 1e-20
6584.723 5.14974e-16 1e-20
6586.6676 5.16951e-16 1e-20
6588.6122 5.20944e-16 1e-20
6590.5568 5.1885e-16 1e-20
6592.5015 5.11967e-16 1e-20
6594.4461 5.13274e-16 1e-20
6596.3907 5.14797e-16 1e-20
6598.3353 5.14764e-16 1e-20
6600.2799 5.12311e-16 1e-20
6602.2245 5.10078e-16 1e-20
6604.1691 5.10553e-16 1e-20
6606.1137 5.23294e-16 1e-20
6608.0584 5.13633e-16 1e-20
6610.003 5.10553e-16 1e-20
6611.9476 5.14268e-16 1e-20
6613.8922 5.09791e-16 1e-20
6615.8368 5.0382e-16 1e-20
6617.7814 5.04155e-16 1e-20
6619.726 5.00494e-16 1e-20
6621.6706 5.05885e-16 1e-20
6623.6153 5.14121e-16 1e-20
6625.5599 5.19271e-16 1e-20
6627.5045 5.2139e-16 1e-20
6629.4491 5.01593e-16 1e-20
6631.3937 4.90815e-16 1e-20
6633.3383 4.96355e-16 1e-20
6635.2829 4.96781e-16 1e-20
6637.2275 4.93212e-16 1e-20
6639.1721 4.98008e-16 1e-20
6641.1168 4.99605e-16 1e-20
6643.0614 4.96918e-16 1e-20
6645.006 4.93297e-16 1e-20
6646.9506 4.93759e-16 1e-20
6648.8952 4.91965e-16 1e-20
6650.8398 4.94005e-16 1e-20
6652.7844 4.90314e-16 1e-20
6654.729 4.89533e-16 1e-20
6656.6737 4.88925e-16 1e-20
6658.6183 4.93815e-16 1e-20
6660.5629 4.8885e-16 1e-20
6662.5075 4.96104e-16 1e-20
6664.4521 4.93284e-16 1e-20
6666.3967 4.94315e-16 1e-20
6668.3413 4.82699e-16 1e-20
6670.2859 4.79629e-16 1e-20
6672.2306 4.86823e-16 1e-20
6674.1752 4.8449e-16 1e-20
6676.1198 4.85484e-16 1e-20
6678.0644 4.85234e-16 1e-20
6680.009 4.78478e-16 1e-20
6681.9536 4.80759e-16 1e-20
6683.8982 4.79945e-16 1e-20
6685.8428 4.76888e-16 1e-20
6687.7875 4.78701e-16 1e-20
6689.7321 4.79874e-16 1e-20
6691.6767 4.78075e-16 1e-20
6693.6213 4.7573e-16 1e-20
6695.5659 4.78131e-16 1e-20
6697.5105 4.85027e-16 1e-20
6699.4551 4.88436e-16 1e-20
6701.3997 4.85863e-16 1e-20
6703.3443 4.81148e-16 1e-20
6705.289 4.75488e-16 1e-20
6707.2336 4.69969e-16 1e-20
6709.1782 4.67313e-16 1e-20
6711.1228 4.62965e-16 1e-20
6713.0674 4.64177e-16 1e-20
6715.012 4.64612e-16 1e-20
6716.9566 4.77989e-16 1e-20
6718.9012 4.79116e-16 1e-20
6720.8459 4.74637e-16 1e-20
6722.7905 4.66907e-16 1e-20
6724.7351 4.55801e-16 1e-20
6726.6797 4.57411e-16 1e-20
6728.6243 4.60577e-16 1e-20
6730.5689 4.53371e-16 1e-20
6732.5135 4.5126e-16 1e-20
6734.4581 4.49741e-16 1e-20
6736.4028 4.51647e-16 1e-20
6738.3474 4.57871e-16 1e-20
6740.292 4.52748e-16 1e-20
6742.2366 4.53945e-16 1e-20
6744.1812 4.51128e-16 1e-20
6746.1258 4.46143e-16 1e-20
6748.0704 4.46816e-16 1e-20
6750.015 4.5081e-16 1e-20
6751.9597 4.56169e-16 1e-20
6753.9043 4.45438e-16 1e-20
6755.8489 4.38702e-16 1e-20
6757.7935 4.45104e-16 1e-20
6759.7381 4.53846e-16 1e-20
6761.6827 4.50515e-16 1e-20
6763.6273 4.39381e-16 1e-20
6765.5719 4.38795e-16 1e-20
6767.5165 4.40527e-16 1e-20
6769.4612 4.43716e-16 1e-20
6771.4058 4.41744e-16 1e-20
6773.3504 4.37679e-16 1e-20
6775.295 4.39703e-16 1e-20
6777.2396 4.29194e-16 1e-20
6779.1842 4.37544e-16 1e-20
6781.1288 4.41387e-16 1e-20
6783.0734 4.30861e-16 1e-20
6785.0181 4.35972e-16 1e-20
6786.9627 4.32144e-16 1e-20
6788.9073 4.23847e-16 1e-20
6790.8519 4.37542e-16 1e-20
6792.7965 4.32075e-16 1e-20
6794.7411 4.39397e-16 1e-20
6796.6857 4.37074e-16 1e-20
6798.6303 4.27501e-16 1e-20
6800.575 4.36468e-16 1e-20
6802.5196 4.33686e-16 1e-20
6804.4642 4.30267e-16 1e-20
6806.4088 4.31697e-16 1e-20
6808.3534 4.31707e-16 1e-20
6810.298 4.30346e-16 1e-20
6812.2426 4.26903e-16 1e-20
6814.1872 4.27134e-16 1e-20
6816.1319 4.32925e-16 1e-20
6818.0765 4.29844e-16 1e-20
6820.0211 4.23842e-16 1e-20
6821.9657 4.22269e-16 1e-20
6823.9103 4.21947e-16 1e-20
6825.8549 4.23974e-16 1e-20
6827.7995 4.21543e-16 1e-20
6829.7441 4.20773e-16 1e-20
6831.6887 4.21308e-16 1e-20
6833.6334 4.18773e-16 1e-20
6835.578 4.17483e-16 1e-20
6837.5226 4.14165e-16 1e-20
6839.4672 4.10921e-16 1e-20
6841.4118 4.14113e-16 1e-20
6843.3564 4.16314e-16 1e-20
6845.301 4.17736e-16 1e-20
6847.2456 4.12026e-16 1e-20
6849.1903 4.09786e-16 1e-20
6851.1349 4.08246e-16 1e-20
6853.0795 4.08809e-16 1e-20
6855.0241 4.12079e-16 1e-20
6856.9687 4.07817e-16 1e-20
6858.9133 4.06929e-16 1e-20
6860.8579 4.05523e-16 1e-20
6862.8025 4.05593e-16 1e-20
6864.7472 4.01849e-16 1e-20
6866.6918 4.04976e-16 1e-20
6868.6364 4.05513e-16 1e-20
6870.581 3.99057e-16 1e-20
6872.5256 4.01341e-16 1e-20
6874.4702 3.99732e-16 1e-20
6876.4148 4.01821e-16 1e-20
6878.3594 3.99542e-16 1e-20
6880.304 3.96912e-16 1e-20
6882.2487 3.94899e-16 1e-20
6884.1933 4.00867e-16 1e-20
6886.1379 3.99921e-16 1e-20
6888.0825 3.98733e-16 1e-20
6890.0271 3.89956e-16 1e-20
6891.9717 3.89818e-16 1e-20
6893.9163 3.94869e-16 1e-20
6895.8609 3.957e-16 1e-20
6897.8056 3.94283e-16 1e-20
6899.7502 3.93554e-16 1e-20
6901.6948 3.90677e-16 1e-20
6903.6394 3.92438e-16 1e-20
6905.584 3.90545e-16 1e-20
6907.5286 3.87368e-16 1e-20
6909.4732 3.92739e-16 1e-20
6911.4178 3.94653e-16 1e-20
6913.3625 3.94595e-16 1e-20
6915.3071 3.94647e-16 1e-20
6917.2517 3.95881e-16 1e-20
6919.1963 3.88159e-16 1e-20
6921.1409 3.86068e-16 1e-20
6923.0855 3.9166e-16 1e-20
6925.0301 3.96974e-16 1e-20
6926.9747 3.9248e-16 1e-20
6928.9193 3.86097e-16 1e-20
6930.864 3.86774e-16 1e-20
6932.8086 3.91821e-16 1e-20
6934.7532 3.92572e-16 1e-20
6936.6978 3.94545e-16 1e-20
6938.6424 3.87297e-16 1e-20
6940.587 3.89575e-16 1e-20
6942.5316 3.94171e-16 1e-20
6944.4762 3.92021e-16 1e-20
6946.4209 3.9478e-16 1e-20
6948.3655 3.9263e-16 1e-20
6950.3101 3.90492e-16 1e-20
6952.2547 3.92535e-16 1e-20
6954.1993 3.86616e-16 1e-20
6956.1439 3.90039e-16 1e-20
6958.0885 3.93868e-16 1e-20
6960.0331 3.95205e-16 1e-20
6961.9778 3.97514e-16 1e-20
6963.9224 3.98883e-16 1e-20
6965.867 3.97858e-16 1e-20
6967.8116 3.94548e-16 1e-20
6969.7562 3.91745e-16 1e-20
6971.7008 3.8904e-16 1e-20
6973.6454 3.82311e-16 1e-20
6975.59 3.79225e-16 1e-20
6977.5346 3.81769e-16 1e-20
6979.4793 3.84334e-16 1e-20
6981.4239 3.84542e-16 1e-20
6983.3685 3.8654e-16 1e-20
6985.3131 3.85291e-16 1e-20
6987.2577 3.87805e-16 1e-20
6989.2023 3.90242e-16 1e-20
6991.1469 3.88157e-16 1e-20
6993.0916 3.89653e-16 1e-20
6995.0362 3.88719e-16 1e-20
6996.9808 3.89625e-16 1e-20
6998.9254 3.85719e-16 1e-20
7000.87 3.80249e-16 1e-20
7002.8146 3.79696e-16 1e-20
7004.7592 3.84343e-16 1e-20
7006.7038 3.84627e-16 1e-20
7008.6484 3.80157e-16 1e-20
7010.5931 3.84198e-16 1e-20
7012.5377 3.70695e-16 1e-20
7014.4823 3.77203e-16 1e-20
7016.4269 3.80825e-16 1e-20
7018.3715 3.74054e-16 1e-20
7020.3161 3.75755e-16 1e-20
7022.2607 3.77244e-16 1e-20
7024.2053 3.78687e-16 1e-20
7026.15 3.80684e-16 1e-20
7028.0946 3.83727e-16 1e-20
7030.0392 3.80254e-16 1e-20
7031.9838 3.80454e-16 1e-20
7033.9284 3.76547e-16 1e-20
7035.873 3.769e-16 1e-20
7037.8176 3.79001e-16 1e-20
7039.7622 3.7599e-16 1e-20
7041.7069 3.79552e-16 1e-20
7043.6515 3.78426e-16 1e-20
7045.5961 3.74944e-16 1e-20
7047.5407 3.8032e-16 1e-20
7049.4853 3.79557e-16 1e-20
7051.4299 3.75074e-16 1e-20
7053.3745 3.73475e-16 1e-20
7055.3191 3.76387e-16 1e-20
7057.2637 3.83071e-16 1e-20
7059.2084 3.76285e-16 1e-20
7061.153 3.69992e-16 1e-20
7063.0976 3.6715e-16 1e-20
7065.0422 3.74789e-16 1e-20
7066.9868 3.76467e-16 1e-20
7068.9314 3.72805e-16 1e-20
7070.876 3.73728e-16 1e-20
7072.8206 3.77897e-16 1e-20
7074.7653 3.80012e-16 1e-20
7076.7099 3.73678e-16 1e-20
7078.6545 3.71452e-16 1e-20
7080.5991 3.685e-16 1e-20
7082.5437 3.68581e-16 1e-20
7084.4883 3.7291e-16 1e-20
7086.4329 3.74354e-16 1e-20
7088.3775 3.73434e-16 1e-20
7090.3222 3.67842e-16 1e-20
7092.2668 3.67746e-16 1e-20
7094.2114 3.69087e-16 1e-20
7096.156 3.74874e-16 1e-20
7098.1006 3.62969e-16 1e-20
7100.0452 3.53005e-16 1e-20
7101.9898 3.5802e-16 1e-20
7103.9344 3.59335e-16 1e-20
7105.879 3.6313e-16 1e-20
7107.8237 3.69356e-16 1e-20
7109.7683 3.72266e-16 1e-20
7111.7129 3.71499e-16 1e-20
7113.6575 3.68511e-16 1e-20
7115.6021 3.65512e-16 1e-20
7117.5467 3.64847e-16 1e-20
7119.4913 3.68314e-16 1e-20
7121.436 3.73048e-16 1e-20
7123.3806 3.70025e-16 1e-20
7125.3252 3.71542e-16 1e-20
7127.2698 3.62538e-16 1e-20
7129.2144 3.55452e-16 1e-20
7131.159 3.56212e-16 1e-20
7133.1036 3.66669e-16 1e-20
7135.0482 3.60296e-16 1e-20
7136.9928 3.66298e-16 1e-20
7138.9375 3.64487e-16 1e-20
7140.8821 3.631e-16 1e-20
7142.8267 3.61035e-16 1e-20
7144.7713 3.62785e-16 1e-20
7146.7159 3.66442e-16 1e-20
7148.6605 3.62663e-16 1e-20
7150.6051 3.69946e-16 1e-20
7152.5497 3.73054e-16 1e-20
7154.4943 3.73053e-16 1e-20
7156.439 3.56003e-16 1e-20
7158.3836 3.54589e-16 1e-20
7160.3282 3.5731e-16 1e-20
7162.2728 3.61895e-16 1e-20
7164.2174 3.60911e-16 1e-20
7166.162 3.64853e-16 1e-20
7168.1066 3.57335e-16 1e-20
7170.0513 3.47112e-16 1e-20
7171.9959 3.55463e-16 1e-20
7173.9405 3.58106e-16 1e-20
7175.8851 3.5494e-16 1e-20
7177.8297 3.52348e-16 1e-20
7179.7743 3.57047e-16 1e-20
7181.7189 3.59046e-16 1e-20
7183.6635 3.56158e-16 1e-20
7185.6081 3.58984e-16 1e-20
7187.5528 3.54629e-16 1e-20
7189.4974 3.57251e-16 1e-20
7191.442 3.58233e-16 1e-20
7193.3866 3.59306e-16 1e-20
7195.3312 3.56056e-16 1e-20
7197.2758 3.5733e-16 1e-20
7199.2204 3.60351e-16 1e-20
7201.165 3.55828e-16 1e-20
7203.1097 3.54457e-16 1e-20
7205.0543 3.51535e-16 1e-20
7206.9989 3.55285e-16 1e-20
7208.9435 3.5374e-16 1e-20
7210.8881 3.43883e-16 1e-20
7212.8327 3.4356e-16 1e-20
7214.7773 3.46526e-16 1e-20
7216.7219 3.3981e-16 1e-20
7218.6666 3.42432e-16 1e-20
7220.6112 3.43295e-16 1e-20
7222.5558 3.46149e-16 1e-20
7224.5004 3.48136e-16 1e-20
7226.445 3.49182e-16 1e-20
7228.3896 3.49832e-16 1e-20
7230.3342 3.44215e-16 1e-20
7232.2788 3.42029e-16 1e-20
7234.2234 3.4564e-16 1e-20
7236.1681 3.47632e-16 1e-20
7238.1127 3.451e-16 1e-20
7240.0573 3.43311e-16 1e-20
7242.0019 3.44772e-16 1e-20
7243.9465 3.43359e-16 1e-20
7245.8911 3.4346e-16 1e-20
7247.8357 3.42039e-16 1e-20
7249.7803 3.39307e-16 1e-20
7251.725 3.38664e-16 1e-20
7253.6696 3.37012e-16 1e-20
7255.6142 3.33794e-16 1e-20
7257.5588 3.41399e-16 1e-20
7259.5034 3.41201e-16 1e-20
7261.448 3.40265e-16 1e-20
7263.3926 3.44007e-16 1e-20
7265.3372 3.41732e-16 1e-20
7267.2819 3.39248e-16 1e-20
7269.2265 3.41196e-16 1e-20
7271.1711 3.45205e-16 1e-20
7273.1157 3.50505e-16 1e-20
7275.0603 3.46672e-16 1e-20
7277.0049 3.45099e-16 1e-20
7278.9495 3.48482e-16 1e-20
7280.8941 3.41595e-16 1e-20
7282.8387 3.44349e-16 1e-20
7284.7834 3.46941e-16 1e-20
7286.728 3.43268e-16 1e-20
7288.6726 3.40047e-16 1e-20
7290.6172 3.40879e-16 1e-20
7292.5618 3.38479e-16 1e-20
7294.5064 3.38339e-16 1e-20
7296.451 3.30314e-16 1e-20
7298.3957 3.29272e-16 1e-20
7300.3403 3.31622e-16 1e-20
7302.2849 3.31013e-16 1e-20
7304.2295 3.34135e-16 1e-20
7306.1741 3.29823e-16 1e-20
7308.1187 3.28746e-16 1e-20
7310.0633 3.36053e-16 1e-20
7312.0079 3.32211e-16 1e-20
7313.9525 3.2738e-16 1e-20
7315.8972 3.3927e-16 1e-20
7317.8418 3.38645e-16 1e-20
7319.7864 3.31353e-16 1e-20
7321.731 3.35823e-16 1e-20
7323.6756 3.34748e-16 1e-20
7325.6202 3.28197e-16 1e-20
7327.5648 3.27362e-16 1e-20
7329.5094 3.30468e-16 1e-20
7331.4541 3.30225e-16 1e-20
7333.3987 3.28945e-16 1e-20
7335.3433 3.26103e-16 1e-20
7337.2879 3.28138e-16 1e-20
7339.2325 3.25448e-16 1e-20
7341.1771 3.28344e-16 1e-20
7343.1217 3.26751e-16 1e-20
7345.0663 3.21745e-16 1e-20
7347.011 3.20046e-16 1e-20
7348.9556 3.15889e-16 1e-20
7350.9002 3.20567e-16 1e-20
7352.8448 3.18654e-16 1e-20
7354.7894 3.16579e-16 1e-20
7356.734 3.20435e-16 1e-20
7358.6786 3.14228e-16 1e-20
7360.6232 3.09582e-16 1e-20
7362.5678 3.13256e-16 1e-20
7364.5125 3.14273e-16 1e-20
7366.4571 3.16169e-16 1e-20
7368.4017 3.18637e-16 1e-20
7370.3463 3.19096e-16 1e-20
7372.2909 3.18775e-16 1e-20
7374.2355 3.15572e-16 1e-20
7376.1801 3.10924e-16 1e-20
7378.1247 3.12115e-16 1e-20
7380.0694 3.17608e-16 1e-20
7382.014 3.14758e-16 1e-20
7383.9586 3.10992e-16 1e-20
7385.9032 3.14094e-16 1e-20
7387.8478 3.15223e-16 1e-20
7389.7924 3.17817e-16 1e-20
7391.737 3.12523e-16 1e-20
7393.6816 3.06944e-16 1e-20
7395.6263 3.06144e-16 1e-20
7397.5709 3.08124e-16 1e-20
7399.5155 3.11417e-16 1e-20
7401.4601 3.14206e-16 1e-20
7403.4047 3.07855e-16 1e-20
7405.3493 3.10675e-16 1e-20
7407.2939 3.23717e-16 1e-20
7409.2385 3.23889e-16 1e-20
7411.1831 3.29164e-16 1e-20
7413.1278 3.33731e-16 1e-20
7415.0724 3.29276e-16 1e-20
7417.017 3.28233e-16 1e-20
7418.9616 3.2283e-16 1e-20
7420.9062 3.16973e-16 1e-20
7422.8508 3.12546e-16 1e-20
7424.7954 3.07891e-16 1e-20
7426.74 3.04338e-16 1e-20
7428.6847 3.02927e-16 1e-20
7430.6293 3.01979e-16 1e-20
7432.5739 2.98057e-16 1e-20
7434.5185 3.07807e-16 1e-20
7436.4631 3.15698e-16 1e-20
7438.4077 3.11471e-16 1e-20
7440.3523 3.10063e-16 1e-20
7442.2969 3.03068e-16 1e-20
7444.2416 3.0981e-16 1e-20
7446.1862 3.15957e-16 1e-20
7448.1308 3.08199e-16 1e-20
7450.0754 3.05883e-16 1e-20
7452.02 3.0118e-16 1e-20
7453.9646 2.95866e-16 1e-20
7455.9092 2.93296e-16 1e-20
7457.8538 2.92539e-16 1e-20
7459.7984 2.94751e-16 1e-20
7461.7431 3.01691e-16 1e-20
7463.6877 3.01266e-16 1e-20
7465.6323 2.97967e-16 1e-20
7467.5769 3.01459e-16 1e-20
7469.5215 2.92916e-16 1e-20
7471.4661 2.97254e-16 1e-20
7473.4107 2.9938e-16 1e-20
7475.3553 2.92192e-16 1e-20
7477.3 2.94733e-16 1e-20
7479.2446 2.92426e-16 1e-20
7481.1892 2.91586e-16 1e-20
7483.1338 2.88248e-16 1e-20
7485.0784 2.7934e-16 1e-20
7487.023 2.75612e-16 1e-20
7488.9676 2.85492e-16 1e-20
7490.9122 2.87586e-16 1e-20
7492.8569 2.85142e-16 1e-20
7494.8015 2.88843e-16 1e-20
7496.7461 2.85118e-16 1e-20
7498.6907 2.81368e-16 1e-20
7500.6353 2.83615e-16 1e-20
7502.5799 2.88612e-16 1e-20
7504.5245 2.90892e-16 1e-20
7506.4691 2.90868e-16 1e-20
7508.4138 2.8923e-16 1e-20
7510.3584 2.85859e-16 1e-20
7512.303 2.89913e-16 1e-20
7514.2476 2.89849e-16 1e-20
7516.1922 2.88092e-16 1e-20
7518.1368 2.86374e-16 1e-20
7520.0814 2.90373e-16 1e-20
7522.026 2.93901e-16 1e-20
7523.9706 2.88752e-16 1e-20
7525.9153 2.80817e-16 1e-20
7527.8599 2.88593e-16 1e-20
7529.8045 2.95284e-16 1e-20
7531.7491 2.93292e-16 1e-20
7533.6937 2.93313e-16 1e-20
7535.6383 2.96792e-16 1e-20
7537.5829 2.93564e-16 1e-20
7539.5275 2.92522e-16 1e-20
7541.4722 2.91826e-16 1e-20
7543.4168 2.87083e-16 1e-20
7545.3614 2.89472e-16 1e-20
7547.306 2.89818e-16 1e-20
7549.2506 2.9416e-16 1e-20
7551.1952 2.8963e-16 1e-20
7553.1398 2.89596e-16 1e-20
7555.0844 2.89779e-16 1e-20
7557.0291 2.85294e-16 1e-20
7558.9737 2.86539e-16 1e-20
7560.9183 2.87038e-16 1e-20
7562.8629 2.92111e-16 1e-20
7564.8075 2.97595e-16 1e-20
7566.7521 2.97659e-16 1e-20
7568.6967 2.9813e-16 1e-20
7570.6413 2.93079e-16 1e-20
7572.586 2.93767e-16 1e-20
7574.5306 2.97918e-16 1e-20
7576.4752 2.92044e-16 1e-20
7578.4198 2.96086e-16 1e-20
7580.3644 2.96494e-16 1e-20
7582.309 3.00837e-16 1e-20
7584.2536 2.98846e-16 1e-20
7586.1982 2.93566e-16 1e-20
7588.1428 2.97479e-16 1e-20
7590.0875 2.94769e-16 1e-20
7592.0321 2.97313e-16 1e-20
7593.9767 2.96103e-16 1e-20
7595.9213 2.99996e-16 1e-20
7597.8659 2.9411e-16 1e-20
7599.8105 2.96144e-16 1e-20
7601.7551 2.96342e-16 1e-20
7603.6997 2.91143e-16 1e-20
7605.6444 2.97589e-16 1e-20
7607.589 2.9721e-16 1e-20
7609.5336 3.00251e-16 1e-20
7611.4782 3.04435e-16 1e-20
7613.4228 3.02242e-16 1e-20
7615.3674 3.06743e-16 1e-20
7617.312 3.0901e-16 1e-20
7619.2566 3.05185e-16 1e-20
7621.2013 3.04223e-16 1e-20
7623.1459 3.0583e-16 1e-20
7625.0905 3.00612e-16 1e-20
7627.0351 3.07343e-16 1e-20
7628.9797 3.11258e-16 1e-20
7630.9243 3.09002e-16 1e-20
7632.8689 3.01211e-16 1e-20
7634.8135 3.07723e-16 1e-20
7636.7582 3.09074e-16 1e-20
7638.7028 2.95375e-16 1e-20
7640.6474 2.98893e-16 1e-20
7642.592 3.05556e-16 1e-20
7644.5366 3.07158e-16 1e-20
7646.4812 2.99919e-16 1e-20
7648.4258 2.98684e-16 1e-20
7650.3704 2.99599e-16 1e-20
7652.315 3.00461e-16 1e-20
7654.2597 3.07012e-16 1e-20
7656.2043 3.04886e-16 1e-20
7658.1489 3.07243e-16 1e-20
7660.0935 3.11372e-16 1e-20
7662.0381 3.04935e-16 1e-20
7663.9827 3.1575e-16 1e-20
7665.9273 3.10895e-16 1e-20
7667.8719 3.06738e-16 1e-20
7669.8166 3.08887e-16 1e-20
7671.7612 3.08276e-16 1e-20
7673.7058 3.0147e-16 1e-20
7675.6504 3.05739e-16 1e-20
7677.595 3.03753e-16 1e-20
7679.5396 3.05551e-16 1e-20
7681.4842 3.03344e-16 1e-20
7683.4288 2.95707e-16 1e-20
7685.3735 2.9489e-16 1e-20
7687.3181 2.96758e-16 1e-20
7689.2627 3.00642e-16 1e-20
7691.2073 3.00552e-16 1e-20
7693.1519 3.00813e-16 1e-20
7695.0965 2.9953e-16 1e-20
7697.0411 3.02842e-16 1e-20
7698.9857 3.09019e-16 1e-20
7700.9303 3.09166e-16 1e-20
7702.875 3.12014e-16 1e-20
7704.8196 3.14268e-16 1e-20
7706.7642 3.12402e-16 1e-20
7708.7088 3.11699e-16 1e-20
7710.6534 3.12252e-16 1e-20
7712.598 3.16e-16 1e-20
7714.5426 3.13776e-16 1e-20
7716.4872 3.06844e-16 1e-20
7718.4319 3.11783e-16 1e-20
7720.3765 3.19581e-16 1e-20
7722.3211 3.07067e-16 1e-20
7724.2657 3.11521e-16 1e-20
7726.2103 3.13611e-16 1e-20
7728.1549 3.00937e-16 1e-20
7730.0995 3.08079e-16 1e-20
7732.0441 3.05163e-16 1e-20
7733.9888 3.0881e-16 1e-20
7735.9334 3.11895e-16 1e-20
7737.878 3.14188e-16 1e-20
7739.8226 3.07875e-16 1e-20
7741.7672 3.04387e-16 1e-20
7743.7118 3.10449e-16 1e-20
7745.6564 3.17897e-16 1e-20
7747.601 3.14199e-16 1e-20
7749.5456 3.12813e-16 1e-20
7751.4903 3.15676e-16 1e-20
7753.4349 3.13459e-16 1e-20
7755.3795 3.17691e-16 1e-20
7757.3241 3.215e-16 1e-20
7759.2687 3.15251e-16 1e-20
7761.2133 3.11862e-16 1e-20
7763.1579 3.20299e-16 1e-20
7765.1026 3.17834e-16 1e-20
7767.0472 3.16961e-16 1e-20
7768.9918 3.1559e-16 1e-20
7770.9364 3.10677e-16 1e-20
7772.881 3.17304e-16 1e-20
7774.8256 3.12767e-16 1e-20
7776.7702 3.09485e-16 1e-20
7778.7148 3.10242e-16 1e-20
7780.6594 3.09672e-16 1e-20
7782.6041 3.11092e-16 1e-20
7784.5487 3.06117e-16 1e-20
7786.4933 3.0459e-16 1e-20
7788.4379 3.06328e-16 1e-20
7790.3825 3.11658e-16 1e-20
7792.3271 3.07823e-16 1e-20
7794.2717 3.11841e-16 1e-20
7796.2163 3.14955e-16 1e-20
7798.161 3.05701e-16 1e-20
7800.1056 3.064e-16 1e-20
7802.0502 3.07729e-16 1e-20
7803.9948 3.12672e-16 1e-20
7805.9394 3.09218e-16 1e-20
7807.884 3.11216e-16 1e-20
7809.8286 3.07038e-16 1e-20
7811.7732 3.06906e-16 1e-20
7813.7179 3.0565e-16 1e-20
7815.6625 3.06743e-16 1e-20
7817.6071 3.04176e-16 1e-20
7819.5517 3.03314e-16 1e-20
7821.4963 3.03185e-16 1e-20
7823.4409 2.98158e-16 1e-20
7825.3855 2.95621e-16 1e-20
7827.3301 2.92055e-16 1e-20
7829.2747 2.97182e-16 1e-20
7831.2194 2.91326e-16 1e-20
7833.164 2.88067e-16 1e-20
7835.1086 2.87269e-16 1e-20
7837.0532 2.82635e-16 1e-20
7838.9978 2.87234e-16 1e-20
7840.9424 2.88062e-16 1e-20
7842.887 2.78002e-16 1e-20
7844.8316 2.77526e-16 1e-20
7846.7763 2.80923e-16 1e-20
7848.7209 2.75611e-16 1e-20
7850.6655 2.72482e-16 1e-20
7852.6101 2.73009e-16 1e-20
7854.5547 2.77394e-16 1e-20
7856.4993 2.75957e-16 1e-20
7858.4439 2.7467e-16 1e-20
7860.3885 2.6927e-16 1e-20
7862.3332 2.70671e-16 1e-20
7864.2778 2.68027e-16 1e-20
7866.2224 2.60196e-16 1e-20
7868.167 2.56318e-16 1e-20
7870.1116 2.56175e-16 1e-20
7872.0562 2.51393e-16 1e-20
7874.0008 2.45187e-16 1e-20
7875.9454 2.50986e-16 1e-20
7877.89 2.39019e-16 1e-20
7879.8347 2.38613e-16 1e-20
7881.7793 2.38492e-16 1e-20
7883.7239 2.33374e-16 1e-20
7885.6685 2.40244e-16 1e-20
7887.6131 2.40408e-16 1e-20
7889.5577 2.31372e-16 1e-20
7891.5023 2.30025e-16 1e-20
7893.447 2.25098e-16 1e-20
7895.3916 2.26532e-16 1e-20
7897.3362 2.27755e-16 1e-20
7899.2808 2.24205e-16 1e-20
7901.2254 2.21134e-16 1e-20
7903.17 2.20366e-16 1e-20
7905.1146 2.2129e-16 1e-20
7907.0592 2.15018e-16 1e-20
7909.0038 2.09373e-16 1e-20
7910.9485 2.12718e-16 1e-20
7912.8931 2.18818e-16 1e-20
7914.8377 2.14009e-16 1e-20
7916.7823 2.08661e-16 1e-20
7918.7269 1.84719e-16 1e-20
7920.6715 1.78793e-16 1e-20
7922.6161 2.16566e-16 1e-20
7924.5607 1.99161e-16 1e-20
7926.5053 1.96388e-16 1e-20
7928.45 1.9772e-16 1e-20
7930.3946 2.00551e-16 1e-20
7932.3392 1.99625e-16 1e-20
7934.2838 2.05175e-16 1e-20
7936.2284 2.03782e-16 1e-20
7938.173 1.91302e-16 1e-20
7940.1176 1.89302e-16 1e-20
7942.0623 2.02001e-16 1e-20
7944.0069 2.00861e-16 1e-20
7945.9515 1.98062e-16 1e-20
7947.8961 1.89325e-16 1e-20
7949.8407 1.95737e-16 1e-20
7951.7853 2.02058e-16 1e-20
7953.7299 1.99731e-16 1e-20
7955.6745 2.00645e-16 1e-20
7957.6191 2.01824e-16 1e-20
7959.5638 1.98933e-16 1e-20
7961.5084 1.98626e-16 1e-20
7963.453 1.98484e-16 1e-20
7965.3976 1.96724e-16 1e-20
7967.3422 2.01915e-16 1e-20
7969.2868 2.00675e-16 1e-20
7971.2314 1.97474e-16 1e-20
7973.176 1.98154e-16 1e-20
7975.1207 2.00012e-16 1e-20
7977.0653 1.98792e-16 1e-20
7979.0099 1.95241e-16 1e-20
7980.9545 1.9316e-16 1e-20
7982.8991 1.96935e-16 1e-20
7984.8437 1.95771e-16 1e-20
7986.7883 1.91604e-16 1e-20
7988.7329 1.96507e-16 1e-20
7990.6776 1.96438e-16 1e-20
7992.6222 2.0096e-16 1e-20
7994.5668 2.01398e-16 1e-20
7996.5114 1.96626e-16 1e-20
7998.456 1.99893e-16 1e-20
8000.4006 1.96148e-16 1e-20
8002.3452 1.90709e-16 1e-20
8004.2898 1.93358e-16 1e-20
8006.2344 1.97673e-16 1e-20
8008.1791 1.98864e-16 1e-20
8010.1237 1.93449e-16 1e-20
8012.0683 1.96456e-16 1e-20
8014.0129 1.9437e-16 1e-20
8015.9575 1.96354e-16 1e-20
8017.9021 1.91191e-16 1e-20
8019.8467 1.92755e-16 1e-20
8021.7913 1.8861e-16 1e-20
8023.736 1.87291e-16 1e-20
8025.6806 1.89126e-16 1e-20
8027.6252 1.8893e-16 1e-20
8029.5698 1.86463e-16 1e-20
8031.5144 1.85924e-16 1e-20
8033.459 1.89327e-16 1e-20
8035.4036 1.80548e-16 1e-20
8037.3482 1.8028e-16 1e-20
8039.2929 1.83183e-16 1e-20
8041.2375 1.80654e-16 1e-20
8043.1821 1.82145e-16 1e-20
8045.1267 1.86297e-16 1e-20
8047.0713 1.92031e-16 1e-20
8049.0159 1.91319e-16 1e-20
8050.9605 1.89753e-16 1e-20
8052.9051 1.88491e-16 1e-20
8054.8497 1.8665e-16 1e-20
8056.7944 1.92028e-16 1e-20
8058.739 1.93071e-16 1e-20
8060.6836 1.92155e-16 1e-20
8062.6282 1.92289e-16 1e-20
8064.5728 1.90856e-16 1e-20
8066.5174 1.94567e-16 1e-20
8068.462 1.98957e-16 1e-20
8070.4066 1.90708e-16 1e-20
8072.3513 1.87727e-16 1e-20
8074.2959 1.91393e-16 1e-20
8076.2405 1.9251e-16 1e-20
8078.1851 2.02612e-16 1e-20
8080.1297 2.01861e-16 1e-20
8082.0743 2.01459e-16 1e-20
8084.0189 1.98023e-16 1e-20
8085.9635 2.02154e-16 1e-20
8087.9082 2.00831e-16 1e-20
8089.8528 2.05773e-16 1e-20
8091.7974 1.94779e-16 1e-20
8093.742 1.98615e-16 1e-20
8095.6866 2.04333e-16 1e-20
8097.6312 2.09816e-16 1e-20
8099.5758 2.16846e-16 1e-20
8101.5204 2.21828e-16 1e-20
8103.465 2.10343e-16 1e-20
8105.4097 2.19046e-16 1e-20
8107.3543 2.2417e-16 1e-20
8109.2989 2.15115e-16 1e-20
8111.2435 2.14602e-16 1e-20
8113.1881 2.16693e-16 1e-20
8115.1327 2.19714e-16 1e-20
8117.0773 2.19006e-16 1e-20
8119.022 2.16255e-16 1e-20
8120.9666 2.17217e-16 1e-20
8122.9112 2.18276e-16 1e-20
8124.8558 2.19278e-16 1e-20
8126.8004 2.22388e-16 1e-20
8128.745 2.2391e-16 1e-20
8130.6896 2.2296e-16 1e-20
8132.6342 2.29433e-16 1e-20
8134.5788 2.33062e-16 1e-20
8136.5235 2.27792e-16 1e-20
8138.4681 2.30518e-16 1e-20
8140.4127 2.29191e-16 1e-20
8142.3573 2.29183e-16 1e-20
8144.3019 2.28731e-16 1e-20
8146.2465 2.30833e-16 1e-20
8148.1911 2.33846e-16 1e-20
8150.1357 2.26413e-16 1e-20
8152.0804 2.33507e-16 1e-20
8154.025 2.34001e-16 1e-20
8155.9696 2.28917e-16 1e-20
8157.9142 2.36254e-16 1e-20
8159.8588 2.38447e-16 1e-20
8161.8034 2.3278e-16 1e-20
8163.748 2.35789e-16 1e-20
8165.6926 2.29681e-16 1e-20
8167.6373 2.25862e-16 1e-20
8169.5819 2.25327e-16 1e-20
8171.5265 2.22239e-16 1e-20
8173.4711 2.24392e-16 1e-20
8175.4157 2.26676e-16 1e-20
8177.3603 2.23155e-16 1e-20
8179.3049 2.30209e-16 1e-20
8181.2495 2.40199e-16 1e-20
8183.1941 2.42041e-16 1e-20
8185.1388 2.31477e-16 1e-20
8187.0834 2.29277e-16 1e-20
8189.028 2.28408e-16 1e-20
8190.9726 2.249e-16 1e-20
8192.9172 2.29428e-16 1e-20
8194.8618 2.29715e-16 1e-20
8196.8064 2.25207e-16 1e-20
8198.751 2.26204e-16 1e-20
8200.6957 2.23825e-16 1e-20
8202.6403 2.22393e-16 1e-20
8204.5849 2.27283e-16 1e-20
8206.5295 2.31335e-16 1e-20
8208.4741 2.27038e-16 1e-20
8210.4187 2.17421e-16 1e-20
8212.3633 2.21306e-16 1e-20
8214.3079 2.34639e-16 1e-20
8216.2526 2.44334e-16 1e-20
8218.1972 2.38067e-16 1e-20
8220.1418 2.29267e-16 1e-20
8222.0864 2.21641e-16 1e-20
8224.031 2.22877e-16 1e-20
8225.9756 2.13106e-16 1e-20
8227.9202 2.16112e-16 1e-20
8229.8648 2.23796e-16 1e-20
8231.8094 2.2204e-16 1e-20
8233.7541 2.22358e-16 1e-20
8235.6987 2.23576e-16 1e-20
8237.6433 2.30694e-16 1e-20
8239.5879 2.12875e-16 1e-20
8241.5325 2.17844e-16 1e-20
8243.4771 2.20564e-16 1e-20
8245.4217 2.1599e-16 1e-20
8247.3663 2.21156e-16 1e-20
8249.311 2.12856e-16 1e-20
8251.2556 2.23483e-16 1e-20
8253.2002 2.23348e-16 1e-20
8255.1448 2.21952e-16 1e-20
8257.0894 2.22128e-16 1e-20
8259.034 2.00188e-16 1e-20
8260.9786 2.06701e-16 1e-20
8262.9232 2.226e-16 1e-20
8264.8679 2.26086e-16 1e-20
8266.8125 2.26314e-16 1e-20
8268.7571 2.26571e-16 1e-20
8270.7017 2.20012e-16 1e-20
8272.6463 2.2078e-16 1e-20
8274.5909 2.2931e-16 1e-20
8276.5355 2.303e-16 1e-20
8278.4801 2.22163e-16 1e-20
8280.4248 2.18396e-16 1e-20
8282.3694 2.27166e-16 1e-20
8284.314 2.30063e-16 1e-20
8286.2586 2.27085e-16 1e-20
8288.2032 2.28988e-16 1e-20
8290.1478 2.28858e-16 1e-20
8292.0924 2.28535e-16 1e-20
8294.037 2.20822e-16 1e-20
8295.9816 2.17779e-16 1e-20
8297.9263 2.31775e-16 1e-20
8299.8709 2.34357e-16 1e-20
8301.8155 2.25276e-16 1e-20
8303.7601 2.29944e-16 1e-20
8305.7047 2.30266e-16 1e-20
8307.6493 2.28711e-16 1e-20
8309.5939 2.35897e-16 1e-20
8311.5385 2.30615e-16 1e-20
8313.4832 2.36099e-16 1e-20
8315.4278 2.37328e-16 1e-20
8317.3724 2.3809e-16 1e-20
8319.317 2.45004e-16 1e-20
8321.2616 2.43898e-16 1e-20
8323.2062 2.41399e-16 1e-20
8325.1508 2.47098e-16 1e-20
8327.0954 2.38373e-16 1e-20
8329.0401 2.30595e-16 1e-20
8330.9847 2.30183e-16 1e-20
8332.9293 2.32506e-16 1e-20
8334.8739 2.35224e-16 1e-20
8336.8185 2.35022e-16 1e-20
8338.7631 2.31872e-16 1e-20
8340.7077 2.24847e-16 1e-20
8342.6523 2.30257e-16 1e-20
8344.597 2.26293e-16 1e-20
8346.5416 2.17597e-16 1e-20
8348.4862 2.20635e-16 1e-20
8350.4308 2.26707e-16 1e-20
8352.3754 2.24731e-16 1e-20
8354.32 2.21943e-16 1e-20
8356.2646 2.29153e-16 1e-20
8358.2092 2.33808e-16 1e-20
8360.1538 2.23372e-16 1e-20
8362.0985 2.22366e-16 1e-20
8364.0431 2.34517e-16 1e-20
8365.9877 2.30053e-16 1e-20
8367.9323 2.30608e-16 1e-20
8369.8769 2.40185e-16 1e-20
8371.8215 2.39366e-16 1e-20
8373.7661 2.38758e-16 1e-20
8375.7107 2.37037e-16 1e-20
8377.6554 2.41398e-16 1e-20
8379.6 2.40167e-16 1e-20
8381.5446 2.35753e-16 1e-20
8383.4892 2.33172e-16 1e-20
8385.4338 2.36796e-16 1e-20
8387.3784 2.47601e-16 1e-20
8389.323 2.49416e-16 1e-20
8391.2676 2.46715e-16 1e-20
8393.2123 2.36998e-16 1e-20
8395.1569 2.3435e-16 1e-20
8397.1015 2.39189e-16 1e-20
8399.0461 2.41199e-16 1e-20
8400.9907 2.49148e-16 1e-20
8402.9353 2.49814e-16 1e-20
8404.8799 2.40414e-16 1e-20
8406.8245 2.50032e-16 1e-20
8408.7692 2.4638e-16 1e-20
8410.7138 2.55673e-16 1e-20
8412.6584 2.48217e-16 1e-20
8414.603 2.66028e-16 1e-20
8416.5476 2.66129e-16 1e-20
8418.4922 2.48772e-16 1e-20
8420.4368 2.4776e-16 1e-20
8422.3814 2.51933e-16 1e-20
8424.326 2.52703e-16 1e-20
8426.2707 2.48256e-16 1e-20
8428.2153 2.48014e-16 1e-20
8430.1599 2.52438e-16 1e-20
8432.1045 2.47414e-16 1e-20
8434.0491 2.51992e-16 1e-20
8435.9937 2.51633e-16 1e-20
8437.9383 2.44829e-16 1e-20
8439.8829 2.49687e-16 1e-20
8441.8276 2.52336e-16 1e-20
8443.7722 2.42412e-16 1e-20
8445.7168 2.43073e-16 1e-20
8447.6614 2.66207e-16 1e-20
8449.606 2.71188e-16 1e-20
8451.5506 2.6709e-16 1e-20
8453.4952 2.57897e-16 1e-20
8455.4398 2.63981e-16 1e-20
8457.3845 2.60171e-16 1e-20
8459.3291 2.46029e-16 1e-20
8461.2737 2.61934e-16 1e-20
8463.2183 2.50695e-16 1e-20
8465.1629 2.63742e-16 1e-20
8467.1075 2.50013e-16 1e-20
8469.0521 2.48798e-16 1e-20
8470.9967 2.49704e-16 1e-20
8472.9413 2.54553e-16 1e-20
8474.886 2.55519e-16 1e-20
8476.8306 2.54099e-16 1e-20
8478.7752 2.53371e-16 1e-20
8480.7198 2.69146e-16 1e-20
8482.6644 2.67017e-16 1e-20
8484.609 2.51778e-16 1e-20
8486.5536 2.66131e-16 1e-20
8488.4982 2.60556e-16 1e-20
8490.4429 2.53316e-16 1e-20
8492.3875 2.64195e-16 1e-20
8494.3321 2.62988e-16 1e-20
8496.2767 2.63722e-16 1e-20
8498.2213 2.62349e-16 1e-20
8500.1659 2.61951e-16 1e-20
8502.1105 2.66175e-16 1e-20
8504.0551 2.67536e-16 1e-20
8505.9998 2.52603e-16 1e-20
8507.9444 2.50069e-16 1e-20
8509.889 2.66145e-16 1e-20
8511.8336 2.63869e-16 1e-20
8513.7782 2.62145e-16 1e-20
8515.7228 2.52661e-16 1e-20
8517.6674 2.54248e-16 1e-20
8519.612 2.61192e-16 1e-20
8521.5566 2.57083e-16 1e-20
8523.5013 2.56864e-16 1e-20
8525.4459 2.51924e-16 1e-20
8527.3905 2.56485e-16 1e-20
8529.3351 2.63905e-16 1e-20
8531.2797 2.59279e-16 1e-20
8533.2243 2.53336e-16 1e-20
8535.1689 2.52979e-16 1e-20
8537.1136 2.59724e-16 1e-20
8539.0582 2.56203e-16 1e-20
8541.0028 2.54437e-16 1e-20
8542.9474 2.57591e-16 1e-20
8544.892 2.5537e-16 1e-20
8546.8366 2.54761e-16 1e-20
8548.7812 2.59196e-16 1e-20
8550.7258 2.56486e-16 1e-20
8552.6704 2.46734e-16 1e-20
8554.6151 2.66593e-16 1e-20
8556.5597 2.62291e-16 1e-20
8558.5043 2.48046e-16 1e-20
8560.4489 2.4399e-16 1e-20
8562.3935 2.5422e-16 1e-20
8564.3381 2.58844e-16 1e-20
8566.2827 2.6577e-16 1e-20
8568.2273 2.64724e-16 1e-20
8570.1719 2.51432e-16 1e-20
8572.1166 2.43902e-16 1e-20
8574.0612 2.42383e-16 1e-20
8576.0058 2.5108e-16 1e-20
8577.9504 2.3749e-16 1e-20
8579.895 2.39716e-16 1e-20
8581.8396 2.49325e-16 1e-20
8583.7842 2.46374e-16 1e-20
8585.7289 2.35324e-16 1e-20
8587.6735 2.51154e-16 1e-20
8589.6181 2.55385e-16 1e-20
8591.5627 2.5581e-16 1e-20
8593.5073 2.49274e-16 1e-20
8595.4519 2.44673e-16 1e-20
8597.3965 2.58124e-16 1e-20
8599.3411 2.39679e-16 1e-20
8601.2857 2.31253e-16 1e-20
8603.2304 2.45278e-16 1e-20
8605.175 2.38073e-16 1e-20
8607.1196 2.37671e-16 1e-20
8609.0642 2.37467e-16 1e-20
8611.0088 2.24925e-16 1e-20
8612.9534 2.23141e-16 1e-20
8614.898 2.40458e-16 1e-20
8616.8426 2.40547e-16 1e-20
8618.7873 2.26222e-16 1e-20
8620.7319 2.30097e-16 1e-20
8622.6765 2.29957e-16 1e-20
8624.6211 2.39318e-16 1e-20
8626.5657 2.38171e-16 1e-20
8628.5103 2.44003e-16 1e-20
8630.4549 2.50995e-16 1e-20
8632.3995 2.41753e-16 1e-20
8634.3442 2.29379e-16 1e-20
8636.2888 2.32105e-16 1e-20
8638.2334 2.30242e-16 1e-20
8640.178 2.42344e-16 1e-20
8642.1226 2.34578e-16 1e-20
8644.0672 2.22892e-16 1e-20
8646.0118 2.20312e-16 1e-20
8647.9564 2.35129e-16 1e-20
8649.901 2.26418e-16 1e-20
8651.8457 2.35023e-16 1e-20
8653.7903 2.3608e-16 1e-20
8655.7349 2.3191e-16 1e-20
8657.6795 2.25593e-16 1e-20
8659.6241 2.29279e-16 1e-20
8661.5687 2.31932e-16 1e-20
8663.5133 2.4116e-16 1e-20
8665.4579 2.30685e-16 1e-20
8667.4026 2.2015e-16 1e-20
8669.3472 2.26643e-16 1e-20
8671.2918 2.26366e-16 1e-20
8673.2364 2.35261e-16 1e-20
8675.181 2.31392e-16 1e-20
8677.1256 2.40495e-16 1e-20
8679.0702 2.3891e-16 1e-20
8681.0148 2.35829e-16 1e-20
8682.9595 2.37269e-16 1e-20
8684.9041 2.23134e-16 1e-20
8686.8487 2.26879e-16 1e-20
8688.7933 2.39609e-16 1e-20
8690.7379 2.28141e-16 1e-20
8692.6825 2.23406e-16 1e-20
8694.6271 2.22263e-16 1e-20
8696.5717 2.19454e-16 1e-20
8698.5163 2.21301e-16 1e-20
8700.461 2.19098e-16 1e-20
8702.4056 2.18629e-16 1e-20
8704.3502 2.22036e-16 1e-20
8706.2948 2.18308e-16 1e-20
8708.2394 2.2227e-16 1e-20
8710.184 2.27995e-16 1e-20
8712.1286 2.22529e-16 1e-20
8714.0733 2.22225e-16 1e-20
8716.0179 2.20159e-16 1e-20
8717.9625 2.26055e-16 1e-20
8719.9071 2.27589e-16 1e-20
8721.8517 2.35123e-16 1e-20
8723.7963 2.1887e-16 1e-20
8725.7409 2.1651e-16 1e-20
8727.6855 2.22894e-16 1e-20
8729.6301 2.25732e-16 1e-20
8731.5748 2.29202e-16 1e-20
8733.5194 2.3496e-16 1e-20
8735.464 2.24071e-16 1e-20
8737.4086 2.04438e-16 1e-20
8739.3532 2.09615e-16 1e-20
8741.2978 2.20669e-16 1e-20
8743.2424 2.19608e-16 1e-20
8745.187 2.06975e-16 1e-20
8747.1316 2.2214e-16 1e-20
8749.0763 2.17932e-16 1e-20
8751.0209 2.11965e-16 1e-20
8752.9655 2.29222e-16 1e-20
8754.9101 2.33663e-16 1e-20
8756.8547 2.24943e-16 1e-20
8758.7993 2.18569e-16 1e-20
8760.7439 2.11541e-16 1e-20
8762.6886 2.11604e-16 1e-20
8764.6332 2.25241e-16 1e-20
8766.5778 2.33172e-16 1e-20
8768.5224 2.19167e-16 1e-20
8770.467 2.09501e-16 1e-20
8772.4116 2.22834e-16 1e-20
8774.3562 2.2876e-16 1e-20
8776.3008 2.07371e-16 1e-20
8778.2454 2.00475e-16 1e-20
8780.1901 2.17001e-16 1e-20
8782.1347 2.26804e-16 1e-20
8784.0793 2.08262e-16 1e-20
8786.0239 1.97345e-16 1e-20
8787.9685 2.21812e-16 1e-20
8789.9131 2.21975e-16 1e-20
8791.8577 2.13303e-16 1e-20
8793.8023 2.17371e-16 1e-20
8795.747 2.15567e-16 1e-20
8797.6916 1.9603e-16 1e-20
8799.6362 2.00339e-16 1e-20
8801.5808 2.15574e-16 1e-20
8803.5254 2.1343e-16 1e-20
8805.47 2.16897e-16 1e-20
8807.4146 2.13047e-16 1e-20
8809.3592 2.05094e-16 1e-20
8811.3039 2.07258e-16 1e-20
8813.2485 2.14128e-16 1e-20
8815.1931 1.93971e-16 1e-20
8817.1377 1.98459e-16 1e-20
8819.0823 2.18471e-16 1e-20
8821.0269 2.06462e-16 1e-20
8822.9715 2.10134e-16 1e-20
8824.9161 1.98891e-16 1e-20
8826.8607 1.98939e-16 1e-20
8828.8054 2.19385e-16 1e-20
8830.75 2.04244e-16 1e-20
8832.6946 1.99917e-16 1e-20
8834.6392 2.05621e-16 1e-20
8836.5838 1.99886e-16 1e-20
8838.5284 1.94392e-16 1e-20
8840.473 1.92565e-16 1e-20
8842.4176 1.89301e-16 1e-20
8844.3623 2.02528e-16 1e-20
8846.3069 2.08032e-16 1e-20
8848.2515 1.96283e-16 1e-20
8850.1961 1.89609e-16 1e-20
8852.1407 1.9091e-16 1e-20
8854.0853 2.01617e-16 1e-20
8856.0299 2.03789e-16 1e-20
8857.9745 1.89638e-16 1e-20
8859.9192 1.85816e-16 1e-20
8861.8638 1.93797e-16 1e-20
8863.8084 1.89306e-16 1e-20
8865.753 2.05413e-16 1e-20
8867.6976 1.86766e-16 1e-20
8869.6422 1.81985e-16 1e-20
8871.5868 1.96216e-16 1e-20
8873.5314 1.89933e-16 1e-20
8875.476 1.9686e-16 1e-20
8877.4207 2.06461e-16 1e-20
8879.3653 2.01632e-16 1e-20
8881.3099 1.96388e-16 1e-20
8883.2545 1.80918e-16 1e-20
8885.1991 1.77171e-16 1e-20
8887.1437 1.89979e-16 1e-20
8889.0883 1.82166e-16 1e-20
8891.033 1.77482e-16 1e-20
8892.9776 1.96861e-16 1e-20
8894.9222 1.99252e-16 1e-20
8896.8668 1.78536e-16 1e-20
8898.8114 1.64934e-16 1e-20
8900.756 1.72838e-16 1e-20
8902.7006 1.7857e-16 1e-20
8904.6452 1.80316e-16 1e-20
8906.5898 1.83253e-16 1e-20
8908.5345 1.80855e-16 1e-20
8910.4791 1.81663e-16 1e-20
8912.4237 1.84322e-16 1e-20
8914.3683 1.85081e-16 1e-20
8916.3129 1.77476e-16 1e-20
8918.2575 1.8095e-16 1e-20
8920.2021 1.88676e-16 1e-20
8922.1467 1.87332e-16 1e-20
8924.0914 1.84217e-16 1e-20
8926.036 1.95197e-16 1e-20
8927.9806 1.94166e-16 1e-20
8929.9252 1.86711e-16 1e-20
8931.8698 1.8234e-16 1e-20
8933.8144 1.92378e-16 1e-20
8935.759 1.94609e-16 1e-20
8937.7036 1.86237e-16 1e-20
8939.6483 1.80325e-16 1e-20
8941.5929 1.77503e-16 1e-20
8943.5375 1.75936e-16 1e-20
8945.4821 1.71294e-16 1e-20
8947.4267 1.72235e-16 1e-20
8949.3713 1.70865e-16 1e-20
8951.3159 1.84686e-16 1e-20
8953.2605 1.91744e-16 1e-20
8955.2051 1.76431e-16 1e-20
8957.1498 1.8797e-16 1e-20
8959.0944 1.75383e-16 1e-20
8961.039 1.69754e-16 1e-20
8962.9836 1.8345e-16 1e-20
8964.9282 1.79836e-16 1e-20
8966.8728 1.75356e-16 1e-20
8968.8174 1.80626e-16 1e-20
8970.762 1.82296e-16 1e-20
8972.7067 1.7798e-16 1e-20
8974.6513 1.83056e-16 1e-20
8976.5959 1.81369e-16 1e-20
8978.5405 1.88729e-16 1e-20
8980.4851 2.02223e-16 1e-20
8982.4297 1.88872e-16 1e-20
8984.3743 1.81035e-16 1e-20
8986.3189 1.79377e-16 1e-20
8988.2636 1.87591e-16 1e-20
8990.2082 1.70614e-16 1e-20
8992.1528 1.66663e-16 1e-20
8994.0974 1.80202e-16 1e-20
8996.042 1.88261e-16 1e-20
8997.9866 1.89155e-16 1e-20
8999.9312 1.82223e-16 1e-20
9001.8758 1.6875e-16 1e-20
9003.8204 1.5189e-16 1e-20
9005.7651 1.63059e-16 1e-20
9007.7097 1.63567e-16 1e-20
9009.6543 1.63178e-16 1e-20
9011.5989 1.75402e-16 1e-20
9013.5435 1.73665e-16 1e-20
9015.4881 1.64833e-16 1e-20
9017.4327 1.66346e-16 1e-20
9019.3773 1.86622e-16 1e-20
9021.322 1.84749e-16 1e-20
9023.2666 1.79356e-16 1e-20
9025.2112 1.775e-16 1e-20
9027.1558 1.65578e-16 1e-20
9029.1004 1.7037e-16 1e-20
9031.045 1.75622e-16 1e-20
9032.9896 1.81284e-16 1e-20
9034.9342 1.74433e-16 1e-20
9036.8789 1.72592e-16 1e-20
9038.8235 1.73724e-16 1e-20
9040.7681 1.68166e-16 1e-20
9042.7127 1.62875e-16 1e-20
9044.6573 1.78118e-16 1e-20
9046.6019 1.60535e-16 1e-20
9048.5465 1.77188e-16 1e-20
9050.4911 1.83202e-16 1e-20
9052.4358 1.56274e-16 1e-20
9054.3804 1.63616e-16 1e-20
9056.325 1.84316e-16 1e-20
9058.2696 1.74436e-16 1e-20
9060.2142 1.81236e-16 1e-20
9062.1588 1.83243e-16 1e-20
9064.1034 1.69397e-16 1e-20
9066.048 1.69398e-16 1e-20
9067.9926 1.62153e-16 1e-20
9069.9373 1.66073e-16 1e-20
9071.8819 1.58028e-16 1e-20
9073.8265 1.54508e-16 1e-20
9075.7711 1.60702e-16 1e-20
9077.7157 1.66434e-16 1e-20
9079.6603 1.62574e-16 1e-20
9081.6049 1.93371e-16 1e-20
9083.5495 1.83563e-16 1e-20
9085.4942 1.68581e-16 1e-20
9087.4388 1.58059e-16 1e-20
9089.3834 1.73934e-16 1e-20
9091.328 1.76688e-16 1e-20
9093.2726 1.48988e-16 1e-20
9095.2172 1.52267e-16 1e-20
9097.1618 1.83323e-16 1e-20
9099.1064 1.81366e-16 1e-20
9101.0511 1.54365e-16 1e-20
9102.9957 1.36358e-16 1e-20
9104.9403 1.69847e-16 1e-20
9106.8849 1.70083e-16 1e-20
9108.8295 1.85342e-16 1e-20
9110.7741 1.76038e-16 1e-20
9112.7187 1.34069e-16 1e-20
9114.6633 1.89089e-16 1e-20
9116.6079 1.82714e-16 1e-20
9118.5526 1.3741e-16 1e-20
9120.4972 1.36649e-16 1e-20
9122.4418 1.46308e-16 1e-20
9124.3864 1.47177e-16 1e-20
9126.331 1.54811e-16 1e-20
9128.2756 1.77615e-16 1e-20
9130.2202 1.66996e-16 1e-20
9132.1648 1.35823e-16 1e-20
9134.1095 1.3956e-16 1e-20
9136.0541 1.80275e-16 1e-20
9137.9987 1.84665e-16 1e-20
9139.9433 1.82587e-16 1e-20
9141.8879 1.92545e-16 1e-20
9143.8325 1.63405e-16 1e-20
9145.7771 1.50528e-16 1e-20
9147.7217 1.42344e-16 1e-20
9149.6664 1.45393e-16 1e-20
9151.611 1.57874e-16 1e-20
9153.5556 1.62949e-16 1e-20
9155.5002 1.60975e-16 1e-20
9157.4448 1.53277e-16 1e-20
9159.3894 1.57077e-16 1e-20
9161.334 1.45812e-16 1e-20
9163.2786 1.41481e-16 1e-20
9165.2233 1.33423e-16 1e-20
9167.1679 1.29569e-16 1e-20
9169.1125 1.3405e-16 1e-20
9171.0571 1.45116e-16 1e-20
9173.0017 1.23116e-16 1e-20
9174.9463 1.39784e-16 1e-20
9176.8909 1.41231e-16 1e-20
9178.8355 1.23084e-16 1e-20
9180.7801 1.38961e-16 1e-20
9182.7248 1.5473e-16 1e-20
9184.6694 1.45797e-16 1e-20
9186.614 1.1792e-16 1e-20
9188.5586 1.22867e-16 1e-20
9190.5032 1.52149e-16 1e-20
9192.4478 1.2267e-16 1e-20
9194.3924 1.07172e-16 1e-20
9196.337 1.0298e-16 1e-20
9198.2817 1.28903e-16 1e-20
