3476.0 4.1042386e-16 1e-20
3477.47 2.4854445e-16 1e-20
3478.94 4.7519634e-16 1e-20
3480.41 5.3526511e-16 1e-20
3481.88 5.4048971e-16 1e-20
3483.35 6.4597755e-16 1e-20
3484.82 5.0477954e-16 1e-20
3486.29 3.6497649e-16 1e-20
3487.76 4.7953849e-16 1e-20
3489.23 6.0604583e-16 1e-20
3490.7 6.8059097e-16 1e-20
3492.17 5.5459233e-16 1e-20
3493.64 3.9629919e-16 1e-20
3495.11 6.4846725e-16 1e-20
3496.58 6.0700234e-16 1e-20
3498.05 3.4239218e-16 1e-20
3499.52 6.1595272e-16 1e-20
3500.99 8.01409e-16 1e-20
3502.46 6.6776075e-16 1e-20
3503.93 3.6793002e-16 1e-20
3505.4 3.0101126e-16 1e-20
3506.87 4.3994552e-16 1e-20
3508.34 4.0809571e-16 1e-20
3509.81 5.2032715e-16 1e-20
3511.28 4.4999885e-16 1e-20
3512.75 5.8303861e-16 1e-20
3514.22 5.8063293e-16 1e-20
3515.69 4.4191424e-16 1e-20
3517.16 3.953729e-16 1e-20
3518.63 5.0974872e-16 1e-20
3520.1 4.7283513e-16 1e-20
3521.57 4.4498796e-16 1e-20
3523.04 5.8810609e-16 1e-20
3524.51 6.0892267e-16 1e-20
3525.98 4.4596867e-16 1e-20
3527.45 4.2336639e-16 1e-20
3528.92 5.8269128e-16 1e-20
3530.39 5.7261661e-16 1e-20
3531.86 3.7552605e-16 1e-20
3533.33 4.331794e-16 1e-20
3534.8 6.4049492e-16 1e-20
3536.27 5.3992506e-16 1e-20
3537.74 4.7403474e-16 1e-20
3539.21 5.7565714e-16 1e-20
3540.68 2.4364649e-16 1e-20
3542.15 4.9369569e-16 1e-20
3543.62 7.5538266e-16 1e-20
3545.09 5.8559067e-16 1e-20
3546.56 6.4628815e-16 1e-20
3548.03 4.8952035e-16 1e-20
3549.5 6.0979384e-16 1e-20
3550.97 4.789398e-16 1e-20
3552.44 4.839357e-16 1e-20
3553.91 5.6534489e-16 1e-20
3555.38 3.962058e-16 1e-20
3556.85 4.3076649e-16 1e-20
3558.32 5.4121165e-16 1e-20
3559.79 5.9541726e-16 1e-20
3561.26 7.2649121e-16 1e-20
3562.73 7.0841076e-16 1e-20
3564.2 4.0792771e-16 1e-20
3565.67 5.4657517e-16 1e-20
3567.14 6.6792243e-16 1e-20
3568.61 5.3025845e-16 1e-20
3570.08 4.3265569e-16 1e-20
3571.55 5.0888262e-16 1e-20
3573.02 3.5974582e-16 1e-20
3574.49 3.8145671e-16 1e-20
3575.96 7.3055835e-16 1e-20
3577.43 5.885484e-16 1e-20
3578.9 5.2042477e-16 1e-20
3580.37 5.7098131e-16 1e-20
3581.84 7.1343007e-16 1e-20
3583.31 6.6209511e-16 1e-20
3584.78 4.3255151e-16 1e-20
3586.25 6.6290154e-16 1e-20
3587.72 6.6184534e-16 1e-20
3589.19 5.1990872e-16 1e-20
3590.66 4.887567e-16 1e-20
3592.13 4.9390136e-16 1e-20
3593.6 4.8917614e-16 1e-20
3595.07 4.695245e-16 1e-20
3596.54 4.7717442e-16 1e-20
3598.01 5.5525784e-16 1e-20
3599.48 4.3536403e-16 1e-20
3600.95 4.6109715e-16 1e-20
3602.42 4.0581274e-16 1e-20
3603.89 4.8306485e-16 1e-20
3605.36 4.9394869e-16 1e-20
3606.83 3.3031254e-16 1e-20
3608.3 4.8938647e-16 1e-20
3609.77 6.187032e-16 1e-20
3611.24 5.1485505e-16 1e-20
3612.71 3.5275354e-16 1e-20
3614.18 3.7590491e-16 1e-20
3615.65 5.664274e-16 1e-20
3617.12 5.232338e-16 1e-20
3618.59 4.4729189e-16 1e-20
3620.06 5.4348969e-16 1e-20
3621.53 6.6779141e-16 1e-20
3623.0 4.7674657e-16 1e-20
3624.47 2.4915892e-16 1e-20
3625.94 3.7851729e-16 1e-20
3627.41 3.4850003e-16 1e-20
3628.88 5.4488719e-16 1e-20
3630.35 5.7793646e-16 1e-20
3631.82 4.0362565e-16 1e-20
3633.29 4.0115115e-16 1e-20
3634.76 5.7230263e-16 1e-20
3636.23 6.8049489e-16 1e-20
3637.7 5.4578796e-16 1e-20
3639.17 5.2892612e-16 1e-20
3640.64 5.8556806e-16 1e-20
3642.11 5.7904321e-16 1e-20
3643.58 4.2860023e-16 1e-20
3645.05 4.3086512e-16 1e-20
3646.52 5.2228337e-16 1e-20
3647.99 5.1681895e-16 1e-20
3649.46 3.632248e-16 1e-20
3650.93 3.6467789e-16 1e-20
3652.4 4.4525992e-16 1e-20
3653.87 6.1726165e-16 1e-20
3655.34 7.005756e-16 1e-20
3656.81 5.7733125e-16 1e-20
3658.28 4.9672024e-16 1e-20
3659.75 3.1309392e-16 1e-20
3661.22 3.556199e-16 1e-20
3662.69 6.3211565e-16 1e-20
3664.16 6.2986122e-16 1e-20
3665.63 4.1883511e-16 1e-20
3667.1 3.5389926e-16 1e-20
3668.57 3.7778363e-16 1e-20
3670.04 4.7555008e-16 1e-20
3671.51 4.9686227e-16 1e-20
3672.98 3.4779972e-16 1e-20
3674.45 3.2682046e-16 1e-20
3675.92 3.2874953e-16 1e-20
3677.39 4.2497067e-16 1e-20
3678.86 4.7095614e-16 1e-20
3680.33 3.900034e-16 1e-20
3681.8 5.0831157e-16 1e-20
3683.27 5.4517417e-16 1e-20
3684.74 4.6150463e-16 1e-20
3686.21 4.7931329e-16 1e-20
3687.68 2.5735611e-16 1e-20
3689.15 2.9512182e-16 1e-20
3690.62 5.2493046e-16 1e-20
3692.09 5.172412e-16 1e-20
3693.56 3.5352265e-16 1e-20
3695.03 5.3259812e-16 1e-20
3696.5 4.9298424e-16 1e-20
3697.97 2.6570137e-16 1e-20
3699.44 3.1684016e-16 1e-20
3700.91 5.6707389e-16 1e-20
3702.38 5.3652083e-16 1e-20
3703.85 3.8209881e-16 1e-20
3705.32 3.8735457e-16 1e-20
3706.79 3.1039514e-16 1e-20
3708.26 3.7034943e-16 1e-20
3709.73 2.9218248e-16 1e-20
3711.2 2.5913877e-16 1e-20
3712.67 2.746323e-16 1e-20
3714.14 2.0604174e-16 1e-20
3715.61 2.5761139e-16 1e-20
3717.08 2.0418874e-16 1e-20
3718.55 2.1077269e-16 1e-20
3720.02 1.9762425e-16 1e-20
3721.49 3.4429613e-16 1e-20
3722.96 4.1818512e-16 1e-20
3724.43 3.6271462e-16 1e-20
3725.9 2.8867555e-16 1e-20
3727.37 2.5148556e-16 1e-20
3728.84 3.195008e-16 1e-20
3730.31 3.0213705e-16 1e-20
3731.78 2.3011003e-16 1e-20
3733.25 1.4699677e-16 1e-20
3734.72 2.540624e-16 1e-20
3736.19 2.9474565e-16 1e-20
3737.66 2.7365723e-16 1e-20
3739.13 2.9579616e-16 1e-20
3740.6 2.8408871e-16 1e-20
3742.07 3.2261876e-16 1e-20
3743.54 3.0110812e-16 1e-20
3745.01 2.6147542e-16 1e-20
3746.48 2.6414516e-16 1e-20
3747.95 3.1146137e-16 1e-20
3749.42 3.1058483e-16 1e-20
3750.89 2.8055709e-16 1e-20
3752.36 3.4558995e-16 1e-20
3753.83 2.6784331e-16 1e-20
3755.3 2.7061903e-16 1e-20
3756.77 2.4991559e-16 1e-20
3758.24 3.6509267e-16 1e-20
3759.71 2.852344e-16 1e-20
3761.18 1.7890322e-16 1e-20
3762.65 2.4796175e-16 1e-20
3764.12 1.7804437e-16 1e-20
3765.59 1.2094629e-16 1e-20
3767.06 1.6213554e-16 1e-20
3768.53 1.7434878e-16 1e-20
3770.0 3.1908962e-16 1e-20
3771.47 3.0093691e-16 1e-20
3772.94 2.9403052e-16 1e-20
3774.41 3.2279849e-16 1e-20
3775.88 3.0009541e-16 1e-20
3777.35 1.7790172e-16 1e-20
3778.82 1.9352981e-16 1e-20
3780.29 2.58133e-16 1e-20
3781.76 2.7085747e-16 1e-20
3783.23 3.2039019e-16 1e-20
3784.7 3.3556383e-16 1e-20
3786.17 2.6282135e-16 1e-20
3787.64 1.8055124e-16 1e-20
3789.11 1.6618867e-16 1e-20
3790.58 6.7557839e-17 1e-20
3792.05 1.3458668e-16 1e-20
3793.52 1.9126487e-16 1e-20
3794.99 1.4846124e-16 1e-20
3796.46 7.4021561e-17 1e-20
3797.93 2.2372157e-16 1e-20
3799.4 2.7541456e-16 1e-20
3800.87 2.0861541e-16 1e-20
3802.34 2.7123475e-16 1e-20
3803.81 2.8812617e-16 1e-20
3805.28 1.545549e-16 1e-20
3806.75 1.5199916e-16 1e-20
3808.22 1.9191501e-16 1e-20
3809.69 2.0964208e-16 1e-20
3811.16 2.1565026e-16 1e-20
3812.63 1.9653143e-16 1e-20
3814.1 2.7928362e-16 1e-20
3815.57 2.7460459e-16 1e-20
3817.04 2.3020413e-16 1e-20
3818.51 1.857311e-16 1e-20
3819.98 2.7781775e-16 1e-20
3821.45 2.8182292e-16 1e-20
3822.92 2.2091073e-16 1e-20
3824.39 2.1191466e-16 1e-20
3825.86 1.183993e-16 1e-20
3827.33 1.1452743e-16 1e-20
3828.8 2.3544059e-16 1e-20
3830.27 2.3972896e-16 1e-20
3831.74 2.5827284e-16 1e-20
3833.21 2.492503e-16 1e-20
3834.68 3.4494519e-16 1e-20
3836.15 2.8480406e-16 1e-20
3837.62 2.0205389e-16 1e-20
3839.09 2.0343512e-16 1e-20
3840.56 3.2520276e-16 1e-20
3842.03 3.476539e-16 1e-20
3843.5 2.0957118e-16 1e-20
3844.97 3.137206e-16 1e-20
3846.44 3.1006279e-16 1e-20
3847.91 2.4940737e-16 1e-20
3849.38 1.7114858e-16 1e-20
3850.85 2.2840707e-16 1e-20
3852.32 2.2558311e-16 1e-20
3853.79 3.6859052e-16 1e-20
3855.26 3.1924362e-16 1e-20
3856.73 2.0442384e-16 1e-20
3858.2 1.8154629e-16 1e-20
3859.67 2.4908955e-16 1e-20
3861.14 2.0514905e-16 1e-20
3862.61 9.5686665e-17 1e-20
3864.08 3.230383e-16 1e-20
3865.55 2.81601e-16 1e-20
3867.02 2.587026e-16 1e-20
3868.49 4.3175268e-16 1e-20
3869.96 4.1757126e-16 1e-20
3871.43 2.5613564e-16 1e-20
3872.9 2.1756911e-16 1e-20
3874.37 2.186382e-16 1e-20
3875.84 2.0004855e-16 1e-20
3877.31 2.7490139e-16 1e-20
3878.78 3.7902017e-16 1e-20
3880.25 3.5457749e-16 1e-20
3881.72 3.2893047e-16 1e-20
3883.19 4.1685856e-16 1e-20
3884.66 3.2794199e-16 1e-20
3886.13 1.8643269e-16 1e-20
3887.6 2.0262705e-16 1e-20
3889.07 3.1773953e-16 1e-20
3890.54 3.5437108e-16 1e-20
3892.01 4.0359397e-16 1e-20
3893.48 4.4015432e-16 1e-20
3894.95 3.7496357e-16 1e-20
3896.42 3.6437896e-16 1e-20
3897.89 4.0188534e-16 1e-20
3899.36 3.5305874e-16 1e-20
3900.83 2.7886622e-16 1e-20
3902.3 3.5632852e-16 1e-20
3903.77 3.9168145e-16 1e-20
3905.24 2.823168e-16 1e-20
3906.71 3.375228e-16 1e-20
3908.18 3.3309597e-16 1e-20
3909.65 3.0976691e-16 1e-20
3911.12 4.6461367e-16 1e-20
3912.59 4.5758679e-16 1e-20
3914.06 3.0258783e-16 1e-20
3915.53 2.9771136e-16 1e-20
3917.0 3.7907676e-16 1e-20
3918.47 4.6135502e-16 1e-20
3919.94 4.323064e-16 1e-20
3921.41 4.6239036e-16 1e-20
3922.88 4.4333665e-16 1e-20
3924.35 4.0233496e-16 1e-20
3925.82 4.0638873e-16 1e-20
3927.29 4.8686834e-16 1e-20
3928.76 4.5369996e-16 1e-20
3930.23 4.7906114e-16 1e-20
3931.7 5.1699826e-16 1e-20
3933.17 4.7605925e-16 1e-20
3934.64 4.4688955e-16 1e-20
3936.11 4.9753042e-16 1e-20
3937.58 5.1808018e-16 1e-20
3939.05 4.464735e-16 1e-20
3940.52 4.4401795e-16 1e-20
3941.99 4.9521432e-16 1e-20
3943.46 5.3488209e-16 1e-20
3944.93 5.1900562e-16 1e-20
3946.4 4.927035e-16 1e-20
3947.87 5.0306864e-16 1e-20
3949.34 4.8828294e-16 1e-20
3950.81 4.9742365e-16 1e-20
3952.28 4.3288206e-16 1e-20
3953.75 4.7735421e-16 1e-20
3955.22 5.0587343e-16 1e-20
3956.69 5.2573472e-16 1e-20
3958.16 5.1355872e-16 1e-20
3959.63 5.3941811e-16 1e-20
3961.1 4.4900952e-16 1e-20
3962.57 4.1798011e-16 1e-20
3964.04 5.1109132e-16 1e-20
3965.51 5.3439203e-16 1e-20
3966.98 5.2875174e-16 1e-20
3968.45 5.5704105e-16 1e-20
3969.92 4.9970677e-16 1e-20
3971.39 5.6971277e-16 1e-20
3972.86 6.1952779e-16 1e-20
3974.33 5.8910035e-16 1e-20
3975.8 5.7994519e-16 1e-20
3977.27 5.6990478e-16 1e-20
3978.74 6.1639705e-16 1e-20
3980.21 6.3302467e-16 1e-20
3981.68 6.5210271e-16 1e-20
3983.15 4.8487427e-16 1e-20
3984.62 4.6545895e-16 1e-20
3986.09 5.7441015e-16 1e-20
3987.56 5.8746494e-16 1e-20
3989.03 5.9363568e-16 1e-20
3990.5 6.5422903e-16 1e-20
3991.97 6.0843028e-16 1e-20
3993.44 5.8280404e-16 1e-20
3994.91 5.3980134e-16 1e-20
3996.38 5.782993e-16 1e-20
3997.85 6.4236459e-16 1e-20
3999.32 5.7724575e-16 1e-20
4000.79 5.4579569e-16 1e-20
4002.26 6.1783298e-16 1e-20
4003.73 6.3543903e-16 1e-20
4005.2 5.9882244e-16 1e-20
4006.67 5.6082681e-16 1e-20
4008.14 6.5360196e-16 1e-20
4009.61 6.9310451e-16 1e-20
4011.08 6.4478588e-16 1e-20
4012.55 6.0646363e-16 1e-20
4014.02 5.7754153e-16 1e-20
4015.49 6.1355223e-16 1e-20
4016.96 6.2605137e-16 1e-20
4018.43 6.0483674e-16 1e-20
4019.9 5.9903885e-16 1e-20
4021.37 6.0938017e-16 1e-20
4022.84 5.5020343e-16 1e-20
4024.31 6.2661412e-16 1e-20
4025.78 7.1112932e-16 1e-20
4027.25 6.5527813e-16 1e-20
4028.72 6.4452939e-16 1e-20
4030.19 5.9310544e-16 1e-20
4031.66 5.4728408e-16 1e-20
4033.13 5.5465565e-16 1e-20
4034.6 5.8484872e-16 1e-20
4036.07 5.9114112e-16 1e-20
4037.54 6.0453403e-16 1e-20
4039.01 6.4073394e-16 1e-20
4040.48 5.7823255e-16 1e-20
4041.95 5.1249427e-16 1e-20
4043.42 5.6104503e-16 1e-20
4044.89 5.9698019e-16 1e-20
4046.36 5.3820023e-16 1e-20
4047.83 4.3452171e-16 1e-20
4049.3 4.6905302e-16 1e-20
4050.77 5.3728507e-16 1e-20
4052.24 5.0870284e-16 1e-20
4053.71 4.6928405e-16 1e-20
4055.18 4.907845e-16 1e-20
4056.65 4.8527195e-16 1e-20
4058.12 4.7882026e-16 1e-20
4059.59 4.4842898e-16 1e-20
4061.06 4.190345e-16 1e-20
4062.53 4.4572033e-16 1e-20
4064.0 5.069596e-16 1e-20
4065.47 5.1929494e-16 1e-20
4066.94 4.952762e-16 1e-20
4068.41 5.3623935e-16 1e-20
4069.88 5.1878412e-16 1e-20
4071.35 4.988041e-16 1e-20
4072.82 4.965638e-16 1e-20
4074.29 4.9175514e-16 1e-20
4075.76 4.8711631e-16 1e-20
4077.23 4.8704585e-16 1e-20
4078.7 4.5785042e-16 1e-20
4080.17 4.3260111e-16 1e-20
4081.64 4.4656472e-16 1e-20
4083.11 4.2179541e-16 1e-20
4084.58 4.5667363e-16 1e-20
4086.05 4.5708714e-16 1e-20
4087.52 4.3904952e-16 1e-20
4088.99 4.5398044e-16 1e-20
4090.46 4.543822e-16 1e-20
4091.93 4.1590739e-16 1e-20
4093.4 4.1664174e-16 1e-20
4094.87 4.7066979e-16 1e-20
4096.34 4.8418775e-16 1e-20
4097.81 4.7470924e-16 1e-20
4099.28 5.0496393e-16 1e-20
4100.75 5.0401748e-16 1e-20
4102.22 4.7837154e-16 1e-20
4103.69 4.7899591e-16 1e-20
4105.16 4.440822e-16 1e-20
4106.63 4.909151e-16 1e-20
4108.1 5.665265e-16 1e-20
4109.57 5.7937265e-16 1e-20
4111.04 6.0538382e-16 1e-20
4112.51 5.798615e-16 1e-20
4113.98 5.3802739e-16 1e-20
4115.45 4.9005922e-16 1e-20
4116.92 4.7067588e-16 1e-20
4118.39 5.080672e-16 1e-20
4119.86 5.0307431e-16 1e-20
4121.33 5.0157337e-16 1e-20
4122.8 5.0564108e-16 1e-20
4124.27 5.5441626e-16 1e-20
4125.74 5.3868135e-16 1e-20
4127.21 5.5356149e-16 1e-20
4128.68 5.9111528e-16 1e-20
4130.15 6.2330751e-16 1e-20
4131.62 6.0254462e-16 1e-20
4133.09 5.3336691e-16 1e-20
4134.56 5.4576265e-16 1e-20
4136.03 5.0530375e-16 1e-20
4137.5 5.2537822e-16 1e-20
4138.97 6.0225599e-16 1e-20
4140.44 6.2890799e-16 1e-20
4141.91 5.5203879e-16 1e-20
4143.38 5.3071744e-16 1e-20
4144.85 6.4411911e-16 1e-20
4146.32 6.8673863e-16 1e-20
4147.79 6.2728698e-16 1e-20
4149.26 6.4361285e-16 1e-20
4150.73 6.7853162e-16 1e-20
4152.2 6.576872e-16 1e-20
4153.67 6.2246609e-16 1e-20
4155.14 6.451887e-16 1e-20
4156.61 6.4478361e-16 1e-20
4158.08 5.6349264e-16 1e-20
4159.55 5.8507139e-16 1e-20
4161.02 6.3716418e-16 1e-20
4162.49 6.1307265e-16 1e-20
4163.96 5.8896504e-16 1e-20
4165.43 6.1447968e-16 1e-20
4166.9 6.5939779e-16 1e-20
4168.37 5.7069946e-16 1e-20
4169.84 5.4345136e-16 1e-20
4171.31 6.0510721e-16 1e-20
4172.78 5.9388942e-16 1e-20
4174.25 6.3610359e-16 1e-20
4175.72 6.7870368e-16 1e-20
4177.19 6.8099024e-16 1e-20
4178.66 6.487419e-16 1e-20
4180.13 5.7307126e-16 1e-20
4181.6 5.1777102e-16 1e-20
4183.07 5.6873016e-16 1e-20
4184.54 6.1623828e-16 1e-20
4186.01 6.0567461e-16 1e-20
4187.48 6.2084063e-16 1e-20
4188.95 6.1478271e-16 1e-20
4190.42 6.3499445e-16 1e-20
4191.89 6.1759655e-16 1e-20
4193.36 6.4767046e-16 1e-20
4194.83 7.1522456e-16 1e-20
4196.3 6.4660944e-16 1e-20
4197.77 5.9546279e-16 1e-20
4199.24 6.3154062e-16 1e-20
4200.71 6.4576834e-16 1e-20
4202.18 6.6276347e-16 1e-20
4203.65 6.6798024e-16 1e-20
4205.12 5.755816e-16 1e-20
4206.59 5.5458678e-16 1e-20
4208.06 5.7394762e-16 1e-20
4209.53 5.6619875e-16 1e-20
4211.0 5.6235571e-16 1e-20
4212.47 6.0067739e-16 1e-20
4213.94 6.6689673e-16 1e-20
4215.41 6.4711898e-16 1e-20
4216.88 6.1578967e-16 1e-20
4218.35 6.5588069e-16 1e-20
4219.82 6.7462458e-16 1e-20
4221.29 6.7513206e-16 1e-20
4222.76 5.8696302e-16 1e-20
4224.23 5.6580207e-16 1e-20
4225.7 5.7630025e-16 1e-20
4227.17 5.3567571e-16 1e-20
4228.64 4.9112828e-16 1e-20
4230.11 5.9103804e-16 1e-20
4231.58 5.7889752e-16 1e-20
4233.05 5.6796317e-16 1e-20
4234.52 6.7030048e-16 1e-20
4235.99 6.2780647e-16 1e-20
4237.46 5.4389913e-16 1e-20
4238.93 5.59077e-16 1e-20
4240.4 6.1239095e-16 1e-20
4241.87 5.5993769e-16 1e-20
4243.34 5.4400178e-16 1e-20
4244.81 5.7776117e-16 1e-20
4246.28 5.5913841e-16 1e-20
4247.75 5.3250976e-16 1e-20
4249.22 5.0911222e-16 1e-20
4250.69 5.7628225e-16 1e-20
4252.16 6.065775e-16 1e-20
4253.63 5.5550718e-16 1e-20
4255.1 5.7297141e-16 1e-20
4256.57 5.5197437e-16 1e-20
4258.04 5.2786373e-16 1e-20
4259.51 5.2167229e-16 1e-20
4260.98 5.0756829e-16 1e-20
4262.45 4.9452891e-16 1e-20
4263.92 5.086795e-16 1e-20
4265.39 5.6913303e-16 1e-20
4266.86 6.0856898e-16 1e-20
4268.33 5.6808027e-16 1e-20
4269.8 5.7439469e-16 1e-20
4271.27 5.7414254e-16 1e-20
4272.74 5.5401259e-16 1e-20
4274.21 5.9495949e-16 1e-20
4275.68 5.4467575e-16 1e-20
4277.15 5.3248324e-16 1e-20
4278.62 5.6420071e-16 1e-20
4280.09 5.4333066e-16 1e-20
4281.56 5.5435876e-16 1e-20
4283.03 5.2335228e-16 1e-20
4284.5 5.0283534e-16 1e-20
4285.97 5.4629046e-16 1e-20
4287.44 5.2766045e-16 1e-20
4288.91 4.775297e-16 1e-20
4290.38 4.8049675e-16 1e-20
4291.85 4.7887336e-16 1e-20
4293.32 5.2399909e-16 1e-20
4294.79 5.2680949e-16 1e-20
4296.26 5.3394564e-16 1e-20
4297.73 5.6388418e-16 1e-20
4299.2 4.8236096e-16 1e-20
4300.67 4.6933026e-16 1e-20
4302.14 4.1220935e-16 1e-20
4303.61 3.8096244e-16 1e-20
4305.08 4.643964e-16 1e-20
4306.55 4.7971505e-16 1e-20
4308.02 4.5760738e-16 1e-20
4309.49 4.5710297e-16 1e-20
4310.96 4.8226107e-16 1e-20
4312.43 4.7781637e-16 1e-20
4313.9 4.6360935e-16 1e-20
4315.37 5.0003362e-16 1e-20
4316.84 4.7459574e-16 1e-20
4318.31 4.3130163e-16 1e-20
4319.78 4.3954774e-16 1e-20
4321.25 4.4226751e-16 1e-20
4322.72 4.5328153e-16 1e-20
4324.19 4.2234013e-16 1e-20
4325.66 3.9735046e-16 1e-20
4327.13 4.1274325e-16 1e-20
4328.6 4.5258342e-16 1e-20
4330.07 4.9224362e-16 1e-20
4331.54 4.9230603e-16 1e-20
4333.01 4.4833496e-16 1e-20
4334.48 3.9058526e-16 1e-20
4335.95 4.2700276e-16 1e-20
4337.42 4.9774684e-16 1e-20
4338.89 4.5894659e-16 1e-20
4340.36 4.2871691e-16 1e-20
4341.83 4.3541152e-16 1e-20
4343.3 4.5987505e-16 1e-20
4344.77 4.9292966e-16 1e-20
4346.24 4.6779957e-16 1e-20
4347.71 4.0734114e-16 1e-20
4349.18 3.9069021e-16 1e-20
4350.65 4.2579817e-16 1e-20
4352.12 3.9030391e-16 1e-20
4353.59 3.7248247e-16 1e-20
4355.06 3.790014e-16 1e-20
4356.53 4.4722456e-16 1e-20
4358.0 4.9111367e-16 1e-20
4359.47 3.7776431e-16 1e-20
4360.94 2.7062464e-16 1e-20
4362.41 2.8533734e-16 1e-20
4363.88 3.4350198e-16 1e-20
4365.35 3.6452021e-16 1e-20
4366.82 3.3924395e-16 1e-20
4368.29 3.3051038e-16 1e-20
4369.76 3.7532141e-16 1e-20
4371.23 4.0247869e-16 1e-20
4372.7 4.3321024e-16 1e-20
4374.17 3.9997468e-16 1e-20
4375.64 3.3446899e-16 1e-20
4377.11 3.0050191e-16 1e-20
4378.58 3.1469071e-16 1e-20
4380.05 3.8525345e-16 1e-20
4381.52 3.7842489e-16 1e-20
4382.99 3.7306806e-16 1e-20
4384.46 3.738184e-16 1e-20
4385.93 3.4741467e-16 1e-20
4387.4 3.3236458e-16 1e-20
4388.87 3.3180859e-16 1e-20
4390.34 3.5699667e-16 1e-20
4391.81 3.6310378e-16 1e-20
4393.28 3.5246055e-16 1e-20
4394.75 3.1655244e-16 1e-20
4396.22 3.2479208e-16 1e-20
4397.69 4.3303067e-16 1e-20
4399.16 4.2543868e-16 1e-20
4400.63 3.4328154e-16 1e-20
4402.1 2.7813558e-16 1e-20
4403.57 3.0722534e-16 1e-20
4405.04 3.7256577e-16 1e-20
4406.51 3.146027e-16 1e-20
4407.98 2.8371551e-16 1e-20
4409.45 3.2434946e-16 1e-20
4410.92 3.548738e-16 1e-20
4412.39 3.3757341e-16 1e-20
4413.86 2.9832927e-16 1e-20
4415.33 2.5052791e-16 1e-20
4416.8 2.6096836e-16 1e-20
4418.27 3.5174986e-16 1e-20
4419.74 3.6185727e-16 1e-20
4421.21 3.6049894e-16 1e-20
4422.68 3.8459933e-16 1e-20
4424.15 3.4236169e-16 1e-20
4425.62 3.2257003e-16 1e-20
4427.09 3.9176528e-16 1e-20
4428.56 3.7385678e-16 1e-20
4430.03 3.4491295e-16 1e-20
4431.5 3.3015261e-16 1e-20
4432.97 3.6619272e-16 1e-20
4434.44 3.9861445e-16 1e-20
4435.91 4.0839778e-16 1e-20
4437.38 3.8855964e-16 1e-20
4438.85 3.7977302e-16 1e-20
4440.32 4.1461773e-16 1e-20
4441.79 4.0343099e-16 1e-20
4443.26 4.1727747e-16 1e-20
4444.73 4.3065278e-16 1e-20
4446.2 4.0364087e-16 1e-20
4447.67 3.7770168e-16 1e-20
4449.14 3.7786627e-16 1e-20
4450.61 4.1009135e-16 1e-20
4452.08 4.1658968e-16 1e-20
4453.55 3.8149485e-16 1e-20
4455.02 3.703826e-16 1e-20
4456.49 3.1411015e-16 1e-20
4457.96 2.9284777e-16 1e-20
4459.43 3.7942746e-16 1e-20
4460.9 4.0429137e-16 1e-20
4462.37 4.2504926e-16 1e-20
4463.84 4.2393062e-16 1e-20
4465.31 4.3088825e-16 1e-20
4466.78 4.2083622e-16 1e-20
4468.25 4.0420754e-16 1e-20
4469.72 3.7366927e-16 1e-20
4471.19 3.8174393e-16 1e-20
4472.66 4.4468658e-16 1e-20
4474.13 4.2040487e-16 1e-20
4475.6 4.0858482e-16 1e-20
4477.07 3.8106633e-16 1e-20
4478.54 3.5742236e-16 1e-20
4480.01 3.8891939e-16 1e-20
4481.48 4.4045896e-16 1e-20
4482.95 4.7126208e-16 1e-20
4484.42 4.4558052e-16 1e-20
4485.89 3.9272016e-16 1e-20
4487.36 4.4283685e-16 1e-20
4488.83 4.8698984e-16 1e-20
4490.3 4.1670659e-16 1e-20
4491.77 4.0219965e-16 1e-20
4493.24 4.3499271e-16 1e-20
4494.71 4.3091907e-16 1e-20
4496.18 4.0559069e-16 1e-20
4497.65 4.4195945e-16 1e-20
4499.12 4.2388694e-16 1e-20
4500.59 4.3805712e-16 1e-20
4502.06 4.4441495e-16 1e-20
4503.53 3.7866394e-16 1e-20
4505.0 3.0758567e-16 1e-20
4506.47 3.5267209e-16 1e-20
4507.94 4.6573392e-16 1e-20
4509.41 4.5723294e-16 1e-20
4510.88 4.1270288e-16 1e-20
4512.35 4.2808833e-16 1e-20
4513.82 4.0520894e-16 1e-20
4515.29 4.216372e-16 1e-20
4516.76 4.2885718e-16 1e-20
4518.23 4.0590682e-16 1e-20
4519.7 3.5936897e-16 1e-20
4521.17 3.1167088e-16 1e-20
4522.64 3.6485672e-16 1e-20
4524.11 4.1138368e-16 1e-20
4525.58 3.7264381e-16 1e-20
4527.05 3.4428451e-16 1e-20
4528.52 3.5659306e-16 1e-20
4529.99 3.7936271e-16 1e-20
4531.46 4.0524791e-16 1e-20
4532.93 4.0505319e-16 1e-20
4534.4 3.6921827e-16 1e-20
4535.87 3.8075844e-16 1e-20
4537.34 4.606549e-16 1e-20
4538.81 4.0883252e-16 1e-20
4540.28 4.1214966e-16 1e-20
4541.75 4.655625e-16 1e-20
4543.22 4.6014234e-16 1e-20
4544.69 4.398159e-16 1e-20
4546.16 4.2997862e-16 1e-20
4547.63 4.4297279e-16 1e-20
4549.1 4.1729467e-16 1e-20
4550.57 3.9530758e-16 1e-20
4552.04 4.1582068e-16 1e-20
4553.51 4.113044e-16 1e-20
4554.98 4.2977186e-16 1e-20
4556.45 4.2209269e-16 1e-20
4557.92 4.3271165e-16 1e-20
4559.39 4.2339805e-16 1e-20
4560.86 4.210389e-16 1e-20
4562.33 4.6378913e-16 1e-20
4563.8 4.3583699e-16 1e-20
4565.27 4.3385139e-16 1e-20
4566.74 4.799447e-16 1e-20
4568.21 5.0105255e-16 1e-20
4569.68 4.3754056e-16 1e-20
4571.15 4.0278391e-16 1e-20
4572.62 4.9432112e-16 1e-20
4574.09 5.2141162e-16 1e-20
4575.56 4.9872294e-16 1e-20
4577.03 4.7802209e-16 1e-20
4578.5 3.9255112e-16 1e-20
4579.97 3.9869992e-16 1e-20
4581.44 4.5901361e-16 1e-20
4582.91 4.688311e-16 1e-20
4584.38 5.0595279e-16 1e-20
4585.85 4.7065719e-16 1e-20
4587.32 4.5147327e-16 1e-20
4588.79 4.7825571e-16 1e-20
4590.26 4.9207214e-16 1e-20
4591.73 5.0677203e-16 1e-20
4593.2 4.5466558e-16 1e-20
4594.67 4.5259501e-16 1e-20
4596.14 5.1764687e-16 1e-20
4597.61 5.2918039e-16 1e-20
4599.08 4.7833205e-16 1e-20
4600.55 4.6783652e-16 1e-20
4602.02 4.4166873e-16 1e-20
4603.49 4.3930035e-16 1e-20
4604.96 4.6221651e-16 1e-20
4606.43 5.0157178e-16 1e-20
4607.9 4.7699888e-16 1e-20
4609.37 4.608611e-16 1e-20
4610.84 4.8195783e-16 1e-20
4612.31 4.8778536e-16 1e-20
4613.78 5.1825356e-16 1e-20
4615.25 5.0734558e-16 1e-20
4616.72 4.6711384e-16 1e-20
4618.19 4.7459198e-16 1e-20
4619.66 5.0103412e-16 1e-20
4621.13 4.5410765e-16 1e-20
4622.6 4.5240744e-16 1e-20
4624.07 4.8328328e-16 1e-20
4625.54 4.4604257e-16 1e-20
4627.01 4.3650085e-16 1e-20
4628.48 4.6040508e-16 1e-20
4629.95 4.7819012e-16 1e-20
4631.42 4.9169082e-16 1e-20
4632.89 4.9962403e-16 1e-20
4634.36 4.7106303e-16 1e-20
4635.83 4.6126386e-16 1e-20
4637.3 4.745356e-16 1e-20
4638.77 4.125285e-16 1e-20
4640.24 4.3186123e-16 1e-20
4641.71 4.5970363e-16 1e-20
4643.18 4.404696e-16 1e-20
4644.65 4.6256369e-16 1e-20
4646.12 4.9796585e-16 1e-20
4647.59 4.4794077e-16 1e-20
4649.06 4.4329808e-16 1e-20
4650.53 5.3931392e-16 1e-20
4652.0 5.3131084e-16 1e-20
4653.47 4.5462424e-16 1e-20
4654.94 4.3512649e-16 1e-20
4656.41 4.6830128e-16 1e-20
4657.88 4.6593228e-16 1e-20
4659.35 4.7152027e-16 1e-20
4660.82 4.5962914e-16 1e-20
4662.29 4.023906e-16 1e-20
4663.76 4.2392255e-16 1e-20
4665.23 4.6110054e-16 1e-20
4666.7 5.0347527e-16 1e-20
4668.17 5.0017105e-16 1e-20
4669.64 4.4471766e-16 1e-20
4671.11 4.4958587e-16 1e-20
4672.58 4.4509633e-16 1e-20
4674.05 4.3570488e-16 1e-20
4675.52 4.4138492e-16 1e-20
4676.99 4.6130754e-16 1e-20
4678.46 4.3507146e-16 1e-20
4679.93 3.8976893e-16 1e-20
4681.4 4.3083569e-16 1e-20
4682.87 4.9253918e-16 1e-20
4684.34 4.5214238e-16 1e-20
4685.81 4.0448973e-16 1e-20
4687.28 4.402616e-16 1e-20
4688.75 5.0169709e-16 1e-20
4690.22 4.6964928e-16 1e-20
4691.69 3.6132414e-16 1e-20
4693.16 3.7803297e-16 1e-20
4694.63 4.3218694e-16 1e-20
4696.1 4.488705e-16 1e-20
4697.57 4.5887068e-16 1e-20
4699.04 4.6193709e-16 1e-20
4700.51 4.5501165e-16 1e-20
4701.98 4.2256221e-16 1e-20
4703.45 4.1409175e-16 1e-20
4704.92 4.3919365e-16 1e-20
4706.39 4.7506325e-16 1e-20
4707.86 4.8604037e-16 1e-20
4709.33 4.3328988e-16 1e-20
4710.8 3.9565221e-16 1e-20
4712.27 4.3350911e-16 1e-20
4713.74 4.5957244e-16 1e-20
4715.21 4.1192078e-16 1e-20
4716.68 3.9412406e-16 1e-20
4718.15 4.0894433e-16 1e-20
4719.62 3.9522859e-16 1e-20
4721.09 4.1796838e-16 1e-20
4722.56 4.3578516e-16 1e-20
4724.03 4.3162528e-16 1e-20
4725.5 4.5284494e-16 1e-20
4726.97 4.1281818e-16 1e-20
4728.44 4.1646651e-16 1e-20
4729.91 4.4104807e-16 1e-20
4731.38 3.99244e-16 1e-20
4732.85 3.5896603e-16 1e-20
4734.32 3.5364822e-16 1e-20
4735.79 3.9242774e-16 1e-20
4737.26 4.036747e-16 1e-20
4738.73 4.0267875e-16 1e-20
4740.2 4.0188487e-16 1e-20
4741.67 3.9277333e-16 1e-20
4743.14 4.0639026e-16 1e-20
4744.61 4.1596761e-16 1e-20
4746.08 4.1411629e-16 1e-20
4747.55 3.9231114e-16 1e-20
4749.02 3.8932625e-16 1e-20
4750.49 3.5918257e-16 1e-20
4751.96 3.0407779e-16 1e-20
4753.43 3.4169346e-16 1e-20
4754.9 3.8198227e-16 1e-20
4756.37 3.7581346e-16 1e-20
4757.84 3.8260346e-16 1e-20
4759.31 3.9471277e-16 1e-20
4760.78 3.9997507e-16 1e-20
4762.25 4.1162673e-16 1e-20
4763.72 3.9659223e-16 1e-20
4765.19 4.0874401e-16 1e-20
4766.66 4.5465256e-16 1e-20
4768.13 4.1028767e-16 1e-20
4769.6 3.5884032e-16 1e-20
4771.07 4.0908287e-16 1e-20
4772.54 4.6041932e-16 1e-20
4774.01 4.4079441e-16 1e-20
4775.48 4.1427272e-16 1e-20
4776.95 3.9773795e-16 1e-20
4778.42 3.838675e-16 1e-20
4779.89 4.055292e-16 1e-20
4781.36 3.8377591e-16 1e-20
4782.83 3.0006312e-16 1e-20
4784.3 3.3125902e-16 1e-20
4785.77 3.823709e-16 1e-20
4787.24 3.267811e-16 1e-20
4788.71 3.3809299e-16 1e-20
4790.18 4.0764541e-16 1e-20
4791.65 4.37069e-16 1e-20
4793.12 4.0857839e-16 1e-20
4794.59 3.5683418e-16 1e-20
4796.06 3.3777593e-16 1e-20
4797.53 3.4312301e-16 1e-20
4799.0 3.8289603e-16 1e-20
4800.47 4.0085728e-16 1e-20
4801.94 3.9429881e-16 1e-20
4803.41 4.2936021e-16 1e-20
4804.88 4.4249104e-16 1e-20
4806.35 4.0969194e-16 1e-20
4807.82 3.926273e-16 1e-20
4809.29 3.618727e-16 1e-20
4810.76 3.7136262e-16 1e-20
4812.23 4.2101998e-16 1e-20
4813.7 4.0925014e-16 1e-20
4815.17 3.9151157e-16 1e-20
4816.64 4.0389255e-16 1e-20
4818.11 4.2860764e-16 1e-20
4819.58 4.1496126e-16 1e-20
4821.05 3.7206602e-16 1e-20
4822.52 3.5587425e-16 1e-20
4823.99 3.5834277e-16 1e-20
4825.46 3.54534e-16 1e-20
4826.93 3.6408766e-16 1e-20
4828.4 3.844583e-16 1e-20
4829.87 3.6567979e-16 1e-20
4831.34 3.6422631e-16 1e-20
4832.81 3.4724224e-16 1e-20
4834.28 2.9343823e-16 1e-20
4835.75 2.8124752e-16 1e-20
4837.22 3.2468472e-16 1e-20
4838.69 3.5207552e-16 1e-20
4840.16 3.2234699e-16 1e-20
4841.63 3.2657541e-16 1e-20
4843.1 3.053639e-16 1e-20
4844.57 2.6247193e-16 1e-20
4846.04 3.3099747e-16 1e-20
4847.51 3.5099844e-16 1e-20
4848.98 3.1360865e-16 1e-20
4850.45 3.316264e-16 1e-20
4851.92 3.3715236e-16 1e-20
4853.39 3.7623875e-16 1e-20
4854.86 3.6078471e-16 1e-20
4856.33 2.8784996e-16 1e-20
4857.8 2.7598247e-16 1e-20
4859.27 3.1125004e-16 1e-20
4860.74 3.6464938e-16 1e-20
4862.21 3.6823577e-16 1e-20
4863.68 3.364526e-16 1e-20
4865.15 3.5494537e-16 1e-20
4866.62 3.7141482e-16 1e-20
4868.09 3.4798747e-16 1e-20
4869.56 3.2687298e-16 1e-20
4871.03 3.4599451e-16 1e-20
4872.5 3.6018723e-16 1e-20
4873.97 3.3662543e-16 1e-20
4875.44 3.5952732e-16 1e-20
4876.91 3.5214913e-16 1e-20
4878.38 3.0746073e-16 1e-20
4879.85 3.3479509e-16 1e-20
4881.32 3.6432864e-16 1e-20
4882.79 3.7303778e-16 1e-20
4884.26 3.8020628e-16 1e-20
4885.73 4.0045166e-16 1e-20
4887.2 3.9816631e-16 1e-20
4888.67 3.5118219e-16 1e-20
4890.14 3.4070413e-16 1e-20
4891.61 3.2243029e-16 1e-20
4893.08 3.3047451e-16 1e-20
4894.55 3.6468286e-16 1e-20
4896.02 3.6119724e-16 1e-20
4897.49 3.9079189e-16 1e-20
4898.96 3.9415381e-16 1e-20
4900.43 3.4291639e-16 1e-20
4901.9 3.3611252e-16 1e-20
4903.37 3.2360976e-16 1e-20
4904.84 3.3686019e-16 1e-20
4906.31 3.5379838e-16 1e-20
4907.78 3.0567053e-16 1e-20
4909.25 3.0468889e-16 1e-20
4910.72 2.8411804e-16 1e-20
4912.19 2.5997098e-16 1e-20
4913.66 3.1573413e-16 1e-20
4915.13 3.2196186e-16 1e-20
4916.6 3.3299729e-16 1e-20
4918.07 3.1823875e-16 1e-20
4919.54 2.9038174e-16 1e-20
4921.01 3.1415584e-16 1e-20
4922.48 3.152402e-16 1e-20
4923.95 3.2199838e-16 1e-20
4925.42 3.4626593e-16 1e-20
4926.89 3.6719736e-16 1e-20
4928.36 3.2584974e-16 1e-20
4929.83 2.725986e-16 1e-20
4931.3 3.1555162e-16 1e-20
4932.77 3.0250207e-16 1e-20
4934.24 2.2287546e-16 1e-20
4935.71 2.3304282e-16 1e-20
4937.18 2.89404e-16 1e-20
4938.65 2.9282101e-16 1e-20
4940.12 2.5675612e-16 1e-20
4941.59 2.5020694e-16 1e-20
4943.06 2.5557292e-16 1e-20
4944.53 2.3909387e-16 1e-20
4946.0 2.794872e-16 1e-20
4947.47 3.1069552e-16 1e-20
4948.94 2.5834341e-16 1e-20
4950.41 2.4571984e-16 1e-20
4951.88 3.0595354e-16 1e-20
4953.35 2.8601026e-16 1e-20
4954.82 2.3825441e-16 1e-20
4956.29 2.8455625e-16 1e-20
4957.76 2.8703938e-16 1e-20
4959.23 2.2118218e-16 1e-20
4960.7 2.2872298e-16 1e-20
4962.17 2.3893561e-16 1e-20
4963.64 2.2176736e-16 1e-20
4965.11 2.5457909e-16 1e-20
4966.58 2.7015833e-16 1e-20
4968.05 2.8423024e-16 1e-20
4969.52 2.8501531e-16 1e-20
4970.99 2.5070621e-16 1e-20
4972.46 2.4080559e-16 1e-20
4973.93 2.7768887e-16 1e-20
4975.4 2.9940688e-16 1e-20
4976.87 2.7423406e-16 1e-20
4978.34 2.6170383e-16 1e-20
4979.81 2.7175745e-16 1e-20
4981.28 2.6512348e-16 1e-20
4982.75 2.6505426e-16 1e-20
4984.22 2.7702681e-16 1e-20
4985.69 2.9501903e-16 1e-20
4987.16 3.1351432e-16 1e-20
4988.63 2.851345e-16 1e-20
4990.1 2.5728298e-16 1e-20
4991.57 2.6203774e-16 1e-20
4993.04 2.8796677e-16 1e-20
4994.51 2.8241111e-16 1e-20
4995.98 2.3798677e-16 1e-20
4997.45 2.5983847e-16 1e-20
4998.92 2.4625461e-16 1e-20
5000.39 2.5262247e-16 1e-20
5001.86 2.8456903e-16 1e-20
5003.33 2.6593918e-16 1e-20
5004.8 2.7040095e-16 1e-20
5006.27 2.7848553e-16 1e-20
5007.74 2.7692509e-16 1e-20
5009.21 2.7001579e-16 1e-20
5010.68 2.6689622e-16 1e-20
5012.15 2.9237963e-16 1e-20
5013.62 3.1354097e-16 1e-20
5015.09 2.9893902e-16 1e-20
5016.56 3.0494825e-16 1e-20
5018.03 2.9439829e-16 1e-20
5019.5 2.3457585e-16 1e-20
5020.97 2.2807463e-16 1e-20
5022.44 2.4297278e-16 1e-20
5023.91 2.5992432e-16 1e-20
5025.38 3.0858898e-16 1e-20
5026.85 2.8699348e-16 1e-20
5028.32 2.4877662e-16 1e-20
5029.79 2.8691388e-16 1e-20
5031.26 2.8436569e-16 1e-20
5032.73 3.208623e-16 1e-20
5034.2 3.6673337e-16 1e-20
5035.67 3.0070514e-16 1e-20
5037.14 2.719791e-16 1e-20
5038.61 2.9332846e-16 1e-20
5040.08 2.5399887e-16 1e-20
5041.55 2.9430117e-16 1e-20
5043.02 3.0611951e-16 1e-20
5044.49 2.5838155e-16 1e-20
5045.96 2.7237827e-16 1e-20
5047.43 3.0320023e-16 1e-20
5048.9 3.3948824e-16 1e-20
5050.37 3.2365161e-16 1e-20
5051.84 2.9764208e-16 1e-20
5053.31 2.7871659e-16 1e-20
5054.78 2.7018456e-16 1e-20
5056.25 2.8130676e-16 1e-20
5057.72 3.0486426e-16 1e-20
5059.19 3.2497639e-16 1e-20
5060.66 3.2731569e-16 1e-20
5062.13 2.9985355e-16 1e-20
5063.6 2.980098e-16 1e-20
5065.07 2.9356058e-16 1e-20
5066.54 2.6117972e-16 1e-20
5068.01 2.9530647e-16 1e-20
5069.48 3.2101802e-16 1e-20
5070.95 3.3498427e-16 1e-20
5072.42 3.0531512e-16 1e-20
5073.89 2.8371758e-16 1e-20
5075.36 2.8361911e-16 1e-20
5076.83 3.174653e-16 1e-20
5078.3 3.0866889e-16 1e-20
5079.77 2.7083746e-16 1e-20
5081.24 3.0317334e-16 1e-20
5082.71 3.2135535e-16 1e-20
5084.18 2.9984183e-16 1e-20
5085.65 3.001462e-16 1e-20
5087.12 3.165652e-16 1e-20
5088.59 3.2750982e-16 1e-20
5090.06 3.0985503e-16 1e-20
5091.53 3.214007e-16 1e-20
5093.0 3.5593354e-16 1e-20
5094.47 3.7001226e-16 1e-20
5095.94 3.9501315e-16 1e-20
5097.41 3.897354e-16 1e-20
5098.88 3.3745554e-16 1e-20
5100.35 3.2709083e-16 1e-20
5101.82 3.6370885e-16 1e-20
5103.29 3.8320258e-16 1e-20
5104.76 3.387802e-16 1e-20
5106.23 3.1619576e-16 1e-20
5107.7 3.1342353e-16 1e-20
5109.17 3.1849267e-16 1e-20
5110.64 3.5754394e-16 1e-20
5112.11 3.3242038e-16 1e-20
5113.58 2.8954027e-16 1e-20
5115.05 2.9318066e-16 1e-20
5116.52 3.2504455e-16 1e-20
5117.99 3.2365762e-16 1e-20
5119.46 3.2137206e-16 1e-20
5120.93 3.7970899e-16 1e-20
5122.4 3.7732136e-16 1e-20
5123.87 3.3968883e-16 1e-20
5125.34 3.3839617e-16 1e-20
5126.81 3.52466e-16 1e-20
5128.28 3.5357945e-16 1e-20
5129.75 3.007548e-16 1e-20
5131.22 3.1205718e-16 1e-20
5132.69 3.2746085e-16 1e-20
5134.16 3.08154e-16 1e-20
5135.63 2.8853582e-16 1e-20
5137.1 3.0250681e-16 1e-20
5138.57 3.0594957e-16 1e-20
5140.04 2.9844864e-16 1e-20
5141.51 3.343014e-16 1e-20
5142.98 3.3848011e-16 1e-20
5144.45 3.2646307e-16 1e-20
5145.92 3.0405198e-16 1e-20
5147.39 3.2644353e-16 1e-20
5148.86 3.5379267e-16 1e-20
5150.33 3.4670824e-16 1e-20
5151.8 3.3831769e-16 1e-20
5153.27 3.2274377e-16 1e-20
5154.74 3.593551e-16 1e-20
5156.21 3.306477e-16 1e-20
5157.68 3.443731e-16 1e-20
5159.15 3.4329843e-16 1e-20
5160.62 2.9077733e-16 1e-20
5162.09 2.7747336e-16 1e-20
5163.56 3.1465032e-16 1e-20
5165.03 3.2345764e-16 1e-20
5166.5 3.2043174e-16 1e-20
5167.97 3.1779766e-16 1e-20
5169.44 3.3317496e-16 1e-20
5170.91 3.5194042e-16 1e-20
5172.38 3.9609855e-16 1e-20
5173.85 3.8053948e-16 1e-20
5175.32 3.4271186e-16 1e-20
5176.79 3.300147e-16 1e-20
5178.26 3.075129e-16 1e-20
5179.73 2.8642469e-16 1e-20
5181.2 3.2265018e-16 1e-20
5182.67 3.5583907e-16 1e-20
5184.14 3.1890052e-16 1e-20
5185.61 3.3196293e-16 1e-20
5187.08 3.3720866e-16 1e-20
5188.55 3.3249643e-16 1e-20
5190.02 3.5979122e-16 1e-20
5191.49 3.5532675e-16 1e-20
5192.96 3.5054779e-16 1e-20
5194.43 3.4026171e-16 1e-20
5195.9 3.579067e-16 1e-20
5197.37 3.8497835e-16 1e-20
5198.84 3.9167706e-16 1e-20
5200.31 3.59496e-16 1e-20
5201.78 3.0243687e-16 1e-20
5203.25 3.4051127e-16 1e-20
5204.72 4.2315797e-16 1e-20
5206.19 3.775845e-16 1e-20
5207.66 3.6131556e-16 1e-20
5209.13 3.7974925e-16 1e-20
5210.6 3.8114288e-16 1e-20
5212.07 3.9813442e-16 1e-20
5213.54 3.5792881e-16 1e-20
5215.01 3.4188306e-16 1e-20
5216.48 3.3520487e-16 1e-20
5217.95 3.3180896e-16 1e-20
5219.42 3.4735821e-16 1e-20
5220.89 3.8695665e-16 1e-20
5222.36 3.4808501e-16 1e-20
5223.83 3.4809401e-16 1e-20
5225.3 3.7617165e-16 1e-20
5226.77 3.8416968e-16 1e-20
5228.24 3.3786577e-16 1e-20
5229.71 2.9588047e-16 1e-20
5231.18 3.1613138e-16 1e-20
5232.65 3.5563065e-16 1e-20
5234.12 3.3012244e-16 1e-20
5235.59 3.2712137e-16 1e-20
5237.06 3.4584278e-16 1e-20
5238.53 3.3504849e-16 1e-20
5240.0 3.3751007e-16 1e-20
5241.47 3.0132136e-16 1e-20
5242.94 2.9206726e-16 1e-20
5244.41 3.5432886e-16 1e-20
5245.88 3.7742843e-16 1e-20
5247.35 3.5425697e-16 1e-20
5248.82 3.4768066e-16 1e-20
5250.29 3.7423581e-16 1e-20
5251.76 3.5217489e-16 1e-20
5253.23 3.3616956e-16 1e-20
5254.7 3.4571218e-16 1e-20
5256.17 3.2667109e-16 1e-20
5257.64 3.2754486e-16 1e-20
5259.11 3.4115242e-16 1e-20
5260.58 3.4728801e-16 1e-20
5262.05 3.4595568e-16 1e-20
5263.52 3.5681604e-16 1e-20
5264.99 3.4496817e-16 1e-20
5266.46 3.1241331e-16 1e-20
5267.93 3.518082e-16 1e-20
5269.4 3.7262663e-16 1e-20
5270.87 3.4687908e-16 1e-20
5272.34 3.2771152e-16 1e-20
5273.81 3.312518e-16 1e-20
5275.28 3.1862571e-16 1e-20
5276.75 3.2165213e-16 1e-20
5278.22 3.2443191e-16 1e-20
5279.69 3.4454743e-16 1e-20
5281.16 3.3610042e-16 1e-20
5282.63 3.3867374e-16 1e-20
5284.1 3.5386413e-16 1e-20
5285.57 3.2098711e-16 1e-20
5287.04 3.2480722e-16 1e-20
5288.51 3.3186581e-16 1e-20
5289.98 3.3382858e-16 1e-20
5291.45 3.5475699e-16 1e-20
5292.92 3.5799265e-16 1e-20
5294.39 3.4582076e-16 1e-20
5295.86 3.3102701e-16 1e-20
5297.33 3.1825421e-16 1e-20
5298.8 3.0770428e-16 1e-20
5300.27 3.4700764e-16 1e-20
5301.74 3.5617839e-16 1e-20
5303.21 3.2510228e-16 1e-20
5304.68 3.5427701e-16 1e-20
5306.15 3.6291442e-16 1e-20
5307.62 3.3753752e-16 1e-20
5309.09 3.5483497e-16 1e-20
5310.56 3.2458284e-16 1e-20
5312.03 3.2396054e-16 1e-20
5313.5 3.5911942e-16 1e-20
5314.97 3.3853551e-16 1e-20
5316.44 3.4837361e-16 1e-20
5317.91 3.7236717e-16 1e-20
5319.38 3.7997252e-16 1e-20
5320.85 3.5970368e-16 1e-20
5322.32 3.5723241e-16 1e-20
5323.79 3.6100327e-16 1e-20
5325.26 3.0411953e-16 1e-20
5326.73 3.0212826e-16 1e-20
5328.2 3.4527808e-16 1e-20
5329.67 3.3378718e-16 1e-20
5331.14 3.2550076e-16 1e-20
5332.61 2.9011188e-16 1e-20
5334.08 2.5785388e-16 1e-20
5335.55 2.5436931e-16 1e-20
5337.02 2.264271e-16 1e-20
5338.49 2.5197248e-16 1e-20
5339.96 2.8181138e-16 1e-20
5341.43 2.6181203e-16 1e-20
5342.9 2.754724e-16 1e-20
5344.37 3.1288089e-16 1e-20
5345.84 3.2481972e-16 1e-20
5347.31 3.075399e-16 1e-20
5348.78 2.7327919e-16 1e-20
5350.25 2.4585647e-16 1e-20
5351.72 2.3116691e-16 1e-20
5353.19 2.8288073e-16 1e-20
5354.66 3.1817948e-16 1e-20
5356.13 2.8211748e-16 1e-20
5357.6 2.836892e-16 1e-20
5359.07 3.216835e-16 1e-20
5360.54 3.3588419e-16 1e-20
5362.01 2.7685621e-16 1e-20
5363.48 2.4383408e-16 1e-20
5364.95 2.6219415e-16 1e-20
5366.42 2.368874e-16 1e-20
5367.89 2.5040282e-16 1e-20
5369.36 2.4028668e-16 1e-20
5370.83 2.3816073e-16 1e-20
5372.3 2.3991745e-16 1e-20
5373.77 2.2852888e-16 1e-20
5375.24 2.6373993e-16 1e-20
5376.71 2.4478545e-16 1e-20
5378.18 2.2037434e-16 1e-20
5379.65 2.556103e-16 1e-20
5381.12 2.6703921e-16 1e-20
5382.59 3.0707356e-16 1e-20
5384.06 3.1957457e-16 1e-20
5385.53 2.6520048e-16 1e-20
5387.0 2.6988892e-16 1e-20
5388.47 2.8541908e-16 1e-20
5389.94 2.9395453e-16 1e-20
5391.41 2.7697369e-16 1e-20
5392.88 2.5989988e-16 1e-20
5394.35 2.7725906e-16 1e-20
5395.82 2.6574404e-16 1e-20
5397.29 2.7160749e-16 1e-20
5398.76 2.9181029e-16 1e-20
5400.23 2.9669579e-16 1e-20
5401.7 2.8275069e-16 1e-20
5403.17 2.6736534e-16 1e-20
5404.64 2.5820894e-16 1e-20
5406.11 2.5000908e-16 1e-20
5407.58 2.3747887e-16 1e-20
5409.05 2.2159697e-16 1e-20
5410.52 2.5795909e-16 1e-20
5411.99 2.7727383e-16 1e-20
5413.46 2.4565303e-16 1e-20
5414.93 2.2962444e-16 1e-20
5416.4 2.463418e-16 1e-20
5417.87 2.4604319e-16 1e-20
5419.34 2.5760673e-16 1e-20
5420.81 2.6455579e-16 1e-20
5422.28 2.6745934e-16 1e-20
5423.75 2.7589435e-16 1e-20
5425.22 2.2950808e-16 1e-20
5426.69 2.4515571e-16 1e-20
5428.16 2.5053104e-16 1e-20
5429.63 2.3687467e-16 1e-20
5431.1 2.3430943e-16 1e-20
5432.57 2.4059714e-16 1e-20
5434.04 2.6881284e-16 1e-20
5435.51 2.8935315e-16 1e-20
5436.98 2.4579917e-16 1e-20
5438.45 2.4381528e-16 1e-20
5439.92 2.8586168e-16 1e-20
5441.39 2.8689427e-16 1e-20
5442.86 2.3636166e-16 1e-20
5444.33 2.5352498e-16 1e-20
5445.8 2.8531206e-16 1e-20
5447.27 2.8937089e-16 1e-20
5448.74 2.6625432e-16 1e-20
5450.21 2.4988414e-16 1e-20
5451.68 2.5518945e-16 1e-20
5453.15 2.4794902e-16 1e-20
5454.62 2.7568545e-16 1e-20
5456.09 2.4423284e-16 1e-20
5457.56 2.0310145e-16 1e-20
5459.03 2.5871864e-16 1e-20
5460.5 2.698526e-16 1e-20
5461.97 2.0589466e-16 1e-20
5463.44 2.5625881e-16 1e-20
5464.91 2.5306531e-16 1e-20
5466.38 2.2359004e-16 1e-20
5467.85 2.4231577e-16 1e-20
5469.32 2.2380715e-16 1e-20
5470.79 2.6673626e-16 1e-20
5472.26 2.9055843e-16 1e-20
5473.73 3.0327594e-16 1e-20
5475.2 3.2004375e-16 1e-20
5476.67 2.7348301e-16 1e-20
5478.14 2.2011692e-16 1e-20
5479.61 2.6778113e-16 1e-20
5481.08 2.8241373e-16 1e-20
5482.55 2.6390381e-16 1e-20
5484.02 2.2795046e-16 1e-20
5485.49 2.3661733e-16 1e-20
5486.96 2.0983927e-16 1e-20
5488.43 2.1500785e-16 1e-20
5489.9 2.5052993e-16 1e-20
5491.37 2.3344694e-16 1e-20
5492.84 2.5075727e-16 1e-20
5494.31 2.8587314e-16 1e-20
5495.78 2.7711498e-16 1e-20
5497.25 2.7398194e-16 1e-20
5498.72 2.5506266e-16 1e-20
5500.19 2.6791896e-16 1e-20
5501.66 2.6361471e-16 1e-20
5503.13 2.3566037e-16 1e-20
5504.6 2.3675463e-16 1e-20
5506.07 2.4673003e-16 1e-20
5507.54 2.379229e-16 1e-20
5509.01 2.3365764e-16 1e-20
5510.48 2.856882e-16 1e-20
5511.95 2.7433671e-16 1e-20
5513.42 2.4335339e-16 1e-20
5514.89 2.506272e-16 1e-20
5516.36 2.3121281e-16 1e-20
5517.83 2.1268876e-16 1e-20
5519.3 2.0037397e-16 1e-20
5520.77 2.3264522e-16 1e-20
5522.24 2.8663891e-16 1e-20
5523.71 2.8497404e-16 1e-20
5525.18 2.6604063e-16 1e-20
5526.65 2.5720748e-16 1e-20
5528.12 2.5080241e-16 1e-20
5529.59 2.5945683e-16 1e-20
5531.06 2.0711077e-16 1e-20
5532.53 2.2074598e-16 1e-20
5534.0 2.5669683e-16 1e-20
5535.47 2.4120693e-16 1e-20
5536.94 2.2807691e-16 1e-20
5538.41 2.3708479e-16 1e-20
5539.88 2.385109e-16 1e-20
5541.35 2.3344879e-16 1e-20
5542.82 2.4615442e-16 1e-20
5544.29 2.5849235e-16 1e-20
5545.76 2.4491614e-16 1e-20
5547.23 2.4992477e-16 1e-20
5548.7 2.466912e-16 1e-20
5550.17 2.2807447e-16 1e-20
5551.64 2.2543133e-16 1e-20
5553.11 2.2898885e-16 1e-20
5554.58 2.0332608e-16 1e-20
5556.05 2.1026121e-16 1e-20
5557.52 2.3892587e-16 1e-20
5558.99 2.5940665e-16 1e-20
5560.46 2.4007262e-16 1e-20
5561.93 2.1306689e-16 1e-20
5563.4 2.2557999e-16 1e-20
5564.87 2.051961e-16 1e-20
5566.34 2.5205541e-16 1e-20
5567.81 2.5135597e-16 1e-20
5569.28 1.8896355e-16 1e-20
5570.75 2.0490747e-16 1e-20
5572.22 2.2612585e-16 1e-20
5573.69 2.7756446e-16 1e-20
5575.16 2.9864624e-16 1e-20
5576.63 1.9385805e-16 1e-20
5578.1 1.7663817e-16 1e-20
5579.57 2.0323481e-16 1e-20
5581.04 2.0622857e-16 1e-20
5582.51 2.376123e-16 1e-20
5583.98 2.7089612e-16 1e-20
5585.45 2.50664e-16 1e-20
5586.92 2.2342199e-16 1e-20
5588.39 2.4672e-16 1e-20
5589.86 2.2674799e-16 1e-20
5591.33 2.1006144e-16 1e-20
5592.8 2.3077185e-16 1e-20
5594.27 2.5127267e-16 1e-20
5595.74 2.5638509e-16 1e-20
5597.21 2.3309775e-16 1e-20
5598.68 2.3347598e-16 1e-20
5600.15 2.3824639e-16 1e-20
5601.62 2.6056856e-16 1e-20
5603.09 2.9256473e-16 1e-20
5604.56 2.9520506e-16 1e-20
5606.03 2.7061064e-16 1e-20
5607.5 2.6916203e-16 1e-20
5608.97 2.8389291e-16 1e-20
5610.44 2.7230309e-16 1e-20
5611.91 2.9800541e-16 1e-20
5613.38 3.2574576e-16 1e-20
5614.85 2.9252166e-16 1e-20
5616.32 2.958397e-16 1e-20
5617.79 3.064044e-16 1e-20
5619.26 2.4836176e-16 1e-20
5620.73 2.4243187e-16 1e-20
5622.2 2.7644696e-16 1e-20
5623.67 3.0727076e-16 1e-20
5625.14 3.0219809e-16 1e-20
5626.61 2.7215378e-16 1e-20
5628.08 2.5655291e-16 1e-20
5629.55 2.7274088e-16 1e-20
5631.02 2.9592464e-16 1e-20
5632.49 2.8539528e-16 1e-20
5633.96 3.1915561e-16 1e-20
5635.43 3.3557799e-16 1e-20
5636.9 3.3611821e-16 1e-20
5638.37 3.2564393e-16 1e-20
5639.84 3.009691e-16 1e-20
5641.31 2.8018757e-16 1e-20
5642.78 3.1589943e-16 1e-20
5644.25 3.245438e-16 1e-20
5645.72 2.8779149e-16 1e-20
5647.19 2.8756046e-16 1e-20
5648.66 3.0093225e-16 1e-20
5650.13 2.9508627e-16 1e-20
5651.6 2.7609248e-16 1e-20
5653.07 2.3704471e-16 1e-20
5654.54 2.6094483e-16 1e-20
5656.01 2.9984392e-16 1e-20
5657.48 2.6705249e-16 1e-20
5658.95 2.2552009e-16 1e-20
5660.42 2.4597996e-16 1e-20
5661.89 2.8551469e-16 1e-20
5663.36 3.0717306e-16 1e-20
5664.83 2.9931225e-16 1e-20
5666.3 2.5778855e-16 1e-20
5667.77 2.5189251e-16 1e-20
5669.24 2.7506135e-16 1e-20
5670.71 2.772125e-16 1e-20
5672.18 2.9922476e-16 1e-20
5673.65 3.083206e-16 1e-20
5675.12 2.9069779e-16 1e-20
5676.59 2.7429465e-16 1e-20
5678.06 3.2036361e-16 1e-20
5679.53 3.3018559e-16 1e-20
5681.0 2.8466832e-16 1e-20
5682.47 2.8073459e-16 1e-20
5683.94 2.8116576e-16 1e-20
5685.41 3.0933196e-16 1e-20
5686.88 3.1617207e-16 1e-20
5688.35 2.9249824e-16 1e-20
5689.82 2.9668112e-16 1e-20
5691.29 2.6921476e-16 1e-20
5692.76 2.5751469e-16 1e-20
5694.23 2.7018112e-16 1e-20
5695.7 2.8646996e-16 1e-20
5697.17 3.0675483e-16 1e-20
5698.64 3.0651886e-16 1e-20
5700.11 2.8043652e-16 1e-20
5701.58 2.7496137e-16 1e-20
5703.05 2.5094323e-16 1e-20
5704.52 2.5234456e-16 1e-20
5705.99 2.8297044e-16 1e-20
5707.46 2.9046965e-16 1e-20
5708.93 2.9798177e-16 1e-20
5710.4 2.7816872e-16 1e-20
5711.87 2.4608396e-16 1e-20
5713.34 2.8071908e-16 1e-20
5714.81 3.1362652e-16 1e-20
5716.28 2.9894265e-16 1e-20
5717.75 3.0301484e-16 1e-20
5719.22 3.0755017e-16 1e-20
5720.69 3.0072708e-16 1e-20
5722.16 3.0938283e-16 1e-20
5723.63 2.799004e-16 1e-20
5725.1 2.6669828e-16 1e-20
5726.57 2.7386502e-16 1e-20
5728.04 3.1503209e-16 1e-20
5729.51 3.5209804e-16 1e-20
5730.98 3.3882252e-16 1e-20
5732.45 2.9661222e-16 1e-20
5733.92 2.9710387e-16 1e-20
5735.39 3.3438627e-16 1e-20
5736.86 3.0601373e-16 1e-20
5738.33 2.9446613e-16 1e-20
5739.8 3.1782601e-16 1e-20
5741.27 3.3710495e-16 1e-20
5742.74 3.3039754e-16 1e-20
5744.21 3.3720035e-16 1e-20
5745.68 3.2561836e-16 1e-20
5747.15 3.1611312e-16 1e-20
5748.62 2.7267187e-16 1e-20
5750.09 2.5166024e-16 1e-20
5751.56 3.1502667e-16 1e-20
5753.03 3.0541102e-16 1e-20
5754.5 2.9879733e-16 1e-20
5755.97 2.9889291e-16 1e-20
5757.44 3.1785989e-16 1e-20
5758.91 3.2773007e-16 1e-20
5760.38 3.0326681e-16 1e-20
5761.85 2.9255597e-16 1e-20
5763.32 3.0186738e-16 1e-20
5764.79 3.3113816e-16 1e-20
5766.26 3.1298807e-16 1e-20
5767.73 3.0469199e-16 1e-20
5769.2 2.8991418e-16 1e-20
5770.67 2.9142415e-16 1e-20
5772.14 2.8310242e-16 1e-20
5773.61 2.7142612e-16 1e-20
5775.08 3.0083603e-16 1e-20
5776.55 3.1600539e-16 1e-20
5778.02 3.4097579e-16 1e-20
5779.49 3.3059254e-16 1e-20
5780.96 2.8758772e-16 1e-20
5782.43 3.0429765e-16 1e-20
5783.9 3.3495097e-16 1e-20
5785.37 3.3492024e-16 1e-20
5786.84 3.2562252e-16 1e-20
5788.31 3.1735778e-16 1e-20
5789.78 3.0312027e-16 1e-20
5791.25 3.1918687e-16 1e-20
5792.72 3.1440243e-16 1e-20
5794.19 3.1775268e-16 1e-20
5795.66 3.2600895e-16 1e-20
5797.13 3.246276e-16 1e-20
5798.6 3.1491894e-16 1e-20
5800.07 3.0922762e-16 1e-20
5801.54 3.0318851e-16 1e-20
5803.01 3.2026385e-16 1e-20
5804.48 3.1981516e-16 1e-20
5805.95 3.0579504e-16 1e-20
5807.42 3.1595242e-16 1e-20
5808.89 2.9314246e-16 1e-20
5810.36 2.9373353e-16 1e-20
5811.83 3.2690517e-16 1e-20
5813.3 2.922161e-16 1e-20
5814.77 2.796888e-16 1e-20
5816.24 2.6678287e-16 1e-20
5817.71 2.5721349e-16 1e-20
5819.18 2.8450116e-16 1e-20
5820.65 3.0719564e-16 1e-20
5822.12 3.0094292e-16 1e-20
5823.59 3.0831446e-16 1e-20
5825.06 3.0705831e-16 1e-20
5826.53 2.9761376e-16 1e-20
5828.0 2.6730428e-16 1e-20
5829.47 2.6494971e-16 1e-20
5830.94 2.8217317e-16 1e-20
5832.41 2.5858743e-16 1e-20
5833.88 2.7641822e-16 1e-20
5835.35 2.6663906e-16 1e-20
5836.82 2.4824426e-16 1e-20
5838.29 2.96262e-16 1e-20
5839.76 3.1622413e-16 1e-20
5841.23 2.8920738e-16 1e-20
5842.7 2.5955051e-16 1e-20
5844.17 2.532448e-16 1e-20
5845.64 2.8430629e-16 1e-20
5847.11 3.0520633e-16 1e-20
5848.58 2.6655597e-16 1e-20
5850.05 2.4766071e-16 1e-20
5851.52 3.0027487e-16 1e-20
5852.99 2.9799376e-16 1e-20
5854.46 2.4858569e-16 1e-20
5855.93 2.1173793e-16 1e-20
5857.4 1.909316e-16 1e-20
5858.87 2.2153412e-16 1e-20
5860.34 2.6093178e-16 1e-20
5861.81 2.7900013e-16 1e-20
5863.28 2.744221e-16 1e-20
5864.75 2.5668809e-16 1e-20
5866.22 2.7913129e-16 1e-20
5867.69 2.6914107e-16 1e-20
5869.16 2.465228e-16 1e-20
5870.63 2.450996e-16 1e-20
5872.1 2.4466274e-16 1e-20
5873.57 2.1955176e-16 1e-20
5875.04 2.6320204e-16 1e-20
5876.51 2.9267471e-16 1e-20
5877.98 2.7062022e-16 1e-20
5879.45 2.4773758e-16 1e-20
5880.92 2.2735087e-16 1e-20
5882.39 2.3783378e-16 1e-20
5883.86 2.447907e-16 1e-20
5885.33 2.265838e-16 1e-20
5886.8 2.5004976e-16 1e-20
5888.27 2.9313187e-16 1e-20
5889.74 2.7362282e-16 1e-20
5891.21 2.1064382e-16 1e-20
5892.68 1.6069677e-16 1e-20
5894.15 2.4432755e-16 1e-20
5895.62 2.7869846e-16 1e-20
5897.09 2.207053e-16 1e-20
5898.56 2.1893883e-16 1e-20
5900.03 2.3058638e-16 1e-20
5901.5 2.4387534e-16 1e-20
5902.97 2.5310824e-16 1e-20
5904.44 2.9331928e-16 1e-20
5905.91 2.715103e-16 1e-20
5907.38 2.4871844e-16 1e-20
5908.85 2.4244235e-16 1e-20
5910.32 2.3901758e-16 1e-20
5911.79 2.38511e-16 1e-20
5913.26 2.9305662e-16 1e-20
5914.73 2.8438721e-16 1e-20
5916.2 2.8365543e-16 1e-20
5917.67 2.7754485e-16 1e-20
5919.14 2.3083577e-16 1e-20
5920.61 1.9895119e-16 1e-20
5922.08 2.4001422e-16 1e-20
5923.55 3.0083103e-16 1e-20
5925.02 2.8253221e-16 1e-20
5926.49 2.5263038e-16 1e-20
5927.96 2.9132647e-16 1e-20
5929.43 2.8928142e-16 1e-20
5930.9 2.5688254e-16 1e-20
5932.37 2.6036647e-16 1e-20
5933.84 2.0449264e-16 1e-20
5935.31 2.2769977e-16 1e-20
5936.78 2.9620522e-16 1e-20
5938.25 2.8572092e-16 1e-20
5939.72 2.8106808e-16 1e-20
5941.19 2.301329e-16 1e-20
5942.66 2.7231784e-16 1e-20
5944.13 2.7155498e-16 1e-20
5945.6 2.5866086e-16 1e-20
5947.07 2.8208836e-16 1e-20
5948.54 2.8344436e-16 1e-20
5950.01 2.442226e-16 1e-20
5951.48 2.6950836e-16 1e-20
5952.95 2.6233611e-16 1e-20
5954.42 2.7418838e-16 1e-20
5955.89 2.3778542e-16 1e-20
5957.36 2.6276309e-16 1e-20
5958.83 2.7874568e-16 1e-20
5960.3 2.8577518e-16 1e-20
5961.77 2.9558536e-16 1e-20
5963.24 3.1768778e-16 1e-20
5964.71 2.9079443e-16 1e-20
5966.18 2.4762272e-16 1e-20
5967.65 2.3652387e-16 1e-20
5969.12 2.5358488e-16 1e-20
5970.59 2.8895642e-16 1e-20
5972.06 2.8591875e-16 1e-20
5973.53 2.2493108e-16 1e-20
5975.0 2.5254872e-16 1e-20
5976.47 2.7603599e-16 1e-20
5977.94 3.2816944e-16 1e-20
5979.41 3.4694329e-16 1e-20
5980.88 3.2178694e-16 1e-20
5982.35 2.5641416e-16 1e-20
5983.82 2.3793293e-16 1e-20
5985.29 2.919167e-16 1e-20
5986.76 2.9809395e-16 1e-20
5988.23 2.7295777e-16 1e-20
5989.7 2.8290755e-16 1e-20
5991.17 2.8674617e-16 1e-20
5992.64 3.0798565e-16 1e-20
5994.11 2.9895734e-16 1e-20
5995.58 2.7688808e-16 1e-20
5997.05 2.650995e-16 1e-20
5998.52 2.8193283e-16 1e-20
5999.99 3.0895797e-16 1e-20
6001.46 2.480027e-16 1e-20
6002.93 2.6173374e-16 1e-20
6004.4 2.7917708e-16 1e-20
6005.87 2.6707695e-16 1e-20
6007.34 2.9493166e-16 1e-20
6008.81 3.0516368e-16 1e-20
6010.28 2.6530385e-16 1e-20
6011.75 2.5282716e-16 1e-20
6013.22 2.547729e-16 1e-20
6014.69 2.6490503e-16 1e-20
6016.16 3.0408062e-16 1e-20
6017.63 2.9289783e-16 1e-20
6019.1 2.7553953e-16 1e-20
6020.57 2.9956776e-16 1e-20
6022.04 2.9454152e-16 1e-20
6023.51 2.7524873e-16 1e-20
6024.98 2.7530956e-16 1e-20
6026.45 2.7699356e-16 1e-20
6027.92 2.6472323e-16 1e-20
6029.39 2.9013769e-16 1e-20
6030.86 2.8449558e-16 1e-20
6032.33 2.7735895e-16 1e-20
6033.8 3.0176891e-16 1e-20
6035.27 3.0061263e-16 1e-20
6036.74 2.7130831e-16 1e-20
6038.21 2.7439423e-16 1e-20
6039.68 2.9586744e-16 1e-20
6041.15 3.0082748e-16 1e-20
6042.62 2.9890281e-16 1e-20
6044.09 2.6665974e-16 1e-20
6045.56 2.7419666e-16 1e-20
6047.03 2.9122277e-16 1e-20
6048.5 2.9184491e-16 1e-20
6049.97 2.7861891e-16 1e-20
6051.44 2.6171028e-16 1e-20
6052.91 2.789815e-16 1e-20
6054.38 2.9021231e-16 1e-20
6055.85 2.761559e-16 1e-20
6057.32 2.4813978e-16 1e-20
6058.79 2.7435625e-16 1e-20
6060.26 3.0795164e-16 1e-20
6061.73 2.7679411e-16 1e-20
6063.2 2.508411e-16 1e-20
6064.67 2.588858e-16 1e-20
6066.14 2.3369308e-16 1e-20
6067.61 2.4797872e-16 1e-20
6069.08 2.8131171e-16 1e-20
6070.55 2.7769059e-16 1e-20
6072.02 2.6906205e-16 1e-20
6073.49 2.6332118e-16 1e-20
6074.96 2.2102094e-16 1e-20
6076.43 1.9691645e-16 1e-20
6077.9 2.6827159e-16 1e-20
6079.37 2.4907883e-16 1e-20
6080.84 2.4345567e-16 1e-20
6082.31 2.4361319e-16 1e-20
6083.78 2.4966296e-16 1e-20
6085.25 2.5476723e-16 1e-20
6086.72 2.7069704e-16 1e-20
6088.19 2.495889e-16 1e-20
6089.66 2.3220416e-16 1e-20
6091.13 2.4525116e-16 1e-20
6092.6 2.3554401e-16 1e-20
6094.07 2.1885165e-16 1e-20
6095.54 2.746967e-16 1e-20
6097.01 2.8045428e-16 1e-20
6098.48 2.4752132e-16 1e-20
6099.95 2.6109216e-16 1e-20
6101.42 2.5193769e-16 1e-20
6102.89 2.6272013e-16 1e-20
6104.36 2.5234946e-16 1e-20
6105.83 2.3680707e-16 1e-20
6107.3 2.5202282e-16 1e-20
6108.77 2.4094202e-16 1e-20
6110.24 2.3555722e-16 1e-20
6111.71 2.4718039e-16 1e-20
6113.18 2.1906345e-16 1e-20
6114.65 1.8661858e-16 1e-20
6116.12 2.2010727e-16 1e-20
6117.59 2.2235287e-16 1e-20
6119.06 2.3036832e-16 1e-20
6120.53 2.0577781e-16 1e-20
6122.0 2.2818877e-16 1e-20
6123.47 2.216942e-16 1e-20
6124.94 1.9802467e-16 1e-20
6126.41 2.145162e-16 1e-20
6127.88 1.6546589e-16 1e-20
6129.35 1.6395792e-16 1e-20
6130.82 2.2821998e-16 1e-20
6132.29 2.2127964e-16 1e-20
6133.76 1.9528272e-16 1e-20
6135.23 1.5623764e-16 1e-20
6136.7 2.1131124e-16 1e-20
6138.17 2.2380249e-16 1e-20
6139.64 2.4589083e-16 1e-20
6141.11 2.3615472e-16 1e-20
6142.58 1.985139e-16 1e-20
6144.05 2.0905198e-16 1e-20
6145.52 2.2590522e-16 1e-20
6146.99 1.6680894e-16 1e-20
6148.46 2.4147377e-16 1e-20
6149.93 2.1586803e-16 1e-20
6151.4 1.7496421e-16 1e-20
6152.87 1.9560733e-16 1e-20
6154.34 1.9879028e-16 1e-20
6155.81 1.7671696e-16 1e-20
6157.28 1.4193424e-16 1e-20
6158.75 1.9357948e-16 1e-20
6160.22 2.188962e-16 1e-20
6161.69 1.9945841e-16 1e-20
6163.16 2.0055443e-16 1e-20
6164.63 1.8284912e-16 1e-20
6166.1 1.7201595e-16 1e-20
6167.57 1.8086648e-16 1e-20
6169.04 1.9993974e-16 1e-20
6170.51 2.0489858e-16 1e-20
6171.98 2.0350362e-16 1e-20
6173.45 1.9837595e-16 1e-20
6174.92 1.7961585e-16 1e-20
6176.39 1.3652631e-16 1e-20
6177.86 1.5119473e-16 1e-20
6179.33 1.6009726e-16 1e-20
6180.8 1.7740262e-16 1e-20
6182.27 1.4557538e-16 1e-20
6183.74 1.8147891e-16 1e-20
6185.21 1.786139e-16 1e-20
6186.68 1.7227298e-16 1e-20
6188.15 1.6342263e-16 1e-20
6189.62 1.7618205e-16 1e-20
6191.09 1.6350785e-16 1e-20
6192.56 1.4201517e-16 1e-20
6194.03 1.2909305e-16 1e-20
6195.5 1.4160328e-16 1e-20
6196.97 1.57723e-16 1e-20
6198.44 1.6060736e-16 1e-20
6199.91 1.6839002e-16 1e-20
6201.38 1.4964384e-16 1e-20
6202.85 1.3305175e-16 1e-20
6204.32 1.4072486e-16 1e-20
6205.79 1.3992689e-16 1e-20
6207.26 1.4420985e-16 1e-20
6208.73 1.376005e-16 1e-20
6210.2 1.2935396e-16 1e-20
6211.67 1.6365035e-16 1e-20
6213.14 1.5103777e-16 1e-20
6214.61 1.2085212e-16 1e-20
6216.08 1.424384e-16 1e-20
6217.55 1.4599703e-16 1e-20
6219.02 1.1890883e-16 1e-20
6220.49 1.1726558e-16 1e-20
6221.96 1.1840107e-16 1e-20
6223.43 1.4393825e-16 1e-20
6224.9 1.4789921e-16 1e-20
6226.37 1.5628834e-16 1e-20
6227.84 1.2847866e-16 1e-20
6229.31 1.2380289e-16 1e-20
6230.78 1.7325283e-16 1e-20
6232.25 1.6300412e-16 1e-20
6233.72 1.4903689e-16 1e-20
6235.19 1.5352121e-16 1e-20
6236.66 1.597317e-16 1e-20
6238.13 1.6726107e-16 1e-20
6239.6 1.4120194e-16 1e-20
6241.07 1.2221924e-16 1e-20
6242.54 1.3492941e-16 1e-20
6244.01 1.1733891e-16 1e-20
6245.48 1.409033e-16 1e-20
6246.95 1.6757091e-16 1e-20
6248.42 1.807662e-16 1e-20
6249.89 1.8438897e-16 1e-20
6251.36 1.4005543e-16 1e-20
6252.83 1.5381102e-16 1e-20
6254.3 1.4597468e-16 1e-20
6255.77 1.63749e-16 1e-20
6257.24 1.9818711e-16 1e-20
6258.71 1.537046e-16 1e-20
6260.18 1.4120453e-16 1e-20
6261.65 1.5883362e-16 1e-20
6263.12 1.5175551e-16 1e-20
6264.59 1.6644874e-16 1e-20
6266.06 1.5405278e-16 1e-20
6267.53 1.1859601e-16 1e-20
6269.0 1.1261142e-16 1e-20
6270.47 1.4638738e-16 1e-20
6271.94 1.7465469e-16 1e-20
6273.41 1.634869e-16 1e-20
6274.88 1.643664e-16 1e-20
6276.35 1.2602197e-16 1e-20
6277.82 1.1690533e-16 1e-20
6279.29 1.2928413e-16 1e-20
6280.76 1.50553e-16 1e-20
6282.23 1.5552866e-16 1e-20
6283.7 2.068838e-16 1e-20
6285.17 1.9470471e-16 1e-20
6286.64 1.4041936e-16 1e-20
6288.11 1.7391944e-16 1e-20
6289.58 1.6266001e-16 1e-20
6291.05 1.3217809e-16 1e-20
6292.52 1.7138196e-16 1e-20
6293.99 1.4274028e-16 1e-20
6295.46 1.8205451e-16 1e-20
6296.93 1.759106e-16 1e-20
6298.4 1.3191785e-16 1e-20
6299.87 1.9357284e-16 1e-20
6301.34 1.3540344e-16 1e-20
6302.81 1.4516852e-16 1e-20
6304.28 1.8928209e-16 1e-20
6305.75 1.3951664e-16 1e-20
6307.22 1.6612975e-16 1e-20
6308.69 1.8680887e-16 1e-20
6310.16 1.6720634e-16 1e-20
6311.63 1.5358485e-16 1e-20
6313.1 1.7161458e-16 1e-20
6314.57 1.5610868e-16 1e-20
6316.04 1.7121467e-16 1e-20
6317.51 1.8983248e-16 1e-20
6318.98 1.857314e-16 1e-20
6320.45 1.965268e-16 1e-20
6321.92 2.0726024e-16 1e-20
6323.39 2.0537735e-16 1e-20
6324.86 1.6509174e-16 1e-20
6326.33 1.6094108e-16 1e-20
6327.8 1.9115018e-16 1e-20
6329.27 1.9860396e-16 1e-20
6330.74 1.910679e-16 1e-20
6332.21 1.7037991e-16 1e-20
6333.68 1.9976719e-16 1e-20
6335.15 2.2146808e-16 1e-20
6336.62 2.2863296e-16 1e-20
6338.09 2.0711423e-16 1e-20
6339.56 1.8521727e-16 1e-20
6341.03 1.9792933e-16 1e-20
6342.5 2.065364e-16 1e-20
6343.97 1.9074271e-16 1e-20
6345.44 2.087813e-16 1e-20
6346.91 2.2340962e-16 1e-20
6348.38 2.1371483e-16 1e-20
6349.85 2.0800038e-16 1e-20
6351.32 1.8604727e-16 1e-20
6352.79 1.9862993e-16 1e-20
6354.26 2.1839137e-16 1e-20
6355.73 1.9493664e-16 1e-20
6357.2 1.9519019e-16 1e-20
6358.67 2.1964484e-16 1e-20
6360.14 2.116094e-16 1e-20
6361.61 2.590204e-16 1e-20
6363.08 2.7201309e-16 1e-20
6364.55 2.2422444e-16 1e-20
6366.02 2.1102637e-16 1e-20
6367.49 2.1948925e-16 1e-20
6368.96 2.6633114e-16 1e-20
6370.43 2.7798234e-16 1e-20
6371.9 2.7460459e-16 1e-20
6373.37 2.631571e-16 1e-20
6374.84 2.018739e-16 1e-20
6376.31 2.1238004e-16 1e-20
6377.78 2.4638306e-16 1e-20
6379.25 2.5824666e-16 1e-20
6380.72 2.4534765e-16 1e-20
6382.19 2.3324508e-16 1e-20
6383.66 2.751815e-16 1e-20
6385.13 2.6804847e-16 1e-20
6386.6 2.3653138e-16 1e-20
6388.07 2.3144794e-16 1e-20
6389.54 2.2170881e-16 1e-20
6391.01 2.404104e-16 1e-20
6392.48 2.4093079e-16 1e-20
6393.95 2.500045e-16 1e-20
6395.42 2.5135912e-16 1e-20
6396.89 2.3174152e-16 1e-20
6398.36 2.3601003e-16 1e-20
6399.83 2.6036051e-16 1e-20
6401.3 2.6633532e-16 1e-20
6402.77 2.6584635e-16 1e-20
6404.24 2.4775155e-16 1e-20
6405.71 2.3803063e-16 1e-20
6407.18 2.5127399e-16 1e-20
6408.65 2.8054613e-16 1e-20
6410.12 2.5002255e-16 1e-20
6411.59 2.2705576e-16 1e-20
6413.06 2.6905417e-16 1e-20
6414.53 2.6432833e-16 1e-20
6416.0 2.7059585e-16 1e-20
6417.47 2.7765624e-16 1e-20
6418.94 2.7820908e-16 1e-20
6420.41 2.9765553e-16 1e-20
6421.88 2.4982445e-16 1e-20
6423.35 2.3572776e-16 1e-20
6424.82 2.2460317e-16 1e-20
6426.29 2.4168473e-16 1e-20
6427.76 2.5381234e-16 1e-20
6429.23 2.1807986e-16 1e-20
6430.7 2.507353e-16 1e-20
6432.17 2.9040668e-16 1e-20
6433.64 2.9921775e-16 1e-20
6435.11 2.859547e-16 1e-20
6436.58 2.7609206e-16 1e-20
6438.05 2.6241888e-16 1e-20
6439.52 2.5971211e-16 1e-20
6440.99 2.6758165e-16 1e-20
6442.46 2.5739939e-16 1e-20
6443.93 2.8331121e-16 1e-20
6445.4 2.9973489e-16 1e-20
6446.87 2.8371027e-16 1e-20
6448.34 2.6342431e-16 1e-20
6449.81 2.8273822e-16 1e-20
6451.28 3.1660964e-16 1e-20
6452.75 2.8242392e-16 1e-20
6454.22 2.513642e-16 1e-20
6455.69 2.5822638e-16 1e-20
6457.16 2.7034645e-16 1e-20
6458.63 2.5825915e-16 1e-20
6460.1 2.5011686e-16 1e-20
6461.57 2.6335472e-16 1e-20
6463.04 2.6415006e-16 1e-20
6464.51 2.6926132e-16 1e-20
6465.98 2.6467913e-16 1e-20
6467.45 2.7104848e-16 1e-20
6468.92 2.7031823e-16 1e-20
6470.39 2.7721546e-16 1e-20
6471.86 2.9623913e-16 1e-20
6473.33 2.8596904e-16 1e-20
6474.8 2.5213225e-16 1e-20
6476.27 2.5059435e-16 1e-20
6477.74 2.7697969e-16 1e-20
6479.21 2.7583877e-16 1e-20
6480.68 2.9590148e-16 1e-20
6482.15 2.8526026e-16 1e-20
6483.62 2.4759512e-16 1e-20
6485.09 2.3845079e-16 1e-20
6486.56 2.7358624e-16 1e-20
6488.03 2.5543856e-16 1e-20
6489.5 2.7628388e-16 1e-20
6490.97 2.9893524e-16 1e-20
6492.44 2.773336e-16 1e-20
6493.91 2.8398487e-16 1e-20
6495.38 2.7415688e-16 1e-20
6496.85 2.366582e-16 1e-20
6498.32 2.5528067e-16 1e-20
6499.79 2.9147709e-16 1e-20
6501.26 2.9337608e-16 1e-20
6502.73 2.4913333e-16 1e-20
6504.2 2.3777443e-16 1e-20
6505.67 2.7595791e-16 1e-20
6507.14 2.5606298e-16 1e-20
6508.61 2.6493475e-16 1e-20
6510.08 2.6520398e-16 1e-20
6511.55 2.5282374e-16 1e-20
6513.02 2.5272808e-16 1e-20
6514.49 2.6805591e-16 1e-20
6515.96 2.6647135e-16 1e-20
6517.43 2.7313438e-16 1e-20
6518.9 2.6545256e-16 1e-20
6520.37 2.7403157e-16 1e-20
6521.84 2.6999615e-16 1e-20
6523.31 2.8990303e-16 1e-20
6524.78 3.1997742e-16 1e-20
6526.25 2.9910838e-16 1e-20
6527.72 2.8039665e-16 1e-20
6529.19 2.8176405e-16 1e-20
6530.66 3.0985055e-16 1e-20
6532.13 2.8570607e-16 1e-20
6533.6 2.7636546e-16 1e-20
6535.07 2.4667484e-16 1e-20
6536.54 2.5817601e-16 1e-20
6538.01 2.6959428e-16 1e-20
6539.48 2.78887e-16 1e-20
6540.95 3.03522e-16 1e-20
6542.42 2.8416788e-16 1e-20
6543.89 2.613504e-16 1e-20
6545.36 2.7710386e-16 1e-20
6546.83 2.4836173e-16 1e-20
6548.3 2.7328507e-16 1e-20
6549.77 3.2341052e-16 1e-20
6551.24 2.7648881e-16 1e-20
6552.71 2.4486447e-16 1e-20
6554.18 2.5432352e-16 1e-20
6555.65 2.1808473e-16 1e-20
6557.12 2.444689e-16 1e-20
6558.59 2.9747871e-16 1e-20
6560.06 2.8111761e-16 1e-20
6561.53 2.3076791e-16 1e-20
6563.0 2.5675496e-16 1e-20
6564.47 2.4566557e-16 1e-20
6565.94 2.6565984e-16 1e-20
6567.41 2.4688877e-16 1e-20
6568.88 2.4716453e-16 1e-20
6570.35 2.6831508e-16 1e-20
6571.82 2.5006779e-16 1e-20
6573.29 2.8374169e-16 1e-20
6574.76 2.4131942e-16 1e-20
6576.23 2.3955601e-16 1e-20
6577.7 2.8166307e-16 1e-20
6579.17 2.5696333e-16 1e-20
6580.64 2.8152532e-16 1e-20
6582.11 2.7275329e-16 1e-20
6583.58 2.7657738e-16 1e-20
6585.05 2.8027629e-16 1e-20
6586.52 2.3633516e-16 1e-20
6587.99 2.3639993e-16 1e-20
6589.46 2.5227323e-16 1e-20
6590.93 2.5311406e-16 1e-20
6592.4 2.8921638e-16 1e-20
6593.87 2.7257578e-16 1e-20
6595.34 2.740826e-16 1e-20
6596.81 2.6041078e-16 1e-20
6598.28 2.26985e-16 1e-20
6599.75 2.4751044e-16 1e-20
6601.22 2.3339683e-16 1e-20
6602.69 2.2570379e-16 1e-20
6604.16 2.4409793e-16 1e-20
6605.63 2.9111405e-16 1e-20
6607.1 2.8210361e-16 1e-20
6608.57 2.4504727e-16 1e-20
6610.04 2.701965e-16 1e-20
6611.51 2.4970301e-16 1e-20
6612.98 2.3641867e-16 1e-20
6614.45 2.7187542e-16 1e-20
6615.92 2.8411661e-16 1e-20
6617.39 2.6487919e-16 1e-20
6618.86 2.6564698e-16 1e-20
6620.33 2.4668916e-16 1e-20
6621.8 2.4650779e-16 1e-20
6623.27 2.5758245e-16 1e-20
6624.74 2.5372573e-16 1e-20
6626.21 2.4437843e-16 1e-20
6627.68 2.7860084e-16 1e-20
6629.15 2.5967272e-16 1e-20
6630.62 2.1436513e-16 1e-20
6632.09 2.8999211e-16 1e-20
6633.56 2.8439115e-16 1e-20
6635.03 2.3761222e-16 1e-20
6636.5 2.5720539e-16 1e-20
6637.97 2.3328486e-16 1e-20
6639.44 2.4400573e-16 1e-20
6640.91 2.5684379e-16 1e-20
6642.38 2.4743481e-16 1e-20
6643.85 2.5258949e-16 1e-20
6645.32 2.5435423e-16 1e-20
6646.79 2.4297534e-16 1e-20
6648.26 2.3503817e-16 1e-20
6649.73 2.566522e-16 1e-20
6651.2 2.5604239e-16 1e-20
6652.67 2.5357488e-16 1e-20
6654.14 2.4036339e-16 1e-20
6655.61 2.3528826e-16 1e-20
6657.08 2.7848596e-16 1e-20
6658.55 2.6246547e-16 1e-20
6660.02 2.1165613e-16 1e-20
6661.49 2.3287358e-16 1e-20
6662.96 2.6271399e-16 1e-20
6664.43 2.5422071e-16 1e-20
6665.9 2.6705758e-16 1e-20
6667.37 2.52614e-16 1e-20
6668.84 2.6276066e-16 1e-20
6670.31 2.8245357e-16 1e-20
6671.78 2.2184403e-16 1e-20
6673.25 2.2760419e-16 1e-20
6674.72 2.6147243e-16 1e-20
6676.19 2.4314311e-16 1e-20
6677.66 2.4178759e-16 1e-20
6679.13 2.4193389e-16 1e-20
6680.6 1.8902187e-16 1e-20
6682.07 1.8425889e-16 1e-20
6683.54 2.286481e-16 1e-20
6685.01 2.7328184e-16 1e-20
6686.48 2.9802264e-16 1e-20
6687.95 3.0348201e-16 1e-20
6689.42 2.5994798e-16 1e-20
6690.89 2.2436889e-16 1e-20
6692.36 2.3984656e-16 1e-20
6693.83 2.6139987e-16 1e-20
6695.3 2.4028816e-16 1e-20
6696.77 2.5239231e-16 1e-20
6698.24 2.8254637e-16 1e-20
6699.71 2.5360571e-16 1e-20
6701.18 2.0453236e-16 1e-20
6702.65 2.7428978e-16 1e-20
6704.12 2.7355638e-16 1e-20
6705.59 2.7508358e-16 1e-20
6707.06 2.1312614e-16 1e-20
6708.53 1.7085405e-16 1e-20
6710.0 1.9998866e-16 1e-20
6711.47 2.1475894e-16 1e-20
6712.94 2.0970447e-16 1e-20
6714.41 2.2622765e-16 1e-20
6715.88 2.5201072e-16 1e-20
6717.35 2.5319136e-16 1e-20
6718.82 2.2076756e-16 1e-20
6720.29 2.5037209e-16 1e-20
6721.76 2.534438e-16 1e-20
6723.23 2.6226006e-16 1e-20
6724.7 2.4840864e-16 1e-20
6726.17 2.6442907e-16 1e-20
6727.64 2.3340655e-16 1e-20
6729.11 2.6473462e-16 1e-20
6730.58 2.635417e-16 1e-20
6732.05 2.5195035e-16 1e-20
6733.52 2.4133639e-16 1e-20
6734.99 2.6708079e-16 1e-20
6736.46 2.3872147e-16 1e-20
6737.93 2.7739617e-16 1e-20
6739.4 2.1424841e-16 1e-20
6740.87 2.501665e-16 1e-20
6742.34 2.803575e-16 1e-20
6743.81 2.3884646e-16 1e-20
6745.28 2.4719574e-16 1e-20
6746.75 2.2733192e-16 1e-20
6748.22 2.2959982e-16 1e-20
6749.69 2.8860088e-16 1e-20
6751.16 3.0236056e-16 1e-20
6752.63 2.8187115e-16 1e-20
6754.1 2.6936961e-16 1e-20
6755.57 2.6889093e-16 1e-20
6757.04 2.6841222e-16 1e-20
6758.51 2.6793354e-16 1e-20
6759.98 2.6745486e-16 1e-20
6761.45 2.6697618e-16 1e-20
6762.92 2.6649753e-16 1e-20
6764.39 2.660188e-16 1e-20
6765.86 2.6554014e-16 1e-20
6767.33 2.6506146e-16 1e-20
6768.8 2.6458278e-16 1e-20
6770.27 2.6410411e-16 1e-20
6771.74 2.6362543e-16 1e-20
6773.21 2.6314672e-16 1e-20
6774.68 2.6266804e-16 1e-20
6776.15 2.6218936e-16 1e-20
6777.62 2.6171068e-16 1e-20
6779.09 2.61232e-16 1e-20
6780.56 2.6075332e-16 1e-20
6782.03 2.6027462e-16 1e-20
6783.5 2.5979596e-16 1e-20
6784.97 2.5931728e-16 1e-20
6786.44 2.588386e-16 1e-20
6787.91 2.583599e-16 1e-20
6789.38 2.5788122e-16 1e-20
6790.85 2.5740254e-16 1e-20
6792.32 2.5740254e-16 1e-20
6793.79 2.3547442e-16 1e-20
6795.26 2.210997e-16 1e-20
6796.73 2.3586479e-16 1e-20
6798.2 2.380846e-16 1e-20
6799.67 2.0599529e-16 1e-20
6801.14 2.1698157e-16 1e-20
6802.61 2.5017616e-16 1e-20
6804.08 2.4996903e-16 1e-20
6805.55 2.8648748e-16 1e-20
6807.02 2.1656183e-16 1e-20
6808.49 2.0613224e-16 1e-20
6809.96 2.4055902e-16 1e-20
6811.43 2.4656123e-16 1e-20
6812.9 2.0711231e-16 1e-20
6814.37 2.3817918e-16 1e-20
6815.84 2.3386013e-16 1e-20
6817.31 1.9363513e-16 1e-20
6818.78 1.8148666e-16 1e-20
6820.25 2.4728841e-16 1e-20
6821.72 2.6198155e-16 1e-20
6823.19 2.576207e-16 1e-20
6824.66 2.5340791e-16 1e-20
6826.13 2.2154339e-16 1e-20
6827.6 1.8259579e-16 1e-20
6829.07 2.5677791e-16 1e-20
6830.54 2.777808e-16 1e-20
6832.01 2.0277596e-16 1e-20
6833.48 2.0762323e-16 1e-20
6834.95 2.5537747e-16 1e-20
6836.42 2.321861e-16 1e-20
6837.89 1.9219875e-16 1e-20
6839.36 2.0345706e-16 1e-20
6840.83 2.254127e-16 1e-20
6842.3 2.5022039e-16 1e-20
6843.77 2.4605947e-16 1e-20
6845.24 2.4058438e-16 1e-20
6846.71 2.0790688e-16 1e-20
6848.18 2.1243875e-16 1e-20
6849.65 2.43346e-16 1e-20
6851.12 2.0871947e-16 1e-20
6852.59 2.2609014e-16 1e-20
6854.06 2.3399185e-16 1e-20
6855.53 2.0887823e-16 1e-20
6857.0 2.2879308e-16 1e-20
6858.47 2.2240901e-16 1e-20
6859.94 1.968064e-16 1e-20
6861.41 2.0461733e-16 1e-20
6862.88 2.4689578e-16 1e-20
6864.35 2.3175433e-16 1e-20
6865.82 1.8363992e-16 1e-20
6867.29 1.8414134e-16 1e-20
6868.76 2.4207577e-16 1e-20
6870.23 2.3170308e-16 1e-20
6871.7 2.0624197e-16 1e-20
6873.17 2.1023833e-16 1e-20
6874.64 1.9130091e-16 1e-20
6876.11 2.4915138e-16 1e-20
6877.58 2.4284294e-16 1e-20
6879.05 2.0333833e-16 1e-20
6880.52 2.3369697e-16 1e-20
6881.99 1.9167428e-16 1e-20
6883.46 2.0276828e-16 1e-20
6884.93 2.1695175e-16 1e-20
6886.4 2.1384932e-16 1e-20
6887.87 2.2753102e-16 1e-20
6889.34 2.0448897e-16 1e-20
6890.81 2.1622015e-16 1e-20
6892.28 2.1050364e-16 1e-20
6893.75 1.7708297e-16 1e-20
6895.22 2.2234853e-16 1e-20
6896.69 2.3961032e-16 1e-20
6898.16 2.1384624e-16 1e-20
6899.63 2.3677054e-16 1e-20
6901.1 2.2998395e-16 1e-20
6902.57 2.3640068e-16 1e-20
6904.04 2.2905139e-16 1e-20
6905.51 1.8428983e-16 1e-20
6906.98 1.763068e-16 1e-20
6908.45 1.8423278e-16 1e-20
6909.92 2.0763578e-16 1e-20
6911.39 2.1856761e-16 1e-20
6912.86 2.3376611e-16 1e-20
6914.33 2.5209895e-16 1e-20
6915.8 1.8787511e-16 1e-20
6917.27 1.7541515e-16 1e-20
6918.74 1.7630694e-16 1e-20
6920.21 2.0988203e-16 1e-20
6921.68 1.918396e-16 1e-20
6923.15 1.9564279e-16 1e-20
6924.62 2.1506286e-16 1e-20
6926.09 2.4598927e-16 1e-20
6927.56 2.2908848e-16 1e-20
6929.03 2.0408874e-16 1e-20
6930.5 1.9180995e-16 1e-20
6931.97 1.7927871e-16 1e-20
6933.44 1.6505038e-16 1e-20
6934.91 2.0099045e-16 1e-20
6936.38 2.3100762e-16 1e-20
6937.85 2.7289281e-16 1e-20
6939.32 2.9413264e-16 1e-20
6940.79 2.1565296e-16 1e-20
6942.26 1.8969171e-16 1e-20
6943.73 1.7445189e-16 1e-20
6945.2 2.091015e-16 1e-20
6946.67 2.1965437e-16 1e-20
6948.14 2.1002893e-16 1e-20
6949.61 1.7426489e-16 1e-20
6951.08 1.9610585e-16 1e-20
6952.55 2.0005146e-16 1e-20
6954.02 2.2256892e-16 1e-20
6955.49 2.528346e-16 1e-20
6956.96 2.3417192e-16 1e-20
6958.43 2.2822395e-16 1e-20
6959.9 2.2782645e-16 1e-20
6961.37 1.9866489e-16 1e-20
6962.84 2.2583841e-16 1e-20
6964.31 2.2170371e-16 1e-20
6965.78 2.051891e-16 1e-20
6967.25 2.0064154e-16 1e-20
6968.72 1.9360689e-16 1e-20
6970.19 2.0205375e-16 1e-20
6971.66 2.2128899e-16 1e-20
6973.13 2.1706567e-16 1e-20
6974.6 2.3407364e-16 1e-20
6976.07 2.1334256e-16 1e-20
6977.54 2.0306793e-16 1e-20
6979.01 1.8628314e-16 1e-20
6980.48 2.221495e-16 1e-20
6981.95 2.2920751e-16 1e-20
6983.42 1.871791e-16 1e-20
6984.89 1.9633899e-16 1e-20
6986.36 2.1245992e-16 1e-20
6987.83 2.0073159e-16 1e-20
6989.3 1.8445495e-16 1e-20
6990.77 1.8158196e-16 1e-20
6992.24 2.2846845e-16 1e-20
6993.71 2.180051e-16 1e-20
6995.18 2.009806e-16 1e-20
6996.65 2.0946826e-16 1e-20
6998.12 2.2732104e-16 1e-20
6999.59 2.0994388e-16 1e-20
7001.06 1.684798e-16 1e-20
7002.53 1.9228603e-16 1e-20
7004.0 1.9078458e-16 1e-20
7005.47 1.8598813e-16 1e-20
7006.94 1.901444e-16 1e-20
7008.41 2.0642041e-16 1e-20
7009.88 1.4920064e-16 1e-20
7011.35 1.916423e-16 1e-20
7012.82 2.4584078e-16 1e-20
7014.29 2.5219697e-16 1e-20
7015.76 2.2879408e-16 1e-20
7017.23 2.1754416e-16 1e-20
7018.7 2.0841922e-16 1e-20
7020.17 2.4955126e-16 1e-20
7021.64 2.1715272e-16 1e-20
7023.11 2.1588453e-16 1e-20
7024.58 2.2431537e-16 1e-20
7026.05 1.7371091e-16 1e-20
7027.52 1.9017203e-16 1e-20
7028.99 2.0873254e-16 1e-20
7030.46 2.1078161e-16 1e-20
7031.93 2.186927e-16 1e-20
7033.4 2.2745937e-16 1e-20
7034.87 2.1196671e-16 1e-20
7036.34 2.0719771e-16 1e-20
7037.81 2.0563132e-16 1e-20
7039.28 2.0514069e-16 1e-20
7040.75 2.007654e-16 1e-20
7042.22 1.9789031e-16 1e-20
7043.69 1.9395789e-16 1e-20
7045.16 1.8837248e-16 1e-20
7046.63 2.0641637e-16 1e-20
7048.1 1.7705878e-16 1e-20
7049.57 1.7601273e-16 1e-20
7051.04 1.8670288e-16 1e-20
7052.51 1.9990069e-16 1e-20
7053.98 1.8215659e-16 1e-20
7055.45 1.9948176e-16 1e-20
7056.92 2.1057889e-16 1e-20
7058.39 1.8254129e-16 1e-20
7059.86 1.8506072e-16 1e-20
7061.33 1.7560327e-16 1e-20
7062.8 1.7331902e-16 1e-20
7064.27 1.9667648e-16 1e-20
7065.74 1.8685241e-16 1e-20
7067.21 2.1753957e-16 1e-20
7068.68 2.0875017e-16 1e-20
7070.15 1.9474692e-16 1e-20
7071.62 2.2072395e-16 1e-20
7073.09 1.963587e-16 1e-20
7074.56 2.0428876e-16 1e-20
7076.03 1.9088793e-16 1e-20
7077.5 1.6183261e-16 1e-20
7078.97 1.665199e-16 1e-20
7080.44 1.7289406e-16 1e-20
7081.91 2.0578474e-16 1e-20
7083.38 1.9784246e-16 1e-20
7084.85 1.6622014e-16 1e-20
7086.32 1.5364958e-16 1e-20
7087.79 1.898623e-16 1e-20
7089.26 2.1190873e-16 1e-20
7090.73 1.9134738e-16 1e-20
7092.2 2.1230845e-16 1e-20
7093.67 2.1286613e-16 1e-20
7095.14 1.8904697e-16 1e-20
7096.61 1.9021139e-16 1e-20
7098.08 1.8134233e-16 1e-20
7099.55 1.7992628e-16 1e-20
7101.02 1.9865482e-16 1e-20
7102.49 1.735233e-16 1e-20
7103.96 1.7783833e-16 1e-20
7105.43 2.1996106e-16 1e-20
7106.9 1.9329707e-16 1e-20
7108.37 1.8602249e-16 1e-20
7109.84 1.8509478e-16 1e-20
7111.31 1.798661e-16 1e-20
7112.78 1.6434304e-16 1e-20
7114.25 1.8943406e-16 1e-20
7115.72 2.1397397e-16 1e-20
7117.19 2.2021757e-16 1e-20
7118.66 1.9676342e-16 1e-20
7120.13 1.7277148e-16 1e-20
7121.6 1.8839082e-16 1e-20
7123.07 1.8975732e-16 1e-20
7124.54 1.7183456e-16 1e-20
7126.01 1.9044971e-16 1e-20
7127.48 2.2522431e-16 1e-20
7128.95 2.1627818e-16 1e-20
7130.42 2.2276204e-16 1e-20
7131.89 1.9964765e-16 1e-20
7133.36 2.2978069e-16 1e-20
7134.83 2.5373457e-16 1e-20
7136.3 2.1139551e-16 1e-20
7137.77 1.7468657e-16 1e-20
7139.24 1.7591199e-16 1e-20
7140.71 1.8086209e-16 1e-20
7142.18 2.0608367e-16 1e-20
7143.65 1.7490686e-16 1e-20
7145.12 1.8095171e-16 1e-20
7146.59 1.8925229e-16 1e-20
7148.06 1.914899e-16 1e-20
7149.53 2.1943641e-16 1e-20
7151.0 2.3930147e-16 1e-20
7152.47 1.8981231e-16 1e-20
7153.94 1.8337423e-16 1e-20
7155.41 2.0809007e-16 1e-20
7156.88 2.1699117e-16 1e-20
7158.35 2.2564688e-16 1e-20
7159.82 2.0531911e-16 1e-20
7161.29 2.0699267e-16 1e-20
7162.76 1.9991513e-16 1e-20
7164.23 1.9925967e-16 1e-20
7165.7 1.7560478e-16 1e-20
7167.17 1.9502202e-16 1e-20
7168.64 2.1647327e-16 1e-20
7170.11 1.805524e-16 1e-20
7171.58 1.9883504e-16 1e-20
7173.05 1.9218961e-16 1e-20
7174.52 1.8834376e-16 1e-20
7175.99 1.9462592e-16 1e-20
7177.46 1.7223659e-16 1e-20
7178.93 1.7339773e-16 1e-20
7180.4 2.0224866e-16 1e-20
7181.87 2.0349816e-16 1e-20
7183.34 1.7918037e-16 1e-20
7184.81 2.0603108e-16 1e-20
7186.28 2.1369833e-16 1e-20
7187.75 1.8053369e-16 1e-20
7189.22 1.8753239e-16 1e-20
7190.69 2.014761e-16 1e-20
7192.16 1.9752788e-16 1e-20
7193.63 2.0271608e-16 1e-20
7195.1 1.8651865e-16 1e-20
7196.57 1.8734716e-16 1e-20
7198.04 2.0245093e-16 1e-20
7199.51 1.8597364e-16 1e-20
7200.98 1.8790531e-16 1e-20
7202.45 1.9867653e-16 1e-20
7203.92 2.0219386e-16 1e-20
7205.39 2.0038478e-16 1e-20
7206.86 2.1569113e-16 1e-20
7208.33 2.1638526e-16 1e-20
7209.8 2.0289499e-16 1e-20
7211.27 2.0577411e-16 1e-20
7212.74 2.0000473e-16 1e-20
7214.21 1.8135607e-16 1e-20
7215.68 1.657045e-16 1e-20
7217.15 1.9911964e-16 1e-20
7218.62 2.0570674e-16 1e-20
7220.09 1.9149911e-16 1e-20
7221.56 1.8905527e-16 1e-20
7223.03 1.6015381e-16 1e-20
7224.5 1.724172e-16 1e-20
7225.97 2.1851739e-16 1e-20
7227.44 2.1315931e-16 1e-20
7228.91 1.9653132e-16 1e-20
7230.38 1.9357094e-16 1e-20
7231.85 1.7540847e-16 1e-20
7233.32 1.7615591e-16 1e-20
7234.79 1.8684156e-16 1e-20
7236.26 1.9257016e-16 1e-20
7237.73 1.9433171e-16 1e-20
7239.2 1.6584618e-16 1e-20
7240.67 1.7524181e-16 1e-20
7242.14 2.3272236e-16 1e-20
7243.61 2.0614222e-16 1e-20
7245.08 1.7453572e-16 1e-20
7246.55 1.9179204e-16 1e-20
7248.02 2.0670058e-16 1e-20
7249.49 1.8435656e-16 1e-20
7250.96 1.5238428e-16 1e-20
7252.43 2.1393172e-16 1e-20
7253.9 2.5923165e-16 1e-20
7255.37 2.1166152e-16 1e-20
7256.84 1.6086355e-16 1e-20
7258.31 1.6387597e-16 1e-20
7259.78 1.9954212e-16 1e-20
7261.25 2.0657692e-16 1e-20
7262.72 2.2324469e-16 1e-20
7264.19 2.1528948e-16 1e-20
7265.66 1.8868851e-16 1e-20
7267.13 2.1104893e-16 1e-20
7268.6 2.4978049e-16 1e-20
7270.07 2.5876388e-16 1e-20
7271.54 1.8186438e-16 1e-20
7273.01 1.6137189e-16 1e-20
7274.48 1.5858568e-16 1e-20
7275.95 1.9871134e-16 1e-20
7277.42 2.4259402e-16 1e-20
7278.89 2.3417128e-16 1e-20
7280.36 2.2500845e-16 1e-20
7281.83 1.7238533e-16 1e-20
7283.3 2.0376638e-16 1e-20
7284.77 2.0888104e-16 1e-20
7286.24 1.9546912e-16 1e-20
7287.71 1.7979545e-16 1e-20
7289.18 2.2524777e-16 1e-20
7290.65 2.3379308e-16 1e-20
7292.12 2.2876105e-16 1e-20
7293.59 1.8276431e-16 1e-20
7295.06 1.5864383e-16 1e-20
7296.53 1.9649616e-16 1e-20
7298.0 1.8860785e-16 1e-20
7299.47 1.804231e-16 1e-20
7300.94 1.9787514e-16 1e-20
7302.41 1.8117095e-16 1e-20
7303.88 1.6959194e-16 1e-20
7305.35 1.9500743e-16 1e-20
7306.82 1.9585456e-16 1e-20
7308.29 1.7272774e-16 1e-20
7309.76 1.5520784e-16 1e-20
7311.23 1.4478813e-16 1e-20
7312.7 1.8215158e-16 1e-20
7314.17 2.1336802e-16 1e-20
7315.64 2.1526985e-16 1e-20
7317.11 1.7099654e-16 1e-20
7318.58 1.3446944e-16 1e-20
7320.05 1.8216666e-16 1e-20
7321.52 2.2517672e-16 1e-20
7322.99 2.1579963e-16 1e-20
7324.46 2.1004628e-16 1e-20
7325.93 1.8801131e-16 1e-20
7327.4 1.6014141e-16 1e-20
7328.87 1.6085772e-16 1e-20
7330.34 1.8101621e-16 1e-20
7331.81 1.7845105e-16 1e-20
7333.28 2.0815693e-16 1e-20
7334.75 1.8474337e-16 1e-20
7336.22 1.9004922e-16 1e-20
7337.69 2.1481535e-16 1e-20
7339.16 1.8364344e-16 1e-20
7340.63 1.7398343e-16 1e-20
7342.1 1.2267284e-16 1e-20
7343.57 1.7890777e-16 1e-20
7345.04 1.7937308e-16 1e-20
7346.51 1.6685043e-16 1e-20
7347.98 1.8946187e-16 1e-20
7349.45 1.9096658e-16 1e-20
7350.92 2.2768651e-16 1e-20
7352.39 2.1778996e-16 1e-20
7353.86 1.5773643e-16 1e-20
7355.33 1.8302718e-16 1e-20
7356.8 2.0079842e-16 1e-20
7358.27 1.6754739e-16 1e-20
7359.74 1.5339403e-16 1e-20
7361.21 1.8954518e-16 1e-20
7362.68 1.8183423e-16 1e-20
7364.15 1.6956929e-16 1e-20
7365.62 1.7603883e-16 1e-20
7367.09 1.6314593e-16 1e-20
7368.56 1.5056552e-16 1e-20
7370.03 1.1491824e-16 1e-20
7371.5 1.7558535e-16 1e-20
7372.97 1.5993949e-16 1e-20
7374.44 2.0224311e-16 1e-20
7375.91 1.9959496e-16 1e-20
7377.38 2.0291957e-16 1e-20
7378.85 1.7457589e-16 1e-20
7380.32 1.8596481e-16 1e-20
7381.79 2.1008565e-16 1e-20
7383.26 1.5886636e-16 1e-20
7384.73 1.5871428e-16 1e-20
7386.2 1.5917313e-16 1e-20
7387.67 2.1197697e-16 1e-20
7389.14 2.0362393e-16 1e-20
7390.61 1.5494021e-16 1e-20
7392.08 1.8553076e-16 1e-20
7393.55 2.0329757e-16 1e-20
7395.02 1.4290396e-16 1e-20
7396.49 1.799665e-16 1e-20
7397.96 2.0468776e-16 1e-20
7399.43 1.6412617e-16 1e-20
7400.9 1.9306914e-16 1e-20
7402.37 1.5999621e-16 1e-20
7403.84 1.8821179e-16 1e-20
7405.31 1.7512476e-16 1e-20
7406.78 1.5797458e-16 1e-20
7408.25 1.6970656e-16 1e-20
7409.72 1.6807118e-16 1e-20
7411.19 1.7527409e-16 1e-20
7412.66 1.502936e-16 1e-20
