3622.0 0.383212 1e-20
3624.0 0.323953 1e-20
3626.0 0.270621 1e-20
3628.0 0.433978 1e-20
3630.0 0.557203 1e-20
3632.0 0.616492 1e-20
3634.0 0.334853 1e-20
3636.0 0.297068 1e-20
3638.0 0.442269 1e-20
3640.0 0.311372 1e-20
3642.0 0.355327 1e-20
3644.0 0.250367 1e-20
3646.0 0.134108 1e-20
3648.0 0.308777 1e-20
3650.0 0.535544 1e-20
3652.0 0.336615 1e-20
3654.0 0.368195 1e-20
3656.0 0.452839 1e-20
3658.0 0.390583 1e-20
3660.0 0.594853 1e-20
3662.0 0.440089 1e-20
3664.0 0.209842 1e-20
3666.0 0.45156 1e-20
3668.0 0.32304 1e-20
3670.0 0.281551 1e-20
3672.0 0.251356 1e-20
3674.0 0.24246 1e-20
3676.0 0.364504 1e-20
3678.0 0.465199 1e-20
3680.0 0.287994 1e-20
3682.0 0.337306 1e-20
3684.0 0.406561 1e-20
3686.0 0.482302 1e-20
3688.0 0.489149 1e-20
3690.0 0.41603 1e-20
3692.0 0.392102 1e-20
3694.0 0.39757 1e-20
3696.0 0.402195 1e-20
3698.0 0.247763 1e-20
3700.0 0.202374 1e-20
3702.0 0.239682 1e-20
3704.0 0.508403 1e-20
3706.0 0.564045 1e-20
3708.0 0.417027 1e-20
3710.0 0.319977 1e-20
3712.0 0.157713 1e-20
3714.0 0.268728 1e-20
3716.0 0.347956 1e-20
3718.0 0.385389 1e-20
3720.0 0.310205 1e-20
3722.0 0.490084 1e-20
3724.0 0.427568 1e-20
3726.0 0.396991 1e-20
3728.0 0.563602 1e-20
3730.0 0.580876 1e-20
3732.0 0.451077 1e-20
3734.0 0.387161 1e-20
3736.0 0.334741 1e-20
3738.0 0.391131 1e-20
3740.0 0.420481 1e-20
3742.0 0.389579 1e-20
3744.0 0.176572 1e-20
3746.0 0.441261 1e-20
3748.0 0.388879 1e-20
3750.0 0.503314 1e-20
3752.0 0.349253 1e-20
3754.0 0.227287 1e-20
3756.0 0.168812 1e-20
3758.0 0.321474 1e-20
3760.0 0.491169 1e-20
3762.0 0.367583 1e-20
3764.0 0.27597 1e-20
3766.0 0.405003 1e-20
3768.0 0.407581 1e-20
3770.0 0.479287 1e-20
3772.0 0.276456 1e-20
3774.0 0.310609 1e-20
3776.0 0.445868 1e-20
3778.0 0.479288 1e-20
3780.0 0.264669 1e-20
3782.0 0.296633 1e-20
3784.0 0.254902 1e-20
3786.0 0.44138 1e-20
3788.0 0.58615 1e-20
3790.0 0.444155 1e-20
3792.0 0.345492 1e-20
3794.0 0.345644 1e-20
3796.0 0.309612 1e-20
3798.0 0.483268 1e-20
3800.0 0.542332 1e-20
3802.0 0.340108 1e-20
3804.0 0.31504 1e-20
3806.0 0.366375 1e-20
3808.0 0.287879 1e-20
3810.0 0.423252 1e-20
3812.0 0.407435 1e-20
3814.0 0.252715 1e-20
3816.0 0.307284 1e-20
3818.0 0.390207 1e-20
3820.0 0.348 1e-20
3822.0 0.288509 1e-20
3824.0 0.469385 1e-20
3826.0 0.612159 1e-20
3828.0 0.365044 1e-20
3830.0 0.291887 1e-20
3832.0 0.416968 1e-20
3834.0 0.37704 1e-20
3836.0 0.281467 1e-20
3838.0 0.314867 1e-20
3840.0 0.255228 1e-20
3842.0 0.262712 1e-20
3844.0 0.292135 1e-20
3846.0 0.157775 1e-20
3848.0 0.233417 1e-20
3850.0 0.272885 1e-20
3852.0 0.345473 1e-20
3854.0 0.390917 1e-20
3856.0 0.27654 1e-20
3858.0 0.245015 1e-20
3860.0 0.281244 1e-20
3862.0 0.244207 1e-20
3864.0 0.301675 1e-20
3866.0 0.37305 1e-20
3868.0 0.327259 1e-20
3870.0 0.217798 1e-20
3872.0 0.194519 1e-20
3874.0 0.223014 1e-20
3876.0 0.226589 1e-20
3878.0 0.200724 1e-20
3880.0 0.114927 1e-20
3882.0 0.19278 1e-20
3884.0 0.247114 1e-20
3886.0 0.226388 1e-20
3888.0 0.161891 1e-20
3890.0 0.193364 1e-20
3892.0 0.328313 1e-20
3894.0 0.23101 1e-20
3896.0 0.207312 1e-20
3898.0 0.275076 1e-20
3900.0 0.237682 1e-20
3902.0 0.268615 1e-20
3904.0 0.288647 1e-20
3906.0 0.172366 1e-20
3908.0 0.321715 1e-20
3910.0 0.36887 1e-20
3912.0 0.246284 1e-20
3914.0 0.263631 1e-20
3916.0 0.244946 1e-20
3918.0 0.260266 1e-20
3920.0 0.222317 1e-20
3922.0 0.283801 1e-20
3924.0 0.339406 1e-20
3926.0 0.351063 1e-20
3928.0 0.32544 1e-20
3930.0 0.195141 1e-20
3932.0 0.097032 1e-20
3934.0 0.190063 1e-20
3936.0 0.157513 1e-20
3938.0 0.0814475 1e-20
3940.0 0.414239 1e-20
3942.0 0.44761 1e-20
3944.0 0.262346 1e-20
3946.0 0.209296 1e-20
3948.0 0.300982 1e-20
3950.0 0.193591 1e-20
3952.0 0.253804 1e-20
3954.0 0.260521 1e-20
3956.0 0.283739 1e-20
3958.0 0.184096 1e-20
3960.0 0.12309 1e-20
3962.0 0.202318 1e-20
3964.0 0.231411 1e-20
3966.0 0.145254 1e-20
3968.0 0.13325 1e-20
3970.0 0.14734 1e-20
3972.0 0.210705 1e-20
3974.0 0.239207 1e-20
3976.0 0.274335 1e-20
3978.0 0.300145 1e-20
3980.0 0.178187 1e-20
3982.0 0.127975 1e-20
3984.0 0.165682 1e-20
3986.0 0.135111 1e-20
3988.0 0.132164 1e-20
3990.0 0.134116 1e-20
3992.0 0.134312 1e-20
3994.0 0.292776 1e-20
3996.0 0.288009 1e-20
3998.0 0.241124 1e-20
4000.0 0.241777 1e-20
4002.0 0.286177 1e-20
4004.0 0.27023 1e-20
4006.0 0.168374 1e-20
4008.0 0.191567 1e-20
4010.0 0.111421 1e-20
4012.0 0.159625 1e-20
4014.0 0.34175 1e-20
4016.0 0.252807 1e-20
4018.0 0.176781 1e-20
4020.0 0.211125 1e-20
4022.0 0.327314 1e-20
4024.0 0.197098 1e-20
4026.0 0.201828 1e-20
4028.0 0.165145 1e-20
4030.0 0.201785 1e-20
4032.0 0.243114 1e-20
4034.0 0.213124 1e-20
4036.0 0.217883 1e-20
4038.0 0.193872 1e-20
4040.0 0.295729 1e-20
4042.0 0.367375 1e-20
4044.0 0.336606 1e-20
4046.0 0.197757 1e-20
4048.0 0.289517 1e-20
4050.0 0.268469 1e-20
4052.0 0.184789 1e-20
4054.0 0.251503 1e-20
4056.0 0.24512 1e-20
4058.0 0.194077 1e-20
4060.0 0.25227 1e-20
4062.0 0.372347 1e-20
4064.0 0.352264 1e-20
4066.0 0.247944 1e-20
4068.0 0.30426 1e-20
4070.0 0.301625 1e-20
4072.0 0.273235 1e-20
4074.0 0.259895 1e-20
4076.0 0.35484 1e-20
4078.0 0.437146 1e-20
4080.0 0.293682 1e-20
4082.0 0.222001 1e-20
4084.0 0.189589 1e-20
4086.0 0.197206 1e-20
4088.0 0.35884 1e-20
4090.0 0.26278 1e-20
4092.0 0.237885 1e-20
4094.0 0.304671 1e-20
4096.0 0.237339 1e-20
4098.0 0.20746 1e-20
4100.0 0.314672 1e-20
4102.0 0.293765 1e-20
4104.0 0.276715 1e-20
4106.0 0.363149 1e-20
4108.0 0.331093 1e-20
4110.0 0.273084 1e-20
4112.0 0.324385 1e-20
4114.0 0.303001 1e-20
4116.0 0.279802 1e-20
4118.0 0.264889 1e-20
4120.0 0.261024 1e-20
4122.0 0.267085 1e-20
4124.0 0.341786 1e-20
4126.0 0.313283 1e-20
4128.0 0.310832 1e-20
4130.0 0.255611 1e-20
4132.0 0.257413 1e-20
4134.0 0.265426 1e-20
4136.0 0.303108 1e-20
4138.0 0.428199 1e-20
4140.0 0.363219 1e-20
4142.0 0.287788 1e-20
4144.0 0.263443 1e-20
4146.0 0.333128 1e-20
4148.0 0.287128 1e-20
4150.0 0.222181 1e-20
4152.0 0.274879 1e-20
4154.0 0.298919 1e-20
4156.0 0.249573 1e-20
4158.0 0.242654 1e-20
4160.0 0.278697 1e-20
4162.0 0.353121 1e-20
4164.0 0.271308 1e-20
4166.0 0.252804 1e-20
4168.0 0.289277 1e-20
4170.0 0.230612 1e-20
4172.0 0.261488 1e-20
4174.0 0.284625 1e-20
4176.0 0.303137 1e-20
4178.0 0.274191 1e-20
4180.0 0.261919 1e-20
4182.0 0.308945 1e-20
4184.0 0.265024 1e-20
4186.0 0.26887 1e-20
4188.0 0.289439 1e-20
4190.0 0.269666 1e-20
4192.0 0.293418 1e-20
4194.0 0.272923 1e-20
4196.0 0.249076 1e-20
4198.0 0.253328 1e-20
4200.0 0.268582 1e-20
4202.0 0.278456 1e-20
4204.0 0.279309 1e-20
4206.0 0.302519 1e-20
4208.0 0.270914 1e-20
4210.0 0.314929 1e-20
4212.0 0.307659 1e-20
4214.0 0.260143 1e-20
4216.0 0.29875 1e-20
4218.0 0.264341 1e-20
4220.0 0.260744 1e-20
4222.0 0.248945 1e-20
4224.0 0.232391 1e-20
4226.0 0.280666 1e-20
4228.0 0.259571 1e-20
4230.0 0.270772 1e-20
4232.0 0.31367 1e-20
4234.0 0.316965 1e-20
4236.0 0.282143 1e-20
4238.0 0.314043 1e-20
4240.0 0.32203 1e-20
4242.0 0.298118 1e-20
4244.0 0.258439 1e-20
4246.0 0.305388 1e-20
4248.0 0.351966 1e-20
4250.0 0.265613 1e-20
4252.0 0.240531 1e-20
4254.0 0.259847 1e-20
4256.0 0.292833 1e-20
4258.0 0.310192 1e-20
4260.0 0.249574 1e-20
4262.0 0.26386 1e-20
4264.0 0.254076 1e-20
4266.0 0.287329 1e-20
4268.0 0.260646 1e-20
4270.0 0.273794 1e-20
4272.0 0.316363 1e-20
4274.0 0.263433 1e-20
4276.0 0.253428 1e-20
4278.0 0.26605 1e-20
4280.0 0.26265 1e-20
4282.0 0.313241 1e-20
4284.0 0.291772 1e-20
4286.0 0.22494 1e-20
4288.0 0.253294 1e-20
4290.0 0.286862 1e-20
4292.0 0.23674 1e-20
4294.0 0.248558 1e-20
4296.0 0.245657 1e-20
4298.0 0.227576 1e-20
4300.0 0.223489 1e-20
4302.0 0.235114 1e-20
4304.0 0.235588 1e-20
4306.0 0.252378 1e-20
4308.0 0.239994 1e-20
4310.0 0.23276 1e-20
4312.0 0.262401 1e-20
4314.0 0.28413 1e-20
4316.0 0.248289 1e-20
4318.0 0.237562 1e-20
4320.0 0.268137 1e-20
4322.0 0.234781 1e-20
4324.0 0.222587 1e-20
4326.0 0.231715 1e-20
4328.0 0.23829 1e-20
4330.0 0.21629 1e-20
4332.0 0.22059 1e-20
4334.0 0.20521 1e-20
4336.0 0.210506 1e-20
4338.0 0.238806 1e-20
4340.0 0.239179 1e-20
4342.0 0.240917 1e-20
4344.0 0.242045 1e-20
4346.0 0.260623 1e-20
4348.0 0.216619 1e-20
4350.0 0.218971 1e-20
4352.0 0.199621 1e-20
4354.0 0.236569 1e-20
4356.0 0.245025 1e-20
4358.0 0.309231 1e-20
4360.0 0.249634 1e-20
4362.0 0.1908 1e-20
4364.0 0.292018 1e-20
4366.0 0.247116 1e-20
4368.0 0.225281 1e-20
4370.0 0.239438 1e-20
4372.0 0.222506 1e-20
4374.0 0.203789 1e-20
4376.0 0.216184 1e-20
4378.0 0.212078 1e-20
4380.0 0.218238 1e-20
4382.0 0.215333 1e-20
4384.0 0.209549 1e-20
4386.0 0.184612 1e-20
4388.0 0.188291 1e-20
4390.0 0.207813 1e-20
4392.0 0.193076 1e-20
4394.0 0.166591 1e-20
4396.0 0.206008 1e-20
4398.0 0.226951 1e-20
4400.0 0.221927 1e-20
4402.0 0.165559 1e-20
4404.0 0.170535 1e-20
4406.0 0.201027 1e-20
4408.0 0.183592 1e-20
4410.0 0.191256 1e-20
4412.0 0.213686 1e-20
4414.0 0.185447 1e-20
4416.0 0.175607 1e-20
4418.0 0.177471 1e-20
4420.0 0.174885 1e-20
4422.0 0.170639 1e-20
4424.0 0.179038 1e-20
4426.0 0.18231 1e-20
4428.0 0.180091 1e-20
4430.0 0.188884 1e-20
4432.0 0.18075 1e-20
4434.0 0.158814 1e-20
4436.0 0.160609 1e-20
4438.0 0.203067 1e-20
4440.0 0.192047 1e-20
4442.0 0.154639 1e-20
4444.0 0.14875 1e-20
4446.0 0.192158 1e-20
4448.0 0.189569 1e-20
4450.0 0.155669 1e-20
4452.0 0.146664 1e-20
4454.0 0.144751 1e-20
4456.0 0.15516 1e-20
4458.0 0.148339 1e-20
4460.0 0.172224 1e-20
4462.0 0.142608 1e-20
4464.0 0.145455 1e-20
4466.0 0.177778 1e-20
4468.0 0.19471 1e-20
4470.0 0.196284 1e-20
4472.0 0.140877 1e-20
4474.0 0.112386 1e-20
4476.0 0.146935 1e-20
4478.0 0.192815 1e-20
4480.0 0.152547 1e-20
4482.0 0.119298 1e-20
4484.0 0.150503 1e-20
4486.0 0.154227 1e-20
4488.0 0.149779 1e-20
4490.0 0.159683 1e-20
4492.0 0.148094 1e-20
4494.0 0.161082 1e-20
4496.0 0.167869 1e-20
4498.0 0.144507 1e-20
4500.0 0.158905 1e-20
4502.0 0.151741 1e-20
4504.0 0.15554 1e-20
4506.0 0.149032 1e-20
4508.0 0.171331 1e-20
4510.0 0.196703 1e-20
4512.0 0.174579 1e-20
4514.0 0.127988 1e-20
4516.0 0.175405 1e-20
4518.0 0.166168 1e-20
4520.0 0.164829 1e-20
4522.0 0.187547 1e-20
4524.0 0.168942 1e-20
4526.0 0.146127 1e-20
4528.0 0.168954 1e-20
4530.0 0.168925 1e-20
4532.0 0.177771 1e-20
4534.0 0.140921 1e-20
4536.0 0.151212 1e-20
4538.0 0.187795 1e-20
4540.0 0.212575 1e-20
4542.0 0.211718 1e-20
4544.0 0.194655 1e-20
4546.0 0.179983 1e-20
4548.0 0.184838 1e-20
4550.0 0.180543 1e-20
4552.0 0.182338 1e-20
4554.0 0.185274 1e-20
4556.0 0.168847 1e-20
4558.0 0.159234 1e-20
4560.0 0.152237 1e-20
4562.0 0.171194 1e-20
4564.0 0.187532 1e-20
4566.0 0.18353 1e-20
4568.0 0.182839 1e-20
4570.0 0.20849 1e-20
4572.0 0.189685 1e-20
4574.0 0.18369 1e-20
4576.0 0.1988 1e-20
4578.0 0.187867 1e-20
4580.0 0.173081 1e-20
4582.0 0.216158 1e-20
4584.0 0.204727 1e-20
4586.0 0.169478 1e-20
4588.0 0.191429 1e-20
4590.0 0.188645 1e-20
4592.0 0.205839 1e-20
4594.0 0.200438 1e-20
4596.0 0.181196 1e-20
4598.0 0.173742 1e-20
4600.0 0.175935 1e-20
4602.0 0.176826 1e-20
4604.0 0.167548 1e-20
4606.0 0.177987 1e-20
4608.0 0.166438 1e-20
4610.0 0.171617 1e-20
4612.0 0.194408 1e-20
4614.0 0.187017 1e-20
4616.0 0.173925 1e-20
4618.0 0.182291 1e-20
4620.0 0.147284 1e-20
4622.0 0.161387 1e-20
4624.0 0.176575 1e-20
4626.0 0.149874 1e-20
4628.0 0.123007 1e-20
4630.0 0.142289 1e-20
4632.0 0.173371 1e-20
4634.0 0.16168 1e-20
4636.0 0.154567 1e-20
4638.0 0.136608 1e-20
4640.0 0.153643 1e-20
4642.0 0.191754 1e-20
4644.0 0.203349 1e-20
4646.0 0.191149 1e-20
4648.0 0.188485 1e-20
4650.0 0.197228 1e-20
4652.0 0.16448 1e-20
4654.0 0.163498 1e-20
4656.0 0.201671 1e-20
4658.0 0.234334 1e-20
4660.0 0.228378 1e-20
4662.0 0.200117 1e-20
4664.0 0.226991 1e-20
4666.0 0.201159 1e-20
4668.0 0.178511 1e-20
4670.0 0.18572 1e-20
4672.0 0.200247 1e-20
4674.0 0.178506 1e-20
4676.0 0.193457 1e-20
4678.0 0.189083 1e-20
4680.0 0.171827 1e-20
4682.0 0.182791 1e-20
4684.0 0.253786 1e-20
4686.0 0.242546 1e-20
4688.0 0.219452 1e-20
4690.0 0.2162 1e-20
4692.0 0.194439 1e-20
4694.0 0.190238 1e-20
4696.0 0.207311 1e-20
4698.0 0.226914 1e-20
4700.0 0.201684 1e-20
4702.0 0.180704 1e-20
4704.0 0.200368 1e-20
4706.0 0.208217 1e-20
4708.0 0.180807 1e-20
4710.0 0.198996 1e-20
4712.0 0.186854 1e-20
4714.0 0.232559 1e-20
4716.0 0.237205 1e-20
4718.0 0.213133 1e-20
4720.0 0.199008 1e-20
4722.0 0.214719 1e-20
4724.0 0.219675 1e-20
4726.0 0.193653 1e-20
4728.0 0.203156 1e-20
4730.0 0.208855 1e-20
4732.0 0.208996 1e-20
4734.0 0.197993 1e-20
4736.0 0.187221 1e-20
4738.0 0.202448 1e-20
4740.0 0.224534 1e-20
4742.0 0.208677 1e-20
4744.0 0.189695 1e-20
4746.0 0.165755 1e-20
4748.0 0.209875 1e-20
4750.0 0.21585 1e-20
4752.0 0.169849 1e-20
4754.0 0.147012 1e-20
4756.0 0.191084 1e-20
4758.0 0.19338 1e-20
4760.0 0.194454 1e-20
4762.0 0.221051 1e-20
4764.0 0.211348 1e-20
4766.0 0.204674 1e-20
4768.0 0.201283 1e-20
4770.0 0.213653 1e-20
4772.0 0.197426 1e-20
4774.0 0.180626 1e-20
4776.0 0.195774 1e-20
4778.0 0.179595 1e-20
4780.0 0.157254 1e-20
4782.0 0.173446 1e-20
4784.0 0.184246 1e-20
4786.0 0.184554 1e-20
4788.0 0.203614 1e-20
4790.0 0.19611 1e-20
4792.0 0.172025 1e-20
4794.0 0.188556 1e-20
4796.0 0.177265 1e-20
4798.0 0.20799 1e-20
4800.0 0.212434 1e-20
4802.0 0.200435 1e-20
4804.0 0.21577 1e-20
4806.0 0.222395 1e-20
4808.0 0.213874 1e-20
4810.0 0.207678 1e-20
4812.0 0.199683 1e-20
4814.0 0.192854 1e-20
4816.0 0.196048 1e-20
4818.0 0.157126 1e-20
4820.0 0.172368 1e-20
4822.0 0.199337 1e-20
4824.0 0.204137 1e-20
4826.0 0.193311 1e-20
4828.0 0.175147 1e-20
4830.0 0.179562 1e-20
4832.0 0.177078 1e-20
4834.0 0.190247 1e-20
4836.0 0.205909 1e-20
4838.0 0.216286 1e-20
4840.0 0.173536 1e-20
4842.0 0.175756 1e-20
4844.0 0.177976 1e-20
4846.0 0.180196 1e-20
4848.0 0.182416 1e-20
4850.0 0.182416 1e-20
4852.0 0.183509 1e-20
4854.0 0.191593 1e-20
4856.0 0.203617 1e-20
4858.0 0.177668 1e-20
4860.0 0.202962 1e-20
4862.0 0.203495 1e-20
4864.0 0.169321 1e-20
4866.0 0.171646 1e-20
4868.0 0.187972 1e-20
4870.0 0.153807 1e-20
4872.0 0.162251 1e-20
4874.0 0.19035 1e-20
4876.0 0.197967 1e-20
4878.0 0.203195 1e-20
4880.0 0.181113 1e-20
4882.0 0.18118 1e-20
4884.0 0.176225 1e-20
4886.0 0.166971 1e-20
4888.0 0.175717 1e-20
4890.0 0.175213 1e-20
4892.0 0.172268 1e-20
4894.0 0.156729 1e-20
4896.0 0.140184 1e-20
4898.0 0.175684 1e-20
4900.0 0.180675 1e-20
4902.0 0.179092 1e-20
4904.0 0.191982 1e-20
4906.0 0.198505 1e-20
4908.0 0.227732 1e-20
4910.0 0.205432 1e-20
4912.0 0.176189 1e-20
4914.0 0.145288 1e-20
4916.0 0.175116 1e-20
4918.0 0.182849 1e-20
4920.0 0.166267 1e-20
4922.0 0.129261 1e-20
4924.0 0.170566 1e-20
4926.0 0.176486 1e-20
4928.0 0.138106 1e-20
4930.0 0.157904 1e-20
4932.0 0.160956 1e-20
4934.0 0.165054 1e-20
4936.0 0.179779 1e-20
4938.0 0.182329 1e-20
4940.0 0.193042 1e-20
4942.0 0.16792 1e-20
4944.0 0.166405 1e-20
4946.0 0.176049 1e-20
4948.0 0.164005 1e-20
4950.0 0.174743 1e-20
4952.0 0.192777 1e-20
4954.0 0.166496 1e-20
4956.0 0.181002 1e-20
4958.0 0.176645 1e-20
4960.0 0.166709 1e-20
4962.0 0.183658 1e-20
4964.0 0.150497 1e-20
4966.0 0.133626 1e-20
4968.0 0.156714 1e-20
4970.0 0.163282 1e-20
4972.0 0.129255 1e-20
4974.0 0.122297 1e-20
4976.0 0.146113 1e-20
4978.0 0.191681 1e-20
4980.0 0.155239 1e-20
4982.0 0.121066 1e-20
4984.0 0.204773 1e-20
4986.0 0.183351 1e-20
4988.0 0.117029 1e-20
4990.0 0.13801 1e-20
4992.0 0.160631 1e-20
4994.0 0.12778 1e-20
4996.0 0.135048 1e-20
4998.0 0.166503 1e-20
5000.0 0.173112 1e-20
5002.0 0.167612 1e-20
5004.0 0.140835 1e-20
5006.0 0.162584 1e-20
5008.0 0.200651 1e-20
5010.0 0.169874 1e-20
5012.0 0.198007 1e-20
5014.0 0.205397 1e-20
5016.0 0.163872 1e-20
5018.0 0.16577 1e-20
5020.0 0.169201 1e-20
5022.0 0.173554 1e-20
5024.0 0.174258 1e-20
5026.0 0.186203 1e-20
5028.0 0.174495 1e-20
5030.0 0.172262 1e-20
5032.0 0.178508 1e-20
5034.0 0.173903 1e-20
5036.0 0.154651 1e-20
5038.0 0.161787 1e-20
5040.0 0.130582 1e-20
5042.0 0.159841 1e-20
5044.0 0.157134 1e-20
5046.0 0.13154 1e-20
5048.0 0.151663 1e-20
5050.0 0.14462 1e-20
5052.0 0.158533 1e-20
5054.0 0.144281 1e-20
5056.0 0.116676 1e-20
5058.0 0.147949 1e-20
5060.0 0.167146 1e-20
5062.0 0.161502 1e-20
5064.0 0.122784 1e-20
5066.0 0.113882 1e-20
5068.0 0.190024 1e-20
5070.0 0.176619 1e-20
5072.0 0.176869 1e-20
5074.0 0.151448 1e-20
5076.0 0.151697 1e-20
5078.0 0.158547 1e-20
5080.0 0.15618 1e-20
5082.0 0.175222 1e-20
5084.0 0.152503 1e-20
5086.0 0.164548 1e-20
5088.0 0.213077 1e-20
5090.0 0.184209 1e-20
5092.0 0.171365 1e-20
5094.0 0.148852 1e-20
5096.0 0.180873 1e-20
5098.0 0.160307 1e-20
5100.0 0.169169 1e-20
5102.0 0.169474 1e-20
5104.0 0.159232 1e-20
5106.0 0.131418 1e-20
5108.0 0.155972 1e-20
5110.0 0.140411 1e-20
5112.0 0.140854 1e-20
5114.0 0.163777 1e-20
5116.0 0.179002 1e-20
5118.0 0.129962 1e-20
5120.0 0.127312 1e-20
5122.0 0.181156 1e-20
5124.0 0.157948 1e-20
5126.0 0.151401 1e-20
5128.0 0.159688 1e-20
5130.0 0.134959 1e-20
5132.0 0.115752 1e-20
5134.0 0.138671 1e-20
5136.0 0.137814 1e-20
5138.0 0.139834 1e-20
5140.0 0.136172 1e-20
5142.0 0.122406 1e-20
5144.0 0.146989 1e-20
5146.0 0.147961 1e-20
5148.0 0.131035 1e-20
5150.0 0.103812 1e-20
5152.0 0.199362 1e-20
5154.0 0.157469 1e-20
5156.0 0.15478 1e-20
5158.0 0.18351 1e-20
5160.0 0.169485 1e-20
5162.0 0.140357 1e-20
5164.0 0.167897 1e-20
5166.0 0.147103 1e-20
5168.0 0.127604 1e-20
5170.0 0.138031 1e-20
5172.0 0.147352 1e-20
5174.0 0.179195 1e-20
5176.0 0.160902 1e-20
5178.0 0.122811 1e-20
5180.0 0.114763 1e-20
5182.0 0.204452 1e-20
5184.0 0.156892 1e-20
5186.0 0.112989 1e-20
5188.0 0.11555 1e-20
5190.0 0.154216 1e-20
5192.0 0.159425 1e-20
5194.0 0.126684 1e-20
5196.0 0.125241 1e-20
5198.0 0.134114 1e-20
5200.0 0.152685 1e-20
5202.0 0.12047 1e-20
5204.0 0.114205 1e-20
5206.0 0.156368 1e-20
5208.0 0.13563 1e-20
5210.0 0.124123 1e-20
5212.0 0.161092 1e-20
5214.0 0.151073 1e-20
5216.0 0.1371 1e-20
5218.0 0.14064 1e-20
5220.0 0.137232 1e-20
5222.0 0.128964 1e-20
5224.0 0.109547 1e-20
5226.0 0.120053 1e-20
5228.0 0.160183 1e-20
5230.0 0.145051 1e-20
5232.0 0.111908 1e-20
5234.0 0.141519 1e-20
5236.0 0.115597 1e-20
5238.0 0.119532 1e-20
5240.0 0.146405 1e-20
5242.0 0.158645 1e-20
5244.0 0.188369 1e-20
5246.0 0.191358 1e-20
5248.0 0.163735 1e-20
5250.0 0.139837 1e-20
5252.0 0.144916 1e-20
5254.0 0.125002 1e-20
5256.0 0.13552 1e-20
5258.0 0.116673 1e-20
5260.0 0.139427 1e-20
5262.0 0.121009 1e-20
5264.0 0.148339 1e-20
5266.0 0.129942 1e-20
5268.0 0.125724 1e-20
5270.0 0.140438 1e-20
5272.0 0.162242 1e-20
5274.0 0.163569 1e-20
5276.0 0.145202 1e-20
5278.0 0.112332 1e-20
5280.0 0.150729 1e-20
5282.0 0.142383 1e-20
5284.0 0.143721 1e-20
5286.0 0.147088 1e-20
5288.0 0.166112 1e-20
5290.0 0.16359 1e-20
5292.0 0.150666 1e-20
5294.0 0.15023 1e-20
5296.0 0.145285 1e-20
5298.0 0.161705 1e-20
5300.0 0.177071 1e-20
5302.0 0.157954 1e-20
5304.0 0.160535 1e-20
5306.0 0.135617 1e-20
5308.0 0.155653 1e-20
5310.0 0.183443 1e-20
5312.0 0.134118 1e-20
5314.0 0.121625 1e-20
5316.0 0.156353 1e-20
5318.0 0.13804 1e-20
5320.0 0.119314 1e-20
5322.0 0.153462 1e-20
5324.0 0.174647 1e-20
5326.0 0.156576 1e-20
5328.0 0.161299 1e-20
5330.0 0.170526 1e-20
5332.0 0.150412 1e-20
5334.0 0.152911 1e-20
5336.0 0.179974 1e-20
5338.0 0.170831 1e-20
5340.0 0.196927 1e-20
5342.0 0.152591 1e-20
5344.0 0.174411 1e-20
5346.0 0.159899 1e-20
5348.0 0.154912 1e-20
5350.0 0.155074 1e-20
5352.0 0.169099 1e-20
5354.0 0.168534 1e-20
5356.0 0.165841 1e-20
5358.0 0.163213 1e-20
5360.0 0.140523 1e-20
5362.0 0.129006 1e-20
5364.0 0.134384 1e-20
5366.0 0.168552 1e-20
5368.0 0.168373 1e-20
5370.0 0.145989 1e-20
5372.0 0.139894 1e-20
5374.0 0.143282 1e-20
5376.0 0.149129 1e-20
5378.0 0.157567 1e-20
5380.0 0.167083 1e-20
5382.0 0.16713 1e-20
5384.0 0.156705 1e-20
5386.0 0.154984 1e-20
5388.0 0.159315 1e-20
5390.0 0.160698 1e-20
5392.0 0.156593 1e-20
5394.0 0.1518 1e-20
5396.0 0.152548 1e-20
5398.0 0.157957 1e-20
5400.0 0.157239 1e-20
5402.0 0.152017 1e-20
5404.0 0.147899 1e-20
5406.0 0.142336 1e-20
5408.0 0.139577 1e-20
5410.0 0.145482 1e-20
5412.0 0.157844 1e-20
5414.0 0.157359 1e-20
5416.0 0.142161 1e-20
5418.0 0.13984 1e-20
5420.0 0.147568 1e-20
5422.0 0.155981 1e-20
5424.0 0.163674 1e-20
5426.0 0.170506 1e-20
5428.0 0.167238 1e-20
5430.0 0.150824 1e-20
5432.0 0.145144 1e-20
5434.0 0.146483 1e-20
5436.0 0.14509 1e-20
5438.0 0.137619 1e-20
5440.0 0.129805 1e-20
5442.0 0.129721 1e-20
5444.0 0.136116 1e-20
5446.0 0.137231 1e-20
5448.0 0.133868 1e-20
5450.0 0.134939 1e-20
5452.0 0.142556 1e-20
5454.0 0.149709 1e-20
5456.0 0.151336 1e-20
5458.0 0.15002 1e-20
5460.0 0.142445 1e-20
5462.0 0.124459 1e-20
5464.0 0.113146 1e-20
5466.0 0.102462 1e-20
5468.0 0.0983242 1e-20
5470.0 0.107779 1e-20
5472.0 0.124195 1e-20
5474.0 0.123156 1e-20
5476.0 0.103623 1e-20
5478.0 0.100774 1e-20
5480.0 0.10935 1e-20
5482.0 0.114769 1e-20
5484.0 0.114768 1e-20
5486.0 0.112127 1e-20
5488.0 0.106919 1e-20
5490.0 0.0953576 1e-20
5492.0 0.0972898 1e-20
5494.0 0.114756 1e-20
5496.0 0.122748 1e-20
5498.0 0.118077 1e-20
5500.0 0.112938 1e-20
5502.0 0.11809 1e-20
5504.0 0.12951 1e-20
5506.0 0.134011 1e-20
5508.0 0.136232 1e-20
5510.0 0.13542 1e-20
5512.0 0.130995 1e-20
5514.0 0.124813 1e-20
5516.0 0.116147 1e-20
5518.0 0.106101 1e-20
5520.0 0.104004 1e-20
5522.0 0.11272 1e-20
5524.0 0.111086 1e-20
5526.0 0.099176 1e-20
5528.0 0.0941268 1e-20
5530.0 0.102113 1e-20
5532.0 0.114628 1e-20
5534.0 0.119711 1e-20
5536.0 0.122722 1e-20
5538.0 0.120582 1e-20
5540.0 0.109328 1e-20
5542.0 0.103705 1e-20
5544.0 0.103536 1e-20
5546.0 0.106835 1e-20
5548.0 0.114969 1e-20
5550.0 0.129306 1e-20
5552.0 0.127998 1e-20
5554.0 0.108356 1e-20
5556.0 0.102014 1e-20
5558.0 0.107116 1e-20
5560.0 0.113277 1e-20
5562.0 0.117072 1e-20
5564.0 0.120036 1e-20
5566.0 0.114522 1e-20
5568.0 0.0950813 1e-20
5570.0 0.0892602 1e-20
5572.0 0.0913849 1e-20
5574.0 0.0956057 1e-20
5576.0 0.101756 1e-20
5578.0 0.109238 1e-20
5580.0 0.114342 1e-20
5582.0 0.119812 1e-20
5584.0 0.119681 1e-20
5586.0 0.11327 1e-20
5588.0 0.10806 1e-20
5590.0 0.102095 1e-20
5592.0 0.0986306 1e-20
5594.0 0.103612 1e-20
5596.0 0.116129 1e-20
5598.0 0.120388 1e-20
5600.0 0.120992 1e-20
5602.0 0.119761 1e-20
5604.0 0.114394 1e-20
5606.0 0.10975 1e-20
5608.0 0.108333 1e-20
5610.0 0.10886 1e-20
5612.0 0.113676 1e-20
5614.0 0.128343 1e-20
5616.0 0.131488 1e-20
5618.0 0.125877 1e-20
5620.0 0.119737 1e-20
5622.0 0.114342 1e-20
5624.0 0.109149 1e-20
5626.0 0.106795 1e-20
5628.0 0.105597 1e-20
5630.0 0.108449 1e-20
5632.0 0.116899 1e-20
5634.0 0.123795 1e-20
5636.0 0.130034 1e-20
5638.0 0.134299 1e-20
5640.0 0.13346 1e-20
5642.0 0.128162 1e-20
5644.0 0.124043 1e-20
5646.0 0.117962 1e-20
5648.0 0.114022 1e-20
5650.0 0.112493 1e-20
5652.0 0.111146 1e-20
5654.0 0.107858 1e-20
5656.0 0.103781 1e-20
5658.0 0.105234 1e-20
5660.0 0.117024 1e-20
5662.0 0.115895 1e-20
5664.0 0.100164 1e-20
5666.0 0.0904781 1e-20
5668.0 0.095498 1e-20
5670.0 0.106651 1e-20
5672.0 0.110306 1e-20
5674.0 0.110495 1e-20
5676.0 0.111831 1e-20
5678.0 0.111738 1e-20
5680.0 0.113631 1e-20
5682.0 0.120528 1e-20
5684.0 0.12631 1e-20
5686.0 0.121559 1e-20
5688.0 0.107212 1e-20
5690.0 0.104737 1e-20
5692.0 0.110676 1e-20
5694.0 0.114287 1e-20
5696.0 0.114515 1e-20
5698.0 0.117504 1e-20
5700.0 0.130643 1e-20
5702.0 0.150594 1e-20
5704.0 0.148962 1e-20
5706.0 0.128914 1e-20
5708.0 0.112215 1e-20
5710.0 0.0862205 1e-20
5712.0 0.0702135 1e-20
5714.0 0.0740835 1e-20
5716.0 0.0886094 1e-20
5718.0 0.0967387 1e-20
5720.0 0.107265 1e-20
5722.0 0.110775 1e-20
5724.0 0.107858 1e-20
5726.0 0.104981 1e-20
5728.0 0.101798 1e-20
5730.0 0.0990403 1e-20
5732.0 0.0992109 1e-20
5734.0 0.101321 1e-20
5736.0 0.105037 1e-20
5738.0 0.114944 1e-20
5740.0 0.117244 1e-20
5742.0 0.108061 1e-20
5744.0 0.100445 1e-20
5746.0 0.105805 1e-20
5748.0 0.119156 1e-20
5750.0 0.122964 1e-20
5752.0 0.121445 1e-20
5754.0 0.120345 1e-20
5756.0 0.115885 1e-20
5758.0 0.114433 1e-20
5760.0 0.11977 1e-20
5762.0 0.12859 1e-20
5764.0 0.133657 1e-20
5766.0 0.13785 1e-20
5768.0 0.140388 1e-20
5770.0 0.142411 1e-20
5772.0 0.141339 1e-20
5774.0 0.135737 1e-20
5776.0 0.128152 1e-20
5778.0 0.122344 1e-20
5780.0 0.116815 1e-20
5782.0 0.111344 1e-20
5784.0 0.10499 1e-20
5786.0 0.100839 1e-20
5788.0 0.094771 1e-20
5790.0 0.0953593 1e-20
5792.0 0.114451 1e-20
5794.0 0.148551 1e-20
5796.0 0.157586 1e-20
5798.0 0.148154 1e-20
5800.0 0.142689 1e-20
5802.0 0.133491 1e-20
5804.0 0.12771 1e-20
5806.0 0.130189 1e-20
5808.0 0.137105 1e-20
5810.0 0.139637 1e-20
5812.0 0.143687 1e-20
5814.0 0.13972 1e-20
5816.0 0.124209 1e-20
5818.0 0.115049 1e-20
5820.0 0.118579 1e-20
5822.0 0.124995 1e-20
5824.0 0.11972 1e-20
5826.0 0.10395 1e-20
5828.0 0.102373 1e-20
5830.0 0.108029 1e-20
5832.0 0.118531 1e-20
5834.0 0.141279 1e-20
5836.0 0.160351 1e-20
5838.0 0.157893 1e-20
5840.0 0.140277 1e-20
5842.0 0.133774 1e-20
5844.0 0.128727 1e-20
5846.0 0.127968 1e-20
5848.0 0.135814 1e-20
5850.0 0.139864 1e-20
5852.0 0.133106 1e-20
5854.0 0.120229 1e-20
5856.0 0.109177 1e-20
5858.0 0.0893031 1e-20
5860.0 0.0871225 1e-20
5862.0 0.10134 1e-20
5864.0 0.113826 1e-20
5866.0 0.12036 1e-20
5868.0 0.125994 1e-20
5870.0 0.136291 1e-20
5872.0 0.155482 1e-20
5874.0 0.151972 1e-20
5876.0 0.131431 1e-20
5878.0 0.106338 1e-20
5880.0 0.0668522 1e-20
5882.0 0.0322736 1e-20
5884.0 0.0267956 1e-20
5886.0 0.0423029 1e-20
5888.0 0.0476445 1e-20
5890.0 0.0580308 1e-20
5892.0 0.0578283 1e-20
5894.0 0.0393657 1e-20
5896.0 0.0291891 1e-20
5898.0 0.0437657 1e-20
5900.0 0.0728372 1e-20
5902.0 0.0963471 1e-20
5904.0 0.129714 1e-20
5906.0 0.145 1e-20
5908.0 0.145698 1e-20
5910.0 0.143972 1e-20
5912.0 0.143379 1e-20
5914.0 0.139925 1e-20
5916.0 0.127965 1e-20
5918.0 0.101514 1e-20
5920.0 0.0981751 1e-20
5922.0 0.116239 1e-20
5924.0 0.126329 1e-20
5926.0 0.127001 1e-20
5928.0 0.124741 1e-20
5930.0 0.122764 1e-20
5932.0 0.118741 1e-20
5934.0 0.121056 1e-20
5936.0 0.132363 1e-20
5938.0 0.135571 1e-20
5940.0 0.130082 1e-20
5942.0 0.124724 1e-20
5944.0 0.1255 1e-20
5946.0 0.128886 1e-20
5948.0 0.12496 1e-20
5950.0 0.113206 1e-20
5952.0 0.107032 1e-20
5954.0 0.0987389 1e-20
5956.0 0.0993541 1e-20
5958.0 0.11706 1e-20
5960.0 0.141159 1e-20
5962.0 0.14846 1e-20
5964.0 0.147521 1e-20
5966.0 0.139842 1e-20
5968.0 0.114507 1e-20
5970.0 0.102244 1e-20
5972.0 0.108179 1e-20
5974.0 0.119518 1e-20
5976.0 0.124928 1e-20
5978.0 0.130068 1e-20
5980.0 0.128931 1e-20
5982.0 0.115672 1e-20
5984.0 0.114741 1e-20
5986.0 0.131945 1e-20
5988.0 0.143867 1e-20
5990.0 0.131343 1e-20
5992.0 0.10464 1e-20
5994.0 0.102006 1e-20
5996.0 0.12085 1e-20
5998.0 0.125587 1e-20
6000.0 0.122452 1e-20
6002.0 0.119438 1e-20
6004.0 0.119058 1e-20
6006.0 0.119131 1e-20
6008.0 0.117596 1e-20
6010.0 0.114356 1e-20
6012.0 0.112999 1e-20
6014.0 0.114621 1e-20
6016.0 0.112866 1e-20
6018.0 0.104534 1e-20
6020.0 0.0962046 1e-20
6022.0 0.0971611 1e-20
6024.0 0.105963 1e-20
6026.0 0.105039 1e-20
6028.0 0.0950011 1e-20
6030.0 0.0915427 1e-20
6032.0 0.0939059 1e-20
6034.0 0.0985317 1e-20
6036.0 0.1044 1e-20
6038.0 0.112104 1e-20
6040.0 0.115558 1e-20
6042.0 0.116855 1e-20
6044.0 0.115999 1e-20
6046.0 0.110678 1e-20
6048.0 0.107007 1e-20
6050.0 0.1074 1e-20
6052.0 0.109878 1e-20
6054.0 0.112308 1e-20
6056.0 0.11715 1e-20
6058.0 0.117944 1e-20
6060.0 0.114349 1e-20
6062.0 0.112951 1e-20
6064.0 0.114401 1e-20
6066.0 0.117505 1e-20
6068.0 0.122207 1e-20
6070.0 0.129654 1e-20
6072.0 0.132741 1e-20
6074.0 0.132682 1e-20
6076.0 0.132725 1e-20
6078.0 0.130766 1e-20
6080.0 0.13072 1e-20
6082.0 0.137538 1e-20
6084.0 0.149295 1e-20
6086.0 0.151144 1e-20
6088.0 0.145404 1e-20
6090.0 0.141034 1e-20
6092.0 0.134448 1e-20
6094.0 0.129555 1e-20
6096.0 0.129385 1e-20
6098.0 0.131042 1e-20
6100.0 0.126491 1e-20
6102.0 0.114124 1e-20
6104.0 0.110884 1e-20
6106.0 0.115402 1e-20
6108.0 0.117147 1e-20
6110.0 0.112558 1e-20
6112.0 0.107756 1e-20
6114.0 0.111609 1e-20
6116.0 0.12367 1e-20
6118.0 0.125636 1e-20
6120.0 0.117822 1e-20
6122.0 0.116958 1e-20
6124.0 0.125827 1e-20
6126.0 0.133914 1e-20
6128.0 0.133195 1e-20
6130.0 0.127406 1e-20
6132.0 0.118032 1e-20
6134.0 0.0948061 1e-20
6136.0 0.0893943 1e-20
6138.0 0.103406 1e-20
6140.0 0.114833 1e-20
6142.0 0.112327 1e-20
6144.0 0.10432 1e-20
6146.0 0.106069 1e-20
6148.0 0.118758 1e-20
6150.0 0.11847 1e-20
6152.0 0.107354 1e-20
6154.0 0.0993469 1e-20
6156.0 0.0965144 1e-20
6158.0 0.0963501 1e-20
6160.0 0.0983637 1e-20
6162.0 0.103413 1e-20
6164.0 0.107998 1e-20
6166.0 0.114039 1e-20
6168.0 0.119051 1e-20
6170.0 0.12459 1e-20
6172.0 0.127714 1e-20
6174.0 0.124094 1e-20
6176.0 0.114748 1e-20
6178.0 0.113385 1e-20
6180.0 0.118199 1e-20
6182.0 0.120266 1e-20
6184.0 0.120463 1e-20
6186.0 0.121211 1e-20
6188.0 0.124581 1e-20
6190.0 0.128875 1e-20
6192.0 0.12749 1e-20
6194.0 0.116122 1e-20
6196.0 0.117531 1e-20
6198.0 0.132662 1e-20
6200.0 0.140224 1e-20
6202.0 0.133389 1e-20
6204.0 0.121319 1e-20
6206.0 0.116326 1e-20
6208.0 0.115319 1e-20
6210.0 0.109536 1e-20
6212.0 0.097548 1e-20
6214.0 0.0918122 1e-20
6216.0 0.0919104 1e-20
6218.0 0.0967336 1e-20
6220.0 0.108828 1e-20
6222.0 0.129511 1e-20
6224.0 0.131439 1e-20
6226.0 0.112995 1e-20
6228.0 0.108206 1e-20
6230.0 0.116102 1e-20
6232.0 0.122904 1e-20
6234.0 0.120431 1e-20
6236.0 0.113886 1e-20
6238.0 0.115222 1e-20
6240.0 0.126026 1e-20
6242.0 0.126605 1e-20
6244.0 0.116696 1e-20
6246.0 0.112383 1e-20
6248.0 0.120159 1e-20
6250.0 0.131813 1e-20
6252.0 0.134307 1e-20
6254.0 0.131125 1e-20
6256.0 0.129616 1e-20
6258.0 0.128204 1e-20
6260.0 0.12483 1e-20
6262.0 0.11681 1e-20
6264.0 0.110053 1e-20
6266.0 0.112189 1e-20
6268.0 0.121296 1e-20
6270.0 0.123941 1e-20
6272.0 0.125227 1e-20
6274.0 0.122949 1e-20
6276.0 0.115192 1e-20
6278.0 0.107598 1e-20
6280.0 0.102939 1e-20
6282.0 0.0997967 1e-20
6284.0 0.100854 1e-20
6286.0 0.107424 1e-20
6288.0 0.111951 1e-20
6290.0 0.117069 1e-20
6292.0 0.121194 1e-20
6294.0 0.12485 1e-20
6296.0 0.126928 1e-20
6298.0 0.123213 1e-20
6300.0 0.112284 1e-20
6302.0 0.107297 1e-20
6304.0 0.105253 1e-20
6306.0 0.103119 1e-20
6308.0 0.100119 1e-20
6310.0 0.0980744 1e-20
6312.0 0.0991536 1e-20
6314.0 0.102924 1e-20
6316.0 0.105349 1e-20
6318.0 0.108855 1e-20
6320.0 0.109947 1e-20
6322.0 0.108471 1e-20
6324.0 0.106148 1e-20
6326.0 0.104233 1e-20
6328.0 0.102055 1e-20
6330.0 0.0974751 1e-20
6332.0 0.0884595 1e-20
6334.0 0.0842372 1e-20
6336.0 0.0829593 1e-20
6338.0 0.0831688 1e-20
6340.0 0.0849889 1e-20
6342.0 0.0879768 1e-20
6344.0 0.0899566 1e-20
6346.0 0.0919435 1e-20
6348.0 0.0931549 1e-20
6350.0 0.0939891 1e-20
6352.0 0.0939794 1e-20
6354.0 0.0929904 1e-20
6356.0 0.0913072 1e-20
6358.0 0.0887891 1e-20
6360.0 0.0845161 1e-20
6362.0 0.0853938 1e-20
6364.0 0.0936333 1e-20
6366.0 0.0954439 1e-20
6368.0 0.0902183 1e-20
6370.0 0.0841041 1e-20
6372.0 0.0810342 1e-20
6374.0 0.0790512 1e-20
6376.0 0.0762069 1e-20
6378.0 0.0709978 1e-20
6380.0 0.0705887 1e-20
6382.0 0.0757801 1e-20
6384.0 0.0797817 1e-20
6386.0 0.0801954 1e-20
6388.0 0.0788694 1e-20
6390.0 0.0770461 1e-20
6392.0 0.0724716 1e-20
6394.0 0.0721053 1e-20
6396.0 0.0768677 1e-20
6398.0 0.0780693 1e-20
6400.0 0.0729098 1e-20
6402.0 0.0667196 1e-20
6404.0 0.0664753 1e-20
6406.0 0.0706657 1e-20
6408.0 0.0704626 1e-20
6410.0 0.0671685 1e-20
6412.0 0.0654563 1e-20
6414.0 0.0650039 1e-20
6416.0 0.0651717 1e-20
6418.0 0.0659519 1e-20
6420.0 0.0674125 1e-20
6422.0 0.067612 1e-20
6424.0 0.0648561 1e-20
6426.0 0.0668473 1e-20
6428.0 0.0753456 1e-20
6430.0 0.0810687 1e-20
6432.0 0.0794952 1e-20
6434.0 0.0743137 1e-20
6436.0 0.0718142 1e-20
6438.0 0.0687891 1e-20
6440.0 0.06853 1e-20
6442.0 0.0721153 1e-20
6444.0 0.0736703 1e-20
6446.0 0.0713119 1e-20
6448.0 0.0682676 1e-20
6450.0 0.0689034 1e-20
6452.0 0.0723593 1e-20
6454.0 0.0732973 1e-20
6456.0 0.0730503 1e-20
6458.0 0.0727084 1e-20
6460.0 0.0718566 1e-20
6462.0 0.0711623 1e-20
6464.0 0.0715739 1e-20
6466.0 0.0727893 1e-20
6468.0 0.0719811 1e-20
6470.0 0.0670549 1e-20
6472.0 0.0678971 1e-20
6474.0 0.0754412 1e-20
6476.0 0.0816996 1e-20
6478.0 0.0827026 1e-20
6480.0 0.0813347 1e-20
6482.0 0.082196 1e-20
6484.0 0.0848913 1e-20
6486.0 0.0848732 1e-20
6488.0 0.082392 1e-20
6490.0 0.0805444 1e-20
6492.0 0.0802115 1e-20
6494.0 0.0800776 1e-20
6496.0 0.0780784 1e-20
6498.0 0.0731116 1e-20
6500.0 0.0754283 1e-20
6502.0 0.0863212 1e-20
6504.0 0.0921408 1e-20
6506.0 0.0920403 1e-20
6508.0 0.0907242 1e-20
6510.0 0.091892 1e-20
6512.0 0.0941169 1e-20
6514.0 0.0933808 1e-20
6516.0 0.0883479 1e-20
6518.0 0.0876344 1e-20
6520.0 0.0913375 1e-20
6522.0 0.0947223 1e-20
6524.0 0.0956275 1e-20
6526.0 0.095381 1e-20
6528.0 0.0947909 1e-20
6530.0 0.0933691 1e-20
6532.0 0.0917878 1e-20
6534.0 0.0882576 1e-20
6536.0 0.0872087 1e-20
6538.0 0.0906032 1e-20
6540.0 0.0956007 1e-20
6542.0 0.0975939 1e-20
6544.0 0.0977447 1e-20
6546.0 0.099312 1e-20
6548.0 0.102188 1e-20
6550.0 0.103655 1e-20
6552.0 0.10391 1e-20
6554.0 0.102968 1e-20
6556.0 0.100372 1e-20
6558.0 0.0961316 1e-20
6560.0 0.092444 1e-20
6562.0 0.0861335 1e-20
6564.0 0.0850113 1e-20
6566.0 0.0891913 1e-20
6568.0 0.0946662 1e-20
6570.0 0.100484 1e-20
6572.0 0.106876 1e-20
6574.0 0.107954 1e-20
6576.0 0.102505 1e-20
6578.0 0.101689 1e-20
6580.0 0.104455 1e-20
6582.0 0.104979 1e-20
6584.0 0.10043 1e-20
6586.0 0.0945782 1e-20
6588.0 0.0942041 1e-20
6590.0 0.0982028 1e-20
6592.0 0.0994925 1e-20
6594.0 0.100846 1e-20
6596.0 0.100524 1e-20
6598.0 0.097638 1e-20
6600.0 0.0942693 1e-20
6602.0 0.0925818 1e-20
6604.0 0.0916028 1e-20
6606.0 0.0914752 1e-20
6608.0 0.0937586 1e-20
6610.0 0.0933706 1e-20
6612.0 0.0893787 1e-20
6614.0 0.0862657 1e-20
6616.0 0.0871916 1e-20
6618.0 0.0902979 1e-20
6620.0 0.0904771 1e-20
6622.0 0.0874251 1e-20
6624.0 0.0881751 1e-20
6626.0 0.0938409 1e-20
6628.0 0.096203 1e-20
6630.0 0.0912739 1e-20
6632.0 0.0838008 1e-20
6634.0 0.082634 1e-20
6636.0 0.0866165 1e-20
6638.0 0.0860325 1e-20
6640.0 0.0808475 1e-20
6642.0 0.0799105 1e-20
6644.0 0.0860018 1e-20
6646.0 0.0927411 1e-20
6648.0 0.0926444 1e-20
6650.0 0.0877881 1e-20
6652.0 0.0874904 1e-20
6654.0 0.090977 1e-20
6656.0 0.091177 1e-20
6658.0 0.0876375 1e-20
6660.0 0.0841879 1e-20
6662.0 0.0831271 1e-20
6664.0 0.083249 1e-20
6666.0 0.0835846 1e-20
6668.0 0.0850481 1e-20
6670.0 0.0857236 1e-20
6672.0 0.0856225 1e-20
6674.0 0.0860473 1e-20
6676.0 0.0880241 1e-20
6678.0 0.0903057 1e-20
6680.0 0.0897547 1e-20
6682.0 0.0862357 1e-20
6684.0 0.0851722 1e-20
6686.0 0.0840958 1e-20
6688.0 0.0853928 1e-20
6690.0 0.091496 1e-20
6692.0 0.0974733 1e-20
6694.0 0.096528 1e-20
6696.0 0.0908709 1e-20
6698.0 0.0852642 1e-20
6700.0 0.0722868 1e-20
6702.0 0.0702451 1e-20
6704.0 0.0825369 1e-20
6706.0 0.0948599 1e-20
6708.0 0.0972312 1e-20
6710.0 0.0946074 1e-20
6712.0 0.0932228 1e-20
6714.0 0.090524 1e-20
6716.0 0.0878499 1e-20
6718.0 0.0830147 1e-20
6720.0 0.0809299 1e-20
6722.0 0.0853428 1e-20
6724.0 0.0921937 1e-20
6726.0 0.0907726 1e-20
6728.0 0.0808851 1e-20
6730.0 0.0788679 1e-20
6732.0 0.0811314 1e-20
6734.0 0.0838281 1e-20
6736.0 0.0878637 1e-20
6738.0 0.0914579 1e-20
6740.0 0.0907129 1e-20
6742.0 0.0863229 1e-20
6744.0 0.0841828 1e-20
6746.0 0.0823233 1e-20
6748.0 0.0810122 1e-20
6750.0 0.0802741 1e-20
6752.0 0.0799724 1e-20
6754.0 0.0804512 1e-20
6756.0 0.0816649 1e-20
6758.0 0.0798638 1e-20
6760.0 0.0737595 1e-20
6762.0 0.0717438 1e-20
6764.0 0.0716704 1e-20
6766.0 0.074027 1e-20
6768.0 0.0807232 1e-20
6770.0 0.089508 1e-20
6772.0 0.0917746 1e-20
6774.0 0.0879138 1e-20
6776.0 0.0882636 1e-20
6778.0 0.0907755 1e-20
6780.0 0.0924744 1e-20
6782.0 0.0926074 1e-20
6784.0 0.092437 1e-20
6786.0 0.0935458 1e-20
6788.0 0.0957902 1e-20
6790.0 0.0962603 1e-20
6792.0 0.0966214 1e-20
6794.0 0.0946011 1e-20
6796.0 0.0882115 1e-20
6798.0 0.0825398 1e-20
6800.0 0.0827781 1e-20
6802.0 0.0869441 1e-20
6804.0 0.0857095 1e-20
6806.0 0.0803948 1e-20
6808.0 0.0769283 1e-20
6810.0 0.0730514 1e-20
6812.0 0.0712211 1e-20
6814.0 0.0738874 1e-20
6816.0 0.0788137 1e-20
6818.0 0.0783775 1e-20
6820.0 0.0708467 1e-20
6822.0 0.0722438 1e-20
6824.0 0.083215 1e-20
6826.0 0.0885417 1e-20
6828.0 0.08298 1e-20
6830.0 0.0746499 1e-20
6832.0 0.0749748 1e-20
6834.0 0.0811761 1e-20
6836.0 0.0836 1e-20
6838.0 0.0872435 1e-20
6840.0 0.0861562 1e-20
6842.0 0.0768934 1e-20
6844.0 0.0683398 1e-20
6846.0 0.0694426 1e-20
6848.0 0.0768271 1e-20
6850.0 0.0796469 1e-20
6852.0 0.081809 1e-20
6854.0 0.0824069 1e-20
6856.0 0.0793883 1e-20
6858.0 0.0784264 1e-20
6860.0 0.0828461 1e-20
6862.0 0.090372 1e-20
6864.0 0.0966512 1e-20
6866.0 0.107022 1e-20
6868.0 0.108622 1e-20
6870.0 0.100563 1e-20
6872.0 0.0958714 1e-20
6874.0 0.0989142 1e-20
6876.0 0.103737 1e-20
6878.0 0.102008 1e-20
6880.0 0.0955942 1e-20
6882.0 0.0915571 1e-20
6884.0 0.0869721 1e-20
6886.0 0.0840151 1e-20
6888.0 0.083968 1e-20
6890.0 0.0836962 1e-20
6892.0 0.0790843 1e-20
6894.0 0.0709194 1e-20
6896.0 0.071187 1e-20
6898.0 0.0809628 1e-20
6900.0 0.0841533 1e-20
6902.0 0.0823445 1e-20
6904.0 0.0792642 1e-20
6906.0 0.076187 1e-20
6908.0 0.0724847 1e-20
6910.0 0.0698607 1e-20
6912.0 0.0660116 1e-20
6914.0 0.0666626 1e-20
6916.0 0.0721213 1e-20
6918.0 0.0770682 1e-20
6920.0 0.0812844 1e-20
6922.0 0.0843332 1e-20
6924.0 0.0826567 1e-20
6926.0 0.0759853 1e-20
6928.0 0.071955 1e-20
6930.0 0.0669024 1e-20
6932.0 0.0647023 1e-20
6934.0 0.0664662 1e-20
6936.0 0.0693829 1e-20
6938.0 0.0706965 1e-20
6940.0 0.0716235 1e-20
6942.0 0.0721917 1e-20
6944.0 0.0723645 1e-20
6946.0 0.0722288 1e-20
6948.0 0.0708339 1e-20
6950.0 0.070474 1e-20
6952.0 0.0735457 1e-20
6954.0 0.0785313 1e-20
6956.0 0.0780194 1e-20
6958.0 0.0703872 1e-20
6960.0 0.0697992 1e-20
6962.0 0.0761954 1e-20
6964.0 0.0792697 1e-20
6966.0 0.0747326 1e-20
6968.0 0.0674519 1e-20
6970.0 0.0652833 1e-20
6972.0 0.0652268 1e-20
6974.0 0.0672017 1e-20
6976.0 0.0739315 1e-20
6978.0 0.0774827 1e-20
6980.0 0.0771414 1e-20
6982.0 0.0749779 1e-20
6984.0 0.0717389 1e-20
6986.0 0.0658793 1e-20
6988.0 0.067195 1e-20
6990.0 0.0777476 1e-20
6992.0 0.0810795 1e-20
6994.0 0.0783227 1e-20
6996.0 0.0731352 1e-20
6998.0 0.0658395 1e-20
7000.0 0.056356 1e-20
7002.0 0.0549104 1e-20
7004.0 0.0605717 1e-20
7006.0 0.0646077 1e-20
7008.0 0.0715844 1e-20
7010.0 0.0753335 1e-20
7012.0 0.0721615 1e-20
7014.0 0.0662241 1e-20
7016.0 0.0665443 1e-20
7018.0 0.0727265 1e-20
7020.0 0.0723744 1e-20
7022.0 0.0669073 1e-20
7024.0 0.0631591 1e-20
7026.0 0.0612948 1e-20
7028.0 0.0607553 1e-20
7030.0 0.0619903 1e-20
7032.0 0.0649183 1e-20
7034.0 0.068765 1e-20
7036.0 0.0761055 1e-20
7038.0 0.0797066 1e-20
7040.0 0.0799588 1e-20
7042.0 0.0784202 1e-20
7044.0 0.0751614 1e-20
7046.0 0.0700798 1e-20
7048.0 0.0686704 1e-20
7050.0 0.0700914 1e-20
7052.0 0.0708785 1e-20
7054.0 0.0735489 1e-20
7056.0 0.0737024 1e-20
7058.0 0.0683225 1e-20
7060.0 0.0605769 1e-20
7062.0 0.0581739 1e-20
7064.0 0.0589992 1e-20
7066.0 0.0600642 1e-20
7068.0 0.0626813 1e-20
7070.0 0.0656667 1e-20
7072.0 0.0696331 1e-20
7074.0 0.0733874 1e-20
7076.0 0.0751261 1e-20
7078.0 0.076345 1e-20
7080.0 0.0723166 1e-20
7082.0 0.0585355 1e-20
7084.0 0.0535451 1e-20
7086.0 0.0590268 1e-20
7088.0 0.0655527 1e-20
7090.0 0.0662511 1e-20
7092.0 0.0643149 1e-20
7094.0 0.0650225 1e-20
7096.0 0.0672544 1e-20
7098.0 0.0687864 1e-20
7100.0 0.070475 1e-20
7102.0 0.0714415 1e-20
7104.0 0.0709798 1e-20
7106.0 0.0697748 1e-20
7108.0 0.0698038 1e-20
7110.0 0.0725388 1e-20
7112.0 0.0698006 1e-20
7114.0 0.0604037 1e-20
7116.0 0.054697 1e-20
7118.0 0.0553316 1e-20
7120.0 0.0578452 1e-20
7122.0 0.0566914 1e-20
7124.0 0.0526309 1e-20
7126.0 0.0543901 1e-20
7128.0 0.0629407 1e-20
7130.0 0.0668721 1e-20
7132.0 0.0656061 1e-20
7134.0 0.0633448 1e-20
7136.0 0.0631904 1e-20
7138.0 0.0638087 1e-20
7140.0 0.0624582 1e-20
7142.0 0.058789 1e-20
7144.0 0.0569381 1e-20
7146.0 0.0565634 1e-20
7148.0 0.0562017 1e-20
7150.0 0.0547583 1e-20
7152.0 0.0532026 1e-20
7154.0 0.0546177 1e-20
7156.0 0.0601967 1e-20
7158.0 0.0617031 1e-20
7160.0 0.0600873 1e-20
7162.0 0.0595619 1e-20
7164.0 0.0615845 1e-20
7166.0 0.0638928 1e-20
7168.0 0.0633479 1e-20
7170.0 0.0609047 1e-20
7172.0 0.0582037 1e-20
7174.0 0.0524411 1e-20
7176.0 0.0505442 1e-20
7178.0 0.0539135 1e-20
7180.0 0.0579942 1e-20
7182.0 0.0589741 1e-20
7184.0 0.0585506 1e-20
7186.0 0.0577213 1e-20
7188.0 0.0546599 1e-20
7190.0 0.0541695 1e-20
7192.0 0.0567509 1e-20
7194.0 0.0586257 1e-20
7196.0 0.0577656 1e-20
7198.0 0.0555303 1e-20
7200.0 0.0541713 1e-20
7202.0 0.0524562 1e-20
7204.0 0.0518237 1e-20
7206.0 0.0524562 1e-20
7208.0 0.052665 1e-20
7210.0 0.0516549 1e-20
7212.0 0.0505934 1e-20
7214.0 0.0515638 1e-20
7216.0 0.0547644 1e-20
7218.0 0.0551447 1e-20
7220.0 0.0533377 1e-20
7222.0 0.0521611 1e-20
7224.0 0.0515303 1e-20
7226.0 0.0511667 1e-20
7228.0 0.0509941 1e-20
7230.0 0.0509788 1e-20
7232.0 0.0518826 1e-20
7234.0 0.0503493 1e-20
7236.0 0.0562839 1e-20
7238.0 0.0745963 1e-20
7240.0 0.0883032 1e-20
7242.0 0.0865411 1e-20
7244.0 0.0762152 1e-20
7246.0 0.072526 1e-20
7248.0 0.0713061 1e-20
7250.0 0.0683606 1e-20
7252.0 0.0642281 1e-20
7254.0 0.0607064 1e-20
7256.0 0.0586039 1e-20
7258.0 0.0568605 1e-20
7260.0 0.0535039 1e-20
7262.0 0.0479821 1e-20
7264.0 0.0463907 1e-20
7266.0 0.0472169 1e-20
7268.0 0.0493622 1e-20
7270.0 0.0535979 1e-20
7272.0 0.0584251 1e-20
7274.0 0.0620811 1e-20
7276.0 0.0654549 1e-20
7278.0 0.0675322 1e-20
7280.0 0.070698 1e-20
7282.0 0.068458 1e-20
7284.0 0.0587322 1e-20
7286.0 0.0494391 1e-20
7288.0 0.0446147 1e-20
7290.0 0.0421355 1e-20
7292.0 0.0439524 1e-20
7294.0 0.0540546 1e-20
7296.0 0.0567866 1e-20
7298.0 0.0542694 1e-20
7300.0 0.0523196 1e-20
7302.0 0.0522419 1e-20
7304.0 0.0530077 1e-20
7306.0 0.0547728 1e-20
7308.0 0.0574968 1e-20
7310.0 0.0610945 1e-20
7312.0 0.0697278 1e-20
7314.0 0.0712366 1e-20
7316.0 0.0620397 1e-20
7318.0 0.0504362 1e-20
7320.0 0.044637 1e-20
7322.0 0.0402289 1e-20
7324.0 0.044083 1e-20
7326.0 0.0614479 1e-20
7328.0 0.0688462 1e-20
7330.0 0.0670797 1e-20
7332.0 0.0633431 1e-20
7334.0 0.0612341 1e-20
7336.0 0.0588817 1e-20
7338.0 0.0569551 1e-20
7340.0 0.0551836 1e-20
7342.0 0.0536924 1e-20
7344.0 0.0518603 1e-20
7346.0 0.0512671 1e-20
7348.0 0.0528913 1e-20
7350.0 0.0556126 1e-20
7352.0 0.0571289 1e-20
7354.0 0.0597186 1e-20
7356.0 0.0576112 1e-20
7358.0 0.0496129 1e-20
7360.0 0.0443034 1e-20
7362.0 0.0418869 1e-20
7364.0 0.0416619 1e-20
7366.0 0.044044 1e-20
7368.0 0.0486824 1e-20
7370.0 0.0568129 1e-20
7372.0 0.0743892 1e-20
7374.0 0.0816533 1e-20
7376.0 0.0784247 1e-20
7378.0 0.0719237 1e-20
7380.0 0.06551 1e-20
7382.0 0.057413 1e-20
7384.0 0.0539345 1e-20
7386.0 0.0530031 1e-20
7388.0 0.0542902 1e-20
7390.0 0.0609055 1e-20
7392.0 0.0648295 1e-20
7394.0 0.0626128 1e-20
7396.0 0.0572621 1e-20
7398.0 0.0529359 1e-20
7400.0 0.0450661 1e-20
7402.0 0.045399 1e-20
7404.0 0.0536638 1e-20
7406.0 0.0604371 1e-20
7408.0 0.0664866 1e-20
7410.0 0.0702638 1e-20
7412.0 0.0663654 1e-20
7414.0 0.0541948 1e-20
7416.0 0.0518769 1e-20
7418.0 0.0586726 1e-20
7420.0 0.0590109 1e-20
7422.0 0.0501009 1e-20
7424.0 0.0430707 1e-20
7426.0 0.0474125 1e-20
7428.0 0.0589636 1e-20
7430.0 0.0625757 1e-20
7432.0 0.0597953 1e-20
7434.0 0.0624589 1e-20
7436.0 0.0709052 1e-20
7438.0 0.0770191 1e-20
7440.0 0.0778369 1e-20
7442.0 0.0753837 1e-20
7444.0 0.0702324 1e-20
7446.0 0.0572794 1e-20
7448.0 0.0547117 1e-20
7450.0 0.0620723 1e-20
7452.0 0.0651561 1e-20
7454.0 0.0605108 1e-20
7456.0 0.0539254 1e-20
7458.0 0.0518684 1e-20
7460.0 0.0519138 1e-20
7462.0 0.0527729 1e-20
7464.0 0.0552888 1e-20
7466.0 0.0581325 1e-20
7468.0 0.0626988 1e-20
7470.0 0.0661564 1e-20
7472.0 0.0651567 1e-20
7474.0 0.0608872 1e-20
7476.0 0.0612218 1e-20
7478.0 0.0670125 1e-20
7480.0 0.0668706 1e-20
7482.0 0.0604483 1e-20
7484.0 0.0551002 1e-20
7486.0 0.0541176 1e-20
7488.0 0.0552305 1e-20
7490.0 0.0560292 1e-20
7492.0 0.0592056 1e-20
7494.0 0.0583079 1e-20
7496.0 0.0537584 1e-20
7498.0 0.0497661 1e-20
7500.0 0.0459082 1e-20
7502.0 0.0432959 1e-20
7504.0 0.0458848 1e-20
7506.0 0.0545532 1e-20
7508.0 0.0561462 1e-20
7510.0 0.0520236 1e-20
7512.0 0.0505755 1e-20
7514.0 0.0520941 1e-20
7516.0 0.0541757 1e-20
7518.0 0.0552734 1e-20
7520.0 0.0561191 1e-20
7522.0 0.0565123 1e-20
7524.0 0.0561482 1e-20
7526.0 0.056223 1e-20
7528.0 0.0560963 1e-20
7530.0 0.0567656 1e-20
7532.0 0.0595248 1e-20
7534.0 0.0632527 1e-20
7536.0 0.0631282 1e-20
7538.0 0.059243 1e-20
7540.0 0.057214 1e-20
7542.0 0.0546626 1e-20
7544.0 0.0536034 1e-20
7546.0 0.0556064 1e-20
7548.0 0.0582065 1e-20
7550.0 0.0566031 1e-20
7552.0 0.0512537 1e-20
7554.0 0.0492933 1e-20
7556.0 0.0488234 1e-20
7558.0 0.0488735 1e-20
7560.0 0.0500633 1e-20
7562.0 0.0512079 1e-20
7564.0 0.0501213 1e-20
7566.0 0.0469404 1e-20
7568.0 0.051236 1e-20
7570.0 0.065066 1e-20
7572.0 0.0717461 1e-20
7574.0 0.0729285 1e-20
7576.0 0.0724793 1e-20
7578.0 0.0720207 1e-20
7580.0 0.0706309 1e-20
7582.0 0.0681483 1e-20
7584.0 0.0639936 1e-20
7586.0 0.0603155 1e-20
7588.0 0.0559244 1e-20
7590.0 0.052413 1e-20
7592.0 0.0509577 1e-20
7594.0 0.0498657 1e-20
7596.0 0.0460298 1e-20
7598.0 0.0421896 1e-20
7600.0 0.0312907 1e-20
7602.0 0.00407083 1e-20
7604.0 -0.00548837 1e-20
7606.0 0.00789924 1e-20
7608.0 0.0289527 1e-20
7610.0 0.0455694 1e-20
7612.0 0.0647791 1e-20
7614.0 0.0709585 1e-20
7616.0 0.0644102 1e-20
7618.0 0.0604014 1e-20
7620.0 0.0552093 1e-20
7622.0 0.0513397 1e-20
7624.0 0.051961 1e-20
7626.0 0.0550865 1e-20
7628.0 0.0518499 1e-20
7630.0 0.0415347 1e-20
7632.0 0.0369925 1e-20
7634.0 0.035074 1e-20
7636.0 0.0348249 1e-20
7638.0 0.0373612 1e-20
7640.0 0.0407978 1e-20
7642.0 0.0392729 1e-20
7644.0 0.031873 1e-20
7646.0 0.0323553 1e-20
7648.0 0.0385644 1e-20
7650.0 0.0444414 1e-20
7652.0 0.0509305 1e-20
7654.0 0.056557 1e-20
7656.0 0.058253 1e-20
7658.0 0.0567763 1e-20
7660.0 0.0567351 1e-20
7662.0 0.0567341 1e-20
7664.0 0.05645 1e-20
7666.0 0.0557674 1e-20
7668.0 0.0550904 1e-20
7670.0 0.0546559 1e-20
7672.0 0.0543407 1e-20
7674.0 0.0541908 1e-20
7676.0 0.0545253 1e-20
7678.0 0.0542304 1e-20
7680.0 0.0528569 1e-20
7682.0 0.0523876 1e-20
7684.0 0.0535756 1e-20
7686.0 0.0557054 1e-20
7688.0 0.0579344 1e-20
7690.0 0.0617949 1e-20
7692.0 0.0623047 1e-20
7694.0 0.0605196 1e-20
7696.0 0.0577753 1e-20
7698.0 0.0534952 1e-20
7700.0 0.0487845 1e-20
7702.0 0.0454801 1e-20
7704.0 0.0429519 1e-20
7706.0 0.040132 1e-20
7708.0 0.0337358 1e-20
7710.0 0.0350523 1e-20
7712.0 0.0460198 1e-20
7714.0 0.0581612 1e-20
7716.0 0.0672305 1e-20
7718.0 0.0754783 1e-20
7720.0 0.0736824 1e-20
7722.0 0.0604945 1e-20
7724.0 0.0508364 1e-20
7726.0 0.0369652 1e-20
7728.0 0.0296164 1e-20
7730.0 0.0356553 1e-20
7732.0 0.0480305 1e-20
7734.0 0.0504076 1e-20
7736.0 0.0461342 1e-20
7738.0 0.0459839 1e-20
7740.0 0.0469583 1e-20
7742.0 0.0483333 1e-20
7744.0 0.0513585 1e-20
7746.0 0.0536115 1e-20
7748.0 0.050466 1e-20
7750.0 0.0418789 1e-20
7752.0 0.0404159 1e-20
7754.0 0.0433312 1e-20
7756.0 0.0467131 1e-20
7758.0 0.0518996 1e-20
7760.0 0.0569576 1e-20
7762.0 0.0602518 1e-20
7764.0 0.0626037 1e-20
7766.0 0.0633823 1e-20
7768.0 0.0634876 1e-20
7770.0 0.0606796 1e-20
7772.0 0.0535008 1e-20
7774.0 0.0471282 1e-20
7776.0 0.0444791 1e-20
7778.0 0.0429892 1e-20
7780.0 0.036936 1e-20
7782.0 0.0233299 1e-20
7784.0 0.0211532 1e-20
7786.0 0.0277362 1e-20
7788.0 0.0344962 1e-20
7790.0 0.0419669 1e-20
7792.0 0.0487598 1e-20
7794.0 0.0499539 1e-20
7796.0 0.0460961 1e-20
7798.0 0.0456995 1e-20
7800.0 0.0470635 1e-20
7802.0 0.0471451 1e-20
7804.0 0.0451868 1e-20
7806.0 0.0436848 1e-20
7808.0 0.0455244 1e-20
7810.0 0.0497941 1e-20
7812.0 0.0474849 1e-20
7814.0 0.0359053 1e-20
7816.0 0.0336591 1e-20
7818.0 0.0367374 1e-20
7820.0 0.0448966 1e-20
7822.0 0.0613177 1e-20
7824.0 0.0824086 1e-20
7826.0 0.0915069 1e-20
7828.0 0.095576 1e-20
7830.0 0.0914544 1e-20
7832.0 0.0737177 1e-20
7834.0 0.0602985 1e-20
7836.0 0.0555352 1e-20
7838.0 0.0531162 1e-20
7840.0 0.0455894 1e-20
7842.0 0.0329596 1e-20
7844.0 0.0311986 1e-20
7846.0 0.0387576 1e-20
7848.0 0.0451372 1e-20
7850.0 0.051421 1e-20
7852.0 0.0574036 1e-20
7854.0 0.0616025 1e-20
7856.0 0.0644016 1e-20
7858.0 0.0701221 1e-20
7860.0 0.0818282 1e-20
7862.0 0.0850075 1e-20
7864.0 0.0811091 1e-20
7866.0 0.0740602 1e-20
7868.0 0.0633032 1e-20
7870.0 0.0500947 1e-20
7872.0 0.0468068 1e-20
7874.0 0.0548517 1e-20
7876.0 0.0541725 1e-20
7878.0 0.0484168 1e-20
7880.0 0.0438928 1e-20
7882.0 0.0427378 1e-20
7884.0 0.0420112 1e-20
7886.0 0.0374729 1e-20
7888.0 0.0296192 1e-20
7890.0 0.0243056 1e-20
7892.0 0.0166215 1e-20
7894.0 0.015825 1e-20
7896.0 0.0246214 1e-20
7898.0 0.0356076 1e-20
7900.0 0.0423018 1e-20
7902.0 0.047893 1e-20
7904.0 0.0495438 1e-20
7906.0 0.0462731 1e-20
7908.0 0.0442121 1e-20
7910.0 0.0435948 1e-20
7912.0 0.0408973 1e-20
7914.0 0.0308028 1e-20
7916.0 0.0175314 1e-20
7918.0 0.0242297 1e-20
7920.0 0.0558978 1e-20
7922.0 0.0678455 1e-20
7924.0 0.0716179 1e-20
7926.0 0.070439 1e-20
7928.0 0.062351 1e-20
7930.0 0.0510234 1e-20
7932.0 0.0464864 1e-20
7934.0 0.0450762 1e-20
7936.0 0.0456363 1e-20
7938.0 0.0513024 1e-20
7940.0 0.0538215 1e-20
7942.0 0.0520214 1e-20
7944.0 0.0493838 1e-20
7946.0 0.0497486 1e-20
7948.0 0.0525254 1e-20
7950.0 0.0473028 1e-20
7952.0 0.0287315 1e-20
7954.0 0.0245591 1e-20
7956.0 0.0356292 1e-20
7958.0 0.0478021 1e-20
7960.0 0.0554591 1e-20
7962.0 0.0613027 1e-20
7964.0 0.0543937 1e-20
7966.0 0.0301729 1e-20
7968.0 0.016809 1e-20
7970.0 0.00328146 1e-20
7972.0 -0.00131953 1e-20
7974.0 0.00802002 1e-20
7976.0 0.0251295 1e-20
7978.0 0.0386293 1e-20
7980.0 0.0557652 1e-20
7982.0 0.0640584 1e-20
7984.0 0.0691033 1e-20
7986.0 0.0656942 1e-20
7988.0 0.0496863 1e-20
7990.0 0.0300198 1e-20
7992.0 0.0168929 1e-20
7994.0 0.0053838 1e-20
7996.0 -0.000475614 1e-20
7998.0 -0.00197135 1e-20
8000.0 0.000817681 1e-20
8002.0 0.0103939 1e-20
8004.0 0.0207528 1e-20
8006.0 0.0278708 1e-20
8008.0 0.0338664 1e-20
8010.0 0.0404895 1e-20
8012.0 0.0502689 1e-20
8014.0 0.0527753 1e-20
8016.0 0.0466914 1e-20
8018.0 0.0428391 1e-20
8020.0 0.0430834 1e-20
8022.0 0.0467958 1e-20
8024.0 0.0595072 1e-20
8026.0 0.0879733 1e-20
8028.0 0.0958012 1e-20
8030.0 0.0905811 1e-20
8032.0 0.0824309 1e-20
8034.0 0.0690131 1e-20
8036.0 0.05464 1e-20
8038.0 0.047417 1e-20
8040.0 0.0447149 1e-20
8042.0 0.0407295 1e-20
8044.0 0.036485 1e-20
8046.0 0.0346154 1e-20
8048.0 0.0350259 1e-20
8050.0 0.0370313 1e-20
8052.0 0.0410377 1e-20
8054.0 0.0469076 1e-20
8056.0 0.0485804 1e-20
8058.0 0.045558 1e-20
8060.0 0.0463697 1e-20
8062.0 0.0501621 1e-20
8064.0 0.0536044 1e-20
8066.0 0.0563213 1e-20
8068.0 0.0581542 1e-20
8070.0 0.0558964 1e-20
8072.0 0.0469625 1e-20
8074.0 0.0461305 1e-20
8076.0 0.0520722 1e-20
8078.0 0.05577 1e-20
8080.0 0.0567861 1e-20
8082.0 0.0559188 1e-20
8084.0 0.0519255 1e-20
8086.0 0.0436854 1e-20
8088.0 0.0416606 1e-20
8090.0 0.0435507 1e-20
8092.0 0.0461408 1e-20
8094.0 0.052208 1e-20
8096.0 0.0562707 1e-20
8098.0 0.0528322 1e-20
8100.0 0.0442914 1e-20
8102.0 0.0400464 1e-20
8104.0 0.0357226 1e-20
8106.0 0.0351434 1e-20
8108.0 0.0388963 1e-20
8110.0 0.0431057 1e-20
8112.0 0.0465298 1e-20
8114.0 0.04991 1e-20
8116.0 0.0527031 1e-20
8118.0 0.0560594 1e-20
8120.0 0.056443 1e-20
8122.0 0.0549181 1e-20
8124.0 0.0514682 1e-20
8126.0 0.04369 1e-20
8128.0 0.0360753 1e-20
8130.0 0.0369609 1e-20
8132.0 0.0451823 1e-20
8134.0 0.0476726 1e-20
8136.0 0.0484564 1e-20
8138.0 0.047885 1e-20
8140.0 0.0438873 1e-20
8142.0 0.041082 1e-20
8144.0 0.0447371 1e-20
8146.0 0.0529689 1e-20
8148.0 0.0535015 1e-20
8150.0 0.0468936 1e-20
8152.0 0.0447861 1e-20
8154.0 0.0443047 1e-20
8156.0 0.0462326 1e-20
8158.0 0.0523581 1e-20
8160.0 0.0608667 1e-20
8162.0 0.0645066 1e-20
8164.0 0.0653185 1e-20
8166.0 0.0654538 1e-20
8168.0 0.0619302 1e-20
8170.0 0.0613525 1e-20
8172.0 0.0659324 1e-20
8174.0 0.0722354 1e-20
8176.0 0.0753173 1e-20
8178.0 0.075664 1e-20
8180.0 0.0813119 1e-20
8182.0 0.0945457 1e-20
8184.0 0.100802 1e-20
8186.0 0.0957348 1e-20
8188.0 0.0920754 1e-20
8190.0 0.103399 1e-20
8192.0 0.125419 1e-20
8194.0 0.129357 1e-20
8196.0 0.127788 1e-20
8198.0 0.111218 1e-20
8200.0 0.0680885 1e-20
8202.0 0.0326962 1e-20
8204.0 0.0227709 1e-20
8206.0 0.0268611 1e-20
8208.0 0.0316335 1e-20
8210.0 0.0513075 1e-20
8212.0 0.053689 1e-20
8214.0 0.0413482 1e-20
8216.0 0.0335687 1e-20
8218.0 0.0352189 1e-20
8220.0 0.040162 1e-20
8222.0 0.0422304 1e-20
8224.0 0.0440588 1e-20
8226.0 0.0447055 1e-20
8228.0 0.0443632 1e-20
8230.0 0.0433344 1e-20
8232.0 0.039765 1e-20
8234.0 0.0376311 1e-20
8236.0 0.0426382 1e-20
8238.0 0.0537393 1e-20
8240.0 0.0535529 1e-20
8242.0 0.0419901 1e-20
8244.0 0.0377174 1e-20
8246.0 0.0389216 1e-20
8248.0 0.0411648 1e-20
8250.0 0.0430941 1e-20
8252.0 0.0453083 1e-20
8254.0 0.0447332 1e-20
8256.0 0.0407107 1e-20
8258.0 0.0391577 1e-20
8260.0 0.0375999 1e-20
8262.0 0.0382113 1e-20
8264.0 0.0422699 1e-20
8266.0 0.0479999 1e-20
8268.0 0.0522336 1e-20
8270.0 0.0569156 1e-20
8272.0 0.0587681 1e-20
8274.0 0.0577926 1e-20
8276.0 0.0569935 1e-20
8278.0 0.0512261 1e-20
8280.0 0.0510154 1e-20
8282.0 0.0735571 1e-20
8284.0 0.117516 1e-20
8286.0 0.123824 1e-20
8288.0 0.100517 1e-20
8290.0 0.0835347 1e-20
8292.0 0.0591633 1e-20
8294.0 0.0454154 1e-20
8296.0 0.060635 1e-20
8298.0 0.0933674 1e-20
8300.0 0.0953273 1e-20
8302.0 0.0765025 1e-20
8304.0 0.0603963 1e-20
8306.0 0.0330587 1e-20
8308.0 0.0149951 1e-20
8310.0 0.0144671 1e-20
8312.0 0.0222223 1e-20
8314.0 0.0240957 1e-20
8316.0 0.025342 1e-20
8318.0 0.0268022 1e-20
8320.0 0.0272429 1e-20
8322.0 0.0295342 1e-20
8324.0 0.0346525 1e-20
8326.0 0.0403603 1e-20
8328.0 0.0448705 1e-20
8330.0 0.0499748 1e-20
8332.0 0.0474509 1e-20
8334.0 0.0330262 1e-20
8336.0 0.028507 1e-20
8338.0 0.0281888 1e-20
8340.0 0.0373093 1e-20
8342.0 0.0642154 1e-20
8344.0 0.104233 1e-20
8346.0 0.126121 1e-20
8348.0 0.141418 1e-20
8350.0 0.147948 1e-20
8352.0 0.145111 1e-20
8354.0 0.136037 1e-20
8356.0 0.12018 1e-20
8358.0 0.098953 1e-20
8360.0 0.0781872 1e-20
8362.0 0.0515221 1e-20
8364.0 0.0360291 1e-20
8366.0 0.0256063 1e-20
8368.0 0.0229055 1e-20
8370.0 0.0297938 1e-20
8372.0 0.0424406 1e-20
8374.0 0.0580947 1e-20
8376.0 0.0823314 1e-20
8378.0 0.0837498 1e-20
8380.0 0.0656051 1e-20
8382.0 0.0492668 1e-20
8384.0 0.0272628 1e-20
8386.0 0.00989474 1e-20
8388.0 0.00499406 1e-20
8390.0 0.00857565 1e-20
8392.0 0.0230044 1e-20
8394.0 0.0516327 1e-20
8396.0 0.080717 1e-20
8398.0 0.126197 1e-20
8400.0 0.154857 1e-20
8402.0 0.151429 1e-20
8404.0 0.129746 1e-20
8406.0 0.11205 1e-20
8408.0 0.0847442 1e-20
8410.0 0.0684422 1e-20
8412.0 0.0579682 1e-20
8414.0 0.0503144 1e-20
8416.0 0.0416464 1e-20
8418.0 0.0393766 1e-20
8420.0 0.0572397 1e-20
8422.0 0.0972805 1e-20
8424.0 0.109793 1e-20
8426.0 0.118347 1e-20
8428.0 0.0992375 1e-20
8430.0 0.0348704 1e-20
8432.0 -0.026761 1e-20
8434.0 -0.0489537 1e-20
8436.0 -0.049414 1e-20
8438.0 -0.0376065 1e-20
8440.0 0.00740796 1e-20
8442.0 0.0276875 1e-20
8444.0 0.0316447 1e-20
8446.0 0.0328105 1e-20
8448.0 0.0336395 1e-20
8450.0 0.0336684 1e-20
8452.0 0.0427573 1e-20
8454.0 0.066275 1e-20
8456.0 0.0706494 1e-20
8458.0 0.0593719 1e-20
8460.0 0.0511409 1e-20
8462.0 0.0483768 1e-20
8464.0 0.0473821 1e-20
8466.0 0.0462222 1e-20
8468.0 0.0450317 1e-20
8470.0 0.047637 1e-20
8472.0 0.0581023 1e-20
8474.0 0.0602987 1e-20
8476.0 0.0522255 1e-20
8478.0 0.0425634 1e-20
8480.0 0.0369684 1e-20
8482.0 0.0324497 1e-20
8484.0 0.0347898 1e-20
8486.0 0.0470353 1e-20
8488.0 0.0529591 1e-20
8490.0 0.0559334 1e-20
8492.0 0.0565101 1e-20
8494.0 0.0534499 1e-20
8496.0 0.0481945 1e-20
8498.0 0.0477535 1e-20
8500.0 0.0561305 1e-20
8502.0 0.0499376 1e-20
8504.0 0.027968 1e-20
8506.0 0.0132116 1e-20
8508.0 0.0086399 1e-20
8510.0 0.0107843 1e-20
8512.0 0.0212772 1e-20
8514.0 0.0454467 1e-20
8516.0 0.0513023 1e-20
8518.0 0.0429031 1e-20
8520.0 0.038395 1e-20
8522.0 0.0368476 1e-20
8524.0 0.0364965 1e-20
8526.0 0.0375958 1e-20
8528.0 0.0403252 1e-20
8530.0 0.0404217 1e-20
8532.0 0.0376516 1e-20
8534.0 0.0373579 1e-20
8536.0 0.0375284 1e-20
8538.0 0.0404616 1e-20
8540.0 0.0499051 1e-20
8542.0 0.0624864 1e-20
8544.0 0.0628459 1e-20
8546.0 0.0508076 1e-20
8548.0 0.0459133 1e-20
8550.0 0.0412001 1e-20
8552.0 0.0400165 1e-20
8554.0 0.0445443 1e-20
8556.0 0.0514091 1e-20
8558.0 0.0550505 1e-20
8560.0 0.059608 1e-20
8562.0 0.0554887 1e-20
8564.0 0.0375998 1e-20
8566.0 0.0301885 1e-20
8568.0 0.0366155 1e-20
8570.0 0.0455359 1e-20
8572.0 0.0471172 1e-20
8574.0 0.0453034 1e-20
8576.0 0.0459237 1e-20
8578.0 0.0481689 1e-20
8580.0 0.0484563 1e-20
8582.0 0.0469257 1e-20
8584.0 0.0449513 1e-20
8586.0 0.0430251 1e-20
8588.0 0.0409123 1e-20
8590.0 0.0394099 1e-20
8592.0 0.0374991 1e-20
8594.0 0.0376607 1e-20
8596.0 0.0407302 1e-20
8598.0 0.0424597 1e-20
8600.0 0.0410525 1e-20
8602.0 0.0388391 1e-20
8604.0 0.0398092 1e-20
8606.0 0.0440732 1e-20
8608.0 0.0439045 1e-20
8610.0 0.0407135 1e-20
8612.0 0.0374043 1e-20
8614.0 0.0327385 1e-20
8616.0 0.0289829 1e-20
8618.0 0.0283608 1e-20
8620.0 0.0289885 1e-20
8622.0 0.039331 1e-20
8624.0 0.0677737 1e-20
8626.0 0.0789685 1e-20
8628.0 0.0734253 1e-20
8630.0 0.065318 1e-20
8632.0 0.0610867 1e-20
8634.0 0.0573623 1e-20
8636.0 0.0579898 1e-20
8638.0 0.0676181 1e-20
8640.0 0.0661368 1e-20
8642.0 0.055878 1e-20
8644.0 0.0454296 1e-20
8646.0 0.0352083 1e-20
8648.0 0.0260354 1e-20
8650.0 0.0247918 1e-20
8652.0 0.0322818 1e-20
8654.0 0.0334711 1e-20
8656.0 0.0317517 1e-20
8658.0 0.030704 1e-20
8660.0 0.0292511 1e-20
8662.0 0.0293282 1e-20
8664.0 0.034742 1e-20
8666.0 0.0452816 1e-20
8668.0 0.0492651 1e-20
8670.0 0.0490648 1e-20
8672.0 0.0491628 1e-20
8674.0 0.0497836 1e-20
8676.0 0.04863 1e-20
8678.0 0.0428378 1e-20
8680.0 0.0340242 1e-20
8682.0 0.0337739 1e-20
8684.0 0.0430728 1e-20
8686.0 0.0452267 1e-20
8688.0 0.04273 1e-20
8690.0 0.0405679 1e-20
8692.0 0.0396623 1e-20
8694.0 0.0395917 1e-20
8696.0 0.0422304 1e-20
8698.0 0.0492498 1e-20
8700.0 0.0508393 1e-20
8702.0 0.0493364 1e-20
8704.0 0.0466234 1e-20
8706.0 0.0420765 1e-20
8708.0 0.0368746 1e-20
8710.0 0.0327817 1e-20
8712.0 0.0286575 1e-20
8714.0 0.0272881 1e-20
8716.0 0.0283673 1e-20
8718.0 0.0300525 1e-20
8720.0 0.0346764 1e-20
8722.0 0.0373519 1e-20
8724.0 0.0332556 1e-20
8726.0 0.0247156 1e-20
8728.0 0.0223546 1e-20
8730.0 0.0224999 1e-20
8732.0 0.025186 1e-20
8734.0 0.0335698 1e-20
8736.0 0.0392618 1e-20
8738.0 0.0377482 1e-20
8740.0 0.0334502 1e-20
8742.0 0.0356472 1e-20
8744.0 0.0456483 1e-20
8746.0 0.0447537 1e-20
8748.0 0.0333965 1e-20
8750.0 0.0265909 1e-20
8752.0 0.0245802 1e-20
8754.0 0.0269562 1e-20
8756.0 0.0363849 1e-20
8758.0 0.0523793 1e-20
8760.0 0.0709338 1e-20
8762.0 0.10637 1e-20
8764.0 0.118457 1e-20
8766.0 0.105422 1e-20
8768.0 0.0835211 1e-20
8770.0 0.0590236 1e-20
8772.0 0.0278009 1e-20
8774.0 0.0240141 1e-20
8776.0 0.0565322 1e-20
8778.0 0.058193 1e-20
8780.0 0.0322778 1e-20
8782.0 0.0114236 1e-20
8784.0 0.0091224 1e-20
8786.0 0.0150358 1e-20
8788.0 0.0169212 1e-20
8790.0 0.0247784 1e-20
8792.0 0.0181846 1e-20
8794.0 -0.00896467 1e-20
8796.0 -0.0218301 1e-20
8798.0 -0.0109307 1e-20
8800.0 0.00751424 1e-20
8802.0 0.0140438 1e-20
8804.0 0.0153532 1e-20
8806.0 0.0189069 1e-20
8808.0 0.0225267 1e-20
8810.0 0.0256407 1e-20
8812.0 0.0360638 1e-20
8814.0 0.0361632 1e-20
8816.0 0.00224228 1e-20
8818.0 -0.0584785 1e-20
8820.0 -0.0650804 1e-20
8822.0 -0.0486895 1e-20
8824.0 0.00299537 1e-20
8826.0 0.133845 1e-20
8828.0 0.223821 1e-20
8830.0 0.210299 1e-20
8832.0 0.139776 1e-20
8834.0 0.089871 1e-20
8836.0 0.00886697 1e-20
8838.0 -0.0197609 1e-20
8840.0 -0.00671663 1e-20
8842.0 0.0082475 1e-20
8844.0 0.0230355 1e-20
8846.0 0.0381944 1e-20
8848.0 0.042781 1e-20
8850.0 0.0395066 1e-20
8852.0 0.0374632 1e-20
8854.0 0.0350571 1e-20
8856.0 0.0284622 1e-20
8858.0 0.0114359 1e-20
8860.0 -0.00131895 1e-20
8862.0 0.00489764 1e-20
8864.0 0.0241523 1e-20
8866.0 0.0435182 1e-20
8868.0 0.0755019 1e-20
8870.0 0.0937598 1e-20
8872.0 0.105119 1e-20
8874.0 0.10611 1e-20
8876.0 0.0906488 1e-20
8878.0 0.064141 1e-20
8880.0 0.0504288 1e-20
8882.0 0.0414065 1e-20
8884.0 0.0354028 1e-20
8886.0 0.0361823 1e-20
8888.0 0.0346251 1e-20
8890.0 0.0254579 1e-20
8892.0 0.0167279 1e-20
8894.0 0.0230782 1e-20
8896.0 0.0431177 1e-20
8898.0 0.0549305 1e-20
8900.0 0.0709478 1e-20
8902.0 0.0743604 1e-20
8904.0 0.0612441 1e-20
8906.0 0.0429429 1e-20
8908.0 0.0279315 1e-20
8910.0 0.0108608 1e-20
8912.0 0.00883609 1e-20
8914.0 0.0134394 1e-20
8916.0 0.0334511 1e-20
8918.0 0.081986 1e-20
8920.0 0.122056 1e-20
8922.0 0.134725 1e-20
8924.0 0.130806 1e-20
8926.0 0.112622 1e-20
8928.0 0.0603123 1e-20
8930.0 0.038136 1e-20
8932.0 0.0290433 1e-20
8934.0 0.0295321 1e-20
8936.0 0.0440373 1e-20
8938.0 0.064773 1e-20
8940.0 0.0722859 1e-20
8942.0 0.0759369 1e-20
8944.0 0.0675433 1e-20
8946.0 0.0363601 1e-20
8948.0 0.0218364 1e-20
8950.0 0.0275597 1e-20
8952.0 0.0410588 1e-20
8954.0 0.0537716 1e-20
8956.0 0.0706821 1e-20
8958.0 0.0805696 1e-20
8960.0 0.088591 1e-20
8962.0 0.090082 1e-20
8964.0 0.0838008 1e-20
8966.0 0.0748372 1e-20
8968.0 0.0641787 1e-20
8970.0 0.0516716 1e-20
8972.0 0.0492125 1e-20
8974.0 0.0577474 1e-20
8976.0 0.0600655 1e-20
8978.0 0.0602426 1e-20
8980.0 0.05998 1e-20
8982.0 0.0616981 1e-20
8984.0 0.061883 1e-20
8986.0 0.0511885 1e-20
8988.0 0.0268322 1e-20
8990.0 0.0166266 1e-20
8992.0 0.00798072 1e-20
8994.0 0.0128524 1e-20
8996.0 0.0321349 1e-20
8998.0 0.0630291 1e-20
9000.0 0.109311 1e-20
9002.0 0.178536 1e-20
9004.0 0.19601 1e-20
9006.0 0.174134 1e-20
9008.0 0.150273 1e-20
9010.0 0.110687 1e-20
9012.0 0.0738811 1e-20
9014.0 0.0532384 1e-20
9016.0 0.0417224 1e-20
9018.0 0.0360761 1e-20
9020.0 0.0384634 1e-20
9022.0 0.0454637 1e-20
9024.0 0.0656895 1e-20
9026.0 0.0784015 1e-20
9028.0 0.0756829 1e-20
9030.0 0.0651023 1e-20
9032.0 0.0565215 1e-20
9034.0 0.0442058 1e-20
9036.0 0.0363696 1e-20
9038.0 0.029567 1e-20
9040.0 0.0265572 1e-20
9042.0 0.0317641 1e-20
9044.0 0.0362272 1e-20
9046.0 0.026732 1e-20
9048.0 0.00620213 1e-20
9050.0 -0.00605826 1e-20
9052.0 -0.0220032 1e-20
9054.0 -0.0237989 1e-20
9056.0 -0.00692861 1e-20
9058.0 0.0117084 1e-20
9060.0 0.0205243 1e-20
9062.0 0.0253306 1e-20
9064.0 0.0313261 1e-20
9066.0 0.0379814 1e-20
9068.0 0.0411297 1e-20
9070.0 0.0411007 1e-20
9072.0 0.0397608 1e-20
9074.0 0.0360996 1e-20
9076.0 0.0318872 1e-20
9078.0 0.0349776 1e-20
9080.0 0.0482893 1e-20
9082.0 0.0488936 1e-20
9084.0 0.0370197 1e-20
9086.0 0.0319533 1e-20
9088.0 0.0376873 1e-20
9090.0 0.0465482 1e-20
9092.0 0.0509978 1e-20
9094.0 0.0549175 1e-20
9096.0 0.0535961 1e-20
9098.0 0.0451565 1e-20
9100.0 0.0400363 1e-20
9102.0 0.0370899 1e-20
9104.0 0.0358221 1e-20
9106.0 0.0366001 1e-20
9108.0 0.0392888 1e-20
9110.0 0.0424039 1e-20
9112.0 0.0471073 1e-20
9114.0 0.0512542 1e-20
9116.0 0.0564421 1e-20
9118.0 0.059812 1e-20
9120.0 0.0600812 1e-20
9122.0 0.0582405 1e-20
9124.0 0.0554407 1e-20
9126.0 0.0491337 1e-20
9128.0 0.0472406 1e-20
9130.0 0.0495816 1e-20
9132.0 0.0499052 1e-20
9134.0 0.0466438 1e-20
9136.0 0.0424629 1e-20
9138.0 0.0405446 1e-20
9140.0 0.0401655 1e-20
9142.0 0.037936 1e-20
9144.0 0.0328005 1e-20
9146.0 0.0312713 1e-20
9148.0 0.0344719 1e-20
9150.0 0.0381683 1e-20
9152.0 0.0392875 1e-20
9154.0 0.0393298 1e-20
9156.0 0.0376264 1e-20
9158.0 0.030991 1e-20
9160.0 0.0305015 1e-20
9162.0 0.0372623 1e-20
9164.0 0.0421057 1e-20
9166.0 0.0397175 1e-20
9168.0 0.034343 1e-20
9170.0 0.0356671 1e-20
9172.0 0.0437066 1e-20
9174.0 0.0457857 1e-20
9176.0 0.0469182 1e-20
9178.0 0.043587 1e-20
9180.0 0.0316837 1e-20
9182.0 0.0183295 1e-20
9184.0 0.0164541 1e-20
9186.0 0.0229948 1e-20
9188.0 0.026434 1e-20
9190.0 0.032211 1e-20
9192.0 0.0348126 1e-20
9194.0 0.0336337 1e-20
9196.0 0.0311941 1e-20
9198.0 0.028892 1e-20
9200.0 0.0257254 1e-20
9202.0 0.0267768 1e-20
9204.0 0.0326845 1e-20
9206.0 0.0359172 1e-20
9208.0 0.0383221 1e-20
9210.0 0.0391769 1e-20
9212.0 0.0370282 1e-20
9214.0 0.0331818 1e-20
9216.0 0.0334947 1e-20
9218.0 0.0381068 1e-20
9220.0 0.039305 1e-20
9222.0 0.0394965 1e-20
9224.0 0.0383116 1e-20
9226.0 0.0358195 1e-20
9228.0 0.0318581 1e-20
9230.0 0.0254095 1e-20
9232.0 0.0141345 1e-20
9234.0 0.0116625 1e-20
9236.0 0.016901 1e-20
9238.0 0.0203803 1e-20
9240.0 0.0220108 1e-20
9242.0 0.0235801 1e-20
9244.0 0.0262233 1e-20
9246.0 0.0296439 1e-20
