3406.0 0.14808 1.78069
3408.0 0.12132 1.78069
3410.0 0.121279 1.78069
3412.0 0.121237 1.78069
3414.0 0.121237 1.78069
3416.0 0.0706471 1.78069
3418.0 0.0951303 1.78069
3420.0 0.0863871 1.78069
3422.0 0.215183 1.78069
3424.0 0.26868 1.78069
3426.0 0.237255 1.78069
3428.0 0.0765092 1.78069
3430.0 0.0632505 1.78069
3432.0 0.122158 1.78069
3434.0 0.0786916 1.78069
3436.0 0.212282 1.78069
3438.0 0.0260961 1.78069
3440.0 0.177305 1.78069
3442.0 0.230789 1.78069
3444.0 0.168442 1.78069
3446.0 0.0835879 1.78069
3448.0 0.108716 1.78069
3450.0 0.0452939 1.78069
3452.0 0.145668 1.78069
3454.0 0.127558 1.78069
3456.0 0.0676087 1.78069
3458.0 0.2266 1.78069
3460.0 0.162219 1.78069
3462.0 0.172145 1.78069
3464.0 0.194733 1.78069
3466.0 0.13623 1.78069
3468.0 0.223273 1.78069
3470.0 0.145396 1.78069
3472.0 0.147339 1.78069
3474.0 0.178511 1.78069
3476.0 0.178368 1.78069
3478.0 0.0153849 1.78069
3480.0 0.122501 1.78069
3482.0 0.168502 1.78069
3484.0 0.0756202 1.78069
3486.0 0.0845306 1.78069
3488.0 0.185599 1.78069
3490.0 0.15279 1.78069
3492.0 0.20701 1.78069
3494.0 0.239238 1.78069
3496.0 0.0888402 1.78069
3498.0 0.166225 1.78069
3500.0 0.181811 1.78069
3502.0 0.198021 1.78069
3504.0 0.162367 1.78069
3506.0 0.0472225 1.78069
3508.0 0.177322 1.78069
3510.0 0.247571 1.78069
3512.0 0.205497 1.78069
3514.0 0.170636 1.78069
3516.0 0.168701 1.78069
3518.0 0.191649 1.78069
3520.0 0.209554 1.78069
3522.0 0.183016 1.78069
3524.0 0.113115 1.78069
3526.0 0.0882633 1.78069
3528.0 0.190217 1.78069
3530.0 0.0986238 1.78069
3532.0 0.159292 1.78069
3534.0 0.0871674 1.78069
3536.0 0.0785357 1.78069
3538.0 0.214359 1.78069
3540.0 0.174997 1.78069
3542.0 0.185881 1.78069
3544.0 0.174828 1.78069
3546.0 0.229114 1.78069
3548.0 0.212666 1.78069
3550.0 0.13734 1.78069
3552.0 0.0726828 1.78069
3554.0 0.136532 1.78069
3556.0 0.129602 1.78069
3558.0 0.189202 1.78069
3560.0 0.167733 1.78069
3562.0 0.146567 1.78069
3564.0 0.0993445 1.78069
3566.0 0.170152 1.78069
3568.0 0.175678 1.78069
3570.0 0.144362 1.78069
3572.0 0.197251 1.78069
3574.0 0.125807 1.78069
3576.0 0.211378 1.78069
3578.0 0.107789 1.78069
3580.0 0.144144 1.78069
3582.0 0.129139 1.78069
3584.0 0.0890268 1.78069
3586.0 0.158061 1.78069
3588.0 0.146646 1.78069
3590.0 0.162831 1.78069
3592.0 0.204948 1.78069
3594.0 0.123182 1.78069
3596.0 0.165082 1.78069
3598.0 0.211673 1.78069
3600.0 0.198166 1.78069
3602.0 0.147776 1.78069
3604.0 0.217819 1.78069
3606.0 0.185563 1.78069
3608.0 0.200004 1.78069
3610.0 0.236939 1.78069
3612.0 0.142478 1.78069
3614.0 0.209262 1.78069
3616.0 0.132589 1.78069
3618.0 0.205345 1.78069
3620.0 0.206896 1.78069
3622.0 0.232845 1.78069
3624.0 0.160008 1.78069
3626.0 0.216607 1.78069
3628.0 0.257452 1.78069
3630.0 0.267821 1.78069
3632.0 0.173347 1.78069
3634.0 0.189136 1.78069
3636.0 0.237752 1.78069
3638.0 0.230429 1.78069
3640.0 0.233635 1.78069
3642.0 0.239318 1.78069
3644.0 0.239834 1.78069
3646.0 0.240718 1.78069
3648.0 0.241602 1.78069
3650.0 0.242486 1.78069
3652.0 0.243369 1.78069
3654.0 0.243369 1.78069
3656.0 0.228211 1.78069
3658.0 0.292144 1.78069
3660.0 0.216717 1.78069
3662.0 0.210624 1.78069
3664.0 0.246845 1.78069
3666.0 0.268511 1.78069
3668.0 0.27241 1.78069
3670.0 0.184733 1.78069
3672.0 0.241331 1.78069
3674.0 0.135451 1.78069
3676.0 0.223616 1.78069
3678.0 0.233692 1.78069
3680.0 0.275031 1.78069
3682.0 0.18689 1.78069
3684.0 0.232469 1.78069
3686.0 0.24458 1.78069
3688.0 0.21879 1.78069
3690.0 0.246628 1.78069
3692.0 0.175884 1.78069
3694.0 0.202191 1.78069
3696.0 0.290065 1.78069
3698.0 0.242126 1.78069
3700.0 0.254304 1.78069
3702.0 0.308851 1.78069
3704.0 0.267397 1.78069
3706.0 0.293203 1.78069
3708.0 0.25816 1.78069
3710.0 0.271438 1.78069
3712.0 0.257095 1.78069
3714.0 0.266507 1.78069
3716.0 0.243923 1.78069
3718.0 0.267983 1.78069
3720.0 0.265569 1.78069
3722.0 0.211954 1.78069
3724.0 0.181252 1.78069
3726.0 0.184423 1.78069
3728.0 0.250866 1.78069
3730.0 0.259205 1.78069
3732.0 0.257825 1.78069
3734.0 0.165939 1.78069
3736.0 0.217082 1.78069
3738.0 0.27611 1.78069
3740.0 0.234338 1.78069
3742.0 0.240084 1.78069
3744.0 0.218528 1.78069
3746.0 0.239361 1.78069
3748.0 0.222158 1.78069
3750.0 0.192747 1.78069
3752.0 0.236666 1.78069
3754.0 0.199756 1.78069
3756.0 0.237982 1.78069
3758.0 0.19916 1.78069
3760.0 0.293822 1.78069
3762.0 0.19965 1.78069
3764.0 0.180517 1.78069
3766.0 0.203129 1.78069
3768.0 0.236652 1.78069
3770.0 0.285852 1.78069
3772.0 0.225566 1.78069
3774.0 0.211454 1.78069
3776.0 0.232156 1.78069
3778.0 0.195518 1.78069
3780.0 0.23743 1.78069
3782.0 0.227509 1.78069
3784.0 0.220653 1.78069
3786.0 0.190377 1.78069
3788.0 0.256792 1.78069
3790.0 0.230774 1.78069
3792.0 0.193652 1.78069
3794.0 0.264183 1.78069
3796.0 0.167493 1.78069
3798.0 0.187212 1.78069
3800.0 0.19718 1.78069
3802.0 0.26274 1.78069
3804.0 0.236129 1.78069
3806.0 0.222633 1.78069
3808.0 0.204332 1.78069
3810.0 0.246219 1.78069
3812.0 0.25236 1.78069
3814.0 0.231245 1.78069
3816.0 0.225162 1.78069
3818.0 0.206384 1.78069
3820.0 0.213118 1.78069
3822.0 0.253616 1.78069
3824.0 0.24085 1.78069
3826.0 0.201766 1.78069
3828.0 0.213095 1.78069
3830.0 0.210259 1.78069
3832.0 0.165522 1.78069
3834.0 0.208832 1.78069
3836.0 0.14371 1.78069
3838.0 0.165133 1.78069
3840.0 0.127387 1.78069
3842.0 0.190906 1.78069
3844.0 0.196758 1.78069
3846.0 0.155526 1.78069
3848.0 0.176852 1.78069
3850.0 0.136895 1.78069
3852.0 0.122522 1.78069
3854.0 0.140917 1.78069
3856.0 0.166731 1.78069
3858.0 0.140776 1.78069
3860.0 0.172502 1.78069
3862.0 0.120627 1.78069
3864.0 0.11433 1.78069
3866.0 0.132875 1.78069
3868.0 0.0891141 1.78069
3870.0 0.116071 1.78069
3872.0 0.125066 1.78069
3874.0 0.131568 1.78069
3876.0 0.102167 1.78069
3878.0 0.0777745 1.78069
3880.0 0.120307 1.78069
3882.0 0.0938143 1.78069
3884.0 0.115009 1.78069
3886.0 0.11355 1.78069
3888.0 0.135611 1.78069
3890.0 0.115603 1.78069
3892.0 0.102885 1.78069
3894.0 0.128923 1.78069
3896.0 0.110324 1.78069
3898.0 0.121982 1.78069
3900.0 0.135045 1.78069
3902.0 0.14099 1.78069
3904.0 0.108488 1.78069
3906.0 0.134002 1.78069
3908.0 0.125621 1.78069
3910.0 0.192855 1.78069
3912.0 0.18256 1.78069
3914.0 0.127607 1.78069
3916.0 0.164297 1.78069
3918.0 0.0830442 1.78069
3920.0 0.101979 1.78069
3922.0 0.123215 1.78069
3924.0 0.128484 1.78069
3926.0 0.0940938 1.78069
3928.0 0.0796071 1.78069
3930.0 0.11018 1.78069
3932.0 0.102378 1.78069
3934.0 0.121527 1.78069
3936.0 0.126339 1.78069
3938.0 0.156449 1.78069
3940.0 0.100884 1.78069
3942.0 0.113515 1.78069
3944.0 0.100449 1.78069
3946.0 0.092205 1.78069
3948.0 0.128757 1.78069
3950.0 0.107549 1.78069
3952.0 0.147944 1.78069
3954.0 0.144386 1.78069
3956.0 0.0911551 1.78069
3958.0 0.122411 1.78069
3960.0 0.0979801 1.78069
3962.0 0.0928042 1.78069
3964.0 0.148701 1.78069
3966.0 0.110518 1.78069
3968.0 0.133334 1.78069
3970.0 0.0943331 1.78069
3972.0 0.125748 1.78069
3974.0 0.115706 1.78069
3976.0 0.134902 1.78069
3978.0 0.137654 1.78069
3980.0 0.125744 1.78069
3982.0 0.163571 1.78069
3984.0 0.138472 1.78069
3986.0 0.166262 1.78069
3988.0 0.147912 1.78069
3990.0 0.179396 1.78069
3992.0 0.13154 1.78069
3994.0 0.145415 1.78069
3996.0 0.182601 1.78069
3998.0 0.148788 1.78069
4000.0 0.161296 1.78069
4002.0 0.15753 1.78069
4004.0 0.175549 1.78069
4006.0 0.174506 1.78069
4008.0 0.157424 1.78069
4010.0 0.180137 1.78069
4012.0 0.210602 1.78069
4014.0 0.173909 1.78069
4016.0 0.175223 1.78069
4018.0 0.199885 1.78069
4020.0 0.198134 1.78069
4022.0 0.227479 1.78069
4024.0 0.219325 1.78069
4026.0 0.180314 1.78069
4028.0 0.172206 1.78069
4030.0 0.231251 1.78069
4032.0 0.215746 1.78069
4034.0 0.256608 1.78069
4036.0 0.23341 1.78069
4038.0 0.245992 1.78069
4040.0 0.231638 1.78069
4042.0 0.256733 1.78069
4044.0 0.314283 1.78069
4046.0 0.293271 1.78069
4048.0 0.268088 1.78069
4050.0 0.2719 1.78069
4052.0 0.268445 1.78069
4054.0 0.253023 1.78069
4056.0 0.281806 1.78069
4058.0 0.287925 1.78069
4060.0 0.285729 1.78069
4062.0 0.276803 1.78069
4064.0 0.26916 1.78069
4066.0 0.300252 1.78069
4068.0 0.282076 1.78069
4070.0 0.27477 1.78069
4072.0 0.269981 1.78069
4074.0 0.33953 1.78069
4076.0 0.333811 1.78069
4078.0 0.299365 1.78069
4080.0 0.252993 1.78069
4082.0 0.298633 1.78069
4084.0 0.341575 1.78069
4086.0 0.310099 1.78069
4088.0 0.28274 1.78069
4090.0 0.278503 1.78069
4092.0 0.299793 1.78069
4094.0 0.282533 1.78069
4096.0 0.324914 1.78069
4098.0 0.326443 1.78069
4100.0 0.316181 1.78069
4102.0 0.285176 1.78069
4104.0 0.284081 1.78069
4106.0 0.297527 1.78069
4108.0 0.251927 1.78069
4110.0 0.266172 1.78069
4112.0 0.299717 1.78069
4114.0 0.265342 1.78069
4116.0 0.276224 1.78069
4118.0 0.307157 1.78069
4120.0 0.273718 1.78069
4122.0 0.255617 1.78069
4124.0 0.226526 1.78069
4126.0 0.264425 1.78069
4128.0 0.232652 1.78069
4130.0 0.228919 1.78069
4132.0 0.226801 1.78069
4134.0 0.246248 1.78069
4136.0 0.247421 1.78069
4138.0 0.239329 1.78069
4140.0 0.267041 1.78069
4142.0 0.206763 1.78069
4144.0 0.232364 1.78069
4146.0 0.225333 1.78069
4148.0 0.269518 1.78069
4150.0 0.245226 1.78069
4152.0 0.229825 1.78069
4154.0 0.255321 1.78069
4156.0 0.239986 1.78069
4158.0 0.212744 1.78069
4160.0 0.2241 1.78069
4162.0 0.226829 1.78069
4164.0 0.195403 1.78069
4166.0 0.209833 1.78069
4168.0 0.225993 1.78069
4170.0 0.247005 1.78069
4172.0 0.241917 1.78069
4174.0 0.2388 1.78069
4176.0 0.214288 1.78069
4178.0 0.233408 1.78069
4180.0 0.242394 1.78069
4182.0 0.211883 1.78069
4184.0 0.235001 1.78069
4186.0 0.243597 1.78069
4188.0 0.219767 1.78069
4190.0 0.243615 1.78069
4192.0 0.23944 1.78069
4194.0 0.265574 1.78069
4196.0 0.234298 1.78069
4198.0 0.238721 1.78069
4200.0 0.238467 1.78069
4202.0 0.248415 1.78069
4204.0 0.255444 1.78069
4206.0 0.247846 1.78069
4208.0 0.253519 1.78069
4210.0 0.250882 1.78069
4212.0 0.253235 1.78069
4214.0 0.277396 1.78069
4216.0 0.294729 1.78069
4218.0 0.252805 1.78069
4220.0 0.270951 1.78069
4222.0 0.285491 1.78069
4224.0 0.293586 1.78069
4226.0 0.298952 1.78069
4228.0 0.2871 1.78069
4230.0 0.273792 1.78069
4232.0 0.312133 1.78069
4234.0 0.2879 1.78069
4236.0 0.271771 1.78069
4238.0 0.299375 1.78069
4240.0 0.291626 1.78069
4242.0 0.309639 1.78069
4244.0 0.285338 1.78069
4246.0 0.310511 1.78069
4248.0 0.322922 1.78069
4250.0 0.323867 1.78069
4252.0 0.277744 1.78069
4254.0 0.297397 1.78069
4256.0 0.26942 1.78069
4258.0 0.310902 1.78069
4260.0 0.313225 1.78069
4262.0 0.31719 1.78069
4264.0 0.303865 1.78069
4266.0 0.304385 1.78069
4268.0 0.303891 1.78069
4270.0 0.327446 1.78069
4272.0 0.317891 1.78069
4274.0 0.296923 1.78069
4276.0 0.311073 1.78069
4278.0 0.292238 1.78069
4280.0 0.316791 1.78069
4282.0 0.287838 1.78069
4284.0 0.285638 1.78069
4286.0 0.306612 1.78069
4288.0 0.300113 1.78069
4290.0 0.308454 1.78069
4292.0 0.32714 1.78069
4294.0 0.308711 1.78069
4296.0 0.330498 1.78069
4298.0 0.290151 1.78069
4300.0 0.295021 1.78069
4302.0 0.29243 1.78069
4304.0 0.290472 1.78069
4306.0 0.328924 1.78069
4308.0 0.286858 1.78069
4310.0 0.288322 1.78069
4312.0 0.30206 1.78069
4314.0 0.301574 1.78069
4316.0 0.295904 1.78069
4318.0 0.290437 1.78069
4320.0 0.304242 1.78069
4322.0 0.281941 1.78069
4324.0 0.310502 1.78069
4326.0 0.295645 1.78069
4328.0 0.260995 1.78069
4330.0 0.286028 1.78069
4332.0 0.28073 1.78069
4334.0 0.303724 1.78069
4336.0 0.276231 1.78069
4338.0 0.304519 1.78069
4340.0 0.306614 1.78069
4342.0 0.309371 1.78069
4344.0 0.296943 1.78069
4346.0 0.284663 1.78069
4348.0 0.298456 1.78069
4350.0 0.290621 1.78069
4352.0 0.313611 1.78069
4354.0 0.288846 1.78069
4356.0 0.288978 1.78069
4358.0 0.381769 1.78069
4360.0 0.331857 1.78069
4362.0 0.290742 1.78069
4364.0 0.307611 1.78069
4366.0 0.288414 1.78069
4368.0 0.252867 1.78069
4370.0 0.254893 1.78069
4372.0 0.29525 1.78069
4374.0 0.319519 1.78069
4376.0 0.282983 1.78069
4378.0 0.276266 1.78069
4380.0 0.266012 1.78069
4382.0 0.284091 1.78069
4384.0 0.296654 1.78069
4386.0 0.272665 1.78069
4388.0 0.24075 1.78069
4390.0 0.260239 1.78069
4392.0 0.248309 1.78069
4394.0 0.232243 1.78069
4396.0 0.229345 1.78069
4398.0 0.241759 1.78069
4400.0 0.244096 1.78069
4402.0 0.274391 1.78069
4404.0 0.24121 1.78069
4406.0 0.25919 1.78069
4408.0 0.212415 1.78069
4410.0 0.213796 1.78069
4412.0 0.222302 1.78069
4414.0 0.213711 1.78069
4416.0 0.219012 1.78069
4418.0 0.214516 1.78069
4420.0 0.179657 1.78069
4422.0 0.192642 1.78069
4424.0 0.210256 1.78069
4426.0 0.185548 1.78069
4428.0 0.219402 1.78069
4430.0 0.197135 1.78069
4432.0 0.180425 1.78069
4434.0 0.210484 1.78069
4436.0 0.186565 1.78069
4438.0 0.201736 1.78069
4440.0 0.212445 1.78069
4442.0 0.173917 1.78069
4444.0 0.198796 1.78069
4446.0 0.15614 1.78069
4448.0 0.168585 1.78069
4450.0 0.173025 1.78069
4452.0 0.154749 1.78069
4454.0 0.180129 1.78069
4456.0 0.159276 1.78069
4458.0 0.172607 1.78069
4460.0 0.153809 1.78069
4462.0 0.131714 1.78069
4464.0 0.141843 1.78069
4466.0 0.148577 1.78069
4468.0 0.146182 1.78069
4470.0 0.163153 1.78069
4472.0 0.143595 1.78069
4474.0 0.11565 1.78069
4476.0 0.151981 1.78069
4478.0 0.136531 1.78069
4480.0 0.139503 1.78069
4482.0 0.156947 1.78069
4484.0 0.157861 1.78069
4486.0 0.120981 1.78069
4488.0 0.128832 1.78069
4490.0 0.143894 1.78069
4492.0 0.128237 1.78069
4494.0 0.147165 1.78069
4496.0 0.146687 1.78069
4498.0 0.133862 1.78069
4500.0 0.127872 1.78069
4502.0 0.161233 1.78069
4504.0 0.14506 1.78069
4506.0 0.147729 1.78069
4508.0 0.147322 1.78069
4510.0 0.159319 1.78069
4512.0 0.17111 1.78069
4514.0 0.163133 1.78069
4516.0 0.163533 1.78069
4518.0 0.147359 1.78069
4520.0 0.164261 1.78069
4522.0 0.155042 1.78069
4524.0 0.155147 1.78069
4526.0 0.145639 1.78069
4528.0 0.149546 1.78069
4530.0 0.179109 1.78069
4532.0 0.169502 1.78069
4534.0 0.165504 1.78069
4536.0 0.150264 1.78069
4538.0 0.178383 1.78069
4540.0 0.159526 1.78069
4542.0 0.163555 1.78069
4544.0 0.138725 1.78069
4546.0 0.156321 1.78069
4548.0 0.171647 1.78069
4550.0 0.154871 1.78069
4552.0 0.167227 1.78069
4554.0 0.184229 1.78069
4556.0 0.160717 1.78069
4558.0 0.145737 1.78069
4560.0 0.171617 1.78069
4562.0 0.182831 1.78069
4564.0 0.1626 1.78069
4566.0 0.151875 1.78069
4568.0 0.191894 1.78069
4570.0 0.200479 1.78069
4572.0 0.188546 1.78069
4574.0 0.18627 1.78069
4576.0 0.16204 1.78069
4578.0 0.165092 1.78069
4580.0 0.190305 1.78069
4582.0 0.170409 1.78069
4584.0 0.188029 1.78069
4586.0 0.179774 1.78069
4588.0 0.173855 1.78069
4590.0 0.165018 1.78069
4592.0 0.164631 1.78069
4594.0 0.180891 1.78069
4596.0 0.17165 1.78069
4598.0 0.165318 1.78069
4600.0 0.169928 1.78069
4602.0 0.183299 1.78069
4604.0 0.176191 1.78069
4606.0 0.180533 1.78069
4608.0 0.17606 1.78069
4610.0 0.165267 1.78069
4612.0 0.158566 1.78069
4614.0 0.178209 1.78069
4616.0 0.206049 1.78069
4618.0 0.187614 1.78069
4620.0 0.183347 1.78069
4622.0 0.189026 1.78069
4624.0 0.18386 1.78069
4626.0 0.181188 1.78069
4628.0 0.173271 1.78069
4630.0 0.169277 1.78069
4632.0 0.1856 1.78069
4634.0 0.183766 1.78069
4636.0 0.176641 1.78069
4638.0 0.177414 1.78069
4640.0 0.174924 1.78069
4642.0 0.180252 1.78069
4644.0 0.186824 1.78069
4646.0 0.175175 1.78069
4648.0 0.189337 1.78069
4650.0 0.206737 1.78069
4652.0 0.201021 1.78069
4654.0 0.172634 1.78069
4656.0 0.20011 1.78069
4658.0 0.20232 1.78069
4660.0 0.199375 1.78069
4662.0 0.203875 1.78069
4664.0 0.216952 1.78069
4666.0 0.217131 1.78069
4668.0 0.201738 1.78069
4670.0 0.208448 1.78069
4672.0 0.226804 1.78069
4674.0 0.220767 1.78069
4676.0 0.217868 1.78069
4678.0 0.230954 1.78069
4680.0 0.196962 1.78069
4682.0 0.213142 1.78069
4684.0 0.196277 1.78069
4686.0 0.213632 1.78069
4688.0 0.221917 1.78069
4690.0 0.207245 1.78069
4692.0 0.243499 1.78069
4694.0 0.23569 1.78069
4696.0 0.221745 1.78069
4698.0 0.233615 1.78069
4700.0 0.227636 1.78069
4702.0 0.222393 1.78069
4704.0 0.222858 1.78069
4706.0 0.244269 1.78069
4708.0 0.222892 1.78069
4710.0 0.228164 1.78069
4712.0 0.25235 1.78069
4714.0 0.241678 1.78069
4716.0 0.250352 1.78069
4718.0 0.234381 1.78069
4720.0 0.234951 1.78069
4722.0 0.235668 1.78069
4724.0 0.240971 1.78069
4726.0 0.248322 1.78069
4728.0 0.240997 1.78069
4730.0 0.24853 1.78069
4732.0 0.261163 1.78069
4734.0 0.239578 1.78069
4736.0 0.234828 1.78069
4738.0 0.235586 1.78069
4740.0 0.21036 1.78069
4742.0 0.248948 1.78069
4744.0 0.215822 1.78069
4746.0 0.249842 1.78069
4748.0 0.217477 1.78069
4750.0 0.221033 1.78069
4752.0 0.214042 1.78069
4754.0 0.235367 1.78069
4756.0 0.219477 1.78069
4758.0 0.225245 1.78069
4760.0 0.221406 1.78069
4762.0 0.242963 1.78069
4764.0 0.229537 1.78069
4766.0 0.237219 1.78069
4768.0 0.243726 1.78069
4770.0 0.242487 1.78069
4772.0 0.229616 1.78069
4774.0 0.22328 1.78069
4776.0 0.234981 1.78069
4778.0 0.223963 1.78069
4780.0 0.214377 1.78069
4782.0 0.210288 1.78069
4784.0 0.222019 1.78069
4786.0 0.203647 1.78069
4788.0 0.228798 1.78069
4790.0 0.222069 1.78069
4792.0 0.230278 1.78069
4794.0 0.211825 1.78069
4796.0 0.209748 1.78069
4798.0 0.228685 1.78069
4800.0 0.207 1.78069
4802.0 0.215245 1.78069
4804.0 0.21697 1.78069
4806.0 0.213728 1.78069
4808.0 0.212331 1.78069
4810.0 0.205133 1.78069
4812.0 0.232058 1.78069
4814.0 0.231079 1.78069
4816.0 0.214446 1.78069
4818.0 0.200694 1.78069
4820.0 0.192493 1.78069
4822.0 0.216521 1.78069
4824.0 0.204592 1.78069
4826.0 0.189046 1.78069
4828.0 0.219455 1.78069
4830.0 0.201201 1.78069
4832.0 0.201837 1.78069
4834.0 0.19713 1.78069
4836.0 0.175515 1.78069
4838.0 0.176931 1.78069
4840.0 0.188036 1.78069
4842.0 0.190351 1.78069
4844.0 0.200611 1.78069
4846.0 0.172694 1.78069
4848.0 0.187508 1.78069
4850.0 0.17761 1.78069
4852.0 0.16968 1.78069
4854.0 0.169497 1.78069
4856.0 0.174326 1.78069
4858.0 0.195108 1.78069
4860.0 0.189761 1.78069
4862.0 0.18125 1.78069
4864.0 0.146941 1.78069
4866.0 0.163207 1.78069
4868.0 0.1766 1.78069
4870.0 0.178653 1.78069
4872.0 0.206472 1.78069
4874.0 0.164759 1.78069
4876.0 0.177211 1.78069
4878.0 0.16476 1.78069
4880.0 0.151639 1.78069
4882.0 0.163069 1.78069
4884.0 0.162463 1.78069
4886.0 0.179339 1.78069
4888.0 0.164507 1.78069
4890.0 0.146314 1.78069
4892.0 0.154281 1.78069
4894.0 0.175367 1.78069
4896.0 0.179351 1.78069
4898.0 0.168613 1.78069
4900.0 0.188735 1.78069
4902.0 0.178633 1.78069
4904.0 0.171949 1.78069
4906.0 0.145457 1.78069
4908.0 0.169561 1.78069
4910.0 0.165128 1.78069
4912.0 0.172567 1.78069
4914.0 0.170601 1.78069
4916.0 0.188138 1.78069
4918.0 0.169855 1.78069
4920.0 0.170432 1.78069
4922.0 0.161005 1.78069
4924.0 0.163835 1.78069
4926.0 0.179809 1.78069
4928.0 0.170751 1.78069
4930.0 0.169532 1.78069
4932.0 0.161921 1.78069
4934.0 0.165224 1.78069
4936.0 0.162937 1.78069
4938.0 0.168212 1.78069
4940.0 0.184691 1.78069
4942.0 0.163452 1.78069
4944.0 0.151736 1.78069
4946.0 0.177535 1.78069
4948.0 0.179216 1.78069
4950.0 0.181342 1.78069
4952.0 0.162009 1.78069
4954.0 0.170505 1.78069
4956.0 0.139069 1.78069
4958.0 0.152602 1.78069
4960.0 0.157013 1.78069
4962.0 0.161161 1.78069
4964.0 0.116482 1.78069
4966.0 0.149625 1.78069
4968.0 0.162022 1.78069
4970.0 0.147629 1.78069
4972.0 0.130794 1.78069
4974.0 0.16142 1.78069
4976.0 0.150593 1.78069
4978.0 0.169991 1.78069
4980.0 0.194652 1.78069
4982.0 0.198872 1.78069
4984.0 0.158561 1.78069
4986.0 0.130463 1.78069
4988.0 0.162486 1.78069
4990.0 0.175397 1.78069
4992.0 0.147021 1.78069
4994.0 0.12662 1.78069
4996.0 0.173867 1.78069
4998.0 0.148441 1.78069
5000.0 0.148249 1.78069
5002.0 0.156458 1.78069
5004.0 0.13837 1.78069
5006.0 0.119391 1.78069
5008.0 0.151239 1.78069
5010.0 0.146491 1.78069
5012.0 0.132137 1.78069
5014.0 0.139585 1.78069
5016.0 0.137506 1.78069
5018.0 0.146455 1.78069
5020.0 0.145595 1.78069
5022.0 0.148716 1.78069
5024.0 0.151562 1.78069
5026.0 0.156542 1.78069
5028.0 0.117551 1.78069
5030.0 0.132617 1.78069
5032.0 0.133752 1.78069
5034.0 0.126457 1.78069
5036.0 0.118297 1.78069
5038.0 0.113239 1.78069
5040.0 0.133232 1.78069
5042.0 0.112241 1.78069
5044.0 0.104858 1.78069
5046.0 0.126443 1.78069
5048.0 0.120613 1.78069
5050.0 0.107007 1.78069
5052.0 0.0923588 1.78069
5054.0 0.118948 1.78069
5056.0 0.114111 1.78069
5058.0 0.0960404 1.78069
5060.0 0.108313 1.78069
5062.0 0.0977094 1.78069
5064.0 0.104105 1.78069
5066.0 0.111552 1.78069
5068.0 0.110285 1.78069
5070.0 0.112581 1.78069
5072.0 0.0939364 1.78069
5074.0 0.105599 1.78069
5076.0 0.102171 1.78069
5078.0 0.113183 1.78069
5080.0 0.11408 1.78069
5082.0 0.109661 1.78069
5084.0 0.123138 1.78069
5086.0 0.133023 1.78069
5088.0 0.0951935 1.78069
5090.0 0.121976 1.78069
5092.0 0.123066 1.78069
5094.0 0.106061 1.78069
5096.0 0.10323 1.78069
5098.0 0.0863902 1.78069
5100.0 0.135661 1.78069
5102.0 0.110672 1.78069
5104.0 0.12313 1.78069
5106.0 0.107793 1.78069
5108.0 0.103086 1.78069
5110.0 0.109493 1.78069
5112.0 0.128103 1.78069
5114.0 0.111255 1.78069
5116.0 0.0991159 1.78069
5118.0 0.109557 1.78069
5120.0 0.104806 1.78069
5122.0 0.118046 1.78069
5124.0 0.11245 1.78069
5126.0 0.120609 1.78069
5128.0 0.12493 1.78069
5130.0 0.0982897 1.78069
5132.0 0.101618 1.78069
5134.0 0.12253 1.78069
5136.0 0.0876545 1.78069
5138.0 0.106007 1.78069
5140.0 0.14253 1.78069
5142.0 0.122147 1.78069
5144.0 0.114862 1.78069
5146.0 0.125115 1.78069
5148.0 0.137129 1.78069
5150.0 0.134566 1.78069
5152.0 0.118152 1.78069
5154.0 0.110451 1.78069
5156.0 0.139964 1.78069
5158.0 0.126052 1.78069
5160.0 0.120109 1.78069
5162.0 0.114239 1.78069
5164.0 0.136388 1.78069
5166.0 0.112406 1.78069
5168.0 0.132561 1.78069
5170.0 0.141158 1.78069
5172.0 0.15019 1.78069
5174.0 0.137056 1.78069
5176.0 0.129699 1.78069
5178.0 0.136673 1.78069
5180.0 0.121708 1.78069
5182.0 0.138207 1.78069
5184.0 0.11996 1.78069
5186.0 0.114174 1.78069
5188.0 0.138 1.78069
5190.0 0.110252 1.78069
5192.0 0.085517 1.78069
5194.0 0.121094 1.78069
5196.0 0.122234 1.78069
5198.0 0.129043 1.78069
5200.0 0.121892 1.78069
5202.0 0.135651 1.78069
5204.0 0.120869 1.78069
5206.0 0.119441 1.78069
5208.0 0.136221 1.78069
5210.0 0.151389 1.78069
5212.0 0.104219 1.78069
5214.0 0.110134 1.78069
5216.0 0.120328 1.78069
5218.0 0.129588 1.78069
5220.0 0.151277 1.78069
5222.0 0.14475 1.78069
5224.0 0.128824 1.78069
5226.0 0.12691 1.78069
5228.0 0.128729 1.78069
5230.0 0.145538 1.78069
5232.0 0.142092 1.78069
5234.0 0.152492 1.78069
5236.0 0.140272 1.78069
5238.0 0.105751 1.78069
5240.0 0.138189 1.78069
5242.0 0.147989 1.78069
5244.0 0.150539 1.78069
5246.0 0.137278 1.78069
5248.0 0.133886 1.78069
5250.0 0.135652 1.78069
5252.0 0.126319 1.78069
5254.0 0.11784 1.78069
5256.0 0.14616 1.78069
5258.0 0.145145 1.78069
5260.0 0.133612 1.78069
5262.0 0.107713 1.78069
5264.0 0.132018 1.78069
5266.0 0.12879 1.78069
5268.0 0.150542 1.78069
5270.0 0.15088 1.78069
5272.0 0.130915 1.78069
5274.0 0.122462 1.78069
5276.0 0.138671 1.78069
5278.0 0.148967 1.78069
5280.0 0.150303 1.78069
5282.0 0.147385 1.78069
5284.0 0.15597 1.78069
5286.0 0.13018 1.78069
5288.0 0.144724 1.78069
5290.0 0.152736 1.78069
5292.0 0.148931 1.78069
5294.0 0.143903 1.78069
5296.0 0.135633 1.78069
5298.0 0.148763 1.78069
5300.0 0.166654 1.78069
5302.0 0.158211 1.78069
5304.0 0.163472 1.78069
5306.0 0.149366 1.78069
5308.0 0.16269 1.78069
5310.0 0.147609 1.78069
5312.0 0.147886 1.78069
5314.0 0.139539 1.78069
5316.0 0.167576 1.78069
5318.0 0.141396 1.78069
5320.0 0.164548 1.78069
5322.0 0.15329 1.78069
5324.0 0.144534 1.78069
5326.0 0.180769 1.78069
5328.0 0.155906 1.78069
5330.0 0.142923 1.78069
5332.0 0.138138 1.78069
5334.0 0.164886 1.78069
5336.0 0.158821 1.78069
5338.0 0.176708 1.78069
5340.0 0.127455 1.78069
5342.0 0.151349 1.78069
5344.0 0.139362 1.78069
5346.0 0.145986 1.78069
5348.0 0.172289 1.78069
5350.0 0.158124 1.02114
5352.0 0.158492 1.02114
5354.0 0.167154 1.02114
5356.0 0.177485 1.02114
5358.0 0.167348 1.02114
5360.0 0.169493 1.02114
5362.0 0.158376 1.02114
5364.0 0.142775 1.02114
5366.0 0.147569 1.02114
5368.0 0.15073 1.02114
5370.0 0.14465 1.02114
5372.0 0.152406 1.02114
5374.0 0.163276 1.02114
5376.0 0.173572 1.02114
5378.0 0.158105 1.02114
5380.0 0.151219 1.02114
5382.0 0.144246 1.02114
5384.0 0.147746 1.02114
5386.0 0.162723 1.02114
5388.0 0.162869 1.02114
5390.0 0.144549 1.02114
5392.0 0.14227 1.02114
5394.0 0.14899 1.02114
5396.0 0.128762 1.02114
5398.0 0.155944 1.02114
5400.0 0.152404 1.02114
5402.0 0.136733 1.02114
5404.0 0.156381 1.02114
5406.0 0.147351 1.02114
5408.0 0.140065 1.02114
5410.0 0.145068 1.02114
5412.0 0.140579 1.02114
5414.0 0.156097 1.0
5416.0 0.164369 1.0
5418.0 0.164363 1.0
5420.0 0.156758 1.0
5422.0 0.150529 1.0
5424.0 0.142112 1.0
5426.0 0.136843 1.0
5428.0 0.139148 1.0
5430.0 0.145526 1.0
5432.0 0.147409 1.0
5434.0 0.145467 1.0
5436.0 0.149444 1.0
5438.0 0.161941 1.0
5440.0 0.166538 1.0
5442.0 0.159335 1.0
5444.0 0.150161 1.0
5446.0 0.147639 1.0
5448.0 0.148079 1.0
5450.0 0.147332 1.0
5452.0 0.149463 1.0
5454.0 0.145538 1.0
5456.0 0.132662 1.0
5458.0 0.124783 1.0
5460.0 0.126865 1.0
5462.0 0.133407 1.0
5464.0 0.13884 1.0
5466.0 0.147171 1.0
5468.0 0.147621 1.0
5470.0 0.142596 1.0
5472.0 0.135132 1.0
5474.0 0.120543 1.0
5476.0 0.109387 1.0
5478.0 0.10987 1.0
5480.0 0.116705 1.0
5482.0 0.118263 1.0
5484.0 0.118199 1.0
5486.0 0.118275 1.0
5488.0 0.119687 1.0
5490.0 0.117406 1.0
5492.0 0.108645 1.0
5494.0 0.0993181 1.0
5496.0 0.0962331 1.0
5498.0 0.0968526 1.0
5500.0 0.09556 1.0
5502.0 0.0919802 1.0
5504.0 0.0934384 1.0
5506.0 0.101139 1.0
5508.0 0.107445 1.0
5510.0 0.110488 1.0
5512.0 0.111228 1.0
5514.0 0.107472 1.0
5516.0 0.0970794 1.0
5518.0 0.0954433 1.0
5520.0 0.100995 1.0
5522.0 0.103876 1.0
5524.0 0.104732 1.0
5526.0 0.104629 1.0
5528.0 0.10348 1.0
5530.0 0.101418 1.0
5532.0 0.100456 1.0
5534.0 0.0994028 1.0
5536.0 0.0999589 1.0
5538.0 0.102342 1.0
5540.0 0.104496 1.0
5542.0 0.107103 1.0
5544.0 0.10864 1.0
5546.0 0.105749 1.0
5548.0 0.098785 1.0
5550.0 0.0980778 1.0
5552.0 0.102387 1.0
5554.0 0.104852 1.0
5556.0 0.107685 1.0
5558.0 0.108678 1.0
5560.0 0.106836 1.0
5562.0 0.102858 1.0
5564.0 0.0965075 1.0
5566.0 0.0837411 1.0
5568.0 0.0836893 1.0
5570.0 0.0968044 1.0
5572.0 0.103912 1.0
5574.0 0.106355 1.0
5576.0 0.104671 1.0
5578.0 0.094646 1.0
5580.0 0.0785324 1.0
5582.0 0.0813285 1.0
5584.0 0.10491 1.0
5586.0 0.113742 1.0
5588.0 0.116316 1.0
5590.0 0.116263 1.0
5592.0 0.112223 1.0
5594.0 0.107276 1.0
5596.0 0.107787 1.0
5598.0 0.112035 1.0
5600.0 0.113271 1.0
5602.0 0.114033 1.0
5604.0 0.113102 1.0
5606.0 0.109166 1.0
5608.0 0.106159 1.0
5610.0 0.106128 1.0
5612.0 0.107643 1.0
5614.0 0.109166 1.0
5616.0 0.112172 1.0
5618.0 0.112818 1.0
5620.0 0.110661 1.0
5622.0 0.11051 1.0
5624.0 0.113883 1.0
5626.0 0.116793 1.0
5628.0 0.115432 1.0
5630.0 0.111433 1.0
5632.0 0.109518 1.0
5634.0 0.109023 1.0
5636.0 0.106833 1.0
5638.0 0.102883 1.0
5640.0 0.0995663 1.0
5642.0 0.0971584 1.0
5644.0 0.0956222 1.0
5646.0 0.0959573 1.0
5648.0 0.0984882 1.0
5650.0 0.0985707 1.0
5652.0 0.0974727 1.0
5654.0 0.095816 1.0
5656.0 0.0922969 1.0
5658.0 0.0899526 1.0
5660.0 0.0907253 1.0
5662.0 0.0933695 1.0
5664.0 0.0962888 1.0
5666.0 0.103076 1.0
5668.0 0.102019 1.0
5670.0 0.091336 1.0
5672.0 0.0865999 1.0
5674.0 0.0916558 1.0
5676.0 0.0974757 1.0
5678.0 0.0949753 1.0
5680.0 0.0874863 1.0
5682.0 0.087262 1.0
5684.0 0.0954368 1.0
5686.0 0.0947447 1.0
5688.0 0.0860318 1.0
5690.0 0.0780517 1.0
5692.0 0.0710462 1.0
5694.0 0.0667053 1.0
5696.0 0.0742407 1.0
5698.0 0.0960093 1.0
5700.0 0.0990707 1.0
5702.0 0.0868717 1.0
5704.0 0.0806482 1.0
5706.0 0.0781138 1.0
5708.0 0.0783024 1.0
5710.0 0.0831344 1.0
5712.0 0.0909495 1.0
5714.0 0.0915883 1.0
5716.0 0.0865375 1.0
5718.0 0.0833437 1.0
5720.0 0.0772269 1.0
5722.0 0.0756548 1.0
5724.0 0.0819771 1.0
5726.0 0.0894314 1.0
5728.0 0.0898642 1.0
5730.0 0.0859565 1.0
5732.0 0.0870883 1.0
5734.0 0.0911473 1.0
5736.0 0.0950029 1.0
5738.0 0.101068 1.0
5740.0 0.104684 1.0
5742.0 0.102979 1.0
5744.0 0.0990322 1.0
5746.0 0.0983822 1.0
5748.0 0.0986216 1.0
5750.0 0.101287 1.0
5752.0 0.108204 1.0
5754.0 0.112299 1.0
5756.0 0.113806 1.0
5758.0 0.113828 1.0
5760.0 0.112014 1.0
5762.0 0.108692 1.0
5764.0 0.109085 1.0
5766.0 0.114241 1.0
5768.0 0.114374 1.0
5770.0 0.110274 1.0
5772.0 0.107687 1.0
5774.0 0.107373 1.0
5776.0 0.108384 1.0
5778.0 0.110507 1.0
5780.0 0.113732 1.0
5782.0 0.118928 1.0
5784.0 0.132838 1.0
5786.0 0.132749 1.0
5788.0 0.115421 1.0
5790.0 0.100627 1.0
5792.0 0.0958322 1.0
5794.0 0.0965416 1.0
5796.0 0.103865 1.0
5798.0 0.122897 1.0
5800.0 0.129184 1.0
5802.0 0.128081 1.0
5804.0 0.125823 1.0
5806.0 0.120366 1.0
5808.0 0.115414 1.0
5810.0 0.11483 1.0
5812.0 0.116806 1.0
5814.0 0.119867 1.0
5816.0 0.128187 1.0
5818.0 0.129339 1.0
5820.0 0.123274 1.0
5822.0 0.119454 1.0
5824.0 0.119863 1.0
5826.0 0.122289 1.0
5828.0 0.126071 1.0
5830.0 0.13251 1.0
5832.0 0.134226 1.0
5834.0 0.131448 1.0
5836.0 0.13093 1.0
5838.0 0.132541 1.0
5840.0 0.133742 1.0
5842.0 0.133187 1.0
5844.0 0.131841 1.0
5846.0 0.131293 1.0
5848.0 0.131055 1.0
5850.0 0.130763 1.0
5852.0 0.131266 1.0
5854.0 0.13035 1.0
5856.0 0.125616 1.0
5858.0 0.122584 1.0
5860.0 0.128026 1.0
5862.0 0.139405 1.0
5864.0 0.142913 1.0
5866.0 0.142963 1.0
5868.0 0.140266 1.0
5870.0 0.131669 1.0
5872.0 0.125381 1.0
5874.0 0.122766 1.0
5876.0 0.123232 1.0
5878.0 0.129334 1.0
5880.0 0.141981 1.0
5882.0 0.149639 1.0
5884.0 0.152884 1.0
5886.0 0.161287 1.0
5888.0 0.179158 1.0
5890.0 0.192422 1.0
5892.0 0.192719 1.0
5894.0 0.184867 1.0
5896.0 0.172642 1.0
5898.0 0.146453 1.0
5900.0 0.137282 1.0
5902.0 0.142267 1.0
5904.0 0.142904 1.0
5906.0 0.134786 1.0
5908.0 0.127567 1.0
5910.0 0.13105 1.0
5912.0 0.141859 1.0
5914.0 0.146949 1.0
5916.0 0.15289 1.0
5918.0 0.1522 1.0
5920.0 0.143238 1.0
5922.0 0.135008 1.0
5924.0 0.129655 1.0
5926.0 0.126044 1.0
5928.0 0.126099 1.0
5930.0 0.130027 1.0
5932.0 0.132842 1.0
5934.0 0.139108 1.0
5936.0 0.139447 1.0
5938.0 0.130916 1.0
5940.0 0.123234 1.0
5942.0 0.123078 1.0
5944.0 0.12686 1.0
5946.0 0.130337 1.0
5948.0 0.138812 1.0
5950.0 0.138893 1.0
5952.0 0.131455 1.0
5954.0 0.125273 1.0
5956.0 0.120765 1.0
5958.0 0.117584 1.0
5960.0 0.117572 1.0
5962.0 0.120734 1.0
5964.0 0.119074 1.0
5966.0 0.110329 1.0
5968.0 0.110342 1.0
5970.0 0.121851 1.0
5972.0 0.129058 1.0
5974.0 0.124382 1.0
5976.0 0.114508 1.0
5978.0 0.108702 1.0
5980.0 0.101941 1.0
5982.0 0.101515 1.0
5984.0 0.108396 1.0
5986.0 0.1128 1.0
5988.0 0.114865 1.0
5990.0 0.116255 1.0
5992.0 0.117584 1.0
5994.0 0.118558 1.0
5996.0 0.119349 1.0
5998.0 0.119461 1.0
6000.0 0.120389 1.0
6002.0 0.123933 1.0
6004.0 0.123797 1.0
6006.0 0.116423 1.0
6008.0 0.107931 1.0
6010.0 0.107099 1.0
6012.0 0.111441 1.0
6014.0 0.11211 1.0
6016.0 0.110067 1.0
6018.0 0.111337 1.0
6020.0 0.116703 1.0
6022.0 0.121323 1.0
6024.0 0.123141 1.0
6026.0 0.12343 1.0
6028.0 0.122517 1.0
6030.0 0.119748 1.0
6032.0 0.117403 1.0
6034.0 0.112879 1.0
6036.0 0.111952 1.0
6038.0 0.11803 1.0
6040.0 0.122638 1.0
6042.0 0.116358 1.0
6044.0 0.103183 1.0
6046.0 0.101907 1.0
6048.0 0.111851 1.0
6050.0 0.113905 1.0
6052.0 0.111072 1.0
6054.0 0.108762 1.0
6056.0 0.107482 1.0
6058.0 0.107271 1.0
6060.0 0.110375 1.0
6062.0 0.117159 1.0
6064.0 0.119296 1.0
6066.0 0.119035 1.0
6068.0 0.117593 1.0
6070.0 0.112603 1.0
6072.0 0.109558 1.0
6074.0 0.112473 1.0
6076.0 0.118427 1.0
6078.0 0.121055 1.0
6080.0 0.12251 1.0
6082.0 0.123331 1.0
6084.0 0.122927 1.0
6086.0 0.122577 1.0
6088.0 0.122796 1.0
6090.0 0.122387 1.0
6092.0 0.119318 1.0
6094.0 0.114044 1.0
6096.0 0.115413 1.0
6098.0 0.125925 1.0
6100.0 0.127473 1.0
6102.0 0.119072 1.0
6104.0 0.115219 1.0
6106.0 0.122851 1.0
6108.0 0.13351 1.0
6110.0 0.133837 1.0
6112.0 0.126617 1.0
6114.0 0.125524 1.0
6116.0 0.127175 1.0
6118.0 0.128812 1.0
6120.0 0.132197 1.0
6122.0 0.133886 1.0
6124.0 0.13084 1.0
6126.0 0.125013 1.0
6128.0 0.121539 1.0
6130.0 0.118009 1.0
6132.0 0.116593 1.0
6134.0 0.116918 1.0
6136.0 0.118208 1.0
6138.0 0.120939 1.0
6140.0 0.124099 1.0
6142.0 0.126523 1.0
6144.0 0.128902 1.0
6146.0 0.128869 1.0
6148.0 0.126626 1.0
6150.0 0.124061 1.0
6152.0 0.119039 1.0
6154.0 0.116183 1.0
6156.0 0.117249 1.0
6158.0 0.120809 1.0
6160.0 0.126183 1.0
6162.0 0.135783 1.0
6164.0 0.138808 1.0
6166.0 0.137896 1.0
6168.0 0.135163 1.0
6170.0 0.128359 1.0
6172.0 0.122334 1.0
6174.0 0.121241 1.0
6176.0 0.122887 1.0
6178.0 0.123336 1.0
6180.0 0.124613 1.0
6182.0 0.124457 1.0
6184.0 0.122395 1.0
6186.0 0.121659 1.0
6188.0 0.1231 1.0
6190.0 0.125296 1.0
6192.0 0.127134 1.0
6194.0 0.129442 1.0
6196.0 0.128891 1.0
6198.0 0.126073 1.0
6200.0 0.122553 1.0
6202.0 0.117714 1.0
6204.0 0.112373 1.0
6206.0 0.105319 1.0
6208.0 0.0985723 1.0
6210.0 0.0999745 1.0
6212.0 0.110587 1.0
6214.0 0.112479 1.0
6216.0 0.111269 1.0
6218.0 0.106432 1.0
6220.0 0.0919309 1.0
6222.0 0.0818194 1.0
6224.0 0.0909393 1.0
6226.0 0.112262 1.0
6228.0 0.120929 1.0
6230.0 0.122653 1.0
6232.0 0.126836 1.0
6234.0 0.132651 1.0
6236.0 0.135272 1.0
6238.0 0.132205 1.0
6240.0 0.127463 1.0
6242.0 0.126722 1.0
6244.0 0.128053 1.0
6246.0 0.128754 1.0
6248.0 0.130652 1.0
6250.0 0.130656 1.0
6252.0 0.129286 1.0
6254.0 0.126559 1.0
6256.0 0.121462 1.0
6258.0 0.115239 1.0
6260.0 0.112904 1.0
6262.0 0.113187 1.0
6264.0 0.113799 1.0
6266.0 0.115757 1.0
6268.0 0.118072 1.0
6270.0 0.12094 1.0
6272.0 0.124021 1.0
6274.0 0.127566 1.0
6276.0 0.131658 1.0
6278.0 0.130197 1.0
6280.0 0.122278 1.0
6282.0 0.117795 1.0
6284.0 0.115302 1.0
6286.0 0.111947 1.0
6288.0 0.10594 1.0
6290.0 0.0999052 1.0
6292.0 0.0986286 1.0
6294.0 0.101702 1.0
6296.0 0.0999883 1.0
6298.0 0.0946137 1.0
6300.0 0.0910846 1.0
6302.0 0.0882749 1.0
6304.0 0.086993 1.0
6306.0 0.0892833 1.0
6308.0 0.0932696 1.0
6310.0 0.0905383 1.0
6312.0 0.0800888 1.0
6314.0 0.0771516 1.0
6316.0 0.0799467 1.0
6318.0 0.0804251 1.0
6320.0 0.077897 1.0
6322.0 0.0740435 1.0
6324.0 0.0693019 1.0
6326.0 0.0632451 1.0
6328.0 0.0595857 1.0
6330.0 0.0570273 1.0
6332.0 0.0557973 1.0
6334.0 0.0575273 1.0
6336.0 0.057651 1.0
6338.0 0.053239 1.0
6340.0 0.047953 1.0
6342.0 0.0489027 1.0
6344.0 0.0556985 1.0
6346.0 0.0557252 1.0
6348.0 0.0504035 1.0
6350.0 0.047481 1.0
6352.0 0.045938 1.0
6354.0 0.0460067 1.0
6356.0 0.04931 1.0
6358.0 0.0546142 1.0
6360.0 0.0546899 1.0
6362.0 0.0506309 1.0
6364.0 0.0475453 1.0
6366.0 0.0425209 1.0
6368.0 0.039667 1.0
6370.0 0.0402977 1.0
6372.0 0.0419004 1.0
6374.0 0.0417674 1.0
6376.0 0.0409032 1.0
6378.0 0.0408431 1.0
6380.0 0.041099 1.0
6382.0 0.0416314 1.0
6384.0 0.0433209 1.0
6386.0 0.043851 1.0
6388.0 0.041848 1.0
6390.0 0.0387023 1.0
6392.0 0.0368706 1.0
6394.0 0.0351128 1.0
6396.0 0.0349408 1.0
6398.0 0.0370147 1.0
6400.0 0.0378914 1.0
6402.0 0.0369174 1.0
6404.0 0.0363732 1.0
6406.0 0.0383785 1.0
6408.0 0.0418142 1.0
6410.0 0.0422349 1.0
6412.0 0.0394795 1.0
6414.0 0.0393313 1.0
6416.0 0.0402407 1.0
6418.0 0.0419908 1.0
6420.0 0.045641 1.0
6422.0 0.0490939 1.0
6424.0 0.0488298 1.0
6426.0 0.0459119 1.0
6428.0 0.04352 1.0
6430.0 0.0384022 1.0
6432.0 0.0377489 1.0
6434.0 0.0422858 1.0
6436.0 0.0466837 1.0
6438.0 0.0486892 1.0
6440.0 0.0497642 1.0
6442.0 0.0505908 1.0
6444.0 0.0506588 1.0
6446.0 0.0510907 1.0
6448.0 0.0512275 1.0
6450.0 0.0520355 1.0
6452.0 0.0535259 1.0
6454.0 0.0555372 1.0
6456.0 0.0584796 1.0
6458.0 0.0622148 1.0
6460.0 0.0628429 1.0
6462.0 0.0598655 1.0
6464.0 0.0594241 1.0
6466.0 0.0597194 1.0
6468.0 0.0612863 1.0
6470.0 0.0654338 1.0
6472.0 0.0698472 1.0
6474.0 0.0701131 1.0
6476.0 0.0670566 1.0
6478.0 0.0670711 1.0
6480.0 0.0684343 1.0
6482.0 0.0701844 1.0
6484.0 0.0726589 1.0
6486.0 0.0753939 1.0
6488.0 0.0786652 1.0
6490.0 0.081975 1.0
6492.0 0.0822588 1.0
6494.0 0.078808 1.0
6496.0 0.0788416 1.0
6498.0 0.0803598 1.0
6500.0 0.0829047 1.0
6502.0 0.0878121 1.0
6504.0 0.0921761 1.0
6506.0 0.09273 1.0
6508.0 0.0908471 1.0
6510.0 0.0884199 1.0
6512.0 0.0821747 1.0
6514.0 0.0809158 1.0
6516.0 0.0848396 1.0
6518.0 0.0875696 1.0
6520.0 0.0863958 1.0
6522.0 0.0845608 1.0
6524.0 0.0868782 1.0
6526.0 0.0927461 1.0
6528.0 0.0947491 1.0
6530.0 0.0941597 1.0
6532.0 0.0942531 1.0
6534.0 0.0945301 1.0
6536.0 0.0951332 1.0
6538.0 0.0965338 1.0
6540.0 0.098361 1.0
6542.0 0.0990151 1.0
6544.0 0.0982996 1.0
6546.0 0.0990295 1.0
6548.0 0.101335 1.0
6550.0 0.102407 1.0
6552.0 0.100857 1.0
6554.0 0.0996014 1.0
6556.0 0.10254 1.0
6558.0 0.108655 1.0
6560.0 0.109185 1.0
6562.0 0.105313 1.0
6564.0 0.102615 1.0
6566.0 0.0985966 1.0
6568.0 0.0966575 1.0
6570.0 0.0985451 1.0
6572.0 0.102461 1.0
6574.0 0.105919 1.0
6576.0 0.110831 1.0
6578.0 0.112268 1.0
6580.0 0.110089 1.0
6582.0 0.109431 1.0
6584.0 0.110674 1.0
6586.0 0.111578 1.0
6588.0 0.11062 1.0
6590.0 0.108627 1.0
6592.0 0.107259 1.0
6594.0 0.104517 1.0
6596.0 0.105303 1.0
6598.0 0.110678 1.0
6600.0 0.113484 1.0
6602.0 0.111892 1.0
6604.0 0.109048 1.0
6606.0 0.108037 1.0
6608.0 0.107692 1.0
6610.0 0.106836 1.0
6612.0 0.104419 1.0
6614.0 0.105089 1.0
6616.0 0.109857 1.0
6618.0 0.113641 1.0
6620.0 0.114118 1.0
6622.0 0.113143 1.0
6624.0 0.112951 1.0
6626.0 0.113023 1.0
6628.0 0.111923 1.0
6630.0 0.109325 1.0
6632.0 0.107551 1.0
6634.0 0.106592 1.0
6636.0 0.106041 1.0
6638.0 0.105771 1.0
6640.0 0.105841 1.0
6642.0 0.105976 1.0
6644.0 0.106188 1.0
6646.0 0.106756 1.0
6648.0 0.108309 1.0
6650.0 0.108854 1.0
6652.0 0.107614 1.0
6654.0 0.105793 1.0
6656.0 0.104742 1.0
6658.0 0.103693 1.0
6660.0 0.104313 1.0
6662.0 0.107505 1.0
6664.0 0.108663 1.0
6666.0 0.108064 1.0
6668.0 0.107064 1.0
6670.0 0.106119 1.0
6672.0 0.105004 1.0
6674.0 0.103946 1.0
6676.0 0.102301 1.0
6678.0 0.102414 1.0
6680.0 0.104119 1.0
6682.0 0.105798 1.0
6684.0 0.108139 1.0
6686.0 0.109774 1.0
6688.0 0.108746 1.0
6690.0 0.105829 1.0
6692.0 0.105382 1.0
6694.0 0.107007 1.0
6696.0 0.107114 1.0
6698.0 0.10616 1.0
6700.0 0.105401 1.0
6702.0 0.105309 1.0
6704.0 0.105276 1.0
6706.0 0.104396 1.0
6708.0 0.102647 1.0
6710.0 0.10244 1.0
6712.0 0.103789 1.0
6714.0 0.10425 1.0
6716.0 0.104251 1.0
6718.0 0.103635 1.0
6720.0 0.101717 1.0
6722.0 0.0991711 1.0
6724.0 0.0990426 1.0
6726.0 0.100959 1.0
6728.0 0.102156 1.0
6730.0 0.104891 1.0
6732.0 0.104915 1.0
6734.0 0.100645 1.0
6736.0 0.0956578 1.0
6738.0 0.0932274 1.0
6740.0 0.091842 1.0
6742.0 0.0927085 1.0
6744.0 0.0973915 1.0
6746.0 0.0993787 1.0
6748.0 0.0996787 1.0
6750.0 0.0996735 1.0
6752.0 0.0995158 1.0
6754.0 0.0992624 1.0
6756.0 0.0997701 1.0
6758.0 0.101313 1.0
6760.0 0.100571 1.0
6762.0 0.0970933 1.0
6764.0 0.0955039 1.0
6766.0 0.0962208 1.0
6768.0 0.0968304 1.0
6770.0 0.0955389 1.0
6772.0 0.0934553 1.0
6774.0 0.0936121 1.0
6776.0 0.0958662 1.0
6778.0 0.0969106 1.0
6780.0 0.0981613 1.0
6782.0 0.0983201 1.0
6784.0 0.0970087 1.0
6786.0 0.0949655 1.0
6788.0 0.0927307 1.0
6790.0 0.089884 1.0
6792.0 0.0885808 1.0
6794.0 0.0883308 1.0
6796.0 0.0884348 1.0
6798.0 0.089235 1.0
6800.0 0.0902129 1.0
6802.0 0.0915233 1.0
6804.0 0.092765 1.0
6806.0 0.092464 1.0
6808.0 0.0911582 1.0
6810.0 0.088938 1.0
6812.0 0.083801 1.0
6814.0 0.0818173 1.0
6816.0 0.0839343 1.0
6818.0 0.0865302 1.0
6820.0 0.087485 1.0
6822.0 0.087796 1.0
6824.0 0.0860165 1.0
6826.0 0.0804327 1.0
6828.0 0.0786201 1.0
6830.0 0.0784889 1.0
6832.0 0.0798608 1.0
6834.0 0.0837756 1.0
6836.0 0.0881631 1.0
6838.0 0.0897808 1.0
6840.0 0.0898319 1.0
6842.0 0.0894861 1.0
6844.0 0.0877844 1.0
6846.0 0.0866085 1.0
6848.0 0.0860708 1.0
6850.0 0.0849551 1.0
6852.0 0.0821197 1.0
6854.0 0.0787926 1.0
6856.0 0.0782911 1.0
6858.0 0.0796929 1.0
6860.0 0.0816617 1.0
6862.0 0.0859767 1.0
6864.0 0.0884742 1.0
6866.0 0.0889347 1.0
6868.0 0.0884975 1.0
6870.0 0.0876843 1.0
6872.0 0.0862435 1.0
6874.0 0.0851477 1.0
6876.0 0.0842133 1.0
6878.0 0.0829436 1.0
6880.0 0.0810177 1.0
6882.0 0.079705 1.0
6884.0 0.0796906 1.0
6886.0 0.0799072 1.0
6888.0 0.0786926 1.0
6890.0 0.0763762 1.0
6892.0 0.0753242 1.0
6894.0 0.0748052 1.0
6896.0 0.0747568 1.0
6898.0 0.0757164 1.0
6900.0 0.0763435 1.0
6902.0 0.0756499 1.0
6904.0 0.0744126 1.0
6906.0 0.0744014 1.0
6908.0 0.0747973 1.0
6910.0 0.0763179 1.0
6912.0 0.079988 1.0
6914.0 0.0821114 1.0
6916.0 0.0825373 1.0
6918.0 0.0818904 1.0
6920.0 0.0799914 1.0
6922.0 0.0767708 1.0
6924.0 0.075925 1.0
6926.0 0.0776542 1.0
6928.0 0.0771618 1.0
6930.0 0.0748595 1.0
6932.0 0.072848 1.0
6934.0 0.0714573 1.0
6936.0 0.0705639 1.0
6938.0 0.0709093 1.0
6940.0 0.0728669 1.0
6942.0 0.0724896 1.0
6944.0 0.0692741 1.0
6946.0 0.0686882 1.0
6948.0 0.0708816 1.0
6950.0 0.0736004 1.0
6952.0 0.0764037 1.0
6954.0 0.0791904 1.0
6956.0 0.0778944 1.0
6958.0 0.0713372 1.0
6960.0 0.0693062 1.0
6962.0 0.0699551 1.0
6964.0 0.0702219 1.0
6966.0 0.0697658 1.0
6968.0 0.0693297 1.0
6970.0 0.0691935 1.0
6972.0 0.0691263 1.0
6974.0 0.070663 1.0
6976.0 0.0750353 1.0
6978.0 0.0765153 1.0
6980.0 0.0758206 1.0
6982.0 0.074475 1.0
6984.0 0.0728975 1.0
6986.0 0.0707814 1.0
6988.0 0.0677853 1.0
6990.0 0.0627246 1.0
6992.0 0.0624474 1.0
6994.0 0.0669635 1.0
6996.0 0.0696845 1.0
6998.0 0.0713967 1.0
7000.0 0.0719863 1.0
7002.0 0.0703951 1.0
7004.0 0.0673572 1.0
7006.0 0.0672011 1.0
7008.0 0.0715607 1.0
7010.0 0.0694788 1.0
7012.0 0.0649558 1.0
7014.0 0.0556698 1.0
7016.0 0.0348088 1.0
7018.0 0.0160694 1.0
7020.0 0.0200663 1.0
7022.0 0.040867 1.0
7024.0 0.0512492 1.0
7026.0 0.0614164 1.0
7028.0 0.0669157 1.0
7030.0 0.0666897 1.0
7032.0 0.0659014 1.0
7034.0 0.0664482 1.0
7036.0 0.0670639 1.0
7038.0 0.0675097 1.0
7040.0 0.0683168 1.0
7042.0 0.0674267 1.0
7044.0 0.0639478 1.0
7046.0 0.062522 1.0
7048.0 0.0638533 1.0
7050.0 0.0653878 1.0
7052.0 0.0652316 1.0
7054.0 0.0643091 1.0
7056.0 0.064078 1.0
7058.0 0.0644647 1.0
7060.0 0.0640168 1.0
7062.0 0.0632377 1.0
7064.0 0.0618375 1.0
7066.0 0.0588373 1.0
7068.0 0.0560887 1.0
7070.0 0.0568475 1.0
7072.0 0.0604218 1.0
7074.0 0.0618254 1.0
7076.0 0.0623034 1.0
7078.0 0.062981 1.0
7080.0 0.0634535 1.0
7082.0 0.0642469 1.0
7084.0 0.0660771 1.0
7086.0 0.0681826 1.0
7088.0 0.0681294 1.0
7090.0 0.0657459 1.0
7092.0 0.0655353 1.0
7094.0 0.0673663 1.0
7096.0 0.0675534 1.0
7098.0 0.0652326 1.0
7100.0 0.0628042 1.0
7102.0 0.0623667 1.0
7104.0 0.0629979 1.0
7106.0 0.0627812 1.0
7108.0 0.0615382 1.0
7110.0 0.0620449 1.0
7112.0 0.0654564 1.0
7114.0 0.0665738 1.0
7116.0 0.0629329 1.0
7118.0 0.0580232 1.0
7120.0 0.0568941 1.0
7122.0 0.057935 1.0
7124.0 0.0585698 1.0
7126.0 0.0600286 1.0
7128.0 0.060989 1.0
7130.0 0.0617975 1.0
7132.0 0.0620939 1.0
7134.0 0.0614263 1.0
7136.0 0.0601763 1.0
7138.0 0.0596206 1.0
7140.0 0.0597107 1.0
7142.0 0.0588483 1.0
7144.0 0.056428 1.0
7146.0 0.0556515 1.0
7148.0 0.0577624 1.0
7150.0 0.0599 1.0
7152.0 0.0590194 1.0
7154.0 0.056279 1.0
7156.0 0.0552062 1.0
7158.0 0.0544014 1.0
7160.0 0.0546199 1.0
7162.0 0.0568043 1.0
7164.0 0.0578947 1.0
7166.0 0.0563164 1.0
7168.0 0.0539932 1.0
7170.0 0.0540889 1.0
7172.0 0.0560058 1.0
7174.0 0.0562175 1.0
7176.0 0.0548921 1.0
7178.0 0.0549353 1.0
7180.0 0.0567461 1.0
7182.0 0.0584365 1.0
7184.0 0.0590073 1.0
7186.0 0.058956 1.0
7188.0 0.0579566 1.0
7190.0 0.0545208 1.0
7192.0 0.054455 1.0
7194.0 0.0577718 1.0
7196.0 0.059464 1.0
7198.0 0.0584742 1.0
7200.0 0.0568893 1.0
7202.0 0.0564979 1.0
7204.0 0.0565281 1.0
7206.0 0.0570581 1.0
7208.0 0.0592103 1.0
7210.0 0.0592205 1.0
7212.0 0.0568628 1.0
7214.0 0.0549024 1.0
7216.0 0.0543833 1.0
7218.0 0.0544397 1.0
7220.0 0.0543907 1.0
7222.0 0.0550149 1.0
7224.0 0.0537312 1.0
7226.0 0.0501768 1.0
7228.0 0.0479129 1.0
7230.0 0.0462853 1.0
7232.0 0.0459996 1.0
7234.0 0.0481861 1.0
7236.0 0.0521965 1.0
7238.0 0.0551455 1.0
7240.0 0.0594861 1.0
7242.0 0.060236 1.0
7244.0 0.0572259 1.0
7246.0 0.0550387 1.0
7248.0 0.0544793 1.0
7250.0 0.0543721 1.0
7252.0 0.0539191 1.0
7254.0 0.0533547 1.0
7256.0 0.0535411 1.0
7258.0 0.0544553 1.0
7260.0 0.0552715 1.0
7262.0 0.0562557 1.0
7264.0 0.0571271 1.0
7266.0 0.0574348 1.0
7268.0 0.0577188 1.0
7270.0 0.0597094 1.0
7272.0 0.0641814 1.0
7274.0 0.064807 1.0
7276.0 0.062243 1.0
7278.0 0.0603226 1.0
7280.0 0.0590458 1.0
7282.0 0.0577814 1.0
7284.0 0.0564452 1.0
7286.0 0.05508 1.0
7288.0 0.0525286 1.0
7290.0 0.0469923 1.0
7292.0 0.0458989 1.0
7294.0 0.0487323 1.0
7296.0 0.0513407 1.0
7298.0 0.0534717 1.0
7300.0 0.0549538 1.0
7302.0 0.0539994 1.0
7304.0 0.0506361 1.0
7306.0 0.0498589 1.0
7308.0 0.0513795 1.0
7310.0 0.0510437 1.0
7312.0 0.0478284 1.0
7314.0 0.0461308 1.0
7316.0 0.0491212 1.0
7318.0 0.0541806 1.0
7320.0 0.0549581 1.0
7322.0 0.0526664 1.0
7324.0 0.0517759 1.0
7326.0 0.0516956 1.0
7328.0 0.0501889 1.0
7330.0 0.0460034 1.0
7332.0 0.0421286 1.0
7334.0 0.0411663 1.0
7336.0 0.041904 1.0
7338.0 0.0453607 1.0
7340.0 0.053154 1.0
7342.0 0.0587291 1.0
7344.0 0.0650369 1.0
7346.0 0.0684226 1.0
7348.0 0.0672122 1.0
7350.0 0.0635513 1.0
7352.0 0.0602886 1.0
7354.0 0.0559832 1.0
7356.0 0.0525872 1.0
7358.0 0.048777 1.0
7360.0 0.0467935 1.0
7362.0 0.0469547 1.0
7364.0 0.047671 1.0
7366.0 0.0481257 1.0
7368.0 0.0487557 1.0
7370.0 0.0495603 1.0
7372.0 0.0504978 1.0
7374.0 0.0517263 1.0
7376.0 0.0541897 1.0
7378.0 0.0549729 1.0
7380.0 0.0531804 1.0
7382.0 0.0507797 1.0
7384.0 0.0496627 1.0
7386.0 0.0490314 1.0
7388.0 0.0484753 1.0
7390.0 0.0476037 1.0
7392.0 0.0481552 1.0
7394.0 0.05093 1.0
7396.0 0.0526928 1.0
7398.0 0.0520827 1.0
7400.0 0.0504861 1.0
7402.0 0.0496661 1.0
7404.0 0.0488815 1.0
7406.0 0.0484738 1.0
7408.0 0.0482242 1.0
7410.0 0.048484 1.0
7412.0 0.0496227 1.0
7414.0 0.0506467 1.0
7416.0 0.0509981 1.0
7418.0 0.0509301 1.0
7420.0 0.0498779 1.0
7422.0 0.0470499 1.0
7424.0 0.0459291 1.0
7426.0 0.0450916 1.0
7428.0 0.0457125 1.0
7430.0 0.048986 1.0
7432.0 0.0525291 1.0
7434.0 0.0532662 1.0
7436.0 0.0523853 1.0
7438.0 0.0510442 1.0
7440.0 0.0484986 1.0
7442.0 0.0459478 1.0
7444.0 0.0416118 1.0
7446.0 0.0395538 1.0
7448.0 0.0425191 1.0
7450.0 0.0476219 1.0
7452.0 0.0489726 1.0
7454.0 0.0479732 1.0
7456.0 0.0484547 1.0
7458.0 0.0502947 1.0
7460.0 0.0502828 1.0
7462.0 0.0477016 1.0
7464.0 0.0449027 1.0
7466.0 0.0435133 1.0
7468.0 0.0427456 1.0
7470.0 0.0424506 1.0
7472.0 0.0421737 1.0
7474.0 0.0436405 1.0
7476.0 0.0483389 1.0
7478.0 0.0506674 1.0
7480.0 0.0486349 1.0
7482.0 0.0454423 1.0
7484.0 0.0448233 1.0
7486.0 0.0453666 1.0
7488.0 0.0461029 1.0
7490.0 0.0481187 1.0
7492.0 0.0489169 1.0
7494.0 0.0487685 1.0
7496.0 0.0481501 1.0
7498.0 0.0470279 1.0
7500.0 0.0455655 1.0
7502.0 0.0447022 1.0
7504.0 0.0440874 1.0
7506.0 0.0437442 1.0
7508.0 0.043441 1.0
7510.0 0.0438557 1.0
7512.0 0.045153 1.0
7514.0 0.0468685 1.0
7516.0 0.049023 1.0
7518.0 0.0516601 1.0
7520.0 0.0515889 1.0
7522.0 0.0486077 1.0
7524.0 0.0470352 1.0
7526.0 0.045719 1.0
7528.0 0.0447429 1.0
7530.0 0.0442061 1.0
7532.0 0.0439518 1.0
7534.0 0.0437264 1.0
7536.0 0.0436094 1.0
7538.0 0.0437456 1.0
7540.0 0.0441346 1.0
7542.0 0.044632 1.0
7544.0 0.0454392 1.0
7546.0 0.0461048 1.0
7548.0 0.0464169 1.0
7550.0 0.0464783 1.0
7552.0 0.046101 1.0
7554.0 0.044413 1.0
7556.0 0.0451224 1.0
7558.0 0.0486899 1.0
7560.0 0.0504658 1.0
7562.0 0.0493657 1.0
7564.0 0.0480424 1.0
7566.0 0.0491808 1.0
7568.0 0.0517957 1.0
7570.0 0.0515742 1.0
7572.0 0.0497952 1.0
7574.0 0.0469839 1.0
7576.0 0.0411779 1.0
7578.0 0.0374067 1.0
7580.0 0.0376774 1.0
7582.0 0.0397463 1.0
7584.0 0.040855 1.0
7586.0 0.0421658 1.0
7588.0 0.0431704 1.0
7590.0 0.0446697 1.0
7592.0 0.0446513 1.0
7594.0 0.0423077 1.0
7596.0 0.0402807 1.0
7598.0 0.0403252 1.0
7600.0 0.0414133 1.0
7602.0 0.0420351 1.0
7604.0 0.0422122 1.0
7606.0 0.0438213 1.0
7608.0 0.048151 1.0
7610.0 0.0498216 1.0
7612.0 0.0475873 1.0
7614.0 0.0439997 1.0
7616.0 0.0408914 1.0
7618.0 0.0370866 1.0
7620.0 0.0374894 1.0
7622.0 0.0434344 1.0
7624.0 0.0452485 1.0
7626.0 0.0441272 1.0
7628.0 0.0425273 1.0
7630.0 0.0410516 1.0
7632.0 0.0393588 1.0
7634.0 0.0375814 1.0
7636.0 0.03468 1.0
7638.0 0.0356487 1.0
7640.0 0.0418525 1.0
7642.0 0.0443271 1.0
7644.0 0.042203 1.0
7646.0 0.0398086 1.0
7648.0 0.0401715 1.0
7650.0 0.0416681 1.0
7652.0 0.0410469 1.0
7654.0 0.0379808 1.0
7656.0 0.0374751 1.0
7658.0 0.0390087 1.0
7660.0 0.0399081 1.0
7662.0 0.0393659 1.0
7664.0 0.0387822 1.0
7666.0 0.0398636 1.0
7668.0 0.0422502 1.0
7670.0 0.0426739 1.0
7672.0 0.0418052 1.0
7674.0 0.0408974 1.0
7676.0 0.039209 1.0
7678.0 0.0380419 1.0
7680.0 0.0384225 1.0
7682.0 0.0392951 1.0
7684.0 0.0381219 1.0
7686.0 0.0345732 1.0
7688.0 0.0344293 1.0
7690.0 0.0368588 1.0
7692.0 0.0390452 1.0
7694.0 0.0422401 1.0
7696.0 0.0440403 1.0
7698.0 0.0412788 1.0
7700.0 0.0354763 1.0
7702.0 0.0341899 1.0
7704.0 0.03656 1.0
7706.0 0.0367409 1.0
7708.0 0.0349575 1.0
7710.0 0.0350494 1.0
7712.0 0.0385375 1.0
7714.0 0.043089 1.0
7716.0 0.0461468 1.0
7718.0 0.0494065 1.0
7720.0 0.0479721 1.0
7722.0 0.0406136 1.0
7724.0 0.0362651 1.0
7726.0 0.0341348 1.0
7728.0 0.032309 1.0
7730.0 0.0300353 1.0
7732.0 0.0278012 1.0
7734.0 0.0259413 1.0
7736.0 0.0236209 1.0
7738.0 0.0237898 1.0
7740.0 0.0266814 1.0
7742.0 0.0289425 1.0
7744.0 0.0305736 1.0
7746.0 0.0319169 1.0
7748.0 0.0331206 1.0
7750.0 0.0341605 1.0
7752.0 0.0336132 1.0
7754.0 0.030939 1.0
7756.0 0.0295509 1.0
7758.0 0.0281682 1.0
7760.0 0.0279609 1.0
7762.0 0.0302723 1.0
7764.0 0.0329518 1.0
7766.0 0.0318526 1.0
7768.0 0.0276968 1.0
7770.0 0.0261939 1.0
7772.0 0.0251803 1.0
7774.0 0.025819 1.0
7776.0 0.0293926 1.0
7778.0 0.0322672 1.0
7780.0 0.0320123 1.0
7782.0 0.0302069 1.0
7784.0 0.0295999 1.0
7786.0 0.0290065 1.0
7788.0 0.0291985 1.0
7790.0 0.0301754 1.0
7792.0 0.0312636 1.0
7794.0 0.0332476 1.0
7796.0 0.0344571 1.0
7798.0 0.03238 1.0
7800.0 0.0277768 1.0
7802.0 0.0261846 1.0
7804.0 0.0266826 1.0
7806.0 0.0262516 1.0
7808.0 0.0247357 1.0
7810.0 0.0244503 1.0
7812.0 0.0265479 1.0
7814.0 0.0296896 1.0
7816.0 0.0319871 1.0
7818.0 0.035024 1.0
7820.0 0.0341623 1.0
7822.0 0.0287822 1.0
7824.0 0.0252951 1.0
7826.0 0.0225964 1.0
7828.0 0.0214871 1.0
7830.0 0.0234794 1.0
7832.0 0.0275359 1.0
7834.0 0.0291323 1.0
7836.0 0.0289216 1.0
7838.0 0.0302315 1.0
7840.0 0.0330005 1.0
7842.0 0.0345795 1.0
7844.0 0.0334802 1.0
7846.0 0.0326615 1.0
7848.0 0.036086 1.0
7850.0 0.0426689 1.0
7852.0 0.0458629 1.0
7854.0 0.0496002 1.0
7856.0 0.0480068 1.0
7858.0 0.0393628 1.0
7860.0 0.0315043 1.0
7862.0 0.0264736 1.0
7864.0 0.0234407 1.0
7866.0 0.0253982 1.0
7868.0 0.0337329 1.0
7870.0 0.0363322 1.0
7872.0 0.035192 1.0
7874.0 0.0355712 1.0
7876.0 0.0384913 1.0
7878.0 0.0403856 1.0
7880.0 0.0382361 1.0
7882.0 0.0336192 1.0
7884.0 0.0313416 1.0
7886.0 0.0286717 1.0
7888.0 0.0292785 1.0
7890.0 0.0351069 1.0
7892.0 0.0376569 1.0
7894.0 0.0341004 1.0
7896.0 0.0290547 1.0
7898.0 0.0276565 1.0
7900.0 0.0278675 1.0
7902.0 0.0290363 1.0
7904.0 0.0324441 1.0
7906.0 0.0346333 1.0
7908.0 0.0373687 1.0
7910.0 0.0377356 1.0
7912.0 0.0329631 1.0
7914.0 0.025882 1.0
7916.0 0.0237691 1.0
7918.0 0.0237003 1.0
7920.0 0.026724 1.0
7922.0 0.0364597 1.0
7924.0 0.0410035 1.0
7926.0 0.0383018 1.0
7928.0 0.0347767 1.0
7930.0 0.0355846 1.0
7932.0 0.0383741 1.0
7934.0 0.0388767 1.0
7936.0 0.038119 1.0
7938.0 0.0375249 1.0
7940.0 0.036046 1.0
7942.0 0.0355695 1.0
7944.0 0.037124 1.0
7946.0 0.0391308 1.0
7948.0 0.0392514 1.0
7950.0 0.0382336 1.0
7952.0 0.0373769 1.0
7954.0 0.0361309 1.0
7956.0 0.0349364 1.0
7958.0 0.0328367 1.0
7960.0 0.0320777 1.0
7962.0 0.03457 1.0
7964.0 0.0387355 1.0
7966.0 0.040335 1.0
7968.0 0.0411776 1.0
7970.0 0.0401576 1.0
7972.0 0.0356378 1.0
7974.0 0.0334762 1.0
7976.0 0.0346588 1.0
7978.0 0.036594 1.0
7980.0 0.0374624 1.0
7982.0 0.0381489 1.0
7984.0 0.0370477 1.0
7986.0 0.0330561 1.0
7988.0 0.0316394 1.0
7990.0 0.0328537 1.0
7992.0 0.0328975 1.0
7994.0 0.0298626 1.0
7996.0 0.026216 1.0
7998.0 0.0258116 1.0
8000.0 0.0274254 1.0
8002.0 0.0294067 1.0
8004.0 0.0334422 1.0
8006.0 0.0358567 1.0
8008.0 0.0367819 1.0
8010.0 0.0371307 1.0
8012.0 0.0372303 1.0
8014.0 0.0369413 1.0
8016.0 0.0366515 1.0
8018.0 0.0355117 1.0
8020.0 0.0361575 1.0
8022.0 0.0397297 1.0
8024.0 0.0406091 1.0
8026.0 0.0371218 1.0
8028.0 0.0328045 1.0
8030.0 0.0310783 1.0
8032.0 0.0304951 1.0
8034.0 0.0306293 1.0
8036.0 0.032135 1.0
8038.0 0.0333192 1.0
8040.0 0.0346815 1.0
8042.0 0.0358877 1.0
8044.0 0.0365513 1.0
8046.0 0.0371884 1.0
8048.0 0.0390668 1.0
8050.0 0.0424325 1.0
8052.0 0.0435308 1.0
8054.0 0.0432336 1.0
8056.0 0.0424277 1.0
8058.0 0.0404529 1.0
8060.0 0.038662 1.0
8062.0 0.0381941 1.0
8064.0 0.0384335 1.0
8066.0 0.0383085 1.0
8068.0 0.0376574 1.0
8070.0 0.038333 1.0
8072.0 0.0406471 1.0
8074.0 0.0421465 1.0
8076.0 0.0423556 1.0
8078.0 0.042061 1.0
8080.0 0.0419286 1.0
8082.0 0.0417514 1.0
8084.0 0.040831 1.0
8086.0 0.0389761 1.0
8088.0 0.0375441 1.0
8090.0 0.0355199 1.0
8092.0 0.0348638 1.0
8094.0 0.0373145 1.0
8096.0 0.0409454 1.0
8098.0 0.0409972 1.0
8100.0 0.0377299 1.0
8102.0 0.0381371 1.0
8104.0 0.0422501 1.0
8106.0 0.0434753 1.0
8108.0 0.0404752 1.0
8110.0 0.0376075 1.0
8112.0 0.0381137 1.0
8114.0 0.0404348 1.0
8116.0 0.0430013 1.0
8118.0 0.0487549 1.0
8120.0 0.0495208 1.0
8122.0 0.0454046 1.0
8124.0 0.0424542 1.0
8126.0 0.0421556 1.0
8128.0 0.0424824 1.0
8130.0 0.0416714 1.0
8132.0 0.0404137 1.0
8134.0 0.0389132 1.0
8136.0 0.0355638 1.0
8138.0 0.0353087 1.0
8140.0 0.038789 1.0
8142.0 0.042115 1.0
8144.0 0.0436573 1.0
8146.0 0.0443582 1.0
8148.0 0.0440807 1.0
8150.0 0.0420387 1.0
8152.0 0.0417416 1.0
8154.0 0.0425664 1.0
8156.0 0.0432143 1.0
8158.0 0.0436503 1.0
8160.0 0.0441016 1.0
8162.0 0.0448724 1.0
8164.0 0.0458709 1.0
8166.0 0.045212 1.0
8168.0 0.0418066 1.0
8170.0 0.0414466 1.0
8172.0 0.0433489 1.0
8174.0 0.0455906 1.0
8176.0 0.0486433 1.0
8178.0 0.0512863 1.0
8180.0 0.0504177 1.0
8182.0 0.0469732 1.0
8184.0 0.0428331 1.0
8186.0 0.0349892 1.0
8188.0 0.0310869 1.0
8190.0 0.0302024 1.0
8192.0 0.03175 1.0
8194.0 0.0375445 1.0
8196.0 0.045489 1.0
8198.0 0.0445187 1.0
8200.0 0.0330241 1.0
8202.0 0.0325716 1.0
8204.0 0.0402536 1.0
8206.0 0.0457251 1.0
8208.0 0.0478497 1.0
8210.0 0.0495129 1.0
8212.0 0.0531639 1.0
8214.0 0.0580737 1.0
8216.0 0.0580546 1.0
8218.0 0.0529722 1.0
8220.0 0.0500828 1.0
8222.0 0.0476237 1.0
8224.0 0.0457684 1.0
8226.0 0.0439844 1.0
8228.0 0.0432598 1.0
8230.0 0.0466663 1.0
8232.0 0.0554673 1.0
8234.0 0.0560994 1.0
8236.0 0.0490704 1.0
8238.0 0.0459574 1.0
8240.0 0.0469714 1.0
8242.0 0.0480548 1.0
8244.0 0.0468858 1.0
8246.0 0.0447766 1.0
8248.0 0.0435276 1.0
8250.0 0.042405 1.0
8252.0 0.0417681 1.0
8254.0 0.0410797 1.0
8256.0 0.041596 1.0
8258.0 0.0445177 1.0
8260.0 0.047388 1.0
8262.0 0.0469968 1.0
8264.0 0.0444301 1.0
8266.0 0.0429603 1.0
8268.0 0.0395827 1.0
8270.0 0.0406352 1.0
8272.0 0.0467955 1.0
8274.0 0.0526619 1.0
8276.0 0.0562834 1.0
8278.0 0.0591589 1.0
8280.0 0.0622734 1.0
8282.0 0.0653672 1.0
8284.0 0.0678885 1.0
8286.0 0.0706119 1.0
8288.0 0.071675 1.0
8290.0 0.0725438 1.0
8292.0 0.0701719 1.0
8294.0 0.0602561 1.0
8296.0 0.0452996 1.0
8298.0 0.0392345 1.0
8300.0 0.0383082 1.0
8302.0 0.0388664 1.0
8304.0 0.0452278 1.0
8306.0 0.0480218 1.0
8308.0 0.0441562 1.0
8310.0 0.0388188 1.0
8312.0 0.0378053 1.0
8314.0 0.0389425 1.0
8316.0 0.0402694 1.0
8318.0 0.0440146 1.0
8320.0 0.045016 1.0
8322.0 0.0432176 1.0
8324.0 0.0413217 1.0
8326.0 0.0400766 1.0
8328.0 0.0392291 1.0
8330.0 0.0400494 1.0
8332.0 0.0424147 1.0
8334.0 0.0447887 1.0
8336.0 0.0464106 1.0
8338.0 0.0509973 1.0
8340.0 0.0617098 1.0
8342.0 0.0707024 1.0
8344.0 0.0703878 1.0
8346.0 0.0642651 1.0
8348.0 0.0615569 1.0
8350.0 0.0593836 1.0
8352.0 0.0568725 1.0
8354.0 0.0544275 1.0
8356.0 0.0515669 1.0
8358.0 0.0476485 1.0
8360.0 0.0437963 1.0
8362.0 0.0419259 1.0
8364.0 0.041463 1.0
8366.0 0.0410186 1.0
8368.0 0.0412205 1.0
8370.0 0.0414738 1.0
8372.0 0.0426746 1.0
8374.0 0.0427918 1.0
8376.0 0.0399957 1.0
8378.0 0.0358818 1.0
8380.0 0.0349717 1.0
8382.0 0.0365208 1.0
8384.0 0.0369047 1.0
8386.0 0.0369477 1.0
8388.0 0.0374258 1.0
8390.0 0.039292 1.0
8392.0 0.0403685 1.0
8394.0 0.0379535 1.0
8396.0 0.0330498 1.0
8398.0 0.0311974 1.0
8400.0 0.0315704 1.0
8402.0 0.0307308 1.0
8404.0 0.0283559 1.0
8406.0 0.0276677 1.0
8408.0 0.0299354 1.0
8410.0 0.0336292 1.0
8412.0 0.0369143 1.0
8414.0 0.0408732 1.0
8416.0 0.0433297 1.0
8418.0 0.0448553 1.0
8420.0 0.0457974 1.0
8422.0 0.0448802 1.0
8424.0 0.0451494 1.0
8426.0 0.0488627 1.0
8428.0 0.0545606 1.0
8430.0 0.0594037 1.0
8432.0 0.0682503 1.0
8434.0 0.0666814 1.0
8436.0 0.0533442 1.0
8438.0 0.0447287 1.0
8440.0 0.0423133 1.0
8442.0 0.0427762 1.0
8444.0 0.0456408 1.0
8446.0 0.0518543 1.0
8448.0 0.05077 1.0
8450.0 0.04235 1.0
8452.0 0.038301 1.0
8454.0 0.0366192 1.0
8456.0 0.0355953 1.0
8458.0 0.0350137 1.0
8460.0 0.0348491 1.0
8462.0 0.0343358 1.0
8464.0 0.0338344 1.0
8466.0 0.0329911 1.0
8468.0 0.0315524 1.0
8470.0 0.0306447 1.0
8472.0 0.03023 1.0
8474.0 0.0300905 1.0
8476.0 0.0304563 1.0
8478.0 0.031106 1.0
8480.0 0.0298767 1.0
8482.0 0.0248656 1.0
8484.0 0.0253723 1.0
8486.0 0.0312779 1.0
8488.0 0.0350844 1.0
8490.0 0.0360886 1.0
8492.0 0.0352707 1.0
8494.0 0.0317541 1.0
8496.0 0.0249715 1.0
8498.0 0.0244171 1.0
8500.0 0.0294509 1.0
8502.0 0.0321115 1.0
8504.0 0.0335842 1.0
8506.0 0.0350111 1.0
8508.0 0.0378704 1.0
8510.0 0.0402135 1.0
8512.0 0.036185 1.0
8514.0 0.0243935 1.0
8516.0 0.0216428 1.0
8518.0 0.0267615 1.0
8520.0 0.0276496 1.0
8522.0 0.0232891 1.0
8524.0 0.0184875 1.0
8526.0 0.0161472 1.0
8528.0 0.0148783 1.0
8530.0 0.0150128 1.0
8532.0 0.0178283 1.0
8534.0 0.0185834 1.0
8536.0 0.017457 1.0
8538.0 0.0176741 1.0
8540.0 0.0210403 1.0
8542.0 0.0244649 1.0
8544.0 0.023277 1.0
8546.0 0.0184199 1.0
8548.0 0.0175544 1.0
8550.0 0.0190488 1.0
8552.0 0.0202616 1.0
8554.0 0.0219309 1.0
8556.0 0.0233775 1.0
8558.0 0.0243884 1.0
8560.0 0.0249858 1.0
8562.0 0.0244182 1.0
8564.0 0.0224217 1.0
8566.0 0.021293 1.0
8568.0 0.0202972 1.0
8570.0 0.0195634 1.0
8572.0 0.0192921 1.0
8574.0 0.0190134 1.0
8576.0 0.0179885 1.0
8578.0 0.0165033 1.0
8580.0 0.0172812 1.0
8582.0 0.020489 1.0
8584.0 0.0224678 1.0
8586.0 0.024114 1.0
8588.0 0.0255593 1.0
8590.0 0.0268962 1.0
8592.0 0.0279709 1.0
8594.0 0.0284653 1.0
8596.0 0.0283644 1.0
8598.0 0.0285976 1.0
8600.0 0.0291603 1.0
8602.0 0.0291363 1.0
8604.0 0.028325 1.0
8606.0 0.0275908 1.0
8608.0 0.0277184 1.0
8610.0 0.0280537 1.0
8612.0 0.0264824 1.0
8614.0 0.022402 1.0
8616.0 0.0211489 1.0
8618.0 0.0215562 1.0
8620.0 0.0223749 1.0
8622.0 0.023897 1.0
8624.0 0.0255507 1.0
8626.0 0.0265765 1.0
8628.0 0.0273144 1.0
8630.0 0.0277061 1.0
8632.0 0.0288942 1.0
8634.0 0.0271455 1.0
8636.0 0.0212452 1.0
8638.0 0.0169363 1.0
8640.0 0.015598 1.0
8642.0 0.0162618 1.0
8644.0 0.0196405 1.0
8646.0 0.0269118 1.0
8648.0 0.029854 1.0
8650.0 0.0308294 1.0
8652.0 0.0304618 1.0
8654.0 0.0274116 1.0
8656.0 0.024768 1.0
8658.0 0.0248073 1.0
8660.0 0.0261903 1.0
8662.0 0.0267069 1.0
8664.0 0.0274203 1.0
8666.0 0.0273013 1.0
8668.0 0.0246115 1.0
8670.0 0.0253049 1.0
8672.0 0.0329243 1.0
8674.0 0.0401712 1.0
8676.0 0.0377282 1.0
8678.0 0.0284993 1.0
8680.0 0.0258062 1.0
8682.0 0.0268599 1.0
8684.0 0.0264893 1.0
8686.0 0.0264219 1.0
8688.0 0.0250246 1.0
8690.0 0.0203165 1.0
8692.0 0.014902 1.0
8694.0 0.0149947 1.0
8696.0 0.0195465 1.0
8698.0 0.0220218 1.0
8700.0 0.0246808 1.0
8702.0 0.0267511 1.0
8704.0 0.0287058 1.0
8706.0 0.0296052 1.0
8708.0 0.0281503 1.0
8710.0 0.0251209 1.0
8712.0 0.0245857 1.0
8714.0 0.0262544 1.0
8716.0 0.0262802 1.0
8718.0 0.0251853 1.0
8720.0 0.0246517 1.0
8722.0 0.0254876 1.0
8724.0 0.0262287 1.0
8726.0 0.0246061 1.0
8728.0 0.0208537 1.0
8730.0 0.0213988 1.0
8732.0 0.0262857 1.0
8734.0 0.0286476 1.0
8736.0 0.0292485 1.0
8738.0 0.0295678 1.0
8740.0 0.0302616 1.0
8742.0 0.0307724 1.0
8744.0 0.0301549 1.0
8746.0 0.0282873 1.0
8748.0 0.0272935 1.0
8750.0 0.0259054 1.0
8752.0 0.026017 1.0
8754.0 0.0284889 1.0
8756.0 0.0310134 1.0
8758.0 0.0314126 1.0
8760.0 0.030712 1.0
8762.0 0.0319933 1.0
8764.0 0.0347817 1.0
8766.0 0.0371237 1.0
8768.0 0.0414782 1.0
8770.0 0.0424001 1.0
8772.0 0.0369348 1.0
8774.0 0.0298306 1.0
8776.0 0.0280013 1.0
8778.0 0.0293583 1.0
8780.0 0.0287589 1.0
8782.0 0.0255564 1.0
8784.0 0.0270518 1.0
8786.0 0.0345422 1.0
8788.0 0.0415406 1.0
8790.0 0.0460093 1.0
8792.0 0.0485318 1.0
8794.0 0.0442655 1.0
8796.0 0.0298601 1.0
8798.0 0.0262963 1.0
8800.0 0.0300751 1.0
8802.0 0.0328471 1.0
8804.0 0.0342355 1.0
8806.0 0.0358741 1.0
8808.0 0.0392242 1.0
8810.0 0.0438464 1.0
8812.0 0.0431035 1.0
8814.0 0.0366878 1.0
8816.0 0.0330883 1.0
8818.0 0.0293924 1.0
8820.0 0.0277973 1.0
8822.0 0.0285544 1.0
8824.0 0.0317199 1.0
8826.0 0.0392645 1.0
8828.0 0.0533469 1.0
8830.0 0.0559355 1.0
8832.0 0.0484428 1.0
8834.0 0.0442706 1.0
8836.0 0.0430468 1.0
8838.0 0.0408648 1.0
8840.0 0.0347534 1.0
8842.0 0.0269934 1.0
8844.0 0.024972 1.0
8846.0 0.02599 1.0
8848.0 0.0302862 1.0
8850.0 0.0425454 1.0
8852.0 0.0487609 1.0
8854.0 0.0446948 1.0
8856.0 0.039746 1.0
8858.0 0.0436622 1.0
8860.0 0.0528324 1.0
8862.0 0.057199 1.0
8864.0 0.0596351 1.0
8866.0 0.0616318 1.0
8868.0 0.0654296 1.0
8870.0 0.0640338 1.0
8872.0 0.0520441 1.0
8874.0 0.0365544 1.0
8876.0 0.0315924 1.0
8878.0 0.0332041 1.0
8880.0 0.0336921 1.0
8882.0 0.0315616 1.0
8884.0 0.0388778 1.0
8886.0 0.0628861 1.0
8888.0 0.0825569 1.0
8890.0 0.0825287 1.0
8892.0 0.0713794 1.0
8894.0 0.0631239 1.0
8896.0 0.0486318 1.0
8898.0 0.0428171 1.0
8900.0 0.0433118 1.0
8902.0 0.0443404 1.0
8904.0 0.0463424 1.0
8906.0 0.0481304 1.0
8908.0 0.0469979 1.0
8910.0 0.0440072 1.0
8912.0 0.0400385 1.0
8914.0 0.0308991 1.0
8916.0 0.0293388 1.0
8918.0 0.0347083 1.0
8920.0 0.0417369 1.0
8922.0 0.0509769 1.0
8924.0 0.0601235 1.0
8926.0 0.0586271 1.0
8928.0 0.046896 1.0
8930.0 0.0418861 1.0
8932.0 0.0370215 1.0
8934.0 0.0365636 1.0
8936.0 0.0431909 1.0
8938.0 0.0496956 1.0
8940.0 0.0504865 1.0
8942.0 0.0483171 1.0
8944.0 0.0456748 1.0
8946.0 0.0384633 1.0
8948.0 0.0377424 1.0
8950.0 0.0421419 1.0
8952.0 0.0467348 1.0
8954.0 0.0521762 1.0
8956.0 0.0566124 1.0
8958.0 0.0554201 1.0
8960.0 0.0495398 1.0
8962.0 0.0468369 1.0
8964.0 0.0448113 1.0
8966.0 0.0433845 1.0
8968.0 0.0426622 1.0
8970.0 0.0424076 1.0
8972.0 0.0422129 1.0
8974.0 0.0425564 1.0
8976.0 0.0452746 1.0
8978.0 0.0526723 1.0
8980.0 0.0518747 1.0
8982.0 0.043257 1.0
8984.0 0.0374244 1.0
8986.0 0.0342601 1.0
8988.0 0.032567 1.0
8990.0 0.0328 1.0
8992.0 0.0348202 1.0
8994.0 0.033728 1.0
8996.0 0.0265831 1.0
8998.0 0.0288978 1.0
9000.0 0.0413717 1.0
9002.0 0.0507284 1.0
9004.0 0.0537315 1.0
9006.0 0.0539933 1.0
9008.0 0.0538716 1.0
9010.0 0.0521236 1.0
9012.0 0.0507759 1.0
9014.0 0.0486529 1.0
9016.0 0.0474522 1.0
9018.0 0.0480102 1.0
9020.0 0.0475254 1.0
9022.0 0.0436317 1.0
9024.0 0.0382794 1.0
9026.0 0.0370507 1.0
9028.0 0.0393338 1.0
9030.0 0.0395685 1.0
9032.0 0.0387919 1.0
9034.0 0.0388498 1.0
9036.0 0.0408059 1.0
9038.0 0.0422068 1.0
9040.0 0.0400921 1.0
9042.0 0.0355073 1.0
9044.0 0.0343333 1.0
9046.0 0.0351519 1.0
9048.0 0.0361553 1.0
9050.0 0.0382479 1.0
9052.0 0.0401439 1.0
9054.0 0.0414886 1.0
9056.0 0.0425809 1.0
9058.0 0.0434715 1.0
9060.0 0.0439854 1.0
9062.0 0.0450192 1.0
9064.0 0.0470121 1.0
9066.0 0.0477094 1.0
9068.0 0.0467678 1.0
9070.0 0.0457769 1.0
9072.0 0.0458788 1.0
9074.0 0.0463417 1.0
9076.0 0.0454324 1.0
9078.0 0.0439157 1.0
9080.0 0.0412358 1.0
9082.0 0.0352227 1.0
9084.0 0.0327025 1.0
9086.0 0.0356818 1.0
9088.0 0.0399874 1.0
9090.0 0.0412524 1.0
9092.0 0.0410579 1.0
9094.0 0.0433051 1.0
9096.0 0.0488782 1.0
9098.0 0.0506561 1.0
9100.0 0.0488157 1.0
9102.0 0.047082 1.0
9104.0 0.0465899 1.0
9106.0 0.0465195 1.0
9108.0 0.0468546 1.0
9110.0 0.0483843 1.0
9112.0 0.0471263 1.0
9114.0 0.0419596 1.0
9116.0 0.0401419 1.0
9118.0 0.0432151 1.0
9120.0 0.0456316 1.0
9122.0 0.0429566 1.0
9124.0 0.0376554 1.0
9126.0 0.0362488 1.0
9128.0 0.0369153 1.0
9130.0 0.0381178 1.0
9132.0 0.0425248 1.0
9134.0 0.0437479 1.0
9136.0 0.0387134 1.0
9138.0 0.0331093 1.0
9140.0 0.0344746 1.0
9142.0 0.0406953 1.0
9144.0 0.0419953 1.0
9146.0 0.0400805 1.0
9148.0 0.039684 1.0
9150.0 0.0397609 1.0
9152.0 0.0406042 1.0
9154.0 0.0441807 1.0
9156.0 0.0477787 1.0
9158.0 0.0423916 1.0
9160.0 0.0262471 1.0
9162.0 0.0227538 1.0
9164.0 0.0278596 1.0
9166.0 0.0322182 1.0
9168.0 0.0378496 1.0
9170.0 0.041756 1.0
9172.0 0.0397001 1.0
9174.0 0.0337346 1.0
9176.0 0.0322626 1.0
9178.0 0.0348066 1.0
9180.0 0.0332274 1.0
9182.0 0.0272794 1.0
9184.0 0.0239207 1.0
9186.0 0.0244833 1.0
9188.0 0.0274202 1.0
9190.0 0.0330353 1.0
9192.0 0.0432239 1.0
9194.0 0.042817 1.0
9196.0 0.0302062 1.0
9198.0 0.0260504 1.0
9200.0 0.0298488 1.0
9202.0 0.0336767 1.0
9204.0 0.0339454 1.0
9206.0 0.0330436 1.0
9208.0 0.0331953 1.0
9210.0 0.0333935 1.0
9212.0 0.0344515 1.0
9214.0 0.0372818 1.0
9216.0 0.0384139 1.0
9218.0 0.0382483 1.0
9220.0 0.0362574 1.0
9222.0 0.0307534 1.0
9224.0 0.0222963 1.0
9226.0 0.0182615 1.0
9228.0 0.0138325 1.0
9230.0 0.016841 1.0
9232.0 0.0305322 1.0
9234.0 0.0404194 1.0
9236.0 0.0425622 1.0
9238.0 0.0410972 1.0
9240.0 0.0388581 1.0
9242.0 0.0341734 1.0
9244.0 0.0305127 1.0
9246.0 0.0255681 1.0
9248.0 0.0231828 1.0
9250.0 0.0220666 1.0
9252.0 0.0240176 1.0
9254.0 0.032348 1.0
9256.0 0.0440002 1.0
9258.0 0.0460932 1.0
9260.0 0.0406787 1.0
9262.0 0.0375758 1.0
9264.0 0.0327056 1.0
9266.0 0.0295117 1.0
9268.0 0.0282585 1.0
9270.0 0.0282593 1.0
9272.0 0.029374 1.0
9274.0 0.0317643 1.0
9276.0 0.0337568 1.0
9278.0 0.0375776 1.0
9280.0 0.037689 1.0
9282.0 0.0339575 1.0
9284.0 0.0302396 1.0
9286.0 0.0267735 1.0
9288.0 0.0241206 1.0
9290.0 0.0257482 1.0
9292.0 0.0318897 1.0
9294.0 0.0339632 1.0
9296.0 0.0345335 1.0
9298.0 0.0339119 1.0
9300.0 0.0305328 1.0
9302.0 0.0281173 1.0
9304.0 0.0301457 1.0
9306.0 0.0344076 1.0
9308.0 0.0338515 1.0
9310.0 0.0283791 1.0
9312.0 0.0271953 1.0
9314.0 0.0249362 1.0
9316.0 0.0293474 1.0
9318.0 0.0447277 1.0
9320.0 0.0624778 1.0
9322.0 0.07391 1.0
9324.0 0.0838674 1.0
9326.0 0.0795133 1.0
9328.0 0.0556977 1.0
9330.0 0.0429694 1.0
9332.0 0.0358107 1.0
9334.0 0.0318046 1.0
9336.0 0.0314485 1.0
9338.0 0.0335653 1.0
9340.0 0.0334874 1.0
9342.0 0.0303545 1.0
9344.0 0.0368778 1.0
9346.0 0.0586265 1.0
9348.0 0.0665227 1.0
9350.0 0.0576715 1.0
9352.0 0.0454389 1.0
9354.0 0.0385442 1.0
9356.0 0.0326404 1.0
9358.0 0.0238435 1.0
9360.0 0.00968891 1.0
9362.0 0.00319516 1.0
9364.0 0.00397292 1.0
9366.0 0.00260123 1.0
9368.0 0.00405642 1.0
9370.0 0.00551161 1.0
9372.0 0.0069668 1.0
9374.0 0.00842199 1.0
9376.0 0.00987718 1.0
9378.0 0.0113324 1.0
9380.0 0.0127876 1.0
9382.0 0.0142428 1.0
9384.0 0.0156979 1.0
9386.0 0.0171531 1.0
9388.0 0.0186083 1.0
9390.0 0.0200635 1.0
9392.0 0.0215187 1.0
9394.0 0.0229739 1.0
9396.0 0.0244291 1.0
9398.0 0.0244291 1.0
9400.0 0.0304457 1.0
9402.0 0.0418055 1.0
9404.0 0.0610432 1.0
9406.0 0.087315 1.0
9408.0 0.0844583 1.0
9410.0 0.0535011 1.0
9412.0 0.0324718 1.0
9414.0 0.00220876 1.0
9416.0 -0.011739 1.0
9418.0 0.00419135 1.0
9420.0 0.0291483 1.0
9422.0 0.0318229 1.0
9424.0 0.0202385 1.0
9426.0 0.025945 1.0
9428.0 0.0553895 1.0
9430.0 0.0561519 1.0
9432.0 0.0193828 1.0
9434.0 -0.0106708 1.0
9436.0 -0.0113833 1.0
9438.0 0.00304552 1.0
9440.0 0.021514 1.0
9442.0 0.0618528 1.0
9444.0 0.0685786 1.0
9446.0 0.0440881 1.0
9448.0 0.0306455 1.0
9450.0 0.0319904 1.0
9452.0 0.0366538 1.0
9454.0 0.0376691 1.0
9456.0 0.0381408 1.0
9458.0 0.0385968 1.0
9460.0 0.0378554 1.0
9462.0 0.0392715 1.0
9464.0 0.0457422 1.0
9466.0 0.0470467 1.0
9468.0 0.0340908 1.0
9470.0 0.0204581 1.0
9472.0 0.0326395 1.0
9474.0 0.0662583 1.0
9476.0 0.0859078 1.0
9478.0 0.10938 1.0
9480.0 0.115582 1.0
9482.0 0.101341 1.0
9484.0 0.0817143 1.0
9486.0 0.0615583 1.0
9488.0 0.0398678 1.0
9490.0 0.0357788 1.0
9492.0 0.0500391 1.0
9494.0 0.054584 1.0
9496.0 0.0603252 1.0
9498.0 0.0595505 1.0
9500.0 0.0483754 1.0
9502.0 0.0350685 1.0
9504.0 0.0284316 1.0
9506.0 0.0247635 1.0
9508.0 0.022506 1.0
9510.0 0.0177965 1.0
9512.0 0.0250542 1.0
9514.0 0.0509147 1.0
9516.0 0.0688254 1.0
9518.0 0.0685536 1.0
9520.0 0.0594457 1.0
9522.0 0.0503082 1.0
9524.0 0.0335363 1.0
9526.0 0.0311032 1.0
9528.0 0.0419459 1.0
9530.0 0.0483365 1.0
9532.0 0.0518256 1.0
9534.0 0.053421 1.0
9536.0 0.0523007 1.0
9538.0 0.0490557 1.0
9540.0 0.0475978 1.0
9542.0 0.0445797 1.0
9544.0 0.0468924 1.0
9546.0 0.057177 1.0
9548.0 0.062023 1.0
9550.0 0.0573156 1.0
9552.0 0.0505004 1.0
9554.0 0.0485962 1.0
9556.0 0.0478333 1.0
9558.0 0.0563278 1.0
9560.0 0.0810749 1.0
9562.0 0.0907537 1.0
9564.0 0.0903607 1.0
9566.0 0.0833126 1.0
9568.0 0.0663659 1.0
9570.0 0.0450138 1.0
9572.0 0.0382188 1.0
9574.0 0.0415346 1.0
9576.0 0.0427057 1.0
9578.0 0.0495448 1.0
9580.0 0.0496033 1.0
9582.0 0.0407286 1.0
9584.0 0.0303465 1.0
9586.0 0.022426 1.0
9588.0 0.0151534 1.0
9590.0 0.0167696 1.0
9592.0 0.0316309 1.0
9594.0 0.0352965 1.0
9596.0 0.0278619 1.0
9598.0 0.0281332 1.0
9600.0 0.0449449 1.0
9602.0 0.0637724 1.0
9604.0 0.0646464 1.0
9606.0 0.0534523 1.0
9608.0 0.0477154 1.0
9610.0 0.0374887 1.0
9612.0 0.0367146 1.0
9614.0 0.0466714 1.0
9616.0 0.0576859 1.0
9618.0 0.0669537 1.0
9620.0 0.0752348 1.0
9622.0 0.0764119 1.0
9624.0 0.0725878 1.0
9626.0 0.0643393 1.0
9628.0 0.0466464 1.0
9630.0 0.0340847 1.0
9632.0 0.0265417 1.0
9634.0 0.0225408 1.0
9636.0 0.0231754 1.0
9638.0 0.0281593 1.0
9640.0 0.0282065 1.0
9642.0 0.0225492 1.0
9644.0 0.0242987 1.0
9646.0 0.0319657 1.0
9648.0 0.0403592 1.0
9650.0 0.0510792 1.0
9652.0 0.060236 1.0
9654.0 0.057086 1.0
9656.0 0.0416213 1.0
9658.0 0.041458 1.0
9660.0 0.0572671 1.0
9662.0 0.0593351 1.0
9664.0 0.0438512 1.0
9666.0 0.0318146 1.0
9668.0 0.0353685 1.0
9670.0 0.0466968 1.0
9672.0 0.0551199 1.0
9674.0 0.0720907 1.0
9676.0 0.0680106 1.0
9678.0 0.0400879 1.0
9680.0 0.0226337 1.0
9682.0 0.0171926 1.0
9684.0 0.0188565 1.0
9686.0 0.0288223 1.0
9688.0 0.0477341 1.0
9690.0 0.0542217 1.0
9692.0 0.052423 1.0
9694.0 0.0521629 1.0
9696.0 0.0476642 1.0
9698.0 0.048375 1.0
9700.0 0.0635054 1.0
9702.0 0.0798496 1.0
9704.0 0.069403 1.0
9706.0 0.034366 1.0
9708.0 0.022966 1.0
9710.0 0.028055 1.0
9712.0 0.0250842 1.0
9714.0 0.0106509 1.0
9716.0 0.000703385 1.0
9718.0 0.0054518 1.0
9720.0 0.0190543 1.0
9722.0 0.0332134 1.0
9724.0 0.0587365 1.0
9726.0 0.0671508 1.0
9728.0 0.060777 1.0
9730.0 0.0572034 1.0
9732.0 0.0592495 1.0
9734.0 0.06151 1.0
9736.0 0.0607769 1.0
9738.0 0.0590821 1.0
9740.0 0.0486371 1.0
9742.0 0.0216705 1.0
9744.0 0.0120058 1.0
9746.0 0.0146886 1.0
9748.0 0.0236276 1.0
9750.0 0.0421463 1.0
9752.0 0.063582 1.0
9754.0 0.0656538 1.0
9756.0 0.0516455 1.0
9758.0 0.0469816 1.0
9760.0 0.0431835 1.0
9762.0 0.0423165 1.0
9764.0 0.0473263 1.0
9766.0 0.0507238 1.0
9768.0 0.0456973 1.0
9770.0 0.0359105 1.0
9772.0 0.0317773 1.0
9774.0 0.0339414 1.0
9776.0 0.0278374 1.0
9778.0 0.00665744 1.0
9780.0 0.00183458 1.0
9782.0 0.0273813 1.0
9784.0 0.0584638 1.0
9786.0 0.064562 1.0
9788.0 0.0572791 1.0
9790.0 0.0458951 1.0
9792.0 0.0161733 1.0
9794.0 0.00449356 1.0
9796.0 0.00999412 1.0
9798.0 0.0167518 1.0
9800.0 0.0184243 1.0
9802.0 0.0193725 1.0
9804.0 0.0223086 1.0
9806.0 0.0253818 1.0
9808.0 0.0323574 1.0
9810.0 0.0495527 1.0
9812.0 0.0543362 1.0
9814.0 0.0400857 1.0
9816.0 0.0257052 1.0
9818.0 0.0272687 1.0
9820.0 0.0372828 1.0
9822.0 0.0414431 1.0
9824.0 0.0462312 1.0
9826.0 0.0461956 1.0
9828.0 0.0429716 1.0
9830.0 0.0360592 1.0
9832.0 0.0216003 1.0
9834.0 0.00676983 1.0
9836.0 0.00483828 1.0
9838.0 0.0125579 1.0
9840.0 0.0149024 1.0
9842.0 0.015897 1.0
9844.0 0.017942 1.0
9846.0 0.0191316 1.0
9848.0 0.0233028 1.0
9850.0 0.0365414 1.0
9852.0 0.052533 1.0
9854.0 0.0482806 1.0
9856.0 0.0231791 1.0
9858.0 0.0136754 1.0
9860.0 0.00898808 1.0
9862.0 0.00872912 1.0
9864.0 0.015522 1.0
9866.0 0.0235713 1.0
9868.0 0.0271 1.0
9870.0 0.0287239 1.0
9872.0 0.0282373 1.0
9874.0 0.0228911 1.0
9876.0 0.0221083 1.0
9878.0 0.0269412 1.0
9880.0 0.0280529 1.0
9882.0 0.017061 1.0
9884.0 0.00677216 1.0
9886.0 0.0234194 1.0
9888.0 0.0672055 1.0
9890.0 0.0745261 1.0
9892.0 0.0570637 1.0
9894.0 0.0408416 1.0
9896.0 0.00951249 1.0
9898.0 -0.00547402 1.0
9900.0 0.0267551 1.0
9902.0 0.0833307 1.0
9904.0 0.0917509 1.0
9906.0 0.0618413 1.0
9908.0 0.0538198 1.0
9910.0 0.0480455 1.0
9912.0 0.0499152 1.0
9914.0 0.0694354 1.0
9916.0 0.0851476 1.0
9918.0 0.0674881 1.0
9920.0 0.0254567 1.0
9922.0 0.0164036 1.0
9924.0 0.0271868 1.0
9926.0 0.038708 1.0
9928.0 0.0606296 1.0
9930.0 0.0785217 1.0
9932.0 0.0953805 1.0
9934.0 0.102241 1.0
9936.0 0.0646111 1.0
9938.0 -0.0253533 1.0
9940.0 -0.056284 1.0
9942.0 -0.0637929 1.0
9944.0 -0.0443082 1.0
9946.0 0.0273434 1.0
9948.0 0.0892915 1.0
9950.0 0.0939542 1.0
9952.0 0.0675989 1.0
9954.0 0.0532982 1.0
9956.0 0.0253962 1.0
9958.0 0.0210782 1.0
9960.0 0.0393695 1.0
9962.0 0.0516777 1.0
9964.0 0.0549554 1.0
9966.0 0.0538249 1.0
9968.0 0.048123 1.0
9970.0 0.0367055 1.0
9972.0 0.03209 1.0
9974.0 0.0288543 1.0
9976.0 0.0314066 1.0
9978.0 0.0409677 1.0
9980.0 0.0519199 1.0
9982.0 0.0638457 1.0
9984.0 0.075695 1.0
9986.0 0.0800314 1.0
9988.0 0.0762245 1.0
9990.0 0.0804049 1.0
9992.0 0.0994146 1.0
9994.0 0.0972342 1.0
9996.0 0.0697607 1.0
9998.0 0.0339987 1.0
10000.0 -0.0069541 1.0
10002.0 -0.0536761 1.0
10004.0 -0.0484 1.0
10006.0 0.0190648 1.0
10008.0 0.0462464 1.0
10010.0 0.0587084 1.0
10012.0 0.0649031 1.0
10014.0 0.064824 1.0
10016.0 0.059465 1.0
10018.0 0.0521469 1.0
10020.0 0.0411567 1.0
10022.0 0.0293274 1.0
10024.0 0.0111659 1.0
10026.0 0.00142439 1.0
10028.0 -0.00840252 1.0
10030.0 -0.00323182 1.0
10032.0 0.034032 1.0
10034.0 0.0854822 1.0
10036.0 0.0992533 1.0
10038.0 0.0900004 1.0
10040.0 0.0765324 1.0
10042.0 0.0328383 1.0
10044.0 0.0202388 1.0
10046.0 0.0546334 1.0
10048.0 0.0919397 1.0
10050.0 0.0940861 1.0
10052.0 0.0781067 1.0
10054.0 0.0743247 1.0
10056.0 0.0749712 1.0
10058.0 0.0716689 1.0
10060.0 0.0734913 1.0
10062.0 0.06118 1.0
10064.0 0.0167149 1.0
10066.0 -0.0304369 1.0
10068.0 -0.0273125 1.0
10070.0 0.0160082 1.0
10072.0 0.0262923 1.0
10074.0 0.0241369 1.0
10076.0 0.0176373 1.0
10078.0 -0.00271753 1.0
10080.0 -0.0161256 1.0
10082.0 -0.00735013 1.0
10084.0 0.0125196 1.0
10086.0 0.0187892 1.0
10088.0 0.00724029 1.0
10090.0 0.0294507 1.0
10092.0 0.101834 1.0
10094.0 0.130077 1.0
10096.0 0.0907651 1.0
10098.0 0.0404666 1.0
10100.0 0.0281474 1.0
10102.0 0.0322778 1.0
10104.0 0.0480518 1.0
10106.0 0.109446 1.0
10108.0 0.108765 1.0
10110.0 0.0374453 1.0
10112.0 -0.0107116 1.0
10114.0 -0.00639595 1.0
10116.0 0.0222329 1.0
10118.0 0.0565898 1.0
10120.0 0.119412 1.0
10122.0 0.122292 1.0
10124.0 0.0666818 1.0
10126.0 0.0343508 1.0
10128.0 0.0149649 1.0
10130.0 0.0075716 1.0
10132.0 0.0203097 1.0
10134.0 0.0465149 1.0
10136.0 0.0528105 1.0
10138.0 0.0439638 1.0
10140.0 0.0456498 1.0
10142.0 0.0526384 1.0
10144.0 0.0581469 1.0
10146.0 0.0571591 1.0
10148.0 0.0600981 1.0
10150.0 0.0831808 1.0
10152.0 0.123372 1.0
10154.0 0.131604 1.0
10156.0 0.122945 1.0
10158.0 0.100757 1.0
10160.0 0.0448552 1.0
10162.0 0.00738665 1.0
10164.0 0.00976998 1.0
10166.0 0.0330663 1.0
10168.0 0.0603004 1.0
10170.0 0.11469 1.0
10172.0 0.111934 1.0
10174.0 0.046988 1.0
10176.0 0.0154988 1.0
10178.0 0.01704 1.0
10180.0 0.0289055 1.0
10182.0 0.0459498 1.0
10184.0 0.0693045 1.0
10186.0 0.0599624 1.0
10188.0 -0.00473296 1.0
10190.0 -0.000471522 1.0
10192.0 0.0689538 1.0
10194.0 0.111172 1.0
10196.0 0.110449 1.0
10198.0 0.090447 1.0
10200.0 0.0599688 1.0
10202.0 0.00713027 1.0
10204.0 0.00753059 1.0
10206.0 0.0588607 1.0
10208.0 0.0893976 1.0
10210.0 0.113261 1.0
10212.0 0.130088 1.0
10214.0 0.140049 1.0
10216.0 0.141852 1.0
10218.0 0.127168 1.0
10220.0 0.0876658 1.0
10222.0 0.0750022 1.0
10224.0 0.0778419 1.0
10226.0 0.0829304 1.0
10228.0 0.0962566 1.0
10230.0 0.106262 1.0
10232.0 0.100307 1.0
10234.0 0.0843897 1.0
10236.0 0.0742581 1.0
10238.0 0.0527084 1.0
10240.0 0.0598601 1.0
10242.0 0.124356 1.0
10244.0 0.134813 1.0
10246.0 0.0309072 1.0
10248.0 -0.0895094 1.0
10250.0 -0.0775145 1.0
10252.0 0.0354485 1.0
10254.0 0.0367612 1.0
10256.0 -0.0567097 1.0
10258.0 -0.0821808 1.0
10260.0 -0.0590465 1.0
10262.0 -0.00902894 1.0
10264.0 0.083462 1.0
10266.0 0.194103 1.0
10268.0 0.204612 1.0
10270.0 0.111555 1.0
10272.0 0.106823 1.0
10274.0 0.177657 1.0
10276.0 0.189847 1.0
10278.0 0.11116 1.0
10280.0 0.0269991 1.0
10282.0 0.0148196 1.0
10284.0 0.0418311 1.0
10286.0 0.0323714 1.0
10288.0 -0.000834321 1.0
10290.0 -0.0152498 1.0
10292.0 -0.0260944 1.0
10294.0 -0.0207606 1.0
10296.0 0.0136496 1.0
10298.0 0.0568971 1.0
10300.0 0.0717122 1.0
10302.0 0.0679317 1.0
10304.0 0.0757145 1.0
10306.0 0.0859557 1.0
10308.0 0.0974775 1.0
10310.0 0.119536 1.0
10312.0 0.129449 1.0
10314.0 0.106815 1.0
10316.0 0.0669735 1.0
10318.0 0.0561422 1.0
10320.0 0.0688612 1.0
10322.0 0.0630359 1.0
10324.0 0.0390544 1.0
10326.0 0.0325418 1.0
10328.0 0.052148 1.0
10330.0 0.0783324 1.0
10332.0 0.0944264 1.0
10334.0 0.108076 1.0
10336.0 0.113804 1.0
10338.0 0.117454 1.0
10340.0 0.105682 1.0
10342.0 0.0604173 1.0
10344.0 0.0390127 1.0
10346.0 0.0644093 1.0
10348.0 0.113429 1.0
10350.0 0.163694 1.0
10352.0 0.245455 1.0
10354.0 0.242038 1.0
10356.0 0.153541 1.0
10358.0 0.0922695 1.0
10360.0 0.0380409 1.0
10362.0 0.00718357 1.0
10364.0 0.0226028 1.0
10366.0 0.0700239 1.0
10368.0 0.10457 1.0
10370.0 0.179673 1.0
10372.0 0.161571 1.0
10374.0 0.0186702 1.0
10376.0 -0.0438909 1.0
10378.0 0.0390882 1.0
10380.0 0.14256 1.0
10382.0 0.124799 1.0
10384.0 0.0308194 1.0
10386.0 0.0238513 1.0
10388.0 0.0774145 1.0
10390.0 0.104232 1.0
10392.0 0.13204 1.0
10394.0 0.135415 1.0
10396.0 0.0890184 1.0
10398.0 0.0229203 1.0
10400.0 0.00669198 1.0
10402.0 0.0217529 1.0
10404.0 0.0316193 1.0
10406.0 0.0544616 1.0
10408.0 0.0687932 1.0
10410.0 0.0817404 1.0
10412.0 0.081159 1.0
10414.0 0.0480773 1.0
10416.0 -0.00698841 1.0
10418.0 -0.0228052 1.0
10420.0 -0.0118696 1.0
10422.0 -0.0036125 1.0
10424.0 0.0202399 1.0
10426.0 0.0312206 1.0
10428.0 0.0163548 1.0
10430.0 -0.002154 1.0
10432.0 0.00397313 1.0
10434.0 0.0244405 1.0
10436.0 0.0480979 1.0
10438.0 0.10161 1.0
10440.0 0.110552 1.0
10442.0 0.0506617 1.0
10444.0 0.0207272 1.0
10446.0 0.0873149 1.0
10448.0 0.189933 1.0
10450.0 0.195194 1.0
10452.0 0.124576 1.0
10454.0 0.0982834 1.0
10456.0 0.0765662 1.0
10458.0 0.0697835 1.0
10460.0 0.0945209 1.0
10462.0 0.11146 1.0
10464.0 0.0765388 1.0
10466.0 0.00917455 1.0
10468.0 -0.0070821 1.0
10470.0 0.0157511 1.0
10472.0 0.0226156 1.0
10474.0 0.0251587 1.0
10476.0 0.0311988 1.0
10478.0 0.0418005 1.0
10480.0 0.0562569 1.0
10482.0 0.0785235 1.0
10484.0 0.114195 1.0
10486.0 0.114306 1.0
10488.0 0.0794575 1.0
10490.0 0.0570836 1.0
10492.0 0.0356929 1.0
10494.0 0.025064 1.0
10496.0 0.0374385 1.0
10498.0 0.06209 1.0
10500.0 0.0657037 1.0
10502.0 0.0557605 1.0
10504.0 0.0504028 1.0
10506.0 0.0393447 1.0
10508.0 0.0370846 1.0
10510.0 0.0456379 1.0
10512.0 0.0595749 1.0
10514.0 0.0768413 1.0
10516.0 0.0991506 1.0
10518.0 0.108815 1.0
10520.0 0.100916 1.0
10522.0 0.111525 1.0
10524.0 0.150868 1.0
10526.0 0.166902 1.0
10528.0 0.137716 1.0
10530.0 0.0893553 1.0
10532.0 0.0563409 1.0
10534.0 0.0238543 1.0
10536.0 -0.000272729 1.0
10538.0 -0.0139101 1.0
10540.0 -0.0314219 1.0
10542.0 -0.067315 1.0
10544.0 -0.0809716 1.0
10546.0 -0.0348851 1.0
10548.0 0.0444415 1.0
10550.0 0.0707273 1.0
10552.0 0.0590279 1.0
10554.0 0.0667087 1.0
10556.0 0.0814184 1.0
10558.0 0.0898141 1.0
10560.0 0.0884498 1.0
10562.0 0.0845552 1.0
10564.0 0.0838598 1.0
10566.0 0.0831295 1.0
10568.0 0.0924341 1.0
10570.0 0.128034 1.0
10572.0 0.12552 1.0
10574.0 0.0868791 1.0
10576.0 0.0450366 1.0
10578.0 0.00101265 1.0
10580.0 -0.0381061 1.0
10582.0 -0.0346299 1.0
10584.0 0.00818393 1.0
10586.0 0.0334202 1.0
10588.0 0.0670718 1.0
10590.0 0.0830243 1.0
10592.0 0.0795028 1.0
10594.0 0.067556 1.0
10596.0 0.0502674 1.0
10598.0 0.0270156 1.0
10600.0 0.0196311 1.0
10602.0 0.0302594 1.0
10604.0 0.0252387 1.0
10606.0 0.00447445 1.0
10608.0 -0.003542 1.0
10610.0 0.0065631 1.0
10612.0 0.026053 1.0
10614.0 0.050142 1.0
10616.0 0.0831263 1.0
10618.0 0.103004 1.0
10620.0 0.128559 1.0
10622.0 0.121916 1.0
10624.0 0.068718 1.0
10626.0 0.0265433 1.0
10628.0 0.0222532 1.0
10630.0 0.0341306 1.0
10632.0 0.0362205 1.0
10634.0 0.0423998 1.0
10636.0 0.0333944 1.0
10638.0 -0.00290678 1.0
10640.0 -0.0116909 1.0
10642.0 0.0185459 1.0
10644.0 0.0508707 1.0
10646.0 0.0568535 1.0
10648.0 0.0501644 1.0
10650.0 0.0499237 1.0
10652.0 0.0454996 1.0
10654.0 0.0507797 1.0
10656.0 0.068553 1.0
10658.0 0.0801852 1.0
10660.0 0.0802219 1.0
10662.0 0.0765103 1.0
10664.0 0.0768247 1.0
10666.0 0.0775139 1.0
10668.0 0.0823019 1.0
10670.0 0.0991869 1.0
10672.0 0.0987109 1.0
10674.0 0.0786648 1.0
10676.0 0.0579922 1.0
10678.0 0.0431091 1.0
10680.0 0.0313726 1.0
10682.0 0.0306034 1.0
10684.0 0.0387839 1.0
10686.0 0.0524013 1.0
10688.0 0.0896661 1.0
10690.0 0.0990641 1.0
10692.0 0.0667716 1.0
10694.0 0.0296032 1.0
10696.0 0.0210324 1.0
10698.0 0.0266186 1.0
10700.0 0.0139128 1.0
10702.0 -0.027377 1.0
10704.0 -0.026004 1.0
10706.0 0.023539 1.0
10708.0 0.0557356 1.0
10710.0 0.0441338 1.0
10712.0 0.0234966 1.0
10714.0 0.043466 1.0
10716.0 0.0968075 1.0
10718.0 0.104507 1.0
10720.0 0.0775868 1.0
10722.0 0.0598988 1.0
10724.0 0.0448026 1.0
10726.0 0.0324164 1.0
10728.0 0.0241559 1.0
10730.0 0.0192872 1.0
10732.0 0.0182545 1.0
10734.0 0.0225356 1.0
10736.0 0.0258196 1.0
10738.0 0.0331017 1.0
10740.0 0.0351543 1.0
10742.0 0.0248766 1.0
10744.0 0.0179888 1.0
10746.0 0.0341692 1.0
10748.0 0.0668074 1.0
10750.0 0.0803865 1.0
10752.0 0.0896439 1.0
10754.0 0.0847676 1.0
10756.0 0.0543253 1.0
10758.0 0.0356676 1.0
10760.0 0.0452006 1.0
10762.0 0.0647676 1.0
10764.0 0.0695773 1.0
10766.0 0.0695381 1.0
10768.0 0.0628412 1.0
10770.0 0.0346541 1.0
