3475.0 3.9616633e-15 1e-20
3476.47 3.8452009e-15 1e-20
3477.94 3.5812981e-15 1e-20
3479.41 3.7332261e-15 1e-20
3480.88 3.7969895e-15 1e-20
3482.35 3.3963463e-15 1e-20
3483.82 3.4657211e-15 1e-20
3485.29 3.5113067e-15 1e-20
3486.76 3.5206874e-15 1e-20
3488.23 3.381108e-15 1e-20
3489.7 3.4217037e-15 1e-20
3491.17 3.9096779e-15 1e-20
3492.64 3.9047601e-15 1e-20
3494.11 3.5334034e-15 1e-20
3495.58 3.4452316e-15 1e-20
3497.05 3.3813062e-15 1e-20
3498.52 3.2398608e-15 1e-20
3499.99 3.2125294e-15 1e-20
3501.46 3.1467141e-15 1e-20
3502.93 3.0241539e-15 1e-20
3504.4 2.924636e-15 1e-20
3505.87 2.958187e-15 1e-20
3507.34 2.9071994e-15 1e-20
3508.81 2.8276088e-15 1e-20
3510.28 2.8847028e-15 1e-20
3511.75 2.7794601e-15 1e-20
3513.22 2.6402574e-15 1e-20
3514.69 2.5098772e-15 1e-20
3516.16 2.4713764e-15 1e-20
3517.63 2.3691965e-15 1e-20
3519.1 2.3823833e-15 1e-20
3520.57 2.3234427e-15 1e-20
3522.04 2.4143397e-15 1e-20
3523.51 2.2789991e-15 1e-20
3524.98 1.9028858e-15 1e-20
3526.45 2.1210878e-15 1e-20
3527.92 2.1135825e-15 1e-20
3529.39 2.0107105e-15 1e-20
3530.86 1.9600006e-15 1e-20
3532.33 2.2190487e-15 1e-20
3533.8 2.0323082e-15 1e-20
3535.27 1.7393134e-15 1e-20
3536.74 1.891493e-15 1e-20
3538.21 1.8231359e-15 1e-20
3539.68 1.4488052e-15 1e-20
3541.15 1.3123042e-15 1e-20
3542.62 1.6569859e-15 1e-20
3544.09 1.729785e-15 1e-20
3545.56 1.5310298e-15 1e-20
3547.03 1.5161487e-15 1e-20
3548.5 1.7284579e-15 1e-20
3549.97 1.6636469e-15 1e-20
3551.44 1.6122303e-15 1e-20
3552.91 1.8591096e-15 1e-20
3554.38 1.6106073e-15 1e-20
3555.85 1.2136699e-15 1e-20
3557.32 1.3468147e-15 1e-20
3558.79 1.3803502e-15 1e-20
3560.26 1.4447493e-15 1e-20
3561.73 1.1898665e-15 1e-20
3563.2 1.241569e-15 1e-20
3564.67 1.4574109e-15 1e-20
3566.14 1.4000206e-15 1e-20
3567.61 1.3267925e-15 1e-20
3569.08 1.2928078e-15 1e-20
3570.55 1.2223064e-15 1e-20
3572.02 1.2024948e-15 1e-20
3573.49 1.2228518e-15 1e-20
3574.96 1.1624122e-15 1e-20
3576.43 1.0499597e-15 1e-20
3577.9 1.2725019e-15 1e-20
3579.37 1.109511e-15 1e-20
3580.84 9.1103603e-16 1e-20
3582.31 1.1474837e-15 1e-20
3583.78 1.2141824e-15 1e-20
3585.25 1.0954069e-15 1e-20
3586.72 1.0811699e-15 1e-20
3588.19 1.3513348e-15 1e-20
3589.66 1.3244836e-15 1e-20
3591.13 1.2409064e-15 1e-20
3592.6 1.3318777e-15 1e-20
3594.07 1.2439626e-15 1e-20
3595.54 1.1249981e-15 1e-20
3597.01 1.1427945e-15 1e-20
3598.48 9.381846e-16 1e-20
3599.95 8.8848939e-16 1e-20
3601.42 9.4382615e-16 1e-20
3602.89 9.9221439e-16 1e-20
3604.36 9.5549795e-16 1e-20
3605.83 9.9830191e-16 1e-20
3607.3 9.468688e-16 1e-20
3608.77 9.8720314e-16 1e-20
3610.24 9.2284917e-16 1e-20
3611.71 1.0718573e-15 1e-20
3613.18 1.0343072e-15 1e-20
3614.65 1.1979118e-15 1e-20
3616.12 1.1855052e-15 1e-20
3617.59 1.1272691e-15 1e-20
3619.06 1.1893904e-15 1e-20
3620.53 1.4631364e-15 1e-20
3622.0 1.317804e-15 1e-20
3623.47 1.1652519e-15 1e-20
3624.94 1.030823e-15 1e-20
3626.41 1.0568483e-15 1e-20
3627.88 1.0829826e-15 1e-20
3629.35 1.083172e-15 1e-20
3630.82 1.3863045e-15 1e-20
3632.29 1.5311094e-15 1e-20
3633.76 1.5285502e-15 1e-20
3635.23 1.4513863e-15 1e-20
3636.7 1.2364286e-15 1e-20
3638.17 1.2261715e-15 1e-20
3639.64 1.1317338e-15 1e-20
3641.11 1.1108135e-15 1e-20
3642.58 1.3658611e-15 1e-20
3644.05 1.2205508e-15 1e-20
3645.52 7.6402065e-16 1e-20
3646.99 9.2179218e-16 1e-20
3648.46 1.2613144e-15 1e-20
3649.93 1.2911822e-15 1e-20
3651.4 1.3785313e-15 1e-20
3652.87 1.392937e-15 1e-20
3654.34 1.2850646e-15 1e-20
3655.81 1.5159194e-15 1e-20
3657.28 1.6017696e-15 1e-20
3658.75 1.4534387e-15 1e-20
3660.22 1.3715469e-15 1e-20
3661.69 1.3225093e-15 1e-20
3663.16 1.6024433e-15 1e-20
3664.63 1.7445768e-15 1e-20
3666.1 1.4920485e-15 1e-20
3667.57 1.5079713e-15 1e-20
3669.04 1.7174388e-15 1e-20
3670.51 1.7614526e-15 1e-20
3671.98 1.6445807e-15 1e-20
3673.45 1.7475282e-15 1e-20
3674.92 1.6942079e-15 1e-20
3676.39 1.5476426e-15 1e-20
3677.86 1.6367573e-15 1e-20
3679.33 1.6360245e-15 1e-20
3680.8 1.5413441e-15 1e-20
3682.27 1.8414827e-15 1e-20
3683.74 1.8249162e-15 1e-20
3685.21 1.7942523e-15 1e-20
3686.68 1.9118609e-15 1e-20
3688.15 1.7046691e-15 1e-20
3689.62 1.6327472e-15 1e-20
3691.09 1.7872063e-15 1e-20
3692.56 1.8795759e-15 1e-20
3694.03 1.9791905e-15 1e-20
3695.5 2.1602735e-15 1e-20
3696.97 2.2138239e-15 1e-20
3698.44 2.0065851e-15 1e-20
3699.91 1.8715657e-15 1e-20
3701.38 2.0258133e-15 1e-20
3702.85 2.0307498e-15 1e-20
3704.32 2.1266086e-15 1e-20
3705.79 2.4111811e-15 1e-20
3707.26 2.114756e-15 1e-20
3708.73 2.1676437e-15 1e-20
3710.2 2.2490563e-15 1e-20
3711.67 2.0339203e-15 1e-20
3713.14 2.0700202e-15 1e-20
3714.61 2.3027249e-15 1e-20
3716.08 2.4020685e-15 1e-20
3717.55 2.3010887e-15 1e-20
3719.02 2.2702099e-15 1e-20
3720.49 2.1803496e-15 1e-20
3721.96 2.4460647e-15 1e-20
3723.43 2.544523e-15 1e-20
3724.9 2.3616486e-15 1e-20
3726.37 2.4444562e-15 1e-20
3727.84 2.5526411e-15 1e-20
3729.31 2.5341837e-15 1e-20
3730.78 2.6028533e-15 1e-20
3732.25 2.6923751e-15 1e-20
3733.72 2.7041e-15 1e-20
3735.19 2.8708513e-15 1e-20
3736.66 3.1220961e-15 1e-20
3738.13 3.0958042e-15 1e-20
3739.6 3.0890246e-15 1e-20
3741.07 2.9674556e-15 1e-20
3742.54 2.8428694e-15 1e-20
3744.01 2.8869881e-15 1e-20
3745.48 3.2200417e-15 1e-20
3746.95 3.4631376e-15 1e-20
3748.42 3.2962211e-15 1e-20
3749.89 3.2401409e-15 1e-20
3751.36 3.0973797e-15 1e-20
3752.83 3.2590514e-15 1e-20
3754.3 3.3413809e-15 1e-20
3755.77 3.3166073e-15 1e-20
3757.24 3.4914601e-15 1e-20
3758.71 3.8046357e-15 1e-20
3760.18 3.7878466e-15 1e-20
3761.65 3.7056027e-15 1e-20
3763.12 3.6355675e-15 1e-20
3764.59 3.6494766e-15 1e-20
3766.06 3.7294323e-15 1e-20
3767.53 3.7334294e-15 1e-20
3769.0 3.7424762e-15 1e-20
3770.47 3.9812221e-15 1e-20
3771.94 4.3910662e-15 1e-20
3773.41 4.6679092e-15 1e-20
3774.88 4.4953508e-15 1e-20
3776.35 4.4465833e-15 1e-20
3777.82 4.4773819e-15 1e-20
3779.29 4.3006298e-15 1e-20
3780.76 4.3502545e-15 1e-20
3782.23 4.4937927e-15 1e-20
3783.7 4.4598017e-15 1e-20
3785.17 4.6204034e-15 1e-20
3786.64 4.7425129e-15 1e-20
3788.11 4.9107226e-15 1e-20
3789.58 4.9390351e-15 1e-20
3791.05 4.8479651e-15 1e-20
3792.52 5.0350188e-15 1e-20
3793.99 4.978163e-15 1e-20
3795.46 4.6375232e-15 1e-20
3796.93 4.8786709e-15 1e-20
3798.4 5.1550188e-15 1e-20
3799.87 5.2641543e-15 1e-20
3801.34 5.2444989e-15 1e-20
3802.81 5.3053557e-15 1e-20
3804.28 5.3762295e-15 1e-20
3805.75 5.3834763e-15 1e-20
3807.22 5.6673551e-15 1e-20
3808.69 5.7403931e-15 1e-20
3810.16 5.7162082e-15 1e-20
3811.63 5.8746906e-15 1e-20
3813.1 5.9233416e-15 1e-20
3814.57 5.8483326e-15 1e-20
3816.04 6.1544347e-15 1e-20
3817.51 6.3652828e-15 1e-20
3818.98 6.4561609e-15 1e-20
3820.45 6.476959e-15 1e-20
3821.92 6.2460027e-15 1e-20
3823.39 6.2828012e-15 1e-20
3824.86 6.2738773e-15 1e-20
3826.33 6.2058682e-15 1e-20
3827.8 6.3595678e-15 1e-20
3829.27 6.457642e-15 1e-20
3830.74 6.5786542e-15 1e-20
3832.21 6.5635643e-15 1e-20
3833.68 6.8159572e-15 1e-20
3835.15 7.2021907e-15 1e-20
3836.62 7.1634144e-15 1e-20
3838.09 7.1680002e-15 1e-20
3839.56 7.1288182e-15 1e-20
3841.03 6.8785538e-15 1e-20
3842.5 7.0751929e-15 1e-20
3843.97 7.3034713e-15 1e-20
3845.44 7.3394659e-15 1e-20
3846.91 7.5149619e-15 1e-20
3848.38 7.4007073e-15 1e-20
3849.85 7.2264158e-15 1e-20
3851.32 7.158189e-15 1e-20
3852.79 7.2501277e-15 1e-20
3854.26 7.3711052e-15 1e-20
3855.73 7.4895314e-15 1e-20
3857.2 7.3674451e-15 1e-20
3858.67 7.4454984e-15 1e-20
3860.14 7.5788112e-15 1e-20
3861.61 7.6248271e-15 1e-20
3863.08 7.4664718e-15 1e-20
3864.55 7.7416482e-15 1e-20
3866.02 8.0555713e-15 1e-20
3867.49 7.7056722e-15 1e-20
3868.96 7.6270463e-15 1e-20
3870.43 7.7633941e-15 1e-20
3871.9 7.998289e-15 1e-20
3873.37 8.0284637e-15 1e-20
3874.84 8.1296918e-15 1e-20
3876.31 8.1549486e-15 1e-20
3877.78 7.9754217e-15 1e-20
3879.25 7.7507292e-15 1e-20
3880.72 8.0733446e-15 1e-20
3882.19 8.4364168e-15 1e-20
3883.66 8.176481e-15 1e-20
3885.13 8.0378683e-15 1e-20
3886.6 8.2306895e-15 1e-20
3888.07 8.0360887e-15 1e-20
3889.54 8.0736758e-15 1e-20
3891.01 8.4335073e-15 1e-20
3892.48 8.3570007e-15 1e-20
3893.95 8.2104327e-15 1e-20
3895.42 8.1385594e-15 1e-20
3896.89 8.1454195e-15 1e-20
3898.36 8.6928222e-15 1e-20
3899.83 8.7438423e-15 1e-20
3901.3 8.4308933e-15 1e-20
3902.77 8.3988221e-15 1e-20
3904.24 8.550856e-15 1e-20
3905.71 8.7221727e-15 1e-20
3907.18 9.0244593e-15 1e-20
3908.65 9.0527815e-15 1e-20
3910.12 8.9848359e-15 1e-20
3911.59 8.8436355e-15 1e-20
3913.06 8.7410615e-15 1e-20
3914.53 8.9142993e-15 1e-20
3916.0 8.6530565e-15 1e-20
3917.47 8.8325961e-15 1e-20
3918.94 9.327825e-15 1e-20
3920.41 9.2726916e-15 1e-20
3921.88 9.2219052e-15 1e-20
3923.35 9.23436e-15 1e-20
3924.82 8.9916257e-15 1e-20
3926.29 8.9758718e-15 1e-20
3927.76 8.9240994e-15 1e-20
3929.23 8.7408049e-15 1e-20
3930.7 8.5102374e-15 1e-20
3932.17 8.3612858e-15 1e-20
3933.64 8.7360318e-15 1e-20
3935.11 8.9475682e-15 1e-20
3936.58 8.8584688e-15 1e-20
3938.05 8.8109943e-15 1e-20
3939.52 8.5141126e-15 1e-20
3940.99 8.4026651e-15 1e-20
3942.46 8.3757718e-15 1e-20
3943.93 8.3671363e-15 1e-20
3945.4 8.2817613e-15 1e-20
3946.87 8.0436985e-15 1e-20
3948.34 8.1897202e-15 1e-20
3949.81 8.3288648e-15 1e-20
3951.28 8.3554591e-15 1e-20
3952.75 8.1688992e-15 1e-20
3954.22 8.0163325e-15 1e-20
3955.69 7.9233817e-15 1e-20
3957.16 7.7653897e-15 1e-20
3958.63 7.4704884e-15 1e-20
3960.1 7.3849533e-15 1e-20
3961.57 7.1527223e-15 1e-20
3963.04 7.37939e-15 1e-20
3964.51 7.6071699e-15 1e-20
3965.98 7.5644819e-15 1e-20
3967.45 7.6135362e-15 1e-20
3968.92 7.5089649e-15 1e-20
3970.39 7.5428487e-15 1e-20
3971.86 7.3573578e-15 1e-20
3973.33 7.4961315e-15 1e-20
3974.8 7.6250177e-15 1e-20
3976.27 7.3182639e-15 1e-20
3977.74 7.4820419e-15 1e-20
3979.21 7.5366866e-15 1e-20
3980.68 7.684105e-15 1e-20
3982.15 7.680002e-15 1e-20
3983.62 7.4514725e-15 1e-20
3985.09 7.2592833e-15 1e-20
3986.56 7.4270153e-15 1e-20
3988.03 7.6336422e-15 1e-20
3989.5 7.3528423e-15 1e-20
3990.97 7.4651529e-15 1e-20
3992.44 7.3680991e-15 1e-20
3993.91 6.9034303e-15 1e-20
3995.38 6.9392772e-15 1e-20
3996.85 7.2674775e-15 1e-20
3998.32 7.6759218e-15 1e-20
3999.79 7.604107e-15 1e-20
4001.26 7.69657e-15 1e-20
4002.73 7.780865e-15 1e-20
4004.2 7.6887671e-15 1e-20
4005.67 7.7813884e-15 1e-20
4007.14 7.8262727e-15 1e-20
4008.61 7.7423089e-15 1e-20
4010.08 7.7074357e-15 1e-20
4011.55 7.7896267e-15 1e-20
4013.02 7.6877693e-15 1e-20
4014.49 7.607125e-15 1e-20
4015.96 7.8041423e-15 1e-20
4017.43 8.0837606e-15 1e-20
4018.9 8.1231086e-15 1e-20
4020.37 7.9588554e-15 1e-20
4021.84 8.0509931e-15 1e-20
4023.31 8.2801121e-15 1e-20
4024.78 8.246357e-15 1e-20
4026.25 8.1194927e-15 1e-20
4027.72 8.1465884e-15 1e-20
4029.19 8.1881379e-15 1e-20
4030.66 8.3128313e-15 1e-20
4032.13 8.3537142e-15 1e-20
4033.6 8.2966945e-15 1e-20
4035.07 8.2974738e-15 1e-20
4036.54 8.3560393e-15 1e-20
4038.01 8.3238114e-15 1e-20
4039.48 8.4248921e-15 1e-20
4040.95 8.5821217e-15 1e-20
4042.42 8.5929654e-15 1e-20
4043.89 8.5437986e-15 1e-20
4045.36 8.6477837e-15 1e-20
4046.83 8.9775032e-15 1e-20
4048.3 8.8657355e-15 1e-20
4049.77 8.4621404e-15 1e-20
4051.24 8.5586962e-15 1e-20
4052.71 8.6091717e-15 1e-20
4054.18 8.7252127e-15 1e-20
4055.65 8.8860092e-15 1e-20
4057.12 8.7710838e-15 1e-20
4058.59 8.7626084e-15 1e-20
4060.06 8.7324032e-15 1e-20
4061.53 8.6836437e-15 1e-20
4063.0 8.7366324e-15 1e-20
4064.47 8.7426785e-15 1e-20
4065.94 8.7369568e-15 1e-20
4067.41 8.7697285e-15 1e-20
4068.88 8.7793576e-15 1e-20
4070.35 8.7502154e-15 1e-20
4071.82 8.6822851e-15 1e-20
4073.29 8.763258e-15 1e-20
4074.76 8.7186753e-15 1e-20
4076.23 8.8568814e-15 1e-20
4077.7 9.0718245e-15 1e-20
4079.17 8.9669e-15 1e-20
4080.64 8.8336211e-15 1e-20
4082.11 8.8365018e-15 1e-20
4083.58 8.6868175e-15 1e-20
4085.05 8.5121136e-15 1e-20
4086.52 8.5475289e-15 1e-20
4087.99 8.5810147e-15 1e-20
4089.46 8.5974039e-15 1e-20
4090.93 8.6228937e-15 1e-20
4092.4 8.6813618e-15 1e-20
4093.87 8.5538283e-15 1e-20
4095.34 8.3649213e-15 1e-20
4096.81 8.3120097e-15 1e-20
4098.28 8.147881e-15 1e-20
4099.75 8.1343657e-15 1e-20
4101.22 8.2819434e-15 1e-20
4102.69 8.213266e-15 1e-20
4104.16 8.1830159e-15 1e-20
4105.63 8.2828743e-15 1e-20
4107.1 8.1300026e-15 1e-20
4108.57 8.2350542e-15 1e-20
4110.04 8.2605897e-15 1e-20
4111.51 8.186199e-15 1e-20
4112.98 8.0564785e-15 1e-20
4114.45 8.0322593e-15 1e-20
4115.92 7.9660865e-15 1e-20
4117.39 7.8998104e-15 1e-20
4118.86 7.9460415e-15 1e-20
4120.33 8.0976011e-15 1e-20
4121.8 8.0164579e-15 1e-20
4123.27 7.9109591e-15 1e-20
4124.74 7.6029449e-15 1e-20
4126.21 7.6596215e-15 1e-20
4127.68 7.7631654e-15 1e-20
4129.15 7.8546653e-15 1e-20
4130.62 7.9503571e-15 1e-20
4132.09 7.7095211e-15 1e-20
4133.56 7.7672769e-15 1e-20
4135.03 7.7382491e-15 1e-20
4136.5 7.5953978e-15 1e-20
4137.97 7.8180963e-15 1e-20
4139.44 7.5954994e-15 1e-20
4140.91 7.3721072e-15 1e-20
4142.38 7.6022833e-15 1e-20
4143.85 7.5208157e-15 1e-20
4145.32 7.4329496e-15 1e-20
4146.79 7.5290175e-15 1e-20
4148.26 7.3781686e-15 1e-20
4149.73 7.4123828e-15 1e-20
4151.2 7.4431174e-15 1e-20
4152.67 7.3964636e-15 1e-20
4154.14 7.2630365e-15 1e-20
4155.61 7.1742742e-15 1e-20
4157.08 7.387663e-15 1e-20
4158.55 7.3588495e-15 1e-20
4160.02 7.2197717e-15 1e-20
4161.49 7.3160387e-15 1e-20
4162.96 7.2139213e-15 1e-20
4164.43 6.9158072e-15 1e-20
4165.9 6.8394793e-15 1e-20
4167.37 7.0045254e-15 1e-20
4168.84 6.8351074e-15 1e-20
4170.31 6.7953472e-15 1e-20
4171.78 6.8191853e-15 1e-20
4173.25 6.6282907e-15 1e-20
4174.72 6.6007355e-15 1e-20
4176.19 6.5439419e-15 1e-20
4177.66 6.4558954e-15 1e-20
4179.13 6.5684394e-15 1e-20
4180.6 6.4642471e-15 1e-20
4182.07 6.2664946e-15 1e-20
4183.54 6.1607489e-15 1e-20
4185.01 6.1498569e-15 1e-20
4186.48 6.2831045e-15 1e-20
4187.95 6.2156624e-15 1e-20
4189.42 6.0481541e-15 1e-20
4190.89 6.0542671e-15 1e-20
4192.36 6.0454923e-15 1e-20
4193.83 5.9111096e-15 1e-20
4195.3 5.8677259e-15 1e-20
4196.77 5.7879349e-15 1e-20
4198.24 5.6357087e-15 1e-20
4199.71 5.5166045e-15 1e-20
4201.18 5.4385262e-15 1e-20
4202.65 5.3760432e-15 1e-20
4204.12 5.2877091e-15 1e-20
4205.59 5.3589229e-15 1e-20
4207.06 5.335699e-15 1e-20
4208.53 5.2122507e-15 1e-20
4210.0 5.236849e-15 1e-20
4211.47 5.2286226e-15 1e-20
4212.94 5.2964741e-15 1e-20
4214.41 5.1934245e-15 1e-20
4215.88 5.0639877e-15 1e-20
4217.35 4.9589692e-15 1e-20
4218.82 4.9411227e-15 1e-20
4220.29 4.9101598e-15 1e-20
4221.76 4.7779646e-15 1e-20
4223.23 4.7668494e-15 1e-20
4224.7 4.7619993e-15 1e-20
4226.17 4.7074669e-15 1e-20
4227.64 4.7414918e-15 1e-20
4229.11 4.7277656e-15 1e-20
4230.58 4.6817489e-15 1e-20
4232.05 4.6906228e-15 1e-20
4233.52 4.5725346e-15 1e-20
4234.99 4.673118e-15 1e-20
4236.46 4.6931826e-15 1e-20
4237.93 4.5073761e-15 1e-20
4239.4 4.3727614e-15 1e-20
4240.87 4.4579789e-15 1e-20
4242.34 4.430665e-15 1e-20
4243.81 4.3297131e-15 1e-20
4245.28 4.4341756e-15 1e-20
4246.75 4.4003866e-15 1e-20
4248.22 4.2506015e-15 1e-20
4249.69 4.2076108e-15 1e-20
4251.16 4.1866624e-15 1e-20
4252.63 4.2308339e-15 1e-20
4254.1 4.4105958e-15 1e-20
4255.57 4.2804306e-15 1e-20
4257.04 4.2925953e-15 1e-20
4258.51 4.3393744e-15 1e-20
4259.98 4.2067658e-15 1e-20
4261.45 4.0795584e-15 1e-20
4262.92 4.0949168e-15 1e-20
4264.39 4.3130007e-15 1e-20
4265.86 4.3551465e-15 1e-20
4267.33 4.2013499e-15 1e-20
4268.8 4.179222e-15 1e-20
4270.27 4.0584161e-15 1e-20
4271.74 4.1190386e-15 1e-20
4273.21 4.1183348e-15 1e-20
4274.68 3.8739971e-15 1e-20
4276.15 3.9414819e-15 1e-20
4277.62 4.030973e-15 1e-20
4279.09 3.9505519e-15 1e-20
4280.56 3.9376787e-15 1e-20
4282.03 4.1068431e-15 1e-20
4283.5 4.1155459e-15 1e-20
4284.97 4.1026168e-15 1e-20
4286.44 4.1225665e-15 1e-20
4287.91 4.0618046e-15 1e-20
4289.38 4.0761271e-15 1e-20
4290.85 4.0644588e-15 1e-20
4292.32 4.2974653e-15 1e-20
4293.79 4.2725926e-15 1e-20
4295.26 4.2533048e-15 1e-20
4296.73 4.3815867e-15 1e-20
4298.2 4.2884342e-15 1e-20
4299.67 4.2763653e-15 1e-20
4301.14 4.3497437e-15 1e-20
4302.61 4.3537574e-15 1e-20
4304.08 4.4451264e-15 1e-20
4305.55 4.5660289e-15 1e-20
4307.02 4.6947504e-15 1e-20
4308.49 4.7650541e-15 1e-20
4309.96 4.7891865e-15 1e-20
4311.43 4.9323038e-15 1e-20
4312.9 4.9797634e-15 1e-20
4314.37 4.9714642e-15 1e-20
4315.84 4.9129647e-15 1e-20
4317.31 5.0630145e-15 1e-20
4318.78 5.116533e-15 1e-20
4320.25 5.0668215e-15 1e-20
4321.72 5.0887236e-15 1e-20
4323.19 5.1060429e-15 1e-20
4324.66 5.1780204e-15 1e-20
4326.13 5.2436642e-15 1e-20
4327.6 5.271039e-15 1e-20
4329.07 5.3402141e-15 1e-20
4330.54 5.4732436e-15 1e-20
4332.01 5.4865708e-15 1e-20
4333.48 5.3796054e-15 1e-20
4334.95 5.4406256e-15 1e-20
4336.42 5.571385e-15 1e-20
4337.89 5.6326802e-15 1e-20
4339.36 5.5890194e-15 1e-20
4340.83 5.5251506e-15 1e-20
4342.3 5.5549797e-15 1e-20
4343.77 5.6083102e-15 1e-20
4345.24 5.6774878e-15 1e-20
4346.71 5.6305063e-15 1e-20
4348.18 5.6302818e-15 1e-20
4349.65 5.6342963e-15 1e-20
4351.12 5.6931126e-15 1e-20
4352.59 5.8936608e-15 1e-20
4354.06 5.945032e-15 1e-20
4355.53 5.8464192e-15 1e-20
4357.0 5.8006387e-15 1e-20
4358.47 5.7003594e-15 1e-20
4359.94 5.7208601e-15 1e-20
4361.41 5.651569e-15 1e-20
4362.88 5.7261134e-15 1e-20
4364.35 5.920776e-15 1e-20
4365.82 5.794117e-15 1e-20
4367.29 5.613145e-15 1e-20
4368.76 5.5535118e-15 1e-20
4370.23 5.6110618e-15 1e-20
4371.7 5.7591481e-15 1e-20
4373.17 5.7977372e-15 1e-20
4374.64 5.7717312e-15 1e-20
4376.11 5.7082419e-15 1e-20
4377.58 5.7469258e-15 1e-20
4379.05 5.8307724e-15 1e-20
4380.52 5.7246828e-15 1e-20
4381.99 5.6392692e-15 1e-20
4383.46 5.6299413e-15 1e-20
4384.93 5.5595423e-15 1e-20
4386.4 5.5113325e-15 1e-20
4387.87 5.6042199e-15 1e-20
4389.34 5.5567619e-15 1e-20
4390.81 5.3592495e-15 1e-20
4392.28 5.4735633e-15 1e-20
4393.75 5.622423e-15 1e-20
4395.22 5.6438593e-15 1e-20
4396.69 5.5699773e-15 1e-20
4398.16 5.5849647e-15 1e-20
4399.63 5.5760619e-15 1e-20
4401.1 5.4615418e-15 1e-20
4402.57 5.4352093e-15 1e-20
4404.04 5.483668e-15 1e-20
4405.51 5.5535025e-15 1e-20
4406.98 5.5519376e-15 1e-20
4408.45 5.6564665e-15 1e-20
4409.92 5.803957e-15 1e-20
4411.39 5.8557844e-15 1e-20
4412.86 5.8186297e-15 1e-20
4414.33 5.7337164e-15 1e-20
4415.8 5.7274178e-15 1e-20
4417.27 5.7735943e-15 1e-20
4418.74 5.7831446e-15 1e-20
4420.21 5.8682383e-15 1e-20
4421.68 5.8331305e-15 1e-20
4423.15 5.8770322e-15 1e-20
4424.62 5.945248e-15 1e-20
4426.09 6.090227e-15 1e-20
4427.56 6.1025137e-15 1e-20
4429.03 5.9723959e-15 1e-20
4430.5 5.9628739e-15 1e-20
4431.97 6.017652e-15 1e-20
4433.44 6.0640541e-15 1e-20
4434.91 6.2578299e-15 1e-20
4436.38 6.2549563e-15 1e-20
4437.85 6.2939952e-15 1e-20
4439.32 6.275917e-15 1e-20
4440.79 6.1261641e-15 1e-20
4442.26 6.2448571e-15 1e-20
4443.73 6.3576218e-15 1e-20
4445.2 6.4243616e-15 1e-20
4446.67 6.3353287e-15 1e-20
4448.14 6.3168681e-15 1e-20
4449.61 6.3018866e-15 1e-20
4451.08 6.3731479e-15 1e-20
4452.55 6.3005949e-15 1e-20
4454.02 6.3226364e-15 1e-20
4455.49 6.3662721e-15 1e-20
4456.96 6.2315401e-15 1e-20
4458.43 6.1916995e-15 1e-20
4459.9 6.2878572e-15 1e-20
4461.37 6.3867246e-15 1e-20
4462.84 6.4557222e-15 1e-20
4464.31 6.4012635e-15 1e-20
4465.78 6.4913365e-15 1e-20
4467.25 6.5689912e-15 1e-20
4468.72 6.5878627e-15 1e-20
4470.19 6.5582758e-15 1e-20
4471.66 6.6953292e-15 1e-20
4473.13 6.8025661e-15 1e-20
4474.6 6.6950966e-15 1e-20
4476.07 6.7191096e-15 1e-20
4477.54 6.7272318e-15 1e-20
4479.01 6.6129937e-15 1e-20
4480.48 6.6809957e-15 1e-20
4481.95 6.9314074e-15 1e-20
4483.42 6.8631446e-15 1e-20
4484.89 6.7615743e-15 1e-20
4486.36 6.8814977e-15 1e-20
4487.83 6.8256642e-15 1e-20
4489.3 6.8148624e-15 1e-20
4490.77 6.8846961e-15 1e-20
4492.24 6.9172238e-15 1e-20
4493.71 6.829918e-15 1e-20
4495.18 6.9228536e-15 1e-20
4496.65 6.9813883e-15 1e-20
4498.12 6.7790914e-15 1e-20
4499.59 6.9213231e-15 1e-20
4501.06 7.0333364e-15 1e-20
4502.53 6.9330011e-15 1e-20
4504.0 6.8249053e-15 1e-20
4505.47 6.8384968e-15 1e-20
4506.94 6.7436829e-15 1e-20
4508.41 6.6257386e-15 1e-20
4509.88 6.7824168e-15 1e-20
4511.35 6.7049963e-15 1e-20
4512.82 6.5128842e-15 1e-20
4514.29 6.5816637e-15 1e-20
4515.76 6.4642226e-15 1e-20
4517.23 6.360572e-15 1e-20
4518.7 6.4218544e-15 1e-20
4520.17 6.5103274e-15 1e-20
4521.64 6.4085916e-15 1e-20
4523.11 6.2448029e-15 1e-20
4524.58 6.3123386e-15 1e-20
4526.05 6.3513008e-15 1e-20
4527.52 6.156299e-15 1e-20
4528.99 6.264668e-15 1e-20
4530.46 6.2283061e-15 1e-20
4531.93 6.0551705e-15 1e-20
4533.4 6.0783995e-15 1e-20
4534.87 6.0410868e-15 1e-20
4536.34 5.9706065e-15 1e-20
4537.81 5.9683424e-15 1e-20
4539.28 6.0594835e-15 1e-20
4540.75 5.9733657e-15 1e-20
4542.22 5.753445e-15 1e-20
4543.69 5.8318185e-15 1e-20
4545.16 5.9379623e-15 1e-20
4546.63 5.8040108e-15 1e-20
4548.1 5.6808192e-15 1e-20
4549.57 5.6178016e-15 1e-20
4551.04 5.6846719e-15 1e-20
4552.51 5.6343598e-15 1e-20
4553.98 5.644683e-15 1e-20
4555.45 5.6163451e-15 1e-20
4556.92 5.6055798e-15 1e-20
4558.39 5.5906195e-15 1e-20
4559.86 5.7109706e-15 1e-20
4561.33 5.6846867e-15 1e-20
4562.8 5.5484656e-15 1e-20
4564.27 5.5577033e-15 1e-20
4565.74 5.7246701e-15 1e-20
4567.21 5.6763769e-15 1e-20
4568.68 5.5861048e-15 1e-20
4570.15 5.5498653e-15 1e-20
4571.62 5.4576065e-15 1e-20
4573.09 5.4742338e-15 1e-20
4574.56 5.4612813e-15 1e-20
4576.03 5.5050082e-15 1e-20
4577.5 5.5679296e-15 1e-20
4578.97 5.5572239e-15 1e-20
4580.44 5.400652e-15 1e-20
4581.91 5.3869754e-15 1e-20
4583.38 5.3816501e-15 1e-20
4584.85 5.4159494e-15 1e-20
4586.32 5.4908098e-15 1e-20
4587.79 5.4212849e-15 1e-20
4589.26 5.4566608e-15 1e-20
4590.73 5.5602487e-15 1e-20
4592.2 5.3820058e-15 1e-20
4593.67 5.4599854e-15 1e-20
4595.14 5.5152272e-15 1e-20
4596.61 5.3896613e-15 1e-20
4598.08 5.304144e-15 1e-20
4599.55 5.2718657e-15 1e-20
4601.02 5.3765645e-15 1e-20
4602.49 5.2373936e-15 1e-20
4603.96 5.2065824e-15 1e-20
4605.43 5.1161209e-15 1e-20
4606.9 5.0473461e-15 1e-20
4608.37 4.943953e-15 1e-20
4609.84 4.9043974e-15 1e-20
4611.31 4.8738826e-15 1e-20
4612.78 4.9661233e-15 1e-20
4614.25 4.7209597e-15 1e-20
4615.72 4.6453824e-15 1e-20
4617.19 4.7217775e-15 1e-20
4618.66 4.646697e-15 1e-20
4620.13 4.6643271e-15 1e-20
4621.6 4.4446605e-15 1e-20
4623.07 4.3739778e-15 1e-20
4624.54 4.3663947e-15 1e-20
4626.01 4.2814123e-15 1e-20
4627.48 4.2504465e-15 1e-20
4628.95 4.3475495e-15 1e-20
4630.42 4.3174663e-15 1e-20
4631.89 4.2350466e-15 1e-20
4633.36 4.2665172e-15 1e-20
4634.83 4.2409555e-15 1e-20
4636.3 4.0515966e-15 1e-20
4637.77 4.1622915e-15 1e-20
4639.24 4.0809493e-15 1e-20
4640.71 4.021222e-15 1e-20
4642.18 4.0388958e-15 1e-20
4643.65 4.0501062e-15 1e-20
4645.12 4.0445815e-15 1e-20
4646.59 4.0521116e-15 1e-20
4648.06 3.9921607e-15 1e-20
4649.53 4.0061042e-15 1e-20
4651.0 3.9424852e-15 1e-20
4652.47 3.9005401e-15 1e-20
4653.94 3.9308292e-15 1e-20
4655.41 3.8474358e-15 1e-20
4656.88 3.9347217e-15 1e-20
4658.35 4.0413856e-15 1e-20
4659.82 4.0749662e-15 1e-20
4661.29 4.1765789e-15 1e-20
4662.76 4.0530357e-15 1e-20
4664.23 3.9515599e-15 1e-20
4665.7 4.015264e-15 1e-20
4667.17 4.0991778e-15 1e-20
4668.64 4.0503858e-15 1e-20
4670.11 4.0893594e-15 1e-20
4671.58 4.0206164e-15 1e-20
4673.05 4.0214397e-15 1e-20
4674.52 4.0818187e-15 1e-20
4675.99 4.0629494e-15 1e-20
4677.46 4.1262448e-15 1e-20
4678.93 4.1568921e-15 1e-20
4680.4 4.1338528e-15 1e-20
4681.87 4.1224319e-15 1e-20
4683.34 4.1583795e-15 1e-20
4684.81 4.0531293e-15 1e-20
4686.28 3.9840402e-15 1e-20
4687.75 4.1116089e-15 1e-20
4689.22 4.1713976e-15 1e-20
4690.69 4.0844107e-15 1e-20
4692.16 4.1010032e-15 1e-20
4693.63 4.165559e-15 1e-20
4695.1 4.1165217e-15 1e-20
4696.57 4.1090991e-15 1e-20
4698.04 4.2459479e-15 1e-20
4699.51 4.1582118e-15 1e-20
4700.98 4.1473528e-15 1e-20
4702.45 4.0333998e-15 1e-20
4703.92 3.9095581e-15 1e-20
4705.39 4.0180465e-15 1e-20
4706.86 4.1293322e-15 1e-20
4708.33 4.0404912e-15 1e-20
4709.8 3.8178274e-15 1e-20
4711.27 3.8850627e-15 1e-20
4712.74 4.0106548e-15 1e-20
4714.21 3.9890614e-15 1e-20
4715.68 3.8997897e-15 1e-20
4717.15 3.8854269e-15 1e-20
4718.62 3.9863094e-15 1e-20
4720.09 3.95798e-15 1e-20
4721.56 4.0314643e-15 1e-20
4723.03 4.0203851e-15 1e-20
4724.5 4.0823015e-15 1e-20
4725.97 4.1129061e-15 1e-20
4727.44 4.0401938e-15 1e-20
4728.91 4.0750827e-15 1e-20
4730.38 4.0462412e-15 1e-20
4731.85 4.0902391e-15 1e-20
4733.32 3.9696508e-15 1e-20
4734.79 3.9431666e-15 1e-20
4736.26 4.1631695e-15 1e-20
4737.73 4.1640889e-15 1e-20
4739.2 4.0387065e-15 1e-20
4740.67 4.0248897e-15 1e-20
4742.14 4.1247282e-15 1e-20
4743.61 4.1116686e-15 1e-20
4745.08 4.0620761e-15 1e-20
4746.55 4.1201453e-15 1e-20
4748.02 4.101339e-15 1e-20
4749.49 4.0961294e-15 1e-20
4750.96 4.1053641e-15 1e-20
4752.43 4.1785575e-15 1e-20
4753.9 4.2240144e-15 1e-20
4755.37 4.0322796e-15 1e-20
4756.84 3.9551666e-15 1e-20
4758.31 4.0826281e-15 1e-20
4759.78 4.1063154e-15 1e-20
4761.25 3.9773957e-15 1e-20
4762.72 3.9838801e-15 1e-20
4764.19 4.0095469e-15 1e-20
4765.66 3.8550413e-15 1e-20
4767.13 3.8972452e-15 1e-20
4768.6 3.977784e-15 1e-20
4770.07 3.8757496e-15 1e-20
4771.54 3.8620776e-15 1e-20
4773.01 3.858075e-15 1e-20
4774.48 3.7829114e-15 1e-20
4775.95 3.7302526e-15 1e-20
4777.42 3.736386e-15 1e-20
4778.89 3.6876354e-15 1e-20
4780.36 3.5120781e-15 1e-20
4781.83 3.5240732e-15 1e-20
4783.3 3.6555909e-15 1e-20
4784.77 3.6698566e-15 1e-20
4786.24 3.5041512e-15 1e-20
4787.71 3.4167213e-15 1e-20
4789.18 3.514374e-15 1e-20
4790.65 3.5100698e-15 1e-20
4792.12 3.373195e-15 1e-20
4793.59 3.3686191e-15 1e-20
4795.06 3.3281254e-15 1e-20
4796.53 3.237661e-15 1e-20
4798.0 3.272753e-15 1e-20
4799.47 3.3294616e-15 1e-20
4800.94 3.3627513e-15 1e-20
4802.41 3.2627326e-15 1e-20
4803.88 3.2368856e-15 1e-20
4805.35 3.1407228e-15 1e-20
4806.82 3.1045424e-15 1e-20
4808.29 3.1661255e-15 1e-20
4809.76 3.1619706e-15 1e-20
4811.23 3.184399e-15 1e-20
4812.7 3.1095145e-15 1e-20
4814.17 3.1075494e-15 1e-20
4815.64 3.0886133e-15 1e-20
4817.11 3.0186213e-15 1e-20
4818.58 3.0626086e-15 1e-20
4820.05 3.0435471e-15 1e-20
4821.52 3.0089797e-15 1e-20
4822.99 3.0440564e-15 1e-20
4824.46 2.9508229e-15 1e-20
4825.93 2.9691145e-15 1e-20
4827.4 2.9785247e-15 1e-20
4828.87 2.862205e-15 1e-20
4830.34 2.8459928e-15 1e-20
4831.81 2.9045217e-15 1e-20
4833.28 2.9925621e-15 1e-20
4834.75 2.8913391e-15 1e-20
4836.22 2.7673011e-15 1e-20
4837.69 2.8296095e-15 1e-20
4839.16 2.920342e-15 1e-20
4840.63 2.8810445e-15 1e-20
4842.1 2.909158e-15 1e-20
4843.57 2.8932962e-15 1e-20
4845.04 2.8971532e-15 1e-20
4846.51 2.9726329e-15 1e-20
4847.98 2.9924132e-15 1e-20
4849.45 2.9087497e-15 1e-20
4850.92 2.8344638e-15 1e-20
4852.39 2.9294611e-15 1e-20
4853.86 3.0076963e-15 1e-20
4855.33 3.1099943e-15 1e-20
4856.8 3.1861682e-15 1e-20
4858.27 3.1272641e-15 1e-20
4859.74 3.0485766e-15 1e-20
4861.21 3.038793e-15 1e-20
4862.68 3.034713e-15 1e-20
4864.15 3.0838653e-15 1e-20
4865.62 3.1049428e-15 1e-20
4867.09 3.1709739e-15 1e-20
4868.56 3.1627499e-15 1e-20
4870.03 3.1047275e-15 1e-20
4871.5 3.228595e-15 1e-20
4872.97 3.3007167e-15 1e-20
4874.44 3.2761941e-15 1e-20
4875.91 3.3549309e-15 1e-20
4877.38 3.3377113e-15 1e-20
4878.85 3.3135317e-15 1e-20
4880.32 3.3065056e-15 1e-20
4881.79 3.2618352e-15 1e-20
4883.26 3.386226e-15 1e-20
4884.73 3.4133056e-15 1e-20
4886.2 3.3886519e-15 1e-20
4887.67 3.4403922e-15 1e-20
4889.14 3.4505873e-15 1e-20
4890.61 3.4476623e-15 1e-20
4892.08 3.3892912e-15 1e-20
4893.55 3.4572653e-15 1e-20
4895.02 3.4371185e-15 1e-20
4896.49 3.3818578e-15 1e-20
4897.96 3.5040599e-15 1e-20
4899.43 3.6904302e-15 1e-20
4900.9 3.6575336e-15 1e-20
4902.37 3.6071618e-15 1e-20
4903.84 3.6320252e-15 1e-20
4905.31 3.6451233e-15 1e-20
4906.78 3.5681165e-15 1e-20
4908.25 3.5430859e-15 1e-20
4909.72 3.6613766e-15 1e-20
4911.19 3.6454867e-15 1e-20
4912.66 3.7801746e-15 1e-20
4914.13 3.8694972e-15 1e-20
4915.6 3.8501705e-15 1e-20
4917.07 3.8145832e-15 1e-20
4918.54 3.7281541e-15 1e-20
4920.01 3.7243158e-15 1e-20
4921.48 3.7245424e-15 1e-20
4922.95 3.741123e-15 1e-20
4924.42 3.7607069e-15 1e-20
4925.89 3.8918665e-15 1e-20
4927.36 3.8764196e-15 1e-20
4928.83 3.8626147e-15 1e-20
4930.3 3.8864311e-15 1e-20
4931.77 3.9677539e-15 1e-20
4933.24 3.941008e-15 1e-20
4934.71 3.8384738e-15 1e-20
4936.18 3.7927311e-15 1e-20
4937.65 3.8172997e-15 1e-20
4939.12 3.7850277e-15 1e-20
4940.59 3.8383124e-15 1e-20
4942.06 3.9500225e-15 1e-20
4943.53 3.8877745e-15 1e-20
4945.0 3.842709e-15 1e-20
4946.47 3.8938816e-15 1e-20
4947.94 3.9713119e-15 1e-20
4949.41 3.9756563e-15 1e-20
4950.88 4.0488653e-15 1e-20
4952.35 4.1128168e-15 1e-20
4953.82 4.124394e-15 1e-20
4955.29 4.127293e-15 1e-20
4956.76 4.1507998e-15 1e-20
4958.23 4.1300424e-15 1e-20
4959.7 4.058228e-15 1e-20
4961.17 4.1293343e-15 1e-20
4962.64 4.1862833e-15 1e-20
4964.11 4.2185036e-15 1e-20
4965.58 4.2424937e-15 1e-20
4967.05 4.2158736e-15 1e-20
4968.52 4.2243634e-15 1e-20
4969.99 4.2817765e-15 1e-20
4971.46 4.2315043e-15 1e-20
4972.93 4.1870774e-15 1e-20
4974.4 4.3139994e-15 1e-20
4975.87 4.3629697e-15 1e-20
4977.34 4.3190917e-15 1e-20
4978.81 4.3311209e-15 1e-20
4980.28 4.3157345e-15 1e-20
4981.75 4.3358206e-15 1e-20
4983.22 4.3266625e-15 1e-20
4984.69 4.1872887e-15 1e-20
4986.16 4.2631545e-15 1e-20
4987.63 4.3592288e-15 1e-20
4989.1 4.4236054e-15 1e-20
4990.57 4.5025705e-15 1e-20
4992.04 4.6245394e-15 1e-20
4993.51 4.5212387e-15 1e-20
4994.98 4.4807399e-15 1e-20
4996.45 4.5236659e-15 1e-20
4997.92 4.5583616e-15 1e-20
4999.39 4.6331682e-15 1e-20
5000.86 4.6096194e-15 1e-20
5002.33 4.5404032e-15 1e-20
5003.8 4.5047482e-15 1e-20
5005.27 4.5750028e-15 1e-20
5006.74 4.6218853e-15 1e-20
5008.21 4.6838207e-15 1e-20
5009.68 4.700091e-15 1e-20
5011.15 4.623404e-15 1e-20
5012.62 4.6775823e-15 1e-20
5014.09 4.7529462e-15 1e-20
5015.56 4.7862778e-15 1e-20
5017.03 4.7340659e-15 1e-20
5018.5 4.7484371e-15 1e-20
5019.97 4.8742367e-15 1e-20
5021.44 4.9296898e-15 1e-20
5022.91 4.8491213e-15 1e-20
5024.38 4.7902856e-15 1e-20
5025.85 4.8584056e-15 1e-20
5027.32 4.9293358e-15 1e-20
5028.79 4.9064354e-15 1e-20
5030.26 4.9430005e-15 1e-20
5031.73 5.0169063e-15 1e-20
5033.2 5.0500816e-15 1e-20
5034.67 5.0810627e-15 1e-20
5036.14 5.0551795e-15 1e-20
5037.61 5.1883326e-15 1e-20
5039.08 5.1912604e-15 1e-20
5040.55 5.1324263e-15 1e-20
5042.02 5.1524561e-15 1e-20
5043.49 5.1721416e-15 1e-20
5044.96 5.2350228e-15 1e-20
5046.43 5.2692069e-15 1e-20
5047.9 5.1779327e-15 1e-20
5049.37 5.3747421e-15 1e-20
5050.84 5.3631581e-15 1e-20
5052.31 5.3790942e-15 1e-20
5053.78 5.4183029e-15 1e-20
5055.25 5.473482e-15 1e-20
5056.72 5.4760341e-15 1e-20
5058.19 5.3883577e-15 1e-20
5059.66 5.3578667e-15 1e-20
5061.13 5.4996092e-15 1e-20
5062.6 5.4880827e-15 1e-20
5064.07 5.443564e-15 1e-20
5065.54 5.4670899e-15 1e-20
5067.01 5.4901859e-15 1e-20
5068.48 5.6295343e-15 1e-20
5069.95 5.6355673e-15 1e-20
5071.42 5.6729955e-15 1e-20
5072.89 5.6021383e-15 1e-20
5074.36 5.5945493e-15 1e-20
5075.83 5.5933325e-15 1e-20
5077.3 5.4979405e-15 1e-20
5078.77 5.5673773e-15 1e-20
5080.24 5.6068664e-15 1e-20
5081.71 5.6368869e-15 1e-20
5083.18 5.5586215e-15 1e-20
5084.65 5.6301331e-15 1e-20
5086.12 5.4885876e-15 1e-20
5087.59 5.4796255e-15 1e-20
5089.06 5.5588214e-15 1e-20
5090.53 5.6182954e-15 1e-20
5092.0 5.6518007e-15 1e-20
5093.47 5.5065328e-15 1e-20
5094.94 5.4137264e-15 1e-20
5096.41 5.4221243e-15 1e-20
5097.88 5.4652912e-15 1e-20
5099.35 5.4934504e-15 1e-20
5100.82 5.4001002e-15 1e-20
5102.29 5.3943933e-15 1e-20
5103.76 5.3901793e-15 1e-20
5105.23 5.4264848e-15 1e-20
5106.7 5.3845978e-15 1e-20
5108.17 5.3878707e-15 1e-20
5109.64 5.3559155e-15 1e-20
5111.11 5.4318906e-15 1e-20
5112.58 5.3840612e-15 1e-20
5114.05 5.2622417e-15 1e-20
5115.52 5.3366307e-15 1e-20
5116.99 5.3341138e-15 1e-20
5118.46 5.3379703e-15 1e-20
5119.93 5.4864048e-15 1e-20
5121.4 5.2726348e-15 1e-20
5122.87 5.2146546e-15 1e-20
5124.34 5.2516398e-15 1e-20
5125.81 5.2683239e-15 1e-20
5127.28 5.3304753e-15 1e-20
5128.75 5.3735114e-15 1e-20
5130.22 5.3544832e-15 1e-20
5131.69 5.3499736e-15 1e-20
5133.16 5.2797842e-15 1e-20
5134.63 5.296054e-15 1e-20
5136.1 5.3930147e-15 1e-20
5137.57 5.4073042e-15 1e-20
5139.04 5.3710588e-15 1e-20
5140.51 5.2876193e-15 1e-20
5141.98 5.3526464e-15 1e-20
5143.45 5.3852593e-15 1e-20
5144.92 5.4668929e-15 1e-20
5146.39 5.4248784e-15 1e-20
5147.86 5.4058257e-15 1e-20
5149.33 5.411818e-15 1e-20
5150.8 5.4401436e-15 1e-20
5152.27 5.4926512e-15 1e-20
5153.74 5.4925339e-15 1e-20
5155.21 5.5780156e-15 1e-20
5156.68 5.516499e-15 1e-20
5158.15 5.5507187e-15 1e-20
5159.62 5.6651385e-15 1e-20
5161.09 5.5193188e-15 1e-20
5162.56 5.5675344e-15 1e-20
5164.03 5.6636435e-15 1e-20
5165.5 5.8304776e-15 1e-20
5166.97 5.6806862e-15 1e-20
5168.44 5.6141369e-15 1e-20
5169.91 5.6245906e-15 1e-20
5171.38 5.5986015e-15 1e-20
5172.85 5.6244622e-15 1e-20
5174.32 5.6009969e-15 1e-20
5175.79 5.7135959e-15 1e-20
5177.26 5.7791372e-15 1e-20
5178.73 5.7267457e-15 1e-20
5180.2 5.6914257e-15 1e-20
5181.67 5.635826e-15 1e-20
5183.14 5.6301052e-15 1e-20
5184.61 5.4235299e-15 1e-20
5186.08 5.3520175e-15 1e-20
5187.55 5.3837876e-15 1e-20
5189.02 5.3160131e-15 1e-20
5190.49 5.2579253e-15 1e-20
5191.96 5.2444507e-15 1e-20
5193.43 5.2580125e-15 1e-20
5194.9 5.3277458e-15 1e-20
5196.37 5.2618424e-15 1e-20
5197.84 5.2636533e-15 1e-20
5199.31 5.1711086e-15 1e-20
5200.78 5.1030165e-15 1e-20
5202.25 5.0646188e-15 1e-20
5203.72 5.0206302e-15 1e-20
5205.19 4.9569376e-15 1e-20
5206.66 5.022744e-15 1e-20
5208.13 4.9528676e-15 1e-20
5209.6 4.8889217e-15 1e-20
5211.07 4.7924993e-15 1e-20
5212.54 4.6945319e-15 1e-20
5214.01 4.6784014e-15 1e-20
5215.48 4.724674e-15 1e-20
5216.95 4.6260463e-15 1e-20
5218.42 4.6005159e-15 1e-20
5219.89 4.5323047e-15 1e-20
5221.36 4.4768372e-15 1e-20
5222.83 4.5127908e-15 1e-20
5224.3 4.500627e-15 1e-20
5225.77 4.4925755e-15 1e-20
5227.24 4.4310737e-15 1e-20
5228.71 4.3513633e-15 1e-20
5230.18 4.4093795e-15 1e-20
5231.65 4.3131824e-15 1e-20
5233.12 4.2591286e-15 1e-20
5234.59 4.2215457e-15 1e-20
5236.06 4.1674982e-15 1e-20
5237.53 4.1937499e-15 1e-20
5239.0 4.163308e-15 1e-20
5240.47 4.2030965e-15 1e-20
5241.94 4.1800915e-15 1e-20
5243.41 4.0993549e-15 1e-20
5244.88 4.1477442e-15 1e-20
5246.35 4.2941644e-15 1e-20
5247.82 4.1936199e-15 1e-20
5249.29 4.1265116e-15 1e-20
5250.76 4.1808543e-15 1e-20
5252.23 4.2001327e-15 1e-20
5253.7 4.1280498e-15 1e-20
5255.17 4.1093456e-15 1e-20
5256.64 4.0755393e-15 1e-20
5258.11 4.0030006e-15 1e-20
5259.58 4.0110186e-15 1e-20
5261.05 3.9966364e-15 1e-20
5262.52 4.0626661e-15 1e-20
5263.99 4.1460509e-15 1e-20
5265.46 4.0693394e-15 1e-20
5266.93 3.9360926e-15 1e-20
5268.4 4.0503837e-15 1e-20
5269.87 4.1132318e-15 1e-20
5271.34 4.0802949e-15 1e-20
5272.81 4.1138451e-15 1e-20
5274.28 4.0340135e-15 1e-20
5275.75 4.016064e-15 1e-20
5277.22 4.0300244e-15 1e-20
5278.69 4.0083662e-15 1e-20
5280.16 3.934496e-15 1e-20
5281.63 3.9168502e-15 1e-20
5283.1 3.9351787e-15 1e-20
5284.57 4.0111775e-15 1e-20
5286.04 3.978094e-15 1e-20
5287.51 4.0514119e-15 1e-20
5288.98 4.1136888e-15 1e-20
5290.45 4.0966181e-15 1e-20
5291.92 4.1295618e-15 1e-20
5293.39 4.0716027e-15 1e-20
5294.86 4.0274748e-15 1e-20
5296.33 4.0532792e-15 1e-20
5297.8 4.1013259e-15 1e-20
5299.27 4.1294118e-15 1e-20
5300.74 4.1940481e-15 1e-20
5302.21 4.2054559e-15 1e-20
5303.68 4.1502899e-15 1e-20
5305.15 4.1761507e-15 1e-20
5306.62 4.2360596e-15 1e-20
5308.09 4.2501606e-15 1e-20
5309.56 4.261532e-15 1e-20
5311.03 4.3024895e-15 1e-20
5312.5 4.1806751e-15 1e-20
5313.97 4.1312202e-15 1e-20
5315.44 4.2199652e-15 1e-20
5316.91 4.3266231e-15 1e-20
5318.38 4.2561851e-15 1e-20
5319.85 4.2194315e-15 1e-20
5321.32 4.2962439e-15 1e-20
5322.79 4.2589867e-15 1e-20
5324.26 4.185623e-15 1e-20
5325.73 4.2320773e-15 1e-20
5327.2 4.296553e-15 1e-20
5328.67 4.3449707e-15 1e-20
5330.14 4.3198367e-15 1e-20
5331.61 4.3014332e-15 1e-20
5333.08 4.2329057e-15 1e-20
5334.55 4.2089965e-15 1e-20
5336.02 4.2797661e-15 1e-20
5337.49 4.3075882e-15 1e-20
5338.96 4.289562e-15 1e-20
5340.43 4.2122741e-15 1e-20
5341.9 4.2107147e-15 1e-20
5343.37 4.2538812e-15 1e-20
5344.84 4.2734841e-15 1e-20
5346.31 4.3054143e-15 1e-20
5347.78 4.2339996e-15 1e-20
5349.25 4.1920698e-15 1e-20
5350.72 4.1810876e-15 1e-20
5352.19 4.3030388e-15 1e-20
5353.66 4.3349029e-15 1e-20
5355.13 4.2030668e-15 1e-20
5356.6 4.1653705e-15 1e-20
5358.07 4.1523393e-15 1e-20
5359.54 4.0962844e-15 1e-20
5361.01 4.033147e-15 1e-20
5362.48 4.1326682e-15 1e-20
5363.95 4.2028085e-15 1e-20
5365.42 4.0743106e-15 1e-20
5366.89 4.0360768e-15 1e-20
5368.36 4.1144676e-15 1e-20
5369.83 4.0942091e-15 1e-20
5371.3 4.0693504e-15 1e-20
5372.77 4.0507259e-15 1e-20
5374.24 3.9694497e-15 1e-20
5375.71 3.9414281e-15 1e-20
5377.18 3.9730949e-15 1e-20
5378.65 4.0246402e-15 1e-20
5380.12 4.063522e-15 1e-20
5381.59 4.0377506e-15 1e-20
5383.06 4.048676e-15 1e-20
5384.53 3.9489824e-15 1e-20
5386.0 3.8947337e-15 1e-20
5387.47 3.9621995e-15 1e-20
5388.94 3.7887229e-15 1e-20
5390.41 3.7384074e-15 1e-20
5391.88 3.7918349e-15 1e-20
5393.35 3.711446e-15 1e-20
5394.82 3.6289941e-15 1e-20
5396.29 3.6543496e-15 1e-20
5397.76 3.7083043e-15 1e-20
5399.23 3.702738e-15 1e-20
5400.7 3.632915e-15 1e-20
5402.17 3.5808635e-15 1e-20
5403.64 3.5616342e-15 1e-20
5405.11 3.6719319e-15 1e-20
5406.58 3.6826617e-15 1e-20
5408.05 3.6328493e-15 1e-20
5409.52 3.6358419e-15 1e-20
5410.99 3.598113e-15 1e-20
5412.46 3.5726511e-15 1e-20
5413.93 3.5926343e-15 1e-20
5415.4 3.5878389e-15 1e-20
5416.87 3.5180455e-15 1e-20
5418.34 3.5358812e-15 1e-20
5419.81 3.5389113e-15 1e-20
5421.28 3.5642634e-15 1e-20
5422.75 3.5099665e-15 1e-20
5424.22 3.4280484e-15 1e-20
5425.69 3.461235e-15 1e-20
5427.16 3.5580314e-15 1e-20
5428.63 3.4855778e-15 1e-20
5430.1 3.58281e-15 1e-20
5431.57 3.5579776e-15 1e-20
5433.04 3.5527806e-15 1e-20
5434.51 3.5270867e-15 1e-20
5435.98 3.5120112e-15 1e-20
5437.45 3.4789083e-15 1e-20
5438.92 3.5320221e-15 1e-20
5440.39 3.5479775e-15 1e-20
5441.86 3.5663916e-15 1e-20
5443.33 3.5803693e-15 1e-20
5444.8 3.6634827e-15 1e-20
5446.27 3.6553275e-15 1e-20
5447.74 3.7477672e-15 1e-20
5449.21 3.7849765e-15 1e-20
5450.68 3.7498767e-15 1e-20
5452.15 3.8158347e-15 1e-20
5453.62 3.7966139e-15 1e-20
5455.09 3.8377576e-15 1e-20
5456.56 3.9350847e-15 1e-20
5458.03 3.9278976e-15 1e-20
5459.5 3.9686149e-15 1e-20
5460.97 4.0109522e-15 1e-20
5462.44 3.9633243e-15 1e-20
5463.91 4.0001881e-15 1e-20
5465.38 3.9772318e-15 1e-20
5466.85 3.9923365e-15 1e-20
5468.32 4.1470424e-15 1e-20
5469.79 4.1808657e-15 1e-20
5471.26 4.1605369e-15 1e-20
5472.73 4.1819402e-15 1e-20
5474.2 4.2819523e-15 1e-20
5475.67 4.3070744e-15 1e-20
5477.14 4.2167977e-15 1e-20
5478.61 4.2538372e-15 1e-20
5480.08 4.4087137e-15 1e-20
5481.55 4.4563204e-15 1e-20
5483.02 4.4427005e-15 1e-20
5484.49 4.4744007e-15 1e-20
5485.96 4.4892429e-15 1e-20
5487.43 4.4625736e-15 1e-20
5488.9 4.5509543e-15 1e-20
5490.37 4.4421093e-15 1e-20
5491.84 4.4327131e-15 1e-20
5493.31 4.5660247e-15 1e-20
5494.78 4.6343362e-15 1e-20
5496.25 4.7197171e-15 1e-20
5497.72 4.6627478e-15 1e-20
5499.19 4.5670373e-15 1e-20
5500.66 4.5602022e-15 1e-20
5502.13 4.5825554e-15 1e-20
5503.6 4.6482678e-15 1e-20
5505.07 4.6753127e-15 1e-20
5506.54 4.6378408e-15 1e-20
5508.01 4.5296506e-15 1e-20
5509.48 4.4929694e-15 1e-20
5510.95 4.5411228e-15 1e-20
5512.42 4.6086732e-15 1e-20
5513.89 4.5517797e-15 1e-20
5515.36 4.5512846e-15 1e-20
5516.83 4.5978672e-15 1e-20
5518.3 4.612861e-15 1e-20
5519.77 4.5148571e-15 1e-20
5521.24 4.5246158e-15 1e-20
5522.71 4.422143e-15 1e-20
5524.18 4.3821919e-15 1e-20
5525.65 4.3764617e-15 1e-20
5527.12 4.3886238e-15 1e-20
5528.59 4.3988776e-15 1e-20
5530.06 4.4525405e-15 1e-20
5531.53 4.4183254e-15 1e-20
5533.0 4.4013734e-15 1e-20
5534.47 4.5295938e-15 1e-20
5535.94 4.5250677e-15 1e-20
5537.41 4.4912156e-15 1e-20
5538.88 4.4657932e-15 1e-20
5540.35 4.4373197e-15 1e-20
5541.82 4.4815154e-15 1e-20
5543.29 4.4549075e-15 1e-20
5544.76 4.448847e-15 1e-20
5546.23 4.4961733e-15 1e-20
5547.7 4.4646946e-15 1e-20
5549.17 4.4681721e-15 1e-20
5550.64 4.5533819e-15 1e-20
5552.11 4.5117705e-15 1e-20
5553.58 4.5924034e-15 1e-20
5555.05 4.5848648e-15 1e-20
5556.52 4.5896849e-15 1e-20
5557.99 4.5161713e-15 1e-20
5559.46 4.5574481e-15 1e-20
5560.93 4.4743482e-15 1e-20
5562.4 4.572759e-15 1e-20
5563.87 4.6755956e-15 1e-20
5565.34 4.7178765e-15 1e-20
5566.81 4.5807868e-15 1e-20
5568.28 4.5564325e-15 1e-20
5569.75 4.582292e-15 1e-20
5571.22 4.6173367e-15 1e-20
5572.69 4.5898339e-15 1e-20
5574.16 4.5759113e-15 1e-20
5575.63 4.5812819e-15 1e-20
5577.1 4.6439771e-15 1e-20
5578.57 4.6458969e-15 1e-20
5580.04 4.6237428e-15 1e-20
5581.51 4.5736319e-15 1e-20
5582.98 4.5454825e-15 1e-20
5584.45 4.601451e-15 1e-20
5585.92 4.6794407e-15 1e-20
5587.39 4.7223374e-15 1e-20
5588.86 4.7024288e-15 1e-20
5590.33 4.6799163e-15 1e-20
5591.8 4.6488925e-15 1e-20
5593.27 4.5707418e-15 1e-20
5594.74 4.6138884e-15 1e-20
5596.21 4.7070747e-15 1e-20
5597.68 4.7320029e-15 1e-20
5599.15 4.7795371e-15 1e-20
5600.62 4.7305223e-15 1e-20
5602.09 4.7289312e-15 1e-20
5603.56 4.7636722e-15 1e-20
5605.03 4.7728214e-15 1e-20
5606.5 4.7494946e-15 1e-20
5607.97 4.7255879e-15 1e-20
5609.44 4.7298515e-15 1e-20
5610.91 4.7619206e-15 1e-20
5612.38 4.7503115e-15 1e-20
5613.85 4.648264e-15 1e-20
5615.32 4.6060047e-15 1e-20
5616.79 4.6306474e-15 1e-20
5618.26 4.6665506e-15 1e-20
5619.73 4.6412014e-15 1e-20
5621.2 4.7466405e-15 1e-20
5622.67 4.8606744e-15 1e-20
5624.14 4.6990317e-15 1e-20
5625.61 4.7243839e-15 1e-20
5627.08 4.8042489e-15 1e-20
5628.55 4.7268322e-15 1e-20
5630.02 4.7361123e-15 1e-20
5631.49 4.7646967e-15 1e-20
5632.96 4.7871147e-15 1e-20
5634.43 4.7672183e-15 1e-20
5635.9 4.7703231e-15 1e-20
5637.37 4.8511525e-15 1e-20
5638.84 4.8492412e-15 1e-20
5640.31 4.7476404e-15 1e-20
5641.78 4.7193957e-15 1e-20
5643.25 4.785715e-15 1e-20
5644.72 4.7252775e-15 1e-20
5646.19 4.6716048e-15 1e-20
5647.66 4.790106e-15 1e-20
5649.13 4.7825314e-15 1e-20
5650.6 4.7665208e-15 1e-20
5652.07 4.8196522e-15 1e-20
5653.54 4.7679751e-15 1e-20
5655.01 4.735004e-15 1e-20
5656.48 4.7515512e-15 1e-20
5657.95 4.7182471e-15 1e-20
5659.42 4.6212364e-15 1e-20
5660.89 4.6024395e-15 1e-20
5662.36 4.6980577e-15 1e-20
5663.83 4.7912753e-15 1e-20
5665.3 4.7674297e-15 1e-20
5666.77 4.7588509e-15 1e-20
5668.24 4.6150649e-15 1e-20
5669.71 4.6433359e-15 1e-20
5671.18 4.6460155e-15 1e-20
5672.65 4.5964916e-15 1e-20
5674.12 4.5739157e-15 1e-20
5675.59 4.5295146e-15 1e-20
5677.06 4.5318143e-15 1e-20
5678.53 4.4899624e-15 1e-20
5680.0 4.4259767e-15 1e-20
5681.47 4.3672218e-15 1e-20
5682.94 4.3985731e-15 1e-20
5684.41 4.437905e-15 1e-20
5685.88 4.4405664e-15 1e-20
5687.35 4.4129404e-15 1e-20
5688.82 4.3477202e-15 1e-20
5690.29 4.2326613e-15 1e-20
5691.76 4.2757203e-15 1e-20
5693.23 4.2953655e-15 1e-20
5694.7 4.2609196e-15 1e-20
5696.17 4.2262247e-15 1e-20
5697.64 4.2544081e-15 1e-20
5699.11 4.2086827e-15 1e-20
5700.58 4.0950125e-15 1e-20
5702.05 4.0802526e-15 1e-20
5703.52 4.1492443e-15 1e-20
5704.99 4.1229367e-15 1e-20
5706.46 3.9188759e-15 1e-20
5707.93 3.9850105e-15 1e-20
5709.4 3.9487511e-15 1e-20
5710.87 3.9440145e-15 1e-20
5712.34 3.9121843e-15 1e-20
5713.81 3.8822815e-15 1e-20
5715.28 3.8825381e-15 1e-20
5716.75 3.9316089e-15 1e-20
5718.22 3.9342326e-15 1e-20
5719.69 3.877262e-15 1e-20
5721.16 3.9442885e-15 1e-20
5722.63 3.9118709e-15 1e-20
5724.1 3.8667719e-15 1e-20
5725.57 3.9490395e-15 1e-20
5727.04 3.8874607e-15 1e-20
5728.51 3.8458667e-15 1e-20
5729.98 3.7960828e-15 1e-20
5731.45 3.8043985e-15 1e-20
5732.92 3.7991003e-15 1e-20
5734.39 3.770139e-15 1e-20
5735.86 3.7745753e-15 1e-20
5737.33 3.8235351e-15 1e-20
5738.8 3.7934887e-15 1e-20
5740.27 3.7646354e-15 1e-20
5741.74 3.755468e-15 1e-20
5743.21 3.745531e-15 1e-20
5744.68 3.6791935e-15 1e-20
5746.15 3.7191569e-15 1e-20
5747.62 3.7003702e-15 1e-20
5749.09 3.6930598e-15 1e-20
5750.56 3.6878523e-15 1e-20
5752.03 3.7063879e-15 1e-20
5753.5 3.7793814e-15 1e-20
5754.97 3.8641236e-15 1e-20
5756.44 3.8022174e-15 1e-20
5757.91 3.7803792e-15 1e-20
5759.38 3.7502862e-15 1e-20
5760.85 3.7818695e-15 1e-20
5762.32 3.8065911e-15 1e-20
5763.79 3.7681324e-15 1e-20
5765.26 3.7516021e-15 1e-20
5766.73 3.7410921e-15 1e-20
5768.2 3.8441125e-15 1e-20
5769.67 3.7774006e-15 1e-20
5771.14 3.8354486e-15 1e-20
5772.61 3.8138387e-15 1e-20
5774.08 3.799155e-15 1e-20
5775.55 3.7641386e-15 1e-20
5777.02 3.8620323e-15 1e-20
5778.49 3.84911e-15 1e-20
5779.96 3.8146624e-15 1e-20
5781.43 3.7721761e-15 1e-20
5782.9 3.8690314e-15 1e-20
5784.37 3.8768618e-15 1e-20
5785.84 3.8003984e-15 1e-20
5787.31 3.849082e-15 1e-20
5788.78 3.9123448e-15 1e-20
5790.25 3.9720018e-15 1e-20
5791.72 3.9654644e-15 1e-20
5793.19 4.0064688e-15 1e-20
5794.66 4.0263372e-15 1e-20
5796.13 4.0016437e-15 1e-20
5797.6 4.0456881e-15 1e-20
5799.07 4.0821182e-15 1e-20
5800.54 4.0645905e-15 1e-20
5802.01 4.0747689e-15 1e-20
5803.48 4.125925e-15 1e-20
5804.95 4.0697235e-15 1e-20
5806.42 4.0733539e-15 1e-20
5807.89 4.0837093e-15 1e-20
5809.36 4.0996522e-15 1e-20
5810.83 4.13718e-15 1e-20
5812.3 4.0736339e-15 1e-20
5813.77 4.0886551e-15 1e-20
5815.24 4.0923829e-15 1e-20
5816.71 4.0915228e-15 1e-20
5818.18 4.0424749e-15 1e-20
5819.65 3.9530371e-15 1e-20
5821.12 3.9222602e-15 1e-20
5822.59 4.0281846e-15 1e-20
5824.06 4.135737e-15 1e-20
5825.53 4.1225136e-15 1e-20
5827.0 4.1320571e-15 1e-20
5828.47 4.0627364e-15 1e-20
5829.94 4.0139142e-15 1e-20
5831.41 4.1334928e-15 1e-20
5832.88 4.1979893e-15 1e-20
5834.35 4.1416891e-15 1e-20
5835.82 4.117799e-15 1e-20
5837.29 4.0884112e-15 1e-20
5838.76 4.1089009e-15 1e-20
5840.23 4.1714073e-15 1e-20
5841.7 4.135314e-15 1e-20
5843.17 4.1221676e-15 1e-20
5844.64 4.1641647e-15 1e-20
5846.11 4.1082822e-15 1e-20
5847.58 4.1118969e-15 1e-20
5849.05 4.136474e-15 1e-20
5850.52 4.1672005e-15 1e-20
5851.99 4.1620467e-15 1e-20
5853.46 4.046049e-15 1e-20
5854.93 4.0737287e-15 1e-20
5856.4 4.0881537e-15 1e-20
5857.87 4.010106e-15 1e-20
5859.34 4.0281761e-15 1e-20
5860.81 4.0468405e-15 1e-20
5862.28 4.0443028e-15 1e-20
5863.75 4.028077e-15 1e-20
5865.22 3.9452749e-15 1e-20
5866.69 3.9133159e-15 1e-20
5868.16 3.8462877e-15 1e-20
5869.63 3.8318017e-15 1e-20
5871.1 3.8643913e-15 1e-20
5872.57 3.8020311e-15 1e-20
5874.04 3.7958676e-15 1e-20
5875.51 3.7577854e-15 1e-20
5876.98 3.7847063e-15 1e-20
5878.45 3.7757324e-15 1e-20
5879.92 3.7179939e-15 1e-20
5881.39 3.6897026e-15 1e-20
5882.86 3.5860923e-15 1e-20
5884.33 3.5654213e-15 1e-20
5885.8 3.5379645e-15 1e-20
5887.27 3.4983056e-15 1e-20
5888.74 3.535168e-15 1e-20
5890.21 3.4003056e-15 1e-20
5891.68 3.4267965e-15 1e-20
5893.15 3.4502924e-15 1e-20
5894.62 3.2910006e-15 1e-20
5896.09 3.3079459e-15 1e-20
5897.56 3.3281352e-15 1e-20
5899.03 3.2533013e-15 1e-20
5900.5 3.2263735e-15 1e-20
5901.97 3.2148081e-15 1e-20
5903.44 3.137557e-15 1e-20
5904.91 3.1187685e-15 1e-20
5906.38 3.2082984e-15 1e-20
5907.85 3.2009771e-15 1e-20
5909.32 3.1222854e-15 1e-20
5910.79 3.1400437e-15 1e-20
5912.26 3.1767316e-15 1e-20
5913.73 3.10791e-15 1e-20
5915.2 2.9402347e-15 1e-20
5916.67 2.9915789e-15 1e-20
5918.14 3.0165787e-15 1e-20
5919.61 2.9222486e-15 1e-20
5921.08 2.8574064e-15 1e-20
5922.55 2.8823136e-15 1e-20
5924.02 2.8635575e-15 1e-20
5925.49 2.8544051e-15 1e-20
5926.96 2.8174664e-15 1e-20
5928.43 2.5499918e-15 1e-20
5929.9 2.3417071e-15 1e-20
5931.37 2.2257877e-15 1e-20
5932.84 2.3496618e-15 1e-20
5934.31 2.5064734e-15 1e-20
5935.78 2.3291405e-15 1e-20
5937.25 2.2813049e-15 1e-20
5938.72 2.4374864e-15 1e-20
5940.19 2.5751699e-15 1e-20
5941.66 2.5362818e-15 1e-20
5943.13 2.5920642e-15 1e-20
5944.6 2.5793578e-15 1e-20
5946.07 2.4968397e-15 1e-20
5947.54 2.4869379e-15 1e-20
5949.01 2.4630168e-15 1e-20
5950.48 2.4745123e-15 1e-20
5951.95 2.5092966e-15 1e-20
5953.42 2.4405971e-15 1e-20
5954.89 2.3739155e-15 1e-20
5956.36 2.4063511e-15 1e-20
5957.83 2.321737e-15 1e-20
5959.3 2.3613936e-15 1e-20
5960.77 2.3068476e-15 1e-20
5962.24 2.3544494e-15 1e-20
5963.71 2.2390073e-15 1e-20
5965.18 2.2213414e-15 1e-20
5966.65 2.1450688e-15 1e-20
5968.12 2.088758e-15 1e-20
5969.59 2.2218443e-15 1e-20
5971.06 2.2509913e-15 1e-20
5972.53 2.151166e-15 1e-20
5974.0 2.1427534e-15 1e-20
5975.47 2.2210074e-15 1e-20
5976.94 2.2103805e-15 1e-20
5978.41 2.1914638e-15 1e-20
5979.88 2.1617812e-15 1e-20
5981.35 2.1356896e-15 1e-20
5982.82 2.133204e-15 1e-20
5984.29 2.1103576e-15 1e-20
5985.76 2.091541e-15 1e-20
5987.23 2.152297e-15 1e-20
5988.7 2.1602267e-15 1e-20
5990.17 2.1518633e-15 1e-20
5991.64 2.1011855e-15 1e-20
5993.11 2.0756858e-15 1e-20
5994.58 2.1497855e-15 1e-20
5996.05 2.1162062e-15 1e-20
5997.52 2.0619994e-15 1e-20
5998.99 2.1051752e-15 1e-20
6000.46 2.099231e-15 1e-20
6001.93 2.0811252e-15 1e-20
6003.4 2.055912e-15 1e-20
6004.87 2.1133262e-15 1e-20
6006.34 2.0472918e-15 1e-20
6007.81 2.0913551e-15 1e-20
6009.28 2.1014726e-15 1e-20
6010.75 2.0895526e-15 1e-20
6012.22 2.0565437e-15 1e-20
6013.69 2.0349831e-15 1e-20
6015.16 2.0870564e-15 1e-20
6016.63 2.0527581e-15 1e-20
6018.1 2.0100596e-15 1e-20
6019.57 2.0097798e-15 1e-20
6021.04 2.005371e-15 1e-20
6022.51 2.0293179e-15 1e-20
6023.98 2.120406e-15 1e-20
6025.45 2.055836e-15 1e-20
6026.92 2.0193674e-15 1e-20
6028.39 2.0098292e-15 1e-20
6029.86 1.9850855e-15 1e-20
6031.33 1.9580009e-15 1e-20
6032.8 2.0044116e-15 1e-20
6034.27 2.0412109e-15 1e-20
6035.74 2.0068502e-15 1e-20
6037.21 2.0224436e-15 1e-20
6038.68 2.0359928e-15 1e-20
6040.15 2.0187465e-15 1e-20
6041.62 2.0235105e-15 1e-20
6043.09 1.9686943e-15 1e-20
6044.56 1.8974764e-15 1e-20
6046.03 1.9399926e-15 1e-20
6047.5 1.9741367e-15 1e-20
6048.97 1.9518229e-15 1e-20
6050.44 1.9264968e-15 1e-20
6051.91 1.96754e-15 1e-20
6053.38 1.9799164e-15 1e-20
6054.85 1.9307599e-15 1e-20
6056.32 1.9745314e-15 1e-20
6057.79 1.9972516e-15 1e-20
6059.26 1.8913009e-15 1e-20
6060.73 1.8599205e-15 1e-20
6062.2 1.9120115e-15 1e-20
6063.67 1.8921505e-15 1e-20
6065.14 1.8653209e-15 1e-20
6066.61 1.8776361e-15 1e-20
6068.08 1.8764393e-15 1e-20
6069.55 1.8317958e-15 1e-20
6071.02 1.8734289e-15 1e-20
6072.49 1.9269136e-15 1e-20
6073.96 1.8649573e-15 1e-20
6075.43 1.8611444e-15 1e-20
6076.9 1.8856493e-15 1e-20
6078.37 1.9072461e-15 1e-20
6079.84 1.925114e-15 1e-20
6081.31 1.9463462e-15 1e-20
6082.78 1.9730013e-15 1e-20
6084.25 1.9295362e-15 1e-20
6085.72 1.9044896e-15 1e-20
6087.19 1.8886952e-15 1e-20
6088.66 1.8818114e-15 1e-20
6090.13 1.9052922e-15 1e-20
6091.6 1.93736e-15 1e-20
6093.07 1.9410537e-15 1e-20
6094.54 1.9266093e-15 1e-20
6096.01 1.9845266e-15 1e-20
6097.48 1.9525048e-15 1e-20
6098.95 1.9328805e-15 1e-20
6100.42 1.9775617e-15 1e-20
6101.89 2.0554512e-15 1e-20
6103.36 2.0490964e-15 1e-20
6104.83 2.0510092e-15 1e-20
6106.3 2.1546989e-15 1e-20
6107.77 2.0784967e-15 1e-20
6109.24 2.0937505e-15 1e-20
6110.71 2.066541e-15 1e-20
6112.18 2.0846442e-15 1e-20
6113.65 2.1543053e-15 1e-20
6115.12 2.1976549e-15 1e-20
6116.59 2.1425766e-15 1e-20
6118.06 2.0813819e-15 1e-20
6119.53 2.14071e-15 1e-20
6121.0 2.1335574e-15 1e-20
6122.47 2.1145127e-15 1e-20
6123.94 2.1997814e-15 1e-20
6125.41 2.2758676e-15 1e-20
6126.88 2.3095262e-15 1e-20
6128.35 2.3166328e-15 1e-20
6129.82 2.3845112e-15 1e-20
6131.29 2.3368409e-15 1e-20
6132.76 2.3704793e-15 1e-20
6134.23 2.4034026e-15 1e-20
6135.7 2.4835455e-15 1e-20
6137.17 2.5245853e-15 1e-20
6138.64 2.4707826e-15 1e-20
6140.11 2.5175302e-15 1e-20
6141.58 2.577394e-15 1e-20
6143.05 2.5711617e-15 1e-20
6144.52 2.5716797e-15 1e-20
6145.99 2.6477098e-15 1e-20
6147.46 2.7276797e-15 1e-20
6148.93 2.7421906e-15 1e-20
6150.4 2.7496369e-15 1e-20
6151.87 2.7838185e-15 1e-20
6153.34 2.7103962e-15 1e-20
6154.81 2.7198156e-15 1e-20
6156.28 2.8125452e-15 1e-20
6157.75 2.9380386e-15 1e-20
6159.22 2.9275159e-15 1e-20
6160.69 2.9655159e-15 1e-20
6162.16 3.0537314e-15 1e-20
6163.63 3.0753782e-15 1e-20
6165.1 3.0811601e-15 1e-20
6166.57 3.1064205e-15 1e-20
6168.04 3.1753355e-15 1e-20
6169.51 3.1472972e-15 1e-20
6170.98 3.1327251e-15 1e-20
6172.45 3.2488177e-15 1e-20
6173.92 3.3222665e-15 1e-20
6175.39 3.2666393e-15 1e-20
6176.86 3.2878122e-15 1e-20
6178.33 3.3238354e-15 1e-20
6179.8 3.320841e-15 1e-20
6181.27 3.294123e-15 1e-20
6182.74 3.3765416e-15 1e-20
6184.21 3.4184812e-15 1e-20
6185.68 3.3939295e-15 1e-20
6187.15 3.3918312e-15 1e-20
6188.62 3.4139235e-15 1e-20
6190.09 3.516964e-15 1e-20
6191.56 3.484341e-15 1e-20
6193.03 3.4894956e-15 1e-20
6194.5 3.5190414e-15 1e-20
6195.97 3.5344965e-15 1e-20
6197.44 3.6151997e-15 1e-20
6198.91 3.6415607e-15 1e-20
6200.38 3.6882923e-15 1e-20
6201.85 3.5772687e-15 1e-20
6203.32 3.673634e-15 1e-20
6204.79 3.6600806e-15 1e-20
6206.26 3.7369112e-15 1e-20
6207.73 3.7367663e-15 1e-20
6209.2 3.8001955e-15 1e-20
6210.67 3.7314203e-15 1e-20
6212.14 3.716258e-15 1e-20
6213.61 3.7806291e-15 1e-20
6215.08 3.7503328e-15 1e-20
6216.55 3.8223404e-15 1e-20
6218.02 3.8748293e-15 1e-20
6219.49 3.9020063e-15 1e-20
6220.96 3.8089225e-15 1e-20
6222.43 3.8992048e-15 1e-20
6223.9 3.9626857e-15 1e-20
6225.37 3.9666396e-15 1e-20
6226.84 4.0490034e-15 1e-20
6228.31 4.0946699e-15 1e-20
6229.78 4.1213667e-15 1e-20
6231.25 4.1042842e-15 1e-20
6232.72 3.980099e-15 1e-20
6234.19 4.1020349e-15 1e-20
6235.66 4.1752829e-15 1e-20
6237.13 4.0756705e-15 1e-20
6238.6 4.0801869e-15 1e-20
6240.07 4.1956748e-15 1e-20
6241.54 4.1620556e-15 1e-20
6243.01 4.1660041e-15 1e-20
6244.48 4.1995097e-15 1e-20
6245.95 4.1650177e-15 1e-20
6247.42 4.1905803e-15 1e-20
6248.89 4.2064711e-15 1e-20
6250.36 4.3184357e-15 1e-20
6251.83 4.3284281e-15 1e-20
6253.3 4.3492469e-15 1e-20
6254.77 4.5076895e-15 1e-20
6256.24 4.4745337e-15 1e-20
6257.71 4.4324514e-15 1e-20
6259.18 4.4064212e-15 1e-20
6260.65 4.3648196e-15 1e-20
6262.12 4.5347061e-15 1e-20
6263.59 4.6110449e-15 1e-20
6265.06 4.5084193e-15 1e-20
6266.53 4.5394562e-15 1e-20
6268.0 4.5134265e-15 1e-20
6269.47 4.482946e-15 1e-20
6270.94 4.5604635e-15 1e-20
6272.41 4.5628839e-15 1e-20
6273.88 4.592029e-15 1e-20
6275.35 4.5506121e-15 1e-20
6276.82 4.5271332e-15 1e-20
6278.29 4.6111957e-15 1e-20
6279.76 4.5259715e-15 1e-20
6281.23 4.5579148e-15 1e-20
6282.7 4.6898876e-15 1e-20
6284.17 4.5941119e-15 1e-20
6285.64 4.6238855e-15 1e-20
6287.11 4.6846944e-15 1e-20
6288.58 4.5398378e-15 1e-20
6290.05 4.5301622e-15 1e-20
6291.52 4.5636064e-15 1e-20
6292.99 4.5407217e-15 1e-20
6294.46 4.6359566e-15 1e-20
6295.93 4.6568944e-15 1e-20
6297.4 4.6547023e-15 1e-20
6298.87 4.6542216e-15 1e-20
6300.34 4.5912155e-15 1e-20
6301.81 4.6646558e-15 1e-20
6303.28 4.7137201e-15 1e-20
6304.75 4.6248168e-15 1e-20
6306.22 4.6376807e-15 1e-20
6307.69 4.6436879e-15 1e-20
6309.16 4.553489e-15 1e-20
6310.63 4.7445208e-15 1e-20
6312.1 4.8150706e-15 1e-20
6313.57 4.6497776e-15 1e-20
6315.04 4.6456183e-15 1e-20
6316.51 4.6964889e-15 1e-20
6317.98 4.7584337e-15 1e-20
6319.45 4.7307387e-15 1e-20
6320.92 4.6813698e-15 1e-20
6322.39 4.6251794e-15 1e-20
6323.86 4.6109831e-15 1e-20
6325.33 4.6177187e-15 1e-20
6326.8 4.4894745e-15 1e-20
6328.27 4.5336426e-15 1e-20
6329.74 4.5539693e-15 1e-20
6331.21 4.5702425e-15 1e-20
6332.68 4.6849676e-15 1e-20
6334.15 4.6895323e-15 1e-20
6335.62 4.7415858e-15 1e-20
6337.09 4.7771079e-15 1e-20
6338.56 4.8442708e-15 1e-20
6340.03 4.7396059e-15 1e-20
6341.5 4.7261631e-15 1e-20
6342.97 4.8081948e-15 1e-20
6344.44 4.7347092e-15 1e-20
6345.91 4.7849912e-15 1e-20
6347.38 4.8470918e-15 1e-20
6348.85 4.7213117e-15 1e-20
6350.32 4.676773e-15 1e-20
6351.79 4.6690116e-15 1e-20
6353.26 4.6866646e-15 1e-20
6354.73 4.7072755e-15 1e-20
6356.2 4.6455259e-15 1e-20
6357.67 4.6733484e-15 1e-20
6359.14 4.7336275e-15 1e-20
6360.61 4.6496624e-15 1e-20
6362.08 4.6373292e-15 1e-20
6363.55 4.6763152e-15 1e-20
6365.02 4.6971873e-15 1e-20
6366.49 4.6579672e-15 1e-20
6367.96 4.5383318e-15 1e-20
6369.43 4.6589963e-15 1e-20
6370.9 4.5907725e-15 1e-20
6372.37 4.6227492e-15 1e-20
6373.84 4.5713796e-15 1e-20
6375.31 4.6514759e-15 1e-20
6376.78 4.6356783e-15 1e-20
6378.25 4.510132e-15 1e-20
6379.72 4.4587416e-15 1e-20
6381.19 4.6299253e-15 1e-20
6382.66 4.6696101e-15 1e-20
6384.13 4.4880532e-15 1e-20
6385.6 4.5326372e-15 1e-20
6387.07 4.6103042e-15 1e-20
6388.54 4.5540659e-15 1e-20
6390.01 4.4732352e-15 1e-20
6391.48 4.4731488e-15 1e-20
6392.95 4.5163077e-15 1e-20
6394.42 4.458496e-15 1e-20
6395.89 4.5574053e-15 1e-20
6397.36 4.4963389e-15 1e-20
6398.83 4.4043727e-15 1e-20
6400.3 4.5433335e-15 1e-20
6401.77 4.5331636e-15 1e-20
6403.24 4.3904648e-15 1e-20
6404.71 4.4213959e-15 1e-20
6406.18 4.4074089e-15 1e-20
6407.65 4.3581573e-15 1e-20
6409.12 4.36278e-15 1e-20
6410.59 4.401328e-15 1e-20
6412.06 4.4482016e-15 1e-20
6413.53 4.398139e-15 1e-20
6415.0 4.3258769e-15 1e-20
6416.47 4.2966521e-15 1e-20
6417.94 4.3236865e-15 1e-20
6419.41 4.32491e-15 1e-20
6420.88 4.3348897e-15 1e-20
6422.35 4.2566764e-15 1e-20
6423.82 4.2129187e-15 1e-20
6425.29 4.2884838e-15 1e-20
6426.76 4.3163194e-15 1e-20
6428.23 4.2735667e-15 1e-20
6429.7 4.3397682e-15 1e-20
6431.17 4.3054071e-15 1e-20
6432.64 4.327892e-15 1e-20
6434.11 4.3057078e-15 1e-20
6435.58 4.2666223e-15 1e-20
6437.05 4.294529e-15 1e-20
6438.52 4.3830228e-15 1e-20
6439.99 4.2997218e-15 1e-20
6441.46 4.22593e-15 1e-20
6442.93 4.1560112e-15 1e-20
6444.4 4.1541778e-15 1e-20
6445.87 4.2467657e-15 1e-20
6447.34 4.2233474e-15 1e-20
6448.81 4.1164666e-15 1e-20
6450.28 4.0541292e-15 1e-20
6451.75 4.1173602e-15 1e-20
6453.22 4.1154781e-15 1e-20
6454.69 4.130064e-15 1e-20
6456.16 4.0806409e-15 1e-20
6457.63 4.0480823e-15 1e-20
6459.1 4.1085087e-15 1e-20
6460.57 4.1661176e-15 1e-20
6462.04 4.1929761e-15 1e-20
6463.51 4.1227923e-15 1e-20
6464.98 4.0557839e-15 1e-20
6466.45 4.0006387e-15 1e-20
6467.92 4.1195807e-15 1e-20
6469.39 4.1497631e-15 1e-20
6470.86 4.0474478e-15 1e-20
6472.33 4.006246e-15 1e-20
6473.8 3.9548167e-15 1e-20
6475.27 3.973194e-15 1e-20
6476.74 4.0047866e-15 1e-20
6478.21 4.0196694e-15 1e-20
6479.68 4.0043533e-15 1e-20
6481.15 4.0506903e-15 1e-20
6482.62 4.00358e-15 1e-20
6484.09 3.9363256e-15 1e-20
6485.56 3.9651357e-15 1e-20
6487.03 4.019461e-15 1e-20
6488.5 3.9343003e-15 1e-20
6489.97 3.8956354e-15 1e-20
6491.44 3.8937228e-15 1e-20
6492.91 3.8774551e-15 1e-20
6494.38 3.9809447e-15 1e-20
6495.85 3.9024222e-15 1e-20
6497.32 3.840469e-15 1e-20
6498.79 3.8893178e-15 1e-20
6500.26 3.9443991e-15 1e-20
6501.73 3.9049409e-15 1e-20
6503.2 3.8357019e-15 1e-20
6504.67 3.8718905e-15 1e-20
6506.14 3.919119e-15 1e-20
6507.61 3.9724482e-15 1e-20
6509.08 4.0256372e-15 1e-20
6510.55 3.9780665e-15 1e-20
6512.02 3.9275368e-15 1e-20
6513.49 3.9338819e-15 1e-20
6514.96 3.9300804e-15 1e-20
6516.43 3.8854469e-15 1e-20
6517.9 3.8883814e-15 1e-20
6519.37 3.8039034e-15 1e-20
6520.84 3.904597e-15 1e-20
6522.31 3.8795651e-15 1e-20
6523.78 3.8090839e-15 1e-20
6525.25 3.8770849e-15 1e-20
6526.72 3.8837621e-15 1e-20
6528.19 3.9050836e-15 1e-20
6529.66 3.8729192e-15 1e-20
6531.13 3.8162709e-15 1e-20
6532.6 3.8072052e-15 1e-20
6534.07 3.8325395e-15 1e-20
6535.54 3.7987585e-15 1e-20
6537.01 3.8324713e-15 1e-20
6538.48 3.8286368e-15 1e-20
6539.95 3.8189281e-15 1e-20
6541.42 3.8305608e-15 1e-20
6542.89 3.7906804e-15 1e-20
6544.36 3.8934462e-15 1e-20
6545.83 3.850962e-15 1e-20
6547.3 3.8240289e-15 1e-20
6548.77 3.8177808e-15 1e-20
6550.24 3.8283077e-15 1e-20
6551.71 3.8661307e-15 1e-20
6553.18 3.8680043e-15 1e-20
6554.65 3.7800154e-15 1e-20
6556.12 3.8047462e-15 1e-20
6557.59 3.9317397e-15 1e-20
6559.06 3.7983842e-15 1e-20
6560.53 3.7439314e-15 1e-20
6562.0 3.7734441e-15 1e-20
6563.47 3.8507609e-15 1e-20
6564.94 3.7989872e-15 1e-20
6566.41 3.7503286e-15 1e-20
6567.88 3.822539e-15 1e-20
6569.35 3.8198874e-15 1e-20
6570.82 3.8469602e-15 1e-20
6572.29 3.7821033e-15 1e-20
6573.76 3.6785963e-15 1e-20
6575.23 3.7903712e-15 1e-20
6576.7 3.8193402e-15 1e-20
6578.17 3.779453e-15 1e-20
6579.64 3.7868772e-15 1e-20
6581.11 3.78911e-15 1e-20
6582.58 3.6372023e-15 1e-20
6584.05 3.6583789e-15 1e-20
6585.52 3.6386003e-15 1e-20
6586.99 3.6254607e-15 1e-20
6588.46 3.6310511e-15 1e-20
6589.93 3.698771e-15 1e-20
6591.4 3.6481908e-15 1e-20
6592.87 3.6957792e-15 1e-20
6594.34 3.7142204e-15 1e-20
6595.81 3.6991038e-15 1e-20
6597.28 3.71157e-15 1e-20
6598.75 3.7248143e-15 1e-20
6600.22 3.7286395e-15 1e-20
6601.69 3.5823628e-15 1e-20
6603.16 3.5510973e-15 1e-20
6604.63 3.4967515e-15 1e-20
6606.1 3.3505896e-15 1e-20
6607.57 3.3296643e-15 1e-20
6609.04 3.4134447e-15 1e-20
6610.51 3.465925e-15 1e-20
6611.98 3.40813e-15 1e-20
6613.45 3.4923986e-15 1e-20
6614.92 3.6028873e-15 1e-20
6616.39 3.6493864e-15 1e-20
6617.86 3.590601e-15 1e-20
6619.33 3.5013682e-15 1e-20
6620.8 3.5848183e-15 1e-20
6622.27 3.6867084e-15 1e-20
6623.74 3.7081341e-15 1e-20
6625.21 3.5691042e-15 1e-20
6626.68 3.4267082e-15 1e-20
6628.15 3.3328582e-15 1e-20
6629.62 3.4347349e-15 1e-20
6631.09 3.4413812e-15 1e-20
6632.56 3.6072291e-15 1e-20
6634.03 3.6119018e-15 1e-20
6635.5 3.5100061e-15 1e-20
6636.97 3.5380111e-15 1e-20
6638.44 3.6211133e-15 1e-20
6639.91 3.6091528e-15 1e-20
6641.38 3.5760253e-15 1e-20
6642.85 3.5885707e-15 1e-20
6644.32 3.601355e-15 1e-20
6645.79 3.6363484e-15 1e-20
6647.26 3.6644708e-15 1e-20
6648.73 3.5274389e-15 1e-20
6650.2 3.5065722e-15 1e-20
6651.67 3.5475192e-15 1e-20
6653.14 3.5316721e-15 1e-20
6654.61 3.5827524e-15 1e-20
6656.08 3.544827e-15 1e-20
6657.55 3.4916102e-15 1e-20
6659.02 3.5053542e-15 1e-20
6660.49 3.5269143e-15 1e-20
6661.96 3.543495e-15 1e-20
6663.43 3.5460685e-15 1e-20
6664.9 3.5585298e-15 1e-20
6666.37 3.5845549e-15 1e-20
6667.84 3.5885402e-15 1e-20
6669.31 3.4953122e-15 1e-20
6670.78 3.420052e-15 1e-20
6672.25 3.4419701e-15 1e-20
6673.72 3.3964886e-15 1e-20
6675.19 3.4684409e-15 1e-20
6676.66 3.5542815e-15 1e-20
6678.13 3.4854419e-15 1e-20
6679.6 3.4815536e-15 1e-20
6681.07 3.4471503e-15 1e-20
6682.54 3.4055665e-15 1e-20
6684.01 3.4397978e-15 1e-20
6685.48 3.4149213e-15 1e-20
6686.95 3.3110393e-15 1e-20
6688.42 3.3548034e-15 1e-20
6689.89 3.4112594e-15 1e-20
6691.36 3.3722199e-15 1e-20
6692.83 3.3390234e-15 1e-20
6694.3 3.3800001e-15 1e-20
6695.77 3.468997e-15 1e-20
6697.24 3.4352793e-15 1e-20
6698.71 3.3789726e-15 1e-20
6700.18 3.3459178e-15 1e-20
6701.65 3.3381638e-15 1e-20
6703.12 3.4028568e-15 1e-20
6704.59 3.4489164e-15 1e-20
6706.06 3.4101587e-15 1e-20
6707.53 3.3675555e-15 1e-20
6709.0 3.331511e-15 1e-20
6710.47 3.2680386e-15 1e-20
6711.94 3.305181e-15 1e-20
6713.41 3.4045058e-15 1e-20
6714.88 3.3748999e-15 1e-20
6716.35 3.3106556e-15 1e-20
6717.82 3.4088735e-15 1e-20
6719.29 3.352693e-15 1e-20
6720.76 3.3212071e-15 1e-20
6722.23 3.2901667e-15 1e-20
6723.7 3.2727564e-15 1e-20
6725.17 3.3506643e-15 1e-20
6726.64 3.3003222e-15 1e-20
6728.11 3.3187052e-15 1e-20
6729.58 3.2365135e-15 1e-20
6731.05 3.2364377e-15 1e-20
6732.52 3.1481826e-15 1e-20
6733.99 3.1875866e-15 1e-20
6735.46 3.2900757e-15 1e-20
6736.93 3.2845492e-15 1e-20
6738.4 3.2874969e-15 1e-20
6739.87 3.3222665e-15 1e-20
6741.34 3.2774284e-15 1e-20
6742.81 3.2189867e-15 1e-20
6744.28 3.2114157e-15 1e-20
6745.75 3.1705491e-15 1e-20
6747.22 3.2108946e-15 1e-20
6748.69 3.2243703e-15 1e-20
6750.16 3.2187032e-15 1e-20
6751.63 3.2784616e-15 1e-20
6753.1 3.2403148e-15 1e-20
6754.57 3.2054641e-15 1e-20
6756.04 3.247011e-15 1e-20
6757.51 3.2846665e-15 1e-20
6758.98 3.2304687e-15 1e-20
6760.45 3.1198081e-15 1e-20
6761.92 3.1588736e-15 1e-20
6763.39 3.1564787e-15 1e-20
6764.86 3.1601154e-15 1e-20
6766.33 3.2971882e-15 1e-20
6767.8 3.2438401e-15 1e-20
6769.27 3.1750839e-15 1e-20
6770.74 3.2119885e-15 1e-20
6772.21 3.2484963e-15 1e-20
6773.68 3.2478517e-15 1e-20
6775.15 3.2710678e-15 1e-20
6776.62 3.24415e-15 1e-20
6778.09 3.2117927e-15 1e-20
6779.56 3.2450762e-15 1e-20
6781.03 3.2463133e-15 1e-20
6782.5 3.2960659e-15 1e-20
6783.97 3.1670937e-15 1e-20
6785.44 3.1778779e-15 1e-20
6786.91 3.2669667e-15 1e-20
6788.38 3.2643259e-15 1e-20
6789.85 3.1740044e-15 1e-20
6791.32 3.1908635e-15 1e-20
6792.79 3.2924075e-15 1e-20
6794.26 3.2402089e-15 1e-20
6795.73 3.2385623e-15 1e-20
6797.2 3.2784186e-15 1e-20
6798.67 3.2093894e-15 1e-20
6800.14 3.2112535e-15 1e-20
6801.61 3.2910027e-15 1e-20
6803.08 3.2830652e-15 1e-20
6804.55 3.233957e-15 1e-20
6806.02 3.1140567e-15 1e-20
6807.49 3.2223435e-15 1e-20
6808.96 3.211965e-15 1e-20
6810.43 3.207044e-15 1e-20
6811.9 3.1494856e-15 1e-20
6813.37 3.1488632e-15 1e-20
6814.84 3.3240571e-15 1e-20
6816.31 3.2105534e-15 1e-20
6817.78 3.1742037e-15 1e-20
6819.25 3.178078e-15 1e-20
6820.72 3.251127e-15 1e-20
6822.19 3.2115849e-15 1e-20
6823.66 3.1110563e-15 1e-20
6825.13 3.1698461e-15 1e-20
6826.6 3.1805289e-15 1e-20
6828.07 3.1582915e-15 1e-20
6829.54 3.0914388e-15 1e-20
6831.01 3.211543e-15 1e-20
6832.48 3.2151031e-15 1e-20
6833.95 3.1044816e-15 1e-20
6835.42 3.1518431e-15 1e-20
6836.89 3.2776238e-15 1e-20
6838.36 3.2104213e-15 1e-20
6839.83 3.0907762e-15 1e-20
6841.3 3.1444506e-15 1e-20
6842.77 3.116352e-15 1e-20
6844.24 3.0402967e-15 1e-20
6845.71 3.1320428e-15 1e-20
6847.18 3.2250847e-15 1e-20
6848.65 3.2690277e-15 1e-20
6850.12 3.1759666e-15 1e-20
6851.59 3.0786486e-15 1e-20
6853.06 3.1068328e-15 1e-20
6854.53 3.0879342e-15 1e-20
6856.0 3.0560377e-15 1e-20
6857.47 3.1253775e-15 1e-20
6858.94 3.1174588e-15 1e-20
6860.41 3.1249745e-15 1e-20
6861.88 3.1189242e-15 1e-20
6863.35 3.1555586e-15 1e-20
6864.82 3.2990491e-15 1e-20
6866.29 3.0970059e-15 1e-20
6867.76 2.9750298e-15 1e-20
6869.23 3.1024252e-15 1e-20
6870.7 3.1611515e-15 1e-20
6872.17 3.1005726e-15 1e-20
6873.64 3.0772677e-15 1e-20
6875.11 3.0549952e-15 1e-20
6876.58 3.1393874e-15 1e-20
6878.05 3.138699e-15 1e-20
6879.52 3.1682154e-15 1e-20
6880.99 3.1837563e-15 1e-20
6882.46 3.2099362e-15 1e-20
6883.93 3.0921795e-15 1e-20
6885.4 2.9991321e-15 1e-20
6886.87 3.1068758e-15 1e-20
6888.34 3.0816045e-15 1e-20
6889.81 3.0727416e-15 1e-20
6891.28 3.1659807e-15 1e-20
6892.75 3.1710017e-15 1e-20
6894.22 3.1233383e-15 1e-20
6895.69 3.139041e-15 1e-20
6897.16 3.1518397e-15 1e-20
6898.63 3.1092907e-15 1e-20
6900.1 3.1023223e-15 1e-20
6901.57 3.1166048e-15 1e-20
6903.04 3.1599803e-15 1e-20
6904.51 3.1891398e-15 1e-20
6905.98 3.1305378e-15 1e-20
6907.45 3.0614979e-15 1e-20
6908.92 3.0774107e-15 1e-20
6910.39 3.1997959e-15 1e-20
6911.86 3.130851e-15 1e-20
6913.33 3.051026e-15 1e-20
6914.8 3.1147172e-15 1e-20
6916.27 3.1253133e-15 1e-20
6917.74 3.147267e-15 1e-20
6919.21 3.1483431e-15 1e-20
6920.68 3.1442549e-15 1e-20
6922.15 3.0806908e-15 1e-20
6923.62 3.057614e-15 1e-20
6925.09 3.1077304e-15 1e-20
6926.56 3.1283286e-15 1e-20
6928.03 3.1200052e-15 1e-20
6929.5 3.1886214e-15 1e-20
6930.97 3.144156e-15 1e-20
6932.44 3.0996125e-15 1e-20
6933.91 3.0811177e-15 1e-20
6935.38 3.1308136e-15 1e-20
6936.85 3.1114133e-15 1e-20
6938.32 3.0649512e-15 1e-20
6939.79 3.1481976e-15 1e-20
6941.26 3.1570978e-15 1e-20
6942.73 3.0937931e-15 1e-20
6944.2 3.0403055e-15 1e-20
6945.67 3.0459781e-15 1e-20
6947.14 3.1058926e-15 1e-20
6948.61 3.0451506e-15 1e-20
6950.08 3.0634662e-15 1e-20
6951.55 3.0731719e-15 1e-20
6953.02 3.159031e-15 1e-20
6954.49 3.1175109e-15 1e-20
6955.96 3.0848133e-15 1e-20
6957.43 3.1248236e-15 1e-20
6958.9 3.1450098e-15 1e-20
6960.37 3.0046785e-15 1e-20
6961.84 3.0408828e-15 1e-20
6963.31 3.1133338e-15 1e-20
6964.78 3.078108e-15 1e-20
6966.25 3.0177673e-15 1e-20
6967.72 2.9869096e-15 1e-20
6969.19 3.0612866e-15 1e-20
6970.66 3.0259087e-15 1e-20
6972.13 3.0772209e-15 1e-20
6973.6 3.0799113e-15 1e-20
6975.07 3.0629908e-15 1e-20
6976.54 3.0487452e-15 1e-20
6978.01 3.1189691e-15 1e-20
6979.48 3.0849266e-15 1e-20
6980.95 2.9863267e-15 1e-20
6982.42 2.9764522e-15 1e-20
6983.89 2.996645e-15 1e-20
6985.36 2.9771482e-15 1e-20
6986.83 3.1661209e-15 1e-20
6988.3 3.0329952e-15 1e-20
6989.77 3.0645629e-15 1e-20
6991.24 3.0426688e-15 1e-20
6992.71 3.0058025e-15 1e-20
6994.18 3.0154699e-15 1e-20
6995.65 3.0040887e-15 1e-20
6997.12 3.0934918e-15 1e-20
6998.59 3.0199437e-15 1e-20
7000.06 3.0680353e-15 1e-20
7001.53 3.0306038e-15 1e-20
7003.0 3.0342723e-15 1e-20
7004.47 3.0460052e-15 1e-20
7005.94 2.9567582e-15 1e-20
7007.41 2.9235814e-15 1e-20
7008.88 3.0315809e-15 1e-20
7010.35 2.9759319e-15 1e-20
7011.82 3.0010312e-15 1e-20
7013.29 2.8786826e-15 1e-20
7014.76 3.0367368e-15 1e-20
7016.23 3.0001962e-15 1e-20
7017.7 3.0097101e-15 1e-20
7019.17 3.0102808e-15 1e-20
7020.64 2.9549236e-15 1e-20
7022.11 2.9467467e-15 1e-20
7023.58 3.0034397e-15 1e-20
7025.05 3.015821e-15 1e-20
7026.52 3.0240777e-15 1e-20
7027.99 3.0104654e-15 1e-20
7029.46 2.9529292e-15 1e-20
7030.93 2.9938432e-15 1e-20
7032.4 3.018389e-15 1e-20
7033.87 2.9346752e-15 1e-20
7035.34 2.9563756e-15 1e-20
7036.81 3.0321065e-15 1e-20
7038.28 2.9773178e-15 1e-20
7039.75 2.9907027e-15 1e-20
7041.22 2.9487904e-15 1e-20
7042.69 2.9115652e-15 1e-20
7044.16 3.0032966e-15 1e-20
7045.63 3.0057292e-15 1e-20
7047.1 2.9087351e-15 1e-20
7048.57 2.9848363e-15 1e-20
7050.04 2.9500485e-15 1e-20
7051.51 2.9044099e-15 1e-20
7052.98 2.9065506e-15 1e-20
7054.45 3.0038141e-15 1e-20
7055.92 2.9392374e-15 1e-20
7057.39 2.8739625e-15 1e-20
7058.86 2.8954487e-15 1e-20
7060.33 2.9455615e-15 1e-20
7061.8 2.9493922e-15 1e-20
7063.27 3.0198609e-15 1e-20
7064.74 2.9047839e-15 1e-20
7066.21 2.8411389e-15 1e-20
7067.68 2.8329426e-15 1e-20
7069.15 2.9500118e-15 1e-20
7070.62 2.8425693e-15 1e-20
7072.09 2.877012e-15 1e-20
7073.56 2.8710387e-15 1e-20
7075.03 2.9507562e-15 1e-20
7076.5 2.8776297e-15 1e-20
7077.97 2.9599111e-15 1e-20
7079.44 2.8883688e-15 1e-20
7080.91 2.9269128e-15 1e-20
7082.38 2.9622006e-15 1e-20
7083.85 2.8580901e-15 1e-20
7085.32 2.9353988e-15 1e-20
7086.79 2.8800859e-15 1e-20
7088.26 2.8543176e-15 1e-20
7089.73 2.8823057e-15 1e-20
7091.2 2.8729846e-15 1e-20
7092.67 2.8712268e-15 1e-20
7094.14 2.9038013e-15 1e-20
7095.61 2.8806871e-15 1e-20
7097.08 2.821467e-15 1e-20
7098.55 2.9065533e-15 1e-20
7100.02 2.8723573e-15 1e-20
7101.49 2.8662714e-15 1e-20
7102.96 2.8921197e-15 1e-20
7104.43 2.91579e-15 1e-20
7105.9 2.9704141e-15 1e-20
7107.37 2.9288208e-15 1e-20
7108.84 2.9135759e-15 1e-20
7110.31 2.8544633e-15 1e-20
7111.78 2.8245859e-15 1e-20
7113.25 2.7894305e-15 1e-20
7114.72 2.8396011e-15 1e-20
7116.19 2.8944147e-15 1e-20
7117.66 2.9332463e-15 1e-20
7119.13 2.8701248e-15 1e-20
7120.6 2.9094275e-15 1e-20
7122.07 2.902258e-15 1e-20
7123.54 2.923796e-15 1e-20
7125.01 2.8950053e-15 1e-20
7126.48 2.8424096e-15 1e-20
7127.95 2.8338444e-15 1e-20
7129.42 2.9170879e-15 1e-20
7130.89 3.0640714e-15 1e-20
7132.36 2.9275773e-15 1e-20
7133.83 2.7998528e-15 1e-20
7135.3 2.8920519e-15 1e-20
7136.77 2.9207907e-15 1e-20
7138.24 2.8806242e-15 1e-20
7139.71 2.8373175e-15 1e-20
7141.18 2.9088831e-15 1e-20
7142.65 2.8988383e-15 1e-20
7144.12 2.8893014e-15 1e-20
7145.59 2.8689542e-15 1e-20
7147.06 2.8601821e-15 1e-20
7148.53 2.9352201e-15 1e-20
7150.0 2.9326521e-15 1e-20
7151.47 2.8945756e-15 1e-20
7152.94 2.8158213e-15 1e-20
7154.41 2.8121651e-15 1e-20
7155.88 2.8336714e-15 1e-20
7157.35 2.9012702e-15 1e-20
7158.82 2.8800571e-15 1e-20
7160.29 2.840085e-15 1e-20
7161.76 2.8632767e-15 1e-20
7163.23 2.8077829e-15 1e-20
7164.7 2.8069272e-15 1e-20
7166.17 2.8493244e-15 1e-20
7167.64 2.8648022e-15 1e-20
7169.11 2.8260822e-15 1e-20
7170.58 2.7777886e-15 1e-20
7172.05 2.8250764e-15 1e-20
7173.52 2.8451079e-15 1e-20
7174.99 2.8388131e-15 1e-20
7176.46 2.8453666e-15 1e-20
7177.93 2.7724953e-15 1e-20
7179.4 2.7714668e-15 1e-20
7180.87 2.8399001e-15 1e-20
7182.34 2.84894e-15 1e-20
7183.81 2.8328174e-15 1e-20
7185.28 2.8349564e-15 1e-20
7186.75 2.7448698e-15 1e-20
7188.22 2.7510205e-15 1e-20
7189.69 2.7453244e-15 1e-20
7191.16 2.7347325e-15 1e-20
7192.63 2.7401063e-15 1e-20
7194.1 2.6986025e-15 1e-20
7195.57 2.7864415e-15 1e-20
7197.04 2.7298324e-15 1e-20
7198.51 2.6327561e-15 1e-20
7199.98 2.6927453e-15 1e-20
7201.45 2.7527076e-15 1e-20
7202.92 2.6719244e-15 1e-20
7204.39 2.6073919e-15 1e-20
7205.86 2.6868844e-15 1e-20
7207.33 2.7105296e-15 1e-20
7208.8 2.6369383e-15 1e-20
7210.27 2.6200561e-15 1e-20
7211.74 2.6426246e-15 1e-20
7213.21 2.6598196e-15 1e-20
7214.68 2.6552539e-15 1e-20
7216.15 2.6041158e-15 1e-20
7217.62 2.6170879e-15 1e-20
7219.09 2.6350807e-15 1e-20
7220.56 2.566773e-15 1e-20
7222.03 2.5915325e-15 1e-20
7223.5 2.6701636e-15 1e-20
7224.97 2.5899134e-15 1e-20
7226.44 2.6152454e-15 1e-20
7227.91 2.6368375e-15 1e-20
7229.38 2.6410396e-15 1e-20
7230.85 2.6597027e-15 1e-20
7232.32 2.5820813e-15 1e-20
7233.79 2.5672658e-15 1e-20
7235.26 2.628922e-15 1e-20
7236.73 2.6156314e-15 1e-20
7238.2 2.6370382e-15 1e-20
7239.67 2.5948105e-15 1e-20
7241.14 2.6510492e-15 1e-20
7242.61 2.5876702e-15 1e-20
7244.08 2.6184289e-15 1e-20
7245.55 2.6817518e-15 1e-20
7247.02 2.541372e-15 1e-20
7248.49 2.5904881e-15 1e-20
7249.96 2.6289099e-15 1e-20
7251.43 2.5849819e-15 1e-20
7252.9 2.5947353e-15 1e-20
7254.37 2.5574038e-15 1e-20
7255.84 2.6089311e-15 1e-20
7257.31 2.6741891e-15 1e-20
7258.78 2.6478754e-15 1e-20
7260.25 2.5928767e-15 1e-20
7261.72 2.5274735e-15 1e-20
7263.19 2.5177527e-15 1e-20
7264.66 2.555164e-15 1e-20
7266.13 2.635434e-15 1e-20
7267.6 2.5951251e-15 1e-20
7269.07 2.4762341e-15 1e-20
7270.54 2.5740707e-15 1e-20
7272.01 2.5539168e-15 1e-20
7273.48 2.5078346e-15 1e-20
7274.95 2.5532415e-15 1e-20
7276.42 2.4913346e-15 1e-20
7277.89 2.5171729e-15 1e-20
7279.36 2.5128145e-15 1e-20
7280.83 2.5709061e-15 1e-20
7282.3 2.6272497e-15 1e-20
7283.77 2.5807038e-15 1e-20
7285.24 2.5084546e-15 1e-20
7286.71 2.5502534e-15 1e-20
7288.18 2.4745968e-15 1e-20
7289.65 2.4655568e-15 1e-20
7291.12 2.5431599e-15 1e-20
7292.59 2.552537e-15 1e-20
7294.06 2.5608121e-15 1e-20
7295.53 2.5070214e-15 1e-20
7297.0 2.5323363e-15 1e-20
7298.47 2.5196225e-15 1e-20
7299.94 2.449826e-15 1e-20
7301.41 2.4002436e-15 1e-20
7302.88 2.4150661e-15 1e-20
7304.35 2.4723291e-15 1e-20
7305.82 2.4347026e-15 1e-20
7307.29 2.4804394e-15 1e-20
7308.76 2.4360898e-15 1e-20
7310.23 2.4366635e-15 1e-20
7311.7 2.4501349e-15 1e-20
7313.17 2.4716233e-15 1e-20
7314.64 2.4018293e-15 1e-20
7316.11 2.4051812e-15 1e-20
7317.58 2.4778517e-15 1e-20
7319.05 2.5105271e-15 1e-20
7320.52 2.4970324e-15 1e-20
7321.99 2.422733e-15 1e-20
7323.46 2.5174675e-15 1e-20
7324.93 2.5946457e-15 1e-20
7326.4 2.3769009e-15 1e-20
7327.87 2.3713409e-15 1e-20
7329.34 2.3980214e-15 1e-20
7330.81 2.4452397e-15 1e-20
7332.28 2.4167063e-15 1e-20
7333.75 2.4829913e-15 1e-20
7335.22 2.4248908e-15 1e-20
7336.69 2.4113171e-15 1e-20
7338.16 2.3917013e-15 1e-20
7339.63 2.4268773e-15 1e-20
7341.1 2.3907372e-15 1e-20
7342.57 2.3688814e-15 1e-20
7344.04 2.3407444e-15 1e-20
7345.51 2.502775e-15 1e-20
7346.98 2.4572021e-15 1e-20
7348.45 2.4413715e-15 1e-20
7349.92 2.3200163e-15 1e-20
7351.39 2.3946648e-15 1e-20
7352.86 2.4332893e-15 1e-20
7354.33 2.4573728e-15 1e-20
7355.8 2.3610342e-15 1e-20
7357.27 2.3112829e-15 1e-20
7358.74 2.4062709e-15 1e-20
7360.21 2.3760403e-15 1e-20
7361.68 2.3665988e-15 1e-20
7363.15 2.3892385e-15 1e-20
7364.62 2.3670378e-15 1e-20
7366.09 2.4122994e-15 1e-20
7367.56 2.4419306e-15 1e-20
7369.03 2.4121745e-15 1e-20
7370.5 2.404181e-15 1e-20
7371.97 2.3431976e-15 1e-20
7373.44 2.3145592e-15 1e-20
7374.91 2.4098481e-15 1e-20
7376.38 2.3952516e-15 1e-20
7377.85 2.3872112e-15 1e-20
7379.32 2.3014637e-15 1e-20
7380.79 2.3740883e-15 1e-20
7382.26 2.2609922e-15 1e-20
7383.73 2.3234239e-15 1e-20
7385.2 2.4378949e-15 1e-20
7386.67 2.3982205e-15 1e-20
7388.14 2.4219088e-15 1e-20
7389.61 2.3729505e-15 1e-20
7391.08 2.372094e-15 1e-20
7392.55 2.3843338e-15 1e-20
7394.02 2.4208977e-15 1e-20
7395.49 2.3432989e-15 1e-20
7396.96 2.3261932e-15 1e-20
7398.43 2.3896618e-15 1e-20
7399.9 2.4594311e-15 1e-20
7401.37 2.3869026e-15 1e-20
7402.84 2.3389282e-15 1e-20
7404.31 2.3261822e-15 1e-20
7405.78 2.3647733e-15 1e-20
7407.25 2.1938234e-15 1e-20
7408.72 2.2501631e-15 1e-20
7410.19 2.22462e-15 1e-20
7411.66 2.2242693e-15 1e-20
7413.13 2.251602e-15 1e-20
7414.6 2.1269552e-15 1e-20
7416.07 2.1425976e-15 1e-20
