3200.0 1.6076601e-16 1e-20
3202.0 1.56744e-16 1e-20
3204.0 1.46102e-16 1e-20
3206.0 1.4537e-16 1e-20
3208.0 1.08921e-16 1e-20
3210.0 9.98784e-17 1e-20
3212.0 1.179e-16 1e-20
3214.0 9.8609405e-17 1e-20
3216.0 1.16094e-16 1e-20
3218.0 1.40045e-16 1e-20
3220.0 1.29481e-16 1e-20
3222.0 1.2223301e-16 1e-20
3224.0 1.1872501e-16 1e-20
3226.0 1.57002e-16 1e-20
3228.0 1.8604999e-16 1e-20
3230.0 1.53616e-16 1e-20
3232.0 1.1866e-16 1e-20
3234.0 1.13677e-16 1e-20
3236.0 1.4233101e-16 1e-20
3238.0 1.4540901e-16 1e-20
3240.0 9.85294e-17 1e-20
3242.0 1.26847e-16 1e-20
3244.0 1.47739e-16 1e-20
3246.0 1.38308e-16 1e-20
3248.0 1.7412799e-16 1e-20
3250.0 1.5579001e-16 1e-20
3252.0 1.1313601e-16 1e-20
3254.0 1.17806e-16 1e-20
3256.0 1.5454599e-16 1e-20
3258.0 1.4667e-16 1e-20
3260.0 1.8511399e-16 1e-20
3262.0 1.73944e-16 1e-20
3264.0 2.04372e-16 1e-20
3266.0 1.4905501e-16 1e-20
3268.0 1.5239e-16 1e-20
3270.0 1.5528401e-16 1e-20
3272.0 1.7738999e-16 1e-20
3274.0 1.79257e-16 1e-20
3276.0 1.74668e-16 1e-20
3278.0 1.84739e-16 1e-20
3280.0 1.74709e-16 1e-20
3282.0 1.6929499e-16 1e-20
3284.0 1.84753e-16 1e-20
3286.0 1.9509199e-16 1e-20
3288.0 1.8929e-16 1e-20
3290.0 2.12643e-16 1e-20
3292.0 1.8855201e-16 1e-20
3294.0 1.97269e-16 1e-20
3296.0 2.08357e-16 1e-20
3298.0 2.0403799e-16 1e-20
3300.0 1.89016e-16 1e-20
3302.0 1.7817301e-16 1e-20
3304.0 1.87861e-16 1e-20
3306.0 2.1258701e-16 1e-20
3308.0 2.15372e-16 1e-20
3310.0 2.1664899e-16 1e-20
3312.0 2.41002e-16 1e-20
3314.0 2.14841e-16 1e-20
3316.0 2.2743001e-16 1e-20
3318.0 2.07461e-16 1e-20
3320.0 2.28405e-16 1e-20
3322.0 2.5296398e-16 1e-20
3324.0 2.3827799e-16 1e-20
3326.0 2.3493301e-16 1e-20
3328.0 2.33923e-16 1e-20
3330.0 2.2264301e-16 1e-20
3332.0 2.35014e-16 1e-20
3334.0 2.5380702e-16 1e-20
3336.0 2.52271e-16 1e-20
3338.0 2.68139e-16 1e-20
3340.0 2.6407901e-16 1e-20
3342.0 2.7422898e-16 1e-20
3344.0 2.6436901e-16 1e-20
3346.0 2.5267199e-16 1e-20
3348.0 2.5770001e-16 1e-20
3350.0 2.6065001e-16 1e-20
3352.0 2.4306799e-16 1e-20
3354.0 2.6525199e-16 1e-20
3356.0 2.7975802e-16 1e-20
3358.0 2.78367e-16 1e-20
3360.0 2.6392999e-16 1e-20
3362.0 2.7821602e-16 1e-20
3364.0 2.5919399e-16 1e-20
3366.0 2.4064399e-16 1e-20
3368.0 2.6576098e-16 1e-20
3370.0 2.7287201e-16 1e-20
3372.0 2.8363698e-16 1e-20
3374.0 2.97582e-16 1e-20
3376.0 2.8406502e-16 1e-20
3378.0 2.67505e-16 1e-20
3380.0 2.67447e-16 1e-20
3382.0 2.7666399e-16 1e-20
3384.0 2.77222e-16 1e-20
3386.0 2.8507201e-16 1e-20
3388.0 2.8883201e-16 1e-20
3390.0 2.9005899e-16 1e-20
3392.0 3.0517901e-16 1e-20
3394.0 3.11021e-16 1e-20
3396.0 3.0033499e-16 1e-20
3398.0 3.0351599e-16 1e-20
3400.0 3.0598801e-16 1e-20
3402.0 3.0444198e-16 1e-20
3404.0 3.1659299e-16 1e-20
3406.0 3.3203599e-16 1e-20
3408.0 3.25551e-16 1e-20
3410.0 3.35074e-16 1e-20
3412.0 3.42423e-16 1e-20
3414.0 3.43551e-16 1e-20
3416.0 3.5771001e-16 1e-20
3418.0 3.64286e-16 1e-20
3420.0 3.58478e-16 1e-20
3422.0 3.5250099e-16 1e-20
3424.0 3.5682099e-16 1e-20
3426.0 3.68931e-16 1e-20
3428.0 3.70184e-16 1e-20
3430.0 3.6635599e-16 1e-20
3432.0 3.65887e-16 1e-20
3434.0 3.7905402e-16 1e-20
3436.0 3.9643897e-16 1e-20
3438.0 3.98339e-16 1e-20
3440.0 4.1203002e-16 1e-20
3442.0 4.0674999e-16 1e-20
3444.0 4.1083898e-16 1e-20
3446.0 4.0690499e-16 1e-20
3448.0 4.3671399e-16 1e-20
3450.0 4.4495297e-16 1e-20
3452.0 4.14691e-16 1e-20
3454.0 4.2497101e-16 1e-20
3456.0 4.4962499e-16 1e-20
3458.0 4.5054297e-16 1e-20
3460.0 4.5046599e-16 1e-20
3462.0 4.5215402e-16 1e-20
3464.0 4.6832002e-16 1e-20
3466.0 4.5626102e-16 1e-20
3468.0 4.6520299e-16 1e-20
3470.0 4.79399e-16 1e-20
3472.0 4.52377e-16 1e-20
3474.0 4.4458599e-16 1e-20
3476.0 4.6298101e-16 1e-20
3478.0 4.58772e-16 1e-20
3480.0 4.6445501e-16 1e-20
3482.0 4.8038902e-16 1e-20
3484.0 4.7010599e-16 1e-20
3486.0 4.5865399e-16 1e-20
3488.0 4.6822102e-16 1e-20
3490.0 4.6082198e-16 1e-20
3492.0 4.20621e-16 1e-20
3494.0 4.47736e-16 1e-20
3496.0 4.58483e-16 1e-20
3498.0 4.4727501e-16 1e-20
3500.0 4.5033401e-16 1e-20
3502.0 4.4557702e-16 1e-20
3504.0 4.36468e-16 1e-20
3506.0 4.17654e-16 1e-20
3508.0 4.1244599e-16 1e-20
3510.0 4.0670602e-16 1e-20
3512.0 3.8731598e-16 1e-20
3514.0 3.8907098e-16 1e-20
3516.0 3.9686501e-16 1e-20
3518.0 3.85262e-16 1e-20
3520.0 3.82896e-16 1e-20
3522.0 3.77029e-16 1e-20
3524.0 3.8363099e-16 1e-20
3526.0 3.6374501e-16 1e-20
3528.0 3.37678e-16 1e-20
3530.0 3.37253e-16 1e-20
3532.0 3.4301999e-16 1e-20
3534.0 3.3266999e-16 1e-20
3536.0 3.0425701e-16 1e-20
3538.0 3.0043502e-16 1e-20
3540.0 3.16106e-16 1e-20
3542.0 3.00672e-16 1e-20
3544.0 2.8900399e-16 1e-20
3546.0 2.74218e-16 1e-20
3548.0 2.4831099e-16 1e-20
3550.0 2.51207e-16 1e-20
3552.0 2.4258799e-16 1e-20
3554.0 2.3306e-16 1e-20
3556.0 2.4125799e-16 1e-20
3558.0 2.43875e-16 1e-20
3560.0 2.4053099e-16 1e-20
3562.0 2.2660799e-16 1e-20
3564.0 2.2217402e-16 1e-20
3566.0 2.1496401e-16 1e-20
3568.0 2.13748e-16 1e-20
3570.0 2.10874e-16 1e-20
3572.0 2.0474e-16 1e-20
3574.0 1.9738599e-16 1e-20
3576.0 2.0094e-16 1e-20
3578.0 1.9756199e-16 1e-20
3580.0 1.9460199e-16 1e-20
3582.0 1.98665e-16 1e-20
3584.0 1.9393001e-16 1e-20
3586.0 1.90693e-16 1e-20
3588.0 1.8623499e-16 1e-20
3590.0 1.9513699e-16 1e-20
3592.0 2.0325301e-16 1e-20
3594.0 1.9151201e-16 1e-20
3596.0 1.83185e-16 1e-20
3598.0 1.8139e-16 1e-20
3600.0 1.86501e-16 1e-20
3602.0 1.8646199e-16 1e-20
3604.0 1.87234e-16 1e-20
3606.0 1.8770801e-16 1e-20
3608.0 1.90858e-16 1e-20
3610.0 1.9069401e-16 1e-20
3612.0 1.78798e-16 1e-20
3614.0 1.8180301e-16 1e-20
3616.0 1.79424e-16 1e-20
3618.0 1.68476e-16 1e-20
3620.0 1.56682e-16 1e-20
3622.0 1.59916e-16 1e-20
3624.0 1.7250199e-16 1e-20
3626.0 1.7928e-16 1e-20
3628.0 1.79177e-16 1e-20
3630.0 1.77542e-16 1e-20
3632.0 1.73397e-16 1e-20
3634.0 1.8399701e-16 1e-20
3636.0 1.7869e-16 1e-20
3638.0 1.70139e-16 1e-20
3640.0 1.70459e-16 1e-20
3642.0 1.70508e-16 1e-20
3644.0 1.6986801e-16 1e-20
3646.0 1.81847e-16 1e-20
3648.0 1.70036e-16 1e-20
3650.0 1.8252901e-16 1e-20
3652.0 1.732e-16 1e-20
3654.0 1.70613e-16 1e-20
3656.0 1.79113e-16 1e-20
3658.0 1.7700299e-16 1e-20
3660.0 1.67302e-16 1e-20
3662.0 1.68504e-16 1e-20
3664.0 1.68781e-16 1e-20
3666.0 1.79906e-16 1e-20
3668.0 1.93972e-16 1e-20
3670.0 1.84027e-16 1e-20
3672.0 1.80904e-16 1e-20
3674.0 1.95666e-16 1e-20
3676.0 1.7964699e-16 1e-20
3678.0 1.74283e-16 1e-20
3680.0 1.95817e-16 1e-20
3682.0 2.00131e-16 1e-20
3684.0 2.0399501e-16 1e-20
3686.0 2.0090499e-16 1e-20
3688.0 1.98122e-16 1e-20
3690.0 1.9052001e-16 1e-20
3692.0 1.9764601e-16 1e-20
3694.0 2.09697e-16 1e-20
3696.0 2.0359799e-16 1e-20
3698.0 2.13615e-16 1e-20
3700.0 2.16962e-16 1e-20
3702.0 2.21636e-16 1e-20
3704.0 2.18209e-16 1e-20
3706.0 2.3291699e-16 1e-20
3708.0 2.31299e-16 1e-20
3710.0 2.3237301e-16 1e-20
3712.0 2.2339401e-16 1e-20
3714.0 2.4787101e-16 1e-20
3716.0 2.54049e-16 1e-20
3718.0 2.70776e-16 1e-20
3720.0 2.5636199e-16 1e-20
3722.0 2.60142e-16 1e-20
3724.0 2.75974e-16 1e-20
3726.0 2.7551801e-16 1e-20
3728.0 2.83388e-16 1e-20
3730.0 3.0459299e-16 1e-20
3732.0 3.1106401e-16 1e-20
3734.0 3.1902599e-16 1e-20
3736.0 3.2855002e-16 1e-20
3738.0 3.25406e-16 1e-20
3740.0 3.2844902e-16 1e-20
3742.0 3.4693101e-16 1e-20
3744.0 3.5360597e-16 1e-20
3746.0 3.51629e-16 1e-20
3748.0 3.7113101e-16 1e-20
3750.0 3.7806699e-16 1e-20
3752.0 3.7778101e-16 1e-20
3754.0 3.9027101e-16 1e-20
3756.0 3.9323301e-16 1e-20
3758.0 3.9175401e-16 1e-20
3760.0 4.0582299e-16 1e-20
3762.0 4.1265899e-16 1e-20
3764.0 4.32718e-16 1e-20
3766.0 4.41317e-16 1e-20
3768.0 4.5344802e-16 1e-20
3770.0 4.55896e-16 1e-20
3772.0 4.5305802e-16 1e-20
3774.0 4.6777802e-16 1e-20
3776.0 4.7356702e-16 1e-20
3778.0 4.8327301e-16 1e-20
3780.0 4.9499001e-16 1e-20
3782.0 4.8331001e-16 1e-20
3784.0 5.0556898e-16 1e-20
3786.0 5.04144e-16 1e-20
3788.0 5.0538602e-16 1e-20
3790.0 5.2555197e-16 1e-20
3792.0 5.4862102e-16 1e-20
3794.0 5.3694498e-16 1e-20
3796.0 5.5464702e-16 1e-20
3798.0 5.6370599e-16 1e-20
3800.0 5.7634599e-16 1e-20
3802.0 5.8474999e-16 1e-20
3804.0 5.9593305e-16 1e-20
3806.0 6.0460402e-16 1e-20
3808.0 6.0592004e-16 1e-20
3810.0 5.99544e-16 1e-20
3812.0 6.3243096e-16 1e-20
3814.0 6.3596499e-16 1e-20
3816.0 6.48687e-16 1e-20
3818.0 6.5138501e-16 1e-20
3820.0 6.7183498e-16 1e-20
3822.0 7.0199603e-16 1e-20
3824.0 6.9849905e-16 1e-20
3826.0 7.0671702e-16 1e-20
3828.0 7.2646305e-16 1e-20
3830.0 7.1788298e-16 1e-20
3832.0 7.2350595e-16 1e-20
3834.0 7.5014101e-16 1e-20
3836.0 7.6379301e-16 1e-20
3838.0 7.7110301e-16 1e-20
3840.0 7.79207e-16 1e-20
3842.0 7.8276099e-16 1e-20
3844.0 7.9746506e-16 1e-20
3846.0 8.1375599e-16 1e-20
3848.0 8.0197101e-16 1e-20
3850.0 8.1852002e-16 1e-20
3852.0 8.33254e-16 1e-20
3854.0 8.3888206e-16 1e-20
3856.0 8.5149596e-16 1e-20
3858.0 8.5229699e-16 1e-20
3860.0 8.67108e-16 1e-20
3862.0 8.5858002e-16 1e-20
3864.0 8.40909e-16 1e-20
3866.0 8.4625696e-16 1e-20
3868.0 8.6173998e-16 1e-20
3870.0 8.6309396e-16 1e-20
3872.0 8.5999901e-16 1e-20
3874.0 8.7021502e-16 1e-20
3876.0 8.7516805e-16 1e-20
3878.0 8.7815701e-16 1e-20
3880.0 8.92448e-16 1e-20
3882.0 8.9774904e-16 1e-20
3884.0 8.8941805e-16 1e-20
3886.0 8.8881105e-16 1e-20
3888.0 8.8833703e-16 1e-20
3890.0 8.7994499e-16 1e-20
3892.0 8.7250503e-16 1e-20
3894.0 8.8491798e-16 1e-20
3896.0 8.7599401e-16 1e-20
3898.0 8.8943997e-16 1e-20
3900.0 8.9968907e-16 1e-20
3902.0 8.8224697e-16 1e-20
3904.0 8.8293703e-16 1e-20
3906.0 8.9940796e-16 1e-20
3908.0 8.9419701e-16 1e-20
3910.0 8.7234097e-16 1e-20
3912.0 8.86197e-16 1e-20
3914.0 8.9069305e-16 1e-20
3916.0 8.7761401e-16 1e-20
3918.0 8.7540299e-16 1e-20
3920.0 8.6348598e-16 1e-20
3922.0 8.7408601e-16 1e-20
3924.0 9.0647497e-16 1e-20
3926.0 9.0676698e-16 1e-20
3928.0 8.74554e-16 1e-20
3930.0 8.5115302e-16 1e-20
3932.0 8.5239599e-16 1e-20
3934.0 8.5449303e-16 1e-20
3936.0 8.6168699e-16 1e-20
3938.0 8.7353899e-16 1e-20
3940.0 8.8397004e-16 1e-20
3942.0 8.9430903e-16 1e-20
3944.0 8.8536103e-16 1e-20
3946.0 8.9305701e-16 1e-20
3948.0 9.0860102e-16 1e-20
3950.0 8.9555502e-16 1e-20
3952.0 8.7896196e-16 1e-20
3954.0 8.7729399e-16 1e-20
3956.0 8.9860095e-16 1e-20
3958.0 9.0966098e-16 1e-20
3960.0 9.0196007e-16 1e-20
3962.0 8.9351303e-16 1e-20
3964.0 8.9117501e-16 1e-20
3966.0 8.7775499e-16 1e-20
3968.0 8.7986204e-16 1e-20
3970.0 8.9923506e-16 1e-20
3972.0 9.0814796e-16 1e-20
3974.0 9.0310695e-16 1e-20
3976.0 9.1178703e-16 1e-20
3978.0 9.1772007e-16 1e-20
3980.0 9.1110898e-16 1e-20
3982.0 9.1547702e-16 1e-20
3984.0 9.1485604e-16 1e-20
3986.0 9.0724704e-16 1e-20
3988.0 9.2393602e-16 1e-20
3990.0 9.2442201e-16 1e-20
3992.0 9.1684297e-16 1e-20
3994.0 9.1461601e-16 1e-20
3996.0 9.0375303e-16 1e-20
3998.0 9.0773101e-16 1e-20
4000.0 9.1138003e-16 1e-20
4002.0 9.0224605e-16 1e-20
4004.0 9.2483801e-16 1e-20
4006.0 9.2288401e-16 1e-20
4008.0 9.0317302e-16 1e-20
4010.0 8.7582201e-16 1e-20
4012.0 8.8732805e-16 1e-20
4014.0 9.0687403e-16 1e-20
4016.0 9.3165196e-16 1e-20
4018.0 9.4609896e-16 1e-20
4020.0 9.5047896e-16 1e-20
4022.0 9.5845007e-16 1e-20
4024.0 9.6395801e-16 1e-20
4026.0 9.8067399e-16 1e-20
4028.0 9.8181198e-16 1e-20
4030.0 9.7726098e-16 1e-20
4032.0 9.8213206e-16 1e-20
4034.0 9.7917697e-16 1e-20
4036.0 9.8494103e-16 1e-20
4038.0 9.7646498e-16 1e-20
4040.0 9.7031499e-16 1e-20
4042.0 9.8584301e-16 1e-20
4044.0 9.8498306e-16 1e-20
4046.0 9.6811599e-16 1e-20
4048.0 9.67666e-16 1e-20
4050.0 9.7896998e-16 1e-20
4052.0 9.8151902e-16 1e-20
4054.0 9.9275999e-16 1e-20
4056.0 1.0114e-15 1e-20
4058.0 1.01663e-15 1e-20
4060.0 1.00192e-15 1e-20
4062.0 1.0178e-15 1e-20
4064.0 1.01057e-15 1e-20
4066.0 1.0029401e-15 1e-20
4068.0 1.00716e-15 1e-20
4070.0 1.0184099e-15 1e-20
4072.0 1.01772e-15 1e-20
4074.0 1.01181e-15 1e-20
4076.0 1.01027e-15 1e-20
4078.0 1.0122e-15 1e-20
4080.0 1.00081e-15 1e-20
4082.0 9.8975101e-16 1e-20
4084.0 1.00599e-15 1e-20
4086.0 1.0091e-15 1e-20
4088.0 9.9879806e-16 1e-20
4090.0 9.9782302e-16 1e-20
4092.0 9.9551803e-16 1e-20
4094.0 9.95928e-16 1e-20
4096.0 1.00228e-15 1e-20
4098.0 1.0127099e-15 1e-20
4100.0 1.00782e-15 1e-20
4102.0 9.9673406e-16 1e-20
4104.0 9.9433399e-16 1e-20
4106.0 9.7488601e-16 1e-20
4108.0 9.6305804e-16 1e-20
4110.0 9.7295096e-16 1e-20
4112.0 9.7249695e-16 1e-20
4114.0 9.5895501e-16 1e-20
4116.0 9.6478503e-16 1e-20
4118.0 9.5368901e-16 1e-20
4120.0 9.4107298e-16 1e-20
4122.0 9.3278805e-16 1e-20
4124.0 9.34889e-16 1e-20
4126.0 9.3225198e-16 1e-20
4128.0 9.3539098e-16 1e-20
4130.0 9.31858e-16 1e-20
4132.0 9.2525496e-16 1e-20
4134.0 9.2960098e-16 1e-20
4136.0 9.3759104e-16 1e-20
4138.0 9.3051599e-16 1e-20
4140.0 9.2177101e-16 1e-20
4142.0 9.2647701e-16 1e-20
4144.0 9.2836103e-16 1e-20
4146.0 9.2410204e-16 1e-20
4148.0 9.0901395e-16 1e-20
4150.0 9.0104601e-16 1e-20
4152.0 8.9744295e-16 1e-20
4154.0 8.8365002e-16 1e-20
4156.0 8.9225201e-16 1e-20
4158.0 8.9732203e-16 1e-20
4160.0 8.7945599e-16 1e-20
4162.0 8.7447999e-16 1e-20
4164.0 8.8913705e-16 1e-20
4166.0 8.8177199e-16 1e-20
4168.0 8.8115001e-16 1e-20
4170.0 8.9557503e-16 1e-20
4172.0 8.7442398e-16 1e-20
4174.0 8.5798503e-16 1e-20
4176.0 8.6820697e-16 1e-20
4178.0 8.6355004e-16 1e-20
4180.0 8.54379e-16 1e-20
4182.0 8.5508601e-16 1e-20
4184.0 8.3753003e-16 1e-20
4186.0 8.2019402e-16 1e-20
4188.0 8.2128902e-16 1e-20
4190.0 8.1337705e-16 1e-20
4192.0 8.06964e-16 1e-20
4194.0 8.0087802e-16 1e-20
4196.0 7.9936601e-16 1e-20
4198.0 8.0161398e-16 1e-20
4200.0 7.7630501e-16 1e-20
4202.0 7.6403304e-16 1e-20
4204.0 7.6747501e-16 1e-20
4206.0 7.4850099e-16 1e-20
4208.0 7.2412698e-16 1e-20
4210.0 7.2280101e-16 1e-20
4212.0 7.15761e-16 1e-20
4214.0 7.0669505e-16 1e-20
4216.0 6.9167503e-16 1e-20
4218.0 6.7741301e-16 1e-20
4220.0 6.8261803e-16 1e-20
4222.0 6.7901899e-16 1e-20
4224.0 6.66148e-16 1e-20
4226.0 6.5327199e-16 1e-20
4228.0 6.3551903e-16 1e-20
4230.0 6.3581099e-16 1e-20
4232.0 6.3183999e-16 1e-20
4234.0 6.1979201e-16 1e-20
4236.0 6.06058e-16 1e-20
4238.0 5.9649802e-16 1e-20
4240.0 5.9061199e-16 1e-20
4242.0 5.7554301e-16 1e-20
4244.0 5.78699e-16 1e-20
4246.0 5.6707199e-16 1e-20
4248.0 5.6196396e-16 1e-20
4250.0 5.6071596e-16 1e-20
4252.0 5.5044298e-16 1e-20
4254.0 5.4283298e-16 1e-20
4256.0 5.30335e-16 1e-20
4258.0 5.2531099e-16 1e-20
4260.0 5.2426998e-16 1e-20
4262.0 5.1901605e-16 1e-20
4264.0 5.1518e-16 1e-20
4266.0 5.2005202e-16 1e-20
4268.0 5.0005003e-16 1e-20
4270.0 4.9102897e-16 1e-20
4272.0 4.9506598e-16 1e-20
4274.0 4.94092e-16 1e-20
4276.0 4.9189098e-16 1e-20
4278.0 4.9615701e-16 1e-20
4280.0 4.8124701e-16 1e-20
4282.0 4.7901402e-16 1e-20
4284.0 4.7458901e-16 1e-20
4286.0 4.8890202e-16 1e-20
4288.0 4.9100599e-16 1e-20
4290.0 4.8055403e-16 1e-20
4292.0 4.9134401e-16 1e-20
4294.0 4.7922001e-16 1e-20
4296.0 4.6829699e-16 1e-20
4298.0 4.80069e-16 1e-20
4300.0 4.9182703e-16 1e-20
4302.0 4.8988002e-16 1e-20
4304.0 4.9285999e-16 1e-20
4306.0 4.9289001e-16 1e-20
4308.0 4.8913702e-16 1e-20
4310.0 4.9652002e-16 1e-20
4312.0 4.8780003e-16 1e-20
4314.0 4.8790299e-16 1e-20
4316.0 5.0774998e-16 1e-20
4318.0 5.1367101e-16 1e-20
4320.0 5.1901901e-16 1e-20
4322.0 5.1553999e-16 1e-20
4324.0 5.0558899e-16 1e-20
4326.0 5.1352797e-16 1e-20
4328.0 5.3964003e-16 1e-20
4330.0 5.4147703e-16 1e-20
4332.0 5.2339399e-16 1e-20
4334.0 5.33311e-16 1e-20
4336.0 5.4510895e-16 1e-20
4338.0 5.4297602e-16 1e-20
4340.0 5.51784e-16 1e-20
4342.0 5.45904e-16 1e-20
4344.0 5.4343405e-16 1e-20
4346.0 5.6348099e-16 1e-20
4348.0 5.65971e-16 1e-20
4350.0 5.6578e-16 1e-20
4352.0 5.8467503e-16 1e-20
4354.0 5.8586903e-16 1e-20
4356.0 5.9039499e-16 1e-20
4358.0 5.9426397e-16 1e-20
4360.0 5.89547e-16 1e-20
4362.0 5.99353e-16 1e-20
4364.0 6.2550498e-16 1e-20
4366.0 6.37577e-16 1e-20
4368.0 6.2372902e-16 1e-20
4370.0 6.2466403e-16 1e-20
4372.0 6.2189297e-16 1e-20
4374.0 6.1888701e-16 1e-20
4376.0 6.2599801e-16 1e-20
4378.0 6.2469204e-16 1e-20
4380.0 6.2954496e-16 1e-20
4382.0 6.39749e-16 1e-20
4384.0 6.3149101e-16 1e-20
4386.0 6.2634698e-16 1e-20
4388.0 6.3095405e-16 1e-20
4390.0 6.2132402e-16 1e-20
4392.0 6.2545199e-16 1e-20
4394.0 6.2944696e-16 1e-20
4396.0 6.3216504e-16 1e-20
4398.0 6.36872e-16 1e-20
4400.0 6.4080901e-16 1e-20
4402.0 6.4924996e-16 1e-20
4404.0 6.52866e-16 1e-20
4406.0 6.5271803e-16 1e-20
4408.0 6.6461906e-16 1e-20
4410.0 6.6423397e-16 1e-20
4412.0 6.6281e-16 1e-20
4414.0 6.6135904e-16 1e-20
4416.0 6.69622e-16 1e-20
4418.0 6.7212498e-16 1e-20
4420.0 6.8509798e-16 1e-20
4422.0 6.8959499e-16 1e-20
4424.0 6.8738899e-16 1e-20
4426.0 6.9401999e-16 1e-20
4428.0 6.9470503e-16 1e-20
4430.0 7.0318902e-16 1e-20
4432.0 7.1898004e-16 1e-20
4434.0 7.1192997e-16 1e-20
4436.0 7.0448e-16 1e-20
4438.0 7.1867003e-16 1e-20
4440.0 7.32163e-16 1e-20
4442.0 7.3614299e-16 1e-20
4444.0 7.3995798e-16 1e-20
4446.0 7.3689505e-16 1e-20
4448.0 7.5171501e-16 1e-20
4450.0 7.5607802e-16 1e-20
4452.0 7.4794502e-16 1e-20
4454.0 7.6267397e-16 1e-20
4456.0 7.7826001e-16 1e-20
4458.0 7.6549999e-16 1e-20
4460.0 7.5363602e-16 1e-20
4462.0 7.63864e-16 1e-20
4464.0 7.7295499e-16 1e-20
4466.0 7.5964699e-16 1e-20
4468.0 7.6814903e-16 1e-20
4470.0 7.7299306e-16 1e-20
4472.0 7.7172399e-16 1e-20
4474.0 7.6982896e-16 1e-20
4476.0 7.72694e-16 1e-20
4478.0 7.80873e-16 1e-20
4480.0 7.7830702e-16 1e-20
4482.0 8.0113202e-16 1e-20
4484.0 8.1894602e-16 1e-20
4486.0 8.0805805e-16 1e-20
4488.0 8.2126403e-16 1e-20
4490.0 8.1947897e-16 1e-20
4492.0 8.0572299e-16 1e-20
4494.0 8.0336602e-16 1e-20
4496.0 8.0825001e-16 1e-20
4498.0 8.08303e-16 1e-20
4500.0 8.0876098e-16 1e-20
4502.0 8.2004304e-16 1e-20
4504.0 8.0949404e-16 1e-20
4506.0 8.1071503e-16 1e-20
4508.0 8.1884496e-16 1e-20
4510.0 8.13468e-16 1e-20
4512.0 8.10031e-16 1e-20
4514.0 8.0510905e-16 1e-20
4516.0 8.08249e-16 1e-20
4518.0 7.9864201e-16 1e-20
4520.0 8.1019098e-16 1e-20
4522.0 8.0100999e-16 1e-20
4524.0 7.88942e-16 1e-20
4526.0 8.0176798e-16 1e-20
4528.0 7.9034601e-16 1e-20
4530.0 7.8671801e-16 1e-20
4532.0 7.9922598e-16 1e-20
4534.0 8.03851e-16 1e-20
4536.0 7.97112e-16 1e-20
4538.0 7.94415e-16 1e-20
4540.0 7.8630402e-16 1e-20
4542.0 7.8306401e-16 1e-20
4544.0 7.6973304e-16 1e-20
4546.0 7.6261801e-16 1e-20
4548.0 7.6074803e-16 1e-20
4550.0 7.4698697e-16 1e-20
4552.0 7.5299604e-16 1e-20
4554.0 7.4654403e-16 1e-20
4556.0 7.38813e-16 1e-20
4558.0 7.4211902e-16 1e-20
4560.0 7.5233297e-16 1e-20
4562.0 7.4310799e-16 1e-20
4564.0 7.4018699e-16 1e-20
4566.0 7.4334299e-16 1e-20
4568.0 7.3151899e-16 1e-20
4570.0 7.2757001e-16 1e-20
4572.0 7.1219097e-16 1e-20
4574.0 6.9619999e-16 1e-20
4576.0 6.8708904e-16 1e-20
4578.0 6.8014003e-16 1e-20
4580.0 6.8193802e-16 1e-20
4582.0 6.7551301e-16 1e-20
4584.0 6.7269403e-16 1e-20
4586.0 6.6599898e-16 1e-20
4588.0 6.5927899e-16 1e-20
4590.0 6.5792797e-16 1e-20
4592.0 6.5439897e-16 1e-20
4594.0 6.5563701e-16 1e-20
4596.0 6.3680297e-16 1e-20
4598.0 6.2293201e-16 1e-20
4600.0 6.3088697e-16 1e-20
4602.0 6.2238197e-16 1e-20
4604.0 6.0686395e-16 1e-20
4606.0 6.0431301e-16 1e-20
4608.0 5.9911297e-16 1e-20
4610.0 5.8867503e-16 1e-20
4612.0 5.8805501e-16 1e-20
4614.0 5.8903402e-16 1e-20
4616.0 5.7002501e-16 1e-20
4618.0 5.5458201e-16 1e-20
4620.0 5.6164902e-16 1e-20
4622.0 5.6670898e-16 1e-20
4624.0 5.6127103e-16 1e-20
4626.0 5.5603097e-16 1e-20
4628.0 5.59908e-16 1e-20
4630.0 5.5819101e-16 1e-20
4632.0 5.5763297e-16 1e-20
4634.0 5.5298504e-16 1e-20
4636.0 5.4637299e-16 1e-20
4638.0 5.5030698e-16 1e-20
4640.0 5.4017504e-16 1e-20
4642.0 5.34423e-16 1e-20
4644.0 5.4267596e-16 1e-20
4646.0 5.4850201e-16 1e-20
4648.0 5.56299e-16 1e-20
4650.0 5.4660603e-16 1e-20
4652.0 5.2082002e-16 1e-20
4654.0 5.32723e-16 1e-20
4656.0 5.2530601e-16 1e-20
4658.0 5.1280598e-16 1e-20
4660.0 5.2648402e-16 1e-20
4662.0 5.20365e-16 1e-20
4664.0 5.15596e-16 1e-20
4666.0 5.1981004e-16 1e-20
4668.0 5.1173596e-16 1e-20
4670.0 4.9851198e-16 1e-20
4672.0 4.9532697e-16 1e-20
4674.0 4.9893703e-16 1e-20
4676.0 4.9381401e-16 1e-20
4678.0 4.83851e-16 1e-20
4680.0 4.80667e-16 1e-20
4682.0 4.8963999e-16 1e-20
4684.0 4.7365802e-16 1e-20
4686.0 4.7790398e-16 1e-20
4688.0 4.7358899e-16 1e-20
4690.0 4.8037298e-16 1e-20
4692.0 4.7694599e-16 1e-20
4694.0 4.5212999e-16 1e-20
4696.0 4.46985e-16 1e-20
4698.0 4.5453503e-16 1e-20
4700.0 4.44867e-16 1e-20
4702.0 4.4053501e-16 1e-20
4704.0 4.4891597e-16 1e-20
4706.0 4.3769898e-16 1e-20
4708.0 4.3872e-16 1e-20
4710.0 4.3976701e-16 1e-20
4712.0 4.3405301e-16 1e-20
4714.0 4.25221e-16 1e-20
4716.0 4.2061901e-16 1e-20
4718.0 4.3910199e-16 1e-20
4720.0 4.4232e-16 1e-20
4722.0 4.3466899e-16 1e-20
4724.0 4.3631001e-16 1e-20
4726.0 4.3931801e-16 1e-20
4728.0 4.2796599e-16 1e-20
4730.0 4.3078301e-16 1e-20
4732.0 4.34413e-16 1e-20
4734.0 4.2246899e-16 1e-20
4736.0 4.3937399e-16 1e-20
4738.0 4.42112e-16 1e-20
4740.0 4.3275699e-16 1e-20
4742.0 4.3956701e-16 1e-20
4744.0 4.4754399e-16 1e-20
4746.0 4.5278797e-16 1e-20
4748.0 4.6333999e-16 1e-20
4750.0 4.50648e-16 1e-20
4752.0 4.4709099e-16 1e-20
4754.0 4.5278501e-16 1e-20
4756.0 4.47446e-16 1e-20
4758.0 4.45103e-16 1e-20
4760.0 4.5216599e-16 1e-20
4762.0 4.4486599e-16 1e-20
4764.0 4.4961599e-16 1e-20
4766.0 4.4837101e-16 1e-20
4768.0 4.49373e-16 1e-20
4770.0 4.4762203e-16 1e-20
4772.0 4.48496e-16 1e-20
4774.0 4.48097e-16 1e-20
4776.0 4.5051597e-16 1e-20
4778.0 4.5994101e-16 1e-20
4780.0 4.4422802e-16 1e-20
4782.0 4.3282301e-16 1e-20
4784.0 4.3652002e-16 1e-20
4786.0 4.2523701e-16 1e-20
4788.0 4.18631e-16 1e-20
4790.0 4.3751401e-16 1e-20
4792.0 4.3741001e-16 1e-20
4794.0 4.21875e-16 1e-20
4796.0 4.2410101e-16 1e-20
4798.0 4.1894501e-16 1e-20
4800.0 4.1365502e-16 1e-20
4802.0 4.18337e-16 1e-20
4804.0 4.09208e-16 1e-20
4806.0 4.0903801e-16 1e-20
4808.0 4.02156e-16 1e-20
4810.0 4.0228199e-16 1e-20
4812.0 4.1641e-16 1e-20
4814.0 4.1879e-16 1e-20
4816.0 4.1834399e-16 1e-20
4818.0 4.1098203e-16 1e-20
4820.0 4.1013301e-16 1e-20
4822.0 4.0563601e-16 1e-20
4824.0 4.0361602e-16 1e-20
4826.0 4.0342303e-16 1e-20
4828.0 3.8648501e-16 1e-20
4830.0 3.80561e-16 1e-20
4832.0 3.8572099e-16 1e-20
4834.0 3.8996801e-16 1e-20
4836.0 3.8634801e-16 1e-20
4838.0 3.8430801e-16 1e-20
4840.0 3.82217e-16 1e-20
4842.0 3.8191599e-16 1e-20
4844.0 3.8115702e-16 1e-20
4846.0 3.75916e-16 1e-20
4848.0 3.7661099e-16 1e-20
4850.0 3.7135499e-16 1e-20
4852.0 3.7327201e-16 1e-20
4854.0 3.7441199e-16 1e-20
4856.0 3.69008e-16 1e-20
4858.0 3.72686e-16 1e-20
4860.0 3.83479e-16 1e-20
4862.0 3.8515401e-16 1e-20
4864.0 3.8214101e-16 1e-20
4866.0 3.8355701e-16 1e-20
4868.0 3.97257e-16 1e-20
4870.0 4.0354402e-16 1e-20
4872.0 3.9754099e-16 1e-20
4874.0 3.92603e-16 1e-20
4876.0 3.8834499e-16 1e-20
4878.0 3.89929e-16 1e-20
4880.0 3.8505101e-16 1e-20
4882.0 3.9522801e-16 1e-20
4884.0 4.0445799e-16 1e-20
4886.0 4.0110401e-16 1e-20
4888.0 4.0209602e-16 1e-20
4890.0 4.0699398e-16 1e-20
4892.0 4.2244601e-16 1e-20
4894.0 4.27122e-16 1e-20
4896.0 4.21536e-16 1e-20
4898.0 4.14271e-16 1e-20
4900.0 4.0717501e-16 1e-20
4902.0 4.1166299e-16 1e-20
4904.0 4.0731202e-16 1e-20
4906.0 4.1397399e-16 1e-20
4908.0 4.3069198e-16 1e-20
4910.0 4.2852601e-16 1e-20
4912.0 4.2449302e-16 1e-20
4914.0 4.2333201e-16 1e-20
4916.0 4.17772e-16 1e-20
4918.0 4.2881901e-16 1e-20
4920.0 4.2613201e-16 1e-20
4922.0 4.1339001e-16 1e-20
4924.0 4.2103898e-16 1e-20
4926.0 4.24349e-16 1e-20
4928.0 4.2709101e-16 1e-20
4930.0 4.2944801e-16 1e-20
4932.0 4.2155599e-16 1e-20
4934.0 4.1998501e-16 1e-20
4936.0 4.39607e-16 1e-20
4938.0 4.4323e-16 1e-20
4940.0 4.3443002e-16 1e-20
4942.0 4.4932599e-16 1e-20
4944.0 4.3654702e-16 1e-20
4946.0 4.3256001e-16 1e-20
4948.0 4.5896898e-16 1e-20
4950.0 4.5882202e-16 1e-20
4952.0 4.4639399e-16 1e-20
4954.0 4.44912e-16 1e-20
4956.0 4.42483e-16 1e-20
4958.0 4.2668798e-16 1e-20
4960.0 4.3236e-16 1e-20
4962.0 4.4002501e-16 1e-20
4964.0 4.4730799e-16 1e-20
4966.0 4.5318401e-16 1e-20
4968.0 4.53001e-16 1e-20
4970.0 4.4921302e-16 1e-20
4972.0 4.4751302e-16 1e-20
4974.0 4.5484399e-16 1e-20
4976.0 4.7020302e-16 1e-20
4978.0 4.7332699e-16 1e-20
4980.0 4.8431401e-16 1e-20
4982.0 4.7189698e-16 1e-20
4984.0 4.6633902e-16 1e-20
4986.0 4.7553801e-16 1e-20
4988.0 4.77274e-16 1e-20
4990.0 4.8040299e-16 1e-20
4992.0 4.8347603e-16 1e-20
4994.0 4.9305401e-16 1e-20
4996.0 4.9300303e-16 1e-20
4998.0 5.0463301e-16 1e-20
5000.0 5.0113301e-16 1e-20
5002.0 4.9593901e-16 1e-20
5004.0 4.9987199e-16 1e-20
5006.0 5.07554e-16 1e-20
5008.0 5.0704996e-16 1e-20
5010.0 5.0807604e-16 1e-20
5012.0 5.1470799e-16 1e-20
5014.0 5.1666098e-16 1e-20
5016.0 5.2628301e-16 1e-20
5018.0 5.2140897e-16 1e-20
5020.0 5.2994701e-16 1e-20
5022.0 5.3832501e-16 1e-20
5024.0 5.3354701e-16 1e-20
5026.0 5.3969197e-16 1e-20
5028.0 5.49731e-16 1e-20
5030.0 5.6156702e-16 1e-20
5032.0 5.4621396e-16 1e-20
5034.0 5.4703601e-16 1e-20
5036.0 5.6106102e-16 1e-20
5038.0 5.6393304e-16 1e-20
5040.0 5.6200599e-16 1e-20
5042.0 5.7380098e-16 1e-20
5044.0 5.7922299e-16 1e-20
5046.0 5.9046503e-16 1e-20
5048.0 5.8985103e-16 1e-20
5050.0 5.80318e-16 1e-20
5052.0 5.8330103e-16 1e-20
5054.0 6.00349e-16 1e-20
5056.0 6.1034203e-16 1e-20
5058.0 6.0501801e-16 1e-20
5060.0 6.0225498e-16 1e-20
5062.0 6.0444403e-16 1e-20
5064.0 6.1740502e-16 1e-20
5066.0 6.2570604e-16 1e-20
5068.0 6.2154595e-16 1e-20
5070.0 6.1804098e-16 1e-20
5072.0 6.2373002e-16 1e-20
5074.0 6.2718099e-16 1e-20
5076.0 6.1598703e-16 1e-20
5078.0 6.2274302e-16 1e-20
5080.0 6.21573e-16 1e-20
5082.0 6.1541597e-16 1e-20
5084.0 6.2801601e-16 1e-20
5086.0 6.3794101e-16 1e-20
5088.0 6.29851e-16 1e-20
5090.0 6.2556702e-16 1e-20
5092.0 6.3845802e-16 1e-20
5094.0 6.3321605e-16 1e-20
5096.0 6.2660596e-16 1e-20
5098.0 6.3705803e-16 1e-20
5100.0 6.3539102e-16 1e-20
5102.0 6.3334104e-16 1e-20
5104.0 6.35161e-16 1e-20
5106.0 6.3269899e-16 1e-20
5108.0 6.3500101e-16 1e-20
5110.0 6.3941803e-16 1e-20
5112.0 6.4749401e-16 1e-20
5114.0 6.4220799e-16 1e-20
5116.0 6.3314998e-16 1e-20
5118.0 6.3721802e-16 1e-20
5120.0 6.3275405e-16 1e-20
5122.0 6.1985802e-16 1e-20
5124.0 6.3270402e-16 1e-20
5126.0 6.3457501e-16 1e-20
5128.0 6.34447e-16 1e-20
5130.0 6.4042901e-16 1e-20
5132.0 6.4343799e-16 1e-20
5134.0 6.4420403e-16 1e-20
5136.0 6.3703601e-16 1e-20
5138.0 6.2978604e-16 1e-20
5140.0 6.4425501e-16 1e-20
5142.0 6.4671701e-16 1e-20
5144.0 6.3643403e-16 1e-20
5146.0 6.3952502e-16 1e-20
5148.0 6.5122799e-16 1e-20
5150.0 6.4418799e-16 1e-20
5152.0 6.3482202e-16 1e-20
5154.0 6.4375902e-16 1e-20
5156.0 6.4084898e-16 1e-20
5158.0 6.3425599e-16 1e-20
5160.0 6.4073299e-16 1e-20
5162.0 6.5358899e-16 1e-20
5164.0 6.4753302e-16 1e-20
5166.0 6.3680599e-16 1e-20
5168.0 6.3671303e-16 1e-20
5170.0 6.3348197e-16 1e-20
5172.0 6.4243103e-16 1e-20
5174.0 6.3530896e-16 1e-20
5176.0 6.3198002e-16 1e-20
5178.0 6.2560699e-16 1e-20
5180.0 6.29634e-16 1e-20
5182.0 6.1854502e-16 1e-20
5184.0 6.2537999e-16 1e-20
5186.0 6.15865e-16 1e-20
5188.0 6.1160898e-16 1e-20
5190.0 5.9979303e-16 1e-20
5192.0 5.9898904e-16 1e-20
5194.0 5.9694202e-16 1e-20
5196.0 6.1364699e-16 1e-20
5198.0 5.94667e-16 1e-20
5200.0 5.89329e-16 1e-20
5202.0 5.8494698e-16 1e-20
5204.0 5.8437502e-16 1e-20
5206.0 5.6638997e-16 1e-20
5208.0 5.7920801e-16 1e-20
5210.0 5.7445902e-16 1e-20
5212.0 5.7469497e-16 1e-20
5214.0 5.80662e-16 1e-20
5216.0 5.7625197e-16 1e-20
5218.0 5.6768e-16 1e-20
5220.0 5.7068098e-16 1e-20
5222.0 5.6186401e-16 1e-20
5224.0 5.5338198e-16 1e-20
5226.0 5.6270098e-16 1e-20
5228.0 5.5740401e-16 1e-20
5230.0 5.5939401e-16 1e-20
5232.0 5.6348803e-16 1e-20
5234.0 5.7089105e-16 1e-20
5236.0 5.5475099e-16 1e-20
5238.0 5.4931701e-16 1e-20
5240.0 5.5307196e-16 1e-20
5242.0 5.40349e-16 1e-20
5244.0 5.42593e-16 1e-20
5246.0 5.3957497e-16 1e-20
5248.0 5.3530201e-16 1e-20
5250.0 5.3930201e-16 1e-20
5252.0 5.3948301e-16 1e-20
5254.0 5.37753e-16 1e-20
5256.0 5.3082501e-16 1e-20
5258.0 5.2412699e-16 1e-20
5260.0 5.3009101e-16 1e-20
5262.0 5.33881e-16 1e-20
5264.0 5.3465403e-16 1e-20
5266.0 5.3570699e-16 1e-20
5268.0 5.27313e-16 1e-20
5270.0 5.1993296e-16 1e-20
5272.0 5.1251899e-16 1e-20
5274.0 5.2108503e-16 1e-20
5276.0 5.2541205e-16 1e-20
5278.0 5.1426398e-16 1e-20
5280.0 5.2713698e-16 1e-20
5282.0 5.3448097e-16 1e-20
5284.0 5.1965704e-16 1e-20
5286.0 5.2437597e-16 1e-20
5288.0 5.2357695e-16 1e-20
5290.0 5.1291503e-16 1e-20
5292.0 5.3323604e-16 1e-20
5294.0 5.4549303e-16 1e-20
5296.0 5.3216396e-16 1e-20
5298.0 5.2680399e-16 1e-20
5300.0 5.2005599e-16 1e-20
5302.0 5.2781302e-16 1e-20
5304.0 5.2986098e-16 1e-20
5306.0 5.3272803e-16 1e-20
5308.0 5.38097e-16 1e-20
5310.0 5.2465099e-16 1e-20
5312.0 5.2412599e-16 1e-20
5314.0 5.1804e-16 1e-20
5316.0 5.1775799e-16 1e-20
5318.0 5.2559697e-16 1e-20
5320.0 5.2563297e-16 1e-20
5322.0 5.2123501e-16 1e-20
5324.0 5.2039301e-16 1e-20
5326.0 5.2495005e-16 1e-20
5328.0 5.1468702e-16 1e-20
5330.0 5.1439797e-16 1e-20
5332.0 5.0889199e-16 1e-20
5334.0 5.0222997e-16 1e-20
5336.0 4.9760803e-16 1e-20
5338.0 4.9838402e-16 1e-20
5340.0 5.0727803e-16 1e-20
5342.0 5.1206599e-16 1e-20
5344.0 5.0942896e-16 1e-20
5346.0 5.0826e-16 1e-20
5348.0 5.0997e-16 1e-20
5350.0 5.2046501e-16 1e-20
5352.0 5.15189e-16 1e-20
5354.0 5.0881603e-16 1e-20
5356.0 5.0189699e-16 1e-20
5358.0 4.8058797e-16 1e-20
5360.0 4.7794702e-16 1e-20
5362.0 4.85443e-16 1e-20
5364.0 4.8556e-16 1e-20
5366.0 4.9108e-16 1e-20
5368.0 4.7752801e-16 1e-20
5370.0 4.61423e-16 1e-20
5372.0 4.5720303e-16 1e-20
5374.0 4.6629598e-16 1e-20
5376.0 4.6729902e-16 1e-20
5378.0 4.4648298e-16 1e-20
5380.0 4.5001998e-16 1e-20
5382.0 4.6102103e-16 1e-20
5384.0 4.72977e-16 1e-20
5386.0 4.6677799e-16 1e-20
5388.0 4.6311299e-16 1e-20
5390.0 4.6434103e-16 1e-20
5392.0 4.4933901e-16 1e-20
5394.0 4.42696e-16 1e-20
5396.0 4.3966902e-16 1e-20
5398.0 4.5046901e-16 1e-20
5400.0 4.5446902e-16 1e-20
5402.0 4.43338e-16 1e-20
5404.0 4.38879e-16 1e-20
5406.0 4.4419101e-16 1e-20
5408.0 4.3690801e-16 1e-20
5410.0 4.4309699e-16 1e-20
5412.0 4.5481e-16 1e-20
5414.0 4.5963502e-16 1e-20
5416.0 4.5779103e-16 1e-20
5418.0 4.5796398e-16 1e-20
5420.0 4.5237002e-16 1e-20
5422.0 4.3972998e-16 1e-20
5424.0 4.4959503e-16 1e-20
5426.0 4.5365301e-16 1e-20
5428.0 4.4411499e-16 1e-20
5430.0 4.48107e-16 1e-20
5432.0 4.6023202e-16 1e-20
5434.0 4.5082598e-16 1e-20
5436.0 4.44632e-16 1e-20
5438.0 4.5795397e-16 1e-20
5440.0 4.5873399e-16 1e-20
5442.0 4.5224402e-16 1e-20
5444.0 4.5706904e-16 1e-20
5446.0 4.6424102e-16 1e-20
5448.0 4.6942402e-16 1e-20
5450.0 4.63775e-16 1e-20
5452.0 4.5396503e-16 1e-20
5454.0 4.58863e-16 1e-20
5456.0 4.6778199e-16 1e-20
5458.0 4.72913e-16 1e-20
5460.0 4.8162802e-16 1e-20
5462.0 4.69665e-16 1e-20
5464.0 4.68345e-16 1e-20
5466.0 4.9458e-16 1e-20
5468.0 4.8273599e-16 1e-20
5470.0 4.7726897e-16 1e-20
5472.0 4.8612502e-16 1e-20
5474.0 4.9410201e-16 1e-20
5476.0 4.9632801e-16 1e-20
5478.0 4.9155397e-16 1e-20
5480.0 4.8810401e-16 1e-20
5482.0 4.97385e-16 1e-20
5484.0 4.9335699e-16 1e-20
5486.0 4.9886302e-16 1e-20
5488.0 5.0323805e-16 1e-20
5490.0 5.1912701e-16 1e-20
5492.0 5.1542998e-16 1e-20
5494.0 5.0964601e-16 1e-20
5496.0 5.2887303e-16 1e-20
5498.0 5.3454799e-16 1e-20
5500.0 5.2785405e-16 1e-20
5502.0 5.24961e-16 1e-20
5504.0 5.3022198e-16 1e-20
5506.0 5.3350503e-16 1e-20
5508.0 5.2253399e-16 1e-20
5510.0 5.21161e-16 1e-20
5512.0 5.4358604e-16 1e-20
5514.0 5.3632999e-16 1e-20
5516.0 5.2887498e-16 1e-20
5518.0 5.3284302e-16 1e-20
5520.0 5.3337903e-16 1e-20
5522.0 5.2873602e-16 1e-20
5524.0 5.4548599e-16 1e-20
5526.0 5.5077603e-16 1e-20
5528.0 5.33491e-16 1e-20
5530.0 5.3726103e-16 1e-20
5532.0 5.4386599e-16 1e-20
5534.0 5.32443e-16 1e-20
5536.0 5.3599604e-16 1e-20
5538.0 5.2542502e-16 1e-20
5540.0 5.33573e-16 1e-20
5542.0 5.2343799e-16 1e-20
5544.0 5.3404199e-16 1e-20
5546.0 5.2061599e-16 1e-20
5548.0 5.1525999e-16 1e-20
5550.0 5.2903698e-16 1e-20
5552.0 5.32171e-16 1e-20
5554.0 5.2235595e-16 1e-20
5556.0 5.1115003e-16 1e-20
5558.0 5.2631901e-16 1e-20
5560.0 5.2980603e-16 1e-20
5562.0 5.2683697e-16 1e-20
5564.0 5.24798e-16 1e-20
5566.0 5.1173697e-16 1e-20
5568.0 5.0668701e-16 1e-20
5570.0 5.2029502e-16 1e-20
5572.0 5.1134903e-16 1e-20
5574.0 5.11715e-16 1e-20
5576.0 5.0815603e-16 1e-20
5578.0 5.2382397e-16 1e-20
5580.0 5.3662301e-16 1e-20
5582.0 5.0346204e-16 1e-20
5584.0 5.0082199e-16 1e-20
5586.0 4.9731999e-16 1e-20
5588.0 5.0119797e-16 1e-20
5590.0 5.1284997e-16 1e-20
5592.0 5.1877602e-16 1e-20
5594.0 5.0938603e-16 1e-20
5596.0 5.1459999e-16 1e-20
5598.0 5.24996e-16 1e-20
5600.0 5.1670005e-16 1e-20
5602.0 5.1054503e-16 1e-20
5604.0 5.0920598e-16 1e-20
5606.0 5.2195001e-16 1e-20
5608.0 5.2784801e-16 1e-20
5610.0 5.0728099e-16 1e-20
5612.0 4.9784203e-16 1e-20
5614.0 5.1414101e-16 1e-20
5616.0 5.0996e-16 1e-20
5618.0 5.2537298e-16 1e-20
5620.0 5.2075199e-16 1e-20
5622.0 5.0296303e-16 1e-20
5624.0 5.1331901e-16 1e-20
5626.0 5.1315098e-16 1e-20
5628.0 5.1093101e-16 1e-20
5630.0 5.1578203e-16 1e-20
5632.0 5.2024504e-16 1e-20
5634.0 5.2688001e-16 1e-20
5636.0 5.2792604e-16 1e-20
5638.0 5.1202898e-16 1e-20
5640.0 5.0838706e-16 1e-20
5642.0 5.2116301e-16 1e-20
5644.0 5.1715602e-16 1e-20
5646.0 5.1467501e-16 1e-20
5648.0 5.1022898e-16 1e-20
5650.0 5.1271704e-16 1e-20
5652.0 5.1046298e-16 1e-20
5654.0 5.2015605e-16 1e-20
5656.0 5.1277898e-16 1e-20
5658.0 5.1540499e-16 1e-20
5660.0 5.3128098e-16 1e-20
5662.0 5.2315905e-16 1e-20
5664.0 5.15905e-16 1e-20
5666.0 5.1904898e-16 1e-20
5668.0 5.1925703e-16 1e-20
5670.0 5.1264398e-16 1e-20
5672.0 4.9307297e-16 1e-20
5674.0 5.0364002e-16 1e-20
5676.0 5.1410501e-16 1e-20
5678.0 5.1385497e-16 1e-20
5680.0 4.9569697e-16 1e-20
5682.0 4.9439e-16 1e-20
5684.0 5.0700401e-16 1e-20
5686.0 4.9773001e-16 1e-20
5688.0 4.97937e-16 1e-20
5690.0 5.0569201e-16 1e-20
5692.0 4.9489499e-16 1e-20
5694.0 4.8632e-16 1e-20
5696.0 4.8790802e-16 1e-20
5698.0 4.8756598e-16 1e-20
5700.0 4.81816e-16 1e-20
5702.0 4.8086399e-16 1e-20
5704.0 4.7220599e-16 1e-20
5706.0 4.78829e-16 1e-20
5708.0 4.8749303e-16 1e-20
5710.0 4.8285298e-16 1e-20
5712.0 4.7544102e-16 1e-20
5714.0 4.6772699e-16 1e-20
5716.0 4.6797903e-16 1e-20
5718.0 4.8174099e-16 1e-20
5720.0 4.9025701e-16 1e-20
5722.0 4.8139101e-16 1e-20
5724.0 4.8119899e-16 1e-20
5726.0 4.7672502e-16 1e-20
5728.0 4.6301097e-16 1e-20
5730.0 4.6091197e-16 1e-20
5732.0 4.6559104e-16 1e-20
5734.0 4.6364201e-16 1e-20
5736.0 4.7674799e-16 1e-20
5738.0 4.8512102e-16 1e-20
5740.0 4.7590599e-16 1e-20
5742.0 4.68444e-16 1e-20
5744.0 4.7531699e-16 1e-20
5746.0 4.73945e-16 1e-20
5748.0 4.75257e-16 1e-20
5750.0 4.84348e-16 1e-20
5752.0 4.8350303e-16 1e-20
5754.0 4.84294e-16 1e-20
5756.0 4.7814703e-16 1e-20
5758.0 4.6825903e-16 1e-20
5760.0 4.7931503e-16 1e-20
5762.0 4.6783599e-16 1e-20
5764.0 4.5851402e-16 1e-20
5766.0 4.6860203e-16 1e-20
5768.0 4.6157303e-16 1e-20
5770.0 4.6197399e-16 1e-20
5772.0 4.55787e-16 1e-20
5774.0 4.5557598e-16 1e-20
5776.0 4.5673298e-16 1e-20
5778.0 4.55714e-16 1e-20
5780.0 4.63395e-16 1e-20
5782.0 4.6423901e-16 1e-20
5784.0 4.6300499e-16 1e-20
5786.0 4.6358801e-16 1e-20
5788.0 4.5131001e-16 1e-20
5790.0 4.5615901e-16 1e-20
5792.0 4.6266999e-16 1e-20
5794.0 4.6318101e-16 1e-20
5796.0 4.64563e-16 1e-20
5798.0 4.7903297e-16 1e-20
5800.0 4.8901801e-16 1e-20
5802.0 4.7868399e-16 1e-20
5804.0 4.83218e-16 1e-20
5806.0 4.8788102e-16 1e-20
5808.0 4.8240602e-16 1e-20
5810.0 4.6960804e-16 1e-20
5812.0 4.76939e-16 1e-20
5814.0 4.7924198e-16 1e-20
5816.0 4.5591104e-16 1e-20
5818.0 4.6638301e-16 1e-20
5820.0 4.7386999e-16 1e-20
5822.0 4.7778699e-16 1e-20
5824.0 4.81906e-16 1e-20
5826.0 4.6856899e-16 1e-20
5828.0 4.7530402e-16 1e-20
5830.0 4.7272401e-16 1e-20
5832.0 4.7422098e-16 1e-20
5834.0 4.8641396e-16 1e-20
5836.0 4.8597901e-16 1e-20
5838.0 4.8841503e-16 1e-20
5840.0 4.9247703e-16 1e-20
5842.0 4.7397401e-16 1e-20
5844.0 4.7920301e-16 1e-20
5846.0 4.8167397e-16 1e-20
5848.0 4.7580699e-16 1e-20
5850.0 4.7137701e-16 1e-20
5852.0 4.6929702e-16 1e-20
5854.0 4.7291099e-16 1e-20
5856.0 4.8088898e-16 1e-20
5858.0 4.8294801e-16 1e-20
5860.0 4.7968598e-16 1e-20
5862.0 4.6321098e-16 1e-20
5864.0 4.7627699e-16 1e-20
5866.0 4.7215099e-16 1e-20
5868.0 4.7367602e-16 1e-20
5870.0 4.7226798e-16 1e-20
5872.0 4.6497397e-16 1e-20
5874.0 4.5911499e-16 1e-20
5876.0 4.5631798e-16 1e-20
5878.0 4.5860301e-16 1e-20
5880.0 4.6161697e-16 1e-20
5882.0 4.5607203e-16 1e-20
5884.0 4.53688e-16 1e-20
5886.0 4.37567e-16 1e-20
5888.0 4.3699899e-16 1e-20
5890.0 4.3835101e-16 1e-20
5892.0 4.4053599e-16 1e-20
5894.0 4.4355801e-16 1e-20
5896.0 4.3658e-16 1e-20
5898.0 4.2638702e-16 1e-20
5900.0 4.1689699e-16 1e-20
5902.0 4.1676199e-16 1e-20
5904.0 4.1385498e-16 1e-20
5906.0 4.14054e-16 1e-20
5908.0 3.9590902e-16 1e-20
5910.0 4.054e-16 1e-20
5912.0 3.9971599e-16 1e-20
5914.0 4.0726001e-16 1e-20
5916.0 4.0193e-16 1e-20
5918.0 3.8981399e-16 1e-20
5920.0 3.9346999e-16 1e-20
5922.0 3.84478e-16 1e-20
5924.0 3.8148299e-16 1e-20
5926.0 3.7816101e-16 1e-20
5928.0 3.6557002e-16 1e-20
5930.0 3.75024e-16 1e-20
5932.0 3.5942999e-16 1e-20
5934.0 3.4738801e-16 1e-20
5936.0 3.3973398e-16 1e-20
5938.0 3.40971e-16 1e-20
5940.0 3.47142e-16 1e-20
5942.0 3.2017401e-16 1e-20
5944.0 3.1605499e-16 1e-20
5946.0 3.31799e-16 1e-20
5948.0 3.46717e-16 1e-20
5950.0 3.407e-16 1e-20
5952.0 3.4476001e-16 1e-20
5954.0 3.32015e-16 1e-20
5956.0 3.1301999e-16 1e-20
5958.0 3.1924799e-16 1e-20
5960.0 3.2685101e-16 1e-20
5962.0 3.1253801e-16 1e-20
5964.0 3.0606601e-16 1e-20
5966.0 3.14116e-16 1e-20
5968.0 3.1375101e-16 1e-20
5970.0 3.0490401e-16 1e-20
5972.0 2.9041999e-16 1e-20
5974.0 2.8797601e-16 1e-20
5976.0 2.8224001e-16 1e-20
5978.0 2.7695301e-16 1e-20
5980.0 2.84441e-16 1e-20
5982.0 2.8508699e-16 1e-20
5984.0 2.80633e-16 1e-20
5986.0 2.81524e-16 1e-20
5988.0 2.8562999e-16 1e-20
5990.0 2.81235e-16 1e-20
5992.0 2.8195802e-16 1e-20
5994.0 2.7539701e-16 1e-20
5996.0 2.68835e-16 1e-20
5998.0 2.6227401e-16 1e-20
6000.0 2.55713e-16 1e-20
6002.0 2.5296599e-16 1e-20
6004.0 2.54682e-16 1e-20
6006.0 2.47648e-16 1e-20
6008.0 2.31196e-16 1e-20
6010.0 2.33652e-16 1e-20
6012.0 2.3154699e-16 1e-20
6014.0 2.2987799e-16 1e-20
6016.0 2.3063701e-16 1e-20
6018.0 2.3454501e-16 1e-20
6020.0 2.46549e-16 1e-20
6022.0 2.4051702e-16 1e-20
6024.0 2.3846601e-16 1e-20
6026.0 2.30662e-16 1e-20
6028.0 2.53238e-16 1e-20
6030.0 2.5022502e-16 1e-20
6032.0 2.248e-16 1e-20
6034.0 2.2540298e-16 1e-20
6036.0 2.3050901e-16 1e-20
6038.0 2.2791499e-16 1e-20
6040.0 2.23782e-16 1e-20
6042.0 2.47394e-16 1e-20
6044.0 2.40401e-16 1e-20
6046.0 2.2432e-16 1e-20
6048.0 2.3265899e-16 1e-20
6050.0 2.35299e-16 1e-20
6052.0 2.35937e-16 1e-20
6054.0 2.33888e-16 1e-20
6056.0 2.4283601e-16 1e-20
6058.0 2.4063899e-16 1e-20
6060.0 2.32178e-16 1e-20
6062.0 2.27038e-16 1e-20
6064.0 2.3237902e-16 1e-20
6066.0 2.3540001e-16 1e-20
6068.0 2.3755399e-16 1e-20
6070.0 2.3554401e-16 1e-20
6072.0 2.3451301e-16 1e-20
6074.0 2.3160999e-16 1e-20
6076.0 2.4449299e-16 1e-20
6078.0 2.4556099e-16 1e-20
6080.0 2.36253e-16 1e-20
6082.0 2.4024898e-16 1e-20
6084.0 2.4429701e-16 1e-20
6086.0 2.5469698e-16 1e-20
6088.0 2.5980099e-16 1e-20
6090.0 2.60883e-16 1e-20
6092.0 2.6396e-16 1e-20
6094.0 2.8292399e-16 1e-20
6096.0 2.79683e-16 1e-20
6098.0 2.6453e-16 1e-20
6100.0 2.80049e-16 1e-20
6102.0 2.7694899e-16 1e-20
6104.0 2.68958e-16 1e-20
6106.0 2.6782798e-16 1e-20
6108.0 2.8695602e-16 1e-20
6110.0 2.8983599e-16 1e-20
6112.0 2.85559e-16 1e-20
6114.0 2.7841801e-16 1e-20
6116.0 3.00718e-16 1e-20
6118.0 2.96371e-16 1e-20
6120.0 2.9308701e-16 1e-20
6122.0 3.0674999e-16 1e-20
6124.0 3.1078499e-16 1e-20
6126.0 3.0937002e-16 1e-20
6128.0 3.14989e-16 1e-20
6130.0 3.2061698e-16 1e-20
6132.0 3.2819501e-16 1e-20
6134.0 3.1593498e-16 1e-20
6136.0 3.2710499e-16 1e-20
6138.0 3.3203101e-16 1e-20
6140.0 3.1991198e-16 1e-20
6142.0 3.1470702e-16 1e-20
6144.0 3.1688201e-16 1e-20
6146.0 3.2023298e-16 1e-20
6148.0 3.33553e-16 1e-20
6150.0 3.2523201e-16 1e-20
6152.0 3.25899e-16 1e-20
6154.0 3.45998e-16 1e-20
6156.0 3.4976899e-16 1e-20
6158.0 3.5466598e-16 1e-20
6160.0 3.62775e-16 1e-20
6162.0 3.59454e-16 1e-20
6164.0 3.5296601e-16 1e-20
6166.0 3.4940699e-16 1e-20
6168.0 3.63192e-16 1e-20
6170.0 3.6179501e-16 1e-20
6172.0 3.6886998e-16 1e-20
6174.0 3.7501201e-16 1e-20
6176.0 3.7075498e-16 1e-20
6178.0 3.7497802e-16 1e-20
6180.0 3.7549799e-16 1e-20
6182.0 3.7654299e-16 1e-20
6184.0 3.85235e-16 1e-20
6186.0 3.87206e-16 1e-20
6188.0 4.01406e-16 1e-20
6190.0 4.0718801e-16 1e-20
6192.0 3.94688e-16 1e-20
6194.0 4.1090399e-16 1e-20
6196.0 4.1779598e-16 1e-20
6198.0 4.1130501e-16 1e-20
6200.0 4.0819402e-16 1e-20
6202.0 4.0509999e-16 1e-20
6204.0 4.0691e-16 1e-20
6206.0 4.11055e-16 1e-20
6208.0 4.1247699e-16 1e-20
6210.0 4.2804802e-16 1e-20
6212.0 4.3168899e-16 1e-20
6214.0 4.2411001e-16 1e-20
6216.0 4.223e-16 1e-20
6218.0 4.37571e-16 1e-20
6220.0 4.40769e-16 1e-20
6222.0 4.5731902e-16 1e-20
6224.0 4.6133702e-16 1e-20
6226.0 4.4106999e-16 1e-20
6228.0 4.3564702e-16 1e-20
6230.0 4.4354001e-16 1e-20
6232.0 4.4804501e-16 1e-20
6234.0 4.6752598e-16 1e-20
6236.0 4.6207098e-16 1e-20
6238.0 4.5882404e-16 1e-20
6240.0 4.6854099e-16 1e-20
6242.0 4.7679199e-16 1e-20
6244.0 4.69494e-16 1e-20
6246.0 4.5224201e-16 1e-20
6248.0 4.5743903e-16 1e-20
6250.0 4.68462e-16 1e-20
6252.0 4.7211997e-16 1e-20
6254.0 4.86565e-16 1e-20
6256.0 4.8118401e-16 1e-20
6258.0 4.8166401e-16 1e-20
6260.0 4.7807604e-16 1e-20
6262.0 4.6351501e-16 1e-20
6264.0 4.6613102e-16 1e-20
6266.0 4.78966e-16 1e-20
6268.0 4.8146401e-16 1e-20
6270.0 4.96544e-16 1e-20
6272.0 5.0535002e-16 1e-20
6274.0 5.0020895e-16 1e-20
6276.0 5.0632697e-16 1e-20
6278.0 4.98769e-16 1e-20
6280.0 4.9422599e-16 1e-20
6282.0 4.9963398e-16 1e-20
6284.0 5.0378301e-16 1e-20
6286.0 4.9244701e-16 1e-20
6288.0 4.7757502e-16 1e-20
6290.0 4.92626e-16 1e-20
6292.0 5.0462501e-16 1e-20
6294.0 5.0024199e-16 1e-20
6296.0 5.1227303e-16 1e-20
6298.0 5.3113598e-16 1e-20
6300.0 5.22264e-16 1e-20
6302.0 5.2840001e-16 1e-20
6304.0 5.2655205e-16 1e-20
6306.0 5.2546197e-16 1e-20
6308.0 5.26769e-16 1e-20
6310.0 5.2873496e-16 1e-20
6312.0 5.2602705e-16 1e-20
6314.0 5.1539599e-16 1e-20
6316.0 5.2765399e-16 1e-20
6318.0 5.31266e-16 1e-20
6320.0 5.3916103e-16 1e-20
6322.0 5.4289301e-16 1e-20
6324.0 5.2313999e-16 1e-20
6326.0 5.2464702e-16 1e-20
6328.0 5.4290402e-16 1e-20
6330.0 5.3713297e-16 1e-20
6332.0 5.3080204e-16 1e-20
6334.0 5.3590901e-16 1e-20
6336.0 5.2875698e-16 1e-20
6338.0 5.3471501e-16 1e-20
6340.0 5.3107902e-16 1e-20
6342.0 5.2920697e-16 1e-20
6344.0 5.3763002e-16 1e-20
6346.0 5.3185098e-16 1e-20
6348.0 5.3356702e-16 1e-20
6350.0 5.3978599e-16 1e-20
6352.0 5.3235798e-16 1e-20
6354.0 5.2942598e-16 1e-20
6356.0 5.3512e-16 1e-20
6358.0 5.4191204e-16 1e-20
6360.0 5.3232198e-16 1e-20
6362.0 5.3256704e-16 1e-20
6364.0 5.4140403e-16 1e-20
6366.0 5.38277e-16 1e-20
6368.0 5.26336e-16 1e-20
6370.0 5.31936e-16 1e-20
6372.0 5.3566099e-16 1e-20
6374.0 5.2525402e-16 1e-20
6376.0 5.26146e-16 1e-20
6378.0 5.3552504e-16 1e-20
6380.0 5.3236402e-16 1e-20
6382.0 5.4208896e-16 1e-20
6384.0 5.59031e-16 1e-20
6386.0 5.4711002e-16 1e-20
6388.0 5.2541798e-16 1e-20
6390.0 5.2515503e-16 1e-20
6392.0 5.3016899e-16 1e-20
6394.0 5.2449699e-16 1e-20
6396.0 5.1584396e-16 1e-20
6398.0 5.29122e-16 1e-20
6400.0 5.2766802e-16 1e-20
6402.0 5.2435204e-16 1e-20
6404.0 5.2437105e-16 1e-20
6406.0 5.1559298e-16 1e-20
6408.0 5.13887e-16 1e-20
6410.0 5.2406103e-16 1e-20
6412.0 5.1920404e-16 1e-20
6414.0 5.22074e-16 1e-20
6416.0 5.2120102e-16 1e-20
6418.0 5.2192905e-16 1e-20
6420.0 5.39842e-16 1e-20
6422.0 5.3424898e-16 1e-20
6424.0 5.22029e-16 1e-20
6426.0 5.1806097e-16 1e-20
6428.0 5.23024e-16 1e-20
6430.0 5.1765196e-16 1e-20
6432.0 5.0674302e-16 1e-20
6434.0 5.1327502e-16 1e-20
6436.0 5.24273e-16 1e-20
6438.0 5.1818299e-16 1e-20
6440.0 5.08956e-16 1e-20
6442.0 5.13064e-16 1e-20
6444.0 5.1415302e-16 1e-20
6446.0 4.9586399e-16 1e-20
6448.0 4.9925302e-16 1e-20
6450.0 5.1705702e-16 1e-20
6452.0 5.1298703e-16 1e-20
6454.0 5.0510798e-16 1e-20
6456.0 5.0599403e-16 1e-20
6458.0 5.23676e-16 1e-20
6460.0 5.2943498e-16 1e-20
6462.0 5.1274801e-16 1e-20
6464.0 5.0029202e-16 1e-20
6466.0 5.0257302e-16 1e-20
6468.0 5.1633297e-16 1e-20
6470.0 5.2016002e-16 1e-20
6472.0 5.1601501e-16 1e-20
6474.0 5.2549797e-16 1e-20
6476.0 5.1779601e-16 1e-20
6478.0 5.1125098e-16 1e-20
6480.0 5.0187099e-16 1e-20
6482.0 5.0082803e-16 1e-20
6484.0 5.09137e-16 1e-20
6486.0 5.0224602e-16 1e-20
6488.0 5.0084502e-16 1e-20
6490.0 4.9280499e-16 1e-20
6492.0 4.92192e-16 1e-20
6494.0 4.90328e-16 1e-20
6496.0 4.87027e-16 1e-20
6498.0 4.96589e-16 1e-20
6500.0 4.9006002e-16 1e-20
6502.0 5.0002499e-16 1e-20
6504.0 4.9804701e-16 1e-20
6506.0 4.8368699e-16 1e-20
6508.0 5.0099198e-16 1e-20
6510.0 5.0722101e-16 1e-20
6512.0 4.8765402e-16 1e-20
6514.0 4.7899999e-16 1e-20
6516.0 4.7658002e-16 1e-20
6518.0 4.7696002e-16 1e-20
6520.0 4.8295802e-16 1e-20
6522.0 4.8108999e-16 1e-20
6524.0 4.8016598e-16 1e-20
6526.0 4.7903001e-16 1e-20
6528.0 4.7230599e-16 1e-20
6530.0 4.6787104e-16 1e-20
6532.0 4.8555899e-16 1e-20
6534.0 4.9076401e-16 1e-20
6536.0 4.7880703e-16 1e-20
6538.0 4.6374699e-16 1e-20
6540.0 4.5883902e-16 1e-20
6542.0 4.7989901e-16 1e-20
6544.0 4.7687002e-16 1e-20
6546.0 4.5151001e-16 1e-20
6548.0 4.6521898e-16 1e-20
6550.0 4.7193198e-16 1e-20
6552.0 4.5657702e-16 1e-20
6554.0 4.55678e-16 1e-20
6556.0 4.6189802e-16 1e-20
6558.0 4.6689097e-16 1e-20
6560.0 4.6737801e-16 1e-20
6562.0 4.6450202e-16 1e-20
6564.0 4.5728297e-16 1e-20
6566.0 4.5076298e-16 1e-20
6568.0 4.6788004e-16 1e-20
6570.0 4.5866199e-16 1e-20
6572.0 4.5388001e-16 1e-20
6574.0 4.5382199e-16 1e-20
6576.0 4.43406e-16 1e-20
6578.0 4.6333798e-16 1e-20
6580.0 4.5434101e-16 1e-20
6582.0 4.5939901e-16 1e-20
6584.0 4.7775199e-16 1e-20
6586.0 4.6564403e-16 1e-20
6588.0 4.5061602e-16 1e-20
6590.0 4.4424898e-16 1e-20
6592.0 4.5442301e-16 1e-20
6594.0 4.4620399e-16 1e-20
6596.0 4.3839601e-16 1e-20
6598.0 4.4377602e-16 1e-20
6600.0 4.4690501e-16 1e-20
6602.0 4.47735e-16 1e-20
6604.0 4.4478701e-16 1e-20
6606.0 4.5684902e-16 1e-20
6608.0 4.5748498e-16 1e-20
6610.0 4.4962203e-16 1e-20
6612.0 4.3557102e-16 1e-20
6614.0 4.30329e-16 1e-20
6616.0 4.3949898e-16 1e-20
6618.0 4.4068599e-16 1e-20
6620.0 4.2465698e-16 1e-20
6622.0 4.22997e-16 1e-20
6624.0 4.37109e-16 1e-20
6626.0 4.3399501e-16 1e-20
6628.0 4.3514698e-16 1e-20
6630.0 4.34924e-16 1e-20
6632.0 4.3501299e-16 1e-20
6634.0 4.3464e-16 1e-20
6636.0 4.3220902e-16 1e-20
6638.0 4.3266499e-16 1e-20
6640.0 4.3872799e-16 1e-20
6642.0 4.42999e-16 1e-20
6644.0 4.3631199e-16 1e-20
6646.0 4.32749e-16 1e-20
6648.0 4.2785101e-16 1e-20
6650.0 4.3334002e-16 1e-20
6652.0 4.4612601e-16 1e-20
6654.0 4.3259201e-16 1e-20
6656.0 4.28971e-16 1e-20
6658.0 4.2272402e-16 1e-20
6660.0 4.20313e-16 1e-20
6662.0 4.3330698e-16 1e-20
6664.0 4.3588098e-16 1e-20
6666.0 4.3029001e-16 1e-20
6668.0 4.2167301e-16 1e-20
6670.0 4.2388702e-16 1e-20
6672.0 4.1435002e-16 1e-20
6674.0 4.09267e-16 1e-20
6676.0 4.2177299e-16 1e-20
6678.0 4.1357898e-16 1e-20
6680.0 4.0593e-16 1e-20
6682.0 4.02002e-16 1e-20
6684.0 4.0588302e-16 1e-20
6686.0 4.0770001e-16 1e-20
6688.0 4.1358102e-16 1e-20
6690.0 4.06074e-16 1e-20
6692.0 3.8224501e-16 1e-20
6694.0 3.8091299e-16 1e-20
6696.0 3.8684101e-16 1e-20
6698.0 3.90825e-16 1e-20
6700.0 3.9187699e-16 1e-20
6702.0 4.0571099e-16 1e-20
6704.0 4.1555601e-16 1e-20
6706.0 4.15727e-16 1e-20
6708.0 4.1682401e-16 1e-20
6710.0 4.03106e-16 1e-20
6712.0 3.9932e-16 1e-20
6714.0 4.15827e-16 1e-20
6716.0 4.2555401e-16 1e-20
6718.0 4.2260401e-16 1e-20
6720.0 4.2228499e-16 1e-20
6722.0 4.1164899e-16 1e-20
6724.0 3.9388202e-16 1e-20
6726.0 4.0292002e-16 1e-20
6728.0 4.0422601e-16 1e-20
6730.0 3.9666701e-16 1e-20
6732.0 4.0541001e-16 1e-20
6734.0 4.03745e-16 1e-20
6736.0 4.06639e-16 1e-20
6738.0 4.0678201e-16 1e-20
6740.0 4.03722e-16 1e-20
6742.0 4.1447898e-16 1e-20
6744.0 3.99953e-16 1e-20
6746.0 3.9473901e-16 1e-20
6748.0 3.98999e-16 1e-20
6750.0 3.85817e-16 1e-20
6752.0 3.8171601e-16 1e-20
6754.0 3.9811798e-16 1e-20
6756.0 4.04306e-16 1e-20
6758.0 3.9369101e-16 1e-20
6760.0 3.89554e-16 1e-20
6762.0 3.8464499e-16 1e-20
6764.0 3.9736102e-16 1e-20
6766.0 3.9711202e-16 1e-20
6768.0 3.8400098e-16 1e-20
6770.0 3.8988598e-16 1e-20
6772.0 3.88803e-16 1e-20
6774.0 3.9065001e-16 1e-20
6776.0 3.8407298e-16 1e-20
6778.0 3.94507e-16 1e-20
6780.0 3.84619e-16 1e-20
6782.0 3.7845702e-16 1e-20
6784.0 3.8549102e-16 1e-20
6786.0 3.96376e-16 1e-20
6788.0 3.9722499e-16 1e-20
6790.0 3.9735801e-16 1e-20
6792.0 4.0143099e-16 1e-20
6794.0 3.8702198e-16 1e-20
6796.0 3.7719499e-16 1e-20
6798.0 3.7188301e-16 1e-20
6800.0 3.8146401e-16 1e-20
6802.0 3.87379e-16 1e-20
6804.0 3.7458399e-16 1e-20
6806.0 3.69434e-16 1e-20
6808.0 3.8044599e-16 1e-20
6810.0 3.6900601e-16 1e-20
6812.0 3.6345901e-16 1e-20
6814.0 3.6633598e-16 1e-20
6816.0 3.7076199e-16 1e-20
6818.0 3.8931998e-16 1e-20
6820.0 3.9104502e-16 1e-20
6822.0 3.8387298e-16 1e-20
6824.0 3.85456e-16 1e-20
6826.0 3.8870702e-16 1e-20
6828.0 3.7336701e-16 1e-20
6830.0 3.7132601e-16 1e-20
6832.0 3.7926303e-16 1e-20
6834.0 3.7955401e-16 1e-20
6836.0 3.7106099e-16 1e-20
6838.0 3.6812899e-16 1e-20
6840.0 3.8558901e-16 1e-20
6842.0 3.86872e-16 1e-20
6844.0 3.79042e-16 1e-20
6846.0 3.7730101e-16 1e-20
6848.0 3.81095e-16 1e-20
6850.0 3.74582e-16 1e-20
6852.0 3.6147901e-16 1e-20
6854.0 3.4891e-16 1e-20
6856.0 3.6138902e-16 1e-20
6858.0 3.6869401e-16 1e-20
6860.0 3.7193799e-16 1e-20
6862.0 3.6132401e-16 1e-20
6864.0 3.7110599e-16 1e-20
6866.0 3.78557e-16 1e-20
6868.0 3.72157e-16 1e-20
6870.0 3.63988e-16 1e-20
6872.0 3.47287e-16 1e-20
6874.0 3.6521101e-16 1e-20
6876.0 3.7392399e-16 1e-20
6878.0 3.70913e-16 1e-20
6880.0 3.7015901e-16 1e-20
6882.0 3.65625e-16 1e-20
6884.0 3.5135702e-16 1e-20
6886.0 3.5188599e-16 1e-20
6888.0 3.62164e-16 1e-20
6890.0 3.6494301e-16 1e-20
6892.0 3.6609301e-16 1e-20
6894.0 3.7290498e-16 1e-20
6896.0 3.5708699e-16 1e-20
6898.0 3.4869199e-16 1e-20
6900.0 3.7030301e-16 1e-20
6902.0 3.67946e-16 1e-20
6904.0 3.633e-16 1e-20
6906.0 3.7310901e-16 1e-20
6908.0 3.76264e-16 1e-20
6910.0 3.73373e-16 1e-20
6912.0 3.72111e-16 1e-20
6914.0 3.7573701e-16 1e-20
6916.0 3.75282e-16 1e-20
6918.0 3.6590399e-16 1e-20
6920.0 3.6482702e-16 1e-20
6922.0 3.6742201e-16 1e-20
6924.0 3.6077698e-16 1e-20
6926.0 3.7384501e-16 1e-20
6928.0 3.7114999e-16 1e-20
6930.0 3.6384599e-16 1e-20
6932.0 3.6291399e-16 1e-20
6934.0 3.54899e-16 1e-20
6936.0 3.5903702e-16 1e-20
6938.0 3.6064402e-16 1e-20
6940.0 3.74043e-16 1e-20
6942.0 3.7256e-16 1e-20
6944.0 3.5802799e-16 1e-20
6946.0 3.67697e-16 1e-20
6948.0 3.70514e-16 1e-20
6950.0 3.6050601e-16 1e-20
6952.0 3.5608701e-16 1e-20
6954.0 3.6258301e-16 1e-20
6956.0 3.5886499e-16 1e-20
6958.0 3.5507899e-16 1e-20
6960.0 3.60722e-16 1e-20
6962.0 3.6027699e-16 1e-20
6964.0 3.5101101e-16 1e-20
6966.0 3.6106701e-16 1e-20
6968.0 3.6304102e-16 1e-20
6970.0 3.3886098e-16 1e-20
6972.0 3.6105002e-16 1e-20
6974.0 3.76934e-16 1e-20
6976.0 3.6777498e-16 1e-20
6978.0 3.60464e-16 1e-20
6980.0 3.6432999e-16 1e-20
6982.0 3.6359302e-16 1e-20
6984.0 3.4960202e-16 1e-20
6986.0 3.6115899e-16 1e-20
6988.0 3.5643001e-16 1e-20
6990.0 3.5546802e-16 1e-20
6992.0 3.5258001e-16 1e-20
6994.0 3.4380599e-16 1e-20
6996.0 3.5282001e-16 1e-20
6998.0 3.5841598e-16 1e-20
7000.0 3.56981e-16 1e-20
7002.0 3.5516102e-16 1e-20
7004.0 3.4646202e-16 1e-20
7006.0 3.5156801e-16 1e-20
7008.0 3.5460402e-16 1e-20
7010.0 3.46698e-16 1e-20
7012.0 3.53692e-16 1e-20
7014.0 3.6045302e-16 1e-20
7016.0 3.53533e-16 1e-20
7018.0 3.4569498e-16 1e-20
7020.0 3.5004499e-16 1e-20
7022.0 3.5439501e-16 1e-20
7024.0 3.5874598e-16 1e-20
7026.0 3.63096e-16 1e-20
7028.0 3.6744602e-16 1e-20
7030.0 3.6851502e-16 1e-20
7032.0 3.6540498e-16 1e-20
7034.0 3.5859701e-16 1e-20
7036.0 3.5484799e-16 1e-20
7038.0 3.5422701e-16 1e-20
7040.0 3.5608802e-16 1e-20
7042.0 3.5027502e-16 1e-20
7044.0 3.4387298e-16 1e-20
7046.0 3.45314e-16 1e-20
7048.0 3.57568e-16 1e-20
7050.0 3.6122599e-16 1e-20
7052.0 3.48386e-16 1e-20
7054.0 3.5435502e-16 1e-20
7056.0 3.6307901e-16 1e-20
7058.0 3.5226398e-16 1e-20
7060.0 3.51376e-16 1e-20
7062.0 3.4671102e-16 1e-20
7064.0 3.44215e-16 1e-20
7066.0 3.5163199e-16 1e-20
7068.0 3.47183e-16 1e-20
7070.0 3.40365e-16 1e-20
7072.0 3.5320199e-16 1e-20
7074.0 3.4191999e-16 1e-20
7076.0 3.4220401e-16 1e-20
7078.0 3.60052e-16 1e-20
7080.0 3.6333002e-16 1e-20
7082.0 3.5895102e-16 1e-20
7084.0 3.6097699e-16 1e-20
7086.0 3.5346298e-16 1e-20
7088.0 3.4662801e-16 1e-20
7090.0 3.4649e-16 1e-20
7092.0 3.4210602e-16 1e-20
7094.0 3.3793499e-16 1e-20
7096.0 3.4356998e-16 1e-20
7098.0 3.52244e-16 1e-20
7100.0 3.5007599e-16 1e-20
7102.0 3.4075799e-16 1e-20
7104.0 3.3885198e-16 1e-20
7106.0 3.4525902e-16 1e-20
7108.0 3.53398e-16 1e-20
7110.0 3.3617999e-16 1e-20
7112.0 3.5019201e-16 1e-20
7114.0 3.5856101e-16 1e-20
7116.0 3.3339802e-16 1e-20
7118.0 3.3914302e-16 1e-20
7120.0 3.5568899e-16 1e-20
7122.0 3.4415298e-16 1e-20
7124.0 3.4051701e-16 1e-20
7126.0 3.5876501e-16 1e-20
7128.0 3.52696e-16 1e-20
7130.0 3.4972e-16 1e-20
7132.0 3.38022e-16 1e-20
7134.0 3.45419e-16 1e-20
7136.0 3.5081198e-16 1e-20
7138.0 3.3284101e-16 1e-20
7140.0 3.3577299e-16 1e-20
7142.0 3.5264001e-16 1e-20
7144.0 3.5033198e-16 1e-20
7146.0 3.3481802e-16 1e-20
7148.0 3.2605202e-16 1e-20
7150.0 3.43985e-16 1e-20
7152.0 3.5460799e-16 1e-20
7154.0 3.5056801e-16 1e-20
7156.0 3.4577399e-16 1e-20
7158.0 3.35974e-16 1e-20
7160.0 3.5061402e-16 1e-20
7162.0 3.5148998e-16 1e-20
7164.0 3.40253e-16 1e-20
7166.0 3.5690501e-16 1e-20
7168.0 3.4477698e-16 1e-20
7170.0 3.3272698e-16 1e-20
7172.0 3.3084199e-16 1e-20
7174.0 3.36385e-16 1e-20
7176.0 3.37529e-16 1e-20
7178.0 3.29225e-16 1e-20
7180.0 3.2418799e-16 1e-20
7182.0 3.1757899e-16 1e-20
7184.0 3.1924201e-16 1e-20
7186.0 3.3583001e-16 1e-20
7188.0 3.3394502e-16 1e-20
7190.0 3.3106399e-16 1e-20
7192.0 3.20196e-16 1e-20
7194.0 3.2306999e-16 1e-20
7196.0 3.3037901e-16 1e-20
7198.0 3.2722399e-16 1e-20
7200.0 3.26958e-16 1e-20
7202.0 3.24339e-16 1e-20
7204.0 3.2874201e-16 1e-20
7206.0 3.1954802e-16 1e-20
7208.0 3.1138101e-16 1e-20
7210.0 3.2074401e-16 1e-20
7212.0 3.1271101e-16 1e-20
7214.0 3.1266498e-16 1e-20
7216.0 3.24406e-16 1e-20
7218.0 3.3205399e-16 1e-20
7220.0 3.2680101e-16 1e-20
7222.0 3.2212401e-16 1e-20
7224.0 3.1330499e-16 1e-20
7226.0 3.2240099e-16 1e-20
7228.0 3.1724701e-16 1e-20
7230.0 3.0884701e-16 1e-20
7232.0 3.15523e-16 1e-20
7234.0 3.25796e-16 1e-20
7236.0 3.2682499e-16 1e-20
7238.0 3.0462598e-16 1e-20
7240.0 3.0052099e-16 1e-20
7242.0 3.2017401e-16 1e-20
7244.0 3.0580301e-16 1e-20
7246.0 3.1263502e-16 1e-20
7248.0 3.2036001e-16 1e-20
7250.0 3.1718999e-16 1e-20
7252.0 3.09045e-16 1e-20
7254.0 2.9425202e-16 1e-20
7256.0 3.0373799e-16 1e-20
7258.0 3.1516399e-16 1e-20
7260.0 3.1449402e-16 1e-20
7262.0 3.0919598e-16 1e-20
7264.0 3.0797602e-16 1e-20
7266.0 3.0205603e-16 1e-20
7268.0 3.01491e-16 1e-20
7270.0 2.9582501e-16 1e-20
7272.0 3.0627901e-16 1e-20
7274.0 2.9881599e-16 1e-20
7276.0 2.9601898e-16 1e-20
7278.0 3.01712e-16 1e-20
7280.0 3.1153199e-16 1e-20
7282.0 3.0858498e-16 1e-20
7284.0 2.9589399e-16 1e-20
7286.0 2.94005e-16 1e-20
7288.0 2.9808302e-16 1e-20
7290.0 2.93325e-16 1e-20
7292.0 2.96478e-16 1e-20
7294.0 3.0460401e-16 1e-20
7296.0 3.00763e-16 1e-20
7298.0 3.0572598e-16 1e-20
7300.0 3.0564099e-16 1e-20
7302.0 2.8773299e-16 1e-20
7304.0 2.8752801e-16 1e-20
7306.0 3.0756701e-16 1e-20
7308.0 2.9920102e-16 1e-20
7310.0 2.7600399e-16 1e-20
7312.0 2.89893e-16 1e-20
7314.0 3.05367e-16 1e-20
7316.0 3.0254302e-16 1e-20
7318.0 3.1231799e-16 1e-20
7320.0 2.9293298e-16 1e-20
7322.0 2.9753599e-16 1e-20
7324.0 2.9458498e-16 1e-20
7326.0 2.77697e-16 1e-20
7328.0 2.9779301e-16 1e-20
7330.0 2.9827299e-16 1e-20
7332.0 2.9252e-16 1e-20
7334.0 2.97799e-16 1e-20
7336.0 2.7753003e-16 1e-20
7338.0 2.94769e-16 1e-20
7340.0 3.03929e-16 1e-20
7342.0 2.8273801e-16 1e-20
7344.0 2.9147198e-16 1e-20
7346.0 2.93724e-16 1e-20
7348.0 2.9106101e-16 1e-20
7350.0 2.8590501e-16 1e-20
7352.0 2.84749e-16 1e-20
7354.0 2.8094701e-16 1e-20
7356.0 2.9094899e-16 1e-20
7358.0 2.90973e-16 1e-20
7360.0 2.9863899e-16 1e-20
7362.0 2.9154699e-16 1e-20
7364.0 2.80022e-16 1e-20
7366.0 2.9068299e-16 1e-20
7368.0 2.9431901e-16 1e-20
7370.0 2.7356898e-16 1e-20
7372.0 2.81904e-16 1e-20
7374.0 2.8500599e-16 1e-20
7376.0 2.9094899e-16 1e-20
7378.0 2.92616e-16 1e-20
7380.0 2.71599e-16 1e-20
7382.0 2.87527e-16 1e-20
7384.0 2.8257501e-16 1e-20
7386.0 2.7344201e-16 1e-20
7388.0 2.7503898e-16 1e-20
7390.0 2.6889601e-16 1e-20
7392.0 2.7728399e-16 1e-20
7394.0 2.8133501e-16 1e-20
7396.0 2.79751e-16 1e-20
7398.0 2.8298802e-16 1e-20
7400.0 2.8457901e-16 1e-20
7402.0 2.8253702e-16 1e-20
7404.0 2.83709e-16 1e-20
7406.0 2.9086301e-16 1e-20
7408.0 2.9028801e-16 1e-20
7410.0 2.8743301e-16 1e-20
7412.0 2.76494e-16 1e-20
7414.0 2.7133599e-16 1e-20
7416.0 2.9384899e-16 1e-20
7418.0 2.85948e-16 1e-20
7420.0 2.7751301e-16 1e-20
7422.0 2.7264299e-16 1e-20
7424.0 2.64628e-16 1e-20
7426.0 2.789e-16 1e-20
7428.0 2.9652601e-16 1e-20
7430.0 3.0727401e-16 1e-20
7432.0 2.76041e-16 1e-20
7434.0 2.81157e-16 1e-20
7436.0 2.95963e-16 1e-20
7438.0 2.7195801e-16 1e-20
7440.0 2.6320202e-16 1e-20
7442.0 2.6073501e-16 1e-20
7444.0 2.76295e-16 1e-20
7446.0 2.94642e-16 1e-20
7448.0 2.7465999e-16 1e-20
7450.0 2.7821099e-16 1e-20
7452.0 2.9190201e-16 1e-20
7454.0 2.91535e-16 1e-20
7456.0 2.8181898e-16 1e-20
7458.0 2.8883699e-16 1e-20
7460.0 2.8640402e-16 1e-20
7462.0 2.7478501e-16 1e-20
7464.0 2.7609399e-16 1e-20
7466.0 2.79471e-16 1e-20
7468.0 2.8609401e-16 1e-20
7470.0 2.9264599e-16 1e-20
7472.0 2.8332201e-16 1e-20
7474.0 2.7949901e-16 1e-20
7476.0 2.9964e-16 1e-20
7478.0 3.0363198e-16 1e-20
7480.0 2.9668999e-16 1e-20
7482.0 3.1515899e-16 1e-20
7484.0 3.1337501e-16 1e-20
7486.0 2.93946e-16 1e-20
7488.0 2.7098199e-16 1e-20
7490.0 2.73853e-16 1e-20
7492.0 2.9574902e-16 1e-20
7494.0 2.8410801e-16 1e-20
7496.0 2.9134601e-16 1e-20
7498.0 2.8864101e-16 1e-20
7500.0 2.88467e-16 1e-20
7502.0 2.8352699e-16 1e-20
7504.0 2.7724299e-16 1e-20
7506.0 2.8805399e-16 1e-20
7508.0 2.98324e-16 1e-20
7510.0 2.9688701e-16 1e-20
7512.0 3.0008599e-16 1e-20
7514.0 2.9505699e-16 1e-20
7516.0 2.8921397e-16 1e-20
7518.0 2.7654601e-16 1e-20
7520.0 2.81822e-16 1e-20
7522.0 2.88119e-16 1e-20
7524.0 2.8901601e-16 1e-20
7526.0 2.9996401e-16 1e-20
7528.0 3.0585102e-16 1e-20
7530.0 2.91001e-16 1e-20
7532.0 2.9248e-16 1e-20
7534.0 2.9274202e-16 1e-20
7536.0 2.8112301e-16 1e-20
7538.0 2.8012899e-16 1e-20
7540.0 2.92977e-16 1e-20
7542.0 2.90073e-16 1e-20
7544.0 2.8777701e-16 1e-20
7546.0 2.88183e-16 1e-20
7548.0 2.8833301e-16 1e-20
7550.0 2.9947599e-16 1e-20
7552.0 2.9767901e-16 1e-20
7554.0 2.8843799e-16 1e-20
7556.0 2.9035601e-16 1e-20
7558.0 2.7893298e-16 1e-20
7560.0 2.7257301e-16 1e-20
7562.0 2.84414e-16 1e-20
7564.0 2.8543599e-16 1e-20
7566.0 2.8253001e-16 1e-20
7568.0 2.9010701e-16 1e-20
7570.0 3.03269e-16 1e-20
7572.0 2.9862401e-16 1e-20
7574.0 2.86676e-16 1e-20
7576.0 2.8528498e-16 1e-20
7578.0 2.8893901e-16 1e-20
7580.0 2.8490999e-16 1e-20
7582.0 2.8090998e-16 1e-20
7584.0 2.8428099e-16 1e-20
7586.0 2.9412801e-16 1e-20
7588.0 2.8894801e-16 1e-20
7590.0 2.7788901e-16 1e-20
7592.0 2.7988301e-16 1e-20
7594.0 3.0125201e-16 1e-20
7596.0 2.99134e-16 1e-20
7598.0 2.8982e-16 1e-20
7600.0 3.1731501e-16 1e-20
7602.0 3.34083e-16 1e-20
7604.0 3.11004e-16 1e-20
7606.0 3.22656e-16 1e-20
7608.0 3.0005099e-16 1e-20
7610.0 3.1235298e-16 1e-20
7612.0 3.0148899e-16 1e-20
7614.0 2.8551302e-16 1e-20
7616.0 2.75458e-16 1e-20
7618.0 2.5849802e-16 1e-20
7620.0 2.6397202e-16 1e-20
7622.0 2.6928101e-16 1e-20
7624.0 2.88793e-16 1e-20
7626.0 3.0228298e-16 1e-20
7628.0 2.7523301e-16 1e-20
7630.0 2.79561e-16 1e-20
7632.0 2.8583302e-16 1e-20
7634.0 2.8200702e-16 1e-20
7636.0 2.7907801e-16 1e-20
7638.0 2.8434801e-16 1e-20
7640.0 2.8572602e-16 1e-20
7642.0 2.6936299e-16 1e-20
7644.0 2.65774e-16 1e-20
7646.0 2.76282e-16 1e-20
7648.0 2.82257e-16 1e-20
7650.0 2.7091399e-16 1e-20
7652.0 2.67184e-16 1e-20
7654.0 2.6714e-16 1e-20
7656.0 2.5191302e-16 1e-20
7658.0 2.5192801e-16 1e-20
7660.0 2.5192001e-16 1e-20
7662.0 2.5223101e-16 1e-20
7664.0 2.50854e-16 1e-20
7666.0 2.6795101e-16 1e-20
7668.0 2.57803e-16 1e-20
7670.0 2.5025202e-16 1e-20
7672.0 2.55048e-16 1e-20
7674.0 2.6591101e-16 1e-20
7676.0 2.4677302e-16 1e-20
7678.0 2.4660401e-16 1e-20
7680.0 2.5527598e-16 1e-20
7682.0 2.48566e-16 1e-20
7684.0 2.4437099e-16 1e-20
7686.0 2.54682e-16 1e-20
7688.0 2.3886199e-16 1e-20
7690.0 2.28649e-16 1e-20
7692.0 2.3570301e-16 1e-20
7694.0 2.4484199e-16 1e-20
7696.0 2.37053e-16 1e-20
7698.0 2.3968401e-16 1e-20
7700.0 2.37678e-16 1e-20
7702.0 2.24921e-16 1e-20
7704.0 2.3051401e-16 1e-20
7706.0 2.29219e-16 1e-20
7708.0 2.3264501e-16 1e-20
7710.0 2.3056001e-16 1e-20
7712.0 2.27817e-16 1e-20
7714.0 2.3792099e-16 1e-20
7716.0 2.4926401e-16 1e-20
7718.0 2.48847e-16 1e-20
7720.0 2.2270201e-16 1e-20
7722.0 2.2277499e-16 1e-20
7724.0 2.1707701e-16 1e-20
7726.0 2.1791001e-16 1e-20
7728.0 2.2037301e-16 1e-20
7730.0 2.13677e-16 1e-20
7732.0 2.26804e-16 1e-20
7734.0 2.2974599e-16 1e-20
7736.0 2.2471498e-16 1e-20
7738.0 2.14457e-16 1e-20
7740.0 1.98957e-16 1e-20
7742.0 1.96597e-16 1e-20
7744.0 1.9793201e-16 1e-20
7746.0 2.0157901e-16 1e-20
7748.0 2.1053e-16 1e-20
7750.0 1.7834001e-16 1e-20
7752.0 2.0179599e-16 1e-20
7754.0 2.0850701e-16 1e-20
7756.0 1.8150599e-16 1e-20
7758.0 2.06964e-16 1e-20
7760.0 1.97699e-16 1e-20
7762.0 1.83669e-16 1e-20
7764.0 1.89517e-16 1e-20
7766.0 1.8539301e-16 1e-20
7768.0 1.78124e-16 1e-20
7770.0 1.9213e-16 1e-20
7772.0 1.96134e-16 1e-20
7774.0 1.8810099e-16 1e-20
7776.0 1.8429499e-16 1e-20
7778.0 1.7924001e-16 1e-20
7780.0 1.8426401e-16 1e-20
7782.0 1.71509e-16 1e-20
7784.0 1.54923e-16 1e-20
7786.0 1.7413501e-16 1e-20
7788.0 1.6943499e-16 1e-20
7790.0 1.7837e-16 1e-20
7792.0 1.83966e-16 1e-20
7794.0 1.84817e-16 1e-20
7796.0 1.7543299e-16 1e-20
7798.0 1.7414001e-16 1e-20
7800.0 1.54797e-16 1e-20
7802.0 1.49232e-16 1e-20
7804.0 1.44236e-16 1e-20
7806.0 1.4668899e-16 1e-20
7808.0 1.71601e-16 1e-20
7810.0 1.61849e-16 1e-20
7812.0 1.4539801e-16 1e-20
7814.0 1.51221e-16 1e-20
7816.0 1.4783099e-16 1e-20
7818.0 1.60173e-16 1e-20
7820.0 1.81024e-16 1e-20
7822.0 1.5283201e-16 1e-20
7824.0 1.5232e-16 1e-20
7826.0 1.63361e-16 1e-20
7828.0 1.54905e-16 1e-20
7830.0 1.47319e-16 1e-20
7832.0 1.4470301e-16 1e-20
7834.0 1.44905e-16 1e-20
7836.0 1.45024e-16 1e-20
7838.0 1.4190499e-16 1e-20
7840.0 1.5661601e-16 1e-20
7842.0 1.5649601e-16 1e-20
7844.0 1.4239401e-16 1e-20
7846.0 1.3698999e-16 1e-20
7848.0 1.4351e-16 1e-20
7850.0 1.50875e-16 1e-20
7852.0 1.69154e-16 1e-20
7854.0 1.7915e-16 1e-20
7856.0 1.56665e-16 1e-20
7858.0 1.44575e-16 1e-20
7860.0 1.4045e-16 1e-20
7862.0 1.4823499e-16 1e-20
7864.0 1.4869601e-16 1e-20
7866.0 1.3459299e-16 1e-20
7868.0 1.2883001e-16 1e-20
7870.0 1.30008e-16 1e-20
7872.0 1.55346e-16 1e-20
7874.0 1.6552199e-16 1e-20
7876.0 1.5426e-16 1e-20
7878.0 1.4916e-16 1e-20
7880.0 1.4148701e-16 1e-20
7882.0 1.43861e-16 1e-20
7884.0 1.4722501e-16 1e-20
7886.0 1.44344e-16 1e-20
7888.0 1.4148901e-16 1e-20
7890.0 1.42997e-16 1e-20
7892.0 1.46962e-16 1e-20
7894.0 1.33488e-16 1e-20
7896.0 1.2863099e-16 1e-20
7898.0 1.40165e-16 1e-20
7900.0 1.4557099e-16 1e-20
7902.0 1.43737e-16 1e-20
7904.0 1.3566301e-16 1e-20
7906.0 1.32652e-16 1e-20
7908.0 1.39826e-16 1e-20
7910.0 1.4957e-16 1e-20
7912.0 1.56916e-16 1e-20
7914.0 1.65876e-16 1e-20
7916.0 1.5574699e-16 1e-20
7918.0 1.29279e-16 1e-20
7920.0 1.1464899e-16 1e-20
7922.0 1.45615e-16 1e-20
7924.0 1.6269e-16 1e-20
7926.0 1.4919899e-16 1e-20
7928.0 1.44129e-16 1e-20
7930.0 1.42589e-16 1e-20
7932.0 1.59294e-16 1e-20
7934.0 1.5130401e-16 1e-20
7936.0 1.43555e-16 1e-20
7938.0 1.3853999e-16 1e-20
7940.0 1.40343e-16 1e-20
7942.0 1.1816401e-16 1e-20
7944.0 1.14451e-16 1e-20
7946.0 1.3008801e-16 1e-20
7948.0 1.27617e-16 1e-20
7950.0 1.25789e-16 1e-20
7952.0 1.30303e-16 1e-20
7954.0 1.3328799e-16 1e-20
7956.0 1.35232e-16 1e-20
7958.0 1.21811e-16 1e-20
7960.0 1.31332e-16 1e-20
7962.0 1.3510901e-16 1e-20
7964.0 1.56683e-16 1e-20
7966.0 1.8055999e-16 1e-20
7968.0 1.44319e-16 1e-20
7970.0 1.3378101e-16 1e-20
7972.0 1.28888e-16 1e-20
7974.0 1.30107e-16 1e-20
7976.0 1.2774501e-16 1e-20
7978.0 1.13949e-16 1e-20
7980.0 1.26246e-16 1e-20
7982.0 1.4606001e-16 1e-20
7984.0 1.3743601e-16 1e-20
7986.0 1.32905e-16 1e-20
7988.0 1.3278501e-16 1e-20
7990.0 1.2806999e-16 1e-20
7992.0 1.47753e-16 1e-20
7994.0 1.6061699e-16 1e-20
7996.0 1.35445e-16 1e-20
7998.0 1.35673e-16 1e-20
8000.0 1.36261e-16 1e-20
8002.0 1.38946e-16 1e-20
8004.0 1.38482e-16 1e-20
8006.0 1.40393e-16 1e-20
8008.0 1.35824e-16 1e-20
8010.0 1.24978e-16 1e-20
8012.0 1.36488e-16 1e-20
8014.0 1.52491e-16 1e-20
8016.0 1.4982299e-16 1e-20
8018.0 1.48216e-16 1e-20
8020.0 1.54036e-16 1e-20
8022.0 1.4997999e-16 1e-20
8024.0 1.3443499e-16 1e-20
8026.0 1.4342199e-16 1e-20
8028.0 1.42477e-16 1e-20
8030.0 1.53948e-16 1e-20
8032.0 1.54374e-16 1e-20
8034.0 1.47065e-16 1e-20
8036.0 1.39812e-16 1e-20
8038.0 1.5207e-16 1e-20
8040.0 1.62075e-16 1e-20
8042.0 1.46688e-16 1e-20
8044.0 1.4452199e-16 1e-20
8046.0 1.64759e-16 1e-20
8048.0 1.7051401e-16 1e-20
8050.0 1.7065201e-16 1e-20
8052.0 1.6083599e-16 1e-20
8054.0 1.4386e-16 1e-20
8056.0 1.3494601e-16 1e-20
8058.0 1.3926999e-16 1e-20
8060.0 1.5625e-16 1e-20
8062.0 1.61005e-16 1e-20
8064.0 1.72574e-16 1e-20
8066.0 1.57323e-16 1e-20
8068.0 1.67673e-16 1e-20
8070.0 1.6032299e-16 1e-20
8072.0 1.5872801e-16 1e-20
8074.0 1.64087e-16 1e-20
8076.0 1.57123e-16 1e-20
8078.0 1.6252901e-16 1e-20
8080.0 1.6632999e-16 1e-20
8082.0 1.6634101e-16 1e-20
8084.0 1.56483e-16 1e-20
8086.0 1.6559499e-16 1e-20
8088.0 1.6728599e-16 1e-20
8090.0 1.58559e-16 1e-20
8092.0 1.6187201e-16 1e-20
8094.0 1.6928201e-16 1e-20
8096.0 1.63432e-16 1e-20
8098.0 1.5873299e-16 1e-20
8100.0 1.6726901e-16 1e-20
8102.0 1.61687e-16 1e-20
8104.0 1.64408e-16 1e-20
8106.0 1.808e-16 1e-20
8108.0 1.79515e-16 1e-20
8110.0 1.6275599e-16 1e-20
8112.0 1.69683e-16 1e-20
8114.0 1.7452901e-16 1e-20
8116.0 1.7252701e-16 1e-20
8118.0 1.7198201e-16 1e-20
8120.0 1.75955e-16 1e-20
8122.0 1.7206999e-16 1e-20
8124.0 1.84249e-16 1e-20
8126.0 1.8967999e-16 1e-20
8128.0 1.6056301e-16 1e-20
8130.0 1.74136e-16 1e-20
8132.0 1.8420901e-16 1e-20
8134.0 1.85646e-16 1e-20
8136.0 1.85904e-16 1e-20
8138.0 1.733e-16 1e-20
8140.0 1.7502999e-16 1e-20
8142.0 1.8124201e-16 1e-20
8144.0 1.69679e-16 1e-20
8146.0 1.65434e-16 1e-20
8148.0 1.67372e-16 1e-20
8150.0 1.5627199e-16 1e-20
8152.0 1.78995e-16 1e-20
8154.0 1.98374e-16 1e-20
8156.0 1.7983701e-16 1e-20
8158.0 1.9486401e-16 1e-20
8160.0 2.0211101e-16 1e-20
8162.0 1.8220501e-16 1e-20
8164.0 1.7873e-16 1e-20
8166.0 1.9697701e-16 1e-20
8168.0 1.89996e-16 1e-20
8170.0 1.8266401e-16 1e-20
8172.0 1.8104499e-16 1e-20
8174.0 1.9796e-16 1e-20
8176.0 1.98604e-16 1e-20
8178.0 1.8915799e-16 1e-20
8180.0 1.8638199e-16 1e-20
8182.0 1.9187901e-16 1e-20
8184.0 1.93425e-16 1e-20
8186.0 1.8751401e-16 1e-20
8188.0 1.88017e-16 1e-20
8190.0 1.7940301e-16 1e-20
8192.0 1.97029e-16 1e-20
8194.0 2.0641499e-16 1e-20
8196.0 2.0393801e-16 1e-20
8198.0 2.1338799e-16 1e-20
8200.0 2.12175e-16 1e-20
8202.0 2.04063e-16 1e-20
8204.0 1.79524e-16 1e-20
8206.0 2.00579e-16 1e-20
8208.0 2.12833e-16 1e-20
8210.0 2.17594e-16 1e-20
8212.0 1.9664399e-16 1e-20
8214.0 1.8976501e-16 1e-20
8216.0 1.8941499e-16 1e-20
8218.0 1.9376499e-16 1e-20
8220.0 1.94015e-16 1e-20
8222.0 2.1688899e-16 1e-20
8224.0 2.11501e-16 1e-20
8226.0 2.04009e-16 1e-20
8228.0 1.96118e-16 1e-20
8230.0 1.8723101e-16 1e-20
8232.0 1.9802601e-16 1e-20
8234.0 2.0977999e-16 1e-20
8236.0 2.11932e-16 1e-20
8238.0 2.0247e-16 1e-20
8240.0 2.1706999e-16 1e-20
8242.0 2.0242501e-16 1e-20
8244.0 2.2205699e-16 1e-20
8246.0 2.17958e-16 1e-20
8248.0 2.21671e-16 1e-20
8250.0 2.24772e-16 1e-20
8252.0 2.3117401e-16 1e-20
8254.0 2.2002401e-16 1e-20
8256.0 2.00889e-16 1e-20
8258.0 1.9556301e-16 1e-20
8260.0 2.18216e-16 1e-20
8262.0 2.2837401e-16 1e-20
8264.0 2.2675498e-16 1e-20
8266.0 2.2264301e-16 1e-20
8268.0 2.2719401e-16 1e-20
8270.0 2.11568e-16 1e-20
8272.0 2.2646098e-16 1e-20
8274.0 2.26455e-16 1e-20
8276.0 2.19606e-16 1e-20
8278.0 2.24845e-16 1e-20
8280.0 2.23523e-16 1e-20
8282.0 2.42694e-16 1e-20
8284.0 2.2292398e-16 1e-20
8286.0 2.0047099e-16 1e-20
8288.0 2.19624e-16 1e-20
8290.0 2.17568e-16 1e-20
8292.0 2.1691599e-16 1e-20
8294.0 2.32345e-16 1e-20
8296.0 2.51244e-16 1e-20
8298.0 2.6421602e-16 1e-20
8300.0 2.5071201e-16 1e-20
8302.0 2.35923e-16 1e-20
8304.0 2.4251101e-16 1e-20
8306.0 2.3091802e-16 1e-20
8308.0 2.36891e-16 1e-20
8310.0 2.51493e-16 1e-20
8312.0 2.5192899e-16 1e-20
8314.0 2.4278201e-16 1e-20
8316.0 2.5147101e-16 1e-20
8318.0 2.6001701e-16 1e-20
8320.0 2.4919598e-16 1e-20
8322.0 2.5308399e-16 1e-20
8324.0 2.6482202e-16 1e-20
8326.0 2.44649e-16 1e-20
8328.0 2.27129e-16 1e-20
8330.0 2.36267e-16 1e-20
8332.0 2.3561399e-16 1e-20
8334.0 2.3511501e-16 1e-20
8336.0 2.40958e-16 1e-20
8338.0 2.3483499e-16 1e-20
8340.0 2.28327e-16 1e-20
8342.0 2.5272001e-16 1e-20
8344.0 2.5548499e-16 1e-20
8346.0 2.5876798e-16 1e-20
8348.0 2.4864602e-16 1e-20
8350.0 2.4261599e-16 1e-20
8352.0 2.6490598e-16 1e-20
8354.0 2.6175301e-16 1e-20
8356.0 2.4429701e-16 1e-20
8358.0 2.4157999e-16 1e-20
8360.0 2.3094502e-16 1e-20
8362.0 2.65348e-16 1e-20
8364.0 2.6790601e-16 1e-20
8366.0 2.5058001e-16 1e-20
8368.0 2.5076101e-16 1e-20
8370.0 2.5155801e-16 1e-20
8372.0 2.63149e-16 1e-20
8374.0 2.5719099e-16 1e-20
8376.0 2.68958e-16 1e-20
8378.0 2.5660501e-16 1e-20
8380.0 2.4639299e-16 1e-20
8382.0 2.6158199e-16 1e-20
8384.0 2.6196799e-16 1e-20
8386.0 2.70106e-16 1e-20
8388.0 2.59413e-16 1e-20
8390.0 2.5672902e-16 1e-20
8392.0 2.8403699e-16 1e-20
8394.0 2.9495098e-16 1e-20
8396.0 2.7295801e-16 1e-20
8398.0 2.4201402e-16 1e-20
8400.0 2.6027001e-16 1e-20
8402.0 2.8152702e-16 1e-20
8404.0 2.66447e-16 1e-20
8406.0 2.6083101e-16 1e-20
8408.0 2.8233098e-16 1e-20
8410.0 2.6294301e-16 1e-20
8412.0 2.6206201e-16 1e-20
8414.0 2.7182399e-16 1e-20
8416.0 2.7323801e-16 1e-20
8418.0 2.73087e-16 1e-20
8420.0 2.85649e-16 1e-20
8422.0 2.78615e-16 1e-20
8424.0 2.8686197e-16 1e-20
8426.0 2.8051201e-16 1e-20
8428.0 2.7835001e-16 1e-20
8430.0 2.9156301e-16 1e-20
8432.0 3.23249e-16 1e-20
8434.0 2.90766e-16 1e-20
8436.0 2.8006398e-16 1e-20
8438.0 2.7727099e-16 1e-20
8440.0 2.4953101e-16 1e-20
8442.0 2.6163302e-16 1e-20
8444.0 2.71323e-16 1e-20
8446.0 2.80371e-16 1e-20
8448.0 2.8585101e-16 1e-20
8450.0 2.69976e-16 1e-20
8452.0 2.8007798e-16 1e-20
8454.0 2.7517401e-16 1e-20
8456.0 2.6808e-16 1e-20
8458.0 2.64366e-16 1e-20
8460.0 2.6732e-16 1e-20
8462.0 2.9601499e-16 1e-20
8464.0 3.03155e-16 1e-20
8466.0 2.9241899e-16 1e-20
8468.0 2.7715702e-16 1e-20
8470.0 2.7729e-16 1e-20
8472.0 2.9294801e-16 1e-20
8474.0 2.71469e-16 1e-20
8476.0 2.6927799e-16 1e-20
8478.0 2.8662899e-16 1e-20
8480.0 2.8795801e-16 1e-20
8482.0 2.8144898e-16 1e-20
8484.0 2.9274401e-16 1e-20
8486.0 3.00206e-16 1e-20
8488.0 3.0081401e-16 1e-20
8490.0 2.84342e-16 1e-20
8492.0 2.6968801e-16 1e-20
8494.0 2.9055898e-16 1e-20
8496.0 2.97818e-16 1e-20
8498.0 3.0095602e-16 1e-20
8500.0 2.91761e-16 1e-20
8502.0 2.5455701e-16 1e-20
8504.0 2.4980201e-16 1e-20
8506.0 2.8035102e-16 1e-20
8508.0 2.8618501e-16 1e-20
8510.0 2.7962699e-16 1e-20
8512.0 2.9747199e-16 1e-20
8514.0 2.8901601e-16 1e-20
8516.0 2.66841e-16 1e-20
8518.0 2.8100699e-16 1e-20
8520.0 2.8679699e-16 1e-20
8522.0 2.7972202e-16 1e-20
8524.0 2.6513799e-16 1e-20
8526.0 2.61598e-16 1e-20
8528.0 2.81953e-16 1e-20
8530.0 2.8247898e-16 1e-20
8532.0 2.91146e-16 1e-20
8534.0 2.8477401e-16 1e-20
8536.0 2.7314099e-16 1e-20
8538.0 2.7204099e-16 1e-20
8540.0 2.3796401e-16 1e-20
8542.0 2.65195e-16 1e-20
8544.0 3.0766002e-16 1e-20
8546.0 2.84736e-16 1e-20
8548.0 2.7252999e-16 1e-20
8550.0 2.9656e-16 1e-20
8552.0 2.7399298e-16 1e-20
8554.0 2.6101802e-16 1e-20
8556.0 2.6490598e-16 1e-20
8558.0 2.8518998e-16 1e-20
8560.0 2.9846201e-16 1e-20
8562.0 2.9077601e-16 1e-20
8564.0 2.6971901e-16 1e-20
8566.0 2.7941701e-16 1e-20
8568.0 2.8266e-16 1e-20
8570.0 2.68732e-16 1e-20
8572.0 2.7208901e-16 1e-20
8574.0 2.78557e-16 1e-20
8576.0 2.7571698e-16 1e-20
8578.0 2.67818e-16 1e-20
8580.0 2.74169e-16 1e-20
8582.0 2.61715e-16 1e-20
8584.0 2.5469e-16 1e-20
8586.0 2.8453499e-16 1e-20
8588.0 2.9556399e-16 1e-20
8590.0 2.9374798e-16 1e-20
8592.0 2.6142401e-16 1e-20
8594.0 2.6316501e-16 1e-20
8596.0 2.8254899e-16 1e-20
8598.0 2.7059502e-16 1e-20
8600.0 2.7776e-16 1e-20
8602.0 2.7949901e-16 1e-20
8604.0 2.7846102e-16 1e-20
8606.0 2.83641e-16 1e-20
8608.0 2.7991699e-16 1e-20
8610.0 2.6674399e-16 1e-20
8612.0 3.0224902e-16 1e-20
8614.0 3.0001801e-16 1e-20
8616.0 2.84885e-16 1e-20
8618.0 2.68826e-16 1e-20
8620.0 2.72491e-16 1e-20
8622.0 2.40288e-16 1e-20
8624.0 2.5056698e-16 1e-20
8626.0 2.7884502e-16 1e-20
8628.0 2.92643e-16 1e-20
8630.0 2.9743999e-16 1e-20
8632.0 2.8804001e-16 1e-20
8634.0 2.8375302e-16 1e-20
8636.0 2.77327e-16 1e-20
8638.0 2.50254e-16 1e-20
8640.0 2.6481802e-16 1e-20
8642.0 2.69301e-16 1e-20
8644.0 2.73906e-16 1e-20
8646.0 2.8140301e-16 1e-20
8648.0 2.65266e-16 1e-20
8650.0 2.63878e-16 1e-20
8652.0 2.8531302e-16 1e-20
8654.0 2.5312201e-16 1e-20
8656.0 2.68763e-16 1e-20
8658.0 2.8301001e-16 1e-20
8660.0 2.6215699e-16 1e-20
8662.0 2.5947999e-16 1e-20
8664.0 2.7238899e-16 1e-20
8666.0 2.71884e-16 1e-20
8668.0 2.79068e-16 1e-20
8670.0 2.5227799e-16 1e-20
8672.0 2.3904501e-16 1e-20
8674.0 2.6338198e-16 1e-20
8676.0 2.7270099e-16 1e-20
8678.0 2.5428501e-16 1e-20
8680.0 2.5475601e-16 1e-20
8682.0 2.6608802e-16 1e-20
8684.0 2.58395e-16 1e-20
8686.0 2.5159901e-16 1e-20
8688.0 2.6325398e-16 1e-20
8690.0 2.7783599e-16 1e-20
8692.0 2.7421e-16 1e-20
8694.0 2.7355998e-16 1e-20
8696.0 3.0042101e-16 1e-20
8698.0 2.7341398e-16 1e-20
8700.0 2.48241e-16 1e-20
8702.0 2.5398399e-16 1e-20
8704.0 2.5622e-16 1e-20
8706.0 2.6074498e-16 1e-20
8708.0 2.46445e-16 1e-20
8710.0 2.4715101e-16 1e-20
8712.0 2.6124399e-16 1e-20
8714.0 2.5592399e-16 1e-20
8716.0 2.3025201e-16 1e-20
8718.0 2.54347e-16 1e-20
8720.0 2.8064798e-16 1e-20
8722.0 2.4517099e-16 1e-20
8724.0 2.6131901e-16 1e-20
8726.0 3.05964e-16 1e-20
8728.0 2.5493601e-16 1e-20
8730.0 2.4987001e-16 1e-20
8732.0 2.6237801e-16 1e-20
8734.0 2.4789999e-16 1e-20
8736.0 2.4468701e-16 1e-20
8738.0 2.5694199e-16 1e-20
8740.0 2.5550601e-16 1e-20
8742.0 2.47308e-16 1e-20
8744.0 2.5172202e-16 1e-20
8746.0 2.5290202e-16 1e-20
8748.0 2.41721e-16 1e-20
8750.0 2.35122e-16 1e-20
8752.0 2.7494401e-16 1e-20
8754.0 2.8328498e-16 1e-20
8756.0 2.46421e-16 1e-20
8758.0 2.3575201e-16 1e-20
8760.0 2.5830399e-16 1e-20
8762.0 2.8026502e-16 1e-20
8764.0 2.5463899e-16 1e-20
8766.0 2.21701e-16 1e-20
8768.0 2.46766e-16 1e-20
8770.0 2.3074001e-16 1e-20
8772.0 1.9934901e-16 1e-20
8774.0 2.34199e-16 1e-20
8776.0 2.5544301e-16 1e-20
8778.0 2.80375e-16 1e-20
8780.0 2.7342599e-16 1e-20
8782.0 2.4964801e-16 1e-20
8784.0 2.3796599e-16 1e-20
8786.0 2.1982301e-16 1e-20
8788.0 2.6250401e-16 1e-20
8790.0 2.5138101e-16 1e-20
8792.0 2.57558e-16 1e-20
8794.0 2.43766e-16 1e-20
8796.0 2.3092702e-16 1e-20
8798.0 2.30508e-16 1e-20
8800.0 2.4830901e-16 1e-20
