3250.9525 2.0492e-16 1e-20
3253.6179 2.53278e-17 1e-20
3256.2833 4.36336e-17 1e-20
3258.9488 -3.36547e-17 1e-20
3261.6142 -1.16491e-16 1e-20
3264.2796 5.91174e-18 1e-20
3266.9451 6.10983e-17 1e-20
3269.6105 3.91524e-18 1e-20
3272.2759 1.73076e-16 1e-20
3274.9414 -2.12569e-18 1e-20
3277.6068 1.64924e-17 1e-20
3280.2723 -1.23045e-17 1e-20
3282.9377 6.15477e-17 1e-20
3285.6031 1.1931e-16 1e-20
3288.2686 3.97919e-17 1e-20
3290.934 -1.68191e-17 1e-20
3293.5994 -8.84228e-18 1e-20
3296.2649 -2.14965e-18 1e-20
3298.9303 1.06162e-16 1e-20
3301.5957 4.80709e-17 1e-20
3304.2612 4.64427e-17 1e-20
3306.9266 -4.51542e-17 1e-20
3309.592 2.08975e-17 1e-20
3312.2575 -4.33274e-18 1e-20
3314.9229 1.70743e-17 1e-20
3317.5884 3.76704e-17 1e-20
3320.2538 2.40684e-17 1e-20
3322.9192 6.22114e-17 1e-20
3325.5847 2.86008e-17 1e-20
3328.2501 -3.25093e-18 1e-20
3330.9155 6.28034e-18 1e-20
3333.581 -1.3712e-17 1e-20
3336.2464 4.65884e-17 1e-20
3338.9118 4.24277e-17 1e-20
3341.5773 1.00795e-17 1e-20
3344.2427 2.87023e-17 1e-20
3346.9081 4.04194e-17 1e-20
3349.5736 6.68303e-17 1e-20
3352.239 5.86202e-17 1e-20
3354.9045 2.00361e-17 1e-20
3357.5699 3.53302e-17 1e-20
3360.2353 9.07208e-17 1e-20
3362.9007 3.35855e-17 1e-20
3365.5662 4.58267e-17 1e-20
3368.2316 2.81167e-17 1e-20
3370.8971 4.18237e-17 1e-20
3373.5625 6.78944e-17 1e-20
3376.2279 6.70201e-17 1e-20
3378.8934 4.57217e-17 1e-20
3381.5588 8.38288e-17 1e-20
3384.2242 8.03747e-17 1e-20
3386.8897 7.9928e-17 1e-20
3389.5551 5.80564e-17 1e-20
3392.2205 1.45069e-17 1e-20
3394.886 1.87884e-17 1e-20
3397.5514 8.08995e-17 1e-20
3400.2168 6.32209e-17 1e-20
3402.8823 4.23771e-17 1e-20
3405.5477 6.28219e-17 1e-20
3408.2132 9.07349e-17 1e-20
3410.8786 7.43195e-17 1e-20
3413.544 6.58096e-17 1e-20
3416.2095 3.24459e-17 1e-20
3418.8749 8.70943e-17 1e-20
3421.5403 7.82275e-17 1e-20
3424.2058 9.51018e-17 1e-20
3426.8712 8.84444e-17 1e-20
3429.5366 1.15986e-16 1e-20
3432.2021 1.08959e-16 1e-20
3434.8675 9.24672e-17 1e-20
3437.5329 1.13842e-16 1e-20
3440.1984 8.47344e-17 1e-20
3442.8638 8.14581e-17 1e-20
3445.5293 1.31762e-16 1e-20
3448.1947 1.20998e-16 1e-20
3450.8601 9.09323e-17 1e-20
3453.5256 1.10302e-16 1e-20
3456.191 1.24329e-16 1e-20
3458.8564 1.2215e-16 1e-20
3461.5219 7.2648e-17 1e-20
3464.1873 1.00016e-16 1e-20
3466.8527 1.39899e-16 1e-20
3469.5182 1.26353e-16 1e-20
3472.1836 1.5285e-16 1e-20
3474.849 9.79768e-17 1e-20
3477.5145 8.85245e-17 1e-20
3480.1799 1.20576e-16 1e-20
3482.8453 9.94349e-17 1e-20
3485.5108 1.11163e-16 1e-20
3488.1762 1.52698e-16 1e-20
3490.8416 1.28814e-16 1e-20
3493.5071 1.31513e-16 1e-20
3496.1725 1.1308e-16 1e-20
3498.838 1.02732e-16 1e-20
3501.5034 1.07708e-16 1e-20
3504.1688 1.25703e-16 1e-20
3506.8343 1.08396e-16 1e-20
3509.4997 1.16841e-16 1e-20
3512.1651 1.08023e-16 1e-20
3514.8306 1.28504e-16 1e-20
3517.496 1.32493e-16 1e-20
3520.1614 1.4077e-16 1e-20
3522.8269 1.39677e-16 1e-20
3525.4923 1.20903e-16 1e-20
3528.1577 1.10136e-16 1e-20
3530.8232 1.0807e-16 1e-20
3533.4886 1.15673e-16 1e-20
3536.1541 1.09976e-16 1e-20
3538.8195 9.3746e-17 1e-20
3541.4849 9.01433e-17 1e-20
3544.1504 7.59899e-17 1e-20
3546.8158 7.81085e-17 1e-20
3549.4812 8.34488e-17 1e-20
3552.1467 6.503e-17 1e-20
3554.8121 7.19114e-17 1e-20
3557.4775 7.31481e-17 1e-20
3560.143 7.47103e-17 1e-20
3562.8084 4.95325e-17 1e-20
3565.4738 7.24958e-17 1e-20
3568.1393 7.10177e-17 1e-20
3570.8047 6.16108e-17 1e-20
3573.4702 6.46118e-17 1e-20
3576.1356 6.15303e-17 1e-20
3578.801 6.9655e-17 1e-20
3581.4665 6.62467e-17 1e-20
3584.1319 4.15338e-17 1e-20
3586.7973 3.69815e-17 1e-20
3589.4628 5.60358e-17 1e-20
3592.1282 5.26638e-17 1e-20
3594.7936 4.07269e-17 1e-20
3597.4591 4.52711e-17 1e-20
3600.1245 4.88191e-17 1e-20
3602.7899 5.76819e-17 1e-20
3605.4554 3.76192e-17 1e-20
3608.1208 5.34393e-17 1e-20
3610.7862 5.70188e-17 1e-20
3613.4517 4.94738e-17 1e-20
3616.1171 4.52213e-17 1e-20
3618.7825 2.11048e-17 1e-20
3621.448 3.2085e-17 1e-20
3624.1134 5.00276e-17 1e-20
3626.7789 4.25754e-17 1e-20
3629.4443 3.75576e-17 1e-20
3632.1097 5.01209e-17 1e-20
3634.7752 4.2674e-17 1e-20
3637.4406 4.64008e-17 1e-20
3640.106 4.37699e-17 1e-20
3642.7715 3.54669e-17 1e-20
3645.4369 5.49244e-17 1e-20
3648.1023 6.20433e-17 1e-20
3650.7678 6.4054e-17 1e-20
3653.4332 3.92512e-17 1e-20
3656.0986 4.67092e-17 1e-20
3658.7641 3.94705e-17 1e-20
3661.4295 7.40772e-17 1e-20
3664.095 7.79581e-17 1e-20
3666.7604 5.57639e-17 1e-20
3669.4258 5.99426e-17 1e-20
3672.0913 7.81857e-17 1e-20
3674.7567 6.67783e-17 1e-20
3677.4221 7.66092e-17 1e-20
3680.0876 8.67379e-17 1e-20
3682.753 7.81116e-17 1e-20
3685.4184 7.2196e-17 1e-20
3688.0839 8.76724e-17 1e-20
3690.7493 8.72269e-17 1e-20
3693.4147 7.15245e-17 1e-20
3696.0802 8.34523e-17 1e-20
3698.7456 9.75106e-17 1e-20
3701.4111 1.02265e-16 1e-20
3704.0765 1.06265e-16 1e-20
3706.7419 1.03127e-16 1e-20
3709.4074 1.06165e-16 1e-20
3712.0728 1.02479e-16 1e-20
3714.7382 1.16873e-16 1e-20
3717.4037 1.19549e-16 1e-20
3720.0691 1.16532e-16 1e-20
3722.7345 1.35478e-16 1e-20
3725.4 1.31405e-16 1e-20
3728.0654 1.43181e-16 1e-20
3730.7308 1.38779e-16 1e-20
3733.3963 1.34813e-16 1e-20
3736.0617 1.49197e-16 1e-20
3738.7271 1.48403e-16 1e-20
3741.3926 1.53479e-16 1e-20
3744.058 1.42416e-16 1e-20
3746.7234 1.64338e-16 1e-20
3749.3889 1.80006e-16 1e-20
3752.0543 1.68938e-16 1e-20
3754.7198 1.63416e-16 1e-20
3757.3852 1.66721e-16 1e-20
3760.0506 1.89109e-16 1e-20
3762.7161 1.91294e-16 1e-20
3765.3815 1.80846e-16 1e-20
3768.0469 1.91611e-16 1e-20
3770.7124 2.03367e-16 1e-20
3773.3778 2.09044e-16 1e-20
3776.0432 2.13825e-16 1e-20
3778.7087 2.36166e-16 1e-20
3781.3741 2.24222e-16 1e-20
3784.0395 2.1487e-16 1e-20
3786.705 2.25888e-16 1e-20
3789.3704 2.36738e-16 1e-20
3792.0359 2.70074e-16 1e-20
3794.7013 2.58116e-16 1e-20
3797.3667 2.50388e-16 1e-20
3800.0322 2.67392e-16 1e-20
3802.6976 2.88375e-16 1e-20
3805.363 2.72537e-16 1e-20
3808.0285 2.61959e-16 1e-20
3810.6939 2.7592e-16 1e-20
3813.3593 3.06131e-16 1e-20
3816.0248 3.21052e-16 1e-20
3818.6902 3.09123e-16 1e-20
3821.3556 3.26412e-16 1e-20
3824.0211 3.3406e-16 1e-20
3826.6865 3.40426e-16 1e-20
3829.352 3.28558e-16 1e-20
3832.0174 3.54126e-16 1e-20
3834.6828 3.54879e-16 1e-20
3837.3482 3.76198e-16 1e-20
3840.0137 3.69215e-16 1e-20
3842.6791 3.66281e-16 1e-20
3845.3446 3.8379e-16 1e-20
3848.01 3.95074e-16 1e-20
3850.6754 3.87632e-16 1e-20
3853.3409 3.93097e-16 1e-20
3856.0063 4.03896e-16 1e-20
3858.6717 4.11809e-16 1e-20
3861.3372 4.12747e-16 1e-20
3864.0026 4.09041e-16 1e-20
3866.668 4.05919e-16 1e-20
3869.3335 4.43592e-16 1e-20
3871.9989 4.53229e-16 1e-20
3874.6643 4.4732e-16 1e-20
3877.3298 4.4237e-16 1e-20
3879.9952 4.38015e-16 1e-20
3882.6607 4.60365e-16 1e-20
3885.3261 4.91489e-16 1e-20
3887.9915 4.89646e-16 1e-20
3890.657 4.77365e-16 1e-20
3893.3224 4.75084e-16 1e-20
3895.9878 4.7648e-16 1e-20
3898.6533 5.13589e-16 1e-20
3901.3187 5.17783e-16 1e-20
3903.9841 5.25016e-16 1e-20
3906.6496 5.18026e-16 1e-20
3909.315 5.24442e-16 1e-20
3911.9804 5.30175e-16 1e-20
3914.6459 5.10386e-16 1e-20
3917.3113 5.18945e-16 1e-20
3919.9768 5.36679e-16 1e-20
3922.6422 5.27318e-16 1e-20
3925.3076 5.12862e-16 1e-20
3927.9731 5.10101e-16 1e-20
3930.6385 4.97066e-16 1e-20
3933.3039 4.92985e-16 1e-20
3935.9694 4.86644e-16 1e-20
3938.6348 4.66617e-16 1e-20
3941.3002 4.69399e-16 1e-20
3943.9657 4.92112e-16 1e-20
3946.6311 4.89115e-16 1e-20
3949.2965 4.93251e-16 1e-20
3951.962 5.05746e-16 1e-20
3954.6274 4.96358e-16 1e-20
3957.2928 4.91547e-16 1e-20
3959.9583 4.90261e-16 1e-20
3962.6237 4.9495e-16 1e-20
3965.2891 4.87013e-16 1e-20
3967.9546 4.91335e-16 1e-20
3970.62 4.96655e-16 1e-20
3973.2855 4.93614e-16 1e-20
3975.9509 4.80604e-16 1e-20
3978.6163 4.99841e-16 1e-20
3981.2818 5.34279e-16 1e-20
3983.9472 5.12821e-16 1e-20
3986.6126 5.07125e-16 1e-20
3989.2781 5.21914e-16 1e-20
3991.9435 5.32526e-16 1e-20
3994.6089 5.2277e-16 1e-20
3997.2744 5.22671e-16 1e-20
3999.9398 5.41879e-16 1e-20
4002.6052 5.479e-16 1e-20
4005.2707 5.51155e-16 1e-20
4007.9361 5.46546e-16 1e-20
4010.6016 5.39488e-16 1e-20
4013.267 5.65925e-16 1e-20
4015.9324 5.56833e-16 1e-20
4018.5979 5.52677e-16 1e-20
4021.2633 5.60396e-16 1e-20
4023.9287 5.82164e-16 1e-20
4026.5942 5.9531e-16 1e-20
4029.2596 5.88152e-16 1e-20
4031.925 5.84985e-16 1e-20
4034.5905 5.68853e-16 1e-20
4037.2559 5.6716e-16 1e-20
4039.9213 5.74202e-16 1e-20
4042.5868 5.77268e-16 1e-20
4045.2522 5.77518e-16 1e-20
4047.9177 5.8937e-16 1e-20
4050.5831 6.08926e-16 1e-20
4053.2485 6.00183e-16 1e-20
4055.914 6.03223e-16 1e-20
4058.5794 6.18979e-16 1e-20
4061.2448 6.17713e-16 1e-20
4063.9103 6.04209e-16 1e-20
4066.5757 6.13754e-16 1e-20
4069.2411 6.08846e-16 1e-20
4071.9066 6.11906e-16 1e-20
4074.572 5.96655e-16 1e-20
4077.2374 5.9088e-16 1e-20
4079.9029 6.0713e-16 1e-20
4082.5683 6.25108e-16 1e-20
4085.2337 5.91349e-16 1e-20
4087.8992 5.86451e-16 1e-20
4090.5646 5.93863e-16 1e-20
4093.23 5.98588e-16 1e-20
4095.8955 5.74657e-16 1e-20
4098.5609 5.82789e-16 1e-20
4101.2264 5.86418e-16 1e-20
4103.8918 5.78103e-16 1e-20
4106.5572 5.79525e-16 1e-20
4109.2227 5.69694e-16 1e-20
4111.8881 5.68987e-16 1e-20
4114.5535 5.71817e-16 1e-20
4117.219 5.8906e-16 1e-20
4119.8844 5.8564e-16 1e-20
4122.5498 5.72613e-16 1e-20
4125.2153 5.38699e-16 1e-20
4127.8807 5.61587e-16 1e-20
4130.5461 5.70893e-16 1e-20
4133.2116 5.71126e-16 1e-20
4135.877 5.86731e-16 1e-20
4138.5425 5.86581e-16 1e-20
4141.2079 5.73654e-16 1e-20
4143.8733 5.52421e-16 1e-20
4146.5388 5.51209e-16 1e-20
4149.2042 5.55517e-16 1e-20
4151.8696 5.36908e-16 1e-20
4154.5351 5.20785e-16 1e-20
4157.2005 5.21481e-16 1e-20
4159.8659 5.17328e-16 1e-20
4162.5314 5.12033e-16 1e-20
4165.1968 5.14871e-16 1e-20
4167.8622 5.0674e-16 1e-20
4170.5277 4.97642e-16 1e-20
4173.1931 4.96641e-16 1e-20
4175.8586 4.74989e-16 1e-20
4178.524 4.75464e-16 1e-20
4181.1894 4.9245e-16 1e-20
4183.8549 4.80137e-16 1e-20
4186.5203 4.70629e-16 1e-20
4189.1857 4.76849e-16 1e-20
4191.8512 4.71173e-16 1e-20
4194.5166 4.41435e-16 1e-20
4197.182 4.35727e-16 1e-20
4199.8475 4.39456e-16 1e-20
4202.5129 4.41377e-16 1e-20
4205.1783 4.35996e-16 1e-20
4207.8438 4.29665e-16 1e-20
4210.5092 4.35428e-16 1e-20
4213.1746 4.35114e-16 1e-20
4215.8401 4.29257e-16 1e-20
4218.5055 4.25551e-16 1e-20
4221.1709 3.99744e-16 1e-20
4223.8364 4.10683e-16 1e-20
4226.5018 4.16782e-16 1e-20
4229.1673 3.99587e-16 1e-20
4231.8327 4.06987e-16 1e-20
4234.4981 4.12602e-16 1e-20
4237.1636 4.02333e-16 1e-20
4239.829 3.78207e-16 1e-20
4242.4944 3.88159e-16 1e-20
4245.1599 3.89155e-16 1e-20
4247.8253 3.78008e-16 1e-20
4250.4907 3.72682e-16 1e-20
4253.1562 3.93484e-16 1e-20
4255.8216 3.89103e-16 1e-20
4258.487 3.86314e-16 1e-20
4261.1525 3.90143e-16 1e-20
4263.8179 3.80463e-16 1e-20
4266.4834 3.80348e-16 1e-20
4269.1488 3.82659e-16 1e-20
4271.8142 3.67191e-16 1e-20
4274.4797 3.97789e-16 1e-20
4277.1451 3.98377e-16 1e-20
4279.8105 4.04804e-16 1e-20
4282.476 3.95045e-16 1e-20
4285.1414 4.09599e-16 1e-20
4287.8068 4.23006e-16 1e-20
4290.4723 4.10744e-16 1e-20
4293.1377 4.24881e-16 1e-20
4295.8031 4.35423e-16 1e-20
4298.4686 4.53952e-16 1e-20
4301.134 4.4802e-16 1e-20
4303.7995 4.53083e-16 1e-20
4306.4649 4.40428e-16 1e-20
4309.1303 4.48553e-16 1e-20
4311.7957 4.74617e-16 1e-20
4314.4612 4.6538e-16 1e-20
4317.1266 4.646e-16 1e-20
4319.7921 4.68432e-16 1e-20
4322.4575 4.84651e-16 1e-20
4325.1229 4.82573e-16 1e-20
4327.7884 4.9995e-16 1e-20
4330.4538 5.06497e-16 1e-20
4333.1192 5.12395e-16 1e-20
4335.7847 5.09519e-16 1e-20
4338.4501 5.0118e-16 1e-20
4341.1155 5.05736e-16 1e-20
4343.781 5.042e-16 1e-20
4346.4464 5.11244e-16 1e-20
4349.1118 5.26224e-16 1e-20
4351.7773 5.41793e-16 1e-20
4354.4427 5.17753e-16 1e-20
4357.1082 4.99764e-16 1e-20
4359.7736 5.00381e-16 1e-20
4362.439 4.97646e-16 1e-20
4365.1045 4.93781e-16 1e-20
4367.7699 4.92734e-16 1e-20
4370.4353 4.9272e-16 1e-20
4373.1008 4.89888e-16 1e-20
4375.7662 5.01474e-16 1e-20
4378.4316 5.20367e-16 1e-20
4381.0971 5.18183e-16 1e-20
4383.7625 5.15319e-16 1e-20
4386.4279 5.21314e-16 1e-20
4389.0934 5.19187e-16 1e-20
4391.7588 5.2516e-16 1e-20
4394.4243 5.30004e-16 1e-20
4397.0897 5.41145e-16 1e-20
4399.7551 5.20748e-16 1e-20
4402.4206 5.46924e-16 1e-20
4405.086 5.52709e-16 1e-20
4407.7514 5.674e-16 1e-20
4410.4169 5.98202e-16 1e-20
4413.0823 5.82692e-16 1e-20
4415.7477 5.79675e-16 1e-20
4418.4132 6.03862e-16 1e-20
4421.0786 6.20191e-16 1e-20
4423.744 6.12423e-16 1e-20
4426.4095 5.96812e-16 1e-20
4429.0749 5.99572e-16 1e-20
4431.7404 6.25422e-16 1e-20
4434.4058 6.28669e-16 1e-20
4437.0712 6.18686e-16 1e-20
4439.7366 6.18489e-16 1e-20
4442.4021 6.18951e-16 1e-20
4445.0675 6.4104e-16 1e-20
4447.733 6.49882e-16 1e-20
4450.3984 6.38948e-16 1e-20
4453.0638 6.19066e-16 1e-20
4455.7293 6.3378e-16 1e-20
4458.3947 6.58202e-16 1e-20
4461.0601 6.35921e-16 1e-20
4463.7256 6.40393e-16 1e-20
4466.391 6.56206e-16 1e-20
4469.0564 6.62286e-16 1e-20
4471.7219 6.74589e-16 1e-20
4474.3873 6.65757e-16 1e-20
4477.0527 6.75123e-16 1e-20
4479.7182 6.76311e-16 1e-20
4482.3836 6.69279e-16 1e-20
4485.0491 6.75383e-16 1e-20
4487.7145 6.52318e-16 1e-20
4490.3799 6.59374e-16 1e-20
4493.0454 6.50681e-16 1e-20
4495.7108 6.45667e-16 1e-20
4498.3762 6.44469e-16 1e-20
4501.0417 6.40968e-16 1e-20
4503.7071 6.46149e-16 1e-20
4506.3725 6.47607e-16 1e-20
4509.038 6.50043e-16 1e-20
4511.7034 6.57982e-16 1e-20
4514.3688 6.46729e-16 1e-20
4517.0343 6.38396e-16 1e-20
4519.6997 6.42494e-16 1e-20
4522.3652 6.4266e-16 1e-20
4525.0306 6.41933e-16 1e-20
4527.696 6.47092e-16 1e-20
4530.3615 6.45172e-16 1e-20
4533.0269 6.16009e-16 1e-20
4535.6923 6.14819e-16 1e-20
4538.3578 6.45483e-16 1e-20
4541.0232 6.3242e-16 1e-20
4543.6886 6.21416e-16 1e-20
4546.3541 6.25722e-16 1e-20
4549.0195 6.13475e-16 1e-20
4551.6849 6.25844e-16 1e-20
4554.3504 6.31858e-16 1e-20
4557.0158 6.19295e-16 1e-20
4559.6812 6.06066e-16 1e-20
4562.3467 6.11485e-16 1e-20
4565.0121 6.08268e-16 1e-20
4567.6775 6.19193e-16 1e-20
4570.343 6.41063e-16 1e-20
4573.0084 6.35129e-16 1e-20
4575.6739 6.36398e-16 1e-20
4578.3393 6.36501e-16 1e-20
4581.0047 6.25848e-16 1e-20
4583.6702 6.29264e-16 1e-20
4586.3356 6.15723e-16 1e-20
4589.001 6.06188e-16 1e-20
4591.6665 6.16133e-16 1e-20
4594.3319 5.94895e-16 1e-20
4596.9973 5.84995e-16 1e-20
4599.6628 5.87009e-16 1e-20
4602.3282 5.73066e-16 1e-20
4604.9936 5.71256e-16 1e-20
4607.6591 5.70179e-16 1e-20
4610.3245 5.70463e-16 1e-20
4612.99 5.80861e-16 1e-20
4615.6554 5.66358e-16 1e-20
4618.3208 5.59644e-16 1e-20
4620.9863 5.39859e-16 1e-20
4623.6517 5.49565e-16 1e-20
4626.3171 5.48027e-16 1e-20
4628.9826 5.36342e-16 1e-20
4631.648 5.30351e-16 1e-20
4634.3134 5.23172e-16 1e-20
4636.9789 5.22345e-16 1e-20
4639.6443 5.40055e-16 1e-20
4642.3097 5.37677e-16 1e-20
4644.9752 5.39831e-16 1e-20
4647.6406 5.38489e-16 1e-20
4650.3061 5.46113e-16 1e-20
4652.9715 5.42351e-16 1e-20
4655.6369 5.26743e-16 1e-20
4658.3024 5.15466e-16 1e-20
4660.9678 5.07076e-16 1e-20
4663.6332 5.18464e-16 1e-20
4666.2987 5.319e-16 1e-20
4668.9641 5.28506e-16 1e-20
4671.6295 5.31894e-16 1e-20
4674.295 5.33654e-16 1e-20
4676.9604 5.39796e-16 1e-20
4679.6258 5.44495e-16 1e-20
4682.2913 5.09579e-16 1e-20
4684.9567 5.22135e-16 1e-20
4687.6221 5.18874e-16 1e-20
4690.2876 5.04515e-16 1e-20
4692.953 5.08835e-16 1e-20
4695.6184 5.1884e-16 1e-20
4698.2839 5.15957e-16 1e-20
4700.9493 5.13219e-16 1e-20
4703.6148 5.21533e-16 1e-20
4706.2802 5.22026e-16 1e-20
4708.9456 5.30968e-16 1e-20
4711.6111 5.18244e-16 1e-20
4714.2765 5.16007e-16 1e-20
4716.9419 5.36094e-16 1e-20
4719.6074 5.43219e-16 1e-20
4722.2728 5.49364e-16 1e-20
4724.9382 5.64128e-16 1e-20
4727.6037 5.53474e-16 1e-20
4730.2691 5.57924e-16 1e-20
4732.9345 5.59277e-16 1e-20
4735.6 5.63904e-16 1e-20
4738.2654 5.67755e-16 1e-20
4740.9309 5.65597e-16 1e-20
4743.5963 5.687e-16 1e-20
4746.2617 5.57922e-16 1e-20
4748.9272 5.65182e-16 1e-20
4751.5926 5.70407e-16 1e-20
4754.258 5.70281e-16 1e-20
4756.9235 5.61816e-16 1e-20
4759.5889 5.56013e-16 1e-20
4762.2543 5.44224e-16 1e-20
4764.9198 5.47207e-16 1e-20
4767.5852 5.2339e-16 1e-20
4770.2506 5.17349e-16 1e-20
4772.9161 5.222e-16 1e-20
4775.5815 5.13909e-16 1e-20
4778.247 5.14995e-16 1e-20
4780.9124 5.17584e-16 1e-20
4783.5778 4.95376e-16 1e-20
4786.2432 4.77011e-16 1e-20
4788.9087 4.77488e-16 1e-20
4791.5741 4.69061e-16 1e-20
4794.2396 4.68121e-16 1e-20
4796.905 4.73548e-16 1e-20
4799.5704 4.56656e-16 1e-20
4802.2359 4.45762e-16 1e-20
4804.9013 4.40008e-16 1e-20
4807.5667 4.25783e-16 1e-20
4810.2322 4.40202e-16 1e-20
4812.8976 4.39776e-16 1e-20
4815.563 4.19871e-16 1e-20
4818.2285 4.17036e-16 1e-20
4820.8939 4.09447e-16 1e-20
4823.5593 4.23968e-16 1e-20
4826.2248 4.20248e-16 1e-20
4828.8902 4.20506e-16 1e-20
4831.5557 4.2892e-16 1e-20
4834.2211 4.36458e-16 1e-20
4836.8865 4.31061e-16 1e-20
4839.552 4.26675e-16 1e-20
4842.2174 4.27171e-16 1e-20
4844.8828 4.25612e-16 1e-20
4847.5483 4.16086e-16 1e-20
4850.2137 4.22603e-16 1e-20
4852.8791 4.56024e-16 1e-20
4855.5446 4.45548e-16 1e-20
4858.21 4.42932e-16 1e-20
4860.8754 4.46871e-16 1e-20
4863.5409 4.47684e-16 1e-20
4866.2063 4.45325e-16 1e-20
4868.8718 4.53407e-16 1e-20
4871.5372 4.62048e-16 1e-20
4874.2026 4.50072e-16 1e-20
4876.8681 4.66789e-16 1e-20
4879.5335 4.74789e-16 1e-20
4882.1989 4.78123e-16 1e-20
4884.8644 4.82894e-16 1e-20
4887.5298 4.77294e-16 1e-20
4890.1952 4.83073e-16 1e-20
4892.8607 4.91879e-16 1e-20
4895.5261 4.95971e-16 1e-20
4898.1915 4.95643e-16 1e-20
4900.857 4.84546e-16 1e-20
4903.5224 4.95107e-16 1e-20
4906.1879 4.96173e-16 1e-20
4908.8533 4.98777e-16 1e-20
4911.5187 4.75929e-16 1e-20
4914.1841 4.82597e-16 1e-20
4916.8496 5.06242e-16 1e-20
4919.515 5.05266e-16 1e-20
4922.1805 5.02138e-16 1e-20
4924.8459 5.14877e-16 1e-20
4927.5113 5.09048e-16 1e-20
4930.1768 5.2648e-16 1e-20
4932.8422 5.37694e-16 1e-20
4935.5076 5.32166e-16 1e-20
4938.1731 5.1162e-16 1e-20
4940.8385 5.16454e-16 1e-20
4943.5039 5.42607e-16 1e-20
4946.1694 5.57407e-16 1e-20
4948.8348 5.58037e-16 1e-20
4951.5002 5.54381e-16 1e-20
4954.1657 5.51772e-16 1e-20
4956.8311 5.35333e-16 1e-20
4959.4966 5.44346e-16 1e-20
4962.162 5.60934e-16 1e-20
4964.8274 5.63933e-16 1e-20
4967.4929 5.64004e-16 1e-20
4970.1583 5.6407e-16 1e-20
4972.8237 5.46138e-16 1e-20
4975.4892 5.59271e-16 1e-20
4978.1546 5.76667e-16 1e-20
4980.82 5.7018e-16 1e-20
4983.4855 5.70186e-16 1e-20
4986.1509 5.91221e-16 1e-20
4988.8163 5.77618e-16 1e-20
4991.4818 5.95938e-16 1e-20
4994.1472 6.11047e-16 1e-20
4996.8127 6.04718e-16 1e-20
4999.4781 5.96518e-16 1e-20
5002.1435 6.14193e-16 1e-20
5004.809 6.14233e-16 1e-20
5007.4744 6.16051e-16 1e-20
5010.1398 6.2375e-16 1e-20
5012.8053 6.38561e-16 1e-20
5015.4707 6.25755e-16 1e-20
5018.1361 6.36041e-16 1e-20
5020.8016 6.39765e-16 1e-20
5023.467 6.46131e-16 1e-20
5026.1324 6.59988e-16 1e-20
5028.7979 6.53205e-16 1e-20
5031.4633 6.5356e-16 1e-20
5034.1287 6.59685e-16 1e-20
5036.7942 6.53622e-16 1e-20
5039.4596 6.54767e-16 1e-20
5042.125 6.74438e-16 1e-20
5044.7905 6.70634e-16 1e-20
5047.4559 7.01024e-16 1e-20
5050.1214 7.22606e-16 1e-20
5052.7868 7.01587e-16 1e-20
5055.4522 7.07277e-16 1e-20
5058.1177 7.09233e-16 1e-20
5060.7831 6.97193e-16 1e-20
5063.4485 6.8971e-16 1e-20
5066.114 6.90101e-16 1e-20
5068.7794 6.79803e-16 1e-20
5071.4448 7.0595e-16 1e-20
5074.1103 7.09041e-16 1e-20
5076.7757 6.86692e-16 1e-20
5079.4411 6.83874e-16 1e-20
5082.1066 6.76357e-16 1e-20
5084.772 6.81082e-16 1e-20
5087.4375 6.8416e-16 1e-20
5090.1029 6.73972e-16 1e-20
5092.7683 6.80129e-16 1e-20
5095.4338 6.84893e-16 1e-20
5098.0992 6.65888e-16 1e-20
5100.7646 6.77114e-16 1e-20
5103.4301 6.87999e-16 1e-20
5106.0955 6.82025e-16 1e-20
5108.7609 6.89502e-16 1e-20
5111.4264 6.79218e-16 1e-20
5114.0918 6.80623e-16 1e-20
5116.7572 6.93856e-16 1e-20
5119.4227 6.93383e-16 1e-20
5122.0881 6.90619e-16 1e-20
5124.7536 6.93185e-16 1e-20
5127.419 6.92251e-16 1e-20
5130.0844 6.9316e-16 1e-20
5132.7499 7.1544e-16 1e-20
5135.4153 7.02747e-16 1e-20
5138.0807 7.19015e-16 1e-20
5140.7462 7.14009e-16 1e-20
5143.4116 7.09951e-16 1e-20
5146.077 7.04269e-16 1e-20
5148.7425 6.96811e-16 1e-20
5151.4079 7.08103e-16 1e-20
5154.0733 7.05697e-16 1e-20
5156.7388 6.9661e-16 1e-20
5159.4042 6.73827e-16 1e-20
5162.0696 6.74376e-16 1e-20
5164.7351 6.98695e-16 1e-20
5167.4005 6.867e-16 1e-20
5170.0659 6.73154e-16 1e-20
5172.7314 6.80389e-16 1e-20
5175.3968 6.69625e-16 1e-20
5178.0623 6.42478e-16 1e-20
5180.7277 6.45716e-16 1e-20
5183.3931 6.48681e-16 1e-20
5186.0586 6.2381e-16 1e-20
5188.724 6.39662e-16 1e-20
5191.3894 6.26329e-16 1e-20
5194.0549 6.10234e-16 1e-20
5196.7203 6.01429e-16 1e-20
5199.3857 6.03723e-16 1e-20
5202.0512 5.85122e-16 1e-20
5204.7166 5.80813e-16 1e-20
5207.382 5.74509e-16 1e-20
5210.0475 5.65772e-16 1e-20
5212.7129 5.42791e-16 1e-20
5215.3784 5.39693e-16 1e-20
5218.0438 5.53507e-16 1e-20
5220.7092 5.5488e-16 1e-20
5223.3747 5.52805e-16 1e-20
5226.0401 5.49722e-16 1e-20
5228.7055 5.37306e-16 1e-20
5231.371 5.52669e-16 1e-20
5234.0364 5.48042e-16 1e-20
5236.7018 5.57551e-16 1e-20
5239.3673 5.53139e-16 1e-20
5242.0327 5.36276e-16 1e-20
5244.6981 5.37908e-16 1e-20
5247.3636 5.46166e-16 1e-20
5250.029 5.42399e-16 1e-20
5252.6945 5.30555e-16 1e-20
5255.3599 5.15693e-16 1e-20
5258.0253 5.15897e-16 1e-20
5260.6908 5.3971e-16 1e-20
5263.3562 5.4965e-16 1e-20
5266.0216 5.55171e-16 1e-20
5268.6871 5.49123e-16 1e-20
5271.3525 5.48133e-16 1e-20
5274.0179 5.40797e-16 1e-20
5276.6834 5.39185e-16 1e-20
5279.3488 5.5918e-16 1e-20
5282.0142 5.29371e-16 1e-20
5284.6797 5.54483e-16 1e-20
5287.3451 5.54796e-16 1e-20
5290.0105 5.55503e-16 1e-20
5292.676 5.70414e-16 1e-20
5295.3414 5.45689e-16 1e-20
5298.0068 5.49343e-16 1e-20
5300.6723 5.58534e-16 1e-20
5303.3377 5.54933e-16 1e-20
5306.0032 5.35357e-16 1e-20
5308.6686 5.34036e-16 1e-20
5311.334 5.48991e-16 1e-20
5313.9995 5.54788e-16 1e-20
5316.6649 5.48416e-16 1e-20
5319.3303 5.30729e-16 1e-20
5321.9958 5.5642e-16 1e-20
5324.6612 5.51814e-16 1e-20
5327.3266 5.53185e-16 1e-20
5329.9921 5.51829e-16 1e-20
5332.6575 5.54126e-16 1e-20
5335.3229 5.32839e-16 1e-20
5337.9884 5.42949e-16 1e-20
5340.6538 5.44052e-16 1e-20
5343.3193 5.48953e-16 1e-20
5345.9847 5.45312e-16 1e-20
5348.6501 5.43721e-16 1e-20
5351.3156 5.53424e-16 1e-20
5353.981 5.54448e-16 1e-20
5356.6464 5.4973e-16 1e-20
5359.3119 5.25799e-16 1e-20
5361.9773 5.2474e-16 1e-20
5364.6427 5.28171e-16 1e-20
5367.3082 5.10746e-16 1e-20
5369.9736 4.98053e-16 1e-20
5372.639 5.0611e-16 1e-20
5375.3045 4.96581e-16 1e-20
5377.9699 4.96833e-16 1e-20
5380.6354 4.91371e-16 1e-20
5383.3008 4.7715e-16 1e-20
5385.9662 4.887e-16 1e-20
5388.6316 4.94461e-16 1e-20
5391.2971 4.79964e-16 1e-20
5393.9625 4.90632e-16 1e-20
5396.628 4.76407e-16 1e-20
5399.2934 4.71279e-16 1e-20
5401.9588 4.66073e-16 1e-20
5404.6243 4.65128e-16 1e-20
5407.2897 4.89988e-16 1e-20
5409.9551 4.76473e-16 1e-20
5412.6206 4.87434e-16 1e-20
5415.286 4.95929e-16 1e-20
5417.9514 4.82815e-16 1e-20
5420.6169 4.84113e-16 1e-20
5423.2823 5.07537e-16 1e-20
5425.9477 5.04756e-16 1e-20
5428.6132 5.06959e-16 1e-20
5431.2786 5.08628e-16 1e-20
5433.9441 4.99285e-16 1e-20
5436.6095 5.06258e-16 1e-20
5439.2749 5.25718e-16 1e-20
5441.9404 5.37791e-16 1e-20
5444.6058 5.23028e-16 1e-20
5447.2712 5.47776e-16 1e-20
5449.9367 5.57228e-16 1e-20
5452.6021 5.54482e-16 1e-20
5455.2675 5.47116e-16 1e-20
5457.933 5.45014e-16 1e-20
5460.5984 5.57554e-16 1e-20
5463.2638 5.58205e-16 1e-20
5465.9293 5.66813e-16 1e-20
5468.5947 5.67548e-16 1e-20
5471.2602 5.77648e-16 1e-20
5473.9256 5.79368e-16 1e-20
5476.591 5.66998e-16 1e-20
5479.2565 5.79621e-16 1e-20
5481.9219 5.68149e-16 1e-20
5484.5873 5.70619e-16 1e-20
5487.2528 5.8351e-16 1e-20
5489.9182 5.76205e-16 1e-20
5492.5836 5.64e-16 1e-20
5495.2491 5.67548e-16 1e-20
5497.9145 5.36262e-16 1e-20
5500.5799 5.65897e-16 1e-20
5503.2454 5.56444e-16 1e-20
5505.9108 5.69174e-16 1e-20
5508.5763 5.78949e-16 1e-20
5511.2417 5.6675e-16 1e-20
5513.9071 5.81087e-16 1e-20
5516.5725 5.7257e-16 1e-20
5519.238 5.51795e-16 1e-20
5521.9034 5.83515e-16 1e-20
5524.5689 5.8751e-16 1e-20
5527.2343 5.80261e-16 1e-20
5529.8997 5.9911e-16 1e-20
5532.5652 5.93038e-16 1e-20
5535.2306 5.70669e-16 1e-20
5537.896 5.77983e-16 1e-20
5540.5615 5.81306e-16 1e-20
5543.2269 5.83938e-16 1e-20
5545.8923 5.97442e-16 1e-20
5548.5578 6.16126e-16 1e-20
5551.2232 5.85254e-16 1e-20
5553.8886 5.9546e-16 1e-20
5556.5541 6.06664e-16 1e-20
5559.2195 6.09093e-16 1e-20
5561.885 6.06126e-16 1e-20
5564.5504 5.98672e-16 1e-20
5567.2158 6.10949e-16 1e-20
5569.8813 6.14867e-16 1e-20
5572.5467 6.06861e-16 1e-20
5575.2121 6.23868e-16 1e-20
5577.8776 6.30213e-16 1e-20
5580.543 6.17143e-16 1e-20
5583.2084 6.23288e-16 1e-20
5585.8739 6.21445e-16 1e-20
5588.5393 6.07779e-16 1e-20
5591.2047 5.94614e-16 1e-20
5593.8702 6.11002e-16 1e-20
5596.5356 6.201e-16 1e-20
5599.2011 6.13541e-16 1e-20
5601.8665 6.15598e-16 1e-20
5604.5319 6.36366e-16 1e-20
5607.1974 6.29322e-16 1e-20
5609.8628 6.35345e-16 1e-20
5612.5282 6.54051e-16 1e-20
5615.1937 6.42245e-16 1e-20
5617.8591 6.1656e-16 1e-20
5620.5245 6.22303e-16 1e-20
5623.19 6.21404e-16 1e-20
5625.8554 6.09079e-16 1e-20
5628.5208 6.06503e-16 1e-20
5631.1863 6.14e-16 1e-20
5633.8517 6.15136e-16 1e-20
5636.5171 6.09785e-16 1e-20
5639.1826 6.10946e-16 1e-20
5641.848 6.13305e-16 1e-20
5644.5134 6.13113e-16 1e-20
5647.1789 6.23074e-16 1e-20
5649.8443 5.98111e-16 1e-20
5652.5098 5.95569e-16 1e-20
5655.1752 5.98177e-16 1e-20
5657.8406 6.05323e-16 1e-20
5660.5061 5.95802e-16 1e-20
5663.1715 5.84758e-16 1e-20
5665.8369 5.88364e-16 1e-20
5668.5024 5.89445e-16 1e-20
5671.1678 5.84423e-16 1e-20
5673.8332 5.65651e-16 1e-20
5676.4987 5.57667e-16 1e-20
5679.1641 5.48839e-16 1e-20
5681.8295 5.63518e-16 1e-20
5684.495 5.43533e-16 1e-20
5687.1604 5.25314e-16 1e-20
5689.8259 5.40185e-16 1e-20
5692.4913 5.53286e-16 1e-20
5695.1567 5.44329e-16 1e-20
5697.8222 5.26964e-16 1e-20
5700.4876 5.21365e-16 1e-20
5703.153 5.31095e-16 1e-20
5705.8185 5.31367e-16 1e-20
5708.4839 5.34384e-16 1e-20
5711.1493 5.49713e-16 1e-20
5713.8148 5.461e-16 1e-20
5716.4802 5.35551e-16 1e-20
5719.1456 5.50841e-16 1e-20
5721.8111 5.44266e-16 1e-20
5724.4765 5.43748e-16 1e-20
5727.142 5.43997e-16 1e-20
5729.8074 5.33944e-16 1e-20
5732.4728 5.30152e-16 1e-20
5735.1383 5.43582e-16 1e-20
5737.8037 5.49843e-16 1e-20
5740.4691 5.49308e-16 1e-20
5743.1346 5.33145e-16 1e-20
5745.8 5.26971e-16 1e-20
5748.4654 5.34919e-16 1e-20
5751.1309 5.61396e-16 1e-20
5753.7963 5.57161e-16 1e-20
5756.4617 5.56872e-16 1e-20
5759.1272 5.48006e-16 1e-20
5761.7926 5.37623e-16 1e-20
5764.458 5.41707e-16 1e-20
5767.1235 5.55993e-16 1e-20
5769.7889 5.55621e-16 1e-20
5772.4543 5.42229e-16 1e-20
5775.1198 5.64358e-16 1e-20
5777.7852 5.66385e-16 1e-20
5780.4507 5.61125e-16 1e-20
5783.1161 5.54289e-16 1e-20
5785.7815 5.56767e-16 1e-20
5788.447 5.74884e-16 1e-20
5791.1124 5.63824e-16 1e-20
5793.7778 5.63782e-16 1e-20
5796.4433 5.77121e-16 1e-20
5799.1087 5.69917e-16 1e-20
5801.7741 5.44729e-16 1e-20
5804.4396 5.38788e-16 1e-20
5807.105 5.45623e-16 1e-20
5809.7704 5.43274e-16 1e-20
5812.4359 5.59e-16 1e-20
5815.1013 5.76926e-16 1e-20
5817.7668 5.59757e-16 1e-20
5820.4322 5.56862e-16 1e-20
5823.0976 5.63227e-16 1e-20
5825.7631 5.71897e-16 1e-20
5828.4285 5.71416e-16 1e-20
5831.0939 5.71513e-16 1e-20
5833.7594 5.82806e-16 1e-20
5836.4248 5.8952e-16 1e-20
5839.0902 5.73856e-16 1e-20
5841.7557 5.72824e-16 1e-20
5844.4211 5.8511e-16 1e-20
5847.0865 5.7474e-16 1e-20
5849.752 5.66068e-16 1e-20
5852.4174 5.66538e-16 1e-20
5855.0829 5.70046e-16 1e-20
5857.7483 5.62271e-16 1e-20
5860.4137 5.58505e-16 1e-20
5863.0791 5.6143e-16 1e-20
5865.7446 5.6438e-16 1e-20
5868.41 5.58535e-16 1e-20
5871.0755 5.41087e-16 1e-20
5873.7409 4.98146e-16 1e-20
5876.4063 5.21373e-16 1e-20
5879.0718 5.46626e-16 1e-20
5881.7372 5.4919e-16 1e-20
5884.4026 5.08664e-16 1e-20
5887.0681 5.00931e-16 1e-20
5889.7335 5.09139e-16 1e-20
5892.3989 5.02653e-16 1e-20
5895.0644 5.01567e-16 1e-20
5897.7298 4.9552e-16 1e-20
5900.3952 4.9043e-16 1e-20
5903.0607 4.81846e-16 1e-20
5905.7261 4.96355e-16 1e-20
5908.3916 4.91833e-16 1e-20
5911.057 4.83282e-16 1e-20
5913.7224 4.77304e-16 1e-20
5916.3879 4.59759e-16 1e-20
5919.0533 4.47258e-16 1e-20
5921.7187 4.43799e-16 1e-20
5924.3842 4.18335e-16 1e-20
5927.0496 4.2135e-16 1e-20
5929.715 4.34652e-16 1e-20
5932.3805 4.29306e-16 1e-20
5935.0459 4.30647e-16 1e-20
5937.7113 4.23302e-16 1e-20
5940.3768 4.15153e-16 1e-20
