3420.0 0.797232 1e-20
3422.0 0.753305 1e-20
3424.0 0.818118 1e-20
3426.0 0.777709 1e-20
3428.0 0.752895 1e-20
3430.0 0.733413 1e-20
3432.0 0.892287 1e-20
3434.0 0.864956 1e-20
3436.0 0.830589 1e-20
3438.0 0.887989 1e-20
3440.0 0.963247 1e-20
3442.0 0.9015 1e-20
3444.0 0.744765 1e-20
3446.0 0.819439 1e-20
3448.0 1.00121 1e-20
3450.0 0.92296 1e-20
3452.0 0.81245 1e-20
3454.0 0.924454 1e-20
3456.0 1.00683 1e-20
3458.0 0.995466 1e-20
3460.0 1.04382 1e-20
3462.0 0.90313 1e-20
3464.0 0.864207 1e-20
3466.0 0.963576 1e-20
3468.0 0.849097 1e-20
3470.0 0.785255 1e-20
3472.0 1.02206 1e-20
3474.0 0.78026 1e-20
3476.0 1.10383 1e-20
3478.0 0.96231 1e-20
3480.0 0.943733 1e-20
3482.0 0.843045 1e-20
3484.0 0.857398 1e-20
3486.0 1.34439 1e-20
3488.0 1.1303 1e-20
3490.0 1.13016 1e-20
3492.0 1.21784 1e-20
3494.0 0.999095 1e-20
3496.0 1.00096 1e-20
3498.0 1.04305 1e-20
3500.0 1.08932 1e-20
3502.0 1.05062 1e-20
3504.0 1.01529 1e-20
3506.0 0.96219 1e-20
3508.0 1.24654 1e-20
3510.0 1.06491 1e-20
3512.0 1.11287 1e-20
3514.0 1.2128 1e-20
3516.0 1.23322 1e-20
3518.0 1.2171 1e-20
3520.0 1.06283 1e-20
3522.0 1.12289 1e-20
3524.0 1.20071 1e-20
3526.0 1.18065 1e-20
3528.0 1.19917 1e-20
3530.0 1.22638 1e-20
3532.0 1.15652 1e-20
3534.0 1.22212 1e-20
3536.0 1.19993 1e-20
3538.0 1.27199 1e-20
3540.0 1.31302 1e-20
3542.0 1.32617 1e-20
3544.0 1.32403 1e-20
3546.0 1.39095 1e-20
3548.0 1.44787 1e-20
3550.0 1.26779 1e-20
3552.0 1.29514 1e-20
3554.0 1.50389 1e-20
3556.0 1.31367 1e-20
3558.0 1.39985 1e-20
3560.0 1.46609 1e-20
3562.0 1.34855 1e-20
3564.0 1.45484 1e-20
3566.0 1.48208 1e-20
3568.0 1.27888 1e-20
3570.0 1.55652 1e-20
3572.0 1.43769 1e-20
3574.0 1.53625 1e-20
3576.0 1.49534 1e-20
3578.0 1.4548 1e-20
3580.0 1.5062 1e-20
3582.0 1.54436 1e-20
3584.0 1.42883 1e-20
3586.0 1.55719 1e-20
3588.0 1.51531 1e-20
3590.0 1.4375 1e-20
3592.0 1.51947 1e-20
3594.0 1.57386 1e-20
3596.0 1.54036 1e-20
3598.0 1.51176 1e-20
3600.0 1.50464 1e-20
3602.0 1.64173 1e-20
3604.0 1.53954 1e-20
3606.0 1.48878 1e-20
3608.0 1.54602 1e-20
3610.0 1.45701 1e-20
3612.0 1.52336 1e-20
3614.0 1.60273 1e-20
3616.0 1.59284 1e-20
3618.0 1.60715 1e-20
3620.0 1.59647 1e-20
3622.0 1.55255 1e-20
3624.0 1.52992 1e-20
3626.0 1.58208 1e-20
3628.0 1.67443 1e-20
3630.0 1.57887 1e-20
3632.0 1.46 1e-20
3634.0 1.43208 1e-20
3636.0 1.45956 1e-20
3638.0 1.59453 1e-20
3640.0 1.38868 1e-20
3642.0 1.43373 1e-20
3644.0 1.47511 1e-20
3646.0 1.34703 1e-20
3648.0 1.55621 1e-20
3650.0 1.4381 1e-20
3652.0 1.34602 1e-20
3654.0 1.48521 1e-20
3656.0 1.41545 1e-20
3658.0 1.33353 1e-20
3660.0 1.40846 1e-20
3662.0 1.37941 1e-20
3664.0 1.37172 1e-20
3666.0 1.42941 1e-20
3668.0 1.2402 1e-20
3670.0 1.17541 1e-20
3672.0 1.28363 1e-20
3674.0 1.24411 1e-20
3676.0 1.12179 1e-20
3678.0 1.23022 1e-20
3680.0 1.14144 1e-20
3682.0 1.17305 1e-20
3684.0 1.09718 1e-20
3686.0 1.12856 1e-20
3688.0 1.06045 1e-20
3690.0 1.10922 1e-20
3692.0 1.00492 1e-20
3694.0 0.985817 1e-20
3696.0 0.960541 1e-20
3698.0 1.02481 1e-20
3700.0 0.965562 1e-20
3702.0 0.878445 1e-20
3704.0 0.785528 1e-20
3706.0 0.893151 1e-20
3708.0 0.901739 1e-20
3710.0 0.880642 1e-20
3712.0 0.837332 1e-20
3714.0 0.855879 1e-20
3716.0 0.761899 1e-20
3718.0 0.827011 1e-20
3720.0 0.738971 1e-20
3722.0 0.759405 1e-20
3724.0 0.737726 1e-20
3726.0 0.715209 1e-20
3728.0 0.657223 1e-20
3730.0 0.596288 1e-20
3732.0 0.672745 1e-20
3734.0 0.673903 1e-20
3736.0 0.670153 1e-20
3738.0 0.587515 1e-20
3740.0 0.591002 1e-20
3742.0 0.571782 1e-20
3744.0 0.560638 1e-20
3746.0 0.636557 1e-20
3748.0 0.549622 1e-20
3750.0 0.599696 1e-20
3752.0 0.538415 1e-20
3754.0 0.54749 1e-20
3756.0 0.510425 1e-20
3758.0 0.533923 1e-20
3760.0 0.414252 1e-20
3762.0 0.415382 1e-20
3764.0 0.471913 1e-20
3766.0 0.533512 1e-20
3768.0 0.485417 1e-20
3770.0 0.443545 1e-20
3772.0 0.458898 1e-20
3774.0 0.45025 1e-20
3776.0 0.418142 1e-20
3778.0 0.450772 1e-20
3780.0 0.434006 1e-20
3782.0 0.475095 1e-20
3784.0 0.465408 1e-20
3786.0 0.410066 1e-20
3788.0 0.353249 1e-20
3790.0 0.432441 1e-20
3792.0 0.375331 1e-20
3794.0 0.400992 1e-20
3796.0 0.39942 1e-20
3798.0 0.423447 1e-20
3800.0 0.344952 1e-20
3802.0 0.353067 1e-20
3804.0 0.441609 1e-20
3806.0 0.412286 1e-20
3808.0 0.404597 1e-20
3810.0 0.490568 1e-20
3812.0 0.438552 1e-20
3814.0 0.445565 1e-20
3816.0 0.409258 1e-20
3818.0 0.422796 1e-20
3820.0 0.497815 1e-20
3822.0 0.416923 1e-20
3824.0 0.429302 1e-20
3826.0 0.572165 1e-20
3828.0 0.444301 1e-20
3830.0 0.508817 1e-20
3832.0 0.580876 1e-20
3834.0 0.577111 1e-20
3836.0 0.527093 1e-20
3838.0 0.563799 1e-20
3840.0 0.579499 1e-20
3842.0 0.629121 1e-20
3844.0 0.642175 1e-20
3846.0 0.590567 1e-20
3848.0 0.591485 1e-20
3850.0 0.676619 1e-20
3852.0 0.646156 1e-20
3854.0 0.677758 1e-20
3856.0 0.671356 1e-20
3858.0 0.730971 1e-20
3860.0 0.757295 1e-20
3862.0 0.701181 1e-20
3864.0 0.721812 1e-20
3866.0 0.743457 1e-20
3868.0 0.833333 1e-20
3870.0 0.797142 1e-20
3872.0 0.847491 1e-20
3874.0 0.819934 1e-20
3876.0 0.800892 1e-20
3878.0 0.891506 1e-20
3880.0 0.868845 1e-20
3882.0 0.799094 1e-20
3884.0 0.828766 1e-20
3886.0 0.871859 1e-20
3888.0 0.923802 1e-20
3890.0 0.912267 1e-20
3892.0 0.942422 1e-20
3894.0 0.883693 1e-20
3896.0 0.914085 1e-20
3898.0 0.903657 1e-20
3900.0 0.975477 1e-20
3902.0 0.941174 1e-20
3904.0 0.965371 1e-20
3906.0 0.88288 1e-20
3908.0 0.974428 1e-20
3910.0 0.987094 1e-20
3912.0 1.01819 1e-20
3914.0 1.02769 1e-20
3916.0 0.967412 1e-20
3918.0 0.966985 1e-20
3920.0 0.991862 1e-20
3922.0 1.04025 1e-20
3924.0 1.01658 1e-20
3926.0 1.02573 1e-20
3928.0 1.04928 1e-20
3930.0 1.02767 1e-20
3932.0 1.15075 1e-20
3934.0 1.0514 1e-20
3936.0 1.15272 1e-20
3938.0 1.08075 1e-20
3940.0 1.19456 1e-20
3942.0 1.21262 1e-20
3944.0 1.17448 1e-20
3946.0 1.17321 1e-20
3948.0 1.22885 1e-20
3950.0 1.24011 1e-20
3952.0 1.19297 1e-20
3954.0 1.27462 1e-20
3956.0 1.28445 1e-20
3958.0 1.29617 1e-20
3960.0 1.36468 1e-20
3962.0 1.36323 1e-20
3964.0 1.32104 1e-20
3966.0 1.33875 1e-20
3968.0 1.359 1e-20
3970.0 1.37329 1e-20
3972.0 1.4562 1e-20
3974.0 1.51935 1e-20
3976.0 1.48828 1e-20
3978.0 1.44145 1e-20
3980.0 1.4516 1e-20
3982.0 1.52419 1e-20
3984.0 1.50778 1e-20
3986.0 1.51447 1e-20
3988.0 1.50209 1e-20
3990.0 1.57627 1e-20
3992.0 1.6026 1e-20
3994.0 1.67728 1e-20
3996.0 1.56155 1e-20
3998.0 1.56062 1e-20
4000.0 1.59343 1e-20
4002.0 1.57888 1e-20
4004.0 1.62692 1e-20
4006.0 1.66293 1e-20
4008.0 1.70133 1e-20
4010.0 1.67784 1e-20
4012.0 1.68269 1e-20
4014.0 1.65525 1e-20
4016.0 1.7497 1e-20
4018.0 1.80585 1e-20
4020.0 1.77764 1e-20
4022.0 1.71883 1e-20
4024.0 1.78148 1e-20
4026.0 1.79311 1e-20
4028.0 1.80605 1e-20
4030.0 1.79494 1e-20
4032.0 1.82161 1e-20
4034.0 1.82361 1e-20
4036.0 1.84851 1e-20
4038.0 1.85509 1e-20
4040.0 1.92543 1e-20
4042.0 1.946 1e-20
4044.0 1.92239 1e-20
4046.0 1.87785 1e-20
4048.0 1.92875 1e-20
4050.0 1.95047 1e-20
4052.0 1.99115 1e-20
4054.0 1.98406 1e-20
4056.0 1.96786 1e-20
4058.0 1.94615 1e-20
4060.0 2.00391 1e-20
4062.0 1.95426 1e-20
4064.0 2.02556 1e-20
4066.0 2.00704 1e-20
4068.0 1.82739 1e-20
4070.0 1.89047 1e-20
4072.0 1.90864 1e-20
4074.0 1.81397 1e-20
4076.0 1.85505 1e-20
4078.0 1.80625 1e-20
4080.0 1.76998 1e-20
4082.0 1.69169 1e-20
4084.0 1.72706 1e-20
4086.0 1.70088 1e-20
4088.0 1.71186 1e-20
4090.0 1.62976 1e-20
4092.0 1.67751 1e-20
4094.0 1.6697 1e-20
4096.0 1.55918 1e-20
4098.0 1.64039 1e-20
4100.0 1.72902 1e-20
4102.0 1.66249 1e-20
4104.0 1.64404 1e-20
4106.0 1.63949 1e-20
4108.0 1.63629 1e-20
4110.0 1.67228 1e-20
4112.0 1.58611 1e-20
4114.0 1.63033 1e-20
4116.0 1.61715 1e-20
4118.0 1.59597 1e-20
4120.0 1.58221 1e-20
4122.0 1.55124 1e-20
4124.0 1.63877 1e-20
4126.0 1.61902 1e-20
4128.0 1.53886 1e-20
4130.0 1.5443 1e-20
4132.0 1.58464 1e-20
4134.0 1.55108 1e-20
4136.0 1.56829 1e-20
4138.0 1.55057 1e-20
4140.0 1.575 1e-20
4142.0 1.54598 1e-20
4144.0 1.67642 1e-20
4146.0 1.6106 1e-20
4148.0 1.67154 1e-20
4150.0 1.66453 1e-20
4152.0 1.6596 1e-20
4154.0 1.66549 1e-20
4156.0 1.68881 1e-20
4158.0 1.71048 1e-20
4160.0 1.72077 1e-20
4162.0 1.62619 1e-20
4164.0 1.70786 1e-20
4166.0 1.70625 1e-20
4168.0 1.7229 1e-20
4170.0 1.67091 1e-20
4172.0 1.74214 1e-20
4174.0 1.7552 1e-20
4176.0 1.75206 1e-20
4178.0 1.78349 1e-20
4180.0 1.85799 1e-20
4182.0 1.80063 1e-20
4184.0 1.83764 1e-20
4186.0 1.77734 1e-20
4188.0 1.78824 1e-20
4190.0 1.7756 1e-20
4192.0 1.74596 1e-20
4194.0 1.78256 1e-20
4196.0 1.81854 1e-20
4198.0 1.85337 1e-20
4200.0 1.78963 1e-20
4202.0 1.87411 1e-20
4204.0 1.84516 1e-20
4206.0 1.8102 1e-20
4208.0 1.764 1e-20
4210.0 1.80078 1e-20
4212.0 1.82324 1e-20
4214.0 1.84092 1e-20
4216.0 1.87454 1e-20
4218.0 1.83385 1e-20
4220.0 1.82928 1e-20
4222.0 1.82864 1e-20
4224.0 1.83845 1e-20
4226.0 1.82321 1e-20
4228.0 1.89945 1e-20
4230.0 1.87713 1e-20
4232.0 1.83024 1e-20
4234.0 1.79264 1e-20
4236.0 1.79015 1e-20
4238.0 1.7186 1e-20
4240.0 1.67657 1e-20
4242.0 1.69749 1e-20
4244.0 1.7408 1e-20
4246.0 1.68942 1e-20
4248.0 1.61584 1e-20
4250.0 1.67193 1e-20
4252.0 1.64135 1e-20
4254.0 1.65076 1e-20
4256.0 1.67222 1e-20
4258.0 1.63632 1e-20
4260.0 1.63224 1e-20
4262.0 1.63214 1e-20
4264.0 1.64065 1e-20
4266.0 1.6089 1e-20
4268.0 1.65273 1e-20
4270.0 1.61094 1e-20
4272.0 1.62802 1e-20
4274.0 1.57551 1e-20
4276.0 1.55398 1e-20
4278.0 1.56449 1e-20
4280.0 1.4807 1e-20
4282.0 1.51218 1e-20
4284.0 1.55285 1e-20
4286.0 1.58406 1e-20
4288.0 1.53219 1e-20
4290.0 1.54199 1e-20
4292.0 1.56713 1e-20
4294.0 1.55342 1e-20
4296.0 1.56262 1e-20
4298.0 1.50202 1e-20
4300.0 1.50063 1e-20
4302.0 1.50592 1e-20
4304.0 1.52459 1e-20
4306.0 1.52357 1e-20
4308.0 1.46295 1e-20
4310.0 1.48577 1e-20
4312.0 1.47035 1e-20
4314.0 1.46879 1e-20
4316.0 1.45959 1e-20
4318.0 1.42376 1e-20
4320.0 1.40096 1e-20
4322.0 1.42206 1e-20
4324.0 1.41419 1e-20
4326.0 1.33743 1e-20
4328.0 1.3418 1e-20
4330.0 1.36779 1e-20
4332.0 1.36048 1e-20
4334.0 1.3352 1e-20
4336.0 1.32563 1e-20
4338.0 1.26544 1e-20
4340.0 1.31816 1e-20
4342.0 1.24638 1e-20
4344.0 1.28991 1e-20
4346.0 1.27638 1e-20
4348.0 1.15289 1e-20
4350.0 1.27792 1e-20
4352.0 1.27787 1e-20
4354.0 1.22152 1e-20
4356.0 1.11841 1e-20
4358.0 1.18821 1e-20
4360.0 1.12379 1e-20
4362.0 1.26915 1e-20
4364.0 1.17106 1e-20
4366.0 1.17726 1e-20
4368.0 1.13913 1e-20
4370.0 1.18505 1e-20
4372.0 1.17164 1e-20
4374.0 1.12803 1e-20
4376.0 1.14992 1e-20
4378.0 1.14015 1e-20
4380.0 1.1119 1e-20
4382.0 1.06313 1e-20
4384.0 1.08583 1e-20
4386.0 1.06152 1e-20
4388.0 1.06187 1e-20
4390.0 1.06757 1e-20
4392.0 1.05975 1e-20
4394.0 1.00259 1e-20
4396.0 1.01264 1e-20
4398.0 1.00641 1e-20
4400.0 1.02524 1e-20
4402.0 0.972925 1e-20
4404.0 0.994948 1e-20
4406.0 0.979377 1e-20
4408.0 0.95164 1e-20
4410.0 0.963011 1e-20
4412.0 0.886777 1e-20
4414.0 0.901349 1e-20
4416.0 0.913958 1e-20
4418.0 0.911318 1e-20
4420.0 0.836094 1e-20
4422.0 0.839189 1e-20
4424.0 0.885636 1e-20
4426.0 0.903276 1e-20
4428.0 0.875302 1e-20
4430.0 0.908598 1e-20
4432.0 0.941199 1e-20
4434.0 0.917429 1e-20
4436.0 0.950231 1e-20
4438.0 0.907305 1e-20
4440.0 0.945683 1e-20
4442.0 0.877876 1e-20
4444.0 0.928504 1e-20
4446.0 0.944977 1e-20
4448.0 0.972131 1e-20
4450.0 0.965508 1e-20
4452.0 0.99079 1e-20
4454.0 0.956758 1e-20
4456.0 0.97687 1e-20
4458.0 0.961283 1e-20
4460.0 0.984215 1e-20
4462.0 0.996123 1e-20
4464.0 1.02075 1e-20
4466.0 0.997731 1e-20
4468.0 1.02245 1e-20
4470.0 0.990254 1e-20
4472.0 0.994025 1e-20
4474.0 1.06496 1e-20
4476.0 0.979239 1e-20
4478.0 0.98842 1e-20
4480.0 0.999882 1e-20
4482.0 1.03746 1e-20
4484.0 1.04378 1e-20
4486.0 1.03876 1e-20
4488.0 1.0531 1e-20
4490.0 1.05658 1e-20
4492.0 1.07784 1e-20
4494.0 1.0213 1e-20
4496.0 1.05036 1e-20
4498.0 1.10336 1e-20
4500.0 1.08679 1e-20
4502.0 1.11317 1e-20
4504.0 1.10313 1e-20
4506.0 1.09402 1e-20
4508.0 1.09564 1e-20
4510.0 1.14456 1e-20
4512.0 1.11321 1e-20
4514.0 1.08323 1e-20
4516.0 1.12624 1e-20
4518.0 1.14067 1e-20
4520.0 1.11674 1e-20
4522.0 1.03795 1e-20
4524.0 1.04902 1e-20
4526.0 1.03758 1e-20
4528.0 1.01412 1e-20
4530.0 0.98391 1e-20
4532.0 1.05456 1e-20
4534.0 1.06624 1e-20
4536.0 1.0581 1e-20
4538.0 0.996627 1e-20
4540.0 0.946797 1e-20
4542.0 1.02752 1e-20
4544.0 1.03872 1e-20
4546.0 1.01505 1e-20
4548.0 0.964274 1e-20
4550.0 0.984393 1e-20
4552.0 0.963806 1e-20
4554.0 1.00645 1e-20
4556.0 0.969634 1e-20
4558.0 0.944467 1e-20
4560.0 1.0153 1e-20
4562.0 0.995141 1e-20
4564.0 1.01526 1e-20
4566.0 1.01012 1e-20
4568.0 0.981653 1e-20
4570.0 1.01857 1e-20
4572.0 1.04929 1e-20
4574.0 1.03544 1e-20
4576.0 1.0495 1e-20
4578.0 1.01635 1e-20
4580.0 1.00805 1e-20
4582.0 1.07825 1e-20
4584.0 1.0701 1e-20
4586.0 1.0307 1e-20
4588.0 1.02751 1e-20
4590.0 1.09749 1e-20
4592.0 1.04565 1e-20
4594.0 1.12353 1e-20
4596.0 1.12887 1e-20
4598.0 1.15285 1e-20
4600.0 1.11435 1e-20
4602.0 1.12623 1e-20
4604.0 1.15697 1e-20
4606.0 1.16602 1e-20
4608.0 1.18438 1e-20
4610.0 1.16028 1e-20
4612.0 1.14323 1e-20
4614.0 1.16038 1e-20
4616.0 1.132 1e-20
4618.0 1.153 1e-20
4620.0 1.16946 1e-20
4622.0 1.17577 1e-20
4624.0 1.1567 1e-20
4626.0 1.18345 1e-20
4628.0 1.18941 1e-20
4630.0 1.16572 1e-20
4632.0 1.17178 1e-20
4634.0 1.18401 1e-20
4636.0 1.20751 1e-20
4638.0 1.23278 1e-20
4640.0 1.21408 1e-20
4642.0 1.22465 1e-20
4644.0 1.22485 1e-20
4646.0 1.27343 1e-20
4648.0 1.23141 1e-20
4650.0 1.22356 1e-20
4652.0 1.26058 1e-20
4654.0 1.21509 1e-20
4656.0 1.24407 1e-20
4658.0 1.2091 1e-20
4660.0 1.26263 1e-20
4662.0 1.22559 1e-20
4664.0 1.22377 1e-20
4666.0 1.15957 1e-20
4668.0 1.22077 1e-20
4670.0 1.21369 1e-20
4672.0 1.16993 1e-20
4674.0 1.19437 1e-20
4676.0 1.1666 1e-20
4678.0 1.16231 1e-20
4680.0 1.17311 1e-20
4682.0 1.1658 1e-20
4684.0 1.22148 1e-20
4686.0 1.18037 1e-20
4688.0 1.20398 1e-20
4690.0 1.19878 1e-20
4692.0 1.18848 1e-20
4694.0 1.17072 1e-20
4696.0 1.20393 1e-20
4698.0 1.20025 1e-20
4700.0 1.17602 1e-20
4702.0 1.18829 1e-20
4704.0 1.17136 1e-20
4706.0 1.18488 1e-20
4708.0 1.1711 1e-20
4710.0 1.13693 1e-20
4712.0 1.13803 1e-20
4714.0 1.14265 1e-20
4716.0 1.14413 1e-20
4718.0 1.12847 1e-20
4720.0 1.12735 1e-20
4722.0 1.16663 1e-20
4724.0 1.10558 1e-20
4726.0 1.17084 1e-20
4728.0 1.1608 1e-20
4730.0 1.13568 1e-20
4732.0 1.18221 1e-20
4734.0 1.10024 1e-20
4736.0 1.13378 1e-20
4738.0 1.14729 1e-20
4740.0 1.13725 1e-20
4742.0 1.14835 1e-20
4744.0 1.10023 1e-20
4746.0 1.14198 1e-20
4748.0 1.18814 1e-20
4750.0 1.14265 1e-20
4752.0 1.1428 1e-20
4754.0 1.14496 1e-20
4756.0 1.14321 1e-20
4758.0 1.0923 1e-20
4760.0 1.0759 1e-20
4762.0 1.11187 1e-20
4764.0 1.09716 1e-20
4766.0 1.08389 1e-20
4768.0 1.07727 1e-20
4770.0 1.04446 1e-20
4772.0 1.06028 1e-20
4774.0 0.990822 1e-20
4776.0 1.05424 1e-20
4778.0 1.04788 1e-20
4780.0 0.967952 1e-20
4782.0 0.906468 1e-20
4784.0 0.97632 1e-20
4786.0 0.970986 1e-20
4788.0 0.936198 1e-20
4790.0 0.945128 1e-20
4792.0 0.938084 1e-20
4794.0 0.893743 1e-20
4796.0 0.89158 1e-20
4798.0 0.926979 1e-20
4800.0 0.946206 1e-20
4802.0 0.876797 1e-20
4804.0 0.921711 1e-20
4806.0 0.951586 1e-20
4808.0 0.915503 1e-20
4810.0 0.918794 1e-20
4812.0 0.877519 1e-20
4814.0 0.898028 1e-20
4816.0 0.912652 1e-20
4818.0 0.913266 1e-20
4820.0 0.879251 1e-20
4822.0 0.909582 1e-20
4824.0 0.909066 1e-20
4826.0 0.935348 1e-20
4828.0 0.915997 1e-20
4830.0 0.92233 1e-20
4832.0 0.897066 1e-20
4834.0 0.892278 1e-20
4836.0 0.869708 1e-20
4838.0 0.92073 1e-20
4840.0 0.881419 1e-20
4842.0 0.893139 1e-20
4844.0 0.878449 1e-20
4846.0 0.924548 1e-20
4848.0 0.867103 1e-20
4850.0 0.900964 1e-20
4852.0 0.911193 1e-20
4854.0 0.867763 1e-20
4856.0 0.914205 1e-20
4858.0 0.852275 1e-20
4860.0 0.896744 1e-20
4862.0 0.852218 1e-20
4864.0 0.854208 1e-20
4866.0 0.818119 1e-20
4868.0 0.827591 1e-20
4870.0 0.810764 1e-20
4872.0 0.824921 1e-20
4874.0 0.83885 1e-20
4876.0 0.786747 1e-20
4878.0 0.761016 1e-20
4880.0 0.76999 1e-20
4882.0 0.798847 1e-20
4884.0 0.79499 1e-20
4886.0 0.81719 1e-20
4888.0 0.803768 1e-20
4890.0 0.772768 1e-20
4892.0 0.797342 1e-20
4894.0 0.811636 1e-20
4896.0 0.816035 1e-20
4898.0 0.818396 1e-20
4900.0 0.774726 1e-20
4902.0 0.839226 1e-20
4904.0 0.804376 1e-20
4906.0 0.853476 1e-20
4908.0 0.814311 1e-20
4910.0 0.774064 1e-20
4912.0 0.844665 1e-20
4914.0 0.830398 1e-20
4916.0 0.863812 1e-20
4918.0 0.858305 1e-20
4920.0 0.827801 1e-20
4922.0 0.904453 1e-20
4924.0 0.894836 1e-20
4926.0 0.847349 1e-20
4928.0 0.900519 1e-20
4930.0 0.843204 1e-20
4932.0 0.829694 1e-20
4934.0 0.809086 1e-20
4936.0 0.844469 1e-20
4938.0 0.846803 1e-20
4940.0 0.85508 1e-20
4942.0 0.819045 1e-20
4944.0 0.786114 1e-20
4946.0 0.808366 1e-20
4948.0 0.782729 1e-20
4950.0 0.819547 1e-20
4952.0 0.804656 1e-20
4954.0 0.83167 1e-20
4956.0 0.792406 1e-20
4958.0 0.733744 1e-20
4960.0 0.730146 1e-20
4962.0 0.739869 1e-20
4964.0 0.732401 1e-20
4966.0 0.714614 1e-20
4968.0 0.712545 1e-20
4970.0 0.731802 1e-20
4972.0 0.687285 1e-20
4974.0 0.664962 1e-20
4976.0 0.656654 1e-20
4978.0 0.684994 1e-20
4980.0 0.684027 1e-20
4982.0 0.613669 1e-20
4984.0 0.641377 1e-20
4986.0 0.635239 1e-20
4988.0 0.565481 1e-20
4990.0 0.648684 1e-20
4992.0 0.634113 1e-20
4994.0 0.592387 1e-20
4996.0 0.670671 1e-20
4998.0 0.63779 1e-20
5000.0 0.621074 1e-20
5002.0 0.584536 1e-20
5004.0 0.583242 1e-20
5006.0 0.590357 1e-20
5008.0 0.591349 1e-20
5010.0 0.580995 1e-20
5012.0 0.597229 1e-20
5014.0 0.616187 1e-20
5016.0 0.626231 1e-20
5018.0 0.618902 1e-20
5020.0 0.627351 1e-20
5022.0 0.589282 1e-20
5024.0 0.609592 1e-20
5026.0 0.643952 1e-20
5028.0 0.61548 1e-20
5030.0 0.598321 1e-20
5032.0 0.605813 1e-20
5034.0 0.62802 1e-20
5036.0 0.657379 1e-20
5038.0 0.651752 1e-20
5040.0 0.617929 1e-20
5042.0 0.617875 1e-20
5044.0 0.631803 1e-20
5046.0 0.60053 1e-20
5048.0 0.601853 1e-20
5050.0 0.655781 1e-20
5052.0 0.664023 1e-20
5054.0 0.652459 1e-20
5056.0 0.623014 1e-20
5058.0 0.660683 1e-20
5060.0 0.650531 1e-20
5062.0 0.594038 1e-20
5064.0 0.651109 1e-20
5066.0 0.614278 1e-20
5068.0 0.664503 1e-20
5070.0 0.655973 1e-20
5072.0 0.651441 1e-20
5074.0 0.642801 1e-20
5076.0 0.650296 1e-20
5078.0 0.713328 1e-20
5080.0 0.6847 1e-20
5082.0 0.638597 1e-20
5084.0 0.648955 1e-20
5086.0 0.646742 1e-20
5088.0 0.652271 1e-20
5090.0 0.651196 1e-20
5092.0 0.679301 1e-20
5094.0 0.673616 1e-20
5096.0 0.684964 1e-20
5098.0 0.643263 1e-20
5100.0 0.727218 1e-20
5102.0 0.602326 1e-20
5104.0 0.632911 1e-20
5106.0 0.653926 1e-20
5108.0 0.681686 1e-20
5110.0 0.637061 1e-20
5112.0 0.664643 1e-20
5114.0 0.677387 1e-20
5116.0 0.638125 1e-20
5118.0 0.667747 1e-20
5120.0 0.667036 1e-20
5122.0 0.653736 1e-20
5124.0 0.684331 1e-20
5126.0 0.672694 1e-20
5128.0 0.667799 1e-20
5130.0 0.67255 1e-20
5132.0 0.701755 1e-20
5134.0 0.673757 1e-20
5136.0 0.722792 1e-20
5138.0 0.707932 1e-20
5140.0 0.683949 1e-20
5142.0 0.705984 1e-20
5144.0 0.704484 1e-20
5146.0 0.702771 1e-20
5148.0 0.69013 1e-20
5150.0 0.692836 1e-20
5152.0 0.720431 1e-20
5154.0 0.702068 1e-20
5156.0 0.773331 1e-20
5158.0 0.709643 1e-20
5160.0 0.687848 1e-20
5162.0 0.715089 1e-20
5164.0 0.72648 1e-20
5166.0 0.716377 1e-20
5168.0 0.681607 1e-20
5170.0 0.752337 1e-20
5172.0 0.666068 1e-20
5174.0 0.736674 1e-20
5176.0 0.757966 1e-20
5178.0 0.750461 1e-20
5180.0 0.743932 1e-20
5182.0 0.711431 1e-20
5184.0 0.744527 1e-20
5186.0 0.758192 1e-20
5188.0 0.765257 1e-20
5190.0 0.777878 1e-20
5192.0 0.748244 1e-20
5194.0 0.789143 1e-20
5196.0 0.8299 1e-20
5198.0 0.765508 1e-20
5200.0 0.776283 1e-20
5202.0 0.819104 1e-20
5204.0 0.766088 1e-20
5206.0 0.805515 1e-20
5208.0 0.803303 1e-20
5210.0 0.800881 1e-20
5212.0 0.764553 1e-20
5214.0 0.758535 1e-20
5216.0 0.839281 1e-20
5218.0 0.824414 1e-20
5220.0 0.799978 1e-20
5222.0 0.842888 1e-20
5224.0 0.793358 1e-20
5226.0 0.815311 1e-20
5228.0 0.864048 1e-20
5230.0 0.801572 1e-20
5232.0 0.840657 1e-20
5234.0 0.872285 1e-20
5236.0 0.833352 1e-20
5238.0 0.896712 1e-20
5240.0 0.841147 1e-20
5242.0 0.823193 1e-20
5244.0 0.816462 1e-20
5246.0 0.8356 1e-20
5248.0 0.815107 1e-20
5250.0 0.87056 1e-20
5252.0 0.795287 1e-20
5254.0 0.837675 1e-20
5256.0 0.869064 1e-20
5258.0 0.794132 1e-20
5260.0 0.840408 1e-20
5262.0 0.867633 1e-20
5264.0 0.832957 1e-20
5266.0 0.8724 1e-20
5268.0 0.846142 1e-20
5270.0 0.828486 1e-20
5272.0 0.824031 1e-20
5274.0 0.836502 1e-20
5276.0 0.820714 1e-20
5278.0 0.841319 1e-20
5280.0 0.823017 1e-20
5282.0 0.80434 1e-20
5284.0 0.831399 1e-20
5286.0 0.792896 1e-20
5288.0 0.820709 1e-20
5290.0 0.834849 1e-20
5292.0 0.816376 1e-20
5294.0 0.796792 1e-20
5296.0 0.787492 1e-20
5298.0 0.82672 1e-20
5300.0 0.811374 1e-20
5302.0 0.795303 1e-20
5304.0 0.823959 1e-20
5306.0 0.766448 1e-20
5308.0 0.785011 1e-20
5310.0 0.817102 1e-20
5312.0 0.828404 1e-20
5314.0 0.840058 1e-20
5316.0 0.854159 1e-20
5318.0 0.836679 1e-20
5320.0 0.822446 1e-20
5322.0 0.852144 1e-20
5324.0 0.826737 1e-20
5326.0 0.825677 1e-20
5328.0 0.82601 1e-20
5330.0 0.875639 1e-20
5332.0 0.85572 1e-20
5334.0 0.803693 1e-20
5336.0 0.869882 1e-20
5338.0 0.85959 1e-20
5340.0 0.816858 1e-20
5342.0 0.818226 1e-20
5344.0 0.802061 1e-20
5346.0 0.824744 1e-20
5348.0 0.838915 1e-20
5350.0 0.824005 1e-20
5352.0 0.825237 1e-20
5354.0 0.797435 1e-20
5356.0 0.833984 1e-20
5358.0 0.841302 1e-20
5360.0 0.796667 1e-20
5362.0 0.808516 1e-20
5364.0 0.824716 1e-20
5366.0 0.798519 1e-20
5368.0 0.788498 1e-20
5370.0 0.818735 1e-20
5372.0 0.79233 1e-20
5374.0 0.798731 1e-20
5376.0 0.740132 1e-20
5378.0 0.74524 1e-20
5380.0 0.727254 1e-20
5382.0 0.725724 1e-20
5384.0 0.756074 1e-20
5386.0 0.718627 1e-20
5388.0 0.690906 1e-20
5390.0 0.687966 1e-20
5392.0 0.6924 1e-20
5394.0 0.657675 1e-20
5396.0 0.606774 1e-20
5398.0 0.622677 1e-20
5400.0 0.640294 1e-20
5402.0 0.632606 1e-20
5404.0 0.643599 1e-20
5406.0 0.593222 1e-20
5408.0 0.638756 1e-20
5410.0 0.662175 1e-20
5412.0 0.64997 1e-20
5414.0 0.62497 1e-20
5416.0 0.622842 1e-20
5418.0 0.572298 1e-20
5420.0 0.58326 1e-20
5422.0 0.552288 1e-20
5424.0 0.605258 1e-20
5426.0 0.576263 1e-20
5428.0 0.591685 1e-20
5430.0 0.564746 1e-20
5432.0 0.57762 1e-20
5434.0 0.629853 1e-20
5436.0 0.537346 1e-20
5438.0 0.562707 1e-20
5440.0 0.586766 1e-20
5442.0 0.594464 1e-20
5444.0 0.558369 1e-20
5446.0 0.576643 1e-20
5448.0 0.56164 1e-20
5450.0 0.595469 1e-20
5452.0 0.565507 1e-20
5454.0 0.549578 1e-20
5456.0 0.63311 1e-20
5458.0 0.658266 1e-20
5460.0 0.611544 1e-20
5462.0 0.63467 1e-20
5464.0 0.586685 1e-20
5466.0 0.570356 1e-20
5468.0 0.579322 1e-20
5470.0 0.572201 1e-20
5472.0 0.58051 1e-20
5474.0 0.604648 1e-20
5476.0 0.60439 1e-20
5478.0 0.621675 1e-20
5480.0 0.575255 1e-20
5482.0 0.523298 1e-20
5484.0 0.549601 1e-20
5486.0 0.628047 1e-20
5488.0 0.627378 1e-20
5490.0 0.609937 1e-20
5492.0 0.580129 1e-20
5494.0 0.584734 1e-20
5496.0 0.608683 1e-20
5498.0 0.594509 1e-20
5500.0 0.594872 1e-20
5502.0 0.591271 1e-20
5504.0 0.665049 1e-20
5506.0 0.653369 1e-20
5508.0 0.608252 1e-20
5510.0 0.578037 1e-20
5512.0 0.579647 1e-20
5514.0 0.623486 1e-20
5516.0 0.613721 1e-20
5518.0 0.617832 1e-20
5520.0 0.590076 1e-20
5522.0 0.554621 1e-20
5524.0 0.557425 1e-20
5526.0 0.595291 1e-20
5528.0 0.609834 1e-20
5530.0 0.617377 1e-20
5532.0 0.604485 1e-20
5534.0 0.604846 1e-20
5536.0 0.639857 1e-20
5538.0 0.652767 1e-20
5540.0 0.605582 1e-20
5542.0 0.567997 1e-20
5544.0 0.57724 1e-20
5546.0 0.606285 1e-20
5548.0 0.60024 1e-20
5550.0 0.580504 1e-20
5552.0 0.585555 1e-20
5554.0 0.604815 1e-20
5556.0 0.5876 1e-20
5558.0 0.606502 1e-20
5560.0 0.589485 1e-20
5562.0 0.580359 1e-20
5564.0 0.578016 1e-20
5566.0 0.574828 1e-20
5568.0 0.580422 1e-20
5570.0 0.604284 1e-20
5572.0 0.577648 1e-20
5574.0 0.559411 1e-20
5576.0 0.547729 1e-20
5578.0 0.514272 1e-20
5580.0 0.524302 1e-20
5582.0 0.592664 1e-20
5584.0 0.550072 1e-20
5586.0 0.501601 1e-20
5588.0 0.492068 1e-20
5590.0 0.54967 1e-20
5592.0 0.586697 1e-20
5594.0 0.568899 1e-20
5596.0 0.529927 1e-20
5598.0 0.478718 1e-20
5600.0 0.485547 1e-20
5602.0 0.495923 1e-20
5604.0 0.514579 1e-20
5606.0 0.523657 1e-20
5608.0 0.522841 1e-20
5610.0 0.529358 1e-20
5612.0 0.541873 1e-20
5614.0 0.528466 1e-20
5616.0 0.485722 1e-20
5618.0 0.493516 1e-20
5620.0 0.513123 1e-20
5622.0 0.524316 1e-20
5624.0 0.542886 1e-20
5626.0 0.531947 1e-20
5628.0 0.521283 1e-20
5630.0 0.503286 1e-20
5632.0 0.51466 1e-20
5634.0 0.553244 1e-20
5636.0 0.567688 1e-20
5638.0 0.534856 1e-20
5640.0 0.533664 1e-20
5642.0 0.560658 1e-20
5644.0 0.561839 1e-20
5646.0 0.559339 1e-20
5648.0 0.564529 1e-20
5650.0 0.559384 1e-20
5652.0 0.538911 1e-20
5654.0 0.558929 1e-20
5656.0 0.596492 1e-20
5658.0 0.610879 1e-20
5660.0 0.622562 1e-20
5662.0 0.609321 1e-20
5664.0 0.578737 1e-20
5666.0 0.571283 1e-20
5668.0 0.578734 1e-20
5670.0 0.604446 1e-20
5672.0 0.633616 1e-20
5674.0 0.681101 1e-20
5676.0 0.665131 1e-20
5678.0 0.59581 1e-20
5680.0 0.587271 1e-20
5682.0 0.639781 1e-20
5684.0 0.679053 1e-20
5686.0 0.709159 1e-20
5688.0 0.649951 1e-20
5690.0 0.592494 1e-20
5692.0 0.612709 1e-20
5694.0 0.659045 1e-20
5696.0 0.6761 1e-20
5698.0 0.669931 1e-20
5700.0 0.679523 1e-20
5702.0 0.672043 1e-20
5704.0 0.640387 1e-20
5706.0 0.61058 1e-20
5708.0 0.611728 1e-20
5710.0 0.64308 1e-20
5712.0 0.624989 1e-20
5714.0 0.643728 1e-20
5716.0 0.631558 1e-20
5718.0 0.630523 1e-20
5720.0 0.671702 1e-20
5722.0 0.691572 1e-20
5724.0 0.655964 1e-20
5726.0 0.657133 1e-20
5728.0 0.636521 1e-20
5730.0 0.617474 1e-20
5732.0 0.596562 1e-20
5734.0 0.59229 1e-20
5736.0 0.636344 1e-20
5738.0 0.646477 1e-20
5740.0 0.607906 1e-20
5742.0 0.606674 1e-20
5744.0 0.596684 1e-20
5746.0 0.604481 1e-20
5748.0 0.632504 1e-20
5750.0 0.618762 1e-20
5752.0 0.622144 1e-20
5754.0 0.66164 1e-20
5756.0 0.658017 1e-20
5758.0 0.625993 1e-20
5760.0 0.613405 1e-20
5762.0 0.637162 1e-20
5764.0 0.663935 1e-20
5766.0 0.659409 1e-20
5768.0 0.66202 1e-20
5770.0 0.645152 1e-20
5772.0 0.649535 1e-20
5774.0 0.655581 1e-20
5776.0 0.640166 1e-20
5778.0 0.637472 1e-20
5780.0 0.665592 1e-20
5782.0 0.663537 1e-20
5784.0 0.659493 1e-20
5786.0 0.662166 1e-20
5788.0 0.695429 1e-20
5790.0 0.713832 1e-20
5792.0 0.641673 1e-20
5794.0 0.694615 1e-20
5796.0 0.680598 1e-20
5798.0 0.652511 1e-20
5800.0 0.660287 1e-20
5802.0 0.666749 1e-20
5804.0 0.640255 1e-20
5806.0 0.634208 1e-20
5808.0 0.657368 1e-20
5810.0 0.676129 1e-20
5812.0 0.701101 1e-20
5814.0 0.67993 1e-20
5816.0 0.645956 1e-20
5818.0 0.665923 1e-20
5820.0 0.720188 1e-20
5822.0 0.694402 1e-20
5824.0 0.692013 1e-20
5826.0 0.675972 1e-20
5828.0 0.662635 1e-20
5830.0 0.665689 1e-20
5832.0 0.674664 1e-20
5834.0 0.670442 1e-20
5836.0 0.657265 1e-20
5838.0 0.668699 1e-20
5840.0 0.681396 1e-20
5842.0 0.708452 1e-20
5844.0 0.728441 1e-20
5846.0 0.713627 1e-20
5848.0 0.686895 1e-20
5850.0 0.684644 1e-20
5852.0 0.689519 1e-20
5854.0 0.694435 1e-20
5856.0 0.660895 1e-20
5858.0 0.647216 1e-20
5860.0 0.699283 1e-20
5862.0 0.716494 1e-20
5864.0 0.671725 1e-20
5866.0 0.654313 1e-20
5868.0 0.693118 1e-20
5870.0 0.728901 1e-20
5872.0 0.713595 1e-20
5874.0 0.677542 1e-20
5876.0 0.694788 1e-20
5878.0 0.701751 1e-20
5880.0 0.665953 1e-20
5882.0 0.644194 1e-20
5884.0 0.601708 1e-20
5886.0 0.551887 1e-20
5888.0 0.586769 1e-20
5890.0 0.736841 1e-20
5892.0 0.592431 1e-20
5894.0 0.500934 1e-20
5896.0 0.569947 1e-20
5898.0 0.651579 1e-20
5900.0 0.657086 1e-20
5902.0 0.633523 1e-20
5904.0 0.607301 1e-20
5906.0 0.57641 1e-20
5908.0 0.580855 1e-20
5910.0 0.569839 1e-20
5912.0 0.55915 1e-20
5914.0 0.564521 1e-20
5916.0 0.572987 1e-20
5918.0 0.574009 1e-20
5920.0 0.567971 1e-20
5922.0 0.54778 1e-20
5924.0 0.526115 1e-20
5926.0 0.540202 1e-20
5928.0 0.571831 1e-20
5930.0 0.573999 1e-20
5932.0 0.566052 1e-20
5934.0 0.566779 1e-20
5936.0 0.560639 1e-20
5938.0 0.553119 1e-20
5940.0 0.559381 1e-20
5942.0 0.561953 1e-20
5944.0 0.538696 1e-20
5946.0 0.530448 1e-20
5948.0 0.586536 1e-20
5950.0 0.581797 1e-20
5952.0 0.563224 1e-20
5954.0 0.549988 1e-20
5956.0 0.561499 1e-20
5958.0 0.604618 1e-20
5960.0 0.615726 1e-20
5962.0 0.575721 1e-20
5964.0 0.585839 1e-20
5966.0 0.609741 1e-20
5968.0 0.573559 1e-20
5970.0 0.54147 1e-20
5972.0 0.613379 1e-20
5974.0 0.633889 1e-20
5976.0 0.58172 1e-20
5978.0 0.570115 1e-20
5980.0 0.572346 1e-20
5982.0 0.576422 1e-20
5984.0 0.578206 1e-20
5986.0 0.580104 1e-20
5988.0 0.617888 1e-20
5990.0 0.615967 1e-20
5992.0 0.612442 1e-20
5994.0 0.609304 1e-20
5996.0 0.600405 1e-20
5998.0 0.591684 1e-20
6000.0 0.590192 1e-20
6002.0 0.571455 1e-20
6004.0 0.604402 1e-20
6006.0 0.600339 1e-20
6008.0 0.601699 1e-20
6010.0 0.61644 1e-20
6012.0 0.621956 1e-20
6014.0 0.605196 1e-20
6016.0 0.573927 1e-20
6018.0 0.574638 1e-20
6020.0 0.598432 1e-20
6022.0 0.574659 1e-20
6024.0 0.563422 1e-20
6026.0 0.588263 1e-20
6028.0 0.572591 1e-20
6030.0 0.55959 1e-20
6032.0 0.566652 1e-20
6034.0 0.583241 1e-20
6036.0 0.610411 1e-20
6038.0 0.629125 1e-20
6040.0 0.62609 1e-20
6042.0 0.608766 1e-20
6044.0 0.575842 1e-20
6046.0 0.55623 1e-20
6048.0 0.565456 1e-20
6050.0 0.581089 1e-20
6052.0 0.60798 1e-20
6054.0 0.634585 1e-20
6056.0 0.621676 1e-20
6058.0 0.596278 1e-20
6060.0 0.601913 1e-20
6062.0 0.609749 1e-20
6064.0 0.610941 1e-20
6066.0 0.613712 1e-20
6068.0 0.616131 1e-20
6070.0 0.606594 1e-20
6072.0 0.62156 1e-20
6074.0 0.621566 1e-20
6076.0 0.59383 1e-20
6078.0 0.583954 1e-20
6080.0 0.596525 1e-20
6082.0 0.599278 1e-20
6084.0 0.583706 1e-20
6086.0 0.615594 1e-20
6088.0 0.605622 1e-20
6090.0 0.607181 1e-20
6092.0 0.595024 1e-20
6094.0 0.596965 1e-20
6096.0 0.622747 1e-20
6098.0 0.610632 1e-20
6100.0 0.593667 1e-20
6102.0 0.606155 1e-20
6104.0 0.623262 1e-20
6106.0 0.604649 1e-20
6108.0 0.570158 1e-20
6110.0 0.556357 1e-20
6112.0 0.563498 1e-20
6114.0 0.632659 1e-20
6116.0 0.634161 1e-20
6118.0 0.597203 1e-20
6120.0 0.571751 1e-20
6122.0 0.577804 1e-20
6124.0 0.5867 1e-20
6126.0 0.561543 1e-20
6128.0 0.556719 1e-20
6130.0 0.576743 1e-20
6132.0 0.598686 1e-20
6134.0 0.584332 1e-20
6136.0 0.567428 1e-20
6138.0 0.578625 1e-20
6140.0 0.568623 1e-20
6142.0 0.56952 1e-20
6144.0 0.58467 1e-20
6146.0 0.569514 1e-20
6148.0 0.576534 1e-20
6150.0 0.583573 1e-20
6152.0 0.559646 1e-20
6154.0 0.572954 1e-20
6156.0 0.550288 1e-20
6158.0 0.557251 1e-20
6160.0 0.56636 1e-20
6162.0 0.568331 1e-20
6164.0 0.566065 1e-20
6166.0 0.563687 1e-20
6168.0 0.561359 1e-20
6170.0 0.564371 1e-20
6172.0 0.548643 1e-20
6174.0 0.558228 1e-20
6176.0 0.563332 1e-20
6178.0 0.544584 1e-20
6180.0 0.520796 1e-20
6182.0 0.514245 1e-20
6184.0 0.537191 1e-20
6186.0 0.512251 1e-20
6188.0 0.512489 1e-20
6190.0 0.5235 1e-20
6192.0 0.510294 1e-20
6194.0 0.48908 1e-20
6196.0 0.517975 1e-20
6198.0 0.518627 1e-20
6200.0 0.518307 1e-20
6202.0 0.483204 1e-20
6204.0 0.469911 1e-20
6206.0 0.493827 1e-20
6208.0 0.510556 1e-20
6210.0 0.50386 1e-20
6212.0 0.453512 1e-20
6214.0 0.448047 1e-20
6216.0 0.485732 1e-20
6218.0 0.497202 1e-20
6220.0 0.480575 1e-20
6222.0 0.481627 1e-20
6224.0 0.469654 1e-20
6226.0 0.454118 1e-20
6228.0 0.460071 1e-20
6230.0 0.437959 1e-20
6232.0 0.414391 1e-20
6234.0 0.424551 1e-20
6236.0 0.442248 1e-20
6238.0 0.396324 1e-20
6240.0 0.395849 1e-20
6242.0 0.369469 1e-20
6244.0 0.368592 1e-20
6246.0 0.38692 1e-20
6248.0 0.396222 1e-20
6250.0 0.388281 1e-20
6252.0 0.372304 1e-20
6254.0 0.365917 1e-20
6256.0 0.346409 1e-20
6258.0 0.360028 1e-20
6260.0 0.368689 1e-20
6262.0 0.345832 1e-20
6264.0 0.322888 1e-20
6266.0 0.321766 1e-20
6268.0 0.325286 1e-20
6270.0 0.320683 1e-20
6272.0 0.344339 1e-20
6274.0 0.346076 1e-20
6276.0 0.307334 1e-20
6278.0 0.283992 1e-20
6280.0 0.298784 1e-20
6282.0 0.309217 1e-20
6284.0 0.286406 1e-20
6286.0 0.278966 1e-20
6288.0 0.29092 1e-20
6290.0 0.289575 1e-20
6292.0 0.268542 1e-20
6294.0 0.292934 1e-20
6296.0 0.315151 1e-20
6298.0 0.291286 1e-20
6300.0 0.264832 1e-20
6302.0 0.280908 1e-20
6304.0 0.30512 1e-20
6306.0 0.275585 1e-20
6308.0 0.265224 1e-20
6310.0 0.300486 1e-20
6312.0 0.291569 1e-20
6314.0 0.264718 1e-20
6316.0 0.263177 1e-20
6318.0 0.276526 1e-20
6320.0 0.263563 1e-20
6322.0 0.261472 1e-20
6324.0 0.280651 1e-20
6326.0 0.293343 1e-20
6328.0 0.300635 1e-20
6330.0 0.284674 1e-20
6332.0 0.257917 1e-20
6334.0 0.26436 1e-20
6336.0 0.282435 1e-20
6338.0 0.276165 1e-20
6340.0 0.269015 1e-20
6342.0 0.278851 1e-20
6344.0 0.298805 1e-20
6346.0 0.310325 1e-20
6348.0 0.304769 1e-20
6350.0 0.288762 1e-20
6352.0 0.295859 1e-20
6354.0 0.311416 1e-20
6356.0 0.305764 1e-20
6358.0 0.296118 1e-20
6360.0 0.303355 1e-20
6362.0 0.314106 1e-20
6364.0 0.329305 1e-20
6366.0 0.343395 1e-20
6368.0 0.327602 1e-20
6370.0 0.323597 1e-20
6372.0 0.345405 1e-20
6374.0 0.3687 1e-20
6376.0 0.370975 1e-20
6378.0 0.368576 1e-20
6380.0 0.362576 1e-20
6382.0 0.365512 1e-20
6384.0 0.377239 1e-20
6386.0 0.386797 1e-20
6388.0 0.386623 1e-20
6390.0 0.381973 1e-20
6392.0 0.380766 1e-20
6394.0 0.394786 1e-20
6396.0 0.413582 1e-20
6398.0 0.42521 1e-20
6400.0 0.432644 1e-20
6402.0 0.438425 1e-20
6404.0 0.433781 1e-20
6406.0 0.431087 1e-20
6408.0 0.420182 1e-20
6410.0 0.424201 1e-20
6412.0 0.434993 1e-20
6414.0 0.450928 1e-20
6416.0 0.465293 1e-20
6418.0 0.456214 1e-20
6420.0 0.441716 1e-20
6422.0 0.463213 1e-20
6424.0 0.464722 1e-20
6426.0 0.451825 1e-20
6428.0 0.446837 1e-20
6430.0 0.454189 1e-20
6432.0 0.459854 1e-20
6434.0 0.472592 1e-20
6436.0 0.47214 1e-20
6438.0 0.487845 1e-20
6440.0 0.497072 1e-20
6442.0 0.500388 1e-20
6444.0 0.513085 1e-20
6446.0 0.51974 1e-20
6448.0 0.493261 1e-20
6450.0 0.512071 1e-20
6452.0 0.507321 1e-20
6454.0 0.50277 1e-20
6456.0 0.509963 1e-20
6458.0 0.521052 1e-20
6460.0 0.549071 1e-20
6462.0 0.546133 1e-20
6464.0 0.541655 1e-20
6466.0 0.516442 1e-20
6468.0 0.52513 1e-20
6470.0 0.546245 1e-20
6472.0 0.537984 1e-20
6474.0 0.557003 1e-20
6476.0 0.543672 1e-20
6478.0 0.532983 1e-20
6480.0 0.546107 1e-20
6482.0 0.562928 1e-20
6484.0 0.554637 1e-20
6486.0 0.538981 1e-20
6488.0 0.577805 1e-20
6490.0 0.56592 1e-20
6492.0 0.557242 1e-20
6494.0 0.557973 1e-20
6496.0 0.574288 1e-20
6498.0 0.590021 1e-20
6500.0 0.585457 1e-20
6502.0 0.57311 1e-20
6504.0 0.565362 1e-20
6506.0 0.567336 1e-20
6508.0 0.580761 1e-20
6510.0 0.593685 1e-20
6512.0 0.589151 1e-20
6514.0 0.573205 1e-20
6516.0 0.581117 1e-20
6518.0 0.537068 1e-20
6520.0 0.537421 1e-20
6522.0 0.549538 1e-20
6524.0 0.571933 1e-20
6526.0 0.599496 1e-20
6528.0 0.607543 1e-20
6530.0 0.5841 1e-20
6532.0 0.587631 1e-20
6534.0 0.592746 1e-20
6536.0 0.598443 1e-20
6538.0 0.582394 1e-20
6540.0 0.564322 1e-20
6542.0 0.576815 1e-20
6544.0 0.574927 1e-20
6546.0 0.578773 1e-20
6548.0 0.553599 1e-20
6550.0 0.571717 1e-20
6552.0 0.60331 1e-20
6554.0 0.603779 1e-20
6556.0 0.586063 1e-20
6558.0 0.584884 1e-20
6560.0 0.534956 1e-20
6562.0 0.557793 1e-20
6564.0 0.575415 1e-20
6566.0 0.569531 1e-20
6568.0 0.557636 1e-20
6570.0 0.547022 1e-20
6572.0 0.543198 1e-20
6574.0 0.566982 1e-20
6576.0 0.599078 1e-20
6578.0 0.600883 1e-20
6580.0 0.577033 1e-20
6582.0 0.556413 1e-20
6584.0 0.551398 1e-20
6586.0 0.540791 1e-20
6588.0 0.562576 1e-20
6590.0 0.56798 1e-20
6592.0 0.555283 1e-20
6594.0 0.547582 1e-20
6596.0 0.551604 1e-20
6598.0 0.553064 1e-20
6600.0 0.558746 1e-20
6602.0 0.540109 1e-20
6604.0 0.554672 1e-20
6606.0 0.563478 1e-20
6608.0 0.546772 1e-20
6610.0 0.528325 1e-20
6612.0 0.533377 1e-20
6614.0 0.524445 1e-20
6616.0 0.536145 1e-20
6618.0 0.549768 1e-20
6620.0 0.547412 1e-20
6622.0 0.545439 1e-20
6624.0 0.547723 1e-20
6626.0 0.533184 1e-20
6628.0 0.522892 1e-20
6630.0 0.542465 1e-20
6632.0 0.539881 1e-20
6634.0 0.525035 1e-20
6636.0 0.508344 1e-20
6638.0 0.504495 1e-20
6640.0 0.529419 1e-20
6642.0 0.560639 1e-20
6644.0 0.531218 1e-20
6646.0 0.524612 1e-20
6648.0 0.536204 1e-20
6650.0 0.535381 1e-20
6652.0 0.523735 1e-20
6654.0 0.531314 1e-20
6656.0 0.530303 1e-20
6658.0 0.537581 1e-20
6660.0 0.532517 1e-20
6662.0 0.535125 1e-20
6664.0 0.546536 1e-20
6666.0 0.543513 1e-20
6668.0 0.513749 1e-20
6670.0 0.502028 1e-20
6672.0 0.501221 1e-20
6674.0 0.508817 1e-20
6676.0 0.504629 1e-20
6678.0 0.484217 1e-20
6680.0 0.475375 1e-20
6682.0 0.507766 1e-20
6684.0 0.533643 1e-20
6686.0 0.512915 1e-20
6688.0 0.492898 1e-20
6690.0 0.489396 1e-20
6692.0 0.496085 1e-20
6694.0 0.49951 1e-20
6696.0 0.495151 1e-20
6698.0 0.497588 1e-20
6700.0 0.492395 1e-20
6702.0 0.48824 1e-20
6704.0 0.494628 1e-20
6706.0 0.512121 1e-20
6708.0 0.520152 1e-20
6710.0 0.495859 1e-20
6712.0 0.490293 1e-20
6714.0 0.509227 1e-20
6716.0 0.497189 1e-20
6718.0 0.512101 1e-20
6720.0 0.521393 1e-20
6722.0 0.487054 1e-20
6724.0 0.483776 1e-20
6726.0 0.464176 1e-20
6728.0 0.462008 1e-20
6730.0 0.474769 1e-20
6732.0 0.502496 1e-20
6734.0 0.50816 1e-20
6736.0 0.484824 1e-20
6738.0 0.496002 1e-20
6740.0 0.489973 1e-20
6742.0 0.497279 1e-20
6744.0 0.483146 1e-20
6746.0 0.47539 1e-20
6748.0 0.47954 1e-20
6750.0 0.477147 1e-20
6752.0 0.470797 1e-20
6754.0 0.459273 1e-20
6756.0 0.474804 1e-20
6758.0 0.484108 1e-20
6760.0 0.470486 1e-20
6762.0 0.452339 1e-20
6764.0 0.454655 1e-20
6766.0 0.470649 1e-20
6768.0 0.479775 1e-20
6770.0 0.458883 1e-20
6772.0 0.450844 1e-20
6774.0 0.465969 1e-20
6776.0 0.480077 1e-20
6778.0 0.472835 1e-20
6780.0 0.46006 1e-20
6782.0 0.446276 1e-20
6784.0 0.438353 1e-20
6786.0 0.4432 1e-20
6788.0 0.449604 1e-20
6790.0 0.450102 1e-20
6792.0 0.44871 1e-20
6794.0 0.450242 1e-20
6796.0 0.447764 1e-20
6798.0 0.466698 1e-20
6800.0 0.477259 1e-20
6802.0 0.454167 1e-20
6804.0 0.423515 1e-20
6806.0 0.428702 1e-20
6808.0 0.457753 1e-20
6810.0 0.469809 1e-20
6812.0 0.450231 1e-20
6814.0 0.430642 1e-20
6816.0 0.432805 1e-20
6818.0 0.445699 1e-20
6820.0 0.446621 1e-20
6822.0 0.439361 1e-20
6824.0 0.42229 1e-20
6826.0 0.420216 1e-20
6828.0 0.428564 1e-20
6830.0 0.424488 1e-20
6832.0 0.417353 1e-20
6834.0 0.432375 1e-20
6836.0 0.446747 1e-20
6838.0 0.43447 1e-20
6840.0 0.426967 1e-20
6842.0 0.405923 1e-20
6844.0 0.400193 1e-20
6846.0 0.42793 1e-20
6848.0 0.457064 1e-20
6850.0 0.437898 1e-20
6852.0 0.426041 1e-20
6854.0 0.432305 1e-20
6856.0 0.420744 1e-20
6858.0 0.41142 1e-20
6860.0 0.414011 1e-20
6862.0 0.410804 1e-20
6864.0 0.420315 1e-20
6866.0 0.411517 1e-20
6868.0 0.434611 1e-20
6870.0 0.449348 1e-20
6872.0 0.444273 1e-20
6874.0 0.436377 1e-20
6876.0 0.438399 1e-20
6878.0 0.437429 1e-20
6880.0 0.420916 1e-20
6882.0 0.405429 1e-20
6884.0 0.411457 1e-20
6886.0 0.427063 1e-20
6888.0 0.43582 1e-20
6890.0 0.435124 1e-20
6892.0 0.418483 1e-20
6894.0 0.400055 1e-20
6896.0 0.40879 1e-20
6898.0 0.418123 1e-20
6900.0 0.418614 1e-20
6902.0 0.423936 1e-20
6904.0 0.439083 1e-20
6906.0 0.426863 1e-20
6908.0 0.421191 1e-20
6910.0 0.414358 1e-20
6912.0 0.40854 1e-20
6914.0 0.408507 1e-20
6916.0 0.412852 1e-20
6918.0 0.414239 1e-20
6920.0 0.411538 1e-20
6922.0 0.396926 1e-20
6924.0 0.396857 1e-20
6926.0 0.396107 1e-20
6928.0 0.397307 1e-20
6930.0 0.406059 1e-20
6932.0 0.412187 1e-20
6934.0 0.408302 1e-20
6936.0 0.381333 1e-20
6938.0 0.379944 1e-20
6940.0 0.373836 1e-20
6942.0 0.369817 1e-20
6944.0 0.385511 1e-20
6946.0 0.405482 1e-20
6948.0 0.409436 1e-20
6950.0 0.380659 1e-20
6952.0 0.370932 1e-20
6954.0 0.384175 1e-20
6956.0 0.391632 1e-20
6958.0 0.387841 1e-20
6960.0 0.399769 1e-20
6962.0 0.399565 1e-20
6964.0 0.385588 1e-20
6966.0 0.383496 1e-20
6968.0 0.386124 1e-20
6970.0 0.382967 1e-20
6972.0 0.379157 1e-20
6974.0 0.385086 1e-20
6976.0 0.372662 1e-20
6978.0 0.346959 1e-20
6980.0 0.35429 1e-20
6982.0 0.377533 1e-20
6984.0 0.386714 1e-20
6986.0 0.373595 1e-20
6988.0 0.35684 1e-20
6990.0 0.360165 1e-20
6992.0 0.372189 1e-20
6994.0 0.373792 1e-20
6996.0 0.371909 1e-20
6998.0 0.373718 1e-20
7000.0 0.377404 1e-20
7002.0 0.377903 1e-20
7004.0 0.376213 1e-20
7006.0 0.376136 1e-20
7008.0 0.361251 1e-20
7010.0 0.359887 1e-20
7012.0 0.379726 1e-20
7014.0 0.388745 1e-20
7016.0 0.357294 1e-20
7018.0 0.349258 1e-20
7020.0 0.365578 1e-20
7022.0 0.377881 1e-20
7024.0 0.372716 1e-20
7026.0 0.362898 1e-20
7028.0 0.362759 1e-20
7030.0 0.365479 1e-20
7032.0 0.376755 1e-20
7034.0 0.365707 1e-20
7036.0 0.387957 1e-20
7038.0 0.390761 1e-20
7040.0 0.369792 1e-20
7042.0 0.361787 1e-20
7044.0 0.358539 1e-20
7046.0 0.372293 1e-20
7048.0 0.36528 1e-20
7050.0 0.369527 1e-20
7052.0 0.372346 1e-20
7054.0 0.358311 1e-20
7056.0 0.341693 1e-20
7058.0 0.353347 1e-20
7060.0 0.355351 1e-20
7062.0 0.359851 1e-20
7064.0 0.377197 1e-20
7066.0 0.37328 1e-20
7068.0 0.35208 1e-20
7070.0 0.351037 1e-20
7072.0 0.375364 1e-20
7074.0 0.392877 1e-20
7076.0 0.384156 1e-20
7078.0 0.366322 1e-20
7080.0 0.355115 1e-20
7082.0 0.355538 1e-20
7084.0 0.354667 1e-20
7086.0 0.331816 1e-20
7088.0 0.330451 1e-20
7090.0 0.33816 1e-20
7092.0 0.348418 1e-20
7094.0 0.357913 1e-20
7096.0 0.359787 1e-20
7098.0 0.354817 1e-20
7100.0 0.36012 1e-20
7102.0 0.340587 1e-20
7104.0 0.348059 1e-20
7106.0 0.362524 1e-20
7108.0 0.35415 1e-20
7110.0 0.341556 1e-20
7112.0 0.358148 1e-20
7114.0 0.372695 1e-20
7116.0 0.351735 1e-20
7118.0 0.344716 1e-20
7120.0 0.359318 1e-20
7122.0 0.357885 1e-20
7124.0 0.341571 1e-20
7126.0 0.343319 1e-20
7128.0 0.346723 1e-20
7130.0 0.371105 1e-20
7132.0 0.346109 1e-20
7134.0 0.327399 1e-20
7136.0 0.333487 1e-20
7138.0 0.351576 1e-20
7140.0 0.362782 1e-20
7142.0 0.353073 1e-20
7144.0 0.346926 1e-20
7146.0 0.371701 1e-20
7148.0 0.368349 1e-20
7150.0 0.349138 1e-20
7152.0 0.344145 1e-20
7154.0 0.347314 1e-20
7156.0 0.334121 1e-20
7158.0 0.354035 1e-20
7160.0 0.352608 1e-20
7162.0 0.344137 1e-20
7164.0 0.351143 1e-20
7166.0 0.36183 1e-20
7168.0 0.349633 1e-20
7170.0 0.338401 1e-20
7172.0 0.352185 1e-20
7174.0 0.355276 1e-20
7176.0 0.35443 1e-20
7178.0 0.354686 1e-20
7180.0 0.35043 1e-20
7182.0 0.340474 1e-20
7184.0 0.348924 1e-20
7186.0 0.352401 1e-20
7188.0 0.339559 1e-20
7190.0 0.32773 1e-20
7192.0 0.332714 1e-20
7194.0 0.344972 1e-20
7196.0 0.341764 1e-20
7198.0 0.330062 1e-20
7200.0 0.328679 1e-20
7202.0 0.328233 1e-20
7204.0 0.326 1e-20
7206.0 0.326508 1e-20
7208.0 0.331151 1e-20
7210.0 0.33804 1e-20
7212.0 0.357548 1e-20
7214.0 0.360156 1e-20
7216.0 0.341138 1e-20
7218.0 0.340232 1e-20
7220.0 0.346615 1e-20
7222.0 0.337232 1e-20
7224.0 0.323817 1e-20
7226.0 0.32956 1e-20
7228.0 0.323416 1e-20
7230.0 0.325551 1e-20
7232.0 0.338888 1e-20
7234.0 0.358579 1e-20
7236.0 0.367418 1e-20
7238.0 0.351575 1e-20
7240.0 0.342666 1e-20
7242.0 0.339382 1e-20
7244.0 0.316343 1e-20
7246.0 0.312424 1e-20
7248.0 0.323067 1e-20
7250.0 0.326282 1e-20
7252.0 0.329374 1e-20
7254.0 0.34496 1e-20
7256.0 0.315924 1e-20
7258.0 0.328575 1e-20
7260.0 0.345116 1e-20
7262.0 0.334609 1e-20
7264.0 0.322475 1e-20
7266.0 0.343311 1e-20
7268.0 0.321456 1e-20
7270.0 0.335103 1e-20
7272.0 0.336057 1e-20
7274.0 0.351605 1e-20
7276.0 0.368226 1e-20
7278.0 0.355609 1e-20
7280.0 0.332638 1e-20
7282.0 0.369451 1e-20
7284.0 0.359431 1e-20
7286.0 0.33997 1e-20
7288.0 0.33593 1e-20
7290.0 0.32632 1e-20
7292.0 0.307876 1e-20
7294.0 0.327148 1e-20
7296.0 0.348551 1e-20
7298.0 0.34454 1e-20
7300.0 0.332172 1e-20
7302.0 0.328641 1e-20
7304.0 0.343152 1e-20
7306.0 0.352529 1e-20
7308.0 0.322246 1e-20
7310.0 0.335223 1e-20
7312.0 0.342358 1e-20
7314.0 0.340809 1e-20
7316.0 0.328296 1e-20
7318.0 0.313716 1e-20
7320.0 0.313908 1e-20
7322.0 0.334282 1e-20
7324.0 0.330989 1e-20
7326.0 0.319565 1e-20
7328.0 0.310716 1e-20
7330.0 0.304824 1e-20
7332.0 0.285379 1e-20
7334.0 0.255208 1e-20
7336.0 0.257593 1e-20
7338.0 0.306122 1e-20
7340.0 0.30638 1e-20
7342.0 0.30303 1e-20
7344.0 0.303738 1e-20
7346.0 0.304955 1e-20
7348.0 0.310619 1e-20
7350.0 0.326452 1e-20
7352.0 0.325364 1e-20
7354.0 0.327862 1e-20
7356.0 0.336818 1e-20
7358.0 0.332746 1e-20
7360.0 0.320702 1e-20
7362.0 0.320959 1e-20
7364.0 0.330574 1e-20
7366.0 0.345438 1e-20
7368.0 0.348917 1e-20
7370.0 0.341551 1e-20
7372.0 0.323061 1e-20
7374.0 0.308672 1e-20
7376.0 0.320322 1e-20
7378.0 0.355713 1e-20
7380.0 0.339731 1e-20
7382.0 0.327915 1e-20
7384.0 0.335682 1e-20
7386.0 0.335155 1e-20
7388.0 0.325767 1e-20
7390.0 0.323759 1e-20
7392.0 0.307026 1e-20
7394.0 0.304632 1e-20
7396.0 0.318966 1e-20
7398.0 0.324957 1e-20
7400.0 0.316654 1e-20
7402.0 0.305868 1e-20
7404.0 0.309672 1e-20
7406.0 0.334875 1e-20
7408.0 0.342838 1e-20
7410.0 0.348874 1e-20
7412.0 0.329946 1e-20
7414.0 0.305383 1e-20
7416.0 0.303811 1e-20
7418.0 0.324076 1e-20
7420.0 0.331081 1e-20
7422.0 0.308117 1e-20
7424.0 0.295835 1e-20
7426.0 0.308938 1e-20
7428.0 0.322141 1e-20
7430.0 0.315882 1e-20
7432.0 0.299801 1e-20
7434.0 0.293536 1e-20
7436.0 0.318855 1e-20
7438.0 0.314584 1e-20
7440.0 0.328623 1e-20
7442.0 0.343355 1e-20
7444.0 0.328643 1e-20
7446.0 0.296743 1e-20
7448.0 0.286912 1e-20
7450.0 0.287197 1e-20
7452.0 0.301608 1e-20
7454.0 0.30774 1e-20
7456.0 0.309225 1e-20
7458.0 0.310464 1e-20
7460.0 0.306425 1e-20
7462.0 0.30661 1e-20
7464.0 0.321916 1e-20
7466.0 0.32486 1e-20
7468.0 0.316926 1e-20
7470.0 0.300491 1e-20
7472.0 0.290281 1e-20
7474.0 0.299506 1e-20
7476.0 0.302428 1e-20
7478.0 0.310143 1e-20
7480.0 0.30671 1e-20
7482.0 0.314224 1e-20
7484.0 0.306988 1e-20
7486.0 0.284792 1e-20
7488.0 0.291434 1e-20
7490.0 0.318958 1e-20
7492.0 0.321435 1e-20
7494.0 0.293634 1e-20
7496.0 0.295017 1e-20
7498.0 0.298697 1e-20
7500.0 0.287038 1e-20
7502.0 0.296194 1e-20
7504.0 0.295656 1e-20
7506.0 0.291166 1e-20
7508.0 0.294559 1e-20
7510.0 0.291758 1e-20
7512.0 0.300051 1e-20
7514.0 0.308668 1e-20
7516.0 0.282413 1e-20
7518.0 0.286374 1e-20
7520.0 0.306169 1e-20
7522.0 0.303456 1e-20
7524.0 0.311074 1e-20
7526.0 0.309086 1e-20
7528.0 0.296447 1e-20
7530.0 0.313889 1e-20
7532.0 0.297011 1e-20
7534.0 0.28805 1e-20
7536.0 0.296972 1e-20
7538.0 0.286472 1e-20
7540.0 0.274287 1e-20
7542.0 0.288416 1e-20
7544.0 0.308169 1e-20
7546.0 0.295948 1e-20
7548.0 0.297056 1e-20
7550.0 0.295135 1e-20
7552.0 0.295441 1e-20
7554.0 0.297567 1e-20
7556.0 0.292332 1e-20
7558.0 0.27548 1e-20
7560.0 0.265243 1e-20
7562.0 0.289686 1e-20
7564.0 0.292079 1e-20
7566.0 0.298996 1e-20
7568.0 0.300642 1e-20
7570.0 0.277798 1e-20
7572.0 0.258952 1e-20
7574.0 0.290589 1e-20
7576.0 0.29153 1e-20
7578.0 0.302425 1e-20
7580.0 0.305419 1e-20
7582.0 0.294332 1e-20
7584.0 0.285429 1e-20
7586.0 0.29287 1e-20
7588.0 0.311176 1e-20
7590.0 0.299067 1e-20
7592.0 0.313861 1e-20
7594.0 0.335357 1e-20
7596.0 0.323038 1e-20
7598.0 0.274299 1e-20
7600.0 0.243834 1e-20
7602.0 0.324409 1e-20
7604.0 0.153562 1e-20
7606.0 0.196979 1e-20
7608.0 0.264968 1e-20
7610.0 0.288449 1e-20
7612.0 0.332385 1e-20
7614.0 0.308476 1e-20
7616.0 0.292399 1e-20
7618.0 0.284976 1e-20
7620.0 0.270144 1e-20
7622.0 0.269322 1e-20
7624.0 0.289989 1e-20
7626.0 0.315933 1e-20
7628.0 0.331016 1e-20
7630.0 0.336591 1e-20
7632.0 0.305433 1e-20
7634.0 0.273568 1e-20
7636.0 0.2598 1e-20
7638.0 0.280031 1e-20
7640.0 0.312061 1e-20
7642.0 0.289722 1e-20
7644.0 0.267585 1e-20
7646.0 0.289108 1e-20
7648.0 0.299199 1e-20
7650.0 0.274448 1e-20
7652.0 0.252846 1e-20
7654.0 0.267531 1e-20
7656.0 0.275111 1e-20
7658.0 0.234182 1e-20
7660.0 0.215654 1e-20
7662.0 0.213508 1e-20
7664.0 0.23475 1e-20
7666.0 0.255377 1e-20
7668.0 0.243105 1e-20
7670.0 0.216271 1e-20
7672.0 0.243279 1e-20
7674.0 0.261552 1e-20
7676.0 0.265309 1e-20
7678.0 0.249634 1e-20
7680.0 0.233975 1e-20
7682.0 0.241967 1e-20
7684.0 0.259743 1e-20
7686.0 0.244594 1e-20
7688.0 0.260615 1e-20
7690.0 0.264857 1e-20
7692.0 0.260019 1e-20
7694.0 0.258117 1e-20
7696.0 0.254981 1e-20
7698.0 0.243488 1e-20
7700.0 0.239334 1e-20
7702.0 0.239968 1e-20
7704.0 0.243337 1e-20
7706.0 0.251406 1e-20
7708.0 0.252019 1e-20
7710.0 0.239102 1e-20
7712.0 0.24365 1e-20
7714.0 0.247485 1e-20
7716.0 0.228805 1e-20
7718.0 0.219739 1e-20
7720.0 0.225264 1e-20
7722.0 0.2234 1e-20
7724.0 0.207893 1e-20
7726.0 0.221014 1e-20
7728.0 0.233231 1e-20
7730.0 0.245617 1e-20
7732.0 0.263527 1e-20
7734.0 0.277981 1e-20
7736.0 0.27799 1e-20
7738.0 0.26212 1e-20
7740.0 0.238397 1e-20
7742.0 0.22895 1e-20
7744.0 0.233188 1e-20
7746.0 0.242028 1e-20
7748.0 0.229838 1e-20
7750.0 0.196363 1e-20
7752.0 0.176116 1e-20
7754.0 0.197669 1e-20
7756.0 0.232464 1e-20
7758.0 0.241928 1e-20
7760.0 0.227293 1e-20
7762.0 0.229578 1e-20
7764.0 0.252681 1e-20
7766.0 0.255574 1e-20
7768.0 0.237586 1e-20
7770.0 0.251779 1e-20
7772.0 0.258854 1e-20
7774.0 0.247528 1e-20
7776.0 0.240079 1e-20
7778.0 0.248584 1e-20
7780.0 0.25763 1e-20
7782.0 0.259354 1e-20
7784.0 0.23456 1e-20
7786.0 0.220141 1e-20
7788.0 0.228724 1e-20
7790.0 0.253554 1e-20
7792.0 0.282414 1e-20
7794.0 0.297881 1e-20
7796.0 0.261058 1e-20
7798.0 0.20564 1e-20
7800.0 0.191628 1e-20
7802.0 0.208209 1e-20
7804.0 0.219939 1e-20
7806.0 0.213474 1e-20
7808.0 0.209936 1e-20
7810.0 0.229376 1e-20
7812.0 0.233429 1e-20
7814.0 0.232096 1e-20
7816.0 0.218823 1e-20
7818.0 0.223736 1e-20
7820.0 0.264679 1e-20
7822.0 0.301899 1e-20
7824.0 0.264523 1e-20
7826.0 0.248151 1e-20
7828.0 0.260855 1e-20
7830.0 0.255952 1e-20
7832.0 0.241226 1e-20
7834.0 0.250211 1e-20
7836.0 0.274147 1e-20
7838.0 0.248337 1e-20
7840.0 0.223107 1e-20
7842.0 0.229856 1e-20
7844.0 0.247543 1e-20
7846.0 0.254662 1e-20
7848.0 0.246111 1e-20
7850.0 0.232275 1e-20
7852.0 0.242041 1e-20
7854.0 0.230142 1e-20
7856.0 0.227766 1e-20
7858.0 0.229555 1e-20
7860.0 0.226256 1e-20
7862.0 0.228998 1e-20
7864.0 0.252721 1e-20
7866.0 0.243985 1e-20
7868.0 0.244062 1e-20
7870.0 0.254501 1e-20
7872.0 0.263232 1e-20
7874.0 0.274264 1e-20
7876.0 0.285192 1e-20
7878.0 0.274433 1e-20
7880.0 0.260115 1e-20
7882.0 0.247912 1e-20
7884.0 0.248277 1e-20
7886.0 0.251646 1e-20
7888.0 0.248416 1e-20
7890.0 0.245561 1e-20
7892.0 0.2577 1e-20
7894.0 0.25919 1e-20
7896.0 0.259032 1e-20
7898.0 0.264631 1e-20
7900.0 0.256759 1e-20
7902.0 0.245231 1e-20
7904.0 0.250889 1e-20
7906.0 0.262342 1e-20
7908.0 0.244016 1e-20
7910.0 0.232957 1e-20
7912.0 0.255595 1e-20
7914.0 0.267078 1e-20
7916.0 0.254335 1e-20
7918.0 0.249118 1e-20
7920.0 0.268887 1e-20
7922.0 0.261597 1e-20
7924.0 0.252962 1e-20
7926.0 0.257332 1e-20
7928.0 0.253682 1e-20
7930.0 0.245816 1e-20
7932.0 0.249819 1e-20
7934.0 0.253973 1e-20
7936.0 0.260037 1e-20
7938.0 0.242285 1e-20
7940.0 0.238095 1e-20
7942.0 0.256474 1e-20
7944.0 0.273197 1e-20
7946.0 0.273446 1e-20
7948.0 0.281785 1e-20
7950.0 0.281761 1e-20
7952.0 0.259163 1e-20
7954.0 0.244124 1e-20
7956.0 0.245057 1e-20
7958.0 0.236458 1e-20
7960.0 0.223716 1e-20
7962.0 0.277686 1e-20
7964.0 0.315609 1e-20
7966.0 0.276269 1e-20
7968.0 0.246194 1e-20
7970.0 0.238692 1e-20
7972.0 0.242703 1e-20
7974.0 0.258019 1e-20
7976.0 0.282001 1e-20
7978.0 0.26704 1e-20
7980.0 0.248633 1e-20
7982.0 0.221419 1e-20
7984.0 0.21925 1e-20
7986.0 0.244403 1e-20
7988.0 0.253555 1e-20
7990.0 0.22127 1e-20
7992.0 0.256559 1e-20
7994.0 0.27934 1e-20
7996.0 0.250034 1e-20
7998.0 0.230638 1e-20
8000.0 0.239104 1e-20
