3775.4801 1.38655e-14 1e-20
3778.5019 1.38278e-14 1e-20
3781.5237 1.41727e-14 1e-20
3784.5455 1.45223e-14 1e-20
3787.5673 1.48128e-14 1e-20
3790.5891 1.52295e-14 1e-20
3793.6108 1.50366e-14 1e-20
3796.6326 1.54801e-14 1e-20
3799.6544 1.60066e-14 1e-20
3802.6762 1.62628e-14 1e-20
3805.698 1.71329e-14 1e-20
3808.7198 1.79289e-14 1e-20
3811.7416 1.84584e-14 1e-20
3814.7633 1.87337e-14 1e-20
3817.7851 1.92728e-14 1e-20
3820.8069 1.99989e-14 1e-20
3823.8287 2.06953e-14 1e-20
3826.8505 2.15779e-14 1e-20
3829.8723 2.26715e-14 1e-20
3832.894 2.33091e-14 1e-20
3835.9158 2.47489e-14 1e-20
3838.9376 2.54917e-14 1e-20
3841.9594 2.60789e-14 1e-20
3844.9812 2.74153e-14 1e-20
3848.003 2.89354e-14 1e-20
3851.0248 2.94562e-14 1e-20
3854.0465 3.04046e-14 1e-20
3857.0683 3.2604e-14 1e-20
3860.0901 3.24245e-14 1e-20
3863.1119 3.31986e-14 1e-20
3866.1337 3.35667e-14 1e-20
3869.1555 3.40752e-14 1e-20
3872.1773 3.49813e-14 1e-20
3875.199 3.55412e-14 1e-20
3878.2208 3.6869e-14 1e-20
3881.2426 3.60113e-14 1e-20
3884.2644 3.71597e-14 1e-20
3887.2862 3.77171e-14 1e-20
3890.308 3.81947e-14 1e-20
3893.3298 3.80468e-14 1e-20
3896.3515 3.88166e-14 1e-20
3899.3733 3.93899e-14 1e-20
3902.3951 3.84301e-14 1e-20
3905.4169 3.8556e-14 1e-20
3908.4387 3.88306e-14 1e-20
3911.4605 3.93111e-14 1e-20
3914.4823 3.92224e-14 1e-20
3917.504 3.93027e-14 1e-20
3920.5258 4.04946e-14 1e-20
3923.5476 3.88267e-14 1e-20
3926.5694 3.77723e-14 1e-20
3929.5912 3.78678e-14 1e-20
3932.613 3.72399e-14 1e-20
3935.6347 3.60176e-14 1e-20
3938.6565 3.46237e-14 1e-20
3941.6783 3.37062e-14 1e-20
3944.7001 3.2549e-14 1e-20
3947.7219 3.22889e-14 1e-20
3950.7437 3.2513e-14 1e-20
3953.7655 3.13071e-14 1e-20
3956.7872 3.09708e-14 1e-20
3959.809 2.95841e-14 1e-20
3962.8308 2.91868e-14 1e-20
3965.8526 2.85993e-14 1e-20
3968.8744 2.76625e-14 1e-20
3971.8962 2.74884e-14 1e-20
3974.918 2.69692e-14 1e-20
3977.9397 2.6966e-14 1e-20
3980.9615 2.68722e-14 1e-20
3983.9833 2.64787e-14 1e-20
3987.0051 2.66608e-14 1e-20
3990.0269 2.65906e-14 1e-20
3993.0487 2.72883e-14 1e-20
3996.0704 2.64916e-14 1e-20
3999.0922 2.62959e-14 1e-20
4002.114 2.68498e-14 1e-20
4005.1358 2.78311e-14 1e-20
4008.1576 2.73438e-14 1e-20
4011.1794 2.78888e-14 1e-20
4014.2012 2.81209e-14 1e-20
4017.2229 2.86322e-14 1e-20
4020.2447 2.81553e-14 1e-20
4023.2665 2.92005e-14 1e-20
4026.2883 2.87644e-14 1e-20
4029.3101 2.93012e-14 1e-20
4032.3319 2.9789e-14 1e-20
4035.3537 3.05902e-14 1e-20
4038.3754 3.01678e-14 1e-20
4041.3972 3.00669e-14 1e-20
4044.419 3.06277e-14 1e-20
4047.4408 3.11177e-14 1e-20
4050.4626 3.09301e-14 1e-20
4053.4844 3.16674e-14 1e-20
4056.5062 3.168e-14 1e-20
4059.5279 3.2881e-14 1e-20
4062.5497 3.24556e-14 1e-20
4065.5715 3.16899e-14 1e-20
4068.5933 3.17215e-14 1e-20
4071.6151 3.16333e-14 1e-20
4074.6369 3.1812e-14 1e-20
4077.6587 3.19146e-14 1e-20
4080.6804 3.17793e-14 1e-20
4083.7022 3.23904e-14 1e-20
4086.724 3.18372e-14 1e-20
4089.7458 3.30147e-14 1e-20
4092.7676 3.26136e-14 1e-20
4095.7894 3.28788e-14 1e-20
4098.8111 3.27619e-14 1e-20
4101.8329 3.3225e-14 1e-20
4104.8547 3.36331e-14 1e-20
4107.8765 3.24247e-14 1e-20
4110.8983 3.21582e-14 1e-20
4113.9201 3.15876e-14 1e-20
4116.9419 3.15297e-14 1e-20
4119.9636 3.1693e-14 1e-20
4122.9854 3.1226e-14 1e-20
4126.0072 3.11502e-14 1e-20
4129.029 3.10774e-14 1e-20
4132.0508 3.11173e-14 1e-20
4135.0726 2.99488e-14 1e-20
4138.0944 3.03495e-14 1e-20
4141.1161 2.994e-14 1e-20
4144.1379 2.99895e-14 1e-20
4147.1597 2.88457e-14 1e-20
4150.1815 2.87902e-14 1e-20
4153.2033 2.93247e-14 1e-20
4156.2251 2.91854e-14 1e-20
4159.2468 2.87872e-14 1e-20
4162.2686 2.91125e-14 1e-20
4165.2904 2.79533e-14 1e-20
4168.3122 2.8499e-14 1e-20
4171.334 2.90067e-14 1e-20
4174.3558 2.78725e-14 1e-20
4177.3776 2.79594e-14 1e-20
4180.3993 2.80153e-14 1e-20
4183.4211 2.78885e-14 1e-20
4186.4429 2.78254e-14 1e-20
4189.4647 2.75472e-14 1e-20
4192.4865 2.735e-14 1e-20
4195.5083 2.705e-14 1e-20
4198.5301 2.64764e-14 1e-20
4201.5518 2.60117e-14 1e-20
4204.5736 2.59735e-14 1e-20
4207.5954 2.6007e-14 1e-20
4210.6172 2.60423e-14 1e-20
4213.639 2.56542e-14 1e-20
4216.6608 2.49624e-14 1e-20
4219.6826 2.50939e-14 1e-20
4222.7043 2.50942e-14 1e-20
4225.7261 2.47494e-14 1e-20
4228.7479 2.40386e-14 1e-20
4231.7697 2.40081e-14 1e-20
4234.7915 2.3973e-14 1e-20
4237.8133 2.35518e-14 1e-20
4240.8351 2.35425e-14 1e-20
4243.8568 2.36413e-14 1e-20
4246.8786 2.32758e-14 1e-20
4249.9004 2.30199e-14 1e-20
4252.9222 2.28831e-14 1e-20
4255.944 2.23428e-14 1e-20
4258.9658 2.23712e-14 1e-20
4261.9875 2.18199e-14 1e-20
4265.0093 2.07635e-14 1e-20
4268.0311 2.0239e-14 1e-20
4271.0529 1.98221e-14 1e-20
4274.0747 1.89784e-14 1e-20
4277.0965 1.85649e-14 1e-20
4280.1183 1.80713e-14 1e-20
4283.14 1.76343e-14 1e-20
4286.1618 1.7461e-14 1e-20
4289.1836 1.69868e-14 1e-20
4292.2054 1.63925e-14 1e-20
4295.2272 1.62026e-14 1e-20
4298.249 1.58728e-14 1e-20
4301.2708 1.52144e-14 1e-20
4304.2925 1.48329e-14 1e-20
4307.3143 1.4691e-14 1e-20
4310.3361 1.463e-14 1e-20
4313.3579 1.44007e-14 1e-20
4316.3797 1.45645e-14 1e-20
4319.4015 1.49695e-14 1e-20
4322.4232 1.48401e-14 1e-20
4325.445 1.50041e-14 1e-20
4328.4668 1.54136e-14 1e-20
4331.4886 1.63056e-14 1e-20
4334.5104 1.69507e-14 1e-20
4337.5322 1.72977e-14 1e-20
4340.554 1.83389e-14 1e-20
4343.5757 1.89538e-14 1e-20
4346.5975 1.94561e-14 1e-20
4349.6193 1.97253e-14 1e-20
4352.6411 2.00358e-14 1e-20
4355.6629 2.04311e-14 1e-20
4358.6847 2.10558e-14 1e-20
4361.7065 2.1345e-14 1e-20
4364.7282 2.17331e-14 1e-20
4367.75 2.24782e-14 1e-20
4370.7718 2.25806e-14 1e-20
4373.7936 2.31837e-14 1e-20
4376.8154 2.34173e-14 1e-20
4379.8372 2.37091e-14 1e-20
4382.859 2.36125e-14 1e-20
4385.8807 2.37955e-14 1e-20
4388.9025 2.42321e-14 1e-20
4391.9243 2.42552e-14 1e-20
4394.9461 2.3898e-14 1e-20
4397.9679 2.42092e-14 1e-20
4400.9897 2.40116e-14 1e-20
4404.0115 2.37764e-14 1e-20
4407.0332 2.36914e-14 1e-20
4410.055 2.33837e-14 1e-20
4413.0768 2.38505e-14 1e-20
4416.0986 2.37877e-14 1e-20
4419.1204 2.39921e-14 1e-20
4422.1422 2.3865e-14 1e-20
4425.164 2.4116e-14 1e-20
4428.1857 2.44096e-14 1e-20
4431.2075 2.44271e-14 1e-20
4434.2293 2.47224e-14 1e-20
4437.2511 2.51378e-14 1e-20
4440.2729 2.49895e-14 1e-20
4443.2947 2.55975e-14 1e-20
4446.3164 2.53205e-14 1e-20
4449.3382 2.59359e-14 1e-20
4452.36 2.642e-14 1e-20
4455.3818 2.65726e-14 1e-20
4458.4036 2.69092e-14 1e-20
4461.4254 2.72374e-14 1e-20
4464.4472 2.7241e-14 1e-20
4467.4689 2.75618e-14 1e-20
4470.4907 2.79631e-14 1e-20
4473.5125 2.73228e-14 1e-20
4476.5343 2.73539e-14 1e-20
4479.5561 2.74733e-14 1e-20
4482.5779 2.72587e-14 1e-20
4485.5997 2.72277e-14 1e-20
4488.6214 2.7213e-14 1e-20
4491.6432 2.71803e-14 1e-20
4494.665 2.67375e-14 1e-20
4497.6868 2.64675e-14 1e-20
4500.7086 2.66305e-14 1e-20
4503.7304 2.65085e-14 1e-20
4506.7521 2.63813e-14 1e-20
4509.7739 2.6194e-14 1e-20
4512.7957 2.63135e-14 1e-20
4515.8175 2.64661e-14 1e-20
4518.8393 2.65435e-14 1e-20
4521.8611 2.62336e-14 1e-20
4524.8829 2.68175e-14 1e-20
4527.9047 2.64618e-14 1e-20
4530.9264 2.61818e-14 1e-20
4533.9482 2.63135e-14 1e-20
4536.97 2.58068e-14 1e-20
4539.9918 2.56857e-14 1e-20
4543.0136 2.57209e-14 1e-20
4546.0354 2.51709e-14 1e-20
4549.0571 2.49779e-14 1e-20
4552.0789 2.46917e-14 1e-20
4555.1007 2.4783e-14 1e-20
4558.1225 2.49815e-14 1e-20
4561.1443 2.52149e-14 1e-20
4564.1661 2.4732e-14 1e-20
4567.1879 2.47136e-14 1e-20
4570.2096 2.46366e-14 1e-20
4573.2314 2.43924e-14 1e-20
4576.2532 2.48088e-14 1e-20
4579.275 2.46951e-14 1e-20
4582.2968 2.48817e-14 1e-20
4585.3186 2.47522e-14 1e-20
4588.3404 2.49567e-14 1e-20
4591.3621 2.5061e-14 1e-20
4594.3839 2.52613e-14 1e-20
4597.4057 2.48681e-14 1e-20
4600.4275 2.47545e-14 1e-20
4603.4493 2.50679e-14 1e-20
4606.4711 2.51503e-14 1e-20
4609.4928 2.47937e-14 1e-20
4612.5146 2.48277e-14 1e-20
4615.5364 2.53153e-14 1e-20
4618.5582 2.48066e-14 1e-20
4621.58 2.45896e-14 1e-20
4624.6018 2.41745e-14 1e-20
4627.6236 2.36908e-14 1e-20
4630.6453 2.33227e-14 1e-20
4633.6671 2.30675e-14 1e-20
4636.6889 2.28376e-14 1e-20
4639.7107 2.23934e-14 1e-20
4642.7325 2.23527e-14 1e-20
4645.7543 2.17964e-14 1e-20
4648.7761 2.14922e-14 1e-20
4651.7978 2.16775e-14 1e-20
4654.8196 2.1266e-14 1e-20
4657.8414 2.13085e-14 1e-20
4660.8632 2.11253e-14 1e-20
4663.885 2.12284e-14 1e-20
4666.9068 2.1181e-14 1e-20
4669.9285 2.10156e-14 1e-20
4672.9503 2.12249e-14 1e-20
4675.9721 2.1376e-14 1e-20
4678.9939 2.12211e-14 1e-20
4682.0157 2.12876e-14 1e-20
4685.0375 2.15069e-14 1e-20
4688.0593 2.1721e-14 1e-20
4691.0811 2.1957e-14 1e-20
4694.1028 2.21495e-14 1e-20
4697.1246 2.23332e-14 1e-20
4700.1464 2.22637e-14 1e-20
4703.1682 2.2282e-14 1e-20
4706.19 2.21546e-14 1e-20
4709.2118 2.2139e-14 1e-20
4712.2335 2.19557e-14 1e-20
4715.2553 2.22515e-14 1e-20
4718.2771 2.20105e-14 1e-20
4721.2989 2.21537e-14 1e-20
4724.3207 2.17512e-14 1e-20
4727.3425 2.15114e-14 1e-20
4730.3643 2.12939e-14 1e-20
4733.386 2.09304e-14 1e-20
4736.4078 2.03882e-14 1e-20
4739.4296 2.01064e-14 1e-20
4742.4514 2.0059e-14 1e-20
4745.4732 1.95603e-14 1e-20
4748.495 1.98412e-14 1e-20
4751.5168 1.95988e-14 1e-20
4754.5385 1.93764e-14 1e-20
4757.5603 1.92791e-14 1e-20
4760.5821 1.93264e-14 1e-20
4763.6039 1.93004e-14 1e-20
4766.6257 1.95131e-14 1e-20
4769.6475 1.95427e-14 1e-20
4772.6692 1.97864e-14 1e-20
4775.691 1.97982e-14 1e-20
4778.7128 1.97062e-14 1e-20
4781.7346 1.99282e-14 1e-20
4784.7564 2.03102e-14 1e-20
4787.7782 2.01649e-14 1e-20
4790.8 2.00863e-14 1e-20
4793.8217 1.99901e-14 1e-20
4796.8435 1.98729e-14 1e-20
4799.8653 1.93734e-14 1e-20
4802.8871 1.89966e-14 1e-20
4805.9089 1.90486e-14 1e-20
4808.9307 1.84988e-14 1e-20
4811.9525 1.78178e-14 1e-20
4814.9742 1.71633e-14 1e-20
4817.996 1.67123e-14 1e-20
4821.0178 1.65134e-14 1e-20
4824.0396 1.5908e-14 1e-20
4827.0614 1.53225e-14 1e-20
4830.0832 1.49393e-14 1e-20
4833.1049 1.45613e-14 1e-20
4836.1267 1.39114e-14 1e-20
4839.1485 1.34707e-14 1e-20
4842.1703 1.30669e-14 1e-20
4845.1921 1.26909e-14 1e-20
4848.2139 1.2228e-14 1e-20
4851.2357 1.19986e-14 1e-20
4854.2575 1.15852e-14 1e-20
4857.2792 1.14065e-14 1e-20
4860.301 1.12598e-14 1e-20
4863.3228 1.13667e-14 1e-20
4866.3446 1.13687e-14 1e-20
4869.3664 1.14063e-14 1e-20
4872.3882 1.15077e-14 1e-20
4875.4099 1.18261e-14 1e-20
4878.4317 1.21238e-14 1e-20
4881.4535 1.22934e-14 1e-20
4884.4753 1.24749e-14 1e-20
4887.4971 1.29485e-14 1e-20
4890.5189 1.31487e-14 1e-20
4893.5407 1.35727e-14 1e-20
4896.5624 1.39789e-14 1e-20
4899.5842 1.41384e-14 1e-20
4902.606 1.42932e-14 1e-20
4905.6278 1.4569e-14 1e-20
4908.6496 1.46108e-14 1e-20
4911.6714 1.4826e-14 1e-20
4914.6932 1.5045e-14 1e-20
4917.7149 1.52062e-14 1e-20
4920.7367 1.55824e-14 1e-20
4923.7585 1.58017e-14 1e-20
4926.7803 1.59102e-14 1e-20
4929.8021 1.64407e-14 1e-20
4932.8239 1.64614e-14 1e-20
4935.8456 1.64326e-14 1e-20
4938.8674 1.66468e-14 1e-20
4941.8892 1.68532e-14 1e-20
4944.911 1.69805e-14 1e-20
4947.9328 1.68981e-14 1e-20
4950.9546 1.71734e-14 1e-20
4953.9764 1.70433e-14 1e-20
4956.9981 1.70315e-14 1e-20
4960.0199 1.69728e-14 1e-20
4963.0417 1.71511e-14 1e-20
4966.0635 1.74462e-14 1e-20
4969.0853 1.73809e-14 1e-20
4972.1071 1.7332e-14 1e-20
4975.1289 1.72764e-14 1e-20
4978.1506 1.73637e-14 1e-20
4981.1724 1.73394e-14 1e-20
4984.1942 1.76625e-14 1e-20
4987.216 1.77863e-14 1e-20
4990.2378 1.78014e-14 1e-20
4993.2596 1.76211e-14 1e-20
4996.2813 1.76954e-14 1e-20
4999.3031 1.75884e-14 1e-20
5002.3249 1.76254e-14 1e-20
5005.3467 1.772e-14 1e-20
5008.3685 1.74679e-14 1e-20
5011.3903 1.75082e-14 1e-20
5014.4121 1.76358e-14 1e-20
5017.4339 1.74942e-14 1e-20
5020.4556 1.74583e-14 1e-20
5023.4774 1.73466e-14 1e-20
5026.4992 1.72875e-14 1e-20
5029.521 1.71428e-14 1e-20
5032.5428 1.72831e-14 1e-20
5035.5646 1.77488e-14 1e-20
5038.5863 1.76812e-14 1e-20
5041.6081 1.75274e-14 1e-20
5044.6299 1.76023e-14 1e-20
5047.6517 1.75703e-14 1e-20
5050.6735 1.76061e-14 1e-20
5053.6953 1.77943e-14 1e-20
5056.7171 1.78957e-14 1e-20
5059.7388 1.80159e-14 1e-20
5062.7606 1.79467e-14 1e-20
5065.7824 1.80875e-14 1e-20
5068.8042 1.82846e-14 1e-20
5071.826 1.84431e-14 1e-20
5074.8478 1.83919e-14 1e-20
5077.8696 1.85069e-14 1e-20
5080.8913 1.85768e-14 1e-20
5083.9131 1.89322e-14 1e-20
5086.9349 1.88438e-14 1e-20
5089.9567 1.90349e-14 1e-20
5092.9785 1.89278e-14 1e-20
5096.0003 1.90101e-14 1e-20
5099.022 1.88397e-14 1e-20
5102.0438 1.91089e-14 1e-20
5105.0656 1.90502e-14 1e-20
5108.0874 1.88644e-14 1e-20
5111.1092 1.88709e-14 1e-20
5114.131 1.88029e-14 1e-20
5117.1528 1.86312e-14 1e-20
5120.1745 1.84052e-14 1e-20
5123.1963 1.84733e-14 1e-20
5126.2181 1.82065e-14 1e-20
5129.2399 1.80855e-14 1e-20
5132.2617 1.78818e-14 1e-20
5135.2835 1.78076e-14 1e-20
5138.3053 1.7571e-14 1e-20
5141.327 1.73895e-14 1e-20
5144.3488 1.71688e-14 1e-20
5147.3706 1.72529e-14 1e-20
5150.3924 1.70763e-14 1e-20
5153.4142 1.68115e-14 1e-20
5156.436 1.66734e-14 1e-20
5159.4577 1.64831e-14 1e-20
5162.4795 1.66701e-14 1e-20
5165.5013 1.69662e-14 1e-20
5168.5231 1.69816e-14 1e-20
5171.5449 1.70837e-14 1e-20
5174.5667 1.70419e-14 1e-20
5177.5885 1.72176e-14 1e-20
5180.6103 1.70511e-14 1e-20
5183.632 1.7344e-14 1e-20
5186.6538 1.73196e-14 1e-20
5189.6756 1.74843e-14 1e-20
5192.6974 1.7677e-14 1e-20
5195.7192 1.75653e-14 1e-20
5198.741 1.76438e-14 1e-20
5201.7627 1.76945e-14 1e-20
5204.7845 1.74139e-14 1e-20
5207.8063 1.72513e-14 1e-20
5210.8281 1.73563e-14 1e-20
5213.8499 1.70324e-14 1e-20
5216.8717 1.67973e-14 1e-20
5219.8935 1.67216e-14 1e-20
5222.9152 1.64267e-14 1e-20
5225.937 1.61642e-14 1e-20
5228.9588 1.5817e-14 1e-20
5231.9806 1.55532e-14 1e-20
5235.0024 1.54296e-14 1e-20
5238.0242 1.51412e-14 1e-20
5241.046 1.46176e-14 1e-20
5244.0677 1.44305e-14 1e-20
5247.0895 1.41158e-14 1e-20
5250.1113 1.3885e-14 1e-20
5253.1331 1.39122e-14 1e-20
5256.1549 1.3699e-14 1e-20
5259.1767 1.33088e-14 1e-20
5262.1984 1.31327e-14 1e-20
5265.2202 1.30992e-14 1e-20
5268.242 1.29765e-14 1e-20
5271.2638 1.27717e-14 1e-20
5274.2856 1.26144e-14 1e-20
5277.3074 1.26408e-14 1e-20
5280.3292 1.27285e-14 1e-20
5283.3509 1.27974e-14 1e-20
5286.3727 1.29068e-14 1e-20
5289.3945 1.29034e-14 1e-20
5292.4163 1.3028e-14 1e-20
5295.4381 1.287e-14 1e-20
5298.4599 1.28058e-14 1e-20
5301.4817 1.28837e-14 1e-20
5304.5034 1.28141e-14 1e-20
5307.5252 1.26246e-14 1e-20
5310.547 1.27503e-14 1e-20
5313.5688 1.29702e-14 1e-20
5316.5906 1.29288e-14 1e-20
5319.6124 1.29628e-14 1e-20
5322.6341 1.2971e-14 1e-20
5325.6559 1.30474e-14 1e-20
5328.6777 1.31816e-14 1e-20
5331.6995 1.33998e-14 1e-20
5334.7213 1.373e-14 1e-20
5337.7431 1.38161e-14 1e-20
5340.7649 1.37953e-14 1e-20
5343.7867 1.38473e-14 1e-20
5346.8084 1.3713e-14 1e-20
5349.8302 1.38357e-14 1e-20
5352.852 1.38143e-14 1e-20
5355.8738 1.37176e-14 1e-20
5358.8956 1.37027e-14 1e-20
5361.9174 1.3412e-14 1e-20
5364.9391 1.32732e-14 1e-20
5367.9609 1.34788e-14 1e-20
5370.9827 1.33824e-14 1e-20
5374.0045 1.32134e-14 1e-20
5377.0263 1.32913e-14 1e-20
5380.0481 1.3328e-14 1e-20
5383.0699 1.33951e-14 1e-20
5386.0916 1.30894e-14 1e-20
5389.1134 1.32726e-14 1e-20
5392.1352 1.32334e-14 1e-20
5395.157 1.30467e-14 1e-20
5398.1788 1.27891e-14 1e-20
5401.2006 1.26095e-14 1e-20
5404.2224 1.26546e-14 1e-20
5407.2441 1.25283e-14 1e-20
5410.2659 1.24336e-14 1e-20
5413.2877 1.23714e-14 1e-20
5416.3095 1.2324e-14 1e-20
5419.3313 1.19125e-14 1e-20
5422.3531 1.19526e-14 1e-20
5425.3748 1.17761e-14 1e-20
5428.3966 1.15932e-14 1e-20
5431.4184 1.14386e-14 1e-20
5434.4402 1.12604e-14 1e-20
5437.462 1.10967e-14 1e-20
5440.4838 1.10466e-14 1e-20
5443.5056 1.09896e-14 1e-20
5446.5273 1.08952e-14 1e-20
5449.5491 1.07364e-14 1e-20
5452.5709 1.08732e-14 1e-20
5455.5927 1.07716e-14 1e-20
5458.6145 1.08093e-14 1e-20
5461.6363 1.08215e-14 1e-20
5464.6581 1.09625e-14 1e-20
5467.6798 1.10135e-14 1e-20
5470.7016 1.10663e-14 1e-20
5473.7234 1.11484e-14 1e-20
5476.7452 1.13174e-14 1e-20
5479.767 1.15497e-14 1e-20
5482.7888 1.16375e-14 1e-20
5485.8105 1.20361e-14 1e-20
5488.8323 1.21994e-14 1e-20
5491.8541 1.22075e-14 1e-20
5494.8759 1.2341e-14 1e-20
5497.8977 1.26476e-14 1e-20
5500.9195 1.29594e-14 1e-20
5503.9413 1.31739e-14 1e-20
5506.9631 1.3296e-14 1e-20
5509.9848 1.32694e-14 1e-20
5513.0066 1.35221e-14 1e-20
5516.0284 1.39487e-14 1e-20
5519.0502 1.38354e-14 1e-20
5522.072 1.38605e-14 1e-20
5525.0938 1.4179e-14 1e-20
5528.1155 1.43064e-14 1e-20
5531.1373 1.42812e-14 1e-20
5534.1591 1.42672e-14 1e-20
5537.1809 1.43304e-14 1e-20
5540.2027 1.42528e-14 1e-20
5543.2245 1.41609e-14 1e-20
5546.2463 1.39973e-14 1e-20
5549.268 1.42737e-14 1e-20
5552.2898 1.40004e-14 1e-20
5555.3116 1.42636e-14 1e-20
5558.3334 1.41386e-14 1e-20
5561.3552 1.40226e-14 1e-20
5564.377 1.43196e-14 1e-20
5567.3988 1.437e-14 1e-20
5570.4205 1.42636e-14 1e-20
5573.4423 1.42934e-14 1e-20
5576.4641 1.45275e-14 1e-20
5579.4859 1.44797e-14 1e-20
5582.5077 1.46626e-14 1e-20
5585.5295 1.46978e-14 1e-20
5588.5512 1.45744e-14 1e-20
5591.573 1.44967e-14 1e-20
5594.5948 1.43726e-14 1e-20
5597.6166 1.42517e-14 1e-20
5600.6384 1.42768e-14 1e-20
5603.6602 1.43915e-14 1e-20
5606.682 1.43459e-14 1e-20
5609.7037 1.43364e-14 1e-20
5612.7255 1.43265e-14 1e-20
5615.7473 1.43063e-14 1e-20
5618.7691 1.4112e-14 1e-20
5621.7909 1.43241e-14 1e-20
5624.8127 1.44242e-14 1e-20
5627.8345 1.41443e-14 1e-20
5630.8562 1.42901e-14 1e-20
5633.878 1.43027e-14 1e-20
5636.8998 1.43565e-14 1e-20
5639.9216 1.44618e-14 1e-20
5642.9434 1.43286e-14 1e-20
5645.9652 1.42129e-14 1e-20
5648.9869 1.43039e-14 1e-20
5652.0087 1.42811e-14 1e-20
5655.0305 1.43138e-14 1e-20
5658.0523 1.41272e-14 1e-20
5661.0741 1.43371e-14 1e-20
5664.0959 1.41822e-14 1e-20
5667.1177 1.41401e-14 1e-20
5670.1395 1.42681e-14 1e-20
5673.1612 1.41303e-14 1e-20
5676.183 1.39053e-14 1e-20
5679.2048 1.41914e-14 1e-20
5682.2266 1.39027e-14 1e-20
5685.2484 1.36971e-14 1e-20
5688.2702 1.35138e-14 1e-20
5691.2919 1.33026e-14 1e-20
5694.3137 1.31541e-14 1e-20
5697.3355 1.30057e-14 1e-20
5700.3573 1.2845e-14 1e-20
5703.3791 1.26334e-14 1e-20
5706.4009 1.24064e-14 1e-20
5709.4227 1.21179e-14 1e-20
5712.4444 1.20225e-14 1e-20
5715.4662 1.15759e-14 1e-20
5718.488 1.14071e-14 1e-20
5721.5098 1.11958e-14 1e-20
5724.5316 1.11385e-14 1e-20
5727.5534 1.08659e-14 1e-20
5730.5752 1.04752e-14 1e-20
5733.5969 1.03712e-14 1e-20
5736.6187 1.01306e-14 1e-20
5739.6405 1.00749e-14 1e-20
5742.6623 1.00081e-14 1e-20
5745.6841 9.98518e-15 1e-20
5748.7059 9.80105e-15 1e-20
5751.7276 9.67732e-15 1e-20
5754.7494 9.66239e-15 1e-20
5757.7712 9.67768e-15 1e-20
5760.793 9.77985e-15 1e-20
5763.8148 9.71591e-15 1e-20
5766.8366 9.753e-15 1e-20
5769.8584 9.98147e-15 1e-20
5772.8801 1.01357e-14 1e-20
5775.9019 9.9347e-15 1e-20
5778.9237 1.02388e-14 1e-20
5781.9455 1.0532e-14 1e-20
5784.9673 1.05438e-14 1e-20
5787.9891 1.05664e-14 1e-20
5791.0109 1.08558e-14 1e-20
5794.0326 1.09713e-14 1e-20
5797.0544 1.11091e-14 1e-20
5800.0762 1.13605e-14 1e-20
5803.098 1.14836e-14 1e-20
5806.1198 1.16045e-14 1e-20
5809.1416 1.16642e-14 1e-20
5812.1633 1.17959e-14 1e-20
5815.1851 1.18409e-14 1e-20
5818.2069 1.18965e-14 1e-20
5821.2287 1.20934e-14 1e-20
5824.2505 1.22097e-14 1e-20
5827.2723 1.22018e-14 1e-20
5830.2941 1.25519e-14 1e-20
5833.3159 1.2777e-14 1e-20
5836.3376 1.28358e-14 1e-20
5839.3594 1.30225e-14 1e-20
5842.3812 1.29964e-14 1e-20
5845.403 1.30167e-14 1e-20
5848.4248 1.29001e-14 1e-20
5851.4466 1.30738e-14 1e-20
5854.4683 1.3337e-14 1e-20
5857.4901 1.34606e-14 1e-20
5860.5119 1.35208e-14 1e-20
5863.5337 1.38153e-14 1e-20
5866.5555 1.39109e-14 1e-20
5869.5773 1.3842e-14 1e-20
5872.5991 1.37928e-14 1e-20
5875.6208 1.40121e-14 1e-20
5878.6426 1.40908e-14 1e-20
5881.6644 1.40203e-14 1e-20
5884.6862 1.41763e-14 1e-20
5887.708 1.42719e-14 1e-20
5890.7298 1.40998e-14 1e-20
5893.7516 1.41417e-14 1e-20
5896.7733 1.44004e-14 1e-20
5899.7951 1.44915e-14 1e-20
5902.8169 1.44431e-14 1e-20
5905.8387 1.43182e-14 1e-20
5908.8605 1.43107e-14 1e-20
5911.8823 1.4287e-14 1e-20
5914.904 1.42815e-14 1e-20
5917.9258 1.45412e-14 1e-20
5920.9476 1.45602e-14 1e-20
5923.9694 1.43703e-14 1e-20
5926.9912 1.4423e-14 1e-20
5930.013 1.43101e-14 1e-20
5933.0348 1.42673e-14 1e-20
5936.0565 1.42338e-14 1e-20
5939.0783 1.40993e-14 1e-20
5942.1001 1.43167e-14 1e-20
5945.1219 1.4473e-14 1e-20
5948.1437 1.42487e-14 1e-20
5951.1655 1.42678e-14 1e-20
5954.1873 1.41754e-14 1e-20
5957.209 1.41946e-14 1e-20
5960.2308 1.39853e-14 1e-20
5963.2526 1.39347e-14 1e-20
5966.2744 1.3968e-14 1e-20
5969.2962 1.36118e-14 1e-20
5972.318 1.34512e-14 1e-20
5975.3397 1.33177e-14 1e-20
5978.3615 1.32192e-14 1e-20
5981.3833 1.3084e-14 1e-20
5984.4051 1.29295e-14 1e-20
5987.4269 1.27729e-14 1e-20
5990.4487 1.27361e-14 1e-20
5993.4705 1.24893e-14 1e-20
5996.4923 1.21276e-14 1e-20
5999.514 1.18243e-14 1e-20
6002.5358 1.15256e-14 1e-20
6005.5576 1.1513e-14 1e-20
6008.5794 1.13311e-14 1e-20
6011.6012 1.09539e-14 1e-20
6014.623 1.05272e-14 1e-20
6017.6447 1.02621e-14 1e-20
6020.6665 1.00673e-14 1e-20
6023.6883 9.68541e-15 1e-20
6026.7101 9.37722e-15 1e-20
6029.7319 8.95381e-15 1e-20
6032.7537 8.5205e-15 1e-20
6035.7755 8.3615e-15 1e-20
6038.7972 8.03573e-15 1e-20
6041.819 7.70218e-15 1e-20
6044.8408 7.4731e-15 1e-20
6047.8626 7.16973e-15 1e-20
6050.8844 6.8837e-15 1e-20
6053.9062 6.60335e-15 1e-20
6056.928 6.3918e-15 1e-20
6059.9497 6.09198e-15 1e-20
6062.9715 5.89113e-15 1e-20
6065.9933 5.78312e-15 1e-20
6069.0151 5.51198e-15 1e-20
6072.0369 5.42573e-15 1e-20
6075.0587 5.25353e-15 1e-20
6078.0804 5.07528e-15 1e-20
6081.1022 4.99161e-15 1e-20
6084.124 4.85551e-15 1e-20
6087.1458 4.77274e-15 1e-20
6090.1676 4.63746e-15 1e-20
6093.1894 4.59545e-15 1e-20
6096.2112 4.62728e-15 1e-20
6099.2329 4.56314e-15 1e-20
6102.2547 4.54125e-15 1e-20
6105.2765 4.48416e-15 1e-20
6108.2983 4.41216e-15 1e-20
6111.3201 4.48574e-15 1e-20
6114.3419 4.45185e-15 1e-20
6117.3637 4.513e-15 1e-20
6120.3854 4.62348e-15 1e-20
6123.4072 4.68232e-15 1e-20
6126.429 4.77013e-15 1e-20
6129.4508 4.90025e-15 1e-20
6132.4726 5.05294e-15 1e-20
6135.4944 5.09246e-15 1e-20
6138.5161 5.22154e-15 1e-20
6141.5379 5.36518e-15 1e-20
6144.5597 5.60268e-15 1e-20
6147.5815 5.77469e-15 1e-20
6150.6033 5.92116e-15 1e-20
6153.6251 6.07956e-15 1e-20
6156.6469 6.28375e-15 1e-20
6159.6687 6.48077e-15 1e-20
6162.6904 6.68554e-15 1e-20
6165.7122 6.81738e-15 1e-20
6168.734 7.0348e-15 1e-20
6171.7558 7.29528e-15 1e-20
6174.7776 7.4101e-15 1e-20
6177.7994 7.56664e-15 1e-20
6180.8211 7.8408e-15 1e-20
6183.8429 8.13215e-15 1e-20
6186.8647 8.29179e-15 1e-20
6189.8865 8.47159e-15 1e-20
6192.9083 8.70813e-15 1e-20
6195.9301 9.04612e-15 1e-20
6198.9519 9.17005e-15 1e-20
6201.9736 9.37165e-15 1e-20
6204.9954 9.49929e-15 1e-20
6208.0172 9.74394e-15 1e-20
6211.039 9.98198e-15 1e-20
6214.0608 1.01775e-14 1e-20
6217.0826 1.02359e-14 1e-20
6220.1044 1.04831e-14 1e-20
6223.1261 1.06174e-14 1e-20
6226.1479 1.06799e-14 1e-20
6229.1697 1.08502e-14 1e-20
6232.1915 1.08753e-14 1e-20
6235.2133 1.07309e-14 1e-20
6238.2351 1.09296e-14 1e-20
6241.2568 1.12238e-14 1e-20
6244.2786 1.13887e-14 1e-20
6247.3004 1.15492e-14 1e-20
6250.3222 1.15666e-14 1e-20
6253.344 1.17657e-14 1e-20
6256.3658 1.18551e-14 1e-20
6259.3876 1.19238e-14 1e-20
6262.4093 1.20498e-14 1e-20
6265.4311 1.21034e-14 1e-20
6268.4529 1.23817e-14 1e-20
6271.4747 1.25523e-14 1e-20
6274.4965 1.25934e-14 1e-20
6277.5183 1.25715e-14 1e-20
6280.5401 1.24603e-14 1e-20
6283.5618 1.2584e-14 1e-20
6286.5836 1.28374e-14 1e-20
6289.6054 1.29198e-14 1e-20
6292.6272 1.27086e-14 1e-20
6295.649 1.26847e-14 1e-20
6298.6708 1.29085e-14 1e-20
6301.6925 1.3025e-14 1e-20
6304.7143 1.29099e-14 1e-20
6307.7361 1.27214e-14 1e-20
6310.7579 1.28478e-14 1e-20
6313.7797 1.28705e-14 1e-20
6316.8015 1.28044e-14 1e-20
6319.8233 1.26135e-14 1e-20
6322.8451 1.27523e-14 1e-20
6325.8668 1.26918e-14 1e-20
6328.8886 1.26367e-14 1e-20
6331.9104 1.26774e-14 1e-20
6334.9322 1.2501e-14 1e-20
6337.954 1.25516e-14 1e-20
6340.9758 1.24782e-14 1e-20
6343.9975 1.24558e-14 1e-20
6347.0193 1.25118e-14 1e-20
6350.0411 1.27108e-14 1e-20
6353.0629 1.26705e-14 1e-20
6356.0847 1.24227e-14 1e-20
6359.1065 1.24672e-14 1e-20
6362.1283 1.23256e-14 1e-20
6365.15 1.24537e-14 1e-20
6368.1718 1.24255e-14 1e-20
6371.1936 1.22966e-14 1e-20
6374.2154 1.23626e-14 1e-20
6377.2372 1.24459e-14 1e-20
6380.259 1.25053e-14 1e-20
6383.2808 1.25092e-14 1e-20
6386.3025 1.24608e-14 1e-20
6389.3243 1.24572e-14 1e-20
6392.3461 1.23857e-14 1e-20
6395.3679 1.23614e-14 1e-20
6398.3897 1.23868e-14 1e-20
6401.4115 1.23318e-14 1e-20
6404.4332 1.23729e-14 1e-20
6407.455 1.24693e-14 1e-20
6410.4768 1.2275e-14 1e-20
6413.4986 1.21435e-14 1e-20
6416.5204 1.21842e-14 1e-20
6419.5422 1.21057e-14 1e-20
6422.564 1.19689e-14 1e-20
6425.5857 1.22111e-14 1e-20
6428.6075 1.19551e-14 1e-20
6431.6293 1.19199e-14 1e-20
6434.6511 1.20244e-14 1e-20
6437.6729 1.1746e-14 1e-20
6440.6947 1.18709e-14 1e-20
6443.7165 1.19675e-14 1e-20
6446.7382 1.17344e-14 1e-20
6449.76 1.16991e-14 1e-20
6452.7818 1.17267e-14 1e-20
6455.8036 1.16883e-14 1e-20
6458.8254 1.15903e-14 1e-20
6461.8472 1.16442e-14 1e-20
6464.869 1.17216e-14 1e-20
6467.8907 1.15574e-14 1e-20
6470.9125 1.15864e-14 1e-20
6473.9343 1.15996e-14 1e-20
6476.9561 1.15753e-14 1e-20
6479.9779 1.15795e-14 1e-20
6482.9997 1.17311e-14 1e-20
6486.0215 1.16202e-14 1e-20
6489.0432 1.15937e-14 1e-20
6492.065 1.16858e-14 1e-20
6495.0868 1.17035e-14 1e-20
6498.1086 1.16183e-14 1e-20
6501.1304 1.16083e-14 1e-20
6504.1522 1.16695e-14 1e-20
6507.174 1.17171e-14 1e-20
6510.1957 1.16071e-14 1e-20
6513.2175 1.15587e-14 1e-20
6516.2393 1.16891e-14 1e-20
6519.2611 1.16319e-14 1e-20
6522.2829 1.15043e-14 1e-20
6525.3047 1.14219e-14 1e-20
6528.3264 1.12359e-14 1e-20
6531.3482 1.12243e-14 1e-20
6534.37 1.13149e-14 1e-20
6537.3918 1.12775e-14 1e-20
6540.4136 1.11277e-14 1e-20
6543.4354 1.09774e-14 1e-20
6546.4572 1.08429e-14 1e-20
6549.4789 1.07908e-14 1e-20
6552.5007 1.06469e-14 1e-20
6555.5225 1.08592e-14 1e-20
6558.5443 1.07836e-14 1e-20
6561.5661 1.08414e-14 1e-20
6564.5879 1.06867e-14 1e-20
6567.6097 1.07279e-14 1e-20
6570.6314 1.05603e-14 1e-20
6573.6532 1.06246e-14 1e-20
6576.675 1.05371e-14 1e-20
6579.6968 1.05088e-14 1e-20
6582.7186 1.04369e-14 1e-20
6585.7404 1.02984e-14 1e-20
6588.7621 1.02991e-14 1e-20
6591.7839 1.02599e-14 1e-20
6594.8057 1.01738e-14 1e-20
6597.8275 1.02629e-14 1e-20
6600.8493 1.02237e-14 1e-20
6603.8711 1.0117e-14 1e-20
6606.8929 1.00644e-14 1e-20
6609.9146 1.01647e-14 1e-20
6612.9364 1.0125e-14 1e-20
6615.9582 1.00409e-14 1e-20
6618.98 1.00206e-14 1e-20
6622.0018 1.00872e-14 1e-20
6625.0236 9.91364e-15 1e-20
6628.0454 9.90036e-15 1e-20
6631.0671 9.97629e-15 1e-20
6634.0889 9.75599e-15 1e-20
6637.1107 9.78492e-15 1e-20
6640.1325 9.69821e-15 1e-20
6643.1543 9.70643e-15 1e-20
6646.1761 9.72937e-15 1e-20
6649.1979 9.64345e-15 1e-20
6652.2196 9.66662e-15 1e-20
6655.2414 9.63162e-15 1e-20
6658.2632 9.62876e-15 1e-20
6661.285 9.63661e-15 1e-20
6664.3068 9.64819e-15 1e-20
6667.3286 9.62061e-15 1e-20
6670.3504 9.59386e-15 1e-20
6673.3721 9.58525e-15 1e-20
6676.3939 9.55499e-15 1e-20
6679.4157 9.69303e-15 1e-20
6682.4375 9.72785e-15 1e-20
6685.4593 9.57786e-15 1e-20
6688.4811 9.62246e-15 1e-20
6691.5028 9.71405e-15 1e-20
6694.5246 9.65577e-15 1e-20
6697.5464 9.6006e-15 1e-20
6700.5682 9.62647e-15 1e-20
6703.59 9.46652e-15 1e-20
6706.6118 9.31302e-15 1e-20
6709.6336 9.34622e-15 1e-20
6712.6553 9.53354e-15 1e-20
6715.6771 9.34533e-15 1e-20
6718.6989 9.26974e-15 1e-20
6721.7207 9.24455e-15 1e-20
6724.7425 9.32591e-15 1e-20
6727.7643 9.33263e-15 1e-20
6730.7861 9.16669e-15 1e-20
6733.8078 9.15587e-15 1e-20
6736.8296 9.07715e-15 1e-20
6739.8514 9.0377e-15 1e-20
6742.8732 9.06433e-15 1e-20
6745.895 8.97369e-15 1e-20
6748.9168 8.97031e-15 1e-20
6751.9385 8.87862e-15 1e-20
6754.9603 8.70869e-15 1e-20
6757.9821 8.79935e-15 1e-20
6761.0039 8.90139e-15 1e-20
6764.0257 8.70714e-15 1e-20
6767.0475 8.5433e-15 1e-20
6770.0693 8.45413e-15 1e-20
6773.091 8.4653e-15 1e-20
6776.1128 8.47619e-15 1e-20
6779.1346 8.41102e-15 1e-20
6782.1564 8.46426e-15 1e-20
6785.1782 8.46597e-15 1e-20
6788.2 8.48745e-15 1e-20
6791.2218 8.42599e-15 1e-20
6794.2435 8.32476e-15 1e-20
6797.2653 8.29736e-15 1e-20
6800.2871 8.32474e-15 1e-20
6803.3089 8.41173e-15 1e-20
6806.3307 8.46722e-15 1e-20
6809.3525 8.40072e-15 1e-20
6812.3743 8.42459e-15 1e-20
6815.396 8.4281e-15 1e-20
6818.4178 8.43161e-15 1e-20
6821.4396 8.43511e-15 1e-20
6824.4614 8.43862e-15 1e-20
6827.4832 8.44213e-15 1e-20
6830.505 8.44564e-15 1e-20
6833.5268 8.44915e-15 1e-20
6836.5485 8.45265e-15 1e-20
6839.5703 8.21132e-15 1e-20
6842.5921 8.32378e-15 1e-20
6845.6139 8.36956e-15 1e-20
6848.6357 8.377e-15 1e-20
6851.6575 8.36095e-15 1e-20
6854.6792 8.40736e-15 1e-20
6857.701 8.27587e-15 1e-20
6860.7228 8.26533e-15 1e-20
6863.7446 8.26128e-15 1e-20
6866.7664 8.27273e-15 1e-20
6869.7882 8.28922e-15 1e-20
6872.81 8.13819e-15 1e-20
6875.8317 8.20021e-15 1e-20
6878.8535 8.15829e-15 1e-20
6881.8753 8.16901e-15 1e-20
6884.8971 8.02974e-15 1e-20
6887.9189 8.02361e-15 1e-20
6890.9407 8.10641e-15 1e-20
6893.9625 8.20171e-15 1e-20
6896.9842 8.34771e-15 1e-20
6900.006 8.27261e-15 1e-20
6903.0278 8.03319e-15 1e-20
6906.0496 7.9688e-15 1e-20
6909.0714 8.0968e-15 1e-20
6912.0932 8.1674e-15 1e-20
6915.1149 8.07318e-15 1e-20
6918.1367 8.07339e-15 1e-20
6921.1585 8.01788e-15 1e-20
6924.1803 8.03131e-15 1e-20
6927.2021 7.96095e-15 1e-20
6930.2239 7.99535e-15 1e-20
6933.2457 8.24994e-15 1e-20
6936.2674 8.08976e-15 1e-20
6939.2892 8.16446e-15 1e-20
6942.311 7.98193e-15 1e-20
6945.3328 7.98093e-15 1e-20
6948.3546 8.08025e-15 1e-20
6951.3764 8.02515e-15 1e-20
6954.3982 8.00124e-15 1e-20
6957.4199 7.94963e-15 1e-20
6960.4417 7.96546e-15 1e-20
6963.4635 8.03954e-15 1e-20
6966.4853 7.91149e-15 1e-20
6969.5071 7.91554e-15 1e-20
6972.5289 7.89961e-15 1e-20
6975.5507 7.87067e-15 1e-20
6978.5724 7.889e-15 1e-20
6981.5942 7.88232e-15 1e-20
6984.616 7.81447e-15 1e-20
6987.6378 7.75061e-15 1e-20
6990.6596 7.72249e-15 1e-20
6993.6814 7.78568e-15 1e-20
6996.7032 7.73771e-15 1e-20
6999.7249 7.73734e-15 1e-20
7002.7467 7.72167e-15 1e-20
7005.7685 7.63965e-15 1e-20
7008.7903 7.78464e-15 1e-20
7011.8121 7.6521e-15 1e-20
7014.8339 7.72134e-15 1e-20
7017.8556 7.67673e-15 1e-20
7020.8774 7.73706e-15 1e-20
7023.8992 7.73739e-15 1e-20
7026.921 7.62374e-15 1e-20
7029.9428 7.72636e-15 1e-20
7032.9646 7.70895e-15 1e-20
7035.9864 7.71399e-15 1e-20
7039.0081 7.71703e-15 1e-20
7042.0299 7.67858e-15 1e-20
7045.0517 7.75188e-15 1e-20
7048.0735 7.50668e-15 1e-20
7051.0953 7.48598e-15 1e-20
7054.1171 7.66012e-15 1e-20
7057.1389 7.56981e-15 1e-20
7060.1606 7.4584e-15 1e-20
7063.1824 7.53694e-15 1e-20
7066.2042 7.58949e-15 1e-20
7069.226 7.57968e-15 1e-20
7072.2478 7.53116e-15 1e-20
7075.2696 7.52957e-15 1e-20
7078.2913 7.48066e-15 1e-20
7081.3131 7.44162e-15 1e-20
7084.3349 7.616e-15 1e-20
7087.3567 7.59234e-15 1e-20
7090.3785 7.55769e-15 1e-20
7093.4003 7.4672e-15 1e-20
7096.4221 7.37714e-15 1e-20
7099.4438 7.45883e-15 1e-20
7102.4656 7.45773e-15 1e-20
7105.4874 7.46039e-15 1e-20
7108.5092 7.47648e-15 1e-20
7111.531 7.38084e-15 1e-20
7114.5528 7.36885e-15 1e-20
7117.5746 7.45318e-15 1e-20
7120.5963 7.46335e-15 1e-20
7123.6181 7.51816e-15 1e-20
7126.6399 7.39428e-15 1e-20
7129.6617 7.30525e-15 1e-20
7132.6835 7.38364e-15 1e-20
7135.7053 7.28156e-15 1e-20
7138.7271 7.36702e-15 1e-20
7141.7488 7.33919e-15 1e-20
7144.7706 7.46325e-15 1e-20
7147.7924 7.53428e-15 1e-20
7150.8142 7.35377e-15 1e-20
7153.836 7.32107e-15 1e-20
7156.8578 7.33328e-15 1e-20
7159.8796 7.38164e-15 1e-20
7162.9013 7.43901e-15 1e-20
7165.9231 7.43614e-15 1e-20
7168.9449 7.40487e-15 1e-20
7171.9667 7.37079e-15 1e-20
7174.9885 7.24452e-15 1e-20
7178.0103 7.25643e-15 1e-20
7181.032 7.25209e-15 1e-20
7184.0538 7.08941e-15 1e-20
7187.0756 7.20307e-15 1e-20
7190.0974 7.14686e-15 1e-20
7193.1192 7.24386e-15 1e-20
7196.141 7.23264e-15 1e-20
7199.1628 7.19231e-15 1e-20
7202.1845 7.08418e-15 1e-20
7205.2063 7.0519e-15 1e-20
7208.2281 7.08493e-15 1e-20
7211.2499 7.17284e-15 1e-20
7214.2717 7.09696e-15 1e-20
7217.2935 7.03933e-15 1e-20
7220.3153 7.10679e-15 1e-20
7223.337 7.03005e-15 1e-20
7226.3588 6.84195e-15 1e-20
7229.3806 6.86755e-15 1e-20
7232.4024 6.97286e-15 1e-20
7235.4242 6.94934e-15 1e-20
7238.446 6.83206e-15 1e-20
7241.4677 6.85118e-15 1e-20
7244.4895 6.8875e-15 1e-20
7247.5113 6.91072e-15 1e-20
7250.5331 6.70961e-15 1e-20
7253.5549 6.75798e-15 1e-20
7256.5767 6.83938e-15 1e-20
7259.5985 6.73731e-15 1e-20
7262.6202 6.64265e-15 1e-20
7265.642 6.77903e-15 1e-20
7268.6638 6.90377e-15 1e-20
7271.6856 6.80104e-15 1e-20
7274.7074 6.72918e-15 1e-20
7277.7292 6.72179e-15 1e-20
7280.751 6.69604e-15 1e-20
7283.7727 6.54082e-15 1e-20
7286.7945 6.63764e-15 1e-20
7289.8163 6.82025e-15 1e-20
7292.8381 6.71299e-15 1e-20
7295.8599 6.60329e-15 1e-20
7298.8817 6.59692e-15 1e-20
7301.9035 6.53154e-15 1e-20
7304.9252 6.54085e-15 1e-20
7307.947 6.64159e-15 1e-20
7310.9688 6.6426e-15 1e-20
7313.9906 6.45395e-15 1e-20
7317.0124 6.47672e-15 1e-20
7320.0342 6.53882e-15 1e-20
7323.056 6.43615e-15 1e-20
7326.0777 6.47253e-15 1e-20
7329.0995 6.48735e-15 1e-20
7332.1213 6.39777e-15 1e-20
7335.1431 6.47832e-15 1e-20
7338.1649 6.5869e-15 1e-20
7341.1867 6.45461e-15 1e-20
7344.2084 6.37589e-15 1e-20
7347.2302 6.2591e-15 1e-20
7350.252 6.22025e-15 1e-20
7353.2738 6.27218e-15 1e-20
7356.2956 6.20991e-15 1e-20
7359.3174 6.25519e-15 1e-20
7362.3392 6.18116e-15 1e-20
7365.3609 6.09366e-15 1e-20
7368.3827 6.18166e-15 1e-20
7371.4045 6.18149e-15 1e-20
7374.4263 6.15347e-15 1e-20
7377.4481 6.08981e-15 1e-20
7380.4699 6.11285e-15 1e-20
7383.4917 6.08212e-15 1e-20
7386.5134 6.04741e-15 1e-20
7389.5352 5.98609e-15 1e-20
7392.557 5.90756e-15 1e-20
7395.5788 5.85945e-15 1e-20
7398.6006 5.77259e-15 1e-20
7401.6224 5.70864e-15 1e-20
7404.6441 5.69884e-15 1e-20
7407.6659 5.53416e-15 1e-20
7410.6877 5.50773e-15 1e-20
7413.7095 5.4973e-15 1e-20
7416.7313 5.32535e-15 1e-20
7419.7531 5.15405e-15 1e-20
7422.7749 5.09857e-15 1e-20
7425.7966 5.02778e-15 1e-20
7428.8184 5.03912e-15 1e-20
7431.8402 4.96045e-15 1e-20
7434.862 4.7783e-15 1e-20
7437.8838 4.73699e-15 1e-20
7440.9056 4.77319e-15 1e-20
7443.9274 4.68734e-15 1e-20
7446.9491 4.63616e-15 1e-20
7449.9709 4.62245e-15 1e-20
7452.9927 4.56556e-15 1e-20
7456.0145 4.38351e-15 1e-20
7459.0363 4.29429e-15 1e-20
7462.0581 4.31099e-15 1e-20
7465.0799 4.33398e-15 1e-20
7468.1016 4.17477e-15 1e-20
7471.1234 4.20449e-15 1e-20
7474.1452 4.19015e-15 1e-20
7477.167 4.19303e-15 1e-20
7480.1888 4.15771e-15 1e-20
7483.2106 4.15456e-15 1e-20
7486.2324 4.15776e-15 1e-20
7489.2541 4.08168e-15 1e-20
7492.2759 4.11998e-15 1e-20
7495.2977 4.04981e-15 1e-20
7498.3195 4.05771e-15 1e-20
7501.3413 4.12814e-15 1e-20
7504.3631 4.20585e-15 1e-20
7507.3848 4.28271e-15 1e-20
7510.4066 4.42258e-15 1e-20
7513.4284 4.27302e-15 1e-20
7516.4502 4.27403e-15 1e-20
7519.472 4.283e-15 1e-20
7522.4938 4.43023e-15 1e-20
7525.5156 4.50257e-15 1e-20
7528.5373 4.46465e-15 1e-20
7531.5591 4.58713e-15 1e-20
7534.5809 4.56286e-15 1e-20
7537.6027 4.54349e-15 1e-20
7540.6245 4.61259e-15 1e-20
7543.6463 4.37927e-15 1e-20
7546.6681 4.48971e-15 1e-20
7549.6898 4.93813e-15 1e-20
7552.7116 5.31698e-15 1e-20
7555.7334 5.66357e-15 1e-20
7558.7552 5.80194e-15 1e-20
7561.777 5.64538e-15 1e-20
7564.7988 5.58938e-15 1e-20
7567.8205 5.13229e-15 1e-20
7570.8423 4.56711e-15 1e-20
7573.8641 4.9214e-15 1e-20
7576.8859 5.14648e-15 1e-20
7579.9077 5.21807e-15 1e-20
7582.9295 5.36272e-15 1e-20
7585.9513 5.51696e-15 1e-20
7588.973 5.56562e-15 1e-20
7591.9948 5.42203e-15 1e-20
7595.0166 5.41937e-15 1e-20
7598.0384 5.53887e-15 1e-20
7601.0602 5.37662e-15 1e-20
7604.082 5.43618e-15 1e-20
7607.1038 5.73083e-15 1e-20
7610.1255 5.80713e-15 1e-20
7613.1473 5.74263e-15 1e-20
7616.1691 5.75648e-15 1e-20
7619.1909 5.87568e-15 1e-20
7622.2127 6.02142e-15 1e-20
7625.2345 5.99109e-15 1e-20
7628.2563 6.13276e-15 1e-20
7631.278 6.0424e-15 1e-20
7634.2998 6.12238e-15 1e-20
7637.3216 6.14465e-15 1e-20
7640.3434 6.31461e-15 1e-20
7643.3652 6.25371e-15 1e-20
7646.387 6.31797e-15 1e-20
7649.4088 6.47606e-15 1e-20
7652.4305 6.50513e-15 1e-20
7655.4523 6.65173e-15 1e-20
7658.4741 6.6434e-15 1e-20
7661.4959 6.62924e-15 1e-20
7664.5177 6.71204e-15 1e-20
7667.5395 6.70924e-15 1e-20
7670.5612 6.74023e-15 1e-20
7673.583 6.78558e-15 1e-20
7676.6048 6.85822e-15 1e-20
7679.6266 6.67103e-15 1e-20
7682.6484 6.74943e-15 1e-20
7685.6702 6.79855e-15 1e-20
7688.692 6.82298e-15 1e-20
7691.7137 6.93152e-15 1e-20
7694.7355 6.91089e-15 1e-20
7697.7573 6.86326e-15 1e-20
7700.7791 6.88206e-15 1e-20
7703.8009 7.07611e-15 1e-20
7706.8227 7.07237e-15 1e-20
7709.8445 6.91157e-15 1e-20
7712.8662 6.93575e-15 1e-20
7715.888 6.96231e-15 1e-20
7718.9098 6.99299e-15 1e-20
7721.9316 7.08053e-15 1e-20
7724.9534 7.2215e-15 1e-20
7727.9752 7.16967e-15 1e-20
7730.9969 7.1202e-15 1e-20
7734.0187 7.18494e-15 1e-20
7737.0405 7.16689e-15 1e-20
7740.0623 7.14764e-15 1e-20
7743.0841 7.23729e-15 1e-20
7746.1059 7.1926e-15 1e-20
7749.1277 7.17907e-15 1e-20
7752.1494 7.14793e-15 1e-20
7755.1712 7.35678e-15 1e-20
7758.193 7.37354e-15 1e-20
7761.2148 7.42737e-15 1e-20
7764.2366 7.35057e-15 1e-20
7767.2584 7.22054e-15 1e-20
7770.2802 7.32523e-15 1e-20
7773.3019 7.35869e-15 1e-20
7776.3237 7.28341e-15 1e-20
7779.3455 7.25164e-15 1e-20
7782.3673 7.22241e-15 1e-20
7785.3891 7.48054e-15 1e-20
7788.4109 7.47137e-15 1e-20
7791.4327 7.27703e-15 1e-20
7794.4544 7.30804e-15 1e-20
7797.4762 7.56746e-15 1e-20
7800.498 7.52149e-15 1e-20
7803.5198 7.34681e-15 1e-20
7806.5416 7.25969e-15 1e-20
7809.5634 7.27175e-15 1e-20
7812.5852 7.26657e-15 1e-20
7815.6069 7.36125e-15 1e-20
7818.6287 7.35506e-15 1e-20
7821.6505 7.22273e-15 1e-20
7824.6723 7.20579e-15 1e-20
7827.6941 7.12809e-15 1e-20
7830.7159 7.13962e-15 1e-20
7833.7376 7.13622e-15 1e-20
7836.7594 7.21722e-15 1e-20
7839.7812 7.00652e-15 1e-20
7842.803 7.02905e-15 1e-20
7845.8248 7.12999e-15 1e-20
7848.8466 7.13264e-15 1e-20
7851.8684 7.06192e-15 1e-20
7854.8901 6.91573e-15 1e-20
7857.9119 6.99248e-15 1e-20
7860.9337 6.82653e-15 1e-20
7863.9555 6.609e-15 1e-20
7866.9773 6.70585e-15 1e-20
7869.9991 6.81864e-15 1e-20
7873.0209 6.75185e-15 1e-20
7876.0426 6.66155e-15 1e-20
7879.0644 6.77833e-15 1e-20
7882.0862 6.79927e-15 1e-20
7885.108 6.6567e-15 1e-20
7888.1298 6.64379e-15 1e-20
7891.1516 6.578e-15 1e-20
7894.1733 6.50914e-15 1e-20
7897.1951 6.54019e-15 1e-20
7900.2169 6.47278e-15 1e-20
7903.2387 6.42904e-15 1e-20
7906.2605 6.34049e-15 1e-20
7909.2823 6.37259e-15 1e-20
7912.3041 6.42142e-15 1e-20
7915.3258 6.33489e-15 1e-20
7918.3476 6.2699e-15 1e-20
7921.3694 6.20919e-15 1e-20
7924.3912 6.13418e-15 1e-20
7927.413 6.23212e-15 1e-20
7930.4348 6.21334e-15 1e-20
7933.4566 6.06336e-15 1e-20
7936.4783 6.13424e-15 1e-20
7939.5001 6.01742e-15 1e-20
7942.5219 5.86197e-15 1e-20
7945.5437 6.02242e-15 1e-20
7948.5655 6.0678e-15 1e-20
7951.5873 5.99526e-15 1e-20
7954.6091 5.91218e-15 1e-20
7957.6308 5.85368e-15 1e-20
7960.6526 5.83977e-15 1e-20
7963.6744 5.86811e-15 1e-20
7966.6962 5.92755e-15 1e-20
7969.718 5.9151e-15 1e-20
7972.7398 5.78386e-15 1e-20
7975.7616 5.6354e-15 1e-20
7978.7833 5.68794e-15 1e-20
7981.8051 5.69498e-15 1e-20
7984.8269 5.55316e-15 1e-20
7987.8487 5.4602e-15 1e-20
7990.8705 5.45985e-15 1e-20
7993.8923 5.46128e-15 1e-20
7996.914 5.42652e-15 1e-20
7999.9358 5.29388e-15 1e-20
8002.9576 5.15642e-15 1e-20
8005.9794 5.10943e-15 1e-20
8009.0012 5.1459e-15 1e-20
8012.023 5.02445e-15 1e-20
8015.0448 5.00559e-15 1e-20
8018.0665 4.94895e-15 1e-20
8021.0883 4.94186e-15 1e-20
8024.1101 4.83174e-15 1e-20
8027.1319 4.67705e-15 1e-20
8030.1537 4.70944e-15 1e-20
8033.1755 4.69592e-15 1e-20
8036.1973 4.68606e-15 1e-20
8039.219 4.63308e-15 1e-20
8042.2408 4.58296e-15 1e-20
8045.2626 4.48469e-15 1e-20
8048.2844 4.52631e-15 1e-20
8051.3062 4.49942e-15 1e-20
8054.328 4.33069e-15 1e-20
8057.3497 4.32531e-15 1e-20
8060.3715 4.30745e-15 1e-20
8063.3933 4.25687e-15 1e-20
8066.4151 4.22154e-15 1e-20
8069.4369 4.19956e-15 1e-20
8072.4587 4.10041e-15 1e-20
8075.4805 4.1291e-15 1e-20
8078.5022 4.02417e-15 1e-20
8081.524 4.0224e-15 1e-20
8084.5458 3.96443e-15 1e-20
8087.5676 3.88746e-15 1e-20
8090.5894 3.91509e-15 1e-20
8093.6112 3.81179e-15 1e-20
8096.633 3.74699e-15 1e-20
8099.6547 3.75392e-15 1e-20
8102.6765 3.61353e-15 1e-20
8105.6983 3.51039e-15 1e-20
8108.7201 3.56601e-15 1e-20
8111.7419 3.55603e-15 1e-20
8114.7637 3.43874e-15 1e-20
8117.7855 3.42815e-15 1e-20
8120.8072 3.38732e-15 1e-20
8123.829 3.4182e-15 1e-20
8126.8508 3.43323e-15 1e-20
8129.8726 3.34483e-15 1e-20
8132.8944 3.30144e-15 1e-20
8135.9162 3.25917e-15 1e-20
8138.938 3.25848e-15 1e-20
8141.9597 3.13791e-15 1e-20
8144.9815 3.13741e-15 1e-20
8148.0033 3.15075e-15 1e-20
8151.0251 3.07144e-15 1e-20
8154.0469 2.94905e-15 1e-20
8157.0687 2.96704e-15 1e-20
8160.0904 2.93484e-15 1e-20
8163.1122 2.90258e-15 1e-20
8166.134 2.93174e-15 1e-20
8169.1558 2.81475e-15 1e-20
8172.1776 2.64702e-15 1e-20
8175.1994 2.65877e-15 1e-20
8178.2212 2.78337e-15 1e-20
8181.2429 2.82992e-15 1e-20
8184.2647 2.84141e-15 1e-20
8187.2865 2.85911e-15 1e-20
8190.3083 2.80956e-15 1e-20
8193.3301 2.82173e-15 1e-20
8196.3519 2.83332e-15 1e-20
8199.3737 2.78398e-15 1e-20
8202.3954 2.77585e-15 1e-20
8205.4172 2.75058e-15 1e-20
8208.439 2.81051e-15 1e-20
8211.4608 2.71982e-15 1e-20
8214.4826 2.73079e-15 1e-20
8217.5044 2.7301e-15 1e-20
8220.5261 2.70437e-15 1e-20
8223.5479 2.66946e-15 1e-20
8226.5697 2.66673e-15 1e-20
8229.5915 2.6736e-15 1e-20
8232.6133 2.70617e-15 1e-20
8235.6351 2.7472e-15 1e-20
8238.6569 2.71569e-15 1e-20
8241.6786 2.7601e-15 1e-20
8244.7004 2.70158e-15 1e-20
8247.7222 2.69173e-15 1e-20
8250.744 2.77137e-15 1e-20
8253.7658 2.83044e-15 1e-20
8256.7876 2.86695e-15 1e-20
8259.8094 2.77332e-15 1e-20
8262.8311 2.71082e-15 1e-20
8265.8529 2.77084e-15 1e-20
8268.8747 2.80392e-15 1e-20
8271.8965 2.80829e-15 1e-20
8274.9183 2.88207e-15 1e-20
8277.9401 2.92962e-15 1e-20
8280.9619 2.89312e-15 1e-20
8283.9836 2.93396e-15 1e-20
8287.0054 3.03895e-15 1e-20
8290.0272 3.04674e-15 1e-20
8293.049 3.09547e-15 1e-20
8296.0708 3.12499e-15 1e-20
8299.0926 3.12125e-15 1e-20
8302.1144 3.0895e-15 1e-20
8305.1361 3.11919e-15 1e-20
8308.1579 3.19353e-15 1e-20
8311.1797 3.12148e-15 1e-20
8314.2015 3.16168e-15 1e-20
8317.2233 3.14897e-15 1e-20
8320.2451 3.23408e-15 1e-20
8323.2668 3.26585e-15 1e-20
8326.2886 3.30761e-15 1e-20
8329.3104 3.3882e-15 1e-20
8332.3322 3.32368e-15 1e-20
8335.354 3.30014e-15 1e-20
8338.3758 3.32758e-15 1e-20
8341.3976 3.35423e-15 1e-20
8344.4193 3.36228e-15 1e-20
8347.4411 3.41683e-15 1e-20
8350.4629 3.47027e-15 1e-20
8353.4847 3.58141e-15 1e-20
8356.5065 3.5482e-15 1e-20
8359.5283 3.51532e-15 1e-20
8362.5501 3.62598e-15 1e-20
8365.5718 3.6455e-15 1e-20
8368.5936 3.56234e-15 1e-20
8371.6154 3.66705e-15 1e-20
8374.6372 3.82744e-15 1e-20
8377.659 3.82082e-15 1e-20
8380.6808 3.72505e-15 1e-20
8383.7025 3.90032e-15 1e-20
8386.7243 3.95655e-15 1e-20
8389.7461 3.99645e-15 1e-20
8392.7679 4.05905e-15 1e-20
8395.7897 4.06385e-15 1e-20
8398.8115 4.19001e-15 1e-20
8401.8333 4.19961e-15 1e-20
8404.855 4.16539e-15 1e-20
8407.8768 4.07657e-15 1e-20
8410.8986 4.1665e-15 1e-20
8413.9204 4.39347e-15 1e-20
8416.9422 4.3997e-15 1e-20
8419.964 4.40458e-15 1e-20
8422.9858 4.40811e-15 1e-20
8426.0075 4.41915e-15 1e-20
8429.0293 4.43751e-15 1e-20
8432.0511 4.50907e-15 1e-20
8435.0729 4.49064e-15 1e-20
8438.0947 4.47463e-15 1e-20
8441.1165 4.49931e-15 1e-20
8444.1383 4.48896e-15 1e-20
8447.16 4.5055e-15 1e-20
8450.1818 4.58887e-15 1e-20
8453.2036 4.81968e-15 1e-20
8456.2254 4.73144e-15 1e-20
8459.2472 4.71134e-15 1e-20
8462.269 4.72093e-15 1e-20
8465.2908 4.81294e-15 1e-20
8468.3125 4.7173e-15 1e-20
8471.3343 4.73817e-15 1e-20
8474.3561 4.95637e-15 1e-20
8477.3779 5.0189e-15 1e-20
8480.3997 4.96705e-15 1e-20
8483.4215 4.91762e-15 1e-20
8486.4433 4.91037e-15 1e-20
8489.465 4.93525e-15 1e-20
8492.4868 4.89669e-15 1e-20
8495.5086 4.99104e-15 1e-20
8498.5304 4.937e-15 1e-20
8501.5522 4.89248e-15 1e-20
8504.574 5.11955e-15 1e-20
8507.5957 4.87421e-15 1e-20
8510.6175 4.8957e-15 1e-20
8513.6393 5.04594e-15 1e-20
8516.6611 5.23245e-15 1e-20
8519.6829 5.07042e-15 1e-20
8522.7047 5.19863e-15 1e-20
8525.7265 5.24065e-15 1e-20
8528.7482 4.99131e-15 1e-20
8531.77 5.09596e-15 1e-20
8534.7918 5.12843e-15 1e-20
8537.8136 5.06351e-15 1e-20
8540.8354 5.15681e-15 1e-20
8543.8572 5.23329e-15 1e-20
8546.879 5.10171e-15 1e-20
8549.9007 5.09065e-15 1e-20
8552.9225 5.14419e-15 1e-20
8555.9443 5.13128e-15 1e-20
8558.9661 5.29595e-15 1e-20
8561.9879 5.26373e-15 1e-20
8565.0097 5.1755e-15 1e-20
8568.0314 5.02609e-15 1e-20
8571.0532 4.981e-15 1e-20
8574.075 5.02149e-15 1e-20
8577.0968 5.0202e-15 1e-20
8580.1186 4.9788e-15 1e-20
8583.1404 5.07315e-15 1e-20
8586.1622 5.16557e-15 1e-20
8589.1839 5.17716e-15 1e-20
8592.2057 5.00883e-15 1e-20
8595.2275 5.07972e-15 1e-20
8598.2493 5.04338e-15 1e-20
8601.2711 5.09268e-15 1e-20
8604.2929 5.03661e-15 1e-20
8607.3147 4.93109e-15 1e-20
8610.3364 5.06725e-15 1e-20
8613.3582 4.862e-15 1e-20
8616.38 5.00751e-15 1e-20
8619.4018 5.03102e-15 1e-20
8622.4236 4.92339e-15 1e-20
8625.4454 4.91748e-15 1e-20
8628.4672 4.87407e-15 1e-20
8631.4889 4.79172e-15 1e-20
8634.5107 4.69849e-15 1e-20
8637.5325 4.67832e-15 1e-20
8640.5543 4.77765e-15 1e-20
8643.5761 4.80995e-15 1e-20
8646.5979 4.87066e-15 1e-20
8649.6197 4.98195e-15 1e-20
8652.6414 4.85339e-15 1e-20
8655.6632 4.90716e-15 1e-20
8658.685 4.94749e-15 1e-20
8661.7068 4.77828e-15 1e-20
8664.7286 4.7011e-15 1e-20
8667.7504 4.70584e-15 1e-20
8670.7721 4.71133e-15 1e-20
8673.7939 4.64603e-15 1e-20
8676.8157 4.45979e-15 1e-20
8679.8375 4.56255e-15 1e-20
8682.8593 4.87583e-15 1e-20
8685.8811 4.94827e-15 1e-20
8688.9029 4.77531e-15 1e-20
8691.9246 4.63568e-15 1e-20
8694.9464 4.79634e-15 1e-20
8697.9682 4.65199e-15 1e-20
8700.99 4.57947e-15 1e-20
8704.0118 4.57525e-15 1e-20
8707.0336 4.6108e-15 1e-20
8710.0554 4.51508e-15 1e-20
8713.0771 4.32216e-15 1e-20
8716.0989 4.33699e-15 1e-20
8719.1207 4.25975e-15 1e-20
8722.1425 4.47482e-15 1e-20
8725.1643 4.38377e-15 1e-20
8728.1861 4.30062e-15 1e-20
8731.2078 4.31494e-15 1e-20
8734.2296 4.20251e-15 1e-20
8737.2514 4.2268e-15 1e-20
8740.2732 4.29444e-15 1e-20
8743.295 4.32933e-15 1e-20
8746.3168 4.21503e-15 1e-20
8749.3386 4.1558e-15 1e-20
8752.3603 4.07322e-15 1e-20
8755.3821 4.04938e-15 1e-20
8758.4039 4.07989e-15 1e-20
8761.4257 4.027e-15 1e-20
8764.4475 3.94142e-15 1e-20
8767.4693 3.99535e-15 1e-20
8770.4911 3.88018e-15 1e-20
8773.5128 3.83544e-15 1e-20
8776.5346 3.78759e-15 1e-20
8779.5564 3.8394e-15 1e-20
8782.5782 3.75556e-15 1e-20
8785.6 3.56041e-15 1e-20
8788.6218 3.58196e-15 1e-20
8791.6436 3.50322e-15 1e-20
8794.6653 3.3529e-15 1e-20
8797.6871 3.48042e-15 1e-20
8800.7089 3.45742e-15 1e-20
8803.7307 3.31515e-15 1e-20
8806.7525 3.16677e-15 1e-20
8809.7743 3.1077e-15 1e-20
8812.7961 3.10874e-15 1e-20
8815.8178 3.06209e-15 1e-20
8818.8396 2.93783e-15 1e-20
8821.8614 2.93179e-15 1e-20
8824.8832 3.01762e-15 1e-20
8827.905 2.93033e-15 1e-20
8830.9268 2.91481e-15 1e-20
8833.9485 2.86375e-15 1e-20
8836.9703 2.797e-15 1e-20
8839.9921 2.89919e-15 1e-20
8843.0139 2.79687e-15 1e-20
8846.0357 2.62905e-15 1e-20
8849.0575 2.67354e-15 1e-20
8852.0793 2.62453e-15 1e-20
8855.101 2.5123e-15 1e-20
8858.1228 2.51821e-15 1e-20
8861.1446 2.38784e-15 1e-20
8864.1664 2.52806e-15 1e-20
8867.1882 2.4587e-15 1e-20
8870.21 2.37379e-15 1e-20
8873.2318 2.34285e-15 1e-20
8876.2535 2.29158e-15 1e-20
8879.2753 2.38331e-15 1e-20
8882.2971 2.35019e-15 1e-20
8885.3189 2.35461e-15 1e-20
8888.3407 2.26041e-15 1e-20
8891.3625 2.20704e-15 1e-20
8894.3842 2.31714e-15 1e-20
8897.406 2.29985e-15 1e-20
8900.4278 2.28876e-15 1e-20
8903.4496 2.27065e-15 1e-20
8906.4714 2.16672e-15 1e-20
8909.4932 2.08549e-15 1e-20
8912.515 2.25274e-15 1e-20
8915.5367 2.38209e-15 1e-20
8918.5585 2.28181e-15 1e-20
8921.5803 2.3806e-15 1e-20
8924.6021 2.34805e-15 1e-20
8927.6239 2.25636e-15 1e-20
8930.6457 2.40408e-15 1e-20
8933.6675 2.5868e-15 1e-20
8936.6892 2.50395e-15 1e-20
8939.711 2.53289e-15 1e-20
8942.7328 2.5703e-15 1e-20
8945.7546 2.4577e-15 1e-20
8948.7764 2.41873e-15 1e-20
8951.7982 2.48236e-15 1e-20
8954.82 2.47552e-15 1e-20
8957.8417 2.51473e-15 1e-20
8960.8635 2.69538e-15 1e-20
8963.8853 2.71884e-15 1e-20
8966.9071 2.74848e-15 1e-20
8969.9289 2.78278e-15 1e-20
8972.9507 2.71863e-15 1e-20
8975.9725 2.7345e-15 1e-20
8978.9942 2.78274e-15 1e-20
8982.016 2.71691e-15 1e-20
8985.0378 2.80208e-15 1e-20
8988.0596 2.75959e-15 1e-20
8991.0814 2.8034e-15 1e-20
8994.1032 2.74619e-15 1e-20
8997.1249 2.83234e-15 1e-20
9000.1467 2.88853e-15 1e-20
9003.1685 2.82505e-15 1e-20
9006.1903 2.70156e-15 1e-20
9009.2121 2.74218e-15 1e-20
9012.2339 2.96149e-15 1e-20
9015.2557 2.85987e-15 1e-20
9018.2774 2.80439e-15 1e-20
9021.2992 2.84593e-15 1e-20
9024.321 2.83161e-15 1e-20
9027.3428 2.82147e-15 1e-20
9030.3646 2.77209e-15 1e-20
9033.3864 2.82479e-15 1e-20
9036.4082 2.78938e-15 1e-20
9039.4299 2.7793e-15 1e-20
9042.4517 2.74371e-15 1e-20
9045.4735 2.74521e-15 1e-20
9048.4953 2.86811e-15 1e-20
9051.5171 2.805e-15 1e-20
9054.5389 2.77278e-15 1e-20
9057.5606 2.89163e-15 1e-20
9060.5824 2.93967e-15 1e-20
9063.6042 2.68138e-15 1e-20
9066.626 2.69973e-15 1e-20
9069.6478 2.88272e-15 1e-20
9072.6696 2.81251e-15 1e-20
9075.6914 2.86901e-15 1e-20
9078.7131 2.96176e-15 1e-20
9081.7349 2.95872e-15 1e-20
9084.7567 2.85029e-15 1e-20
9087.7785 2.80956e-15 1e-20
9090.8003 2.77488e-15 1e-20
9093.8221 2.95721e-15 1e-20
9096.8439 2.96839e-15 1e-20
9099.8656 2.97044e-15 1e-20
9102.8874 3.02696e-15 1e-20
9105.9092 2.93275e-15 1e-20
9108.931 2.84281e-15 1e-20
9111.9528 3.00889e-15 1e-20
9114.9746 3.16333e-15 1e-20
9117.9964 3.15969e-15 1e-20
9121.0181 3.11574e-15 1e-20
9124.0399 3.18448e-15 1e-20
9127.0617 3.33024e-15 1e-20
9130.0835 3.20918e-15 1e-20
9133.1053 3.14064e-15 1e-20
9136.1271 3.18448e-15 1e-20
9139.1489 3.28843e-15 1e-20
9142.1706 3.41683e-15 1e-20
9145.1924 3.43577e-15 1e-20
9148.2142 3.45309e-15 1e-20
9151.236 3.39453e-15 1e-20
9154.2578 3.34406e-15 1e-20
9157.2796 3.58364e-15 1e-20
9160.3013 3.55766e-15 1e-20
9163.3231 3.39478e-15 1e-20
9166.3449 3.61065e-15 1e-20
9169.3667 3.72106e-15 1e-20
9172.3885 3.59241e-15 1e-20
9175.4103 3.69528e-15 1e-20
