3800.0 7.752751615e-17 1e-20
3804.833141 1.380883006e-16 1e-20
3809.666283 1.326092018e-16 1e-20
3814.499424 -9.389089567e-17 1e-20
3819.332565 -3.589170559e-16 1e-20
3824.165707 5.594868345e-17 1e-20
3828.998848 1.838156787e-16 1e-20
3833.831989 1.335323354e-16 1e-20
3838.665131 1.425943703e-16 1e-20
3843.498272 1.90207204e-16 1e-20
3848.331413 2.07791833e-16 1e-20
3853.164555 1.80311649e-16 1e-20
3857.997696 1.625573884e-16 1e-20
3862.830837 2.12892533e-16 1e-20
3867.663979 2.473221857e-16 1e-20
3872.49712 2.58238958e-16 1e-20
3877.330261 2.628292149e-16 1e-20
3882.163403 2.525305912e-16 1e-20
3886.996544 2.743955027e-16 1e-20
3891.829685 3.249996862e-16 1e-20
3896.662827 2.685254056e-16 1e-20
3901.495968 2.674803787e-16 1e-20
3906.329109 3.192311801e-16 1e-20
3911.162251 3.335213406e-16 1e-20
3915.995392 3.061676027e-16 1e-20
3920.828533 3.333286141e-16 1e-20
3925.661674 3.243697319e-16 1e-20
3930.494816 3.199475582e-16 1e-20
3935.327957 3.628521063e-16 1e-20
3940.161098 3.934228753e-16 1e-20
3944.99424 3.951817128e-16 1e-20
3949.827381 3.288870645e-16 1e-20
3954.660522 3.182204315e-16 1e-20
3959.493664 3.280609427e-16 1e-20
3964.326805 2.8942597e-16 1e-20
3969.159946 3.090520146e-16 1e-20
3973.993088 3.229321582e-16 1e-20
3978.826229 3.03073656e-16 1e-20
3983.65937 2.9886062e-16 1e-20
3988.492512 3.112183807e-16 1e-20
3993.325653 3.05315064e-16 1e-20
3998.158794 3.026416163e-16 1e-20
4002.991936 3.05941339e-16 1e-20
4007.825077 2.903839378e-16 1e-20
4012.658218 2.732887218e-16 1e-20
4017.49136 2.790164115e-16 1e-20
4022.324501 2.570488503e-16 1e-20
4027.157642 2.570431857e-16 1e-20
4031.990784 2.900095757e-16 1e-20
4036.823925 2.655814631e-16 1e-20
4041.657066 2.440856198e-16 1e-20
4046.490208 2.437702589e-16 1e-20
4051.323349 2.412469212e-16 1e-20
4056.15649 2.715104291e-16 1e-20
4060.989632 3.19275914e-16 1e-20
4065.822773 3.303574078e-16 1e-20
4070.655914 3.178940856e-16 1e-20
4075.489056 2.972904327e-16 1e-20
4080.322197 3.155685567e-16 1e-20
4085.155338 3.515960443e-16 1e-20
4089.98848 3.712503056e-16 1e-20
4094.821621 3.721155762e-16 1e-20
4099.654762 3.850316905e-16 1e-20
4104.487904 3.768246824e-16 1e-20
4109.321045 3.426042337e-16 1e-20
4114.154186 3.421988755e-16 1e-20
4118.987328 3.556831106e-16 1e-20
4123.820469 3.519782414e-16 1e-20
4128.65361 3.598630858e-16 1e-20
4133.486752 3.267725526e-16 1e-20
4138.319893 3.542542454e-16 1e-20
4143.153034 3.484329586e-16 1e-20
4147.986176 3.327858777e-16 1e-20
4152.819317 3.336370135e-16 1e-20
4157.652458 3.181283961e-16 1e-20
4162.4856 3.11018481e-16 1e-20
4167.318741 3.239262307e-16 1e-20
4172.151882 3.065723521e-16 1e-20
4176.985023 3.130063085e-16 1e-20
4181.818165 3.143947278e-16 1e-20
4186.651306 3.115089395e-16 1e-20
4191.484447 3.003486716e-16 1e-20
4196.317589 3.059643148e-16 1e-20
4201.15073 2.884808136e-16 1e-20
4205.983871 2.969248056e-16 1e-20
4210.817013 3.026954823e-16 1e-20
4215.650154 2.999402164e-16 1e-20
4220.483295 3.167245449e-16 1e-20
4225.316437 2.900556596e-16 1e-20
4230.149578 2.956311481e-16 1e-20
4234.982719 3.087638381e-16 1e-20
4239.815861 2.996592927e-16 1e-20
4244.649002 2.955347451e-16 1e-20
4249.482143 2.90682411e-16 1e-20
4254.315285 2.771396512e-16 1e-20
4259.148426 2.969053239e-16 1e-20
4263.981567 2.957009754e-16 1e-20
4268.814709 2.699233276e-16 1e-20
4273.64785 2.686148469e-16 1e-20
4278.480991 2.735792012e-16 1e-20
4283.314133 2.593107724e-16 1e-20
4288.147274 2.478806186e-16 1e-20
4292.980415 2.473973334e-16 1e-20
4297.813557 2.406674713e-16 1e-20
4302.646698 2.248130792e-16 1e-20
4307.479839 2.00971709e-16 1e-20
4312.312981 2.003891356e-16 1e-20
4317.146122 2.061701487e-16 1e-20
4321.979263 1.868348217e-16 1e-20
4326.812405 1.760500938e-16 1e-20
4331.645546 1.685520126e-16 1e-20
4336.478687 1.668727036e-16 1e-20
4341.311829 1.795417357e-16 1e-20
4346.14497 1.55887851e-16 1e-20
4350.978111 1.26437283e-16 1e-20
4355.811253 1.391885038e-16 1e-20
4360.644394 1.772563879e-16 1e-20
4365.477535 1.813788575e-16 1e-20
4370.310677 1.850852752e-16 1e-20
4375.143818 1.81074336e-16 1e-20
4379.976959 1.653518824e-16 1e-20
4384.810101 1.609934479e-16 1e-20
4389.643242 1.676213352e-16 1e-20
4394.476383 1.541096244e-16 1e-20
4399.309525 1.742789083e-16 1e-20
4404.142666 1.762815721e-16 1e-20
4408.975807 1.752327865e-16 1e-20
4413.808949 1.769474591e-16 1e-20
4418.64209 1.627994942e-16 1e-20
4423.475231 1.688786894e-16 1e-20
4428.308372 1.854380512e-16 1e-20
4433.141514 1.896800186e-16 1e-20
4437.974655 1.898843653e-16 1e-20
4442.807796 2.000365581e-16 1e-20
4447.640938 2.050771453e-16 1e-20
4452.474079 2.045009247e-16 1e-20
4457.30722 2.090666043e-16 1e-20
4462.140362 2.130129308e-16 1e-20
4466.973503 2.177723825e-16 1e-20
4471.806644 2.199658008e-16 1e-20
4476.639786 2.312043398e-16 1e-20
4481.472927 2.312977781e-16 1e-20
4486.306068 2.289489822e-16 1e-20
4491.13921 2.434267605e-16 1e-20
4495.972351 2.432206404e-16 1e-20
4500.805492 2.661211819e-16 1e-20
4505.638634 2.732895953e-16 1e-20
4510.471775 2.653568671e-16 1e-20
4515.304916 2.731905189e-16 1e-20
4520.138058 2.680283031e-16 1e-20
4524.971199 2.678482027e-16 1e-20
4529.80434 2.878448507e-16 1e-20
4534.637482 3.03623751e-16 1e-20
4539.470623 2.917155795e-16 1e-20
4544.303764 2.858835988e-16 1e-20
4549.136906 3.069165121e-16 1e-20
4553.970047 3.195473351e-16 1e-20
4558.803188 3.108430128e-16 1e-20
4563.63633 2.928169341e-16 1e-20
4568.469471 2.939483848e-16 1e-20
4573.302612 3.015305473e-16 1e-20
4578.135754 3.023356256e-16 1e-20
4582.968895 2.986343034e-16 1e-20
4587.802036 2.944882359e-16 1e-20
4592.635178 2.889846923e-16 1e-20
4597.468319 2.933755523e-16 1e-20
4602.30146 2.84513973e-16 1e-20
4607.134602 2.75338118e-16 1e-20
4611.967743 2.695410775e-16 1e-20
4616.800884 2.706301501e-16 1e-20
4621.634026 2.683508374e-16 1e-20
4626.467167 2.555440433e-16 1e-20
4631.300308 2.602113272e-16 1e-20
4636.13345 2.63495221e-16 1e-20
4640.966591 2.689773506e-16 1e-20
4645.799732 2.579567108e-16 1e-20
4650.632874 2.423344851e-16 1e-20
4655.466015 2.396568022e-16 1e-20
4660.299156 2.436345218e-16 1e-20
4665.132298 2.460119845e-16 1e-20
4669.965439 2.40388321e-16 1e-20
4674.79858 2.39617521e-16 1e-20
4679.631721 2.317152595e-16 1e-20
4684.464863 2.279430777e-16 1e-20
4689.298004 2.202512906e-16 1e-20
4694.131145 2.257230043e-16 1e-20
4698.964287 2.306624769e-16 1e-20
4703.797428 2.234150513e-16 1e-20
4708.630569 2.330297223e-16 1e-20
4713.463711 2.248304698e-16 1e-20
4718.296852 2.197331844e-16 1e-20
4723.129993 2.204042197e-16 1e-20
4727.963135 2.245458138e-16 1e-20
4732.796276 2.213344737e-16 1e-20
4737.629417 2.22154428e-16 1e-20
4742.462559 2.157862358e-16 1e-20
4747.2957 2.125057963e-16 1e-20
4752.128841 2.046549788e-16 1e-20
4756.961983 2.115725645e-16 1e-20
4761.795124 2.01408553e-16 1e-20
4766.628265 1.920225015e-16 1e-20
4771.461407 1.94324962e-16 1e-20
4776.294548 1.866141829e-16 1e-20
4781.127689 1.859576e-16 1e-20
4785.960831 1.866583742e-16 1e-20
4790.793972 1.85306192e-16 1e-20
4795.627113 1.832342435e-16 1e-20
4800.460255 1.829273793e-16 1e-20
4805.293396 1.815050919e-16 1e-20
4810.126537 1.88696256e-16 1e-20
4814.959679 1.8813286e-16 1e-20
4819.79282 1.909360494e-16 1e-20
4824.625961 1.843549343e-16 1e-20
4829.459103 1.902342032e-16 1e-20
4834.292244 1.835248155e-16 1e-20
4839.125385 1.744362579e-16 1e-20
4843.958527 1.646292972e-16 1e-20
4848.791668 1.684915953e-16 1e-20
4853.624809 1.727322129e-16 1e-20
4858.457951 1.71643577e-16 1e-20
4863.291092 1.645016202e-16 1e-20
4868.124233 1.621111476e-16 1e-20
4872.957375 1.60958574e-16 1e-20
4877.790516 1.699444686e-16 1e-20
4882.623657 1.606387397e-16 1e-20
4887.456799 1.474633539e-16 1e-20
4892.28994 1.535406697e-16 1e-20
4897.123081 1.470658043e-16 1e-20
4901.956223 1.444974945e-16 1e-20
4906.789364 1.513148127e-16 1e-20
4911.622505 1.581981995e-16 1e-20
4916.455647 1.549146233e-16 1e-20
4921.288788 1.55774203e-16 1e-20
4926.121929 1.587497106e-16 1e-20
4930.95507 1.606783914e-16 1e-20
4935.788212 1.548107559e-16 1e-20
4940.621353 1.615044206e-16 1e-20
4945.454494 1.655998513e-16 1e-20
4950.287636 1.57441627e-16 1e-20
4955.120777 1.549098323e-16 1e-20
4959.953918 1.629684905e-16 1e-20
4964.78706 1.635698442e-16 1e-20
4969.620201 1.603742933e-16 1e-20
4974.453342 1.656852031e-16 1e-20
4979.286484 1.739596165e-16 1e-20
4984.119625 1.765056652e-16 1e-20
4988.952766 1.777971258e-16 1e-20
4993.785908 1.637959491e-16 1e-20
4998.619049 1.73069782e-16 1e-20
5003.45219 1.784831033e-16 1e-20
5008.285332 1.73138471e-16 1e-20
5013.118473 1.6611539e-16 1e-20
5017.951614 1.689151515e-16 1e-20
5022.784756 1.751683326e-16 1e-20
5027.617897 1.702412213e-16 1e-20
5032.451038 1.797104806e-16 1e-20
5037.28418 1.84585089e-16 1e-20
5042.117321 1.712290735e-16 1e-20
5046.950462 1.666563926e-16 1e-20
5051.783604 1.804005345e-16 1e-20
5056.616745 1.794241702e-16 1e-20
5061.449886 1.81732957e-16 1e-20
5066.283028 1.818275468e-16 1e-20
5071.116169 1.864658727e-16 1e-20
5075.94931 1.864331693e-16 1e-20
5080.782452 1.840375748e-16 1e-20
5085.615593 1.878509833e-16 1e-20
5090.448734 1.903777223e-16 1e-20
5095.281876 1.94671372e-16 1e-20
5100.115017 2.053583338e-16 1e-20
5104.948158 2.036706206e-16 1e-20
5109.7813 1.99179824e-16 1e-20
5114.614441 2.059379558e-16 1e-20
5119.447582 2.102132884e-16 1e-20
5124.280724 2.178494228e-16 1e-20
5129.113865 2.115847803e-16 1e-20
5133.947006 2.143190027e-16 1e-20
5138.780148 2.171847269e-16 1e-20
5143.613289 2.242153121e-16 1e-20
5148.44643 2.294482552e-16 1e-20
5153.279572 2.30400135e-16 1e-20
5158.112713 2.236380062e-16 1e-20
5162.945854 2.27546481e-16 1e-20
5167.778996 2.340832724e-16 1e-20
5172.612137 2.2534401e-16 1e-20
5177.445278 2.220372463e-16 1e-20
5182.278419 2.240762134e-16 1e-20
5187.111561 2.236059249e-16 1e-20
5191.944702 2.168339759e-16 1e-20
5196.777843 2.163566993e-16 1e-20
5201.610985 2.271698689e-16 1e-20
5206.444126 2.327025558e-16 1e-20
5211.277267 2.285306538e-16 1e-20
5216.110409 2.321803865e-16 1e-20
5220.94355 2.290152361e-16 1e-20
5225.776691 2.336358802e-16 1e-20
5230.609833 2.388399977e-16 1e-20
5235.442974 2.382178785e-16 1e-20
5240.276115 2.433179697e-16 1e-20
5245.109257 2.409539802e-16 1e-20
5249.942398 2.278536363e-16 1e-20
5254.775539 2.31221651e-16 1e-20
5259.608681 2.289371238e-16 1e-20
5264.441822 2.250961205e-16 1e-20
5269.274963 2.266707018e-16 1e-20
5274.108105 2.279395572e-16 1e-20
5278.941246 2.23936903e-16 1e-20
5283.774387 2.221468047e-16 1e-20
5288.607529 2.211067145e-16 1e-20
5293.44067 2.130158955e-16 1e-20
5298.273811 2.065708482e-16 1e-20
5303.106953 2.040473783e-16 1e-20
5307.940094 2.06619685e-16 1e-20
5312.773235 2.084849442e-16 1e-20
5317.606377 2.044905353e-16 1e-20
5322.439518 2.090022431e-16 1e-20
5327.272659 2.126950155e-16 1e-20
5332.105801 2.105596455e-16 1e-20
5336.938942 2.114467537e-16 1e-20
5341.772083 2.026504224e-16 1e-20
5346.605225 1.978842739e-16 1e-20
5351.438366 2.063115767e-16 1e-20
5356.271507 2.08232621e-16 1e-20
5361.104649 2.100383894e-16 1e-20
5365.93779 2.173324945e-16 1e-20
5370.770931 2.09966471e-16 1e-20
5375.604073 1.98376453e-16 1e-20
5380.437214 2.007511098e-16 1e-20
5385.270355 2.054980281e-16 1e-20
5390.103497 2.078766686e-16 1e-20
5394.936638 2.068986235e-16 1e-20
5399.769779 2.114578048e-16 1e-20
5404.602921 2.090600134e-16 1e-20
5409.436062 2.009391644e-16 1e-20
5414.269203 1.994783899e-16 1e-20
5419.102345 1.987332524e-16 1e-20
5423.935486 1.958198031e-16 1e-20
5428.768627 1.999036666e-16 1e-20
5433.601768 2.000823906e-16 1e-20
5438.43491 2.025724027e-16 1e-20
5443.268051 1.955752356e-16 1e-20
5448.101192 1.882547137e-16 1e-20
5452.934334 1.841881746e-16 1e-20
5457.767475 1.767362038e-16 1e-20
5462.600616 1.71123062e-16 1e-20
5467.433758 1.864044364e-16 1e-20
5472.266899 1.901950676e-16 1e-20
5477.10004 1.778933434e-16 1e-20
5481.933182 1.754723115e-16 1e-20
5486.766323 1.792120281e-16 1e-20
5491.599464 1.796341417e-16 1e-20
5496.432606 1.823802358e-16 1e-20
5501.265747 1.791773395e-16 1e-20
5506.098888 1.857964785e-16 1e-20
5510.93203 1.814719517e-16 1e-20
5515.765171 1.85540026e-16 1e-20
5520.598312 1.940993733e-16 1e-20
5525.431454 1.947876538e-16 1e-20
5530.264595 1.924475135e-16 1e-20
5535.097736 1.922199263e-16 1e-20
5539.930878 1.910766701e-16 1e-20
5544.764019 1.879351969e-16 1e-20
5549.59716 1.89997034e-16 1e-20
5554.430302 1.934621796e-16 1e-20
5559.263443 1.88965017e-16 1e-20
5564.096584 1.896283099e-16 1e-20
5568.929726 1.885988208e-16 1e-20
5573.762867 1.80144307e-16 1e-20
5578.596008 1.931342455e-16 1e-20
5583.42915 1.985892038e-16 1e-20
5588.262291 1.977479678e-16 1e-20
5593.095432 1.887255449e-16 1e-20
5597.928574 1.888696993e-16 1e-20
5602.761715 1.907661134e-16 1e-20
5607.594856 1.838852545e-16 1e-20
5612.427998 1.831944991e-16 1e-20
5617.261139 1.938478707e-16 1e-20
5622.09428 1.904272605e-16 1e-20
5626.927422 1.849490617e-16 1e-20
5631.760563 1.837927558e-16 1e-20
5636.593704 1.804291086e-16 1e-20
5641.426846 1.936880594e-16 1e-20
5646.259987 1.878670108e-16 1e-20
5651.093128 1.782124763e-16 1e-20
5655.92627 1.748598537e-16 1e-20
5660.759411 1.745585218e-16 1e-20
5665.592552 1.76300948e-16 1e-20
5670.425694 1.801809544e-16 1e-20
5675.258835 1.805538342e-16 1e-20
5680.091976 1.756452915e-16 1e-20
5684.925117 1.768159307e-16 1e-20
5689.758259 1.689958976e-16 1e-20
5694.5914 1.690113162e-16 1e-20
5699.424541 1.801123448e-16 1e-20
5704.257683 1.736142124e-16 1e-20
5709.090824 1.726321703e-16 1e-20
5713.923965 1.722861971e-16 1e-20
5718.757107 1.638257805e-16 1e-20
5723.590248 1.643693772e-16 1e-20
5728.423389 1.661754102e-16 1e-20
5733.256531 1.686895628e-16 1e-20
5738.089672 1.631992144e-16 1e-20
5742.922813 1.613888403e-16 1e-20
5747.755955 1.615705421e-16 1e-20
5752.589096 1.575116925e-16 1e-20
5757.422237 1.498530192e-16 1e-20
5762.255379 1.511255009e-16 1e-20
5767.08852 1.521788657e-16 1e-20
5771.921661 1.465744855e-16 1e-20
5776.754803 1.443461403e-16 1e-20
5781.587944 1.418727909e-16 1e-20
5786.421085 1.475514453e-16 1e-20
5791.254227 1.422356651e-16 1e-20
5796.087368 1.358368209e-16 1e-20
5800.920509 1.312863746e-16 1e-20
5805.753651 1.306432119e-16 1e-20
5810.586792 1.306566718e-16 1e-20
5815.419933 1.334023688e-16 1e-20
5820.253075 1.348408292e-16 1e-20
5825.086216 1.355900961e-16 1e-20
5829.919357 1.487809004e-16 1e-20
5834.752499 1.515026158e-16 1e-20
5839.58564 1.448023867e-16 1e-20
5844.418781 1.447152614e-16 1e-20
5849.251923 1.47374561e-16 1e-20
5854.085064 1.572948124e-16 1e-20
5858.918205 1.435934324e-16 1e-20
5863.751347 1.439267267e-16 1e-20
5868.584488 1.475741167e-16 1e-20
5873.417629 1.527617038e-16 1e-20
5878.250771 1.507625605e-16 1e-20
5883.083912 1.517048846e-16 1e-20
5887.917053 1.489753739e-16 1e-20
5892.750195 1.403329909e-16 1e-20
5897.583336 1.563303727e-16 1e-20
5902.416477 1.623262146e-16 1e-20
5907.249619 1.474866606e-16 1e-20
5912.08276 1.405040253e-16 1e-20
5916.915901 1.44415597e-16 1e-20
5921.749043 1.539758064e-16 1e-20
5926.582184 1.535661734e-16 1e-20
5931.415325 1.497910137e-16 1e-20
5936.248466 1.48196633e-16 1e-20
5941.081608 1.495913521e-16 1e-20
5945.914749 1.602876313e-16 1e-20
5950.74789 1.535745246e-16 1e-20
5955.581032 1.474383135e-16 1e-20
5960.414173 1.510924533e-16 1e-20
5965.247314 1.585585459e-16 1e-20
5970.080456 1.478710415e-16 1e-20
5974.913597 1.392808171e-16 1e-20
5979.746738 1.342909857e-16 1e-20
5984.57988 1.416872245e-16 1e-20
5989.413021 1.467075226e-16 1e-20
5994.246162 1.470850081e-16 1e-20
5999.079304 1.436466764e-16 1e-20
6003.912445 1.522684792e-16 1e-20
6008.745586 1.55098853e-16 1e-20
6013.578728 1.458054457e-16 1e-20
6018.411869 1.60091424e-16 1e-20
6023.24501 1.617450044e-16 1e-20
6028.078152 1.444349332e-16 1e-20
6032.911293 1.427431702e-16 1e-20
6037.744434 1.443579591e-16 1e-20
6042.577576 1.362744193e-16 1e-20
6047.410717 1.278664394e-16 1e-20
6052.243858 1.289570207e-16 1e-20
6057.077 1.234675061e-16 1e-20
6061.910141 1.204675801e-16 1e-20
6066.743282 1.156461759e-16 1e-20
6071.576424 1.146875067e-16 1e-20
6076.409565 1.047419701e-16 1e-20
6081.242706 8.766550791e-17 1e-20
6086.075848 8.626642124e-17 1e-20
6090.908989 8.297764377e-17 1e-20
6095.74213 8.456925176e-17 1e-20
6100.575272 8.310165468e-17 1e-20
6105.408413 6.882347175e-17 1e-20
6110.241554 5.920740449e-17 1e-20
6115.074696 6.199628032e-17 1e-20
6119.907837 6.740807308e-17 1e-20
6124.740978 6.56537752e-17 1e-20
6129.57412 5.768974644e-17 1e-20
6134.407261 5.468367283e-17 1e-20
6139.240402 5.960145348e-17 1e-20
6144.073544 6.191716215e-17 1e-20
6148.906685 5.486557978e-17 1e-20
6153.739826 4.790075541e-17 1e-20
6158.572968 5.437211691e-17 1e-20
6163.406109 6.414833958e-17 1e-20
6168.23925 6.384393049e-17 1e-20
6173.072392 6.150165278e-17 1e-20
6177.905533 6.360652304e-17 1e-20
6182.738674 6.46058631e-17 1e-20
6187.571815 7.672646121e-17 1e-20
6192.404957 8.008514537e-17 1e-20
6197.238098 7.884809345e-17 1e-20
6202.071239 7.878021832e-17 1e-20
6206.904381 8.188734693e-17 1e-20
6211.737522 8.607343007e-17 1e-20
6216.570663 8.687572909e-17 1e-20
6221.403805 8.540420787e-17 1e-20
6226.236946 8.51017774e-17 1e-20
6231.070087 9.139795197e-17 1e-20
6235.903229 9.773217023e-17 1e-20
6240.73637 9.958058803e-17 1e-20
6245.569511 1.061086379e-16 1e-20
6250.402653 1.092795586e-16 1e-20
6255.235794 1.071937334e-16 1e-20
6260.068935 1.116574845e-16 1e-20
6264.902077 1.179636713e-16 1e-20
6269.735218 1.222180531e-16 1e-20
6274.568359 1.197358495e-16 1e-20
6279.401501 1.211466755e-16 1e-20
6284.234642 1.198305451e-16 1e-20
6289.067783 1.225929578e-16 1e-20
6293.900925 1.199285892e-16 1e-20
6298.734066 1.207525934e-16 1e-20
6303.567207 1.333226683e-16 1e-20
6308.400349 1.363230707e-16 1e-20
6313.23349 1.352087459e-16 1e-20
6318.066631 1.414199194e-16 1e-20
6322.899773 1.423058629e-16 1e-20
6327.732914 1.416606488e-16 1e-20
6332.566055 1.466171548e-16 1e-20
6337.399197 1.397026263e-16 1e-20
6342.232338 1.406049811e-16 1e-20
6347.065479 1.427719296e-16 1e-20
6351.898621 1.425161124e-16 1e-20
6356.731762 1.426348294e-16 1e-20
6361.564903 1.416406509e-16 1e-20
6366.398045 1.400998848e-16 1e-20
6371.231186 1.394980414e-16 1e-20
6376.064327 1.41491904e-16 1e-20
6380.897469 1.413610506e-16 1e-20
6385.73061 1.350277985e-16 1e-20
6390.563751 1.318444237e-16 1e-20
6395.396893 1.35272869e-16 1e-20
6400.230034 1.387198828e-16 1e-20
6405.063175 1.40385679e-16 1e-20
6409.896317 1.38109e-16 1e-20
6414.729458 1.404150339e-16 1e-20
6419.562599 1.391966168e-16 1e-20
6424.395741 1.404201161e-16 1e-20
6429.228882 1.429349305e-16 1e-20
6434.062023 1.398338238e-16 1e-20
6438.895164 1.354472784e-16 1e-20
6443.728306 1.457845611e-16 1e-20
6448.561447 1.518713663e-16 1e-20
6453.394588 1.465082978e-16 1e-20
6458.22773 1.393879668e-16 1e-20
6463.060871 1.354447505e-16 1e-20
6467.894012 1.378753248e-16 1e-20
6472.727154 1.41084415e-16 1e-20
6477.560295 1.445258834e-16 1e-20
6482.393436 1.448878047e-16 1e-20
6487.226578 1.355471753e-16 1e-20
6492.059719 1.422942692e-16 1e-20
6496.89286 1.443055622e-16 1e-20
6501.726002 1.376423907e-16 1e-20
6506.559143 1.38964993e-16 1e-20
6511.392284 1.389586534e-16 1e-20
6516.225426 1.337141563e-16 1e-20
6521.058567 1.372761284e-16 1e-20
6525.891708 1.381540913e-16 1e-20
6530.72485 1.331643922e-16 1e-20
6535.557991 1.309633903e-16 1e-20
6540.391132 1.368627233e-16 1e-20
6545.224274 1.432355743e-16 1e-20
6550.057415 1.434022545e-16 1e-20
6554.890556 1.438976496e-16 1e-20
6559.723698 1.422959897e-16 1e-20
6564.556839 1.367199454e-16 1e-20
6569.38998 1.353219042e-16 1e-20
6574.223122 1.372733358e-16 1e-20
6579.056263 1.349796765e-16 1e-20
6583.889404 1.38423858e-16 1e-20
6588.722546 1.340031798e-16 1e-20
6593.555687 1.299347747e-16 1e-20
6598.388828 1.358747521e-16 1e-20
6603.22197 1.435901767e-16 1e-20
6608.055111 1.358859223e-16 1e-20
6612.888252 1.276760158e-16 1e-20
6617.721394 1.283043554e-16 1e-20
6622.554535 1.303520178e-16 1e-20
6627.387676 1.329231202e-16 1e-20
6632.220818 1.322320869e-16 1e-20
6637.053959 1.306835386e-16 1e-20
6641.8871 1.248848304e-16 1e-20
6646.720242 1.20833313e-16 1e-20
6651.553383 1.263734644e-16 1e-20
6656.386524 1.262255645e-16 1e-20
6661.219666 1.277029488e-16 1e-20
6666.052807 1.23087678e-16 1e-20
6670.885948 1.224909168e-16 1e-20
6675.71909 1.222227382e-16 1e-20
6680.552231 1.145091136e-16 1e-20
6685.385372 1.206383102e-16 1e-20
6690.218513 1.287712558e-16 1e-20
6695.051655 1.238541237e-16 1e-20
6699.884796 1.208905539e-16 1e-20
6704.717937 1.189433178e-16 1e-20
6709.551079 1.180497907e-16 1e-20
6714.38422 1.200725186e-16 1e-20
6719.217361 1.204490248e-16 1e-20
6724.050503 1.190469073e-16 1e-20
6728.883644 1.152772137e-16 1e-20
6733.716785 1.134857654e-16 1e-20
6738.549927 1.165202874e-16 1e-20
6743.383068 1.172430845e-16 1e-20
6748.216209 1.115082611e-16 1e-20
6753.049351 1.156623092e-16 1e-20
6757.882492 1.142543155e-16 1e-20
6762.715633 1.083533347e-16 1e-20
6767.548775 1.113321709e-16 1e-20
6772.381916 1.131298131e-16 1e-20
6777.215057 1.105732757e-16 1e-20
6782.048199 1.046280507e-16 1e-20
6786.88134 1.053429664e-16 1e-20
6791.714481 1.055350444e-16 1e-20
6796.547623 1.017755283e-16 1e-20
6801.380764 9.652426816e-17 1e-20
6806.213905 9.683440795e-17 1e-20
6811.047047 9.174833906e-17 1e-20
6815.880188 9.445601223e-17 1e-20
6820.713329 1.015801946e-16 1e-20
6825.546471 9.869252692e-17 1e-20
6830.379612 9.312826823e-17 1e-20
6835.212753 9.150748392e-17 1e-20
6840.045895 9.121200177e-17 1e-20
6844.879036 9.159122769e-17 1e-20
6849.712177 9.172935361e-17 1e-20
6854.545319 9.260270414e-17 1e-20
6859.37846 9.295078836e-17 1e-20
6864.211601 8.742962908e-17 1e-20
6869.044743 7.984955771e-17 1e-20
6873.877884 7.080411272e-17 1e-20
6878.711025 7.318225698e-17 1e-20
6883.544167 8.461378055e-17 1e-20
6888.377308 8.594267598e-17 1e-20
6893.210449 7.857221879e-17 1e-20
6898.043591 7.469265569e-17 1e-20
6902.876732 7.695451821e-17 1e-20
6907.709873 8.298949561e-17 1e-20
6912.543015 8.789936841e-17 1e-20
6917.376156 8.637572158e-17 1e-20
6922.209297 8.691252209e-17 1e-20
6927.042439 8.943257745e-17 1e-20
6931.87558 7.804637677e-17 1e-20
6936.708721 8.612374913e-17 1e-20
6941.541862 8.871313546e-17 1e-20
6946.375004 8.457958159e-17 1e-20
6951.208145 8.515018401e-17 1e-20
6956.041286 8.622626658e-17 1e-20
6960.874428 8.920373959e-17 1e-20
6965.707569 8.8499167e-17 1e-20
6970.54071 8.46068587e-17 1e-20
6975.373852 8.287738286e-17 1e-20
6980.206993 8.261917016e-17 1e-20
6985.040134 8.468478573e-17 1e-20
6989.873276 8.804499852e-17 1e-20
6994.706417 8.942071899e-17 1e-20
6999.539558 8.909985894e-17 1e-20
7004.3727 8.863861642e-17 1e-20
7009.205841 8.727262359e-17 1e-20
7014.038982 8.514983991e-17 1e-20
7018.872124 8.3528374e-17 1e-20
7023.705265 8.794862205e-17 1e-20
7028.538406 8.604883303e-17 1e-20
7033.371548 8.260578307e-17 1e-20
7038.204689 8.096003114e-17 1e-20
7043.03783 7.457490488e-17 1e-20
7047.870972 7.385864587e-17 1e-20
7052.704113 8.160087774e-17 1e-20
7057.537254 8.580255159e-17 1e-20
7062.370396 8.763189791e-17 1e-20
7067.203537 8.605241969e-17 1e-20
7072.036678 8.295572679e-17 1e-20
7076.86982 8.207929253e-17 1e-20
7081.702961 8.227594976e-17 1e-20
7086.536102 7.793851241e-17 1e-20
7091.369244 7.753805112e-17 1e-20
7096.202385 7.74210944e-17 1e-20
7101.035526 7.963183715e-17 1e-20
7105.868668 8.055645964e-17 1e-20
7110.701809 7.953401808e-17 1e-20
7115.53495 7.849595936e-17 1e-20
7120.368092 7.302891093e-17 1e-20
7125.201233 7.465139592e-17 1e-20
7130.034374 8.56927417e-17 1e-20
7134.867516 8.69711328e-17 1e-20
7139.700657 8.708464183e-17 1e-20
7144.533798 8.416022087e-17 1e-20
7149.36694 7.945601826e-17 1e-20
7154.200081 7.918444494e-17 1e-20
7159.033222 7.807584425e-17 1e-20
7163.866364 7.776070829e-17 1e-20
7168.699505 8.19052405e-17 1e-20
7173.532646 8.452153998e-17 1e-20
7178.365788 8.387136279e-17 1e-20
7183.198929 7.919844745e-17 1e-20
7188.03207 7.553143007e-17 1e-20
7192.865211 7.747666108e-17 1e-20
7197.698353 7.330316432e-17 1e-20
7202.531494 6.631184701e-17 1e-20
7207.364635 6.37307788e-17 1e-20
7212.197777 7.271308675e-17 1e-20
7217.030918 7.89467397e-17 1e-20
7221.864059 7.943204326e-17 1e-20
7226.697201 7.731698214e-17 1e-20
7231.530342 8.092110071e-17 1e-20
7236.363483 7.824769267e-17 1e-20
7241.196625 7.323340983e-17 1e-20
7246.029766 7.395759653e-17 1e-20
7250.862907 7.392787097e-17 1e-20
7255.696049 7.058474442e-17 1e-20
7260.52919 6.930275344e-17 1e-20
7265.362331 7.620406025e-17 1e-20
7270.195473 7.932459581e-17 1e-20
7275.028614 7.645562904e-17 1e-20
7279.861755 7.581159283e-17 1e-20
7284.694897 7.854208295e-17 1e-20
7289.528038 7.750278675e-17 1e-20
7294.361179 7.392902902e-17 1e-20
7299.194321 7.527161594e-17 1e-20
7304.027462 7.448928176e-17 1e-20
7308.860603 6.939903064e-17 1e-20
7313.693745 6.801130612e-17 1e-20
7318.526886 7.102382512e-17 1e-20
7323.360027 7.312032431e-17 1e-20
7328.193169 7.413960935e-17 1e-20
7333.02631 7.757385811e-17 1e-20
7337.859451 7.977511807e-17 1e-20
7342.692593 7.896422961e-17 1e-20
7347.525734 8.073500492e-17 1e-20
7352.358875 7.440188516e-17 1e-20
7357.192017 6.243809403e-17 1e-20
7362.025158 5.926004626e-17 1e-20
7366.858299 5.690017277e-17 1e-20
7371.691441 5.955208072e-17 1e-20
7376.524582 6.30365956e-17 1e-20
7381.357723 6.637775015e-17 1e-20
7386.190865 7.067932756e-17 1e-20
7391.024006 7.570935993e-17 1e-20
7395.857147 8.309546737e-17 1e-20
7400.690289 7.786078391e-17 1e-20
7405.52343 7.041515916e-17 1e-20
7410.356571 6.603067178e-17 1e-20
7415.189713 6.626987918e-17 1e-20
7420.022854 6.069676634e-17 1e-20
7424.855995 6.011950016e-17 1e-20
7429.689137 6.062032824e-17 1e-20
7434.522278 5.980850671e-17 1e-20
7439.355419 5.901571696e-17 1e-20
7444.18856 5.728573158e-17 1e-20
7449.021702 5.511677137e-17 1e-20
7453.854843 5.084263319e-17 1e-20
7458.687984 5.019878558e-17 1e-20
7463.521126 5.733671899e-17 1e-20
7468.354267 6.054909806e-17 1e-20
7473.187408 5.822299339e-17 1e-20
7478.02055 5.787526651e-17 1e-20
7482.853691 6.182406793e-17 1e-20
7487.686832 5.797272162e-17 1e-20
7492.519974 5.540715478e-17 1e-20
7497.353115 5.496190992e-17 1e-20
7502.186256 5.334727984e-17 1e-20
7507.019398 5.050283401e-17 1e-20
7511.852539 4.929101111e-17 1e-20
7516.68568 4.795730479e-17 1e-20
7521.518822 4.72190494e-17 1e-20
7526.351963 4.985712028e-17 1e-20
7531.185104 5.019108287e-17 1e-20
7536.018246 4.848034433e-17 1e-20
7540.851387 4.937809999e-17 1e-20
7545.684528 5.078134903e-17 1e-20
7550.51767 4.675066003e-17 1e-20
7555.350811 4.233581843e-17 1e-20
7560.183952 4.036574884e-17 1e-20
7565.017094 4.694393906e-17 1e-20
7569.850235 5.27481463e-17 1e-20
7574.683376 5.278472423e-17 1e-20
7579.516518 5.701020764e-17 1e-20
7584.349659 5.672836405e-17 1e-20
7589.1828 4.519966661e-17 1e-20
7594.015942 3.172681349e-17 1e-20
7598.849083 1.956128789e-17 1e-20
7603.682224 1.318037777e-17 1e-20
7608.515366 1.285597904e-17 1e-20
7613.348507 1.408833009e-17 1e-20
7618.181648 1.785338989e-17 1e-20
7623.01479 1.873040482e-17 1e-20
7627.847931 1.893909918e-17 1e-20
7632.681072 2.125468377e-17 1e-20
7637.514214 2.350199288e-17 1e-20
7642.347355 2.772738365e-17 1e-20
7647.180496 3.222199689e-17 1e-20
7652.013638 3.578768465e-17 1e-20
7656.846779 3.778860478e-17 1e-20
7661.67992 3.897287264e-17 1e-20
7666.513062 4.252066683e-17 1e-20
7671.346203 4.996298286e-17 1e-20
7676.179344 5.638522306e-17 1e-20
7681.012486 4.60447044e-17 1e-20
7685.845627 3.896387292e-17 1e-20
7690.678768 4.308879433e-17 1e-20
7695.511909 4.477379101e-17 1e-20
7700.345051 4.006544588e-17 1e-20
7705.178192 4.865673232e-17 1e-20
7710.011333 6.009794714e-17 1e-20
7714.844475 5.799541284e-17 1e-20
7719.677616 5.962670565e-17 1e-20
7724.510757 6.552498649e-17 1e-20
7729.343899 6.287301898e-17 1e-20
7734.17704 5.502909353e-17 1e-20
7739.010181 4.87350564e-17 1e-20
7743.843323 4.763095226e-17 1e-20
7748.676464 4.215848745e-17 1e-20
7753.509605 4.329988089e-17 1e-20
7758.342747 4.745885899e-17 1e-20
7763.175888 5.137112219e-17 1e-20
7768.009029 5.28119484e-17 1e-20
7772.842171 5.237086591e-17 1e-20
7777.675312 5.02506862e-17 1e-20
7782.508453 5.960714448e-17 1e-20
7787.341595 7.188749433e-17 1e-20
7792.174736 7.322718281e-17 1e-20
7797.007877 7.434405531e-17 1e-20
7801.841019 7.645037479e-17 1e-20
7806.67416 7.162669421e-17 1e-20
7811.507301 6.929045161e-17 1e-20
7816.340443 7.748881733e-17 1e-20
7821.173584 8.654262677e-17 1e-20
7826.006725 8.02504359e-17 1e-20
7830.839867 6.796001431e-17 1e-20
7835.673008 5.803687775e-17 1e-20
7840.506149 5.02379013e-17 1e-20
7845.339291 4.24210809e-17 1e-20
7850.172432 3.744466308e-17 1e-20
7855.005573 3.924696059e-17 1e-20
7859.838715 4.61074874e-17 1e-20
7864.671856 4.993614912e-17 1e-20
7869.504997 5.531313743e-17 1e-20
7874.338139 7.291863121e-17 1e-20
7879.17128 8.444571068e-17 1e-20
7884.004421 7.598839111e-17 1e-20
7888.837563 7.152862367e-17 1e-20
7893.670704 6.561215148e-17 1e-20
7898.503845 3.995203942e-17 1e-20
7903.336987 2.328452544e-17 1e-20
7908.170128 2.844201641e-17 1e-20
7913.003269 5.061303432e-17 1e-20
7917.836411 6.897079593e-17 1e-20
7922.669552 6.895623093e-17 1e-20
7927.502693 6.315668899e-17 1e-20
7932.335835 5.100236507e-17 1e-20
7937.168976 3.618392733e-17 1e-20
7942.002117 3.154237206e-17 1e-20
7946.835258 4.001705251e-17 1e-20
7951.6684 5.534485815e-17 1e-20
7956.501541 6.121341012e-17 1e-20
7961.334682 6.156679491e-17 1e-20
7966.167824 5.684699498e-17 1e-20
7971.000965 4.070169997e-17 1e-20
7975.834106 2.572423675e-17 1e-20
7980.667248 2.154901614e-17 1e-20
7985.500389 2.025393751e-17 1e-20
7990.33353 2.827148485e-17 1e-20
7995.166672 3.719744857e-17 1e-20
7999.999813 3.984454895e-17 1e-20
