3720.0 1.11207e-15 1e-20
3721.5 1.0604101e-15 1e-20
3723.0 9.8690996e-16 1e-20
3724.5 1.02638e-15 1e-20
3726.0 9.0161702e-16 1e-20
3727.5 8.5045803e-16 1e-20
3729.0 1.0350401e-15 1e-20
3730.5 1.03416e-15 1e-20
3732.0 8.1442001e-16 1e-20
3733.5 6.4621404e-16 1e-20
3735.0 7.3992801e-16 1e-20
3736.5 9.4075397e-16 1e-20
3738.0 8.8251902e-16 1e-20
3739.5 8.8653396e-16 1e-20
3741.0 8.73369e-16 1e-20
3742.5 7.04633e-16 1e-20
3744.0 6.9134602e-16 1e-20
3745.5 6.5334399e-16 1e-20
3747.0 6.0920902e-16 1e-20
3748.5 6.0580098e-16 1e-20
3750.0 6.5321799e-16 1e-20
3751.5 5.4544597e-16 1e-20
3753.0 4.2921298e-16 1e-20
3754.5 5.9146797e-16 1e-20
3756.0 7.3985797e-16 1e-20
3757.5 7.4980299e-16 1e-20
3759.0 6.0541701e-16 1e-20
3760.5 4.9353899e-16 1e-20
3762.0 5.35989e-16 1e-20
3763.5 5.3053803e-16 1e-20
3765.0 6.59752e-16 1e-20
3766.5 6.6009405e-16 1e-20
3768.0 6.5998901e-16 1e-20
3769.5 5.3579096e-16 1e-20
3771.0 5.8792599e-16 1e-20
3772.5 7.1318602e-16 1e-20
3774.0 8.3154998e-16 1e-20
3775.5 7.1502397e-16 1e-20
3777.0 6.1201201e-16 1e-20
3778.5 7.29096e-16 1e-20
3780.0 6.2064396e-16 1e-20
3781.5 4.4986799e-16 1e-20
3783.0 4.0464802e-16 1e-20
3784.5 4.9238502e-16 1e-20
3786.0 5.3066402e-16 1e-20
3787.5 6.0409405e-16 1e-20
3789.0 7.61114e-16 1e-20
3790.5 8.0842503e-16 1e-20
3792.0 6.40011e-16 1e-20
3793.5 4.88402e-16 1e-20
3795.0 5.3095503e-16 1e-20
3796.5 6.4752503e-16 1e-20
3798.0 6.6520901e-16 1e-20
3799.5 6.2575798e-16 1e-20
3801.0 6.0739303e-16 1e-20
3802.5 6.92267e-16 1e-20
3804.0 8.0902499e-16 1e-20
3805.5 7.41772e-16 1e-20
3807.0 7.6792097e-16 1e-20
3808.5 7.8722501e-16 1e-20
3810.0 7.0773102e-16 1e-20
3811.5 6.4792901e-16 1e-20
3813.0 6.3951702e-16 1e-20
3814.5 7.5502701e-16 1e-20
3816.0 7.7750202e-16 1e-20
3817.5 6.95433e-16 1e-20
3819.0 5.3875102e-16 1e-20
3820.5 6.2781002e-16 1e-20
3822.0 7.33856e-16 1e-20
3823.5 7.4524802e-16 1e-20
3825.0 7.9210196e-16 1e-20
3826.5 7.45788e-16 1e-20
3828.0 7.1975603e-16 1e-20
3829.5 8.0428399e-16 1e-20
3831.0 8.6377196e-16 1e-20
3832.5 9.1921297e-16 1e-20
3834.0 7.7061199e-16 1e-20
3835.5 8.4877503e-16 1e-20
3837.0 1.10178e-15 1e-20
3838.5 8.1060497e-16 1e-20
3840.0 9.5858994e-16 1e-20
3841.5 9.7429795e-16 1e-20
3843.0 8.3550901e-16 1e-20
3844.5 9.1795893e-16 1e-20
3846.0 1.0075999e-15 1e-20
3847.5 9.6360501e-16 1e-20
3849.0 8.96284e-16 1e-20
3850.5 1.08463e-15 1e-20
3852.0 1.1238199e-15 1e-20
3853.5 9.92888e-16 1e-20
3855.0 1.06949e-15 1e-20
3856.5 1.0281e-15 1e-20
3858.0 1.0932e-15 1e-20
3859.5 1.069e-15 1e-20
3861.0 1.14299e-15 1e-20
3862.5 1.23255e-15 1e-20
3864.0 1.06709e-15 1e-20
3865.5 1.03475e-15 1e-20
3867.0 1.1447e-15 1e-20
3868.5 1.2469401e-15 1e-20
3870.0 1.26101e-15 1e-20
3871.5 1.26927e-15 1e-20
3873.0 1.24873e-15 1e-20
3874.5 1.2999001e-15 1e-20
3876.0 1.43986e-15 1e-20
3877.5 1.4427201e-15 1e-20
3879.0 1.40476e-15 1e-20
3880.5 1.5022e-15 1e-20
3882.0 1.46512e-15 1e-20
3883.5 1.4340101e-15 1e-20
3885.0 1.4909299e-15 1e-20
3886.5 1.60659e-15 1e-20
3888.0 1.67024e-15 1e-20
3889.5 1.6286e-15 1e-20
3891.0 1.53392e-15 1e-20
3892.5 1.57964e-15 1e-20
3894.0 1.67062e-15 1e-20
3895.5 1.8107199e-15 1e-20
3897.0 1.76438e-15 1e-20
3898.5 1.70072e-15 1e-20
3900.0 1.84566e-15 1e-20
3901.5 1.90208e-15 1e-20
3903.0 1.7886001e-15 1e-20
3904.5 1.8264499e-15 1e-20
3906.0 1.93418e-15 1e-20
3907.5 1.92968e-15 1e-20
3909.0 1.85925e-15 1e-20
3910.5 1.9889699e-15 1e-20
3912.0 1.91327e-15 1e-20
3913.5 2.0267601e-15 1e-20
3915.0 2.14361e-15 1e-20
3916.5 1.9703702e-15 1e-20
3918.0 2.0051701e-15 1e-20
3919.5 2.15734e-15 1e-20
3921.0 2.1754e-15 1e-20
3922.5 2.2273199e-15 1e-20
3924.0 2.29128e-15 1e-20
3925.5 2.2041801e-15 1e-20
3927.0 2.15184e-15 1e-20
3928.5 2.13028e-15 1e-20
3930.0 2.14576e-15 1e-20
3931.5 2.1236702e-15 1e-20
3933.0 2.1491498e-15 1e-20
3934.5 2.17481e-15 1e-20
3936.0 2.2503601e-15 1e-20
3937.5 2.369e-15 1e-20
3939.0 2.4265899e-15 1e-20
3940.5 2.35294e-15 1e-20
3942.0 2.33542e-15 1e-20
3943.5 2.35039e-15 1e-20
3945.0 2.3540799e-15 1e-20
3946.5 2.39948e-15 1e-20
3948.0 2.4625799e-15 1e-20
3949.5 2.3599998e-15 1e-20
3951.0 2.2382801e-15 1e-20
3952.5 2.2488301e-15 1e-20
3954.0 2.32916e-15 1e-20
3955.5 2.3429302e-15 1e-20
3957.0 2.3550798e-15 1e-20
3958.5 2.4330901e-15 1e-20
3960.0 2.44312e-15 1e-20
3961.5 2.4106801e-15 1e-20
3963.0 2.4030001e-15 1e-20
3964.5 2.3320899e-15 1e-20
3966.0 2.3387401e-15 1e-20
3967.5 2.25149e-15 1e-20
3969.0 2.3676701e-15 1e-20
3970.5 2.4640902e-15 1e-20
3972.0 2.47451e-15 1e-20
3973.5 2.62796e-15 1e-20
3975.0 2.52651e-15 1e-20
3976.5 2.4440899e-15 1e-20
3978.0 2.6001699e-15 1e-20
3979.5 2.5852799e-15 1e-20
3981.0 2.49949e-15 1e-20
3982.5 2.38831e-15 1e-20
3984.0 2.2053299e-15 1e-20
3985.5 2.3310101e-15 1e-20
3987.0 2.5071599e-15 1e-20
3988.5 2.5178198e-15 1e-20
3990.0 2.6372699e-15 1e-20
3991.5 2.62035e-15 1e-20
3993.0 2.66385e-15 1e-20
3994.5 2.5506201e-15 1e-20
3996.0 2.5158001e-15 1e-20
3997.5 2.4771999e-15 1e-20
3999.0 2.4503001e-15 1e-20
4000.5 2.5623801e-15 1e-20
4002.0 2.4498999e-15 1e-20
4003.5 2.3710798e-15 1e-20
4005.0 2.3500601e-15 1e-20
4006.5 2.3091901e-15 1e-20
4008.0 2.2963199e-15 1e-20
4009.5 2.24609e-15 1e-20
4011.0 2.2584501e-15 1e-20
4012.5 2.3214801e-15 1e-20
4014.0 2.2457399e-15 1e-20
4015.5 2.1270001e-15 1e-20
4017.0 2.0601298e-15 1e-20
4018.5 2.0405801e-15 1e-20
4020.0 2.0044101e-15 1e-20
4021.5 1.94975e-15 1e-20
4023.0 2.04145e-15 1e-20
4024.5 2.0818901e-15 1e-20
4026.0 2.03761e-15 1e-20
4027.5 2.0483601e-15 1e-20
4029.0 2.00751e-15 1e-20
4030.5 2.0053501e-15 1e-20
4032.0 2.0653501e-15 1e-20
4033.5 2.02933e-15 1e-20
4035.0 2.0290001e-15 1e-20
4036.5 2.0523301e-15 1e-20
4038.0 2.0304e-15 1e-20
4039.5 2.0180399e-15 1e-20
4041.0 2.0859101e-15 1e-20
4042.5 1.9773999e-15 1e-20
4044.0 1.99138e-15 1e-20
4045.5 1.9964101e-15 1e-20
4047.0 2.0406201e-15 1e-20
4048.5 2.0232602e-15 1e-20
4050.0 1.83099e-15 1e-20
4051.5 1.76173e-15 1e-20
4053.0 1.79966e-15 1e-20
4054.5 2.0031201e-15 1e-20
4056.0 1.8670501e-15 1e-20
4057.5 1.95771e-15 1e-20
4059.0 1.9416401e-15 1e-20
4060.5 1.9428299e-15 1e-20
4062.0 2.0013699e-15 1e-20
4063.5 1.97314e-15 1e-20
4065.0 1.8343e-15 1e-20
4066.5 1.88774e-15 1e-20
4068.0 1.94205e-15 1e-20
4069.5 1.8683999e-15 1e-20
4071.0 2.0093902e-15 1e-20
4072.5 2.12636e-15 1e-20
4074.0 2.0247399e-15 1e-20
4075.5 2.0297599e-15 1e-20
4077.0 2.09733e-15 1e-20
4078.5 2.1018301e-15 1e-20
4080.0 2.08464e-15 1e-20
4081.5 2.1338401e-15 1e-20
4083.0 2.18192e-15 1e-20
4084.5 2.16109e-15 1e-20
4086.0 2.1480101e-15 1e-20
4087.5 2.21277e-15 1e-20
4089.0 2.2172699e-15 1e-20
4090.5 2.1886599e-15 1e-20
4092.0 2.17254e-15 1e-20
4093.5 2.21417e-15 1e-20
4095.0 2.1577402e-15 1e-20
4096.5 2.0489098e-15 1e-20
4098.0 2.1135901e-15 1e-20
4099.5 2.24925e-15 1e-20
4101.0 2.2628701e-15 1e-20
4102.5 2.26782e-15 1e-20
4104.0 2.27153e-15 1e-20
4105.5 2.2493602e-15 1e-20
4107.0 2.3368299e-15 1e-20
4108.5 2.3639e-15 1e-20
4110.0 2.32867e-15 1e-20
4111.5 2.2747301e-15 1e-20
4113.0 2.3255999e-15 1e-20
4114.5 2.3072701e-15 1e-20
4116.0 2.2477e-15 1e-20
4117.5 2.3736301e-15 1e-20
4119.0 2.3976e-15 1e-20
4120.5 2.37003e-15 1e-20
4122.0 2.3303799e-15 1e-20
4123.5 2.3661899e-15 1e-20
4125.0 2.3396498e-15 1e-20
4126.5 2.2943101e-15 1e-20
4128.0 2.4325099e-15 1e-20
4129.5 2.3596301e-15 1e-20
4131.0 2.2887499e-15 1e-20
4132.5 2.3859999e-15 1e-20
4134.0 2.3252001e-15 1e-20
4135.5 2.3159499e-15 1e-20
4137.0 2.41186e-15 1e-20
4138.5 2.5338099e-15 1e-20
4140.0 2.4583399e-15 1e-20
4141.5 2.31708e-15 1e-20
4143.0 2.4086699e-15 1e-20
4144.5 2.4711202e-15 1e-20
4146.0 2.45377e-15 1e-20
4147.5 2.49704e-15 1e-20
4149.0 2.4546102e-15 1e-20
4150.5 2.53527e-15 1e-20
4152.0 2.54479e-15 1e-20
4153.5 2.5005601e-15 1e-20
4155.0 2.35995e-15 1e-20
4156.5 2.33823e-15 1e-20
4158.0 2.3310999e-15 1e-20
4159.5 2.3608401e-15 1e-20
4161.0 2.41965e-15 1e-20
4162.5 2.38147e-15 1e-20
4164.0 2.29674e-15 1e-20
4165.5 2.2479801e-15 1e-20
4167.0 2.3652402e-15 1e-20
4168.5 2.4019301e-15 1e-20
4170.0 2.29387e-15 1e-20
4171.5 2.2463602e-15 1e-20
4173.0 2.27667e-15 1e-20
4174.5 2.33278e-15 1e-20
4176.0 2.2837501e-15 1e-20
4177.5 2.1523099e-15 1e-20
4179.0 2.1106401e-15 1e-20
4180.5 2.19119e-15 1e-20
4182.0 2.1404099e-15 1e-20
4183.5 2.1990199e-15 1e-20
4185.0 2.1814101e-15 1e-20
4186.5 2.17454e-15 1e-20
4188.0 2.1776899e-15 1e-20
4189.5 2.0832701e-15 1e-20
4191.0 2.1392901e-15 1e-20
4192.5 2.2376899e-15 1e-20
4194.0 2.22995e-15 1e-20
4195.5 2.1787801e-15 1e-20
4197.0 2.1636099e-15 1e-20
4198.5 2.1989901e-15 1e-20
4200.0 2.1528899e-15 1e-20
4201.5 2.14075e-15 1e-20
4203.0 2.1273402e-15 1e-20
4204.5 2.1073201e-15 1e-20
4206.0 2.0850101e-15 1e-20
4207.5 2.0424899e-15 1e-20
4209.0 2.1871801e-15 1e-20
4210.5 2.1290902e-15 1e-20
4212.0 2.0248001e-15 1e-20
4213.5 2.1442599e-15 1e-20
4215.0 2.1726899e-15 1e-20
4216.5 2.1101501e-15 1e-20
4218.0 2.1113101e-15 1e-20
4219.5 2.1218601e-15 1e-20
4221.0 2.13207e-15 1e-20
4222.5 2.1107599e-15 1e-20
4224.0 2.10167e-15 1e-20
4225.5 2.1231899e-15 1e-20
4227.0 2.1062901e-15 1e-20
4228.5 2.09554e-15 1e-20
4230.0 2.1055501e-15 1e-20
4231.5 2.1522999e-15 1e-20
4233.0 2.0837099e-15 1e-20
4234.5 2.0324299e-15 1e-20
4236.0 2.0248202e-15 1e-20
4237.5 1.9822e-15 1e-20
4239.0 1.98525e-15 1e-20
4240.5 1.9357e-15 1e-20
4242.0 1.91862e-15 1e-20
4243.5 1.9101099e-15 1e-20
4245.0 1.9599701e-15 1e-20
4246.5 2.04565e-15 1e-20
4248.0 2.0382601e-15 1e-20
4249.5 2.00183e-15 1e-20
4251.0 1.85783e-15 1e-20
4252.5 1.83834e-15 1e-20
4254.0 1.9364901e-15 1e-20
4255.5 1.8754601e-15 1e-20
4257.0 1.8583299e-15 1e-20
4258.5 1.90102e-15 1e-20
4260.0 1.91836e-15 1e-20
4261.5 1.9170399e-15 1e-20
4263.0 1.8429601e-15 1e-20
4264.5 1.8286901e-15 1e-20
4266.0 1.85433e-15 1e-20
4267.5 1.8782901e-15 1e-20
4269.0 1.84585e-15 1e-20
4270.5 1.7991501e-15 1e-20
4272.0 1.8233801e-15 1e-20
4273.5 1.8592301e-15 1e-20
4275.0 1.7691701e-15 1e-20
4276.5 1.7191401e-15 1e-20
4278.0 1.71223e-15 1e-20
4279.5 1.7146e-15 1e-20
4281.0 1.74828e-15 1e-20
4282.5 1.6303901e-15 1e-20
4284.0 1.6819499e-15 1e-20
4285.5 1.75234e-15 1e-20
4287.0 1.70125e-15 1e-20
4288.5 1.7125501e-15 1e-20
4290.0 1.6771199e-15 1e-20
4291.5 1.65171e-15 1e-20
4293.0 1.66915e-15 1e-20
4294.5 1.6100101e-15 1e-20
4296.0 1.58836e-15 1e-20
4297.5 1.64431e-15 1e-20
4299.0 1.6440001e-15 1e-20
4300.5 1.62535e-15 1e-20
4302.0 1.59415e-15 1e-20
4303.5 1.64668e-15 1e-20
4305.0 1.6872e-15 1e-20
4306.5 1.6244e-15 1e-20
4308.0 1.5384501e-15 1e-20
4309.5 1.54837e-15 1e-20
4311.0 1.55405e-15 1e-20
4312.5 1.4868e-15 1e-20
4314.0 1.47621e-15 1e-20
4315.5 1.52518e-15 1e-20
4317.0 1.53652e-15 1e-20
4318.5 1.5247701e-15 1e-20
4320.0 1.50753e-15 1e-20
4321.5 1.46203e-15 1e-20
4323.0 1.4702801e-15 1e-20
4324.5 1.47187e-15 1e-20
4326.0 1.46777e-15 1e-20
4327.5 1.45573e-15 1e-20
4329.0 1.39071e-15 1e-20
4330.5 1.43532e-15 1e-20
4332.0 1.42003e-15 1e-20
4333.5 1.38744e-15 1e-20
4335.0 1.4021099e-15 1e-20
4336.5 1.37727e-15 1e-20
4338.0 1.40422e-15 1e-20
4339.5 1.41559e-15 1e-20
4341.0 1.4354399e-15 1e-20
4342.5 1.42829e-15 1e-20
4344.0 1.34929e-15 1e-20
4345.5 1.3020901e-15 1e-20
4347.0 1.34428e-15 1e-20
4348.5 1.30673e-15 1e-20
4350.0 1.22487e-15 1e-20
4351.5 1.24864e-15 1e-20
4353.0 1.1871099e-15 1e-20
4354.5 1.16505e-15 1e-20
4356.0 1.09753e-15 1e-20
4357.5 1.1146701e-15 1e-20
4359.0 1.1466399e-15 1e-20
4360.5 1.1561399e-15 1e-20
4362.0 1.23138e-15 1e-20
4363.5 1.28758e-15 1e-20
4365.0 1.26262e-15 1e-20
4366.5 1.2271301e-15 1e-20
4368.0 1.26168e-15 1e-20
4369.5 1.24771e-15 1e-20
4371.0 1.21517e-15 1e-20
4372.5 1.2205201e-15 1e-20
4374.0 1.26245e-15 1e-20
4375.5 1.29719e-15 1e-20
4377.0 1.29718e-15 1e-20
4378.5 1.26019e-15 1e-20
4380.0 1.2407399e-15 1e-20
4381.5 1.28342e-15 1e-20
4383.0 1.28853e-15 1e-20
4384.5 1.30439e-15 1e-20
4386.0 1.3779201e-15 1e-20
4387.5 1.40053e-15 1e-20
4389.0 1.37128e-15 1e-20
4390.5 1.35743e-15 1e-20
4392.0 1.33843e-15 1e-20
4393.5 1.3104399e-15 1e-20
4395.0 1.3094e-15 1e-20
4396.5 1.3348201e-15 1e-20
4398.0 1.3403601e-15 1e-20
4399.5 1.3438099e-15 1e-20
4401.0 1.3387001e-15 1e-20
4402.5 1.37961e-15 1e-20
4404.0 1.3530801e-15 1e-20
4405.5 1.3681901e-15 1e-20
4407.0 1.39065e-15 1e-20
4408.5 1.3937201e-15 1e-20
4410.0 1.39273e-15 1e-20
4411.5 1.38909e-15 1e-20
4413.0 1.41986e-15 1e-20
4414.5 1.46203e-15 1e-20
4416.0 1.49849e-15 1e-20
4417.5 1.48331e-15 1e-20
4419.0 1.46869e-15 1e-20
4420.5 1.4169001e-15 1e-20
4422.0 1.4848899e-15 1e-20
4423.5 1.3907e-15 1e-20
4425.0 1.3937e-15 1e-20
4426.5 1.47737e-15 1e-20
4428.0 1.50245e-15 1e-20
4429.5 1.48452e-15 1e-20
4431.0 1.44928e-15 1e-20
4432.5 1.50739e-15 1e-20
4434.0 1.56924e-15 1e-20
4435.5 1.49612e-15 1e-20
4437.0 1.48087e-15 1e-20
4438.5 1.55619e-15 1e-20
4440.0 1.5345301e-15 1e-20
4441.5 1.51194e-15 1e-20
4443.0 1.49176e-15 1e-20
4444.5 1.4733301e-15 1e-20
4446.0 1.5290101e-15 1e-20
4447.5 1.49517e-15 1e-20
4449.0 1.49836e-15 1e-20
4450.5 1.51035e-15 1e-20
4452.0 1.49154e-15 1e-20
4453.5 1.5112601e-15 1e-20
4455.0 1.52627e-15 1e-20
4456.5 1.5641801e-15 1e-20
4458.0 1.55661e-15 1e-20
4459.5 1.50744e-15 1e-20
4461.0 1.4367599e-15 1e-20
4462.5 1.51014e-15 1e-20
4464.0 1.5333101e-15 1e-20
4465.5 1.46692e-15 1e-20
4467.0 1.4641401e-15 1e-20
4468.5 1.53654e-15 1e-20
4470.0 1.528e-15 1e-20
4471.5 1.54626e-15 1e-20
4473.0 1.5304701e-15 1e-20
4474.5 1.5817e-15 1e-20
4476.0 1.5934699e-15 1e-20
4477.5 1.5092e-15 1e-20
4479.0 1.5804799e-15 1e-20
4480.5 1.59475e-15 1e-20
4482.0 1.57561e-15 1e-20
4483.5 1.5477099e-15 1e-20
4485.0 1.65784e-15 1e-20
4486.5 1.58328e-15 1e-20
4488.0 1.53178e-15 1e-20
4489.5 1.55264e-15 1e-20
4491.0 1.74808e-15 1e-20
4492.5 1.69049e-15 1e-20
4494.0 1.69865e-15 1e-20
4495.5 1.67163e-15 1e-20
4497.0 1.6282999e-15 1e-20
4498.5 1.72082e-15 1e-20
4500.0 1.7410001e-15 1e-20
4501.5 1.8270901e-15 1e-20
4503.0 1.80539e-15 1e-20
4504.5 1.7958699e-15 1e-20
4506.0 1.7995101e-15 1e-20
4507.5 1.8227101e-15 1e-20
4509.0 1.8081e-15 1e-20
4510.5 1.7846101e-15 1e-20
4512.0 1.83967e-15 1e-20
4513.5 1.8998801e-15 1e-20
4515.0 1.93817e-15 1e-20
4516.5 1.8825199e-15 1e-20
4518.0 1.8413101e-15 1e-20
4519.5 1.9167199e-15 1e-20
4521.0 1.95859e-15 1e-20
4522.5 1.93691e-15 1e-20
4524.0 1.9531e-15 1e-20
4525.5 1.9513801e-15 1e-20
4527.0 1.9024701e-15 1e-20
4528.5 1.93588e-15 1e-20
4530.0 2.0035902e-15 1e-20
4531.5 2.0488901e-15 1e-20
4533.0 2.0432798e-15 1e-20
4534.5 2.0335601e-15 1e-20
4536.0 2.0267e-15 1e-20
4537.5 1.9406901e-15 1e-20
4539.0 1.89051e-15 1e-20
4540.5 1.94068e-15 1e-20
4542.0 1.9783001e-15 1e-20
4543.5 2.0305099e-15 1e-20
4545.0 2.0357399e-15 1e-20
4546.5 1.94353e-15 1e-20
4548.0 2.01462e-15 1e-20
4549.5 2.0612199e-15 1e-20
4551.0 1.96432e-15 1e-20
4552.5 1.98332e-15 1e-20
4554.0 2.09742e-15 1e-20
4555.5 2.1270198e-15 1e-20
4557.0 2.0492499e-15 1e-20
4558.5 2.03895e-15 1e-20
4560.0 2.0950699e-15 1e-20
4561.5 2.0482701e-15 1e-20
4563.0 2.0125501e-15 1e-20
4564.5 2.10882e-15 1e-20
4566.0 2.1236001e-15 1e-20
4567.5 2.19126e-15 1e-20
4569.0 2.1187201e-15 1e-20
4570.5 2.1054399e-15 1e-20
4572.0 2.17965e-15 1e-20
4573.5 2.1209301e-15 1e-20
4575.0 2.08638e-15 1e-20
4576.5 2.0371301e-15 1e-20
4578.0 2.0809501e-15 1e-20
4579.5 2.1080302e-15 1e-20
4581.0 2.10855e-15 1e-20
4582.5 2.1264099e-15 1e-20
4584.0 2.15058e-15 1e-20
4585.5 2.0927601e-15 1e-20
4587.0 2.02593e-15 1e-20
4588.5 2.0163101e-15 1e-20
4590.0 2.0336202e-15 1e-20
4591.5 2.0035201e-15 1e-20
4593.0 1.9595999e-15 1e-20
4594.5 2.0175399e-15 1e-20
4596.0 2.0330601e-15 1e-20
4597.5 2.0143299e-15 1e-20
4599.0 2.0803199e-15 1e-20
4600.5 2.0805399e-15 1e-20
4602.0 1.9835301e-15 1e-20
4603.5 1.9412e-15 1e-20
4605.0 1.96231e-15 1e-20
4606.5 1.94196e-15 1e-20
4608.0 1.92619e-15 1e-20
4609.5 1.9431601e-15 1e-20
4611.0 1.9496301e-15 1e-20
4612.5 1.9494e-15 1e-20
4614.0 1.98086e-15 1e-20
4615.5 1.97774e-15 1e-20
4617.0 1.99316e-15 1e-20
4618.5 2.0107901e-15 1e-20
4620.0 1.9236999e-15 1e-20
4621.5 1.9577301e-15 1e-20
4623.0 2.0491601e-15 1e-20
4624.5 1.9639899e-15 1e-20
4626.0 1.91931e-15 1e-20
4627.5 1.95256e-15 1e-20
4629.0 1.91322e-15 1e-20
4630.5 1.8709501e-15 1e-20
4632.0 1.89466e-15 1e-20
4633.5 1.92355e-15 1e-20
4635.0 1.9737299e-15 1e-20
4636.5 1.95946e-15 1e-20
4638.0 1.9020999e-15 1e-20
4639.5 1.9242501e-15 1e-20
4641.0 1.9666801e-15 1e-20
4642.5 1.9066801e-15 1e-20
4644.0 1.89118e-15 1e-20
4645.5 1.9057e-15 1e-20
4647.0 1.9092701e-15 1e-20
4648.5 1.95538e-15 1e-20
4650.0 1.96231e-15 1e-20
4651.5 1.9582099e-15 1e-20
4653.0 1.9857701e-15 1e-20
4654.5 2.02213e-15 1e-20
4656.0 1.9762799e-15 1e-20
4657.5 1.9791401e-15 1e-20
4659.0 1.96664e-15 1e-20
4660.5 1.95014e-15 1e-20
4662.0 1.95306e-15 1e-20
4663.5 1.96593e-15 1e-20
4665.0 1.9873299e-15 1e-20
4666.5 1.9717601e-15 1e-20
4668.0 1.9185199e-15 1e-20
4669.5 1.87665e-15 1e-20
4671.0 1.87781e-15 1e-20
4672.5 1.8730499e-15 1e-20
4674.0 1.85532e-15 1e-20
4675.5 1.87992e-15 1e-20
4677.0 1.87025e-15 1e-20
4678.5 1.8268999e-15 1e-20
4680.0 1.8092999e-15 1e-20
4681.5 1.7988401e-15 1e-20
4683.0 1.8135299e-15 1e-20
4684.5 1.77599e-15 1e-20
4686.0 1.7815301e-15 1e-20
4687.5 1.82147e-15 1e-20
4689.0 1.75056e-15 1e-20
4690.5 1.7191499e-15 1e-20
4692.0 1.6919e-15 1e-20
4693.5 1.62043e-15 1e-20
4695.0 1.57313e-15 1e-20
4696.5 1.5422e-15 1e-20
4698.0 1.52639e-15 1e-20
4699.5 1.51059e-15 1e-20
4701.0 1.4947799e-15 1e-20
4702.5 1.4947799e-15 1e-20
4704.0 1.4666099e-15 1e-20
4705.5 1.55883e-15 1e-20
4707.0 1.56004e-15 1e-20
4708.5 1.57117e-15 1e-20
4710.0 1.50543e-15 1e-20
4711.5 1.49755e-15 1e-20
4713.0 1.55154e-15 1e-20
4714.5 1.5894801e-15 1e-20
4716.0 1.55972e-15 1e-20
4717.5 1.55934e-15 1e-20
4719.0 1.4872399e-15 1e-20
4720.5 1.5084799e-15 1e-20
4722.0 1.50182e-15 1e-20
4723.5 1.5442601e-15 1e-20
4725.0 1.59059e-15 1e-20
4726.5 1.4551801e-15 1e-20
4728.0 1.4089201e-15 1e-20
4729.5 1.51813e-15 1e-20
4731.0 1.5253e-15 1e-20
4732.5 1.50359e-15 1e-20
4734.0 1.4904e-15 1e-20
4735.5 1.50318e-15 1e-20
4737.0 1.54049e-15 1e-20
4738.5 1.52907e-15 1e-20
4740.0 1.50567e-15 1e-20
4741.5 1.5501401e-15 1e-20
4743.0 1.5441099e-15 1e-20
4744.5 1.4869899e-15 1e-20
4746.0 1.5311199e-15 1e-20
4747.5 1.56777e-15 1e-20
4749.0 1.59858e-15 1e-20
4750.5 1.5879001e-15 1e-20
4752.0 1.52657e-15 1e-20
4753.5 1.50549e-15 1e-20
4755.0 1.45171e-15 1e-20
4756.5 1.45434e-15 1e-20
4758.0 1.46858e-15 1e-20
4759.5 1.50434e-15 1e-20
4761.0 1.50381e-15 1e-20
4762.5 1.50997e-15 1e-20
4764.0 1.54608e-15 1e-20
4765.5 1.49541e-15 1e-20
4767.0 1.45926e-15 1e-20
4768.5 1.45318e-15 1e-20
4770.0 1.4851801e-15 1e-20
4771.5 1.52148e-15 1e-20
4773.0 1.5174e-15 1e-20
4774.5 1.49197e-15 1e-20
4776.0 1.42498e-15 1e-20
4777.5 1.41914e-15 1e-20
4779.0 1.37351e-15 1e-20
4780.5 1.36334e-15 1e-20
4782.0 1.2886799e-15 1e-20
4783.5 1.36185e-15 1e-20
4785.0 1.4278e-15 1e-20
4786.5 1.3549401e-15 1e-20
4788.0 1.26432e-15 1e-20
4789.5 1.31872e-15 1e-20
4791.0 1.31382e-15 1e-20
4792.5 1.2677e-15 1e-20
4794.0 1.2827701e-15 1e-20
4795.5 1.2739299e-15 1e-20
4797.0 1.2836e-15 1e-20
4798.5 1.26966e-15 1e-20
4800.0 1.28761e-15 1e-20
4801.5 1.2819099e-15 1e-20
4803.0 1.22617e-15 1e-20
4804.5 1.22548e-15 1e-20
4806.0 1.25037e-15 1e-20
4807.5 1.21812e-15 1e-20
4809.0 1.2116e-15 1e-20
4810.5 1.21515e-15 1e-20
4812.0 1.17044e-15 1e-20
4813.5 1.1514699e-15 1e-20
4815.0 1.19246e-15 1e-20
4816.5 1.21623e-15 1e-20
4818.0 1.21575e-15 1e-20
4819.5 1.26527e-15 1e-20
4821.0 1.26963e-15 1e-20
4822.5 1.24827e-15 1e-20
4824.0 1.3287601e-15 1e-20
4825.5 1.35321e-15 1e-20
4827.0 1.30888e-15 1e-20
4828.5 1.34805e-15 1e-20
4830.0 1.37605e-15 1e-20
4831.5 1.3498e-15 1e-20
4833.0 1.31941e-15 1e-20
4834.5 1.33465e-15 1e-20
4836.0 1.3348e-15 1e-20
4837.5 1.3438e-15 1e-20
4839.0 1.37243e-15 1e-20
4840.5 1.41768e-15 1e-20
4842.0 1.40759e-15 1e-20
4843.5 1.40648e-15 1e-20
4845.0 1.43473e-15 1e-20
4846.5 1.36315e-15 1e-20
4848.0 1.3531999e-15 1e-20
4849.5 1.3542499e-15 1e-20
4851.0 1.4090101e-15 1e-20
4852.5 1.38065e-15 1e-20
4854.0 1.42947e-15 1e-20
4855.5 1.35797e-15 1e-20
4857.0 1.45844e-15 1e-20
4858.5 1.3754601e-15 1e-20
4860.0 1.37987e-15 1e-20
4861.5 1.3775e-15 1e-20
4863.0 1.30805e-15 1e-20
4864.5 1.38516e-15 1e-20
4866.0 1.36413e-15 1e-20
4867.5 1.3185299e-15 1e-20
4869.0 1.31055e-15 1e-20
4870.5 1.35279e-15 1e-20
4872.0 1.29578e-15 1e-20
4873.5 1.32656e-15 1e-20
4875.0 1.3636301e-15 1e-20
4876.5 1.31742e-15 1e-20
4878.0 1.26974e-15 1e-20
4879.5 1.1848e-15 1e-20
4881.0 1.14072e-15 1e-20
4882.5 1.15781e-15 1e-20
4884.0 1.18855e-15 1e-20
4885.5 1.17879e-15 1e-20
4887.0 1.1387901e-15 1e-20
4888.5 1.12631e-15 1e-20
4890.0 1.12622e-15 1e-20
4891.5 1.1364899e-15 1e-20
4893.0 1.14867e-15 1e-20
4894.5 1.17519e-15 1e-20
4896.0 1.14845e-15 1e-20
4897.5 1.14261e-15 1e-20
4899.0 1.16832e-15 1e-20
4900.5 1.15311e-15 1e-20
4902.0 1.1172e-15 1e-20
4903.5 1.0383299e-15 1e-20
4905.0 1.05709e-15 1e-20
4906.5 1.03942e-15 1e-20
4908.0 9.7545902e-16 1e-20
4909.5 1.02475e-15 1e-20
4911.0 1.081e-15 1e-20
4912.5 1.07662e-15 1e-20
4914.0 1.0133899e-15 1e-20
4915.5 9.5365693e-16 1e-20
4917.0 1.00675e-15 1e-20
4918.5 9.9928003e-16 1e-20
4920.0 9.8146703e-16 1e-20
4921.5 1.01607e-15 1e-20
4923.0 1.00847e-15 1e-20
4924.5 9.5799797e-16 1e-20
4926.0 9.9266999e-16 1e-20
4927.5 9.9941407e-16 1e-20
4929.0 9.8567498e-16 1e-20
4930.5 9.7327601e-16 1e-20
4932.0 1.0081299e-15 1e-20
4933.5 9.7917602e-16 1e-20
4935.0 1.00465e-15 1e-20
4936.5 1.03323e-15 1e-20
4938.0 1.04145e-15 1e-20
4939.5 1.04161e-15 1e-20
4941.0 9.9957193e-16 1e-20
4942.5 1.05495e-15 1e-20
4944.0 1.03318e-15 1e-20
4945.5 9.9977798e-16 1e-20
4947.0 1.02883e-15 1e-20
4948.5 1.0848e-15 1e-20
4950.0 1.06067e-15 1e-20
4951.5 1.05094e-15 1e-20
4953.0 1.0498101e-15 1e-20
4954.5 1.07378e-15 1e-20
4956.0 1.0486501e-15 1e-20
4957.5 1.04426e-15 1e-20
4959.0 1.06288e-15 1e-20
4960.5 1.06685e-15 1e-20
4962.0 1.0436701e-15 1e-20
4963.5 1.06827e-15 1e-20
4965.0 1.1224299e-15 1e-20
4966.5 1.13301e-15 1e-20
4968.0 1.0821299e-15 1e-20
4969.5 1.06664e-15 1e-20
4971.0 1.04756e-15 1e-20
4972.5 1.06168e-15 1e-20
4974.0 1.06952e-15 1e-20
4975.5 1.0758199e-15 1e-20
4977.0 1.1120799e-15 1e-20
4978.5 1.1154999e-15 1e-20
4980.0 1.10788e-15 1e-20
4981.5 1.09418e-15 1e-20
4983.0 1.10421e-15 1e-20
4984.5 1.15946e-15 1e-20
4986.0 1.1990599e-15 1e-20
4987.5 1.18978e-15 1e-20
4989.0 1.16636e-15 1e-20
4990.5 1.17803e-15 1e-20
4992.0 1.1948101e-15 1e-20
4993.5 1.15695e-15 1e-20
4995.0 1.18666e-15 1e-20
4996.5 1.13652e-15 1e-20
4998.0 1.17547e-15 1e-20
4999.5 1.1560001e-15 1e-20
5001.0 1.21085e-15 1e-20
5002.5 1.15622e-15 1e-20
5004.0 1.21023e-15 1e-20
5005.5 1.17392e-15 1e-20
5007.0 1.1227e-15 1e-20
5008.5 1.12507e-15 1e-20
5010.0 1.16818e-15 1e-20
5011.5 1.12089e-15 1e-20
5013.0 1.1475901e-15 1e-20
5014.5 1.21234e-15 1e-20
5016.0 1.14701e-15 1e-20
5017.5 1.1486e-15 1e-20
5019.0 1.17997e-15 1e-20
5020.5 1.19073e-15 1e-20
5022.0 1.1304e-15 1e-20
5023.5 1.15738e-15 1e-20
5025.0 1.20388e-15 1e-20
5026.5 1.1519e-15 1e-20
5028.0 1.12263e-15 1e-20
5029.5 1.112e-15 1e-20
5031.0 1.13134e-15 1e-20
5032.5 1.15834e-15 1e-20
5034.0 1.1689201e-15 1e-20
5035.5 1.18503e-15 1e-20
5037.0 1.17457e-15 1e-20
5038.5 1.1652599e-15 1e-20
5040.0 1.16768e-15 1e-20
5041.5 1.16948e-15 1e-20
5043.0 1.20355e-15 1e-20
5044.5 1.22549e-15 1e-20
5046.0 1.21172e-15 1e-20
5047.5 1.2073099e-15 1e-20
5049.0 1.2213699e-15 1e-20
5050.5 1.2548701e-15 1e-20
5052.0 1.2340699e-15 1e-20
5053.5 1.2670401e-15 1e-20
5055.0 1.2081799e-15 1e-20
5056.5 1.23411e-15 1e-20
5058.0 1.2490601e-15 1e-20
5059.5 1.30591e-15 1e-20
5061.0 1.3008401e-15 1e-20
5062.5 1.2388299e-15 1e-20
5064.0 1.29434e-15 1e-20
5065.5 1.27815e-15 1e-20
5067.0 1.29422e-15 1e-20
5068.5 1.29056e-15 1e-20
5070.0 1.25167e-15 1e-20
5071.5 1.2472101e-15 1e-20
5073.0 1.2507201e-15 1e-20
5074.5 1.2894e-15 1e-20
5076.0 1.31842e-15 1e-20
5077.5 1.2909e-15 1e-20
5079.0 1.2923699e-15 1e-20
5080.5 1.32024e-15 1e-20
5082.0 1.3564399e-15 1e-20
5083.5 1.3240001e-15 1e-20
5085.0 1.3049999e-15 1e-20
5086.5 1.2908601e-15 1e-20
5088.0 1.3164001e-15 1e-20
5089.5 1.25853e-15 1e-20
5091.0 1.31057e-15 1e-20
5092.5 1.38255e-15 1e-20
5094.0 1.39857e-15 1e-20
5095.5 1.39378e-15 1e-20
5097.0 1.38669e-15 1e-20
5098.5 1.38272e-15 1e-20
5100.0 1.38597e-15 1e-20
5101.5 1.43067e-15 1e-20
5103.0 1.45982e-15 1e-20
5104.5 1.4304e-15 1e-20
5106.0 1.3635699e-15 1e-20
5107.5 1.3624701e-15 1e-20
5109.0 1.36344e-15 1e-20
5110.5 1.42649e-15 1e-20
5112.0 1.47841e-15 1e-20
5113.5 1.4617099e-15 1e-20
5115.0 1.46464e-15 1e-20
5116.5 1.45539e-15 1e-20
5118.0 1.46426e-15 1e-20
5119.5 1.47531e-15 1e-20
5121.0 1.48586e-15 1e-20
5122.5 1.53347e-15 1e-20
5124.0 1.49016e-15 1e-20
5125.5 1.4831899e-15 1e-20
5127.0 1.5540399e-15 1e-20
5128.5 1.5914101e-15 1e-20
5130.0 1.51995e-15 1e-20
5131.5 1.61702e-15 1e-20
5133.0 1.63958e-15 1e-20
5134.5 1.55854e-15 1e-20
5136.0 1.55686e-15 1e-20
5137.5 1.58811e-15 1e-20
5139.0 1.59963e-15 1e-20
5140.5 1.62153e-15 1e-20
5142.0 1.54387e-15 1e-20
5143.5 1.57403e-15 1e-20
5145.0 1.5651601e-15 1e-20
5146.5 1.5430301e-15 1e-20
5148.0 1.6412601e-15 1e-20
5149.5 1.63394e-15 1e-20
5151.0 1.63526e-15 1e-20
5152.5 1.61174e-15 1e-20
5154.0 1.62769e-15 1e-20
5155.5 1.62477e-15 1e-20
5157.0 1.6324e-15 1e-20
5158.5 1.63219e-15 1e-20
5160.0 1.6632801e-15 1e-20
5161.5 1.6806099e-15 1e-20
5163.0 1.68909e-15 1e-20
5164.5 1.62439e-15 1e-20
5166.0 1.64749e-15 1e-20
5167.5 1.61757e-15 1e-20
5169.0 1.6176e-15 1e-20
5170.5 1.6549899e-15 1e-20
5172.0 1.64022e-15 1e-20
5173.5 1.6158201e-15 1e-20
5175.0 1.61802e-15 1e-20
5176.5 1.6189701e-15 1e-20
5178.0 1.61716e-15 1e-20
5179.5 1.6243301e-15 1e-20
5181.0 1.6675299e-15 1e-20
5182.5 1.6330301e-15 1e-20
5184.0 1.57757e-15 1e-20
5185.5 1.5677e-15 1e-20
5187.0 1.60282e-15 1e-20
5188.5 1.62199e-15 1e-20
5190.0 1.54272e-15 1e-20
5191.5 1.5232001e-15 1e-20
5193.0 1.5812301e-15 1e-20
5194.5 1.56467e-15 1e-20
5196.0 1.5330499e-15 1e-20
5197.5 1.5725201e-15 1e-20
5199.0 1.53334e-15 1e-20
5200.5 1.55892e-15 1e-20
5202.0 1.58284e-15 1e-20
5203.5 1.5431201e-15 1e-20
5205.0 1.54275e-15 1e-20
5206.5 1.5676901e-15 1e-20
5208.0 1.55804e-15 1e-20
5209.5 1.5321e-15 1e-20
5211.0 1.53767e-15 1e-20
5212.5 1.4803501e-15 1e-20
5214.0 1.49258e-15 1e-20
5215.5 1.5155899e-15 1e-20
5217.0 1.54455e-15 1e-20
5218.5 1.5657901e-15 1e-20
5220.0 1.51847e-15 1e-20
5221.5 1.53312e-15 1e-20
5223.0 1.5808901e-15 1e-20
5224.5 1.58303e-15 1e-20
5226.0 1.5499801e-15 1e-20
5227.5 1.53224e-15 1e-20
5229.0 1.5655299e-15 1e-20
5230.5 1.56381e-15 1e-20
5232.0 1.5595301e-15 1e-20
5233.5 1.56954e-15 1e-20
5235.0 1.5993201e-15 1e-20
5236.5 1.61302e-15 1e-20
5238.0 1.5701099e-15 1e-20
5239.5 1.56618e-15 1e-20
5241.0 1.5970201e-15 1e-20
5242.5 1.62674e-15 1e-20
5244.0 1.60928e-15 1e-20
5245.5 1.59814e-15 1e-20
5247.0 1.603e-15 1e-20
5248.5 1.6115e-15 1e-20
5250.0 1.61026e-15 1e-20
5251.5 1.62286e-15 1e-20
5253.0 1.65101e-15 1e-20
5254.5 1.65513e-15 1e-20
5256.0 1.65967e-15 1e-20
5257.5 1.64984e-15 1e-20
5259.0 1.64146e-15 1e-20
5260.5 1.6330801e-15 1e-20
5262.0 1.62471e-15 1e-20
5263.5 1.6163301e-15 1e-20
5265.0 1.60795e-15 1e-20
5266.5 1.59958e-15 1e-20
5268.0 1.5912e-15 1e-20
5269.5 1.5828201e-15 1e-20
5271.0 1.57444e-15 1e-20
5272.5 1.56607e-15 1e-20
5274.0 1.55769e-15 1e-20
5275.5 1.55769e-15 1e-20
5277.0 1.53278e-15 1e-20
5278.5 1.5347801e-15 1e-20
5280.0 1.50726e-15 1e-20
5281.5 1.4935499e-15 1e-20
5283.0 1.46905e-15 1e-20
5284.5 1.5037399e-15 1e-20
5286.0 1.49131e-15 1e-20
5287.5 1.45192e-15 1e-20
5289.0 1.46306e-15 1e-20
5290.5 1.44994e-15 1e-20
5292.0 1.4056401e-15 1e-20
5293.5 1.3543599e-15 1e-20
5295.0 1.43013e-15 1e-20
5296.5 1.41201e-15 1e-20
5298.0 1.3422199e-15 1e-20
5299.5 1.29059e-15 1e-20
5301.0 1.30005e-15 1e-20
5302.5 1.30017e-15 1e-20
5304.0 1.2673e-15 1e-20
5305.5 1.2715101e-15 1e-20
5307.0 1.21727e-15 1e-20
5308.5 1.24805e-15 1e-20
5310.0 1.2963299e-15 1e-20
5311.5 1.2537101e-15 1e-20
5313.0 1.24639e-15 1e-20
5314.5 1.22945e-15 1e-20
5316.0 1.21573e-15 1e-20
5317.5 1.1944701e-15 1e-20
5319.0 1.1655999e-15 1e-20
5320.5 1.19883e-15 1e-20
5322.0 1.22297e-15 1e-20
5323.5 1.2367701e-15 1e-20
5325.0 1.23816e-15 1e-20
5326.5 1.2099201e-15 1e-20
5328.0 1.2109e-15 1e-20
5329.5 1.21778e-15 1e-20
5331.0 1.2054599e-15 1e-20
5332.5 1.17899e-15 1e-20
5334.0 1.1572799e-15 1e-20
5335.5 1.1480201e-15 1e-20
5337.0 1.17635e-15 1e-20
5338.5 1.19146e-15 1e-20
5340.0 1.1989e-15 1e-20
5341.5 1.1932499e-15 1e-20
5343.0 1.1667399e-15 1e-20
5344.5 1.17231e-15 1e-20
5346.0 1.13624e-15 1e-20
5347.5 1.12666e-15 1e-20
5349.0 1.16771e-15 1e-20
5350.5 1.18962e-15 1e-20
5352.0 1.18313e-15 1e-20
5353.5 1.1717401e-15 1e-20
5355.0 1.18378e-15 1e-20
5356.5 1.18001e-15 1e-20
5358.0 1.1739399e-15 1e-20
5359.5 1.1900299e-15 1e-20
5361.0 1.2223999e-15 1e-20
5362.5 1.1203001e-15 1e-20
5364.0 1.11145e-15 1e-20
5365.5 1.1809501e-15 1e-20
5367.0 1.17002e-15 1e-20
5368.5 1.19659e-15 1e-20
5370.0 1.20027e-15 1e-20
5371.5 1.1548199e-15 1e-20
5373.0 1.11888e-15 1e-20
5374.5 1.1132601e-15 1e-20
5376.0 1.1587501e-15 1e-20
5377.5 1.1458e-15 1e-20
5379.0 1.1491601e-15 1e-20
5380.5 1.1466399e-15 1e-20
5382.0 1.17048e-15 1e-20
5383.5 1.19529e-15 1e-20
5385.0 1.15253e-15 1e-20
5386.5 1.1445301e-15 1e-20
5388.0 1.17233e-15 1e-20
5389.5 1.16921e-15 1e-20
5391.0 1.1806199e-15 1e-20
5392.5 1.21268e-15 1e-20
5394.0 1.2379301e-15 1e-20
5395.5 1.2134301e-15 1e-20
5397.0 1.18094e-15 1e-20
5398.5 1.2412899e-15 1e-20
5400.0 1.25823e-15 1e-20
5401.5 1.23182e-15 1e-20
5403.0 1.19652e-15 1e-20
5404.5 1.16611e-15 1e-20
5406.0 1.199e-15 1e-20
5407.5 1.22359e-15 1e-20
5409.0 1.25446e-15 1e-20
5410.5 1.2753101e-15 1e-20
5412.0 1.2415101e-15 1e-20
5413.5 1.22904e-15 1e-20
5415.0 1.24447e-15 1e-20
5416.5 1.21873e-15 1e-20
5418.0 1.21428e-15 1e-20
5419.5 1.22659e-15 1e-20
5421.0 1.19015e-15 1e-20
5422.5 1.21264e-15 1e-20
5424.0 1.22684e-15 1e-20
5425.5 1.2222e-15 1e-20
5427.0 1.1866e-15 1e-20
5428.5 1.1936999e-15 1e-20
5430.0 1.19301e-15 1e-20
5431.5 1.1746401e-15 1e-20
5433.0 1.17247e-15 1e-20
5434.5 1.16688e-15 1e-20
5436.0 1.19038e-15 1e-20
5437.5 1.16699e-15 1e-20
5439.0 1.19659e-15 1e-20
5440.5 1.22679e-15 1e-20
5442.0 1.2056101e-15 1e-20
5443.5 1.2370401e-15 1e-20
5445.0 1.20715e-15 1e-20
5446.5 1.17554e-15 1e-20
5448.0 1.2065299e-15 1e-20
5449.5 1.18595e-15 1e-20
5451.0 1.1646e-15 1e-20
5452.5 1.13713e-15 1e-20
5454.0 1.1537e-15 1e-20
5455.5 1.171e-15 1e-20
5457.0 1.16267e-15 1e-20
5458.5 1.14815e-15 1e-20
5460.0 1.14766e-15 1e-20
5461.5 1.1212601e-15 1e-20
5463.0 1.12411e-15 1e-20
5464.5 1.11273e-15 1e-20
5466.0 1.09991e-15 1e-20
5467.5 1.09678e-15 1e-20
5469.0 1.13486e-15 1e-20
5470.5 1.1636e-15 1e-20
5472.0 1.14712e-15 1e-20
5473.5 1.14179e-15 1e-20
5475.0 1.1407599e-15 1e-20
5476.5 1.1184601e-15 1e-20
5478.0 1.0834301e-15 1e-20
5479.5 1.0591101e-15 1e-20
5481.0 1.05718e-15 1e-20
5482.5 1.05903e-15 1e-20
5484.0 1.04488e-15 1e-20
5485.5 1.0281301e-15 1e-20
5487.0 1.03606e-15 1e-20
5488.5 1.05881e-15 1e-20
5490.0 1.02026e-15 1e-20
5491.5 1.00606e-15 1e-20
5493.0 1.0433801e-15 1e-20
5494.5 9.7723006e-16 1e-20
5496.0 9.5232602e-16 1e-20
5497.5 9.7312799e-16 1e-20
5499.0 9.6659895e-16 1e-20
5500.5 9.98986e-16 1e-20
5502.0 1.0024001e-15 1e-20
5503.5 9.5272201e-16 1e-20
5505.0 9.7170699e-16 1e-20
5506.5 9.8377699e-16 1e-20
5508.0 9.37259e-16 1e-20
5509.5 9.7544198e-16 1e-20
5511.0 9.7002795e-16 1e-20
5512.5 9.30365e-16 1e-20
5514.0 8.9353601e-16 1e-20
5515.5 8.84279e-16 1e-20
5517.0 9.4429096e-16 1e-20
5518.5 9.5392194e-16 1e-20
5520.0 9.2984302e-16 1e-20
5521.5 9.2360801e-16 1e-20
5523.0 9.6516397e-16 1e-20
5524.5 1.0165101e-15 1e-20
5526.0 9.8175195e-16 1e-20
5527.5 9.1570498e-16 1e-20
5529.0 8.9500805e-16 1e-20
5530.5 9.4080405e-16 1e-20
5532.0 9.4678103e-16 1e-20
5533.5 9.2964598e-16 1e-20
5535.0 9.8299804e-16 1e-20
5536.5 9.9892099e-16 1e-20
5538.0 1.0130901e-15 1e-20
5539.5 1.0114501e-15 1e-20
5541.0 9.8637304e-16 1e-20
5542.5 1.00168e-15 1e-20
5544.0 1.03332e-15 1e-20
5545.5 1.0607001e-15 1e-20
5547.0 1.04063e-15 1e-20
5548.5 1.04308e-15 1e-20
5550.0 1.08776e-15 1e-20
5551.5 1.0846e-15 1e-20
5553.0 1.08184e-15 1e-20
5554.5 1.09619e-15 1e-20
5556.0 1.11273e-15 1e-20
5557.5 1.11801e-15 1e-20
5559.0 1.1093201e-15 1e-20
5560.5 1.1511001e-15 1e-20
5562.0 1.1223e-15 1e-20
5563.5 1.15465e-15 1e-20
5565.0 1.18353e-15 1e-20
5566.5 1.1945601e-15 1e-20
5568.0 1.18734e-15 1e-20
5569.5 1.17472e-15 1e-20
5571.0 1.17803e-15 1e-20
5572.5 1.25003e-15 1e-20
5574.0 1.2949899e-15 1e-20
5575.5 1.24914e-15 1e-20
5577.0 1.1456799e-15 1e-20
5578.5 1.2398501e-15 1e-20
5580.0 1.36079e-15 1e-20
5581.5 1.37612e-15 1e-20
5583.0 1.2342901e-15 1e-20
5584.5 1.2461601e-15 1e-20
5586.0 1.3146301e-15 1e-20
5587.5 1.27367e-15 1e-20
5589.0 1.2534e-15 1e-20
5590.5 1.28773e-15 1e-20
5592.0 1.30101e-15 1e-20
5593.5 1.3197301e-15 1e-20
5595.0 1.35618e-15 1e-20
5596.5 1.31574e-15 1e-20
5598.0 1.26564e-15 1e-20
5599.5 1.26069e-15 1e-20
5601.0 1.28272e-15 1e-20
5602.5 1.27537e-15 1e-20
5604.0 1.28614e-15 1e-20
5605.5 1.2970601e-15 1e-20
5607.0 1.2681101e-15 1e-20
5608.5 1.2517701e-15 1e-20
5610.0 1.2555099e-15 1e-20
5611.5 1.23845e-15 1e-20
5613.0 1.23645e-15 1e-20
5614.5 1.25898e-15 1e-20
5616.0 1.25621e-15 1e-20
5617.5 1.2385e-15 1e-20
5619.0 1.2376699e-15 1e-20
5620.5 1.25034e-15 1e-20
5622.0 1.2659001e-15 1e-20
5623.5 1.27425e-15 1e-20
5625.0 1.26056e-15 1e-20
5626.5 1.2516399e-15 1e-20
5628.0 1.25924e-15 1e-20
5629.5 1.22454e-15 1e-20
5631.0 1.22259e-15 1e-20
5632.5 1.28702e-15 1e-20
5634.0 1.29081e-15 1e-20
5635.5 1.2431e-15 1e-20
5637.0 1.2565e-15 1e-20
5638.5 1.25356e-15 1e-20
5640.0 1.2365901e-15 1e-20
5641.5 1.29328e-15 1e-20
5643.0 1.2952e-15 1e-20
5644.5 1.2879201e-15 1e-20
5646.0 1.28918e-15 1e-20
5647.5 1.29274e-15 1e-20
5649.0 1.34304e-15 1e-20
5650.5 1.3398e-15 1e-20
5652.0 1.29084e-15 1e-20
5653.5 1.27079e-15 1e-20
5655.0 1.31462e-15 1e-20
5656.5 1.3407001e-15 1e-20
5658.0 1.31728e-15 1e-20
5659.5 1.32028e-15 1e-20
5661.0 1.3152699e-15 1e-20
5662.5 1.2754299e-15 1e-20
5664.0 1.29248e-15 1e-20
5665.5 1.3216501e-15 1e-20
5667.0 1.28093e-15 1e-20
5668.5 1.27439e-15 1e-20
5670.0 1.2998801e-15 1e-20
5671.5 1.25313e-15 1e-20
5673.0 1.3262e-15 1e-20
5674.5 1.3543e-15 1e-20
5676.0 1.3531099e-15 1e-20
5677.5 1.3244099e-15 1e-20
5679.0 1.31384e-15 1e-20
5680.5 1.31956e-15 1e-20
5682.0 1.31954e-15 1e-20
5683.5 1.3096499e-15 1e-20
5685.0 1.31163e-15 1e-20
5686.5 1.30264e-15 1e-20
5688.0 1.30846e-15 1e-20
5689.5 1.31224e-15 1e-20
5691.0 1.286e-15 1e-20
5692.5 1.27683e-15 1e-20
5694.0 1.28368e-15 1e-20
5695.5 1.3017301e-15 1e-20
5697.0 1.28549e-15 1e-20
5698.5 1.27899e-15 1e-20
5700.0 1.28737e-15 1e-20
5701.5 1.28226e-15 1e-20
5703.0 1.29417e-15 1e-20
5704.5 1.28924e-15 1e-20
5706.0 1.31318e-15 1e-20
5707.5 1.29654e-15 1e-20
5709.0 1.29892e-15 1e-20
5710.5 1.30397e-15 1e-20
5712.0 1.3110501e-15 1e-20
5713.5 1.32329e-15 1e-20
5715.0 1.28177e-15 1e-20
5716.5 1.26876e-15 1e-20
5718.0 1.2932301e-15 1e-20
5719.5 1.30844e-15 1e-20
5721.0 1.3102501e-15 1e-20
5722.5 1.3300399e-15 1e-20
5724.0 1.3297401e-15 1e-20
5725.5 1.31578e-15 1e-20
5727.0 1.30628e-15 1e-20
5728.5 1.30436e-15 1e-20
5730.0 1.31923e-15 1e-20
5731.5 1.28903e-15 1e-20
5733.0 1.26533e-15 1e-20
5734.5 1.31498e-15 1e-20
5736.0 1.31751e-15 1e-20
5737.5 1.3033901e-15 1e-20
5739.0 1.29331e-15 1e-20
5740.5 1.29256e-15 1e-20
5742.0 1.34566e-15 1e-20
5743.5 1.31988e-15 1e-20
5745.0 1.27896e-15 1e-20
5746.5 1.30328e-15 1e-20
5748.0 1.3034e-15 1e-20
5749.5 1.3204699e-15 1e-20
5751.0 1.33852e-15 1e-20
5752.5 1.3155299e-15 1e-20
5754.0 1.26345e-15 1e-20
5755.5 1.23676e-15 1e-20
5757.0 1.2562899e-15 1e-20
5758.5 1.27655e-15 1e-20
5760.0 1.2835899e-15 1e-20
5761.5 1.29002e-15 1e-20
5763.0 1.26104e-15 1e-20
5764.5 1.2294399e-15 1e-20
5766.0 1.2232701e-15 1e-20
5767.5 1.23669e-15 1e-20
5769.0 1.25094e-15 1e-20
5770.5 1.2509201e-15 1e-20
5772.0 1.23014e-15 1e-20
5773.5 1.2541699e-15 1e-20
5775.0 1.23705e-15 1e-20
5776.5 1.2256401e-15 1e-20
5778.0 1.21532e-15 1e-20
5779.5 1.24606e-15 1e-20
5781.0 1.1906199e-15 1e-20
5782.5 1.16279e-15 1e-20
5784.0 1.1936099e-15 1e-20
5785.5 1.1738e-15 1e-20
5787.0 1.16396e-15 1e-20
5788.5 1.1494101e-15 1e-20
5790.0 1.14242e-15 1e-20
5791.5 1.15557e-15 1e-20
5793.0 1.14532e-15 1e-20
5794.5 1.18054e-15 1e-20
5796.0 1.1329599e-15 1e-20
5797.5 1.0815e-15 1e-20
5799.0 1.09978e-15 1e-20
5800.5 1.11164e-15 1e-20
5802.0 1.09264e-15 1e-20
5803.5 1.12832e-15 1e-20
5805.0 1.04407e-15 1e-20
5806.5 1.0247e-15 1e-20
5808.0 1.0401699e-15 1e-20
5809.5 1.01475e-15 1e-20
5811.0 1.03711e-15 1e-20
5812.5 1.04986e-15 1e-20
5814.0 9.9874502e-16 1e-20
5815.5 9.9567505e-16 1e-20
5817.0 1.01612e-15 1e-20
5818.5 9.8408902e-16 1e-20
5820.0 9.8375402e-16 1e-20
5821.5 9.8744602e-16 1e-20
5823.0 1.0033601e-15 1e-20
5824.5 1.00047e-15 1e-20
5826.0 9.96362e-16 1e-20
5827.5 1.02536e-15 1e-20
5829.0 1.00651e-15 1e-20
5830.5 1.01104e-15 1e-20
5832.0 1.0669e-15 1e-20
5833.5 1.0316499e-15 1e-20
5835.0 9.7888305e-16 1e-20
5836.5 1.0219899e-15 1e-20
5838.0 1.05167e-15 1e-20
5839.5 1.03216e-15 1e-20
5841.0 1.0078e-15 1e-20
5842.5 1.01942e-15 1e-20
5844.0 9.9865703e-16 1e-20
5845.5 1.0175399e-15 1e-20
5847.0 1.04547e-15 1e-20
5848.5 1.05714e-15 1e-20
5850.0 1.0598e-15 1e-20
5851.5 1.00932e-15 1e-20
5853.0 9.9053399e-16 1e-20
5854.5 1.0272e-15 1e-20
5856.0 1.0615501e-15 1e-20
5857.5 1.07436e-15 1e-20
5859.0 1.02831e-15 1e-20
5860.5 1.0202499e-15 1e-20
5862.0 1.0258301e-15 1e-20
5863.5 1.03246e-15 1e-20
5865.0 1.10806e-15 1e-20
5866.5 1.10742e-15 1e-20
5868.0 1.08998e-15 1e-20
5869.5 1.0780299e-15 1e-20
5871.0 1.01771e-15 1e-20
5872.5 1.06133e-15 1e-20
5874.0 1.0945701e-15 1e-20
5875.5 1.07901e-15 1e-20
5877.0 1.0989e-15 1e-20
5878.5 1.09867e-15 1e-20
5880.0 1.10069e-15 1e-20
5881.5 1.0961601e-15 1e-20
5883.0 1.11891e-15 1e-20
5884.5 1.12424e-15 1e-20
5886.0 1.11057e-15 1e-20
5887.5 1.10253e-15 1e-20
5889.0 1.0829901e-15 1e-20
5890.5 1.0212099e-15 1e-20
5892.0 9.7028503e-16 1e-20
5893.5 1.03553e-15 1e-20
5895.0 1.07427e-15 1e-20
5896.5 1.11226e-15 1e-20
5898.0 1.1186201e-15 1e-20
5899.5 1.09506e-15 1e-20
5901.0 1.1434601e-15 1e-20
5902.5 1.1410499e-15 1e-20
5904.0 1.1200301e-15 1e-20
5905.5 1.13009e-15 1e-20
5907.0 1.1094801e-15 1e-20
5908.5 1.10179e-15 1e-20
5910.0 1.12146e-15 1e-20
5911.5 1.10755e-15 1e-20
5913.0 1.0994001e-15 1e-20
5914.5 1.12206e-15 1e-20
5916.0 1.1326601e-15 1e-20
5917.5 1.15949e-15 1e-20
5919.0 1.17116e-15 1e-20
5920.5 1.17768e-15 1e-20
5922.0 1.1537401e-15 1e-20
5923.5 1.1604e-15 1e-20
5925.0 1.16749e-15 1e-20
5926.5 1.1787601e-15 1e-20
5928.0 1.19812e-15 1e-20
5929.5 1.1713801e-15 1e-20
5931.0 1.19384e-15 1e-20
5932.5 1.22436e-15 1e-20
5934.0 1.16519e-15 1e-20
5935.5 1.18662e-15 1e-20
5937.0 1.20784e-15 1e-20
5938.5 1.1848201e-15 1e-20
5940.0 1.19998e-15 1e-20
5941.5 1.20734e-15 1e-20
5943.0 1.2062101e-15 1e-20
5944.5 1.19664e-15 1e-20
5946.0 1.22619e-15 1e-20
5947.5 1.1759401e-15 1e-20
5949.0 1.20151e-15 1e-20
5950.5 1.19471e-15 1e-20
5952.0 1.2032e-15 1e-20
5953.5 1.17203e-15 1e-20
5955.0 1.20342e-15 1e-20
5956.5 1.24167e-15 1e-20
5958.0 1.2271599e-15 1e-20
5959.5 1.26437e-15 1e-20
5961.0 1.20875e-15 1e-20
5962.5 1.19962e-15 1e-20
5964.0 1.23861e-15 1e-20
5965.5 1.15413e-15 1e-20
5967.0 1.09812e-15 1e-20
5968.5 1.0875099e-15 1e-20
5970.0 1.0995899e-15 1e-20
5971.5 1.14862e-15 1e-20
5973.0 1.17073e-15 1e-20
5974.5 1.14712e-15 1e-20
5976.0 1.14348e-15 1e-20
5977.5 1.1781799e-15 1e-20
5979.0 1.21358e-15 1e-20
5980.5 1.21179e-15 1e-20
5982.0 1.21637e-15 1e-20
5983.5 1.19161e-15 1e-20
5985.0 1.2027299e-15 1e-20
5986.5 1.26908e-15 1e-20
5988.0 1.2451399e-15 1e-20
5989.5 1.19879e-15 1e-20
5991.0 1.2192001e-15 1e-20
5992.5 1.2457301e-15 1e-20
5994.0 1.25556e-15 1e-20
5995.5 1.22503e-15 1e-20
5997.0 1.23965e-15 1e-20
5998.5 1.25235e-15 1e-20
6000.0 1.24595e-15 1e-20
6001.5 1.2375799e-15 1e-20
6003.0 1.25621e-15 1e-20
6004.5 1.23594e-15 1e-20
6006.0 1.31213e-15 1e-20
6007.5 1.2931401e-15 1e-20
6009.0 1.28989e-15 1e-20
6010.5 1.25181e-15 1e-20
6012.0 1.24143e-15 1e-20
6013.5 1.25684e-15 1e-20
6015.0 1.31072e-15 1e-20
6016.5 1.28675e-15 1e-20
6018.0 1.32634e-15 1e-20
6019.5 1.3197e-15 1e-20
6021.0 1.3169801e-15 1e-20
6022.5 1.25387e-15 1e-20
6024.0 1.2809001e-15 1e-20
6025.5 1.30067e-15 1e-20
6027.0 1.30936e-15 1e-20
6028.5 1.26486e-15 1e-20
6030.0 1.2565e-15 1e-20
6031.5 1.26166e-15 1e-20
6033.0 1.2525701e-15 1e-20
6034.5 1.2491501e-15 1e-20
6036.0 1.22869e-15 1e-20
6037.5 1.2366101e-15 1e-20
6039.0 1.2707301e-15 1e-20
6040.5 1.28189e-15 1e-20
6042.0 1.27125e-15 1e-20
6043.5 1.2606e-15 1e-20
6045.0 1.24995e-15 1e-20
6046.5 1.23931e-15 1e-20
6048.0 1.23931e-15 1e-20
6049.5 1.23466e-15 1e-20
6051.0 1.2407e-15 1e-20
6052.5 1.2274701e-15 1e-20
6054.0 1.2270499e-15 1e-20
6055.5 1.22347e-15 1e-20
6057.0 1.2145701e-15 1e-20
6058.5 1.1938e-15 1e-20
6060.0 1.23061e-15 1e-20
6061.5 1.25823e-15 1e-20
6063.0 1.2075301e-15 1e-20
6064.5 1.1736401e-15 1e-20
6066.0 1.18897e-15 1e-20
6067.5 1.17037e-15 1e-20
6069.0 1.1494599e-15 1e-20
6070.5 1.15349e-15 1e-20
6072.0 1.13702e-15 1e-20
6073.5 1.1408699e-15 1e-20
6075.0 1.13969e-15 1e-20
6076.5 1.1359201e-15 1e-20
6078.0 1.1311801e-15 1e-20
6079.5 1.11361e-15 1e-20
6081.0 1.07916e-15 1e-20
6082.5 1.08346e-15 1e-20
6084.0 1.1028201e-15 1e-20
6085.5 1.0758801e-15 1e-20
6087.0 1.09481e-15 1e-20
6088.5 1.0700701e-15 1e-20
6090.0 1.07735e-15 1e-20
6091.5 1.0400501e-15 1e-20
6093.0 1.0092699e-15 1e-20
6094.5 1.0485801e-15 1e-20
6096.0 1.0277099e-15 1e-20
6097.5 1.04027e-15 1e-20
6099.0 9.9938294e-16 1e-20
6100.5 9.7376104e-16 1e-20
6102.0 1.01529e-15 1e-20
6103.5 1.01466e-15 1e-20
6105.0 9.8818601e-16 1e-20
6106.5 1.00334e-15 1e-20
6108.0 9.5653197e-16 1e-20
6109.5 9.3008696e-16 1e-20
6111.0 9.4348194e-16 1e-20
6112.5 9.0023297e-16 1e-20
6114.0 9.0897498e-16 1e-20
6115.5 9.3250598e-16 1e-20
6117.0 8.8227598e-16 1e-20
6118.5 8.5829298e-16 1e-20
6120.0 8.7894502e-16 1e-20
6121.5 8.6994598e-16 1e-20
6123.0 8.40854e-16 1e-20
6124.5 8.19892e-16 1e-20
6126.0 8.3994699e-16 1e-20
6127.5 8.42102e-16 1e-20
6129.0 8.0425503e-16 1e-20
6130.5 7.8862103e-16 1e-20
6132.0 7.94144e-16 1e-20
6133.5 7.7066901e-16 1e-20
6135.0 7.2392899e-16 1e-20
6136.5 6.8586598e-16 1e-20
6138.0 7.03638e-16 1e-20
6139.5 7.0906504e-16 1e-20
6141.0 6.7502501e-16 1e-20
6142.5 6.5834e-16 1e-20
6144.0 6.5706495e-16 1e-20
6145.5 6.8153203e-16 1e-20
6147.0 6.6355598e-16 1e-20
6148.5 6.2707199e-16 1e-20
6150.0 5.8490801e-16 1e-20
6151.5 5.9323001e-16 1e-20
6153.0 6.2949699e-16 1e-20
6154.5 6.0696602e-16 1e-20
6156.0 6.14101e-16 1e-20
6157.5 5.7982301e-16 1e-20
6159.0 5.8284199e-16 1e-20
6160.5 5.4060798e-16 1e-20
6162.0 5.2870902e-16 1e-20
6163.5 5.1655002e-16 1e-20
6165.0 5.6674599e-16 1e-20
6166.5 5.4148101e-16 1e-20
6168.0 5.6616799e-16 1e-20
6169.5 5.4600104e-16 1e-20
6171.0 5.3456699e-16 1e-20
6172.5 5.1164199e-16 1e-20
6174.0 5.4075097e-16 1e-20
6175.5 5.24065e-16 1e-20
6177.0 5.2323904e-16 1e-20
6178.5 4.7971902e-16 1e-20
6180.0 4.90048e-16 1e-20
6181.5 4.4217801e-16 1e-20
6183.0 4.4935701e-16 1e-20
6184.5 5.0258901e-16 1e-20
6186.0 4.8027398e-16 1e-20
6187.5 4.60727e-16 1e-20
6189.0 4.8755899e-16 1e-20
6190.5 5.1155401e-16 1e-20
6192.0 5.3368904e-16 1e-20
6193.5 5.4503696e-16 1e-20
6195.0 5.1549599e-16 1e-20
6196.5 4.6972101e-16 1e-20
6198.0 4.8006402e-16 1e-20
6199.5 4.8343601e-16 1e-20
6201.0 4.7773198e-16 1e-20
6202.5 4.8658199e-16 1e-20
6204.0 5.0645296e-16 1e-20
6205.5 5.2984103e-16 1e-20
6207.0 5.41652e-16 1e-20
6208.5 5.5145101e-16 1e-20
6210.0 5.5174297e-16 1e-20
6211.5 5.3336696e-16 1e-20
6213.0 5.40223e-16 1e-20
6214.5 5.4875998e-16 1e-20
6216.0 5.4383899e-16 1e-20
6217.5 5.6485202e-16 1e-20
6219.0 5.90469e-16 1e-20
6220.5 5.8382e-16 1e-20
6222.0 5.9297198e-16 1e-20
6223.5 6.04773e-16 1e-20
6225.0 5.8779301e-16 1e-20
6226.5 5.5401598e-16 1e-20
6228.0 5.8653998e-16 1e-20
6229.5 6.123e-16 1e-20
6231.0 6.1908103e-16 1e-20
6232.5 5.7660799e-16 1e-20
6234.0 5.9386496e-16 1e-20
6235.5 6.00855e-16 1e-20
6237.0 6.1943901e-16 1e-20
6238.5 6.3832096e-16 1e-20
6240.0 6.64366e-16 1e-20
6241.5 6.3582899e-16 1e-20
6243.0 6.0143797e-16 1e-20
6244.5 6.1895e-16 1e-20
6246.0 6.6888397e-16 1e-20
6247.5 6.5988303e-16 1e-20
6249.0 6.79383e-16 1e-20
6250.5 6.8848299e-16 1e-20
6252.0 7.0651103e-16 1e-20
6253.5 7.10649e-16 1e-20
6255.0 7.3960799e-16 1e-20
6256.5 7.61946e-16 1e-20
6258.0 7.6824496e-16 1e-20
6259.5 7.6376802e-16 1e-20
6261.0 7.3251097e-16 1e-20
6262.5 7.6766199e-16 1e-20
6264.0 8.27211e-16 1e-20
6265.5 8.4563e-16 1e-20
6267.0 8.1739601e-16 1e-20
6268.5 7.9863401e-16 1e-20
6270.0 8.4322797e-16 1e-20
6271.5 8.8119003e-16 1e-20
6273.0 9.1231896e-16 1e-20
6274.5 9.0062705e-16 1e-20
6276.0 8.73161e-16 1e-20
6277.5 9.0934704e-16 1e-20
6279.0 9.1194203e-16 1e-20
6280.5 9.0864602e-16 1e-20
6282.0 9.1258504e-16 1e-20
6283.5 9.15401e-16 1e-20
6285.0 9.3275205e-16 1e-20
6286.5 9.4230499e-16 1e-20
6288.0 9.3582e-16 1e-20
6289.5 9.4062003e-16 1e-20
6291.0 9.3455305e-16 1e-20
6292.5 9.4092898e-16 1e-20
6294.0 9.5946005e-16 1e-20
6295.5 9.5972602e-16 1e-20
6297.0 1.00045e-15 1e-20
6298.5 1.05672e-15 1e-20
6300.0 1.0727101e-15 1e-20
6301.5 1.0198199e-15 1e-20
6303.0 1.02415e-15 1e-20
6304.5 1.07717e-15 1e-20
6306.0 1.0788799e-15 1e-20
6307.5 1.0132001e-15 1e-20
6309.0 1.0001001e-15 1e-20
6310.5 1.09515e-15 1e-20
6312.0 1.06756e-15 1e-20
6313.5 1.07532e-15 1e-20
6315.0 1.1316801e-15 1e-20
6316.5 1.1617201e-15 1e-20
6318.0 1.1467299e-15 1e-20
6319.5 1.12119e-15 1e-20
6321.0 1.0785201e-15 1e-20
6322.5 1.10833e-15 1e-20
6324.0 1.12297e-15 1e-20
6325.5 1.13165e-15 1e-20
6327.0 1.13994e-15 1e-20
6328.5 1.1993999e-15 1e-20
6330.0 1.21744e-15 1e-20
6331.5 1.20382e-15 1e-20
6333.0 1.20772e-15 1e-20
6334.5 1.21025e-15 1e-20
6336.0 1.18293e-15 1e-20
6337.5 1.1841201e-15 1e-20
6339.0 1.1773301e-15 1e-20
6340.5 1.1944e-15 1e-20
6342.0 1.2003301e-15 1e-20
6343.5 1.1806601e-15 1e-20
6345.0 1.18505e-15 1e-20
6346.5 1.23267e-15 1e-20
6348.0 1.27801e-15 1e-20
6349.5 1.2624101e-15 1e-20
6351.0 1.25473e-15 1e-20
6352.5 1.28195e-15 1e-20
6354.0 1.28582e-15 1e-20
6355.5 1.29012e-15 1e-20
6357.0 1.30707e-15 1e-20
6358.5 1.2984299e-15 1e-20
6360.0 1.22397e-15 1e-20
6361.5 1.21135e-15 1e-20
6363.0 1.2373001e-15 1e-20
6364.5 1.26348e-15 1e-20
6366.0 1.2573399e-15 1e-20
6367.5 1.2841e-15 1e-20
6369.0 1.2705099e-15 1e-20
6370.5 1.25406e-15 1e-20
6372.0 1.27718e-15 1e-20
6373.5 1.33655e-15 1e-20
6375.0 1.31563e-15 1e-20
6376.5 1.3280701e-15 1e-20
6378.0 1.33264e-15 1e-20
6379.5 1.28468e-15 1e-20
6381.0 1.2859301e-15 1e-20
6382.5 1.3375e-15 1e-20
6384.0 1.3242001e-15 1e-20
6385.5 1.35678e-15 1e-20
6387.0 1.2838399e-15 1e-20
6388.5 1.29743e-15 1e-20
6390.0 1.3324701e-15 1e-20
6391.5 1.3452801e-15 1e-20
6393.0 1.3144799e-15 1e-20
6394.5 1.3263001e-15 1e-20
6396.0 1.29593e-15 1e-20
6397.5 1.30512e-15 1e-20
6399.0 1.3384499e-15 1e-20
6400.5 1.35534e-15 1e-20
6402.0 1.32191e-15 1e-20
6403.5 1.30451e-15 1e-20
6405.0 1.28048e-15 1e-20
6406.5 1.25205e-15 1e-20
6408.0 1.2737201e-15 1e-20
6409.5 1.3194401e-15 1e-20
6411.0 1.32891e-15 1e-20
6412.5 1.29554e-15 1e-20
6414.0 1.2244901e-15 1e-20
6415.5 1.23093e-15 1e-20
6417.0 1.28732e-15 1e-20
6418.5 1.29313e-15 1e-20
6420.0 1.29108e-15 1e-20
6421.5 1.29269e-15 1e-20
6423.0 1.2632199e-15 1e-20
6424.5 1.26188e-15 1e-20
6426.0 1.25491e-15 1e-20
6427.5 1.27973e-15 1e-20
6429.0 1.3053101e-15 1e-20
6430.5 1.28194e-15 1e-20
6432.0 1.30487e-15 1e-20
6433.5 1.3074301e-15 1e-20
6435.0 1.26712e-15 1e-20
6436.5 1.2367701e-15 1e-20
6438.0 1.30897e-15 1e-20
6439.5 1.31773e-15 1e-20
6441.0 1.31203e-15 1e-20
6442.5 1.30117e-15 1e-20
6444.0 1.32108e-15 1e-20
6445.5 1.29974e-15 1e-20
6447.0 1.29204e-15 1e-20
6448.5 1.31081e-15 1e-20
6450.0 1.3143899e-15 1e-20
6451.5 1.3376599e-15 1e-20
6453.0 1.32408e-15 1e-20
6454.5 1.29785e-15 1e-20
6456.0 1.31248e-15 1e-20
6457.5 1.2670601e-15 1e-20
6459.0 1.34512e-15 1e-20
6460.5 1.30088e-15 1e-20
6462.0 1.2553999e-15 1e-20
6463.5 1.3055e-15 1e-20
6465.0 1.27487e-15 1e-20
6466.5 1.26524e-15 1e-20
6468.0 1.30999e-15 1e-20
6469.5 1.27907e-15 1e-20
6471.0 1.25688e-15 1e-20
6472.5 1.2643501e-15 1e-20
6474.0 1.27342e-15 1e-20
6475.5 1.23945e-15 1e-20
6477.0 1.23568e-15 1e-20
6478.5 1.22925e-15 1e-20
6480.0 1.23934e-15 1e-20
6481.5 1.27599e-15 1e-20
6483.0 1.23183e-15 1e-20
6484.5 1.20567e-15 1e-20
6486.0 1.2248599e-15 1e-20
6487.5 1.25085e-15 1e-20
6489.0 1.2451e-15 1e-20
6490.5 1.23973e-15 1e-20
6492.0 1.23715e-15 1e-20
6493.5 1.2278e-15 1e-20
6495.0 1.2375501e-15 1e-20
6496.5 1.30248e-15 1e-20
6498.0 1.3003499e-15 1e-20
6499.5 1.2105499e-15 1e-20
6501.0 1.19596e-15 1e-20
6502.5 1.21627e-15 1e-20
6504.0 1.23204e-15 1e-20
6505.5 1.21992e-15 1e-20
6507.0 1.1911401e-15 1e-20
6508.5 1.20693e-15 1e-20
6510.0 1.22329e-15 1e-20
6511.5 1.2275899e-15 1e-20
6513.0 1.2319401e-15 1e-20
6514.5 1.23141e-15 1e-20
6516.0 1.22297e-15 1e-20
6517.5 1.2431801e-15 1e-20
6519.0 1.22545e-15 1e-20
6520.5 1.16606e-15 1e-20
6522.0 1.18018e-15 1e-20
6523.5 1.2116801e-15 1e-20
6525.0 1.2017699e-15 1e-20
6526.5 1.19257e-15 1e-20
6528.0 1.22592e-15 1e-20
6529.5 1.25239e-15 1e-20
6531.0 1.23411e-15 1e-20
6532.5 1.19905e-15 1e-20
6534.0 1.2086299e-15 1e-20
6535.5 1.1993999e-15 1e-20
6537.0 1.19074e-15 1e-20
6538.5 1.18926e-15 1e-20
6540.0 1.17113e-15 1e-20
6541.5 1.19638e-15 1e-20
6543.0 1.22822e-15 1e-20
6544.5 1.23984e-15 1e-20
6546.0 1.2270699e-15 1e-20
6547.5 1.2102899e-15 1e-20
6549.0 1.2218601e-15 1e-20
6550.5 1.17971e-15 1e-20
6552.0 1.1957099e-15 1e-20
6553.5 1.20831e-15 1e-20
6555.0 1.20108e-15 1e-20
6556.5 1.1961599e-15 1e-20
6558.0 1.1819599e-15 1e-20
6559.5 1.1866501e-15 1e-20
6561.0 1.1752301e-15 1e-20
6562.5 1.14212e-15 1e-20
6564.0 1.1459001e-15 1e-20
6565.5 1.14728e-15 1e-20
6567.0 1.15268e-15 1e-20
6568.5 1.15214e-15 1e-20
6570.0 1.1747801e-15 1e-20
6571.5 1.22029e-15 1e-20
6573.0 1.2111799e-15 1e-20
6574.5 1.18858e-15 1e-20
6576.0 1.1628899e-15 1e-20
6577.5 1.14153e-15 1e-20
6579.0 1.151e-15 1e-20
6580.5 1.18109e-15 1e-20
6582.0 1.19279e-15 1e-20
6583.5 1.18675e-15 1e-20
6585.0 1.19717e-15 1e-20
6586.5 1.1971101e-15 1e-20
6588.0 1.1863801e-15 1e-20
6589.5 1.18873e-15 1e-20
6591.0 1.18061e-15 1e-20
6592.5 1.14132e-15 1e-20
6594.0 1.1387699e-15 1e-20
6595.5 1.15107e-15 1e-20
6597.0 1.1355099e-15 1e-20
6598.5 1.16117e-15 1e-20
6600.0 1.21293e-15 1e-20
6601.5 1.2027901e-15 1e-20
6603.0 1.15478e-15 1e-20
6604.5 1.1478899e-15 1e-20
6606.0 1.1284601e-15 1e-20
6607.5 1.19026e-15 1e-20
6609.0 1.15234e-15 1e-20
6610.5 1.12187e-15 1e-20
6612.0 1.13683e-15 1e-20
6613.5 1.1670999e-15 1e-20
6615.0 1.1922801e-15 1e-20
6616.5 1.2176301e-15 1e-20
6618.0 1.21078e-15 1e-20
6619.5 1.16825e-15 1e-20
6621.0 1.13661e-15 1e-20
6622.5 1.13737e-15 1e-20
6624.0 1.0988801e-15 1e-20
6625.5 1.115e-15 1e-20
6627.0 1.1422799e-15 1e-20
6628.5 1.1401599e-15 1e-20
6630.0 1.1609401e-15 1e-20
6631.5 1.14687e-15 1e-20
6633.0 1.1246399e-15 1e-20
6634.5 1.14108e-15 1e-20
6636.0 1.1199699e-15 1e-20
6637.5 1.10571e-15 1e-20
6639.0 1.09951e-15 1e-20
6640.5 1.09452e-15 1e-20
6642.0 1.0826e-15 1e-20
6643.5 1.09482e-15 1e-20
6645.0 1.1532201e-15 1e-20
6646.5 1.1756701e-15 1e-20
6648.0 1.19191e-15 1e-20
6649.5 1.2052301e-15 1e-20
6651.0 1.19285e-15 1e-20
6652.5 1.1563801e-15 1e-20
6654.0 1.14317e-15 1e-20
6655.5 1.12648e-15 1e-20
6657.0 1.11806e-15 1e-20
6658.5 1.11555e-15 1e-20
6660.0 1.09762e-15 1e-20
6661.5 1.14613e-15 1e-20
6663.0 1.1050599e-15 1e-20
6664.5 1.06521e-15 1e-20
6666.0 1.0979299e-15 1e-20
6667.5 1.0781199e-15 1e-20
6669.0 1.07854e-15 1e-20
6670.5 1.1331801e-15 1e-20
6672.0 1.11171e-15 1e-20
6673.5 1.1384701e-15 1e-20
6675.0 1.11882e-15 1e-20
6676.5 1.12684e-15 1e-20
6678.0 1.07506e-15 1e-20
6679.5 1.0794801e-15 1e-20
6681.0 1.0759501e-15 1e-20
6682.5 1.07854e-15 1e-20
6684.0 1.09235e-15 1e-20
6685.5 1.08916e-15 1e-20
6687.0 1.05529e-15 1e-20
6688.5 1.05907e-15 1e-20
6690.0 1.05681e-15 1e-20
6691.5 1.0499701e-15 1e-20
6693.0 1.05454e-15 1e-20
6694.5 1.0593601e-15 1e-20
6696.0 1.0328e-15 1e-20
6697.5 1.00771e-15 1e-20
6699.0 1.01349e-15 1e-20
6700.5 1.03292e-15 1e-20
6702.0 1.04139e-15 1e-20
6703.5 1.0339001e-15 1e-20
6705.0 1.0349e-15 1e-20
6706.5 1.06144e-15 1e-20
6708.0 1.0735199e-15 1e-20
6709.5 1.0676599e-15 1e-20
6711.0 1.04767e-15 1e-20
6712.5 1.0207799e-15 1e-20
6714.0 1.01956e-15 1e-20
6715.5 1.0189001e-15 1e-20
6717.0 9.6517297e-16 1e-20
6718.5 9.7483698e-16 1e-20
6720.0 9.9208893e-16 1e-20
6721.5 9.6973901e-16 1e-20
6723.0 1.01037e-15 1e-20
6724.5 9.7599498e-16 1e-20
6726.0 9.7242601e-16 1e-20
6727.5 1.0055e-15 1e-20
6729.0 9.8614498e-16 1e-20
6730.5 1.0127501e-15 1e-20
6732.0 1.03292e-15 1e-20
6733.5 9.9444993e-16 1e-20
6735.0 9.6425003e-16 1e-20
6736.5 9.9449302e-16 1e-20
6738.0 9.9057803e-16 1e-20
6739.5 9.7182599e-16 1e-20
6741.0 9.9129303e-16 1e-20
6742.5 9.9166403e-16 1e-20
6744.0 1.0107201e-15 1e-20
6745.5 1.02156e-15 1e-20
6747.0 9.7873503e-16 1e-20
6748.5 9.55922e-16 1e-20
6750.0 1.0134e-15 1e-20
6751.5 1.02193e-15 1e-20
6753.0 9.6497e-16 1e-20
6754.5 9.81299e-16 1e-20
6756.0 1.0197901e-15 1e-20
6757.5 9.7994004e-16 1e-20
6759.0 9.7500194e-16 1e-20
6760.5 9.63396e-16 1e-20
6762.0 9.8028902e-16 1e-20
6763.5 9.7770896e-16 1e-20
6765.0 9.6281896e-16 1e-20
6766.5 9.7331794e-16 1e-20
6768.0 9.8571299e-16 1e-20
6769.5 1.04274e-15 1e-20
6771.0 1.03071e-15 1e-20
6772.5 9.6953096e-16 1e-20
6774.0 9.5709598e-16 1e-20
6775.5 9.7949397e-16 1e-20
6777.0 9.7176003e-16 1e-20
6778.5 9.6856396e-16 1e-20
6780.0 9.6774605e-16 1e-20
6781.5 1.0044399e-15 1e-20
6783.0 1.0083701e-15 1e-20
6784.5 9.6684004e-16 1e-20
6786.0 9.5282302e-16 1e-20
6787.5 9.5273599e-16 1e-20
6789.0 9.6353693e-16 1e-20
6790.5 9.9685698e-16 1e-20
6792.0 1.01871e-15 1e-20
6793.5 9.8481704e-16 1e-20
6795.0 9.7412908e-16 1e-20
6796.5 9.8469105e-16 1e-20
6798.0 9.8798601e-16 1e-20
6799.5 9.3810201e-16 1e-20
6801.0 9.0837507e-16 1e-20
6802.5 9.2828003e-16 1e-20
6804.0 9.7266498e-16 1e-20
6805.5 9.5363797e-16 1e-20
6807.0 9.6359601e-16 1e-20
6808.5 9.4490496e-16 1e-20
6810.0 9.33657e-16 1e-20
6811.5 9.39512e-16 1e-20
6813.0 9.2701901e-16 1e-20
6814.5 8.9740303e-16 1e-20
6816.0 9.20422e-16 1e-20
6817.5 9.0569601e-16 1e-20
6819.0 9.4366797e-16 1e-20
6820.5 9.2994096e-16 1e-20
6822.0 9.2330604e-16 1e-20
6823.5 9.1178502e-16 1e-20
6825.0 9.6275702e-16 1e-20
6826.5 9.2277093e-16 1e-20
6828.0 9.0850499e-16 1e-20
6829.5 9.4278907e-16 1e-20
6831.0 9.3745901e-16 1e-20
6832.5 9.5204703e-16 1e-20
6834.0 9.28881e-16 1e-20
6835.5 9.1710099e-16 1e-20
6837.0 9.0430095e-16 1e-20
6838.5 8.7978205e-16 1e-20
6840.0 9.1091596e-16 1e-20
6841.5 9.2830099e-16 1e-20
6843.0 9.3054997e-16 1e-20
6844.5 9.0607294e-16 1e-20
6846.0 8.9481005e-16 1e-20
6847.5 9.0826898e-16 1e-20
6849.0 8.9182797e-16 1e-20
6850.5 8.7928198e-16 1e-20
6852.0 8.9837098e-16 1e-20
6853.5 9.2448998e-16 1e-20
6855.0 9.3747097e-16 1e-20
6856.5 9.4149904e-16 1e-20
6858.0 9.3827894e-16 1e-20
6859.5 9.0543195e-16 1e-20
6861.0 8.7338102e-16 1e-20
6862.5 8.5816698e-16 1e-20
6864.0 8.7002402e-16 1e-20
6865.5 8.9397498e-16 1e-20
6867.0 8.9897703e-16 1e-20
6868.5 8.8035999e-16 1e-20
6870.0 8.8082601e-16 1e-20
6871.5 8.8656096e-16 1e-20
6873.0 8.8113201e-16 1e-20
6874.5 8.6015703e-16 1e-20
6876.0 8.4776902e-16 1e-20
6877.5 8.6689105e-16 1e-20
6879.0 8.8880099e-16 1e-20
6880.5 8.9232803e-16 1e-20
6882.0 8.8203595e-16 1e-20
6883.5 9.5827103e-16 1e-20
6885.0 8.4504703e-16 1e-20
6886.5 8.6874404e-16 1e-20
6888.0 9.1824396e-16 1e-20
6889.5 9.6017103e-16 1e-20
6891.0 9.0886699e-16 1e-20
6892.5 8.7690505e-16 1e-20
6894.0 8.8137198e-16 1e-20
6895.5 9.2742993e-16 1e-20
6897.0 9.1124196e-16 1e-20
6898.5 8.4480499e-16 1e-20
6900.0 9.0034997e-16 1e-20
6901.5 9.5697698e-16 1e-20
6903.0 8.95625e-16 1e-20
6904.5 8.9721499e-16 1e-20
6906.0 9.1086694e-16 1e-20
6907.5 8.65878e-16 1e-20
6909.0 8.50743e-16 1e-20
6910.5 8.4270297e-16 1e-20
6912.0 8.7822996e-16 1e-20
6913.5 9.1761398e-16 1e-20
6915.0 8.9752606e-16 1e-20
6916.5 8.60939e-16 1e-20
6918.0 8.61182e-16 1e-20
6919.5 8.6313801e-16 1e-20
6921.0 8.4850504e-16 1e-20
6922.5 8.3882202e-16 1e-20
6924.0 8.5810801e-16 1e-20
6925.5 8.61979e-16 1e-20
6927.0 8.4198802e-16 1e-20
6928.5 8.6294901e-16 1e-20
6930.0 8.76119e-16 1e-20
6931.5 8.6462201e-16 1e-20
6933.0 8.63806e-16 1e-20
6934.5 8.4643399e-16 1e-20
6936.0 8.62422e-16 1e-20
6937.5 8.5206099e-16 1e-20
6939.0 8.40809e-16 1e-20
6940.5 9.0105597e-16 1e-20
6942.0 8.8341201e-16 1e-20
6943.5 8.2318002e-16 1e-20
6945.0 8.12474e-16 1e-20
6946.5 8.0772501e-16 1e-20
6948.0 8.06502e-16 1e-20
6949.5 8.4230799e-16 1e-20
6951.0 8.4849101e-16 1e-20
6952.5 8.1804197e-16 1e-20
6954.0 8.5428201e-16 1e-20
6955.5 8.7198199e-16 1e-20
6957.0 8.2432002e-16 1e-20
6958.5 8.1496502e-16 1e-20
6960.0 8.2643999e-16 1e-20
6961.5 8.4550299e-16 1e-20
6963.0 8.5064898e-16 1e-20
6964.5 8.8141698e-16 1e-20
6966.0 9.3239894e-16 1e-20
6967.5 9.0409798e-16 1e-20
6969.0 8.4576102e-16 1e-20
6970.5 8.3123499e-16 1e-20
6972.0 8.3551399e-16 1e-20
6973.5 8.5312703e-16 1e-20
6975.0 8.2991203e-16 1e-20
6976.5 8.3253005e-16 1e-20
6978.0 8.2814999e-16 1e-20
6979.5 8.1479699e-16 1e-20
6981.0 8.2519601e-16 1e-20
6982.5 8.38094e-16 1e-20
6984.0 8.2550502e-16 1e-20
6985.5 8.0840099e-16 1e-20
6987.0 8.0926597e-16 1e-20
6988.5 7.9103306e-16 1e-20
6990.0 7.6701803e-16 1e-20
6991.5 8.0464398e-16 1e-20
6993.0 8.3345199e-16 1e-20
6994.5 8.1756197e-16 1e-20
6996.0 7.86011e-16 1e-20
6997.5 7.8880398e-16 1e-20
6999.0 8.27627e-16 1e-20
7000.5 8.4762899e-16 1e-20
7002.0 8.4878001e-16 1e-20
7003.5 8.4685703e-16 1e-20
7005.0 8.1486899e-16 1e-20
7006.5 7.9109002e-16 1e-20
7008.0 8.1014503e-16 1e-20
7009.5 8.1386499e-16 1e-20
7011.0 8.3366301e-16 1e-20
7012.5 8.2997799e-16 1e-20
7014.0 8.08421e-16 1e-20
7015.5 8.0739895e-16 1e-20
7017.0 8.0243899e-16 1e-20
7018.5 7.8302399e-16 1e-20
7020.0 8.0167502e-16 1e-20
7021.5 7.9111099e-16 1e-20
7023.0 7.8566303e-16 1e-20
7024.5 8.1282902e-16 1e-20
7026.0 8.3956805e-16 1e-20
7027.5 8.2779201e-16 1e-20
7029.0 8.3960097e-16 1e-20
7030.5 8.1644304e-16 1e-20
7032.0 8.2305096e-16 1e-20
7033.5 8.2917797e-16 1e-20
7035.0 8.40953e-16 1e-20
7036.5 8.5902799e-16 1e-20
7038.0 8.0170498e-16 1e-20
7039.5 8.53845e-16 1e-20
7041.0 8.2373398e-16 1e-20
7042.5 8.4648698e-16 1e-20
7044.0 8.4699202e-16 1e-20
7045.5 7.8593498e-16 1e-20
7047.0 8.0842296e-16 1e-20
7048.5 7.78955e-16 1e-20
7050.0 8.1754604e-16 1e-20
7051.5 7.9090399e-16 1e-20
7053.0 8.4211899e-16 1e-20
7054.5 8.6008604e-16 1e-20
7056.0 8.3926603e-16 1e-20
7057.5 7.9439901e-16 1e-20
7059.0 7.8557097e-16 1e-20
7060.5 8.08239e-16 1e-20
7062.0 8.0505802e-16 1e-20
7063.5 8.1962503e-16 1e-20
7065.0 8.4325804e-16 1e-20
7066.5 8.0510799e-16 1e-20
7068.0 7.7552002e-16 1e-20
7069.5 7.96551e-16 1e-20
7071.0 7.8502796e-16 1e-20
7072.5 7.9058805e-16 1e-20
7074.0 8.0401199e-16 1e-20
7075.5 7.7825901e-16 1e-20
7077.0 7.5266601e-16 1e-20
7078.5 7.67402e-16 1e-20
7080.0 8.0920303e-16 1e-20
7081.5 8.2591403e-16 1e-20
7083.0 8.0493403e-16 1e-20
7084.5 7.9790901e-16 1e-20
7086.0 8.0934602e-16 1e-20
7087.5 8.00315e-16 1e-20
7089.0 8.2374701e-16 1e-20
7090.5 8.08303e-16 1e-20
7092.0 7.6587099e-16 1e-20
7093.5 8.0035196e-16 1e-20
7095.0 7.7478199e-16 1e-20
7096.5 7.4799198e-16 1e-20
7098.0 7.9351502e-16 1e-20
7099.5 8.0135003e-16 1e-20
7101.0 8.0070199e-16 1e-20
7102.5 8.28703e-16 1e-20
7104.0 7.7162404e-16 1e-20
7105.5 8.1172697e-16 1e-20
7107.0 7.7082502e-16 1e-20
7108.5 7.5459899e-16 1e-20
7110.0 7.4761997e-16 1e-20
7111.5 7.4796201e-16 1e-20
7113.0 7.9989498e-16 1e-20
7114.5 7.8359299e-16 1e-20
7116.0 7.9238101e-16 1e-20
7117.5 7.6752503e-16 1e-20
7119.0 7.9886801e-16 1e-20
7120.5 7.8980502e-16 1e-20
7122.0 8.0321403e-16 1e-20
7123.5 8.56197e-16 1e-20
7125.0 8.0999098e-16 1e-20
7126.5 7.6901105e-16 1e-20
7128.0 7.7456801e-16 1e-20
7129.5 7.62462e-16 1e-20
7131.0 7.7848601e-16 1e-20
7132.5 7.8933698e-16 1e-20
7134.0 7.9085396e-16 1e-20
7135.5 7.7212696e-16 1e-20
7137.0 7.47009e-16 1e-20
7138.5 7.2881399e-16 1e-20
7140.0 7.40686e-16 1e-20
7141.5 7.8560299e-16 1e-20
7143.0 7.7588599e-16 1e-20
7144.5 7.6005203e-16 1e-20
7146.0 7.8992202e-16 1e-20
7147.5 7.9880204e-16 1e-20
7149.0 7.6361402e-16 1e-20
7150.5 7.5882601e-16 1e-20
7152.0 7.5015498e-16 1e-20
7153.5 7.6109997e-16 1e-20
7155.0 7.7546502e-16 1e-20
7156.5 7.6558501e-16 1e-20
7158.0 7.5494803e-16 1e-20
7159.5 7.5494405e-16 1e-20
7161.0 7.5493903e-16 1e-20
7162.5 7.54934e-16 1e-20
7164.0 7.5492902e-16 1e-20
7165.5 7.5492399e-16 1e-20
7167.0 7.5491901e-16 1e-20
7168.5 7.5491398e-16 1e-20
7170.0 7.5491398e-16 1e-20
7171.5 7.47806e-16 1e-20
7173.0 8.5539798e-16 1e-20
7174.5 7.9246804e-16 1e-20
7176.0 6.8945099e-16 1e-20
7177.5 7.12297e-16 1e-20
7179.0 7.41418e-16 1e-20
7180.5 7.2837104e-16 1e-20
7182.0 7.25722e-16 1e-20
7183.5 7.2878699e-16 1e-20
7185.0 6.59498e-16 1e-20
7186.5 6.9133802e-16 1e-20
7188.0 7.3481204e-16 1e-20
7189.5 6.9369801e-16 1e-20
7191.0 7.1187799e-16 1e-20
7192.5 7.1815302e-16 1e-20
7194.0 7.1384003e-16 1e-20
7195.5 7.0367998e-16 1e-20
7197.0 6.8011896e-16 1e-20
7198.5 6.7317096e-16 1e-20
7200.0 6.9502002e-16 1e-20
7201.5 6.9427903e-16 1e-20
7203.0 6.9537e-16 1e-20
7204.5 6.9154205e-16 1e-20
7206.0 7.2778204e-16 1e-20
7207.5 7.5988003e-16 1e-20
7209.0 7.63421e-16 1e-20
7210.5 7.45707e-16 1e-20
7212.0 7.3928099e-16 1e-20
7213.5 7.3491199e-16 1e-20
7215.0 7.4820104e-16 1e-20
7216.5 7.7087404e-16 1e-20
7218.0 7.9107303e-16 1e-20
7219.5 7.9232298e-16 1e-20
7221.0 7.8963297e-16 1e-20
7222.5 7.5964699e-16 1e-20
7224.0 7.34923e-16 1e-20
7225.5 7.2518699e-16 1e-20
7227.0 7.1101804e-16 1e-20
7228.5 7.1495902e-16 1e-20
7230.0 7.2580099e-16 1e-20
7231.5 7.3361598e-16 1e-20
7233.0 7.2038299e-16 1e-20
7234.5 6.9351897e-16 1e-20
7236.0 6.9389802e-16 1e-20
7237.5 7.1403099e-16 1e-20
7239.0 7.19651e-16 1e-20
7240.5 7.3058302e-16 1e-20
7242.0 7.2536805e-16 1e-20
7243.5 7.28988e-16 1e-20
7245.0 7.6295e-16 1e-20
7246.5 7.50574e-16 1e-20
7248.0 7.1249198e-16 1e-20
7249.5 7.2634801e-16 1e-20
7251.0 7.2640995e-16 1e-20
7252.5 6.5754098e-16 1e-20
7254.0 6.9770903e-16 1e-20
7255.5 7.21551e-16 1e-20
7257.0 6.8780298e-16 1e-20
7258.5 6.8301804e-16 1e-20
7260.0 6.7879098e-16 1e-20
7261.5 6.8333001e-16 1e-20
7263.0 7.1956598e-16 1e-20
7264.5 7.42857e-16 1e-20
7266.0 7.0677398e-16 1e-20
7267.5 7.0089102e-16 1e-20
7269.0 6.9188002e-16 1e-20
7270.5 6.8897702e-16 1e-20
7272.0 7.0014203e-16 1e-20
7273.5 7.3137303e-16 1e-20
7275.0 7.2696402e-16 1e-20
7276.5 7.1644e-16 1e-20
7278.0 7.1686601e-16 1e-20
7279.5 6.9257998e-16 1e-20
7281.0 7.0346801e-16 1e-20
7282.5 7.29729e-16 1e-20
7284.0 7.3101701e-16 1e-20
7285.5 7.1548402e-16 1e-20
7287.0 7.2925e-16 1e-20
7288.5 7.3931598e-16 1e-20
7290.0 7.39736e-16 1e-20
7291.5 7.1049701e-16 1e-20
7293.0 6.7364599e-16 1e-20
7294.5 7.0876901e-16 1e-20
7296.0 7.4089199e-16 1e-20
7297.5 7.35067e-16 1e-20
7299.0 7.2495004e-16 1e-20
7300.5 7.1392003e-16 1e-20
7302.0 7.2733401e-16 1e-20
7303.5 6.78569e-16 1e-20
7305.0 6.15557e-16 1e-20
7306.5 6.35315e-16 1e-20
7308.0 6.5544304e-16 1e-20
7309.5 6.8501e-16 1e-20
7311.0 6.9294797e-16 1e-20
7312.5 7.0601398e-16 1e-20
7314.0 7.1703398e-16 1e-20
7315.5 6.90719e-16 1e-20
7317.0 6.6308804e-16 1e-20
7318.5 6.8407201e-16 1e-20
7320.0 7.5410999e-16 1e-20
7321.5 7.1685897e-16 1e-20
7323.0 6.9858804e-16 1e-20
7324.5 7.0804898e-16 1e-20
7326.0 7.1258404e-16 1e-20
7327.5 7.3250096e-16 1e-20
7329.0 6.9679101e-16 1e-20
7330.5 6.5292301e-16 1e-20
7332.0 6.9977998e-16 1e-20
7333.5 6.5182902e-16 1e-20
7335.0 6.6132304e-16 1e-20
7336.5 7.0942599e-16 1e-20
7338.0 7.1100803e-16 1e-20
7339.5 7.1673503e-16 1e-20
7341.0 7.24238e-16 1e-20
7342.5 7.12288e-16 1e-20
7344.0 6.8906702e-16 1e-20
7345.5 7.1378201e-16 1e-20
7347.0 7.0135895e-16 1e-20
7348.5 6.56594e-16 1e-20
7350.0 6.55761e-16 1e-20
7351.5 6.7039598e-16 1e-20
7353.0 7.0490002e-16 1e-20
7354.5 7.0111299e-16 1e-20
7356.0 6.4759099e-16 1e-20
7357.5 6.7030799e-16 1e-20
7359.0 6.7265602e-16 1e-20
7360.5 6.5828801e-16 1e-20
7362.0 7.0981096e-16 1e-20
7363.5 6.89064e-16 1e-20
7365.0 6.7565203e-16 1e-20
7366.5 6.7531798e-16 1e-20
7368.0 6.6623096e-16 1e-20
7369.5 6.7032202e-16 1e-20
7371.0 6.4052499e-16 1e-20
7372.5 6.6393402e-16 1e-20
7374.0 6.8682895e-16 1e-20
7375.5 6.4853697e-16 1e-20
7377.0 6.5012198e-16 1e-20
7378.5 6.4660298e-16 1e-20
7380.0 6.5172303e-16 1e-20
7381.5 6.3093499e-16 1e-20
7383.0 6.6739399e-16 1e-20
7384.5 7.0532402e-16 1e-20
7386.0 6.7143296e-16 1e-20
7387.5 6.8359603e-16 1e-20
7389.0 6.91353e-16 1e-20
7390.5 6.9721299e-16 1e-20
7392.0 6.9379802e-16 1e-20
7393.5 6.6733597e-16 1e-20
7395.0 6.8146702e-16 1e-20
7396.5 6.3766001e-16 1e-20
7398.0 6.2226804e-16 1e-20
7399.5 6.9321499e-16 1e-20
7401.0 6.6692103e-16 1e-20
7402.5 6.6590898e-16 1e-20
7404.0 6.6876999e-16 1e-20
7405.5 6.5582198e-16 1e-20
7407.0 6.7380396e-16 1e-20
7408.5 6.4354996e-16 1e-20
7410.0 6.8000197e-16 1e-20
7411.5 6.4992303e-16 1e-20
7413.0 6.5899804e-16 1e-20
7414.5 6.79157e-16 1e-20
7416.0 6.4975299e-16 1e-20
7417.5 6.4616501e-16 1e-20
7419.0 6.75013e-16 1e-20
7420.5 6.4358802e-16 1e-20
7422.0 6.1287201e-16 1e-20
7423.5 6.1830599e-16 1e-20
7425.0 6.2223999e-16 1e-20
7426.5 6.2307002e-16 1e-20
7428.0 6.1598004e-16 1e-20
7429.5 6.0389103e-16 1e-20
7431.0 6.3692701e-16 1e-20
7432.5 6.4907902e-16 1e-20
7434.0 6.3645103e-16 1e-20
7435.5 6.0658803e-16 1e-20
7437.0 5.9456302e-16 1e-20
7438.5 6.1281701e-16 1e-20
7440.0 6.1555896e-16 1e-20
7441.5 6.1550602e-16 1e-20
7443.0 6.24775e-16 1e-20
7444.5 6.0832e-16 1e-20
7446.0 5.7295802e-16 1e-20
7447.5 6.0135004e-16 1e-20
7449.0 6.2066403e-16 1e-20
7450.5 6.2107198e-16 1e-20
7452.0 6.4122999e-16 1e-20
7453.5 6.2569101e-16 1e-20
7455.0 6.0246997e-16 1e-20
7456.5 6.07315e-16 1e-20
7458.0 5.9504197e-16 1e-20
7459.5 5.9145404e-16 1e-20
7461.0 6.0929605e-16 1e-20
7462.5 6.13756e-16 1e-20
7464.0 5.57267e-16 1e-20
7465.5 5.7900801e-16 1e-20
7467.0 5.8876095e-16 1e-20
7468.5 5.8187198e-16 1e-20
7470.0 6.0526899e-16 1e-20
7471.5 6.0511398e-16 1e-20
7473.0 6.0773899e-16 1e-20
7474.5 5.7088798e-16 1e-20
7476.0 5.9060299e-16 1e-20
7477.5 6.2240203e-16 1e-20
7479.0 5.9477399e-16 1e-20
7480.5 5.7317899e-16 1e-20
7482.0 5.9548401e-16 1e-20
7483.5 5.9619801e-16 1e-20
7485.0 5.8536398e-16 1e-20
7486.5 5.8628397e-16 1e-20
7488.0 5.9055698e-16 1e-20
7489.5 5.8890405e-16 1e-20
7491.0 5.5866699e-16 1e-20
7492.5 5.8359802e-16 1e-20
7494.0 6.0206901e-16 1e-20
7495.5 5.9949e-16 1e-20
7497.0 5.8362598e-16 1e-20
7498.5 5.8171602e-16 1e-20
7500.0 5.9219096e-16 1e-20
7501.5 5.8437401e-16 1e-20
7503.0 5.7515697e-16 1e-20
7504.5 5.7071195e-16 1e-20
7506.0 5.7488502e-16 1e-20
7507.5 5.6785899e-16 1e-20
7509.0 5.5929998e-16 1e-20
7510.5 5.6599096e-16 1e-20
7512.0 5.62343e-16 1e-20
7513.5 5.9831099e-16 1e-20
7515.0 6.2341397e-16 1e-20
7516.5 5.6383098e-16 1e-20
7518.0 5.2337096e-16 1e-20
7519.5 5.4655198e-16 1e-20
7521.0 5.7305596e-16 1e-20
7522.5 5.7522103e-16 1e-20
7524.0 5.8542502e-16 1e-20
7525.5 5.6279701e-16 1e-20
7527.0 5.3849601e-16 1e-20
7528.5 5.1132203e-16 1e-20
7530.0 5.2525799e-16 1e-20
7531.5 5.3964104e-16 1e-20
7533.0 5.05536e-16 1e-20
7534.5 4.8990602e-16 1e-20
7536.0 4.61388e-16 1e-20
7537.5 5.0917797e-16 1e-20
7539.0 5.7079295e-16 1e-20
7540.5 4.6146201e-16 1e-20
