3742.574 1.33258e-15 1e-20
3745.5695 1.34124e-15 1e-20
3748.5649 1.15769e-15 1e-20
3751.5604 1.1697e-15 1e-20
3754.5558 1.21718e-15 1e-20
3757.5513 1.29506e-15 1e-20
3760.5467 1.18268e-15 1e-20
3763.5422 1.20723e-15 1e-20
3766.5376 1.11838e-15 1e-20
3769.5331 1.15497e-15 1e-20
3772.5285 1.16468e-15 1e-20
3775.524 1.12875e-15 1e-20
3778.5194 1.10338e-15 1e-20
3781.5149 1.04435e-15 1e-20
3784.5103 1.08316e-15 1e-20
3787.5058 1.07857e-15 1e-20
3790.5012 1.12848e-15 1e-20
3793.4967 1.1239e-15 1e-20
3796.4921 1.14202e-15 1e-20
3799.4876 1.10503e-15 1e-20
3802.483 1.13622e-15 1e-20
3805.4785 1.13319e-15 1e-20
3808.4739 1.15639e-15 1e-20
3811.4694 1.20044e-15 1e-20
3814.4648 1.17043e-15 1e-20
3817.4602 1.25091e-15 1e-20
3820.4557 1.29917e-15 1e-20
3823.4511 1.41886e-15 1e-20
3826.4466 1.46046e-15 1e-20
3829.442 1.49966e-15 1e-20
3832.4375 1.58259e-15 1e-20
3835.4329 1.57119e-15 1e-20
3838.4284 1.65631e-15 1e-20
3841.4238 1.76907e-15 1e-20
3844.4193 1.8103e-15 1e-20
3847.4147 2.04741e-15 1e-20
3850.4102 2.07268e-15 1e-20
3853.4056 2.17078e-15 1e-20
3856.4011 2.25636e-15 1e-20
3859.3965 2.44146e-15 1e-20
3862.392 2.46629e-15 1e-20
3865.3874 2.5435e-15 1e-20
3868.3829 2.71351e-15 1e-20
3871.3783 2.80688e-15 1e-20
3874.3738 2.9865e-15 1e-20
3877.3692 3.26173e-15 1e-20
3880.3647 3.27637e-15 1e-20
3883.3601 3.40266e-15 1e-20
3886.3556 3.66498e-15 1e-20
3889.351 3.72521e-15 1e-20
3892.3465 3.7317e-15 1e-20
3895.3419 3.95653e-15 1e-20
3898.3374 4.15747e-15 1e-20
3901.3328 3.99594e-15 1e-20
3904.3282 4.09468e-15 1e-20
3907.3237 4.26658e-15 1e-20
3910.3191 4.2276e-15 1e-20
3913.3146 4.15195e-15 1e-20
3916.31 4.17256e-15 1e-20
3919.3055 4.29286e-15 1e-20
3922.3009 4.43291e-15 1e-20
3925.2964 4.41822e-15 1e-20
3928.2918 4.3777e-15 1e-20
3931.2873 4.42735e-15 1e-20
3934.2827 4.3843e-15 1e-20
3937.2782 4.2619e-15 1e-20
3940.2736 4.26124e-15 1e-20
3943.2691 4.19921e-15 1e-20
3946.2645 4.10383e-15 1e-20
3949.26 4.01897e-15 1e-20
3952.2554 4.16282e-15 1e-20
3955.2509 3.99114e-15 1e-20
3958.2463 3.90364e-15 1e-20
3961.2418 3.72721e-15 1e-20
3964.2372 3.47838e-15 1e-20
3967.2327 3.52046e-15 1e-20
3970.2281 3.35926e-15 1e-20
3973.2235 3.37696e-15 1e-20
3976.219 3.21448e-15 1e-20
3979.2144 3.14156e-15 1e-20
3982.2099 3.03799e-15 1e-20
3985.2053 3.00061e-15 1e-20
3988.2008 2.83585e-15 1e-20
3991.1962 2.78635e-15 1e-20
3994.1917 2.73018e-15 1e-20
3997.1871 2.72641e-15 1e-20
4000.1826 2.73095e-15 1e-20
4003.178 2.71133e-15 1e-20
4006.1735 2.63452e-15 1e-20
4009.1689 2.68093e-15 1e-20
4012.1644 2.69615e-15 1e-20
4015.1598 2.77761e-15 1e-20
4018.1553 2.66645e-15 1e-20
4021.1507 2.79017e-15 1e-20
4024.1462 2.75554e-15 1e-20
4027.1416 2.85367e-15 1e-20
4030.1371 2.81804e-15 1e-20
4033.1325 2.8895e-15 1e-20
4036.128 2.91639e-15 1e-20
4039.1234 2.9532e-15 1e-20
4042.1189 2.9709e-15 1e-20
4045.1143 3.06372e-15 1e-20
4048.1098 3.03448e-15 1e-20
4051.1052 3.17623e-15 1e-20
4054.1007 3.10908e-15 1e-20
4057.0961 3.00136e-15 1e-20
4060.0915 2.99667e-15 1e-20
4063.087 2.98854e-15 1e-20
4066.0824 2.84951e-15 1e-20
4069.0779 2.85435e-15 1e-20
4072.0733 2.76579e-15 1e-20
4075.0688 2.73688e-15 1e-20
4078.0642 2.70079e-15 1e-20
4081.0597 2.66281e-15 1e-20
4084.0551 2.62621e-15 1e-20
4087.0506 2.58952e-15 1e-20
4090.046 2.60868e-15 1e-20
4093.0415 2.62191e-15 1e-20
4096.0369 2.54371e-15 1e-20
4099.0324 2.56542e-15 1e-20
4102.0278 2.51823e-15 1e-20
4105.0233 2.58067e-15 1e-20
4108.0187 2.52965e-15 1e-20
4111.0142 2.53832e-15 1e-20
4114.0096 2.58477e-15 1e-20
4117.0051 2.54784e-15 1e-20
4120.0005 2.52565e-15 1e-20
4122.996 2.56198e-15 1e-20
4125.9914 2.52409e-15 1e-20
4128.9869 2.5964e-15 1e-20
4131.9823 2.61024e-15 1e-20
4134.9777 2.64201e-15 1e-20
4137.9732 2.6399e-15 1e-20
4140.9686 2.71624e-15 1e-20
4143.9641 2.72092e-15 1e-20
4146.9595 2.81337e-15 1e-20
4149.955 2.74581e-15 1e-20
4152.9504 2.74829e-15 1e-20
4155.9459 2.73243e-15 1e-20
4158.9413 2.70528e-15 1e-20
4161.9368 2.68932e-15 1e-20
4164.9322 2.6694e-15 1e-20
4167.9277 2.67508e-15 1e-20
4170.9231 2.63664e-15 1e-20
4173.9186 2.62181e-15 1e-20
4176.914 2.69097e-15 1e-20
4179.9095 2.71034e-15 1e-20
4182.9049 2.6892e-15 1e-20
4185.9004 2.62165e-15 1e-20
4188.8958 2.62321e-15 1e-20
4191.8913 2.56836e-15 1e-20
4194.8867 2.61805e-15 1e-20
4197.8822 2.64129e-15 1e-20
4200.8776 2.6551e-15 1e-20
4203.8731 2.70524e-15 1e-20
4206.8685 2.62298e-15 1e-20
4209.864 2.6482e-15 1e-20
4212.8594 2.58309e-15 1e-20
4215.8549 2.57992e-15 1e-20
4218.8503 2.5464e-15 1e-20
4221.8457 2.52442e-15 1e-20
4224.8412 2.5598e-15 1e-20
4227.8366 2.53602e-15 1e-20
4230.8321 2.53085e-15 1e-20
4233.8275 2.48385e-15 1e-20
4236.823 2.50513e-15 1e-20
4239.8184 2.48513e-15 1e-20
4242.8139 2.50347e-15 1e-20
4245.8093 2.48497e-15 1e-20
4248.8048 2.51038e-15 1e-20
4251.8002 2.47898e-15 1e-20
4254.7957 2.51261e-15 1e-20
4257.7911 2.47062e-15 1e-20
4260.7866 2.45481e-15 1e-20
4263.782 2.43567e-15 1e-20
4266.7775 2.45402e-15 1e-20
4269.7729 2.49529e-15 1e-20
4272.7684 2.44764e-15 1e-20
4275.7638 2.43443e-15 1e-20
4278.7593 2.35736e-15 1e-20
4281.7547 2.31023e-15 1e-20
4284.7502 2.30195e-15 1e-20
4287.7456 2.25339e-15 1e-20
4290.7411 2.23303e-15 1e-20
4293.7365 2.13568e-15 1e-20
4296.7319 2.05458e-15 1e-20
4299.7274 1.96311e-15 1e-20
4302.7228 1.89807e-15 1e-20
4305.7183 1.87841e-15 1e-20
4308.7137 1.81173e-15 1e-20
4311.7092 1.76322e-15 1e-20
4314.7046 1.69706e-15 1e-20
4317.7001 1.69319e-15 1e-20
4320.6955 1.60327e-15 1e-20
4323.691 1.54043e-15 1e-20
4326.6864 1.58999e-15 1e-20
4329.6819 1.62635e-15 1e-20
4332.6773 1.61566e-15 1e-20
4335.6728 1.62079e-15 1e-20
4338.6682 1.64854e-15 1e-20
4341.6637 1.68898e-15 1e-20
4344.6591 1.69487e-15 1e-20
4347.6546 1.74395e-15 1e-20
4350.65 1.78216e-15 1e-20
4353.6455 1.81331e-15 1e-20
4356.6409 1.86366e-15 1e-20
4359.6364 1.85834e-15 1e-20
4362.6318 1.87756e-15 1e-20
4365.6273 1.89555e-15 1e-20
4368.6227 1.96382e-15 1e-20
4371.6182 1.93916e-15 1e-20
4374.6136 1.9686e-15 1e-20
4377.6091 2.03095e-15 1e-20
4380.6045 2.06355e-15 1e-20
4383.5999 2.14944e-15 1e-20
4386.5954 2.13464e-15 1e-20
4389.5908 2.1225e-15 1e-20
4392.5863 2.15928e-15 1e-20
4395.5817 2.25241e-15 1e-20
4398.5772 2.19782e-15 1e-20
4401.5726 2.19087e-15 1e-20
4404.5681 2.27471e-15 1e-20
4407.5635 2.21241e-15 1e-20
4410.559 2.29029e-15 1e-20
4413.5544 2.24939e-15 1e-20
4416.5499 2.26094e-15 1e-20
4419.5453 2.34317e-15 1e-20
4422.5408 2.34439e-15 1e-20
4425.5362 2.35453e-15 1e-20
4428.5317 2.37658e-15 1e-20
4431.5271 2.46344e-15 1e-20
4434.5226 2.54408e-15 1e-20
4437.518 2.54175e-15 1e-20
4440.5135 2.5727e-15 1e-20
4443.5089 2.60718e-15 1e-20
4446.5044 2.55397e-15 1e-20
4449.4998 2.63261e-15 1e-20
4452.4952 2.69157e-15 1e-20
4455.4907 2.66509e-15 1e-20
4458.4861 2.7456e-15 1e-20
4461.4816 2.74579e-15 1e-20
4464.477 2.82169e-15 1e-20
4467.4725 2.88952e-15 1e-20
4470.4679 2.87882e-15 1e-20
4473.4634 2.93382e-15 1e-20
4476.4588 3.01794e-15 1e-20
4479.4543 3.00408e-15 1e-20
4482.4497 3.06365e-15 1e-20
4485.4452 3.10067e-15 1e-20
4488.4406 3.15055e-15 1e-20
4491.4361 3.16774e-15 1e-20
4494.4315 3.20962e-15 1e-20
4497.427 3.25519e-15 1e-20
4500.4224 3.24756e-15 1e-20
4503.4179 3.27975e-15 1e-20
4506.4133 3.34805e-15 1e-20
4509.4088 3.39838e-15 1e-20
4512.4042 3.39175e-15 1e-20
4515.3997 3.41596e-15 1e-20
4518.3951 3.49445e-15 1e-20
4521.3906 3.55269e-15 1e-20
4524.386 3.56185e-15 1e-20
4527.3815 3.53196e-15 1e-20
4530.3769 3.61794e-15 1e-20
4533.3724 3.66399e-15 1e-20
4536.3678 3.66524e-15 1e-20
4539.3632 3.63541e-15 1e-20
4542.3587 3.68103e-15 1e-20
4545.3541 3.67065e-15 1e-20
4548.3496 3.65123e-15 1e-20
4551.345 3.68903e-15 1e-20
4554.3405 3.74287e-15 1e-20
4557.3359 3.70106e-15 1e-20
4560.3314 3.58183e-15 1e-20
4563.3268 3.63819e-15 1e-20
4566.3223 3.62328e-15 1e-20
4569.3177 3.56726e-15 1e-20
4572.3132 3.5499e-15 1e-20
4575.3086 3.54883e-15 1e-20
4578.3041 3.59366e-15 1e-20
4581.2995 3.58844e-15 1e-20
4584.295 3.54806e-15 1e-20
4587.2904 3.51461e-15 1e-20
4590.2859 3.49829e-15 1e-20
4593.2813 3.46823e-15 1e-20
4596.2768 3.56496e-15 1e-20
4599.2722 3.55417e-15 1e-20
4602.2677 3.52011e-15 1e-20
4605.2631 3.4889e-15 1e-20
4608.2586 3.54697e-15 1e-20
4611.254 3.54903e-15 1e-20
4614.2494 3.57036e-15 1e-20
4617.2449 3.55314e-15 1e-20
4620.2403 3.50047e-15 1e-20
4623.2358 3.51578e-15 1e-20
4626.2312 3.48516e-15 1e-20
4629.2267 3.45856e-15 1e-20
4632.2221 3.4444e-15 1e-20
4635.2176 3.40436e-15 1e-20
4638.213 3.36693e-15 1e-20
4641.2085 3.32749e-15 1e-20
4644.2039 3.28849e-15 1e-20
4647.1994 3.22786e-15 1e-20
4650.1948 3.16228e-15 1e-20
4653.1903 3.09508e-15 1e-20
4656.1857 3.09264e-15 1e-20
4659.1812 2.97721e-15 1e-20
4662.1766 2.95205e-15 1e-20
4665.1721 2.96556e-15 1e-20
4668.1675 2.86833e-15 1e-20
4671.163 2.7858e-15 1e-20
4674.1584 2.76829e-15 1e-20
4677.1539 2.69423e-15 1e-20
4680.1493 2.63032e-15 1e-20
4683.1448 2.60699e-15 1e-20
4686.1402 2.64752e-15 1e-20
4689.1357 2.62581e-15 1e-20
4692.1311 2.56112e-15 1e-20
4695.1266 2.58169e-15 1e-20
4698.122 2.59256e-15 1e-20
4701.1174 2.62868e-15 1e-20
4704.1129 2.61306e-15 1e-20
4707.1083 2.55779e-15 1e-20
4710.1038 2.63139e-15 1e-20
4713.0992 2.66784e-15 1e-20
4716.0947 2.59935e-15 1e-20
4719.0901 2.62301e-15 1e-20
4722.0856 2.60961e-15 1e-20
4725.081 2.58701e-15 1e-20
4728.0765 2.60275e-15 1e-20
4731.0719 2.56722e-15 1e-20
4734.0674 2.51429e-15 1e-20
4737.0628 2.42937e-15 1e-20
4740.0583 2.34173e-15 1e-20
4743.0537 2.34028e-15 1e-20
4746.0492 2.32072e-15 1e-20
4749.0446 2.34738e-15 1e-20
4752.0401 2.2844e-15 1e-20
4755.0355 2.29772e-15 1e-20
4758.031 2.26534e-15 1e-20
4761.0264 2.23546e-15 1e-20
4764.0219 2.25138e-15 1e-20
4767.0173 2.28945e-15 1e-20
4770.0127 2.26796e-15 1e-20
4773.0082 2.22803e-15 1e-20
4776.0036 2.22083e-15 1e-20
4778.9991 2.18758e-15 1e-20
4781.9945 2.23895e-15 1e-20
4784.99 2.30376e-15 1e-20
4787.9854 2.3083e-15 1e-20
4790.9809 2.30701e-15 1e-20
4793.9763 2.27706e-15 1e-20
4796.9718 2.27183e-15 1e-20
4799.9672 2.31772e-15 1e-20
4802.9627 2.3676e-15 1e-20
4805.9581 2.34687e-15 1e-20
4808.9536 2.33424e-15 1e-20
4811.949 2.36932e-15 1e-20
4814.9445 2.31473e-15 1e-20
4817.9399 2.33381e-15 1e-20
4820.9354 2.34421e-15 1e-20
4823.9308 2.2933e-15 1e-20
4826.9263 2.26427e-15 1e-20
4829.9217 2.23846e-15 1e-20
4832.9172 2.17161e-15 1e-20
4835.9126 2.07933e-15 1e-20
4838.9081 2.06802e-15 1e-20
4841.9035 2.02025e-15 1e-20
4844.899 2.02447e-15 1e-20
4847.8944 1.96273e-15 1e-20
4850.8899 1.86888e-15 1e-20
4853.8853 1.78453e-15 1e-20
4856.8807 1.80314e-15 1e-20
4859.8762 1.74837e-15 1e-20
4862.8716 1.73924e-15 1e-20
4865.8671 1.70066e-15 1e-20
4868.8625 1.6674e-15 1e-20
4871.858 1.60695e-15 1e-20
4874.8534 1.63277e-15 1e-20
4877.8489 1.63726e-15 1e-20
4880.8443 1.62855e-15 1e-20
4883.8398 1.61015e-15 1e-20
4886.8352 1.63268e-15 1e-20
4889.8307 1.62174e-15 1e-20
4892.8261 1.65079e-15 1e-20
4895.8216 1.67555e-15 1e-20
4898.817 1.69114e-15 1e-20
4901.8125 1.72756e-15 1e-20
4904.8079 1.7602e-15 1e-20
4907.8034 1.75968e-15 1e-20
4910.7988 1.7821e-15 1e-20
4913.7943 1.78967e-15 1e-20
4916.7897 1.8178e-15 1e-20
4919.7852 1.94889e-15 1e-20
4922.7806 1.94027e-15 1e-20
4925.7761 1.9424e-15 1e-20
4928.7715 1.98529e-15 1e-20
4931.7669 2.02513e-15 1e-20
4934.7624 2.05834e-15 1e-20
4937.7578 2.06435e-15 1e-20
4940.7533 2.05132e-15 1e-20
4943.7487 2.06686e-15 1e-20
4946.7442 2.0931e-15 1e-20
4949.7396 2.09109e-15 1e-20
4952.7351 2.07331e-15 1e-20
4955.7305 2.06591e-15 1e-20
4958.726 2.06374e-15 1e-20
4961.7214 2.01795e-15 1e-20
4964.7169 2.00536e-15 1e-20
4967.7123 2.02264e-15 1e-20
4970.7078 2.00069e-15 1e-20
4973.7032 2.02044e-15 1e-20
4976.6987 1.99328e-15 1e-20
4979.6941 1.97178e-15 1e-20
4982.6896 1.96804e-15 1e-20
4985.685 1.93359e-15 1e-20
4988.6805 1.9481e-15 1e-20
4991.6759 1.92709e-15 1e-20
4994.6714 1.88597e-15 1e-20
4997.6668 1.89321e-15 1e-20
5000.6623 1.89471e-15 1e-20
5003.6577 1.92756e-15 1e-20
5006.6532 1.88445e-15 1e-20
5009.6486 1.9152e-15 1e-20
5012.6441 1.91949e-15 1e-20
5015.6395 1.91617e-15 1e-20
5018.6349 1.93481e-15 1e-20
5021.6304 1.8974e-15 1e-20
5024.6258 1.91631e-15 1e-20
5027.6213 1.92759e-15 1e-20
5030.6167 1.94898e-15 1e-20
5033.6122 1.93754e-15 1e-20
5036.6076 1.95088e-15 1e-20
5039.6031 1.99383e-15 1e-20
5042.5985 1.95904e-15 1e-20
5045.594 2.01119e-15 1e-20
5048.5894 1.98838e-15 1e-20
5051.5849 1.99866e-15 1e-20
5054.5803 2.01688e-15 1e-20
5057.5758 2.03269e-15 1e-20
5060.5712 2.06891e-15 1e-20
5063.5667 2.04473e-15 1e-20
5066.5621 2.03412e-15 1e-20
5069.5576 2.04573e-15 1e-20
5072.553 2.06197e-15 1e-20
5075.5485 2.06203e-15 1e-20
5078.5439 2.08332e-15 1e-20
5081.5394 2.08804e-15 1e-20
5084.5348 2.16333e-15 1e-20
5087.5302 2.16252e-15 1e-20
5090.5257 2.16368e-15 1e-20
5093.5211 2.17548e-15 1e-20
5096.5166 2.15722e-15 1e-20
5099.512 2.20281e-15 1e-20
5102.5075 2.22843e-15 1e-20
5105.5029 2.23029e-15 1e-20
5108.4984 2.26802e-15 1e-20
5111.4938 2.25449e-15 1e-20
5114.4893 2.28725e-15 1e-20
5117.4847 2.27458e-15 1e-20
5120.4802 2.24599e-15 1e-20
5123.4756 2.30312e-15 1e-20
5126.4711 2.35567e-15 1e-20
5129.4665 2.34426e-15 1e-20
5132.462 2.36046e-15 1e-20
5135.4574 2.34519e-15 1e-20
5138.4529 2.38111e-15 1e-20
5141.4483 2.4078e-15 1e-20
5144.4438 2.44421e-15 1e-20
5147.4392 2.43324e-15 1e-20
5150.4347 2.42907e-15 1e-20
5153.4301 2.41001e-15 1e-20
5156.4256 2.44978e-15 1e-20
5159.421 2.47393e-15 1e-20
5162.4165 2.44411e-15 1e-20
5165.4119 2.45547e-15 1e-20
5168.4074 2.42262e-15 1e-20
5171.4028 2.41741e-15 1e-20
5174.3982 2.46242e-15 1e-20
5177.3937 2.49306e-15 1e-20
5180.3891 2.47623e-15 1e-20
5183.3846 2.44828e-15 1e-20
5186.38 2.50136e-15 1e-20
5189.3755 2.49875e-15 1e-20
5192.3709 2.47835e-15 1e-20
5195.3664 2.46392e-15 1e-20
5198.3618 2.49913e-15 1e-20
5201.3573 2.49369e-15 1e-20
5204.3527 2.54139e-15 1e-20
5207.3482 2.57561e-15 1e-20
5210.3436 2.60474e-15 1e-20
5213.3391 2.62699e-15 1e-20
5216.3345 2.61593e-15 1e-20
5219.33 2.63514e-15 1e-20
5222.3254 2.66218e-15 1e-20
5225.3209 2.67737e-15 1e-20
5228.3163 2.68314e-15 1e-20
5231.3118 2.69524e-15 1e-20
5234.3072 2.70224e-15 1e-20
5237.3027 2.70828e-15 1e-20
5240.2981 2.69492e-15 1e-20
5243.2936 2.65232e-15 1e-20
5246.289 2.63511e-15 1e-20
5249.2844 2.59847e-15 1e-20
5252.2799 2.57224e-15 1e-20
5255.2753 2.55272e-15 1e-20
5258.2708 2.53123e-15 1e-20
5261.2662 2.40324e-15 1e-20
5264.2617 2.35322e-15 1e-20
5267.2571 2.33568e-15 1e-20
5270.2526 2.29845e-15 1e-20
5273.248 2.2529e-15 1e-20
5276.2435 2.18326e-15 1e-20
5279.2389 2.18144e-15 1e-20
5282.2344 2.13942e-15 1e-20
5285.2298 2.09385e-15 1e-20
5288.2253 2.10865e-15 1e-20
5291.2207 2.06394e-15 1e-20
5294.2162 2.04316e-15 1e-20
5297.2116 2.00472e-15 1e-20
5300.2071 1.99932e-15 1e-20
5303.2025 2.01157e-15 1e-20
5306.198 1.99854e-15 1e-20
5309.1934 1.97803e-15 1e-20
5312.1889 2.04181e-15 1e-20
5315.1843 1.99115e-15 1e-20
5318.1798 1.97133e-15 1e-20
5321.1752 1.96199e-15 1e-20
5324.1707 1.94536e-15 1e-20
5327.1661 1.92108e-15 1e-20
5330.1616 1.94182e-15 1e-20
5333.157 1.93254e-15 1e-20
5336.1524 1.93835e-15 1e-20
5339.1479 1.95553e-15 1e-20
5342.1433 1.97291e-15 1e-20
5345.1388 1.96429e-15 1e-20
5348.1342 1.92789e-15 1e-20
5351.1297 1.94993e-15 1e-20
5354.1251 1.94046e-15 1e-20
5357.1206 1.96634e-15 1e-20
5360.116 1.95958e-15 1e-20
5363.1115 1.98036e-15 1e-20
5366.1069 1.99895e-15 1e-20
5369.1024 2.00769e-15 1e-20
5372.0978 1.99114e-15 1e-20
5375.0933 1.99854e-15 1e-20
5378.0887 2.02804e-15 1e-20
5381.0842 2.01081e-15 1e-20
5384.0796 2.0223e-15 1e-20
5387.0751 2.00292e-15 1e-20
5390.0705 1.98772e-15 1e-20
5393.066 1.98898e-15 1e-20
5396.0614 2.00503e-15 1e-20
5399.0569 2.0032e-15 1e-20
5402.0523 1.99518e-15 1e-20
5405.0477 1.96827e-15 1e-20
5408.0432 1.95079e-15 1e-20
5411.0386 1.95785e-15 1e-20
5414.0341 1.95332e-15 1e-20
5417.0295 1.93014e-15 1e-20
5420.025 1.9028e-15 1e-20
5423.0204 1.89836e-15 1e-20
5426.0159 1.8834e-15 1e-20
5429.0113 1.86547e-15 1e-20
5432.0068 1.82981e-15 1e-20
5435.0022 1.77585e-15 1e-20
5437.9977 1.78925e-15 1e-20
5440.9931 1.74219e-15 1e-20
5443.9886 1.73319e-15 1e-20
5446.984 1.71903e-15 1e-20
5449.9795 1.69389e-15 1e-20
5452.9749 1.68355e-15 1e-20
5455.9704 1.65374e-15 1e-20
5458.9658 1.61277e-15 1e-20
5461.9613 1.61946e-15 1e-20
5464.9567 1.55458e-15 1e-20
5467.9522 1.53515e-15 1e-20
5470.9476 1.50501e-15 1e-20
5473.9431 1.48578e-15 1e-20
5476.9385 1.48485e-15 1e-20
5479.934 1.46473e-15 1e-20
5482.9294 1.4617e-15 1e-20
5485.9249 1.46468e-15 1e-20
5488.9203 1.44212e-15 1e-20
5491.9157 1.49749e-15 1e-20
5494.9112 1.46809e-15 1e-20
5497.9066 1.46336e-15 1e-20
5500.9021 1.45398e-15 1e-20
5503.8975 1.44157e-15 1e-20
5506.893 1.46272e-15 1e-20
5509.8884 1.5063e-15 1e-20
5512.8839 1.55263e-15 1e-20
5515.8793 1.55407e-15 1e-20
5518.8748 1.58608e-15 1e-20
5521.8702 1.59865e-15 1e-20
5524.8657 1.66149e-15 1e-20
5527.8611 1.69017e-15 1e-20
5530.8566 1.75725e-15 1e-20
5533.852 1.77005e-15 1e-20
5536.8475 1.79352e-15 1e-20
5539.8429 1.80733e-15 1e-20
5542.8384 1.86638e-15 1e-20
5545.8338 1.8782e-15 1e-20
5548.8293 1.94714e-15 1e-20
5551.8247 1.97847e-15 1e-20
5554.8202 1.99071e-15 1e-20
5557.8156 1.99378e-15 1e-20
5560.8111 2.01329e-15 1e-20
5563.8065 2.06923e-15 1e-20
5566.8019 2.05945e-15 1e-20
5569.7974 2.09165e-15 1e-20
5572.7928 2.08508e-15 1e-20
5575.7883 2.13226e-15 1e-20
5578.7837 2.12738e-15 1e-20
5581.7792 2.12138e-15 1e-20
5584.7746 2.12464e-15 1e-20
5587.7701 2.13678e-15 1e-20
5590.7655 2.15747e-15 1e-20
5593.761 2.13096e-15 1e-20
5596.7564 2.15795e-15 1e-20
5599.7519 2.17775e-15 1e-20
5602.7473 2.16035e-15 1e-20
5605.7428 2.13214e-15 1e-20
5608.7382 2.16369e-15 1e-20
5611.7337 2.14577e-15 1e-20
5614.7291 2.11304e-15 1e-20
5617.7246 2.12926e-15 1e-20
5620.72 2.12698e-15 1e-20
5623.7155 2.08743e-15 1e-20
5626.7109 2.1133e-15 1e-20
5629.7064 2.1256e-15 1e-20
5632.7018 2.1068e-15 1e-20
5635.6973 2.11058e-15 1e-20
5638.6927 2.11375e-15 1e-20
5641.6882 2.08766e-15 1e-20
5644.6836 2.11473e-15 1e-20
5647.6791 2.06994e-15 1e-20
5650.6745 2.02888e-15 1e-20
5653.6699 2.08365e-15 1e-20
5656.6654 2.06604e-15 1e-20
5659.6608 2.0143e-15 1e-20
5662.6563 1.97534e-15 1e-20
5665.6517 1.99753e-15 1e-20
5668.6472 2.00998e-15 1e-20
5671.6426 2.00333e-15 1e-20
5674.6381 1.99641e-15 1e-20
5677.6335 1.98085e-15 1e-20
5680.629 1.99126e-15 1e-20
5683.6244 1.99022e-15 1e-20
5686.6199 2.00921e-15 1e-20
5689.6153 1.9653e-15 1e-20
5692.6108 1.93017e-15 1e-20
5695.6062 1.94872e-15 1e-20
5698.6017 1.94501e-15 1e-20
5701.5971 1.92771e-15 1e-20
5704.5926 1.93514e-15 1e-20
5707.588 1.908e-15 1e-20
5710.5835 1.89767e-15 1e-20
5713.5789 1.86172e-15 1e-20
5716.5744 1.85988e-15 1e-20
5719.5698 1.80902e-15 1e-20
5722.5653 1.78559e-15 1e-20
5725.5607 1.78223e-15 1e-20
5728.5561 1.70989e-15 1e-20
5731.5516 1.71361e-15 1e-20
5734.547 1.648e-15 1e-20
5737.5425 1.59171e-15 1e-20
5740.5379 1.60194e-15 1e-20
5743.5334 1.5631e-15 1e-20
5746.5288 1.49674e-15 1e-20
5749.5243 1.49416e-15 1e-20
5752.5197 1.48473e-15 1e-20
5755.5152 1.42318e-15 1e-20
5758.5106 1.41947e-15 1e-20
5761.5061 1.41183e-15 1e-20
5764.5015 1.36572e-15 1e-20
5767.497 1.35134e-15 1e-20
5770.4924 1.33923e-15 1e-20
5773.4879 1.3353e-15 1e-20
5776.4833 1.35447e-15 1e-20
5779.4788 1.36843e-15 1e-20
5782.4742 1.38325e-15 1e-20
5785.4697 1.37058e-15 1e-20
5788.4651 1.37182e-15 1e-20
5791.4606 1.38998e-15 1e-20
5794.456 1.39197e-15 1e-20
5797.4515 1.38691e-15 1e-20
5800.4469 1.38472e-15 1e-20
5803.4424 1.44759e-15 1e-20
5806.4378 1.48072e-15 1e-20
5809.4332 1.49847e-15 1e-20
5812.4287 1.51123e-15 1e-20
5815.4241 1.55813e-15 1e-20
5818.4196 1.5797e-15 1e-20
5821.415 1.59152e-15 1e-20
5824.4105 1.60211e-15 1e-20
5827.4059 1.63646e-15 1e-20
5830.4014 1.70165e-15 1e-20
5833.3968 1.72186e-15 1e-20
5836.3923 1.75816e-15 1e-20
5839.3877 1.77049e-15 1e-20
5842.3832 1.81446e-15 1e-20
5845.3786 1.85707e-15 1e-20
5848.3741 1.86549e-15 1e-20
5851.3695 1.88833e-15 1e-20
5854.365 1.89872e-15 1e-20
5857.3604 1.95621e-15 1e-20
5860.3559 1.99948e-15 1e-20
5863.3513 1.97184e-15 1e-20
5866.3468 1.98498e-15 1e-20
5869.3422 2.00668e-15 1e-20
5872.3377 2.0403e-15 1e-20
5875.3331 1.99982e-15 1e-20
5878.3286 1.99966e-15 1e-20
5881.324 2.013e-15 1e-20
5884.3194 2.0379e-15 1e-20
5887.3149 2.07851e-15 1e-20
5890.3103 2.04657e-15 1e-20
5893.3058 2.00648e-15 1e-20
5896.3012 2.04521e-15 1e-20
5899.2967 2.06153e-15 1e-20
5902.2921 2.05753e-15 1e-20
5905.2876 2.08123e-15 1e-20
5908.283 2.03584e-15 1e-20
5911.2785 2.02309e-15 1e-20
5914.2739 2.07e-15 1e-20
5917.2694 2.02928e-15 1e-20
5920.2648 2.00835e-15 1e-20
5923.2603 2.00232e-15 1e-20
5926.2557 2.0492e-15 1e-20
5929.2512 2.04595e-15 1e-20
5932.2466 2.0149e-15 1e-20
5935.2421 2.01286e-15 1e-20
5938.2375 2.01798e-15 1e-20
5941.233 2.0206e-15 1e-20
5944.2284 2.02489e-15 1e-20
5947.2239 2.02908e-15 1e-20
5950.2193 2.03113e-15 1e-20
5953.2148 2.01102e-15 1e-20
5956.2102 2.01856e-15 1e-20
5959.2057 2.04956e-15 1e-20
5962.2011 1.98729e-15 1e-20
5965.1966 1.98284e-15 1e-20
5968.192 2.03993e-15 1e-20
5971.1874 2.00938e-15 1e-20
5974.1829 1.98928e-15 1e-20
5977.1783 1.99728e-15 1e-20
5980.1738 2.00425e-15 1e-20
5983.1692 1.96856e-15 1e-20
5986.1647 1.98697e-15 1e-20
5989.1601 1.93637e-15 1e-20
5992.1556 1.94347e-15 1e-20
5995.151 1.94167e-15 1e-20
5998.1465 1.92593e-15 1e-20
6001.1419 1.89756e-15 1e-20
6004.1374 1.90783e-15 1e-20
6007.1328 1.88229e-15 1e-20
6010.1283 1.84411e-15 1e-20
6013.1237 1.86114e-15 1e-20
6016.1192 1.8568e-15 1e-20
6019.1146 1.83916e-15 1e-20
6022.1101 1.83109e-15 1e-20
6025.1055 1.86002e-15 1e-20
6028.101 1.83569e-15 1e-20
6031.0964 1.77927e-15 1e-20
6034.0919 1.74423e-15 1e-20
6037.0873 1.74608e-15 1e-20
6040.0828 1.67763e-15 1e-20
6043.0782 1.65918e-15 1e-20
6046.0736 1.64222e-15 1e-20
6049.0691 1.51865e-15 1e-20
6052.0645 1.5029e-15 1e-20
6055.06 1.4407e-15 1e-20
6058.0554 1.38103e-15 1e-20
6061.0509 1.31476e-15 1e-20
6064.0463 1.26488e-15 1e-20
6067.0418 1.18263e-15 1e-20
6070.0372 1.12762e-15 1e-20
6073.0327 1.08391e-15 1e-20
6076.0281 1.02017e-15 1e-20
6079.0236 9.577e-16 1e-20
6082.019 9.13806e-16 1e-20
6085.0145 8.6828e-16 1e-20
6088.0099 8.32561e-16 1e-20
6091.0054 7.94862e-16 1e-20
6094.0008 7.78987e-16 1e-20
6096.9963 7.47674e-16 1e-20
6099.9917 7.12303e-16 1e-20
6102.9872 6.77291e-16 1e-20
6105.9826 6.71384e-16 1e-20
6108.9781 6.44614e-16 1e-20
6111.9735 6.17533e-16 1e-20
6114.969 6.15907e-16 1e-20
6117.9644 6.28651e-16 1e-20
6120.9599 6.01911e-16 1e-20
6123.9553 6.02658e-16 1e-20
6126.9508 6.05872e-16 1e-20
6129.9462 5.96477e-16 1e-20
6132.9416 6.03344e-16 1e-20
6135.9371 5.87851e-16 1e-20
6138.9325 6.00208e-16 1e-20
6141.928 6.02293e-16 1e-20
6144.9234 6.06887e-16 1e-20
6147.9189 6.11336e-16 1e-20
6150.9143 6.25343e-16 1e-20
6153.9098 6.38943e-16 1e-20
6156.9052 6.61055e-16 1e-20
6159.9007 6.67537e-16 1e-20
6162.8961 6.85665e-16 1e-20
6165.8916 6.97431e-16 1e-20
6168.887 7.18474e-16 1e-20
6171.8825 7.22866e-16 1e-20
6174.8779 7.43529e-16 1e-20
6177.8734 7.61579e-16 1e-20
6180.8688 8.00395e-16 1e-20
6183.8643 7.74825e-16 1e-20
6186.8597 8.17711e-16 1e-20
6189.8552 8.6108e-16 1e-20
6192.8506 8.87024e-16 1e-20
6195.8461 9.25295e-16 1e-20
6198.8415 9.29715e-16 1e-20
6201.8369 9.66254e-16 1e-20
6204.8324 9.9837e-16 1e-20
6207.8278 1.0312e-15 1e-20
6210.8233 1.06275e-15 1e-20
6213.8187 1.0963e-15 1e-20
6216.8142 1.11567e-15 1e-20
6219.8096 1.1538e-15 1e-20
6222.8051 1.16067e-15 1e-20
6225.8005 1.18754e-15 1e-20
6228.796 1.24758e-15 1e-20
6231.7914 1.26009e-15 1e-20
6234.7869 1.26713e-15 1e-20
6237.7823 1.28554e-15 1e-20
6240.7778 1.32028e-15 1e-20
6243.7732 1.37877e-15 1e-20
6246.7687 1.41724e-15 1e-20
6249.7641 1.43754e-15 1e-20
6252.7596 1.46099e-15 1e-20
6255.755 1.49179e-15 1e-20
6258.7505 1.52308e-15 1e-20
6261.7459 1.54556e-15 1e-20
6264.7414 1.55794e-15 1e-20
6267.7368 1.57422e-15 1e-20
6270.7323 1.60638e-15 1e-20
6273.7277 1.62601e-15 1e-20
6276.7232 1.64564e-15 1e-20
6279.7186 1.70212e-15 1e-20
6282.7141 1.73509e-15 1e-20
6285.7095 1.7296e-15 1e-20
6288.7049 1.73348e-15 1e-20
6291.7004 1.74809e-15 1e-20
6294.6958 1.76099e-15 1e-20
6297.6913 1.75661e-15 1e-20
6300.6867 1.77293e-15 1e-20
6303.6822 1.80725e-15 1e-20
6306.6776 1.79573e-15 1e-20
6309.6731 1.80686e-15 1e-20
6312.6685 1.83219e-15 1e-20
6315.664 1.82631e-15 1e-20
6318.6594 1.82593e-15 1e-20
6321.6549 1.8463e-15 1e-20
6324.6503 1.87162e-15 1e-20
6327.6458 1.85925e-15 1e-20
6330.6412 1.86825e-15 1e-20
6333.6367 1.89234e-15 1e-20
6336.6321 1.87918e-15 1e-20
6339.6276 1.88649e-15 1e-20
6342.623 1.87637e-15 1e-20
6345.6185 1.91034e-15 1e-20
6348.6139 1.88267e-15 1e-20
6351.6094 1.83945e-15 1e-20
6354.6048 1.87968e-15 1e-20
6357.6003 1.88722e-15 1e-20
6360.5957 1.85091e-15 1e-20
6363.5911 1.87467e-15 1e-20
6366.5866 1.87002e-15 1e-20
6369.582 1.87526e-15 1e-20
6372.5775 1.85772e-15 1e-20
6375.5729 1.84423e-15 1e-20
6378.5684 1.82168e-15 1e-20
6381.5638 1.85674e-15 1e-20
6384.5593 1.85819e-15 1e-20
6387.5547 1.84596e-15 1e-20
6390.5502 1.83353e-15 1e-20
6393.5456 1.81362e-15 1e-20
6396.5411 1.83341e-15 1e-20
6399.5365 1.80442e-15 1e-20
6402.532 1.81348e-15 1e-20
6405.5274 1.83694e-15 1e-20
6408.5229 1.83827e-15 1e-20
6411.5183 1.83138e-15 1e-20
6414.5138 1.7978e-15 1e-20
6417.5092 1.75849e-15 1e-20
6420.5047 1.78153e-15 1e-20
6423.5001 1.81531e-15 1e-20
6426.4956 1.78175e-15 1e-20
6429.491 1.75602e-15 1e-20
6432.4865 1.75353e-15 1e-20
6435.4819 1.74743e-15 1e-20
6438.4774 1.74469e-15 1e-20
6441.4728 1.72473e-15 1e-20
6444.4683 1.73646e-15 1e-20
6447.4637 1.72373e-15 1e-20
6450.4591 1.71797e-15 1e-20
6453.4546 1.68883e-15 1e-20
6456.45 1.69107e-15 1e-20
6459.4455 1.66285e-15 1e-20
6462.4409 1.6756e-15 1e-20
6465.4364 1.65628e-15 1e-20
6468.4318 1.6245e-15 1e-20
6471.4273 1.63698e-15 1e-20
6474.4227 1.62908e-15 1e-20
6477.4182 1.62299e-15 1e-20
6480.4136 1.61853e-15 1e-20
6483.4091 1.62465e-15 1e-20
6486.4045 1.58583e-15 1e-20
6489.4 1.58389e-15 1e-20
6492.3954 1.58832e-15 1e-20
6495.3909 1.58027e-15 1e-20
6498.3863 1.55421e-15 1e-20
6501.3818 1.55703e-15 1e-20
6504.3772 1.54432e-15 1e-20
6507.3727 1.54848e-15 1e-20
6510.3681 1.49972e-15 1e-20
6513.3636 1.49666e-15 1e-20
6516.359 1.52599e-15 1e-20
6519.3544 1.5146e-15 1e-20
6522.3499 1.49189e-15 1e-20
6525.3453 1.45255e-15 1e-20
6528.3408 1.45268e-15 1e-20
6531.3362 1.44842e-15 1e-20
6534.3317 1.45563e-15 1e-20
6537.3271 1.45394e-15 1e-20
6540.3226 1.41872e-15 1e-20
6543.318 1.4188e-15 1e-20
6546.3135 1.39877e-15 1e-20
6549.3089 1.39347e-15 1e-20
6552.3044 1.41127e-15 1e-20
6555.2998 1.38928e-15 1e-20
6558.2953 1.39754e-15 1e-20
6561.2907 1.37947e-15 1e-20
6564.2862 1.38928e-15 1e-20
6567.2816 1.39813e-15 1e-20
6570.2771 1.36809e-15 1e-20
6573.2725 1.32765e-15 1e-20
6576.268 1.33483e-15 1e-20
6579.2634 1.34716e-15 1e-20
6582.2589 1.35264e-15 1e-20
6585.2543 1.34836e-15 1e-20
6588.2498 1.32606e-15 1e-20
6591.2452 1.31178e-15 1e-20
6594.2407 1.3057e-15 1e-20
6597.2361 1.27686e-15 1e-20
6600.2316 1.29676e-15 1e-20
6603.227 1.30366e-15 1e-20
6606.2224 1.26689e-15 1e-20
6609.2179 1.26892e-15 1e-20
6612.2133 1.26276e-15 1e-20
6615.2088 1.2582e-15 1e-20
6618.2042 1.23869e-15 1e-20
6621.1997 1.20436e-15 1e-20
6624.1951 1.2256e-15 1e-20
6627.1906 1.21944e-15 1e-20
6630.186 1.22112e-15 1e-20
6633.1815 1.21202e-15 1e-20
6636.1769 1.18114e-15 1e-20
6639.1724 1.17108e-15 1e-20
6642.1678 1.18305e-15 1e-20
6645.1633 1.17229e-15 1e-20
6648.1587 1.16692e-15 1e-20
6651.1542 1.1666e-15 1e-20
6654.1496 1.14018e-15 1e-20
6657.1451 1.12454e-15 1e-20
6660.1405 1.11655e-15 1e-20
6663.136 1.12856e-15 1e-20
6666.1314 1.12248e-15 1e-20
6669.1269 1.11998e-15 1e-20
6672.1223 1.11385e-15 1e-20
6675.1178 1.08277e-15 1e-20
6678.1132 1.08071e-15 1e-20
6681.1086 1.10058e-15 1e-20
6684.1041 1.0996e-15 1e-20
6687.0995 1.08121e-15 1e-20
6690.095 1.07481e-15 1e-20
6693.0904 1.11326e-15 1e-20
6696.0859 1.09931e-15 1e-20
6699.0813 1.06063e-15 1e-20
6702.0768 1.06625e-15 1e-20
6705.0722 1.0657e-15 1e-20
6708.0677 1.04919e-15 1e-20
6711.0631 1.04771e-15 1e-20
6714.0586 1.04788e-15 1e-20
6717.054 1.06665e-15 1e-20
6720.0495 1.06304e-15 1e-20
6723.0449 1.0693e-15 1e-20
6726.0404 1.05507e-15 1e-20
6729.0358 1.03814e-15 1e-20
6732.0313 1.04067e-15 1e-20
6735.0267 1.05621e-15 1e-20
6738.0222 1.04618e-15 1e-20
6741.0176 9.99249e-16 1e-20
6744.0131 1.01865e-15 1e-20
6747.0085 9.96975e-16 1e-20
6750.004 1.00214e-15 1e-20
6752.9994 1.00183e-15 1e-20
6755.9949 9.89394e-16 1e-20
6758.9903 9.56154e-16 1e-20
6761.9858 8.68726e-16 1e-20
6764.9812 8.53991e-16 1e-20
6767.9766 9.18315e-16 1e-20
6770.9721 9.68912e-16 1e-20
6773.9675 1.00091e-15 1e-20
6776.963 9.50132e-16 1e-20
6779.9584 9.19088e-16 1e-20
6782.9539 9.25135e-16 1e-20
6785.9493 9.1182e-16 1e-20
6788.9448 9.02127e-16 1e-20
6791.9402 8.91838e-16 1e-20
6794.9357 9.03184e-16 1e-20
6797.9311 9.00416e-16 1e-20
6800.9266 8.99064e-16 1e-20
6803.922 8.96772e-16 1e-20
6806.9175 8.93299e-16 1e-20
6809.9129 9.00421e-16 1e-20
6812.9084 9.03253e-16 1e-20
6815.9038 8.92406e-16 1e-20
6818.8993 9.05638e-16 1e-20
6821.8947 9.0768e-16 1e-20
6824.8902 9.02207e-16 1e-20
6827.8856 8.93606e-16 1e-20
6830.8811 8.76625e-16 1e-20
6833.8765 8.72491e-16 1e-20
6836.8719 8.65032e-16 1e-20
6839.8674 8.7281e-16 1e-20
6842.8628 8.87382e-16 1e-20
6845.8583 8.91584e-16 1e-20
6848.8537 8.97725e-16 1e-20
6851.8492 8.97116e-16 1e-20
6854.8446 8.86515e-16 1e-20
6857.8401 8.84643e-16 1e-20
6860.8355 8.94813e-16 1e-20
6863.831 8.82503e-16 1e-20
6866.8264 8.99649e-16 1e-20
6869.8219 8.95936e-16 1e-20
6872.8173 8.84969e-16 1e-20
6875.8128 8.67532e-16 1e-20
6878.8082 8.63813e-16 1e-20
6881.8037 8.57479e-16 1e-20
6884.7991 8.58739e-16 1e-20
6887.7946 8.51156e-16 1e-20
6890.79 8.64002e-16 1e-20
6893.7855 8.94328e-16 1e-20
6896.7809 8.5691e-16 1e-20
6899.7764 8.40695e-16 1e-20
6902.7718 8.4013e-16 1e-20
6905.7673 8.49879e-16 1e-20
6908.7627 8.43416e-16 1e-20
6911.7582 8.36919e-16 1e-20
6914.7536 8.21658e-16 1e-20
6917.7491 8.26369e-16 1e-20
6920.7445 8.3037e-16 1e-20
6923.7399 8.29973e-16 1e-20
6926.7354 8.26017e-16 1e-20
6929.7308 8.2265e-16 1e-20
6932.7263 8.29179e-16 1e-20
6935.7217 8.32125e-16 1e-20
6938.7172 8.23202e-16 1e-20
6941.7126 8.31844e-16 1e-20
6944.7081 8.17782e-16 1e-20
6947.7035 7.97266e-16 1e-20
6950.699 8.09333e-16 1e-20
6953.6944 8.17307e-16 1e-20
6956.6899 8.28135e-16 1e-20
6959.6853 8.13204e-16 1e-20
6962.6808 7.98768e-16 1e-20
6965.6762 8.07807e-16 1e-20
6968.6717 8.13006e-16 1e-20
6971.6671 7.91047e-16 1e-20
6974.6626 8.12952e-16 1e-20
6977.658 7.92654e-16 1e-20
6980.6535 8.18109e-16 1e-20
6983.6489 8.05448e-16 1e-20
6986.6444 7.9803e-16 1e-20
6989.6398 7.99282e-16 1e-20
6992.6353 8.00898e-16 1e-20
6995.6307 8.17763e-16 1e-20
6998.6261 7.92929e-16 1e-20
7001.6216 7.79454e-16 1e-20
7004.617 7.85572e-16 1e-20
7007.6125 7.77931e-16 1e-20
7010.6079 8.02511e-16 1e-20
7013.6034 7.91168e-16 1e-20
7016.5988 7.72159e-16 1e-20
7019.5943 7.87372e-16 1e-20
7022.5897 7.89744e-16 1e-20
7025.5852 7.58614e-16 1e-20
7028.5806 7.4044e-16 1e-20
7031.5761 7.63143e-16 1e-20
7034.5715 7.56278e-16 1e-20
7037.567 7.64229e-16 1e-20
7040.5624 7.57132e-16 1e-20
7043.5579 7.42248e-16 1e-20
7046.5533 7.51673e-16 1e-20
7049.5488 7.64863e-16 1e-20
7052.5442 7.33093e-16 1e-20
7055.5397 7.49484e-16 1e-20
7058.5351 7.37658e-16 1e-20
7061.5306 7.16998e-16 1e-20
7064.526 7.05232e-16 1e-20
7067.5215 7.09566e-16 1e-20
7070.5169 7.47492e-16 1e-20
7073.5124 7.34769e-16 1e-20
7076.5078 7.22714e-16 1e-20
7079.5033 7.23572e-16 1e-20
7082.4987 7.30909e-16 1e-20
7085.4941 7.09917e-16 1e-20
7088.4896 7.05588e-16 1e-20
7091.485 7.06865e-16 1e-20
7094.4805 7.19023e-16 1e-20
7097.4759 7.46407e-16 1e-20
7100.4714 7.41274e-16 1e-20
7103.4668 7.4758e-16 1e-20
7106.4623 7.54328e-16 1e-20
7109.4577 7.57675e-16 1e-20
7112.4532 7.59242e-16 1e-20
7115.4486 7.42383e-16 1e-20
7118.4441 7.44181e-16 1e-20
7121.4395 7.29471e-16 1e-20
7124.435 7.39971e-16 1e-20
7127.4304 7.41203e-16 1e-20
7130.4259 7.35727e-16 1e-20
7133.4213 7.5214e-16 1e-20
7136.4168 7.41869e-16 1e-20
7139.4122 7.30423e-16 1e-20
7142.4077 7.25633e-16 1e-20
7145.4031 7.3505e-16 1e-20
7148.3986 7.38194e-16 1e-20
7151.394 7.11916e-16 1e-20
7154.3894 7.14971e-16 1e-20
7157.3849 7.43389e-16 1e-20
7160.3803 7.18265e-16 1e-20
7163.3758 7.04357e-16 1e-20
7166.3712 7.05512e-16 1e-20
7169.3667 7.29645e-16 1e-20
7172.3621 7.09068e-16 1e-20
7175.3576 6.97888e-16 1e-20
7178.353 6.94961e-16 1e-20
7181.3485 6.84426e-16 1e-20
7184.3439 6.95668e-16 1e-20
7187.3394 7.16157e-16 1e-20
7190.3348 6.96826e-16 1e-20
7193.3303 6.97218e-16 1e-20
7196.3257 6.89008e-16 1e-20
7199.3212 6.85831e-16 1e-20
7202.3166 7.00194e-16 1e-20
7205.3121 6.7548e-16 1e-20
7208.3075 6.93121e-16 1e-20
7211.303 7.16089e-16 1e-20
7214.2984 6.88239e-16 1e-20
7217.2939 6.69144e-16 1e-20
7220.2893 6.83239e-16 1e-20
7223.2848 6.80135e-16 1e-20
7226.2802 6.86468e-16 1e-20
7229.2756 7.03667e-16 1e-20
7232.2711 7.01113e-16 1e-20
7235.2666 6.80793e-16 1e-20
7238.262 6.64271e-16 1e-20
7241.2574 6.67491e-16 1e-20
7244.2529 6.78592e-16 1e-20
7247.2483 6.65356e-16 1e-20
7250.2438 6.86523e-16 1e-20
7253.2392 6.85587e-16 1e-20
7256.2347 6.5209e-16 1e-20
7259.2301 6.45945e-16 1e-20
7262.2256 6.71561e-16 1e-20
7265.221 6.6621e-16 1e-20
7268.2165 6.52647e-16 1e-20
7271.2119 6.5709e-16 1e-20
7274.2074 6.69977e-16 1e-20
7277.2028 6.69391e-16 1e-20
7280.1983 6.65716e-16 1e-20
7283.1937 6.68624e-16 1e-20
7286.1892 6.55765e-16 1e-20
7289.1846 6.67803e-16 1e-20
7292.1801 6.57293e-16 1e-20
7295.1755 6.31083e-16 1e-20
7298.171 6.50896e-16 1e-20
7301.1664 6.53951e-16 1e-20
7304.1619 6.349e-16 1e-20
7307.1573 6.31778e-16 1e-20
7310.1528 6.33994e-16 1e-20
7313.1482 6.21879e-16 1e-20
7316.1436 6.42616e-16 1e-20
7319.1391 6.35649e-16 1e-20
7322.1345 6.21932e-16 1e-20
7325.13 6.24993e-16 1e-20
7328.1254 6.16594e-16 1e-20
7331.1209 6.04399e-16 1e-20
7334.1163 6.15788e-16 1e-20
7337.1118 5.94624e-16 1e-20
7340.1072 5.76352e-16 1e-20
7343.1027 5.8488e-16 1e-20
7346.0981 6.11009e-16 1e-20
7349.0936 5.96058e-16 1e-20
7352.089 5.77836e-16 1e-20
7355.0845 5.58865e-16 1e-20
7358.0799 5.61686e-16 1e-20
7361.0754 5.63407e-16 1e-20
7364.0708 5.66605e-16 1e-20
7367.0663 5.65468e-16 1e-20
7370.0617 5.40175e-16 1e-20
7373.0572 5.46484e-16 1e-20
7376.0526 5.2707e-16 1e-20
7379.0481 5.36604e-16 1e-20
7382.0435 5.21702e-16 1e-20
7385.039 5.28017e-16 1e-20
7388.0344 5.36237e-16 1e-20
7391.0298 5.22788e-16 1e-20
7394.0253 5.16018e-16 1e-20
7397.0208 5.18817e-16 1e-20
7400.0162 5.10454e-16 1e-20
7403.0116 4.90276e-16 1e-20
7406.0071 5.05035e-16 1e-20
7409.0025 4.88632e-16 1e-20
7411.998 4.86037e-16 1e-20
7414.9934 4.90745e-16 1e-20
7417.9889 4.67451e-16 1e-20
7420.9843 4.61338e-16 1e-20
7423.9798 4.65286e-16 1e-20
7426.9752 4.41047e-16 1e-20
7429.9707 4.35465e-16 1e-20
7432.9661 4.11446e-16 1e-20
7435.9616 4.15962e-16 1e-20
7438.957 4.11973e-16 1e-20
7441.9525 3.92321e-16 1e-20
7444.9479 3.83517e-16 1e-20
7447.9434 3.60563e-16 1e-20
7450.9388 3.57494e-16 1e-20
7453.9343 3.47452e-16 1e-20
7456.9297 3.46197e-16 1e-20
7459.9252 3.44549e-16 1e-20
7462.9206 3.24565e-16 1e-20
7465.9161 3.11816e-16 1e-20
7468.9115 3.2554e-16 1e-20
7471.907 3.04933e-16 1e-20
7474.9024 2.88269e-16 1e-20
7477.8978 2.63803e-16 1e-20
7480.8933 2.4384e-16 1e-20
7483.8887 2.03724e-16 1e-20
7486.8842 2.32712e-16 1e-20
7489.8796 2.42166e-16 1e-20
7492.8751 2.19765e-16 1e-20
7495.8705 2.43326e-16 1e-20
7498.866 3.05277e-16 1e-20
7501.8614 3.22139e-16 1e-20
7504.8569 2.75353e-16 1e-20
7507.8523 2.52042e-16 1e-20
7510.8478 2.72009e-16 1e-20
7513.8432 2.89141e-16 1e-20
7516.8387 3.0283e-16 1e-20
7519.8341 3.1535e-16 1e-20
7522.8296 3.21416e-16 1e-20
7525.825 3.3386e-16 1e-20
7528.8205 3.3537e-16 1e-20
7531.8159 3.5908e-16 1e-20
7534.8114 3.50731e-16 1e-20
7537.8068 3.55446e-16 1e-20
7540.8023 3.62524e-16 1e-20
7543.7977 3.62987e-16 1e-20
7546.7931 3.99814e-16 1e-20
7549.7886 3.91536e-16 1e-20
7552.784 3.84625e-16 1e-20
7555.7795 3.91366e-16 1e-20
7558.775 4.06282e-16 1e-20
7561.7704 4.10137e-16 1e-20
7564.7658 4.24791e-16 1e-20
7567.7613 4.35655e-16 1e-20
7570.7567 4.2443e-16 1e-20
7573.7522 4.44843e-16 1e-20
7576.7476 4.65107e-16 1e-20
7579.7431 4.61617e-16 1e-20
7582.7385 4.59607e-16 1e-20
7585.734 4.54752e-16 1e-20
7588.7294 5.00126e-16 1e-20
7591.7249 4.91992e-16 1e-20
7594.7203 4.79629e-16 1e-20
7597.7158 5.07109e-16 1e-20
7600.7112 5.10459e-16 1e-20
7603.7067 5.08261e-16 1e-20
7606.7021 5.11505e-16 1e-20
7609.6976 5.32519e-16 1e-20
7612.693 5.30118e-16 1e-20
7615.6885 5.14977e-16 1e-20
7618.6839 5.33503e-16 1e-20
7621.6794 5.45449e-16 1e-20
7624.6748 5.48312e-16 1e-20
7627.6703 5.56768e-16 1e-20
7630.6657 5.46526e-16 1e-20
7633.6611 5.54281e-16 1e-20
7636.6566 5.67078e-16 1e-20
7639.652 5.75065e-16 1e-20
7642.6475 5.74903e-16 1e-20
7645.6429 5.86707e-16 1e-20
7648.6384 5.8315e-16 1e-20
7651.6338 5.89749e-16 1e-20
7654.6293 5.84105e-16 1e-20
7657.6247 6.04871e-16 1e-20
7660.6202 6.31856e-16 1e-20
7663.6156 6.20444e-16 1e-20
7666.6111 6.04191e-16 1e-20
7669.6065 6.08448e-16 1e-20
7672.602 6.23198e-16 1e-20
7675.5974 6.54581e-16 1e-20
7678.5929 6.21745e-16 1e-20
7681.5883 6.19756e-16 1e-20
7684.5838 6.20911e-16 1e-20
7687.5792 6.26743e-16 1e-20
7690.5747 6.57188e-16 1e-20
7693.5701 6.46644e-16 1e-20
7696.5656 6.13791e-16 1e-20
7699.561 6.2493e-16 1e-20
7702.5565 6.15362e-16 1e-20
7705.5519 6.20246e-16 1e-20
7708.5473 6.05222e-16 1e-20
7711.5428 6.12378e-16 1e-20
7714.5382 6.21936e-16 1e-20
7717.5337 6.16755e-16 1e-20
7720.5291 6.1721e-16 1e-20
7723.5246 6.2919e-16 1e-20
7726.52 6.0201e-16 1e-20
7729.5155 6.03535e-16 1e-20
7732.5109 6.23579e-16 1e-20
7735.5064 6.52618e-16 1e-20
7738.5018 6.76779e-16 1e-20
7741.4973 6.10337e-16 1e-20
7744.4927 6.08857e-16 1e-20
7747.4882 6.08407e-16 1e-20
7750.4836 6.0166e-16 1e-20
7753.4791 6.05838e-16 1e-20
7756.4745 6.2619e-16 1e-20
7759.47 6.28893e-16 1e-20
7762.4654 6.3284e-16 1e-20
7765.4609 5.84198e-16 1e-20
7768.4563 6.05056e-16 1e-20
7771.4518 6.30234e-16 1e-20
7774.4472 6.28333e-16 1e-20
7777.4427 6.34513e-16 1e-20
7780.4381 6.47098e-16 1e-20
7783.4336 6.12514e-16 1e-20
7786.429 6.19894e-16 1e-20
7789.4245 6.39748e-16 1e-20
7792.4199 6.60016e-16 1e-20
7795.4153 6.6707e-16 1e-20
7798.4108 6.62168e-16 1e-20
7801.4062 6.54502e-16 1e-20
7804.4017 6.17902e-16 1e-20
7807.3971 6.48175e-16 1e-20
7810.3926 6.19383e-16 1e-20
7813.388 6.31646e-16 1e-20
7816.3835 6.39357e-16 1e-20
7819.3789 6.54825e-16 1e-20
7822.3744 6.39069e-16 1e-20
7825.3698 6.51023e-16 1e-20
7828.3653 6.69769e-16 1e-20
7831.3607 6.46326e-16 1e-20
7834.3562 6.5352e-16 1e-20
7837.3516 6.44634e-16 1e-20
7840.3471 6.29534e-16 1e-20
7843.3425 6.24053e-16 1e-20
7846.338 6.35175e-16 1e-20
7849.3334 6.22232e-16 1e-20
7852.3289 6.4279e-16 1e-20
7855.3243 6.51607e-16 1e-20
7858.3198 6.54215e-16 1e-20
7861.3152 6.2663e-16 1e-20
7864.3106 6.37989e-16 1e-20
7867.3061 6.69252e-16 1e-20
7870.3015 6.44685e-16 1e-20
7873.297 6.40863e-16 1e-20
7876.2924 6.38901e-16 1e-20
7879.2879 6.46524e-16 1e-20
7882.2833 6.41084e-16 1e-20
7885.2788 6.33284e-16 1e-20
7888.2742 6.14048e-16 1e-20
7891.2697 6.30107e-16 1e-20
7894.2651 6.42618e-16 1e-20
7897.2606 6.21204e-16 1e-20
7900.256 6.30248e-16 1e-20
7903.2515 6.03159e-16 1e-20
7906.2469 6.12945e-16 1e-20
7909.2424 6.36079e-16 1e-20
7912.2378 6.31973e-16 1e-20
7915.2333 6.16286e-16 1e-20
7918.2287 6.28697e-16 1e-20
7921.2242 6.00948e-16 1e-20
7924.2196 6.02858e-16 1e-20
7927.2151 5.93199e-16 1e-20
7930.2105 5.96287e-16 1e-20
7933.206 6.04282e-16 1e-20
7936.2014 5.86104e-16 1e-20
7939.1969 5.89724e-16 1e-20
7942.1923 6.12831e-16 1e-20
7945.1878 6.13739e-16 1e-20
7948.1832 5.85818e-16 1e-20
7951.1786 5.98052e-16 1e-20
7954.1741 5.96231e-16 1e-20
7957.1695 6.1411e-16 1e-20
7960.165 6.06594e-16 1e-20
7963.1604 5.72406e-16 1e-20
7966.1559 5.93315e-16 1e-20
7969.1513 5.80886e-16 1e-20
7972.1468 5.96082e-16 1e-20
7975.1422 5.97005e-16 1e-20
7978.1377 5.98862e-16 1e-20
7981.1331 5.74228e-16 1e-20
7984.1286 5.78412e-16 1e-20
7987.124 5.54098e-16 1e-20
7990.1195 5.75461e-16 1e-20
7993.1149 5.70815e-16 1e-20
7996.1104 5.70392e-16 1e-20
7999.1058 5.62671e-16 1e-20
8002.1013 5.57512e-16 1e-20
8005.0967 5.48416e-16 1e-20
8008.0922 5.51699e-16 1e-20
8011.0876 5.4153e-16 1e-20
8014.0831 5.14837e-16 1e-20
8017.0785 5.13923e-16 1e-20
8020.074 5.3236e-16 1e-20
8023.0694 4.97273e-16 1e-20
8026.0648 4.96128e-16 1e-20
8029.0603 4.89795e-16 1e-20
8032.0557 4.74635e-16 1e-20
8035.0512 4.48755e-16 1e-20
8038.0466 4.48961e-16 1e-20
8041.0421 4.56684e-16 1e-20
8044.0375 4.45364e-16 1e-20
8047.033 4.62425e-16 1e-20
8050.0284 4.2667e-16 1e-20
8053.0239 3.87678e-16 1e-20
8056.0193 4.08449e-16 1e-20
8059.0148 4.08592e-16 1e-20
8062.0102 4.01376e-16 1e-20
8065.0057 3.708e-16 1e-20
8068.0011 3.52314e-16 1e-20
8070.9966 3.64792e-16 1e-20
8073.992 3.51921e-16 1e-20
8076.9875 3.58391e-16 1e-20
8079.9829 3.62713e-16 1e-20
8082.9784 3.39174e-16 1e-20
8085.9738 3.29277e-16 1e-20
8088.9693 3.40494e-16 1e-20
8091.9647 3.10497e-16 1e-20
8094.9602 3.0272e-16 1e-20
8097.9556 2.83144e-16 1e-20
8100.9511 2.78797e-16 1e-20
8103.9465 2.83547e-16 1e-20
8106.942 2.98727e-16 1e-20
8109.9374 2.89365e-16 1e-20
8112.9328 2.59265e-16 1e-20
8115.9283 2.72829e-16 1e-20
8118.9237 2.64559e-16 1e-20
8121.9192 2.84211e-16 1e-20
8124.9146 2.40629e-16 1e-20
8127.9101 2.45575e-16 1e-20
8130.9055 2.75949e-16 1e-20
8133.901 2.53582e-16 1e-20
8136.8964 2.54308e-16 1e-20
8139.8919 2.719e-16 1e-20
8142.8873 2.47677e-16 1e-20
8145.8828 2.51759e-16 1e-20
8148.8782 2.3468e-16 1e-20
8151.8737 2.27269e-16 1e-20
8154.8691 2.33101e-16 1e-20
8157.8646 2.38705e-16 1e-20
8160.86 2.28947e-16 1e-20
8163.8555 2.18674e-16 1e-20
8166.8509 2.11623e-16 1e-20
8169.8464 2.28217e-16 1e-20
8172.8418 2.32689e-16 1e-20
8175.8373 2.11865e-16 1e-20
8178.8327 1.98768e-16 1e-20
8181.8281 1.84134e-16 1e-20
8184.8236 1.83368e-16 1e-20
8187.819 2.01927e-16 1e-20
8190.8145 1.79678e-16 1e-20
8193.8099 1.86349e-16 1e-20
8196.8054 1.76504e-16 1e-20
8199.8008 1.73702e-16 1e-20
8202.7963 1.77025e-16 1e-20
8205.7917 1.91502e-16 1e-20
8208.7872 1.76827e-16 1e-20
8211.7826 1.6444e-16 1e-20
8214.7781 1.74497e-16 1e-20
8217.7735 1.95564e-16 1e-20
8220.769 1.84484e-16 1e-20
8223.7644 1.75636e-16 1e-20
8226.7599 1.78447e-16 1e-20
8229.7553 1.76151e-16 1e-20
8232.7508 1.76735e-16 1e-20
8235.7462 1.82658e-16 1e-20
8238.7417 1.83063e-16 1e-20
8241.7371 1.91693e-16 1e-20
8244.7326 1.98931e-16 1e-20
8247.728 1.7127e-16 1e-20
8250.7235 1.7991e-16 1e-20
8253.7189 1.81089e-16 1e-20
8256.7144 2.06076e-16 1e-20
8259.7098 1.97812e-16 1e-20
8262.7053 1.87499e-16 1e-20
8265.7007 1.79626e-16 1e-20
8268.6961 1.83348e-16 1e-20
8271.6916 1.83721e-16 1e-20
8274.687 2.04677e-16 1e-20
8277.6825 2.16541e-16 1e-20
8280.6779 2.30975e-16 1e-20
8283.6734 2.17846e-16 1e-20
8286.6688 2.0891e-16 1e-20
8289.6643 2.27017e-16 1e-20
8292.6597 2.28638e-16 1e-20
8295.6552 2.10961e-16 1e-20
8298.6506 2.09989e-16 1e-20
8301.6461 2.23804e-16 1e-20
8304.6415 2.2266e-16 1e-20
8307.637 2.42368e-16 1e-20
8310.6324 2.25288e-16 1e-20
8313.6279 2.31957e-16 1e-20
8316.6233 2.4639e-16 1e-20
8319.6188 2.19853e-16 1e-20
8322.6142 2.43911e-16 1e-20
8325.6097 2.3951e-16 1e-20
8328.6051 2.38165e-16 1e-20
8331.6006 2.15584e-16 1e-20
8334.596 2.2263e-16 1e-20
8337.5915 2.25038e-16 1e-20
8340.5869 2.18868e-16 1e-20
8343.5823 2.6122e-16 1e-20
8346.5778 2.57915e-16 1e-20
8349.5732 2.55739e-16 1e-20
8352.5687 2.60558e-16 1e-20
8355.5641 2.49955e-16 1e-20
8358.5596 2.50596e-16 1e-20
8361.555 2.64797e-16 1e-20
8364.5505 2.72037e-16 1e-20
8367.5459 2.88469e-16 1e-20
8370.5414 2.77292e-16 1e-20
8373.5368 2.8016e-16 1e-20
8376.5323 3.01396e-16 1e-20
8379.5277 3.02035e-16 1e-20
8382.5232 3.16195e-16 1e-20
8385.5186 3.06467e-16 1e-20
8388.5141 2.9304e-16 1e-20
8391.5095 3.01124e-16 1e-20
8394.505 3.12948e-16 1e-20
8397.5004 3.20486e-16 1e-20
8400.4959 3.37638e-16 1e-20
8403.4913 3.45885e-16 1e-20
8406.4868 3.48183e-16 1e-20
8409.4822 3.63472e-16 1e-20
8412.4777 3.6246e-16 1e-20
8415.4731 3.45805e-16 1e-20
8418.4686 3.61054e-16 1e-20
8421.464 3.62905e-16 1e-20
8424.4595 3.79335e-16 1e-20
8427.4549 3.67997e-16 1e-20
8430.4503 3.97858e-16 1e-20
8433.4458 4.08127e-16 1e-20
8436.4412 3.96844e-16 1e-20
8439.4367 4.13067e-16 1e-20
8442.4321 4.41012e-16 1e-20
8445.4276 4.4411e-16 1e-20
8448.423 4.03627e-16 1e-20
8451.4185 4.10413e-16 1e-20
8454.4139 4.27109e-16 1e-20
8457.4094 4.64496e-16 1e-20
8460.4048 4.57196e-16 1e-20
8463.4003 4.47684e-16 1e-20
8466.3957 4.46755e-16 1e-20
8469.3912 4.69735e-16 1e-20
8472.3866 5.01982e-16 1e-20
8475.3821 4.64046e-16 1e-20
8478.3775 4.68497e-16 1e-20
8481.373 5.0502e-16 1e-20
8484.3684 4.84366e-16 1e-20
8487.3639 5.17172e-16 1e-20
8490.3593 5.45394e-16 1e-20
8493.3548 5.46229e-16 1e-20
8496.3502 5.34969e-16 1e-20
8499.3456 5.30001e-16 1e-20
8502.3411 5.40557e-16 1e-20
8505.3365 5.37771e-16 1e-20
8508.332 5.35059e-16 1e-20
8511.3274 5.48455e-16 1e-20
8514.3229 5.42824e-16 1e-20
8517.3183 5.65515e-16 1e-20
8520.3138 6.0731e-16 1e-20
8523.3092 5.96632e-16 1e-20
8526.3047 5.65084e-16 1e-20
8529.3001 5.78514e-16 1e-20
8532.2956 5.92184e-16 1e-20
8535.291 5.94659e-16 1e-20
8538.2865 5.95141e-16 1e-20
8541.2819 6.10251e-16 1e-20
8544.2774 6.0481e-16 1e-20
8547.2728 5.82347e-16 1e-20
8550.2683 5.87013e-16 1e-20
8553.2637 5.81048e-16 1e-20
8556.2592 5.83255e-16 1e-20
8559.2546 6.0718e-16 1e-20
8562.2501 6.03192e-16 1e-20
8565.2455 5.97072e-16 1e-20
8568.241 5.70401e-16 1e-20
8571.2364 6.24882e-16 1e-20
8574.2319 6.27467e-16 1e-20
8577.2273 6.05515e-16 1e-20
8580.2228 6.24958e-16 1e-20
8583.2182 6.51928e-16 1e-20
8586.2136 6.14715e-16 1e-20
8589.2091 5.73937e-16 1e-20
8592.2045 5.7964e-16 1e-20
8595.2 6.03774e-16 1e-20
8598.1954 5.94993e-16 1e-20
8601.1909 6.14454e-16 1e-20
8604.1863 6.3446e-16 1e-20
8607.1818 6.20496e-16 1e-20
8610.1772 5.87564e-16 1e-20
8613.1727 6.08096e-16 1e-20
8616.1681 6.00857e-16 1e-20
8619.1636 6.13571e-16 1e-20
8622.159 6.06689e-16 1e-20
8625.1545 6.15599e-16 1e-20
8628.1499 6.47246e-16 1e-20
8631.1454 6.55712e-16 1e-20
8634.1408 6.31459e-16 1e-20
8637.1363 5.98813e-16 1e-20
8640.1317 6.26103e-16 1e-20
8643.1272 5.76309e-16 1e-20
8646.1226 6.41024e-16 1e-20
8649.1181 6.67599e-16 1e-20
8652.1135 5.83616e-16 1e-20
8655.109 5.88144e-16 1e-20
8658.1044 6.18398e-16 1e-20
8661.0998 5.89812e-16 1e-20
8664.0953 5.79111e-16 1e-20
8667.0907 5.98954e-16 1e-20
8670.0862 5.99059e-16 1e-20
8673.0816 5.59969e-16 1e-20
8676.0771 5.75705e-16 1e-20
8679.0725 5.82186e-16 1e-20
8682.068 5.79189e-16 1e-20
8685.0634 5.78873e-16 1e-20
8688.0589 5.84089e-16 1e-20
8691.0543 5.4115e-16 1e-20
8694.0498 6.10441e-16 1e-20
8697.0452 5.83081e-16 1e-20
8700.0407 6.08092e-16 1e-20
8703.0361 6.10889e-16 1e-20
8706.0316 6.30185e-16 1e-20
8709.027 5.65692e-16 1e-20
8712.0225 5.67297e-16 1e-20
8715.0179 6.1073e-16 1e-20
8718.0134 5.86222e-16 1e-20
8721.0088 5.93898e-16 1e-20
8724.0043 5.85966e-16 1e-20
8726.9997 5.4657e-16 1e-20
8729.9952 5.58726e-16 1e-20
8732.9906 5.6436e-16 1e-20
8735.9861 5.69334e-16 1e-20
8738.9815 5.43334e-16 1e-20
8741.977 5.40417e-16 1e-20
8744.9724 5.38568e-16 1e-20
8747.9678 5.90488e-16 1e-20
8750.9633 5.74772e-16 1e-20
8753.9587 5.80801e-16 1e-20
8756.9542 5.80493e-16 1e-20
8759.9496 5.53693e-16 1e-20
8762.9451 5.30083e-16 1e-20
8765.9405 5.63447e-16 1e-20
8768.936 5.49578e-16 1e-20
8771.9314 5.45018e-16 1e-20
8774.9269 5.72077e-16 1e-20
8777.9223 5.33708e-16 1e-20
8780.9178 5.3442e-16 1e-20
8783.9132 5.27658e-16 1e-20
8786.9087 5.53384e-16 1e-20
8789.9041 5.03554e-16 1e-20
8792.8996 4.84949e-16 1e-20
8795.895 5.13778e-16 1e-20
8798.8905 4.68839e-16 1e-20
8801.8859 4.63826e-16 1e-20
8804.8814 4.89851e-16 1e-20
8807.8768 4.4167e-16 1e-20
8810.8723 4.71847e-16 1e-20
8813.8677 4.58263e-16 1e-20
8816.8632 4.4398e-16 1e-20
8819.8586 4.20793e-16 1e-20
8822.854 4.40402e-16 1e-20
8825.8495 4.15519e-16 1e-20
8828.8449 4.2576e-16 1e-20
8831.8404 3.83288e-16 1e-20
8834.8358 3.48936e-16 1e-20
8837.8313 3.6453e-16 1e-20
8840.8267 3.78694e-16 1e-20
8843.8222 3.82028e-16 1e-20
8846.8176 3.60819e-16 1e-20
8849.8131 3.16538e-16 1e-20
8852.8085 3.42076e-16 1e-20
8855.804 3.41618e-16 1e-20
8858.7994 3.08496e-16 1e-20
8861.7949 3.07671e-16 1e-20
8864.7903 3.52422e-16 1e-20
8867.7858 3.16038e-16 1e-20
8870.7812 2.7844e-16 1e-20
8873.7767 2.58062e-16 1e-20
8876.7721 2.78184e-16 1e-20
8879.7676 2.9171e-16 1e-20
8882.763 2.85515e-16 1e-20
8885.7585 2.98523e-16 1e-20
8888.7539 2.9681e-16 1e-20
8891.7494 3.07563e-16 1e-20
8894.7448 2.98772e-16 1e-20
8897.7403 2.46085e-16 1e-20
8900.7357 2.53039e-16 1e-20
8903.7312 2.53275e-16 1e-20
8906.7266 2.88594e-16 1e-20
8909.722 2.93065e-16 1e-20
8912.7175 2.76629e-16 1e-20
8915.7129 2.70426e-16 1e-20
8918.7084 2.76415e-16 1e-20
8921.7038 2.96773e-16 1e-20
8924.6993 2.7672e-16 1e-20
8927.6947 2.64605e-16 1e-20
8930.6902 2.55437e-16 1e-20
8933.6856 2.6689e-16 1e-20
8936.6811 2.65402e-16 1e-20
8939.6765 2.72112e-16 1e-20
8942.672 2.63083e-16 1e-20
8945.6674 2.85353e-16 1e-20
8948.6629 2.96621e-16 1e-20
8951.6583 2.95136e-16 1e-20
8954.6538 2.93615e-16 1e-20
8957.6492 2.6297e-16 1e-20
8960.6447 2.87977e-16 1e-20
8963.6401 2.98928e-16 1e-20
8966.6356 2.55889e-16 1e-20
8969.631 2.87547e-16 1e-20
8972.6265 3.08496e-16 1e-20
8975.6219 2.96339e-16 1e-20
8978.6173 3.07641e-16 1e-20
8981.6128 3.36254e-16 1e-20
8984.6082 3.16268e-16 1e-20
8987.6037 3.06666e-16 1e-20
8990.5991 3.16168e-16 1e-20
8993.5946 2.87963e-16 1e-20
8996.59 3.14543e-16 1e-20
8999.5855 3.15221e-16 1e-20
9002.5809 3.05149e-16 1e-20
9005.5764 3.40725e-16 1e-20
9008.5718 3.08804e-16 1e-20
9011.5673 2.97683e-16 1e-20
9014.5627 3.21823e-16 1e-20
9017.5582 3.08905e-16 1e-20
9020.5536 3.17077e-16 1e-20
9023.5491 3.33748e-16 1e-20
9026.5445 3.60375e-16 1e-20
9029.54 3.44003e-16 1e-20
9032.5354 3.7902e-16 1e-20
9035.5309 3.34837e-16 1e-20
9038.5263 3.45424e-16 1e-20
9041.5218 3.25902e-16 1e-20
9044.5172 2.92541e-16 1e-20
9047.5127 3.22294e-16 1e-20
9050.5081 3.3932e-16 1e-20
9053.5036 3.56412e-16 1e-20
9056.499 3.3852e-16 1e-20
9059.4945 3.20479e-16 1e-20
9062.4899 3.36104e-16 1e-20
9065.4853 3.32864e-16 1e-20
9068.4808 3.01662e-16 1e-20
9071.4762 2.96498e-16 1e-20
9074.4717 3.08091e-16 1e-20
9077.4671 3.26395e-16 1e-20
9080.4626 3.22888e-16 1e-20
9083.458 3.11446e-16 1e-20
9086.4535 3.22807e-16 1e-20
9089.4489 3.28742e-16 1e-20
9092.4444 3.13749e-16 1e-20
9095.4398 3.26264e-16 1e-20
