3720.0 1.59662e-14 1e-20
3721.5 1.58722e-14 1e-20
3723.0 1.5011801e-14 1e-20
3724.5 1.46404e-14 1e-20
3726.0 1.36941e-14 1e-20
3727.5 1.3701701e-14 1e-20
3729.0 1.36216e-14 1e-20
3730.5 1.345e-14 1e-20
3732.0 1.26947e-14 1e-20
3733.5 1.33938e-14 1e-20
3735.0 1.26484e-14 1e-20
3736.5 1.1894901e-14 1e-20
3738.0 1.2434201e-14 1e-20
3739.5 1.2673199e-14 1e-20
3741.0 1.27323e-14 1e-20
3742.5 1.23326e-14 1e-20
3744.0 1.2055e-14 1e-20
3745.5 1.2016501e-14 1e-20
3747.0 1.04425e-14 1e-20
3748.5 1.05802e-14 1e-20
3750.0 1.1444e-14 1e-20
3751.5 1.05972e-14 1e-20
3753.0 1.01669e-14 1e-20
3754.5 9.9884395e-15 1e-20
3756.0 1.086e-14 1e-20
3757.5 1.05448e-14 1e-20
3759.0 1.12149e-14 1e-20
3760.5 1.17785e-14 1e-20
3762.0 1.12328e-14 1e-20
3763.5 1.11071e-14 1e-20
3765.0 1.10459e-14 1e-20
3766.5 1.1647e-14 1e-20
3768.0 1.1732099e-14 1e-20
3769.5 1.13167e-14 1e-20
3771.0 1.22662e-14 1e-20
3772.5 1.16962e-14 1e-20
3774.0 1.14592e-14 1e-20
3775.5 1.17196e-14 1e-20
3777.0 1.1980099e-14 1e-20
3778.5 1.1980099e-14 1e-20
3780.0 1.28667e-14 1e-20
3781.5 1.18251e-14 1e-20
3783.0 1.21471e-14 1e-20
3784.5 1.24061e-14 1e-20
3786.0 1.22425e-14 1e-20
3787.5 1.25426e-14 1e-20
3789.0 1.17452e-14 1e-20
3790.5 1.2726e-14 1e-20
3792.0 1.2691101e-14 1e-20
3793.5 1.28664e-14 1e-20
3795.0 1.21877e-14 1e-20
3796.5 1.32013e-14 1e-20
3798.0 1.32177e-14 1e-20
3799.5 1.26805e-14 1e-20
3801.0 1.29206e-14 1e-20
3802.5 1.26431e-14 1e-20
3804.0 1.2365599e-14 1e-20
3805.5 1.2365599e-14 1e-20
3807.0 1.18869e-14 1e-20
3808.5 1.2032e-14 1e-20
3810.0 1.12743e-14 1e-20
3811.5 1.09429e-14 1e-20
3813.0 1.19197e-14 1e-20
3814.5 1.19837e-14 1e-20
3816.0 1.1319299e-14 1e-20
3817.5 1.1105601e-14 1e-20
3819.0 1.06763e-14 1e-20
3820.5 1.04585e-14 1e-20
3822.0 1.0288e-14 1e-20
3823.5 1.09929e-14 1e-20
3825.0 1.09937e-14 1e-20
3826.5 1.0592399e-14 1e-20
3828.0 1.07649e-14 1e-20
3829.5 1.0989001e-14 1e-20
3831.0 1.1124799e-14 1e-20
3832.5 1.08303e-14 1e-20
3834.0 1.03933e-14 1e-20
3835.5 1.03294e-14 1e-20
3837.0 9.9386297e-15 1e-20
3838.5 1.0845899e-14 1e-20
3840.0 1.1099499e-14 1e-20
3841.5 1.0913001e-14 1e-20
3843.0 1.0602899e-14 1e-20
3844.5 1.08424e-14 1e-20
3846.0 1.09978e-14 1e-20
3847.5 1.08558e-14 1e-20
3849.0 1.14425e-14 1e-20
3850.5 1.14662e-14 1e-20
3852.0 1.16631e-14 1e-20
3853.5 1.13899e-14 1e-20
3855.0 1.1180001e-14 1e-20
3856.5 1.14893e-14 1e-20
3858.0 1.15054e-14 1e-20
3859.5 1.17661e-14 1e-20
3861.0 1.17524e-14 1e-20
3862.5 1.18464e-14 1e-20
3864.0 1.1982e-14 1e-20
3865.5 1.1482601e-14 1e-20
3867.0 1.19724e-14 1e-20
3868.5 1.18828e-14 1e-20
3870.0 1.2059499e-14 1e-20
3871.5 1.3124e-14 1e-20
3873.0 1.35403e-14 1e-20
3874.5 1.3932399e-14 1e-20
3876.0 1.3718e-14 1e-20
3877.5 1.40869e-14 1e-20
3879.0 1.35891e-14 1e-20
3880.5 1.43675e-14 1e-20
3882.0 1.5123101e-14 1e-20
3883.5 1.45162e-14 1e-20
3885.0 1.4838e-14 1e-20
3886.5 1.51412e-14 1e-20
3888.0 1.52698e-14 1e-20
3889.5 1.5716e-14 1e-20
3891.0 1.62474e-14 1e-20
3892.5 1.6406401e-14 1e-20
3894.0 1.5853301e-14 1e-20
3895.5 1.65435e-14 1e-20
3897.0 1.7305401e-14 1e-20
3898.5 1.6671401e-14 1e-20
3900.0 1.66934e-14 1e-20
3901.5 1.70945e-14 1e-20
3903.0 1.69258e-14 1e-20
3904.5 1.78968e-14 1e-20
3906.0 1.79042e-14 1e-20
3907.5 1.76937e-14 1e-20
3909.0 1.80865e-14 1e-20
3910.5 1.81154e-14 1e-20
3912.0 1.8242001e-14 1e-20
3913.5 1.82812e-14 1e-20
3915.0 1.8588401e-14 1e-20
3916.5 1.99595e-14 1e-20
3918.0 1.98403e-14 1e-20
3919.5 1.86767e-14 1e-20
3921.0 1.8688801e-14 1e-20
3922.5 1.89989e-14 1e-20
3924.0 1.91848e-14 1e-20
3925.5 1.9463101e-14 1e-20
3927.0 1.9889201e-14 1e-20
3928.5 2.0412901e-14 1e-20
3930.0 2.04886e-14 1e-20
3931.5 1.9389701e-14 1e-20
3933.0 1.9017099e-14 1e-20
3934.5 1.9486699e-14 1e-20
3936.0 1.91922e-14 1e-20
3937.5 1.9639901e-14 1e-20
3939.0 1.96336e-14 1e-20
3940.5 2.01001e-14 1e-20
3942.0 2.03368e-14 1e-20
3943.5 2.0477801e-14 1e-20
3945.0 2.1369301e-14 1e-20
3946.5 2.17573e-14 1e-20
3948.0 2.1319701e-14 1e-20
3949.5 2.12442e-14 1e-20
3951.0 2.0435302e-14 1e-20
3952.5 2.07696e-14 1e-20
3954.0 2.1450701e-14 1e-20
3955.5 2.17167e-14 1e-20
3957.0 2.1569599e-14 1e-20
3958.5 2.05001e-14 1e-20
3960.0 2.0376401e-14 1e-20
3961.5 1.9909701e-14 1e-20
3963.0 1.91447e-14 1e-20
3964.5 1.9967399e-14 1e-20
3966.0 2.0624398e-14 1e-20
3967.5 2.1330099e-14 1e-20
3969.0 2.21469e-14 1e-20
3970.5 2.22983e-14 1e-20
3972.0 2.2901899e-14 1e-20
3973.5 2.28922e-14 1e-20
3975.0 2.2597501e-14 1e-20
3976.5 2.2840901e-14 1e-20
3978.0 2.2922899e-14 1e-20
3979.5 2.2688401e-14 1e-20
3981.0 2.2288999e-14 1e-20
3982.5 2.2413901e-14 1e-20
3984.0 2.3178e-14 1e-20
3985.5 2.2549401e-14 1e-20
3987.0 2.13828e-14 1e-20
3988.5 2.3040899e-14 1e-20
3990.0 2.2533301e-14 1e-20
3991.5 2.2438601e-14 1e-20
3993.0 2.12593e-14 1e-20
3994.5 2.1221201e-14 1e-20
3996.0 2.0629901e-14 1e-20
3997.5 2.0764901e-14 1e-20
3999.0 2.0592501e-14 1e-20
4000.5 2.0379299e-14 1e-20
4002.0 2.03571e-14 1e-20
4003.5 2.0778901e-14 1e-20
4005.0 2.02421e-14 1e-20
4006.5 2.04484e-14 1e-20
4008.0 2.0343001e-14 1e-20
4009.5 2.0674499e-14 1e-20
4011.0 2.0653299e-14 1e-20
4012.5 2.02494e-14 1e-20
4014.0 1.96617e-14 1e-20
4015.5 1.9615801e-14 1e-20
4017.0 1.9517799e-14 1e-20
4018.5 1.84146e-14 1e-20
4020.0 1.84604e-14 1e-20
4021.5 1.88899e-14 1e-20
4023.0 1.84618e-14 1e-20
4024.5 1.8813102e-14 1e-20
4026.0 1.86664e-14 1e-20
4027.5 1.73592e-14 1e-20
4029.0 1.75154e-14 1e-20
4030.5 1.82051e-14 1e-20
4032.0 1.83226e-14 1e-20
4033.5 1.84946e-14 1e-20
4035.0 1.8325e-14 1e-20
4036.5 1.77208e-14 1e-20
4038.0 1.8077199e-14 1e-20
4039.5 1.87479e-14 1e-20
4041.0 1.8608101e-14 1e-20
4042.5 1.8179301e-14 1e-20
4044.0 1.8138301e-14 1e-20
4045.5 1.87274e-14 1e-20
4047.0 1.8351101e-14 1e-20
4048.5 1.8181101e-14 1e-20
4050.0 1.8249701e-14 1e-20
4051.5 1.8839e-14 1e-20
4053.0 1.9139401e-14 1e-20
4054.5 1.8982799e-14 1e-20
4056.0 1.8662701e-14 1e-20
4057.5 1.85693e-14 1e-20
4059.0 1.8218999e-14 1e-20
4060.5 1.8942499e-14 1e-20
4062.0 1.9256799e-14 1e-20
4063.5 1.8655099e-14 1e-20
4065.0 1.8726299e-14 1e-20
4066.5 1.8408899e-14 1e-20
4068.0 1.94623e-14 1e-20
4069.5 1.95164e-14 1e-20
4071.0 1.95494e-14 1e-20
4072.5 1.9957899e-14 1e-20
4074.0 1.9186899e-14 1e-20
4075.5 2.02248e-14 1e-20
4077.0 1.9828601e-14 1e-20
4078.5 1.86065e-14 1e-20
4080.0 1.8978e-14 1e-20
4081.5 1.9933599e-14 1e-20
4083.0 1.9629401e-14 1e-20
4084.5 1.8956199e-14 1e-20
4086.0 1.9868401e-14 1e-20
4087.5 2.04421e-14 1e-20
4089.0 2.09328e-14 1e-20
4090.5 2.04792e-14 1e-20
4092.0 2.0348e-14 1e-20
4093.5 2.0761299e-14 1e-20
4095.0 2.11425e-14 1e-20
4096.5 2.1221701e-14 1e-20
4098.0 2.0838301e-14 1e-20
4099.5 2.0376401e-14 1e-20
4101.0 2.07595e-14 1e-20
4102.5 2.09601e-14 1e-20
4104.0 2.05665e-14 1e-20
4105.5 2.03991e-14 1e-20
4107.0 2.07032e-14 1e-20
4108.5 2.1201799e-14 1e-20
4110.0 2.0913999e-14 1e-20
4111.5 2.0376901e-14 1e-20
4113.0 2.07873e-14 1e-20
4114.5 2.11521e-14 1e-20
4116.0 2.0569001e-14 1e-20
4117.5 2.008e-14 1e-20
4119.0 2.0419001e-14 1e-20
4120.5 2.06212e-14 1e-20
4122.0 2.0595e-14 1e-20
4123.5 2.0484699e-14 1e-20
4125.0 2.1022101e-14 1e-20
4126.5 2.0756e-14 1e-20
4128.0 2.05166e-14 1e-20
4129.5 2.0149999e-14 1e-20
4131.0 2.07763e-14 1e-20
4132.5 2.06933e-14 1e-20
4134.0 2.0290701e-14 1e-20
4135.5 2.0513e-14 1e-20
4137.0 2.03011e-14 1e-20
4138.5 2.0595801e-14 1e-20
4140.0 2.0469102e-14 1e-20
4141.5 1.9933701e-14 1e-20
4143.0 1.92246e-14 1e-20
4144.5 1.9950899e-14 1e-20
4146.0 1.9458e-14 1e-20
4147.5 1.9311801e-14 1e-20
4149.0 1.9483e-14 1e-20
4150.5 1.9418801e-14 1e-20
4152.0 1.9259999e-14 1e-20
4153.5 1.8599199e-14 1e-20
4155.0 1.85352e-14 1e-20
4156.5 1.8292801e-14 1e-20
4158.0 1.81065e-14 1e-20
4159.5 1.86849e-14 1e-20
4161.0 1.79704e-14 1e-20
4162.5 1.80478e-14 1e-20
4164.0 1.80515e-14 1e-20
4165.5 1.8033001e-14 1e-20
4167.0 1.82318e-14 1e-20
4168.5 1.80422e-14 1e-20
4170.0 1.83557e-14 1e-20
4171.5 1.82381e-14 1e-20
4173.0 1.7979601e-14 1e-20
4174.5 1.79145e-14 1e-20
4176.0 1.7887699e-14 1e-20
4177.5 1.7699699e-14 1e-20
4179.0 1.7954202e-14 1e-20
4180.5 1.78831e-14 1e-20
4182.0 1.7701401e-14 1e-20
4183.5 1.76304e-14 1e-20
4185.0 1.7285601e-14 1e-20
4186.5 1.72409e-14 1e-20
4188.0 1.7242099e-14 1e-20
4189.5 1.7330601e-14 1e-20
4191.0 1.7243001e-14 1e-20
4192.5 1.79025e-14 1e-20
4194.0 1.81395e-14 1e-20
4195.5 1.75016e-14 1e-20
4197.0 1.65108e-14 1e-20
4198.5 1.7289199e-14 1e-20
4200.0 1.68279e-14 1e-20
4201.5 1.7068198e-14 1e-20
4203.0 1.74446e-14 1e-20
4204.5 1.7611299e-14 1e-20
4206.0 1.7040101e-14 1e-20
4207.5 1.79274e-14 1e-20
4209.0 1.7807301e-14 1e-20
4210.5 1.6782499e-14 1e-20
4212.0 1.7451e-14 1e-20
4213.5 1.7226201e-14 1e-20
4215.0 1.6833901e-14 1e-20
4216.5 1.68592e-14 1e-20
4218.0 1.62567e-14 1e-20
4219.5 1.66936e-14 1e-20
4221.0 1.67549e-14 1e-20
4222.5 1.6275299e-14 1e-20
4224.0 1.6219802e-14 1e-20
4225.5 1.61818e-14 1e-20
4227.0 1.62199e-14 1e-20
4228.5 1.58073e-14 1e-20
4230.0 1.6096501e-14 1e-20
4231.5 1.5984901e-14 1e-20
4233.0 1.53402e-14 1e-20
4234.5 1.5646199e-14 1e-20
4236.0 1.55225e-14 1e-20
4237.5 1.52082e-14 1e-20
4239.0 1.48783e-14 1e-20
4240.5 1.4567899e-14 1e-20
4242.0 1.44753e-14 1e-20
4243.5 1.4357e-14 1e-20
4245.0 1.41351e-14 1e-20
4246.5 1.38389e-14 1e-20
4248.0 1.40215e-14 1e-20
4249.5 1.4329101e-14 1e-20
4251.0 1.41033e-14 1e-20
4252.5 1.39123e-14 1e-20
4254.0 1.39459e-14 1e-20
4255.5 1.4298501e-14 1e-20
4257.0 1.39867e-14 1e-20
4258.5 1.34309e-14 1e-20
4260.0 1.35234e-14 1e-20
4261.5 1.35333e-14 1e-20
4263.0 1.33902e-14 1e-20
4264.5 1.33254e-14 1e-20
4266.0 1.3286101e-14 1e-20
4267.5 1.3242699e-14 1e-20
4269.0 1.3435e-14 1e-20
4270.5 1.3395099e-14 1e-20
4272.0 1.2804301e-14 1e-20
4273.5 1.30039e-14 1e-20
4275.0 1.34643e-14 1e-20
4276.5 1.32002e-14 1e-20
4278.0 1.2914e-14 1e-20
4279.5 1.2620599e-14 1e-20
4281.0 1.3055199e-14 1e-20
4282.5 1.30317e-14 1e-20
4284.0 1.24142e-14 1e-20
4285.5 1.25495e-14 1e-20
4287.0 1.2729299e-14 1e-20
4288.5 1.26354e-14 1e-20
4290.0 1.27181e-14 1e-20
4291.5 1.3022999e-14 1e-20
4293.0 1.28369e-14 1e-20
4294.5 1.26832e-14 1e-20
4296.0 1.2522101e-14 1e-20
4297.5 1.26882e-14 1e-20
4299.0 1.26472e-14 1e-20
4300.5 1.24471e-14 1e-20
4302.0 1.17452e-14 1e-20
4303.5 1.1854999e-14 1e-20
4305.0 1.2141501e-14 1e-20
4306.5 1.1882901e-14 1e-20
4308.0 1.18158e-14 1e-20
4309.5 1.16781e-14 1e-20
4311.0 1.16285e-14 1e-20
4312.5 1.18718e-14 1e-20
4314.0 1.1118399e-14 1e-20
4315.5 1.09812e-14 1e-20
4317.0 1.10259e-14 1e-20
4318.5 1.12895e-14 1e-20
4320.0 1.1562899e-14 1e-20
4321.5 1.1742501e-14 1e-20
4323.0 1.14183e-14 1e-20
4324.5 1.11364e-14 1e-20
4326.0 1.1086099e-14 1e-20
4327.5 1.11354e-14 1e-20
4329.0 1.09402e-14 1e-20
4330.5 1.09754e-14 1e-20
4332.0 1.15444e-14 1e-20
4333.5 1.13469e-14 1e-20
4335.0 1.10526e-14 1e-20
4336.5 1.14878e-14 1e-20
4338.0 1.1411101e-14 1e-20
4339.5 1.16565e-14 1e-20
4341.0 1.1713199e-14 1e-20
4342.5 1.1295499e-14 1e-20
4344.0 1.11302e-14 1e-20
4345.5 1.1272701e-14 1e-20
4347.0 1.08298e-14 1e-20
4348.5 1.0981399e-14 1e-20
4350.0 1.15343e-14 1e-20
4351.5 1.13965e-14 1e-20
4353.0 1.0984901e-14 1e-20
4354.5 1.07022e-14 1e-20
4356.0 1.10893e-14 1e-20
4357.5 1.12379e-14 1e-20
4359.0 1.16363e-14 1e-20
4360.5 1.13855e-14 1e-20
4362.0 1.10503e-14 1e-20
4363.5 1.1305001e-14 1e-20
4365.0 1.13773e-14 1e-20
4366.5 1.15886e-14 1e-20
4368.0 1.11902e-14 1e-20
4369.5 1.1137801e-14 1e-20
4371.0 1.1866201e-14 1e-20
4372.5 1.18488e-14 1e-20
4374.0 1.1846699e-14 1e-20
4375.5 1.2136e-14 1e-20
4377.0 1.17895e-14 1e-20
4378.5 1.19274e-14 1e-20
4380.0 1.2435701e-14 1e-20
4381.5 1.25478e-14 1e-20
4383.0 1.25238e-14 1e-20
4384.5 1.22945e-14 1e-20
4386.0 1.21713e-14 1e-20
4387.5 1.20896e-14 1e-20
4389.0 1.236e-14 1e-20
4390.5 1.23987e-14 1e-20
4392.0 1.27021e-14 1e-20
4393.5 1.2802e-14 1e-20
4395.0 1.27352e-14 1e-20
4396.5 1.29638e-14 1e-20
4398.0 1.3294501e-14 1e-20
4399.5 1.3551601e-14 1e-20
4401.0 1.3478501e-14 1e-20
4402.5 1.3482799e-14 1e-20
4404.0 1.34051e-14 1e-20
4405.5 1.32366e-14 1e-20
4407.0 1.31336e-14 1e-20
4408.5 1.31652e-14 1e-20
4410.0 1.3747401e-14 1e-20
4411.5 1.37872e-14 1e-20
4413.0 1.36208e-14 1e-20
4414.5 1.34443e-14 1e-20
4416.0 1.33359e-14 1e-20
4417.5 1.3231e-14 1e-20
4419.0 1.34252e-14 1e-20
4420.5 1.33888e-14 1e-20
4422.0 1.3470101e-14 1e-20
4423.5 1.31928e-14 1e-20
4425.0 1.2794301e-14 1e-20
4426.5 1.2871199e-14 1e-20
4428.0 1.2371e-14 1e-20
4429.5 1.2212901e-14 1e-20
4431.0 1.21483e-14 1e-20
4432.5 1.19924e-14 1e-20
4434.0 1.20783e-14 1e-20
4435.5 1.22942e-14 1e-20
4437.0 1.2201001e-14 1e-20
4438.5 1.19172e-14 1e-20
4440.0 1.13489e-14 1e-20
4441.5 1.1418999e-14 1e-20
4443.0 1.1829799e-14 1e-20
4444.5 1.17735e-14 1e-20
4446.0 1.11314e-14 1e-20
4447.5 1.10451e-14 1e-20
4449.0 1.13488e-14 1e-20
4450.5 1.12595e-14 1e-20
4452.0 1.1199099e-14 1e-20
4453.5 1.07963e-14 1e-20
4455.0 1.07881e-14 1e-20
4456.5 1.0746199e-14 1e-20
4458.0 1.0691e-14 1e-20
4459.5 1.1014201e-14 1e-20
4461.0 1.1019301e-14 1e-20
4462.5 1.05954e-14 1e-20
4464.0 1.06746e-14 1e-20
4465.5 1.084e-14 1e-20
4467.0 1.08554e-14 1e-20
4468.5 1.08349e-14 1e-20
4470.0 1.07733e-14 1e-20
4471.5 1.10498e-14 1e-20
4473.0 1.08869e-14 1e-20
4474.5 1.0693699e-14 1e-20
4476.0 1.1276201e-14 1e-20
4477.5 1.16044e-14 1e-20
4479.0 1.15051e-14 1e-20
4480.5 1.13027e-14 1e-20
4482.0 1.1535599e-14 1e-20
4483.5 1.19111e-14 1e-20
4485.0 1.18454e-14 1e-20
4486.5 1.19707e-14 1e-20
4488.0 1.2403901e-14 1e-20
4489.5 1.212e-14 1e-20
4491.0 1.21852e-14 1e-20
4492.5 1.3052e-14 1e-20
4494.0 1.2537301e-14 1e-20
4495.5 1.26009e-14 1e-20
4497.0 1.27161e-14 1e-20
4498.5 1.2503601e-14 1e-20
4500.0 1.25897e-14 1e-20
4501.5 1.3109901e-14 1e-20
4503.0 1.33013e-14 1e-20
4504.5 1.32281e-14 1e-20
4506.0 1.3505801e-14 1e-20
4507.5 1.33484e-14 1e-20
4509.0 1.36356e-14 1e-20
4510.5 1.3465999e-14 1e-20
4512.0 1.29449e-14 1e-20
4513.5 1.30125e-14 1e-20
4515.0 1.37212e-14 1e-20
4516.5 1.3248e-14 1e-20
4518.0 1.37535e-14 1e-20
4519.5 1.36242e-14 1e-20
4521.0 1.38635e-14 1e-20
4522.5 1.343e-14 1e-20
4524.0 1.3727999e-14 1e-20
4525.5 1.37417e-14 1e-20
4527.0 1.37124e-14 1e-20
4528.5 1.33912e-14 1e-20
4530.0 1.3099901e-14 1e-20
4531.5 1.32821e-14 1e-20
4533.0 1.37106e-14 1e-20
4534.5 1.37168e-14 1e-20
4536.0 1.3445e-14 1e-20
4537.5 1.32051e-14 1e-20
4539.0 1.3292e-14 1e-20
4540.5 1.34425e-14 1e-20
4542.0 1.3485e-14 1e-20
4543.5 1.34176e-14 1e-20
4545.0 1.3184e-14 1e-20
4546.5 1.3447e-14 1e-20
4548.0 1.3590101e-14 1e-20
4549.5 1.3445599e-14 1e-20
4551.0 1.34151e-14 1e-20
4552.5 1.37106e-14 1e-20
4554.0 1.3735601e-14 1e-20
4555.5 1.3340999e-14 1e-20
4557.0 1.31392e-14 1e-20
4558.5 1.32119e-14 1e-20
4560.0 1.3538399e-14 1e-20
4561.5 1.41129e-14 1e-20
4563.0 1.37283e-14 1e-20
4564.5 1.35597e-14 1e-20
4566.0 1.38358e-14 1e-20
4567.5 1.34071e-14 1e-20
4569.0 1.35701e-14 1e-20
4570.5 1.3802901e-14 1e-20
4572.0 1.3535e-14 1e-20
4573.5 1.3508701e-14 1e-20
4575.0 1.36227e-14 1e-20
4576.5 1.39066e-14 1e-20
4578.0 1.35061e-14 1e-20
4579.5 1.34373e-14 1e-20
4581.0 1.3614101e-14 1e-20
4582.5 1.34795e-14 1e-20
4584.0 1.31377e-14 1e-20
4585.5 1.35364e-14 1e-20
4587.0 1.38673e-14 1e-20
4588.5 1.37109e-14 1e-20
4590.0 1.33382e-14 1e-20
4591.5 1.3577599e-14 1e-20
4593.0 1.3849399e-14 1e-20
4594.5 1.40556e-14 1e-20
4596.0 1.38448e-14 1e-20
4597.5 1.3255201e-14 1e-20
4599.0 1.32394e-14 1e-20
4600.5 1.34155e-14 1e-20
4602.0 1.33421e-14 1e-20
4603.5 1.34647e-14 1e-20
4605.0 1.35669e-14 1e-20
4606.5 1.36184e-14 1e-20
4608.0 1.32682e-14 1e-20
4609.5 1.32018e-14 1e-20
4611.0 1.31499e-14 1e-20
4612.5 1.32993e-14 1e-20
4614.0 1.36193e-14 1e-20
4615.5 1.34629e-14 1e-20
4617.0 1.33497e-14 1e-20
4618.5 1.34161e-14 1e-20
4620.0 1.32634e-14 1e-20
4621.5 1.30044e-14 1e-20
4623.0 1.29e-14 1e-20
4624.5 1.33727e-14 1e-20
4626.0 1.40449e-14 1e-20
4627.5 1.38517e-14 1e-20
4629.0 1.40087e-14 1e-20
4630.5 1.3972101e-14 1e-20
4632.0 1.36509e-14 1e-20
4633.5 1.3586099e-14 1e-20
4635.0 1.36709e-14 1e-20
4636.5 1.37494e-14 1e-20
4638.0 1.38576e-14 1e-20
4639.5 1.33314e-14 1e-20
4641.0 1.33779e-14 1e-20
4642.5 1.35344e-14 1e-20
4644.0 1.34415e-14 1e-20
4645.5 1.33176e-14 1e-20
4647.0 1.33049e-14 1e-20
4648.5 1.3554901e-14 1e-20
4650.0 1.37597e-14 1e-20
4651.5 1.36555e-14 1e-20
4653.0 1.3828201e-14 1e-20
4654.5 1.3448201e-14 1e-20
4656.0 1.30112e-14 1e-20
4657.5 1.34261e-14 1e-20
4659.0 1.31831e-14 1e-20
4660.5 1.27861e-14 1e-20
4662.0 1.29629e-14 1e-20
4663.5 1.31572e-14 1e-20
4665.0 1.35545e-14 1e-20
4666.5 1.36529e-14 1e-20
4668.0 1.32831e-14 1e-20
4669.5 1.30956e-14 1e-20
4671.0 1.28679e-14 1e-20
4672.5 1.2362701e-14 1e-20
4674.0 1.20904e-14 1e-20
4675.5 1.23852e-14 1e-20
4677.0 1.2550701e-14 1e-20
4678.5 1.235e-14 1e-20
4680.0 1.21742e-14 1e-20
4681.5 1.20989e-14 1e-20
4683.0 1.2127499e-14 1e-20
4684.5 1.18505e-14 1e-20
4686.0 1.14435e-14 1e-20
4687.5 1.1555001e-14 1e-20
4689.0 1.16046e-14 1e-20
4690.5 1.15463e-14 1e-20
4692.0 1.14293e-14 1e-20
4693.5 1.11932e-14 1e-20
4695.0 1.09705e-14 1e-20
4696.5 1.07506e-14 1e-20
4698.0 1.07247e-14 1e-20
4699.5 1.10507e-14 1e-20
4701.0 1.08984e-14 1e-20
4702.5 1.08722e-14 1e-20
4704.0 1.14004e-14 1e-20
4705.5 1.1202699e-14 1e-20
4707.0 1.09056e-14 1e-20
4708.5 1.07248e-14 1e-20
4710.0 1.07867e-14 1e-20
4711.5 1.11886e-14 1e-20
4713.0 1.08307e-14 1e-20
4714.5 1.0609299e-14 1e-20
4716.0 1.09296e-14 1e-20
4717.5 1.09476e-14 1e-20
4719.0 1.08597e-14 1e-20
4720.5 1.06257e-14 1e-20
4722.0 1.0856399e-14 1e-20
4723.5 1.1090999e-14 1e-20
4725.0 1.09367e-14 1e-20
4726.5 1.11005e-14 1e-20
4728.0 1.07906e-14 1e-20
4729.5 1.0486901e-14 1e-20
4731.0 1.10892e-14 1e-20
4732.5 1.11941e-14 1e-20
4734.0 1.10778e-14 1e-20
4735.5 1.11806e-14 1e-20
4737.0 1.12605e-14 1e-20
4738.5 1.14795e-14 1e-20
4740.0 1.14118e-14 1e-20
4741.5 1.14224e-14 1e-20
4743.0 1.1027e-14 1e-20
4744.5 1.12529e-14 1e-20
4746.0 1.1502401e-14 1e-20
4747.5 1.1500399e-14 1e-20
4749.0 1.14715e-14 1e-20
4750.5 1.13995e-14 1e-20
4752.0 1.1410499e-14 1e-20
4753.5 1.12756e-14 1e-20
4755.0 1.1254e-14 1e-20
4756.5 1.1332599e-14 1e-20
4758.0 1.1486e-14 1e-20
4759.5 1.1318e-14 1e-20
4761.0 1.11989e-14 1e-20
4762.5 1.12627e-14 1e-20
4764.0 1.13348e-14 1e-20
4765.5 1.12772e-14 1e-20
4767.0 1.10947e-14 1e-20
4768.5 1.0977999e-14 1e-20
4770.0 1.0755801e-14 1e-20
4771.5 1.02666e-14 1e-20
4773.0 1.04857e-14 1e-20
4774.5 1.0853e-14 1e-20
4776.0 1.05548e-14 1e-20
4777.5 1.06592e-14 1e-20
4779.0 1.13048e-14 1e-20
4780.5 1.11062e-14 1e-20
4782.0 1.03924e-14 1e-20
4783.5 1.05912e-14 1e-20
4785.0 1.06603e-14 1e-20
4786.5 1.06847e-14 1e-20
4788.0 1.05572e-14 1e-20
4789.5 1.10086e-14 1e-20
4791.0 1.0603401e-14 1e-20
4792.5 1.02747e-14 1e-20
4794.0 1.01707e-14 1e-20
4795.5 1.03347e-14 1e-20
4797.0 1.03095e-14 1e-20
4798.5 1.07351e-14 1e-20
4800.0 1.0311e-14 1e-20
4801.5 1.0094e-14 1e-20
4803.0 1.03218e-14 1e-20
4804.5 1.04713e-14 1e-20
4806.0 1.0504599e-14 1e-20
4807.5 1.03425e-14 1e-20
4809.0 1.03719e-14 1e-20
4810.5 1.0502699e-14 1e-20
4812.0 1.00814e-14 1e-20
4813.5 1.04535e-14 1e-20
4815.0 1.03904e-14 1e-20
4816.5 1.0090299e-14 1e-20
4818.0 1.01187e-14 1e-20
4819.5 1.00768e-14 1e-20
4821.0 1.0196201e-14 1e-20
4822.5 1.04369e-14 1e-20
4824.0 1.0274001e-14 1e-20
4825.5 1.09058e-14 1e-20
4827.0 1.09548e-14 1e-20
4828.5 1.07606e-14 1e-20
4830.0 1.08547e-14 1e-20
4831.5 1.07886e-14 1e-20
4833.0 1.06909e-14 1e-20
4834.5 1.07804e-14 1e-20
4836.0 1.0644301e-14 1e-20
4837.5 1.05183e-14 1e-20
4839.0 1.09256e-14 1e-20
4840.5 1.07438e-14 1e-20
4842.0 1.03007e-14 1e-20
4843.5 1.07098e-14 1e-20
4845.0 1.07521e-14 1e-20
4846.5 1.0578201e-14 1e-20
4848.0 1.02753e-14 1e-20
4849.5 1.00468e-14 1e-20
4851.0 1.00218e-14 1e-20
4852.5 1.05045e-14 1e-20
4854.0 1.05306e-14 1e-20
4855.5 1.04534e-14 1e-20
4857.0 1.04729e-14 1e-20
4858.5 1.04282e-14 1e-20
4860.0 1.00773e-14 1e-20
4861.5 9.99316e-15 1e-20
4863.0 1.02135e-14 1e-20
4864.5 1.02681e-14 1e-20
4866.0 1.02931e-14 1e-20
4867.5 9.7243202e-15 1e-20
4869.0 9.5319201e-15 1e-20
4870.5 9.6722006e-15 1e-20
4872.0 9.7259101e-15 1e-20
4873.5 9.5042602e-15 1e-20
4875.0 9.5345899e-15 1e-20
4876.5 9.5892998e-15 1e-20
4878.0 9.1998298e-15 1e-20
4879.5 8.9980302e-15 1e-20
4881.0 8.9940398e-15 1e-20
4882.5 9.0464093e-15 1e-20
4884.0 9.0618092e-15 1e-20
4885.5 8.6543101e-15 1e-20
4887.0 8.9069504e-15 1e-20
4888.5 8.7154201e-15 1e-20
4890.0 8.67718e-15 1e-20
4891.5 8.7650097e-15 1e-20
4893.0 8.5383903e-15 1e-20
4894.5 8.3946699e-15 1e-20
4896.0 8.2609599e-15 1e-20
4897.5 8.3806897e-15 1e-20
4899.0 8.38818e-15 1e-20
4900.5 8.1255701e-15 1e-20
4902.0 8.0264198e-15 1e-20
4903.5 8.1489694e-15 1e-20
4905.0 8.3263703e-15 1e-20
4906.5 8.1461598e-15 1e-20
4908.0 8.2852604e-15 1e-20
4909.5 8.3347398e-15 1e-20
4911.0 8.2598697e-15 1e-20
4912.5 8.1850098e-15 1e-20
4914.0 8.1101507e-15 1e-20
4915.5 8.0352806e-15 1e-20
4917.0 8.0352806e-15 1e-20
4918.5 8.3709302e-15 1e-20
4920.0 8.3682603e-15 1e-20
4921.5 8.2381298e-15 1e-20
4923.0 8.2673194e-15 1e-20
4924.5 8.3494596e-15 1e-20
4926.0 8.3299202e-15 1e-20
4927.5 8.24051e-15 1e-20
4929.0 8.2210595e-15 1e-20
4930.5 8.3250396e-15 1e-20
4932.0 8.2164203e-15 1e-20
4933.5 7.9621504e-15 1e-20
4935.0 8.2353202e-15 1e-20
4936.5 8.2123402e-15 1e-20
4938.0 8.4943801e-15 1e-20
4939.5 8.2263899e-15 1e-20
4941.0 7.9511499e-15 1e-20
4942.5 8.1733597e-15 1e-20
4944.0 7.83775e-15 1e-20
4945.5 8.2473896e-15 1e-20
4947.0 8.1870503e-15 1e-20
4948.5 8.1300696e-15 1e-20
4950.0 8.2065897e-15 1e-20
4951.5 8.3719102e-15 1e-20
4953.0 8.29657e-15 1e-20
4954.5 8.2435999e-15 1e-20
4956.0 7.9465904e-15 1e-20
4957.5 7.8769998e-15 1e-20
4959.0 8.0625399e-15 1e-20
4960.5 8.3886899e-15 1e-20
4962.0 8.2219404e-15 1e-20
4963.5 8.1908798e-15 1e-20
4965.0 8.3859497e-15 1e-20
4966.5 8.30904e-15 1e-20
4968.0 8.63725e-15 1e-20
4969.5 8.6949499e-15 1e-20
4971.0 8.4765399e-15 1e-20
4972.5 8.2764097e-15 1e-20
4974.0 8.4174102e-15 1e-20
4975.5 8.84443e-15 1e-20
4977.0 8.9052597e-15 1e-20
4978.5 8.9880597e-15 1e-20
4980.0 9.0409205e-15 1e-20
4981.5 8.7667199e-15 1e-20
4983.0 8.5423205e-15 1e-20
4984.5 8.6208693e-15 1e-20
4986.0 8.62519e-15 1e-20
4987.5 8.6507593e-15 1e-20
4989.0 8.7362402e-15 1e-20
4990.5 8.4987601e-15 1e-20
4992.0 8.5348903e-15 1e-20
4993.5 8.8330205e-15 1e-20
4995.0 8.9373902e-15 1e-20
4996.5 8.5868998e-15 1e-20
4998.0 8.27972e-15 1e-20
4999.5 8.3493096e-15 1e-20
5001.0 8.7222303e-15 1e-20
5002.5 8.5541002e-15 1e-20
5004.0 8.4025694e-15 1e-20
5005.5 8.3862801e-15 1e-20
5007.0 8.3372301e-15 1e-20
5008.5 8.3989898e-15 1e-20
5010.0 8.5779797e-15 1e-20
5011.5 8.6142997e-15 1e-20
5013.0 8.4459104e-15 1e-20
5014.5 8.5382098e-15 1e-20
5016.0 8.55486e-15 1e-20
5017.5 8.5031901e-15 1e-20
5019.0 8.2591404e-15 1e-20
5020.5 8.3000902e-15 1e-20
5022.0 8.6729296e-15 1e-20
5023.5 8.3826802e-15 1e-20
5025.0 8.31409e-15 1e-20
5026.5 8.2784994e-15 1e-20
5028.0 8.5721301e-15 1e-20
5029.5 8.7180993e-15 1e-20
5031.0 8.43883e-15 1e-20
5032.5 8.1948998e-15 1e-20
5034.0 8.3026601e-15 1e-20
5035.5 8.3869103e-15 1e-20
5037.0 8.4476408e-15 1e-20
5038.5 8.5480405e-15 1e-20
5040.0 8.5772496e-15 1e-20
5041.5 8.4931604e-15 1e-20
5043.0 8.4163396e-15 1e-20
5044.5 8.47335e-15 1e-20
5046.0 8.3754796e-15 1e-20
5047.5 8.7309598e-15 1e-20
5049.0 9.1472706e-15 1e-20
5050.5 8.9711504e-15 1e-20
5052.0 8.9109806e-15 1e-20
5053.5 8.9868205e-15 1e-20
5055.0 9.0237596e-15 1e-20
5056.5 9.0205299e-15 1e-20
5058.0 8.91728e-15 1e-20
5059.5 8.8587398e-15 1e-20
5061.0 8.8193901e-15 1e-20
5062.5 8.7601299e-15 1e-20
5064.0 8.8843499e-15 1e-20
5065.5 9.0079201e-15 1e-20
5067.0 8.9818298e-15 1e-20
5068.5 8.9609699e-15 1e-20
5070.0 8.9888805e-15 1e-20
5071.5 8.8109595e-15 1e-20
5073.0 9.2808799e-15 1e-20
5074.5 9.2490797e-15 1e-20
5076.0 9.2172702e-15 1e-20
5077.5 9.1854701e-15 1e-20
5079.0 9.1536598e-15 1e-20
5080.5 9.1218596e-15 1e-20
5082.0 9.0900501e-15 1e-20
5083.5 9.0900501e-15 1e-20
5085.0 9.1786608e-15 1e-20
5086.5 9.0445297e-15 1e-20
5088.0 9.2335595e-15 1e-20
5089.5 9.6195499e-15 1e-20
5091.0 9.4697902e-15 1e-20
5092.5 9.4250694e-15 1e-20
5094.0 9.4169506e-15 1e-20
5095.5 9.3898295e-15 1e-20
5097.0 9.6178304e-15 1e-20
5098.5 9.2821394e-15 1e-20
5100.0 9.1185401e-15 1e-20
5101.5 9.1849703e-15 1e-20
5103.0 9.6714002e-15 1e-20
5104.5 9.9466495e-15 1e-20
5106.0 9.9704003e-15 1e-20
5107.5 9.5009001e-15 1e-20
5109.0 9.5656405e-15 1e-20
5110.5 9.6421902e-15 1e-20
5112.0 9.55237e-15 1e-20
5113.5 9.6344805e-15 1e-20
5115.0 1.00644e-14 1e-20
5116.5 9.9671205e-15 1e-20
5118.0 9.9551299e-15 1e-20
5119.5 9.9802301e-15 1e-20
5121.0 9.83848e-15 1e-20
5122.5 9.8741299e-15 1e-20
5124.0 9.9053295e-15 1e-20
5125.5 1.00452e-14 1e-20
5127.0 9.8702403e-15 1e-20
5128.5 9.7962596e-15 1e-20
5130.0 1.0055701e-14 1e-20
5131.5 1.00899e-14 1e-20
5133.0 1.0001701e-14 1e-20
5134.5 9.8439603e-15 1e-20
5136.0 1.00774e-14 1e-20
5137.5 1.02283e-14 1e-20
5139.0 1.02255e-14 1e-20
5140.5 1.0284001e-14 1e-20
5142.0 1.03431e-14 1e-20
5143.5 1.04765e-14 1e-20
5145.0 1.05871e-14 1e-20
5146.5 1.03779e-14 1e-20
5148.0 1.01587e-14 1e-20
5149.5 1.04263e-14 1e-20
5151.0 1.03167e-14 1e-20
5152.5 1.00178e-14 1e-20
5154.0 1.04867e-14 1e-20
5155.5 1.03393e-14 1e-20
5157.0 1.02915e-14 1e-20
5158.5 9.9868801e-15 1e-20
5160.0 1.01093e-14 1e-20
5161.5 1.0350899e-14 1e-20
5163.0 1.02291e-14 1e-20
5164.5 1.01814e-14 1e-20
5166.0 1.01637e-14 1e-20
5167.5 1.00054e-14 1e-20
5169.0 1.02057e-14 1e-20
5170.5 1.0010999e-14 1e-20
5172.0 1.0068499e-14 1e-20
5173.5 1.02171e-14 1e-20
5175.0 1.0159799e-14 1e-20
5176.5 9.9046298e-15 1e-20
5178.0 9.7805497e-15 1e-20
5179.5 1.01173e-14 1e-20
5181.0 9.7466294e-15 1e-20
5182.5 9.53444e-15 1e-20
5184.0 9.9985709e-15 1e-20
5185.5 9.7824496e-15 1e-20
5187.0 9.5664502e-15 1e-20
5188.5 9.6468201e-15 1e-20
5190.0 9.6147099e-15 1e-20
5191.5 9.7336901e-15 1e-20
5193.0 9.7355299e-15 1e-20
5194.5 9.5863801e-15 1e-20
5196.0 9.5803407e-15 1e-20
5197.5 9.5311603e-15 1e-20
5199.0 9.7633998e-15 1e-20
5200.5 9.9523602e-15 1e-20
5202.0 9.7654801e-15 1e-20
5203.5 9.8594398e-15 1e-20
5205.0 1.00386e-14 1e-20
5206.5 9.78845e-15 1e-20
5208.0 9.4737103e-15 1e-20
5209.5 9.6904601e-15 1e-20
5211.0 9.7239196e-15 1e-20
5212.5 9.7503902e-15 1e-20
5214.0 9.7057101e-15 1e-20
5215.5 9.7360694e-15 1e-20
5217.0 1.00306e-14 1e-20
5218.5 1.00505e-14 1e-20
5220.0 1.01687e-14 1e-20
5221.5 9.7563398e-15 1e-20
5223.0 9.3045502e-15 1e-20
5224.5 9.7046699e-15 1e-20
5226.0 1.0196999e-14 1e-20
5227.5 1.02183e-14 1e-20
5229.0 1.00105e-14 1e-20
5230.5 9.6534998e-15 1e-20
5232.0 9.9602503e-15 1e-20
5233.5 1.00021e-14 1e-20
5235.0 9.7579602e-15 1e-20
5236.5 1.03114e-14 1e-20
5238.0 1.0252e-14 1e-20
5239.5 9.7942894e-15 1e-20
5241.0 9.8190702e-15 1e-20
5242.5 9.7884906e-15 1e-20
5244.0 9.9414902e-15 1e-20
5245.5 1.00069e-14 1e-20
5247.0 1.00921e-14 1e-20
5248.5 9.7288603e-15 1e-20
5250.0 9.77485e-15 1e-20
5251.5 1.001e-14 1e-20
5253.0 9.9053405e-15 1e-20
5254.5 9.6733306e-15 1e-20
5256.0 9.5786103e-15 1e-20
5257.5 9.75996e-15 1e-20
5259.0 9.6312796e-15 1e-20
5260.5 9.3999998e-15 1e-20
5262.0 9.3918505e-15 1e-20
5263.5 9.38708e-15 1e-20
5265.0 9.29877e-15 1e-20
5266.5 9.1903092e-15 1e-20
5268.0 8.9989593e-15 1e-20
5269.5 8.9496807e-15 1e-20
5271.0 9.0409095e-15 1e-20
5272.5 8.9284295e-15 1e-20
5274.0 8.7189303e-15 1e-20
5275.5 8.7420102e-15 1e-20
5277.0 8.7831701e-15 1e-20
5278.5 8.5716295e-15 1e-20
5280.0 8.33465e-15 1e-20
5281.5 8.17894e-15 1e-20
5283.0 7.9975301e-15 1e-20
5284.5 7.6777802e-15 1e-20
5286.0 7.7374503e-15 1e-20
5287.5 8.0457898e-15 1e-20
5289.0 8.1613903e-15 1e-20
5290.5 7.9686302e-15 1e-20
5292.0 7.7009305e-15 1e-20
5293.5 7.77422e-15 1e-20
5295.0 7.5250898e-15 1e-20
5296.5 7.3551403e-15 1e-20
5298.0 7.4051898e-15 1e-20
5299.5 7.27969e-15 1e-20
5301.0 7.2219503e-15 1e-20
5302.5 7.2281396e-15 1e-20
5304.0 7.2378101e-15 1e-20
5305.5 7.3652903e-15 1e-20
5307.0 7.2739505e-15 1e-20
5308.5 7.0384597e-15 1e-20
5310.0 7.00136e-15 1e-20
5311.5 7.1505996e-15 1e-20
5313.0 6.9922498e-15 1e-20
5314.5 7.0390403e-15 1e-20
5316.0 7.1151699e-15 1e-20
5317.5 6.8462802e-15 1e-20
5319.0 6.9399298e-15 1e-20
5320.5 7.0914001e-15 1e-20
5322.0 7.0270802e-15 1e-20
5323.5 6.9815602e-15 1e-20
5325.0 6.8390698e-15 1e-20
5326.5 6.9542599e-15 1e-20
5328.0 7.0036602e-15 1e-20
5329.5 7.0395396e-15 1e-20
5331.0 7.1859006e-15 1e-20
5332.5 7.1089298e-15 1e-20
5334.0 7.1940202e-15 1e-20
5335.5 7.1881401e-15 1e-20
5337.0 7.1834501e-15 1e-20
5338.5 7.1042e-15 1e-20
5340.0 7.0315199e-15 1e-20
5341.5 6.9855201e-15 1e-20
5343.0 7.0666798e-15 1e-20
5344.5 7.1698501e-15 1e-20
5346.0 7.0273301e-15 1e-20
5347.5 7.2666203e-15 1e-20
5349.0 7.5709304e-15 1e-20
5350.5 7.1187097e-15 1e-20
5352.0 6.8632001e-15 1e-20
5353.5 7.1735805e-15 1e-20
5355.0 7.2786896e-15 1e-20
5356.5 7.3829298e-15 1e-20
5358.0 7.2621005e-15 1e-20
5359.5 7.0993198e-15 1e-20
5361.0 7.2461102e-15 1e-20
5362.5 7.4699802e-15 1e-20
5364.0 7.2256899e-15 1e-20
5365.5 7.0043103e-15 1e-20
5367.0 7.4254796e-15 1e-20
5368.5 7.4276099e-15 1e-20
5370.0 7.3714296e-15 1e-20
5371.5 7.3231199e-15 1e-20
5373.0 7.4849998e-15 1e-20
5374.5 7.2763196e-15 1e-20
5376.0 7.4168399e-15 1e-20
5377.5 7.6676997e-15 1e-20
5379.0 7.74274e-15 1e-20
5380.5 7.6985698e-15 1e-20
5382.0 7.6705999e-15 1e-20
5383.5 7.7191705e-15 1e-20
5385.0 7.6404201e-15 1e-20
5386.5 7.8190602e-15 1e-20
5388.0 7.8312202e-15 1e-20
5389.5 7.7762199e-15 1e-20
5391.0 7.8683601e-15 1e-20
5392.5 7.8084401e-15 1e-20
5394.0 7.7987696e-15 1e-20
5395.5 7.88819e-15 1e-20
5397.0 7.9327304e-15 1e-20
5398.5 7.95213e-15 1e-20
5400.0 8.0723493e-15 1e-20
5401.5 7.8948104e-15 1e-20
5403.0 7.7095702e-15 1e-20
5404.5 7.7145897e-15 1e-20
5406.0 7.7892201e-15 1e-20
5407.5 7.7923702e-15 1e-20
5409.0 7.6513299e-15 1e-20
5410.5 7.5996897e-15 1e-20
5412.0 7.7494401e-15 1e-20
5413.5 7.8708097e-15 1e-20
5415.0 7.8042795e-15 1e-20
5416.5 7.7835696e-15 1e-20
5418.0 7.7690201e-15 1e-20
5419.5 7.8265802e-15 1e-20
5421.0 7.8577095e-15 1e-20
5422.5 7.8594095e-15 1e-20
5424.0 7.8335801e-15 1e-20
5425.5 7.7476901e-15 1e-20
5427.0 7.7225298e-15 1e-20
5428.5 7.7619804e-15 1e-20
5430.0 7.7769602e-15 1e-20
5431.5 7.84295e-15 1e-20
5433.0 7.7475402e-15 1e-20
5434.5 7.7835696e-15 1e-20
5436.0 8.0022896e-15 1e-20
5437.5 7.8014394e-15 1e-20
5439.0 7.8237096e-15 1e-20
5440.5 7.6473201e-15 1e-20
5442.0 7.6693201e-15 1e-20
5443.5 7.66504e-15 1e-20
5445.0 7.5264603e-15 1e-20
5446.5 7.4528998e-15 1e-20
5448.0 7.4383299e-15 1e-20
5449.5 7.4784302e-15 1e-20
5451.0 7.8158601e-15 1e-20
5452.5 7.5797302e-15 1e-20
5454.0 7.1634406e-15 1e-20
5455.5 7.1091001e-15 1e-20
5457.0 7.2758199e-15 1e-20
5458.5 7.4585503e-15 1e-20
5460.0 7.4519502e-15 1e-20
5461.5 7.1903399e-15 1e-20
5463.0 7.09397e-15 1e-20
5464.5 7.1088299e-15 1e-20
5466.0 6.9532799e-15 1e-20
5467.5 7.1535905e-15 1e-20
5469.0 7.0798101e-15 1e-20
5470.5 7.0303104e-15 1e-20
5472.0 6.8376997e-15 1e-20
5473.5 6.8267103e-15 1e-20
5475.0 6.6748801e-15 1e-20
5476.5 6.6983099e-15 1e-20
5478.0 6.7286201e-15 1e-20
5479.5 6.8338601e-15 1e-20
5481.0 6.7038897e-15 1e-20
5482.5 6.7107701e-15 1e-20
5484.0 6.5782701e-15 1e-20
5485.5 6.6824598e-15 1e-20
5487.0 6.7663101e-15 1e-20
5488.5 6.5898702e-15 1e-20
5490.0 6.45118e-15 1e-20
5491.5 6.4307902e-15 1e-20
5493.0 6.41298e-15 1e-20
5494.5 6.4338399e-15 1e-20
5496.0 6.3258e-15 1e-20
5497.5 6.2841099e-15 1e-20
5499.0 6.3080301e-15 1e-20
5500.5 6.2712697e-15 1e-20
5502.0 6.2073399e-15 1e-20
5503.5 6.3223098e-15 1e-20
5505.0 6.1779597e-15 1e-20
5506.5 6.1530701e-15 1e-20
5508.0 6.4140299e-15 1e-20
5509.5 6.3628704e-15 1e-20
5511.0 6.30712e-15 1e-20
5512.5 6.2868098e-15 1e-20
5514.0 6.1387599e-15 1e-20
5515.5 6.1526699e-15 1e-20
5517.0 6.45497e-15 1e-20
5518.5 6.6170803e-15 1e-20
5520.0 6.2771503e-15 1e-20
5521.5 6.3700799e-15 1e-20
5523.0 6.5978797e-15 1e-20
5524.5 6.7877002e-15 1e-20
5526.0 6.4078801e-15 1e-20
5527.5 6.8594799e-15 1e-20
5529.0 6.9651299e-15 1e-20
5530.5 6.75224e-15 1e-20
5532.0 6.6353897e-15 1e-20
5533.5 7.0408801e-15 1e-20
5535.0 6.7642599e-15 1e-20
5536.5 7.0381899e-15 1e-20
5538.0 6.9694803e-15 1e-20
5539.5 6.74683e-15 1e-20
5541.0 6.9904498e-15 1e-20
5542.5 7.3905403e-15 1e-20
5544.0 7.1851501e-15 1e-20
5545.5 7.2545399e-15 1e-20
5547.0 7.2505902e-15 1e-20
5548.5 7.1007699e-15 1e-20
5550.0 6.9320401e-15 1e-20
5551.5 7.1496704e-15 1e-20
5553.0 7.3072304e-15 1e-20
5554.5 7.2695197e-15 1e-20
5556.0 7.15974e-15 1e-20
5557.5 7.2327203e-15 1e-20
5559.0 7.3642103e-15 1e-20
5560.5 7.1855499e-15 1e-20
5562.0 7.2278499e-15 1e-20
5563.5 7.3933499e-15 1e-20
5565.0 7.3726298e-15 1e-20
5566.5 7.3800405e-15 1e-20
5568.0 7.5374396e-15 1e-20
5569.5 7.4721299e-15 1e-20
5571.0 7.4699302e-15 1e-20
5572.5 7.4944704e-15 1e-20
5574.0 7.51902e-15 1e-20
5575.5 7.5435602e-15 1e-20
5577.0 7.5435602e-15 1e-20
5578.5 7.6459199e-15 1e-20
5580.0 7.9315699e-15 1e-20
5581.5 7.6258402e-15 1e-20
5583.0 7.5860499e-15 1e-20
5584.5 7.61676e-15 1e-20
5586.0 7.6652196e-15 1e-20
5587.5 7.5359005e-15 1e-20
5589.0 7.3851397e-15 1e-20
5590.5 7.70224e-15 1e-20
5592.0 7.6806601e-15 1e-20
5593.5 7.4491898e-15 1e-20
5595.0 7.3268901e-15 1e-20
5596.5 7.5496995e-15 1e-20
5598.0 7.5452103e-15 1e-20
5599.5 7.4712499e-15 1e-20
5601.0 7.40551e-15 1e-20
5602.5 7.2655301e-15 1e-20
5604.0 7.2419504e-15 1e-20
5605.5 7.2693104e-15 1e-20
5607.0 7.2855599e-15 1e-20
5608.5 7.2951898e-15 1e-20
5610.0 7.3548006e-15 1e-20
5611.5 7.1439098e-15 1e-20
5613.0 7.1693902e-15 1e-20
5614.5 7.4048603e-15 1e-20
5616.0 7.3516099e-15 1e-20
5617.5 7.56323e-15 1e-20
5619.0 7.51737e-15 1e-20
5620.5 7.7411696e-15 1e-20
5622.0 7.8447999e-15 1e-20
5623.5 7.8267903e-15 1e-20
5625.0 7.5935098e-15 1e-20
5626.5 7.6194205e-15 1e-20
5628.0 7.7614103e-15 1e-20
5629.5 7.7506903e-15 1e-20
5631.0 7.8361906e-15 1e-20
5632.5 7.8727105e-15 1e-20
5634.0 8.0046197e-15 1e-20
5635.5 7.9766702e-15 1e-20
5637.0 7.8363499e-15 1e-20
5638.5 7.8412102e-15 1e-20
5640.0 7.7869806e-15 1e-20
5641.5 7.8105501e-15 1e-20
5643.0 7.8592104e-15 1e-20
5644.5 7.7805202e-15 1e-20
5646.0 7.8058499e-15 1e-20
5647.5 7.9816203e-15 1e-20
5649.0 8.0513404e-15 1e-20
5650.5 8.0550301e-15 1e-20
5652.0 7.8892496e-15 1e-20
5653.5 7.8664797e-15 1e-20
5655.0 8.0783701e-15 1e-20
5656.5 7.9495702e-15 1e-20
5658.0 7.7872304e-15 1e-20
5659.5 8.0118399e-15 1e-20
5661.0 7.8263795e-15 1e-20
5662.5 7.6720797e-15 1e-20
5664.0 7.9067705e-15 1e-20
5665.5 8.0685995e-15 1e-20
5667.0 8.2033498e-15 1e-20
5668.5 8.0728999e-15 1e-20
5670.0 8.1042207e-15 1e-20
5671.5 8.0048002e-15 1e-20
5673.0 7.7834103e-15 1e-20
5674.5 7.6124299e-15 1e-20
5676.0 7.7973999e-15 1e-20
5677.5 7.9280403e-15 1e-20
5679.0 7.5267602e-15 1e-20
5680.5 7.7497399e-15 1e-20
5682.0 7.8337901e-15 1e-20
5683.5 7.7472801e-15 1e-20
5685.0 7.9135603e-15 1e-20
5686.5 7.7084496e-15 1e-20
5688.0 7.71883e-15 1e-20
5689.5 7.8427704e-15 1e-20
5691.0 7.8674402e-15 1e-20
5692.5 7.9053305e-15 1e-20
5694.0 7.52129e-15 1e-20
5695.5 7.4642297e-15 1e-20
5697.0 7.8749102e-15 1e-20
5698.5 7.8573097e-15 1e-20
5700.0 7.8355503e-15 1e-20
5701.5 7.7867298e-15 1e-20
5703.0 7.7151598e-15 1e-20
5704.5 7.7314499e-15 1e-20
5706.0 7.7709496e-15 1e-20
5707.5 7.8143397e-15 1e-20
5709.0 7.8715602e-15 1e-20
5710.5 7.9705504e-15 1e-20
5712.0 7.97295e-15 1e-20
5713.5 7.9507696e-15 1e-20
5715.0 7.8519598e-15 1e-20
5716.5 7.7822702e-15 1e-20
5718.0 7.7121105e-15 1e-20
5719.5 7.6672601e-15 1e-20
5721.0 7.79854e-15 1e-20
5722.5 7.8096904e-15 1e-20
5724.0 7.6562698e-15 1e-20
5725.5 7.5850504e-15 1e-20
5727.0 7.72558e-15 1e-20
5728.5 7.6250304e-15 1e-20
5730.0 7.8143804e-15 1e-20
5731.5 7.9851897e-15 1e-20
5733.0 7.8122399e-15 1e-20
5734.5 7.6943795e-15 1e-20
5736.0 7.5677498e-15 1e-20
5737.5 7.7031895e-15 1e-20
5739.0 7.8943505e-15 1e-20
5740.5 7.7251404e-15 1e-20
5742.0 7.5285102e-15 1e-20
5743.5 7.6670898e-15 1e-20
5745.0 7.5544497e-15 1e-20
5746.5 7.5820096e-15 1e-20
5748.0 7.6029203e-15 1e-20
5749.5 7.5309098e-15 1e-20
5751.0 7.4668495e-15 1e-20
5752.5 7.5878804e-15 1e-20
5754.0 7.44488e-15 1e-20
5755.5 7.39701e-15 1e-20
5757.0 7.5551798e-15 1e-20
5758.5 7.2795299e-15 1e-20
5760.0 7.3326304e-15 1e-20
5761.5 7.0862899e-15 1e-20
5763.0 7.3012597e-15 1e-20
5764.5 7.1987602e-15 1e-20
5766.0 7.1883104e-15 1e-20
5767.5 7.1459697e-15 1e-20
5769.0 7.1595706e-15 1e-20
5770.5 7.21446e-15 1e-20
5772.0 7.2116902e-15 1e-20
5773.5 7.1984799e-15 1e-20
5775.0 7.1719999e-15 1e-20
5776.5 7.0115401e-15 1e-20
5778.0 7.0690901e-15 1e-20
5779.5 7.2376399e-15 1e-20
5781.0 7.05677e-15 1e-20
5782.5 7.0907301e-15 1e-20
5784.0 7.0177201e-15 1e-20
5785.5 7.1150497e-15 1e-20
5787.0 7.1192094e-15 1e-20
5788.5 6.9411601e-15 1e-20
5790.0 6.8761902e-15 1e-20
5791.5 6.8890702e-15 1e-20
5793.0 7.0231e-15 1e-20
5794.5 6.9619497e-15 1e-20
5796.0 6.8743902e-15 1e-20
5797.5 6.7387803e-15 1e-20
5799.0 6.6792101e-15 1e-20
5800.5 6.59666e-15 1e-20
5802.0 6.7414298e-15 1e-20
5803.5 6.73024e-15 1e-20
5805.0 6.81216e-15 1e-20
5806.5 7.0174499e-15 1e-20
5808.0 6.8132802e-15 1e-20
5809.5 6.6576802e-15 1e-20
5811.0 6.7897403e-15 1e-20
5812.5 6.7623002e-15 1e-20
5814.0 6.6420296e-15 1e-20
5815.5 6.6741101e-15 1e-20
5817.0 6.8586799e-15 1e-20
5818.5 6.5078803e-15 1e-20
5820.0 6.80559e-15 1e-20
5821.5 6.5468303e-15 1e-20
5823.0 6.6466997e-15 1e-20
5824.5 6.6973802e-15 1e-20
5826.0 6.6395004e-15 1e-20
5827.5 6.7494601e-15 1e-20
5829.0 6.6352703e-15 1e-20
5830.5 6.5334603e-15 1e-20
5832.0 6.7486401e-15 1e-20
5833.5 6.8727499e-15 1e-20
5835.0 6.7572197e-15 1e-20
5836.5 6.7977498e-15 1e-20
5838.0 6.6222603e-15 1e-20
5839.5 6.8850099e-15 1e-20
5841.0 6.91946e-15 1e-20
5842.5 6.7542903e-15 1e-20
5844.0 6.8687702e-15 1e-20
5845.5 6.8909997e-15 1e-20
5847.0 6.9136299e-15 1e-20
5848.5 6.8251399e-15 1e-20
5850.0 6.5797803e-15 1e-20
5851.5 6.6285402e-15 1e-20
5853.0 6.8252602e-15 1e-20
5854.5 6.6579598e-15 1e-20
5856.0 6.59231e-15 1e-20
5857.5 6.8391198e-15 1e-20
5859.0 6.7623299e-15 1e-20
5860.5 6.7698397e-15 1e-20
5862.0 6.9148301e-15 1e-20
5863.5 7.0049299e-15 1e-20
5865.0 6.85132e-15 1e-20
5866.5 6.6496199e-15 1e-20
5868.0 6.8161504e-15 1e-20
5869.5 6.9178201e-15 1e-20
5871.0 6.8446001e-15 1e-20
5872.5 6.7574802e-15 1e-20
5874.0 6.6905299e-15 1e-20
5875.5 6.6618802e-15 1e-20
5877.0 6.56255e-15 1e-20
5878.5 6.7322501e-15 1e-20
5880.0 6.7597198e-15 1e-20
5881.5 6.7169298e-15 1e-20
5883.0 6.6138103e-15 1e-20
5884.5 6.65553e-15 1e-20
5886.0 6.7396103e-15 1e-20
5887.5 6.4883901e-15 1e-20
5889.0 6.41501e-15 1e-20
5890.5 6.3140801e-15 1e-20
5892.0 6.3581402e-15 1e-20
5893.5 6.4007802e-15 1e-20
5895.0 6.46061e-15 1e-20
5896.5 6.5995496e-15 1e-20
5898.0 6.51739e-15 1e-20
5899.5 6.2621599e-15 1e-20
5901.0 6.2821698e-15 1e-20
5902.5 6.6532998e-15 1e-20
5904.0 6.5463903e-15 1e-20
5905.5 6.6090597e-15 1e-20
5907.0 6.81211e-15 1e-20
5908.5 6.7415399e-15 1e-20
5910.0 6.6663598e-15 1e-20
5911.5 6.6117503e-15 1e-20
5913.0 6.6935902e-15 1e-20
5914.5 6.8598399e-15 1e-20
5916.0 6.8066704e-15 1e-20
5917.5 6.5748302e-15 1e-20
5919.0 6.7059001e-15 1e-20
5920.5 6.8669601e-15 1e-20
5922.0 6.81216e-15 1e-20
5923.5 6.8435104e-15 1e-20
5925.0 6.8721401e-15 1e-20
5926.5 6.8392502e-15 1e-20
5928.0 6.8892997e-15 1e-20
5929.5 6.9219499e-15 1e-20
5931.0 6.9310898e-15 1e-20
5932.5 7.0235201e-15 1e-20
5934.0 6.9733402e-15 1e-20
5935.5 6.7229098e-15 1e-20
5937.0 6.6679501e-15 1e-20
5938.5 6.9248802e-15 1e-20
5940.0 6.9433099e-15 1e-20
5941.5 6.8631603e-15 1e-20
5943.0 6.8245601e-15 1e-20
5944.5 6.4898102e-15 1e-20
5946.0 6.5053702e-15 1e-20
5947.5 6.8750602e-15 1e-20
5949.0 6.77452e-15 1e-20
5950.5 6.8483402e-15 1e-20
5952.0 6.9605898e-15 1e-20
5953.5 7.0145704e-15 1e-20
5955.0 6.9118401e-15 1e-20
5956.5 7.0226498e-15 1e-20
5958.0 6.8276302e-15 1e-20
5959.5 6.7106901e-15 1e-20
5961.0 6.6954998e-15 1e-20
5962.5 6.8663997e-15 1e-20
5964.0 6.9624499e-15 1e-20
5965.5 6.9838502e-15 1e-20
5967.0 6.8895403e-15 1e-20
5968.5 6.7974e-15 1e-20
5970.0 6.7205703e-15 1e-20
5971.5 6.68577e-15 1e-20
5973.0 6.5919598e-15 1e-20
5974.5 6.83733e-15 1e-20
5976.0 6.7901003e-15 1e-20
5977.5 6.9667803e-15 1e-20
5979.0 7.0187102e-15 1e-20
5980.5 6.9867301e-15 1e-20
5982.0 6.8355296e-15 1e-20
5983.5 6.9165903e-15 1e-20
5985.0 6.80536e-15 1e-20
5986.5 6.8189701e-15 1e-20
5988.0 6.8100001e-15 1e-20
5989.5 6.8133899e-15 1e-20
5991.0 7.0449801e-15 1e-20
5992.5 7.0242299e-15 1e-20
5994.0 7.0171398e-15 1e-20
5995.5 6.8660999e-15 1e-20
5997.0 6.71308e-15 1e-20
5998.5 6.7209502e-15 1e-20
6000.0 6.7580401e-15 1e-20
6001.5 6.7442699e-15 1e-20
6003.0 6.9076901e-15 1e-20
6004.5 6.9534603e-15 1e-20
6006.0 7.0355903e-15 1e-20
6007.5 7.0242401e-15 1e-20
6009.0 6.9720002e-15 1e-20
6010.5 6.8904902e-15 1e-20
6012.0 6.8946398e-15 1e-20
6013.5 6.9179303e-15 1e-20
6015.0 6.7831e-15 1e-20
6016.5 6.6455897e-15 1e-20
6018.0 6.73078e-15 1e-20
6019.5 6.8191298e-15 1e-20
6021.0 6.7098697e-15 1e-20
6022.5 6.6465002e-15 1e-20
6024.0 6.5838101e-15 1e-20
6025.5 6.5278602e-15 1e-20
6027.0 6.7494897e-15 1e-20
6028.5 6.7324902e-15 1e-20
6030.0 6.6349001e-15 1e-20
6031.5 6.6329397e-15 1e-20
6033.0 6.7710302e-15 1e-20
6034.5 6.61557e-15 1e-20
6036.0 6.5977899e-15 1e-20
6037.5 6.6407701e-15 1e-20
6039.0 6.4907499e-15 1e-20
6040.5 6.7027898e-15 1e-20
6042.0 6.9695201e-15 1e-20
6043.5 6.8074496e-15 1e-20
6045.0 6.4923199e-15 1e-20
6046.5 6.6638801e-15 1e-20
6048.0 6.2536997e-15 1e-20
6049.5 6.2339804e-15 1e-20
6051.0 6.61021e-15 1e-20
6052.5 6.5081099e-15 1e-20
6054.0 6.67812e-15 1e-20
6055.5 6.6365298e-15 1e-20
6057.0 6.6439799e-15 1e-20
6058.5 6.4948801e-15 1e-20
6060.0 6.3916403e-15 1e-20
6061.5 6.3832301e-15 1e-20
6063.0 6.39711e-15 1e-20
6064.5 6.3795701e-15 1e-20
6066.0 6.4161103e-15 1e-20
6067.5 6.35473e-15 1e-20
6069.0 6.4934202e-15 1e-20
6070.5 6.4579804e-15 1e-20
6072.0 6.3916797e-15 1e-20
6073.5 6.4322098e-15 1e-20
6075.0 6.41182e-15 1e-20
6076.5 6.3914298e-15 1e-20
6078.0 6.3710401e-15 1e-20
6079.5 6.3506397e-15 1e-20
6081.0 6.3302499e-15 1e-20
6082.5 6.3302499e-15 1e-20
6084.0 6.2019803e-15 1e-20
6085.5 6.14338e-15 1e-20
6087.0 6.1315296e-15 1e-20
6088.5 6.26237e-15 1e-20
6090.0 6.2972004e-15 1e-20
6091.5 6.12921e-15 1e-20
6093.0 6.0743697e-15 1e-20
6094.5 6.0151503e-15 1e-20
6096.0 5.9517299e-15 1e-20
6097.5 5.78786e-15 1e-20
6099.0 5.94738e-15 1e-20
6100.5 6.1033501e-15 1e-20
6102.0 5.7559899e-15 1e-20
6103.5 5.68842e-15 1e-20
6105.0 5.7301999e-15 1e-20
6106.5 5.7407599e-15 1e-20
6108.0 5.76179e-15 1e-20
6109.5 5.48307e-15 1e-20
6111.0 5.3847799e-15 1e-20
6112.5 5.4562601e-15 1e-20
6114.0 5.4074702e-15 1e-20
6115.5 5.4298903e-15 1e-20
6117.0 5.4013999e-15 1e-20
6118.5 5.3225598e-15 1e-20
6120.0 5.3604497e-15 1e-20
6121.5 5.3511899e-15 1e-20
6123.0 5.1093201e-15 1e-20
6124.5 5.0129798e-15 1e-20
6126.0 4.99712e-15 1e-20
6127.5 4.9082099e-15 1e-20
6129.0 5.0156298e-15 1e-20
6130.5 5.0901801e-15 1e-20
6132.0 4.9627499e-15 1e-20
6133.5 4.8620602e-15 1e-20
6135.0 4.7268902e-15 1e-20
6136.5 4.59969e-15 1e-20
6138.0 4.5612601e-15 1e-20
6139.5 4.54149e-15 1e-20
6141.0 4.5204501e-15 1e-20
6142.5 4.3864999e-15 1e-20
6144.0 4.3610703e-15 1e-20
6145.5 4.4467099e-15 1e-20
6147.0 4.49499e-15 1e-20
6148.5 4.3216299e-15 1e-20
6150.0 4.00214e-15 1e-20
6151.5 3.9543399e-15 1e-20
6153.0 4.0067602e-15 1e-20
6154.5 4.0273702e-15 1e-20
6156.0 3.9871399e-15 1e-20
6157.5 3.88925e-15 1e-20
6159.0 3.7852001e-15 1e-20
6160.5 3.7536197e-15 1e-20
6162.0 3.7443401e-15 1e-20
6163.5 3.64448e-15 1e-20
6165.0 3.6887099e-15 1e-20
6166.5 3.54423e-15 1e-20
6168.0 3.57874e-15 1e-20
6169.5 3.6422501e-15 1e-20
6171.0 3.46192e-15 1e-20
6172.5 3.33701e-15 1e-20
6174.0 3.5999201e-15 1e-20
6175.5 3.44801e-15 1e-20
6177.0 3.24101e-15 1e-20
6178.5 3.3442299e-15 1e-20
6180.0 3.2335601e-15 1e-20
6181.5 3.1267099e-15 1e-20
6183.0 3.0978602e-15 1e-20
6184.5 3.3761598e-15 1e-20
6186.0 3.37674e-15 1e-20
6187.5 3.1742001e-15 1e-20
6189.0 3.10048e-15 1e-20
6190.5 2.9343e-15 1e-20
6192.0 3.0344301e-15 1e-20
6193.5 3.1865202e-15 1e-20
6195.0 3.2675399e-15 1e-20
6196.5 3.2762101e-15 1e-20
6198.0 3.2627002e-15 1e-20
6199.5 3.1035099e-15 1e-20
6201.0 3.35363e-15 1e-20
6202.5 3.2741699e-15 1e-20
6204.0 3.22205e-15 1e-20
6205.5 3.6024798e-15 1e-20
6207.0 3.3127999e-15 1e-20
6208.5 3.22755e-15 1e-20
6210.0 3.4345301e-15 1e-20
6211.5 3.4935201e-15 1e-20
6213.0 3.4903801e-15 1e-20
6214.5 3.4001201e-15 1e-20
6216.0 3.5683601e-15 1e-20
6217.5 3.5033802e-15 1e-20
6219.0 3.4499099e-15 1e-20
6220.5 3.6107901e-15 1e-20
6222.0 3.5613699e-15 1e-20
6223.5 3.6738902e-15 1e-20
6225.0 3.7135199e-15 1e-20
6226.5 3.47461e-15 1e-20
6228.0 3.6666701e-15 1e-20
6229.5 4.0160598e-15 1e-20
6231.0 4.1683897e-15 1e-20
6232.5 4.01682e-15 1e-20
6234.0 3.90852e-15 1e-20
6235.5 3.9742803e-15 1e-20
6237.0 3.9401499e-15 1e-20
6238.5 4.1271299e-15 1e-20
6240.0 4.36502e-15 1e-20
6241.5 4.2657799e-15 1e-20
6243.0 4.0696304e-15 1e-20
6244.5 4.1833102e-15 1e-20
6246.0 4.3224303e-15 1e-20
6247.5 4.24234e-15 1e-20
6249.0 4.5614901e-15 1e-20
6250.5 4.6853399e-15 1e-20
6252.0 4.48997e-15 1e-20
6253.5 4.68174e-15 1e-20
6255.0 4.77245e-15 1e-20
6256.5 4.3989902e-15 1e-20
6258.0 4.4830998e-15 1e-20
6259.5 4.7039598e-15 1e-20
6261.0 4.5391403e-15 1e-20
6262.5 4.8473701e-15 1e-20
6264.0 4.8709697e-15 1e-20
6265.5 4.83778e-15 1e-20
6267.0 4.8628801e-15 1e-20
6268.5 4.7329897e-15 1e-20
6270.0 4.8897399e-15 1e-20
6271.5 4.7543002e-15 1e-20
6273.0 4.95608e-15 1e-20
6274.5 4.9363297e-15 1e-20
6276.0 5.0289003e-15 1e-20
6277.5 5.2366499e-15 1e-20
6279.0 5.33674e-15 1e-20
6280.5 5.2009602e-15 1e-20
6282.0 5.2101598e-15 1e-20
6283.5 5.6024097e-15 1e-20
6285.0 5.5521002e-15 1e-20
6286.5 5.24495e-15 1e-20
6288.0 5.34483e-15 1e-20
6289.5 5.39566e-15 1e-20
6291.0 5.3077003e-15 1e-20
6292.5 5.45504e-15 1e-20
6294.0 5.4801998e-15 1e-20
6295.5 5.4485403e-15 1e-20
6297.0 5.4602899e-15 1e-20
6298.5 5.5424e-15 1e-20
6300.0 5.6059499e-15 1e-20
6301.5 5.5458597e-15 1e-20
6303.0 5.4552496e-15 1e-20
6304.5 5.4985097e-15 1e-20
6306.0 5.8474598e-15 1e-20
6307.5 5.79752e-15 1e-20
6309.0 5.7309999e-15 1e-20
6310.5 5.8204098e-15 1e-20
6312.0 5.8090299e-15 1e-20
6313.5 5.9112003e-15 1e-20
6315.0 5.8911701e-15 1e-20
6316.5 5.8972801e-15 1e-20
6318.0 6.1677098e-15 1e-20
6319.5 6.0927198e-15 1e-20
6321.0 5.7597097e-15 1e-20
6322.5 5.88738e-15 1e-20
6324.0 6.07627e-15 1e-20
6325.5 5.8453697e-15 1e-20
6327.0 5.85824e-15 1e-20
6328.5 6.0157301e-15 1e-20
6330.0 6.0905298e-15 1e-20
6331.5 6.1090498e-15 1e-20
6333.0 6.0517802e-15 1e-20
6334.5 5.9331397e-15 1e-20
6336.0 6.1086602e-15 1e-20
6337.5 6.2887804e-15 1e-20
6339.0 6.0272798e-15 1e-20
6340.5 5.89431e-15 1e-20
6342.0 5.7622601e-15 1e-20
6343.5 5.8033099e-15 1e-20
6345.0 6.2182599e-15 1e-20
6346.5 6.2846397e-15 1e-20
6348.0 5.9324299e-15 1e-20
6349.5 5.94233e-15 1e-20
6351.0 5.91698e-15 1e-20
6352.5 5.87347e-15 1e-20
6354.0 5.9542499e-15 1e-20
6355.5 5.87545e-15 1e-20
6357.0 5.9448499e-15 1e-20
6358.5 6.0878299e-15 1e-20
6360.0 6.1042598e-15 1e-20
6361.5 5.9051198e-15 1e-20
6363.0 5.75146e-15 1e-20
6364.5 5.84258e-15 1e-20
6366.0 6.0781204e-15 1e-20
6367.5 6.0478199e-15 1e-20
6369.0 5.9555704e-15 1e-20
6370.5 5.8508199e-15 1e-20
6372.0 5.8725298e-15 1e-20
6373.5 5.8809099e-15 1e-20
6375.0 5.8053296e-15 1e-20
6376.5 5.5898698e-15 1e-20
6378.0 5.51816e-15 1e-20
6379.5 5.4902901e-15 1e-20
6381.0 5.5942304e-15 1e-20
6382.5 5.7096001e-15 1e-20
6384.0 5.72647e-15 1e-20
6385.5 5.6061803e-15 1e-20
6387.0 5.5349897e-15 1e-20
6388.5 5.4568903e-15 1e-20
6390.0 5.56811e-15 1e-20
6391.5 5.55278e-15 1e-20
6393.0 5.40246e-15 1e-20
6394.5 5.43492e-15 1e-20
6396.0 5.42526e-15 1e-20
6397.5 5.48773e-15 1e-20
6399.0 5.4392098e-15 1e-20
6400.5 5.5243302e-15 1e-20
6402.0 5.6572098e-15 1e-20
6403.5 5.63715e-15 1e-20
6405.0 5.52679e-15 1e-20
6406.5 5.4621902e-15 1e-20
6408.0 5.36825e-15 1e-20
6409.5 5.5773803e-15 1e-20
6411.0 5.5346899e-15 1e-20
6412.5 5.5387603e-15 1e-20
6414.0 5.6211703e-15 1e-20
6415.5 5.6733898e-15 1e-20
6417.0 5.7310198e-15 1e-20
6418.5 5.6367404e-15 1e-20
6420.0 5.5378298e-15 1e-20
6421.5 5.48513e-15 1e-20
6423.0 5.5183604e-15 1e-20
6424.5 5.7421998e-15 1e-20
6426.0 5.8232096e-15 1e-20
6427.5 5.83194e-15 1e-20
6429.0 5.8314801e-15 1e-20
6430.5 5.5928501e-15 1e-20
6432.0 5.6840201e-15 1e-20
6433.5 5.7650498e-15 1e-20
6435.0 5.6187702e-15 1e-20
6436.5 5.6588103e-15 1e-20
6438.0 5.8631201e-15 1e-20
6439.5 5.9058601e-15 1e-20
6441.0 5.76612e-15 1e-20
6442.5 5.5900998e-15 1e-20
6444.0 5.70037e-15 1e-20
6445.5 5.8961201e-15 1e-20
6447.0 5.7169798e-15 1e-20
6448.5 5.6833802e-15 1e-20
6450.0 5.7112001e-15 1e-20
6451.5 5.7216402e-15 1e-20
6453.0 5.5309401e-15 1e-20
6454.5 5.6104599e-15 1e-20
6456.0 5.8854699e-15 1e-20
6457.5 5.8401698e-15 1e-20
6459.0 5.7119002e-15 1e-20
6460.5 5.7594801e-15 1e-20
6462.0 5.7133198e-15 1e-20
6463.5 5.6954097e-15 1e-20
6465.0 5.66147e-15 1e-20
6466.5 5.48768e-15 1e-20
6468.0 5.4686399e-15 1e-20
6469.5 5.6233001e-15 1e-20
6471.0 5.7664301e-15 1e-20
6472.5 5.70617e-15 1e-20
6474.0 5.7144197e-15 1e-20
6475.5 5.38309e-15 1e-20
6477.0 5.56726e-15 1e-20
6478.5 5.6235801e-15 1e-20
6480.0 5.7072601e-15 1e-20
6481.5 5.6343298e-15 1e-20
6483.0 5.3861e-15 1e-20
6484.5 5.4258398e-15 1e-20
6486.0 5.51357e-15 1e-20
6487.5 5.5475102e-15 1e-20
6489.0 5.4989701e-15 1e-20
6490.5 5.4070001e-15 1e-20
6492.0 5.61863e-15 1e-20
6493.5 5.7068701e-15 1e-20
6495.0 5.8023502e-15 1e-20
6496.5 5.5120703e-15 1e-20
6498.0 5.4588097e-15 1e-20
6499.5 5.57342e-15 1e-20
6501.0 5.6697302e-15 1e-20
6502.5 5.6398702e-15 1e-20
6504.0 5.6697302e-15 1e-20
6505.5 5.5526101e-15 1e-20
6507.0 5.3603802e-15 1e-20
6508.5 5.3116e-15 1e-20
6510.0 5.5004702e-15 1e-20
6511.5 5.4698199e-15 1e-20
6513.0 5.4036497e-15 1e-20
6514.5 5.4519699e-15 1e-20
6516.0 5.2468198e-15 1e-20
6517.5 5.3144698e-15 1e-20
6519.0 5.4988498e-15 1e-20
6520.5 5.2824896e-15 1e-20
6522.0 5.0746997e-15 1e-20
6523.5 5.2119199e-15 1e-20
6525.0 5.3180197e-15 1e-20
6526.5 5.2371001e-15 1e-20
6528.0 5.3797405e-15 1e-20
6529.5 5.58421e-15 1e-20
6531.0 5.4068298e-15 1e-20
6532.5 5.3333302e-15 1e-20
6534.0 5.1676603e-15 1e-20
6535.5 5.2529002e-15 1e-20
6537.0 5.5485901e-15 1e-20
6538.5 5.25196e-15 1e-20
6540.0 5.20502e-15 1e-20
6541.5 5.3270101e-15 1e-20
6543.0 5.1442098e-15 1e-20
6544.5 5.0921999e-15 1e-20
6546.0 5.2386997e-15 1e-20
6547.5 5.1031397e-15 1e-20
6549.0 5.2636199e-15 1e-20
6550.5 5.2424402e-15 1e-20
6552.0 5.0523703e-15 1e-20
6553.5 5.1300402e-15 1e-20
6555.0 5.2580299e-15 1e-20
6556.5 5.2145999e-15 1e-20
6558.0 5.2474801e-15 1e-20
6559.5 5.3146502e-15 1e-20
6561.0 5.0337199e-15 1e-20
6562.5 5.1016998e-15 1e-20
6564.0 5.11367e-15 1e-20
6565.5 5.1561699e-15 1e-20
6567.0 5.0611701e-15 1e-20
6568.5 5.0708898e-15 1e-20
6570.0 5.12044e-15 1e-20
6571.5 5.1483997e-15 1e-20
6573.0 5.1606304e-15 1e-20
6574.5 4.9912001e-15 1e-20
6576.0 5.0170697e-15 1e-20
6577.5 5.0659198e-15 1e-20
6579.0 5.2745999e-15 1e-20
6580.5 5.2479599e-15 1e-20
6582.0 5.0462898e-15 1e-20
6583.5 5.1278502e-15 1e-20
6585.0 5.07969e-15 1e-20
6586.5 4.94526e-15 1e-20
6588.0 5.0985497e-15 1e-20
6589.5 5.1877698e-15 1e-20
6591.0 5.0411102e-15 1e-20
6592.5 5.11135e-15 1e-20
6594.0 4.9493198e-15 1e-20
6595.5 4.91038e-15 1e-20
6597.0 5.00606e-15 1e-20
6598.5 4.9981898e-15 1e-20
6600.0 5.1970803e-15 1e-20
6601.5 4.9950702e-15 1e-20
6603.0 4.7692e-15 1e-20
6604.5 4.7790399e-15 1e-20
6606.0 4.7821998e-15 1e-20
6607.5 4.8024604e-15 1e-20
6609.0 4.2657702e-15 1e-20
6610.5 4.7260898e-15 1e-20
6612.0 4.6464501e-15 1e-20
6613.5 4.59866e-15 1e-20
6615.0 4.7823899e-15 1e-20
6616.5 4.9896496e-15 1e-20
6618.0 4.9603499e-15 1e-20
6619.5 5.0028502e-15 1e-20
6621.0 4.9600602e-15 1e-20
6622.5 4.8355997e-15 1e-20
6624.0 4.6220102e-15 1e-20
6625.5 4.8537698e-15 1e-20
6627.0 4.7318801e-15 1e-20
6628.5 4.6850803e-15 1e-20
6630.0 4.7893699e-15 1e-20
6631.5 4.5707698e-15 1e-20
6633.0 4.7301898e-15 1e-20
6634.5 4.7013501e-15 1e-20
6636.0 4.8823801e-15 1e-20
6637.5 4.9801001e-15 1e-20
6639.0 4.4807802e-15 1e-20
6640.5 4.5182199e-15 1e-20
6642.0 4.9140303e-15 1e-20
6643.5 4.7004399e-15 1e-20
6645.0 4.5686001e-15 1e-20
6646.5 4.63645e-15 1e-20
6648.0 4.67695e-15 1e-20
6649.5 4.5851003e-15 1e-20
6651.0 4.7348498e-15 1e-20
6652.5 4.7148399e-15 1e-20
6654.0 4.5435e-15 1e-20
6655.5 4.6041598e-15 1e-20
6657.0 4.69426e-15 1e-20
6658.5 4.6264402e-15 1e-20
6660.0 4.6771597e-15 1e-20
6661.5 4.6018301e-15 1e-20
6663.0 4.5222301e-15 1e-20
6664.5 4.5919198e-15 1e-20
6666.0 4.7326102e-15 1e-20
6667.5 4.6791701e-15 1e-20
6669.0 4.5088199e-15 1e-20
6670.5 4.60015e-15 1e-20
6672.0 4.6182799e-15 1e-20
6673.5 4.54422e-15 1e-20
6675.0 4.5524904e-15 1e-20
6676.5 4.6084898e-15 1e-20
6678.0 4.4588598e-15 1e-20
6679.5 4.56669e-15 1e-20
6681.0 4.55334e-15 1e-20
6682.5 4.8171602e-15 1e-20
6684.0 4.7774001e-15 1e-20
6685.5 4.6989297e-15 1e-20
6687.0 4.77057e-15 1e-20
6688.5 4.6149303e-15 1e-20
6690.0 4.5845298e-15 1e-20
6691.5 4.4557101e-15 1e-20
6693.0 4.53152e-15 1e-20
6694.5 4.6239499e-15 1e-20
6696.0 4.5294299e-15 1e-20
6697.5 4.5554698e-15 1e-20
6699.0 4.5947899e-15 1e-20
6700.5 4.7563801e-15 1e-20
6702.0 4.58029e-15 1e-20
6703.5 4.3946903e-15 1e-20
6705.0 4.5435699e-15 1e-20
6706.5 4.4324798e-15 1e-20
6708.0 4.1427496e-15 1e-20
6709.5 4.41433e-15 1e-20
6711.0 4.5485801e-15 1e-20
6712.5 4.3458601e-15 1e-20
6714.0 4.4401399e-15 1e-20
6715.5 4.5391102e-15 1e-20
6717.0 4.5538998e-15 1e-20
6718.5 4.5537703e-15 1e-20
6720.0 4.5062098e-15 1e-20
6721.5 4.3302497e-15 1e-20
6723.0 4.4673399e-15 1e-20
6724.5 4.3973499e-15 1e-20
6726.0 4.3451401e-15 1e-20
6727.5 4.4471301e-15 1e-20
6729.0 4.3417401e-15 1e-20
6730.5 4.2307102e-15 1e-20
6732.0 4.3268899e-15 1e-20
6733.5 4.4153701e-15 1e-20
6735.0 4.5686103e-15 1e-20
6736.5 4.5923399e-15 1e-20
6738.0 4.3348199e-15 1e-20
6739.5 4.3044601e-15 1e-20
6741.0 4.3332198e-15 1e-20
6742.5 4.14625e-15 1e-20
6744.0 4.2366398e-15 1e-20
6745.5 4.3266401e-15 1e-20
6747.0 4.34722e-15 1e-20
6748.5 4.2849898e-15 1e-20
6750.0 4.1259398e-15 1e-20
6751.5 4.1925704e-15 1e-20
6753.0 4.2915704e-15 1e-20
6754.5 4.2764102e-15 1e-20
6756.0 4.1384302e-15 1e-20
6757.5 4.0843399e-15 1e-20
6759.0 4.2548701e-15 1e-20
6760.5 4.2606803e-15 1e-20
6762.0 4.1896901e-15 1e-20
6763.5 4.1764103e-15 1e-20
6765.0 4.2533798e-15 1e-20
6766.5 4.3066704e-15 1e-20
6768.0 4.1984603e-15 1e-20
6769.5 4.1865603e-15 1e-20
6771.0 4.1614098e-15 1e-20
6772.5 4.2232902e-15 1e-20
6774.0 4.1442599e-15 1e-20
6775.5 4.13888e-15 1e-20
6777.0 4.01659e-15 1e-20
6778.5 3.9539498e-15 1e-20
6780.0 4.17335e-15 1e-20
6781.5 4.1992696e-15 1e-20
6783.0 4.1292801e-15 1e-20
6784.5 4.1055399e-15 1e-20
6786.0 3.9486999e-15 1e-20
6787.5 3.9987498e-15 1e-20
6789.0 4.2117201e-15 1e-20
6790.5 4.2505498e-15 1e-20
6792.0 3.9642501e-15 1e-20
6793.5 3.99049e-15 1e-20
6795.0 4.0977002e-15 1e-20
6796.5 4.1145201e-15 1e-20
6798.0 4.0436303e-15 1e-20
6799.5 4.0421098e-15 1e-20
6801.0 3.97393e-15 1e-20
6802.5 3.7877602e-15 1e-20
6804.0 3.8823501e-15 1e-20
6805.5 3.9194002e-15 1e-20
6807.0 3.8277902e-15 1e-20
6808.5 3.8372198e-15 1e-20
6810.0 4.0282304e-15 1e-20
6811.5 3.95082e-15 1e-20
6813.0 3.80336e-15 1e-20
6814.5 3.91398e-15 1e-20
6816.0 3.90558e-15 1e-20
6817.5 3.92892e-15 1e-20
6819.0 3.9312201e-15 1e-20
6820.5 4.0389699e-15 1e-20
6822.0 3.7762901e-15 1e-20
6823.5 3.8490799e-15 1e-20
6825.0 4.1020497e-15 1e-20
6826.5 4.0725399e-15 1e-20
6828.0 3.8533197e-15 1e-20
6829.5 3.8431498e-15 1e-20
6831.0 3.69776e-15 1e-20
6832.5 3.7984799e-15 1e-20
6834.0 3.73916e-15 1e-20
6835.5 3.7223498e-15 1e-20
6837.0 3.9254603e-15 1e-20
6838.5 3.9096e-15 1e-20
6840.0 3.9230297e-15 1e-20
6841.5 3.8842602e-15 1e-20
6843.0 3.9778501e-15 1e-20
6844.5 3.9993702e-15 1e-20
6846.0 3.76291e-15 1e-20
6847.5 3.7441397e-15 1e-20
6849.0 3.8055899e-15 1e-20
6850.5 3.77994e-15 1e-20
6852.0 3.88371e-15 1e-20
6853.5 4.0015501e-15 1e-20
6855.0 3.9762501e-15 1e-20
6856.5 3.79277e-15 1e-20
6858.0 3.79238e-15 1e-20
6859.5 3.9019898e-15 1e-20
6861.0 3.8515101e-15 1e-20
6862.5 3.6242003e-15 1e-20
6864.0 3.68735e-15 1e-20
6865.5 3.6426402e-15 1e-20
6867.0 3.8048699e-15 1e-20
6868.5 3.8661701e-15 1e-20
6870.0 3.8654501e-15 1e-20
6871.5 3.8853198e-15 1e-20
6873.0 3.8787201e-15 1e-20
6874.5 3.5697301e-15 1e-20
6876.0 3.5107902e-15 1e-20
6877.5 3.61586e-15 1e-20
6879.0 3.7267099e-15 1e-20
6880.5 3.7819e-15 1e-20
6882.0 3.7828902e-15 1e-20
6883.5 3.95064e-15 1e-20
6885.0 3.84566e-15 1e-20
6886.5 3.7345098e-15 1e-20
6888.0 3.7530501e-15 1e-20
6889.5 3.70193e-15 1e-20
6891.0 3.7211199e-15 1e-20
6892.5 3.6758498e-15 1e-20
6894.0 3.6477499e-15 1e-20
6895.5 3.71216e-15 1e-20
6897.0 3.50341e-15 1e-20
6898.5 3.6787399e-15 1e-20
6900.0 3.8736299e-15 1e-20
6901.5 3.7913898e-15 1e-20
6903.0 3.8517798e-15 1e-20
6904.5 3.8478403e-15 1e-20
6906.0 3.7413098e-15 1e-20
6907.5 3.57598e-15 1e-20
6909.0 3.78326e-15 1e-20
6910.5 4.0064099e-15 1e-20
6912.0 3.54043e-15 1e-20
6913.5 3.3543602e-15 1e-20
6915.0 3.5741301e-15 1e-20
6916.5 3.6239301e-15 1e-20
6918.0 3.5190899e-15 1e-20
6919.5 3.7986501e-15 1e-20
6921.0 3.5078199e-15 1e-20
6922.5 3.69047e-15 1e-20
6924.0 3.53627e-15 1e-20
6925.5 3.6077399e-15 1e-20
6927.0 3.6399602e-15 1e-20
6928.5 3.81683e-15 1e-20
6930.0 3.5619501e-15 1e-20
6931.5 3.5410299e-15 1e-20
6933.0 3.7195402e-15 1e-20
6934.5 3.6285803e-15 1e-20
6936.0 3.7344603e-15 1e-20
6937.5 3.6661102e-15 1e-20
6939.0 3.7241701e-15 1e-20
6940.5 3.6682202e-15 1e-20
6942.0 3.7525601e-15 1e-20
6943.5 3.6226002e-15 1e-20
6945.0 3.4216002e-15 1e-20
6946.5 3.4426898e-15 1e-20
6948.0 3.50664e-15 1e-20
6949.5 3.3754301e-15 1e-20
6951.0 3.3151499e-15 1e-20
6952.5 3.4031101e-15 1e-20
6954.0 3.4639599e-15 1e-20
6955.5 3.3216401e-15 1e-20
6957.0 3.2713399e-15 1e-20
6958.5 3.5199202e-15 1e-20
6960.0 3.52621e-15 1e-20
6961.5 3.34469e-15 1e-20
6963.0 3.4141601e-15 1e-20
6964.5 3.5431001e-15 1e-20
6966.0 3.4677802e-15 1e-20
6967.5 3.40188e-15 1e-20
6969.0 3.4654e-15 1e-20
6970.5 3.4545301e-15 1e-20
6972.0 3.54987e-15 1e-20
6973.5 3.5867e-15 1e-20
6975.0 3.5027999e-15 1e-20
6976.5 3.47408e-15 1e-20
6978.0 3.52509e-15 1e-20
6979.5 3.5430401e-15 1e-20
6981.0 3.46366e-15 1e-20
6982.5 3.6481502e-15 1e-20
6984.0 3.7723997e-15 1e-20
6985.5 3.60795e-15 1e-20
6987.0 3.43197e-15 1e-20
6988.5 3.2713399e-15 1e-20
6990.0 3.3613901e-15 1e-20
6991.5 3.52268e-15 1e-20
6993.0 3.46066e-15 1e-20
6994.5 3.3461001e-15 1e-20
6996.0 3.42552e-15 1e-20
6997.5 3.55098e-15 1e-20
6999.0 3.6477398e-15 1e-20
7000.5 3.56985e-15 1e-20
7002.0 3.3655901e-15 1e-20
7003.5 3.4626099e-15 1e-20
7005.0 3.4947099e-15 1e-20
7006.5 3.4195701e-15 1e-20
7008.0 3.3473499e-15 1e-20
7009.5 3.44662e-15 1e-20
7011.0 3.5741301e-15 1e-20
7012.5 3.4751898e-15 1e-20
7014.0 3.47328e-15 1e-20
7015.5 3.46853e-15 1e-20
7017.0 3.4083699e-15 1e-20
7018.5 3.3276602e-15 1e-20
7020.0 3.50971e-15 1e-20
7021.5 3.4886401e-15 1e-20
7023.0 3.1861201e-15 1e-20
7024.5 3.29261e-15 1e-20
7026.0 3.47108e-15 1e-20
7027.5 3.3792401e-15 1e-20
7029.0 3.2456301e-15 1e-20
7030.5 3.34442e-15 1e-20
7032.0 3.3993601e-15 1e-20
7033.5 3.2590101e-15 1e-20
7035.0 3.2201499e-15 1e-20
7036.5 3.2424099e-15 1e-20
7038.0 3.2024501e-15 1e-20
7039.5 3.1934701e-15 1e-20
7041.0 3.12477e-15 1e-20
7042.5 3.2583699e-15 1e-20
7044.0 3.39218e-15 1e-20
7045.5 3.3637e-15 1e-20
7047.0 3.3452001e-15 1e-20
7048.5 3.27088e-15 1e-20
7050.0 3.2246599e-15 1e-20
7051.5 3.2259199e-15 1e-20
7053.0 3.1800302e-15 1e-20
7054.5 3.1230901e-15 1e-20
7056.0 3.25747e-15 1e-20
7057.5 3.3173899e-15 1e-20
7059.0 3.2711699e-15 1e-20
7060.5 3.46823e-15 1e-20
7062.0 3.6329099e-15 1e-20
7063.5 3.6024599e-15 1e-20
7065.0 3.69758e-15 1e-20
7066.5 3.6070602e-15 1e-20
7068.0 3.7129499e-15 1e-20
7069.5 3.50775e-15 1e-20
7071.0 3.3286e-15 1e-20
7072.5 3.0396499e-15 1e-20
7074.0 3.1644799e-15 1e-20
7075.5 3.3270198e-15 1e-20
7077.0 3.1600699e-15 1e-20
7078.5 3.1309199e-15 1e-20
7080.0 3.2266699e-15 1e-20
7081.5 3.36128e-15 1e-20
7083.0 3.25549e-15 1e-20
7084.5 3.2612901e-15 1e-20
7086.0 3.2588502e-15 1e-20
7087.5 3.2657101e-15 1e-20
7089.0 3.3025201e-15 1e-20
7090.5 3.26899e-15 1e-20
7092.0 3.40496e-15 1e-20
7093.5 3.53922e-15 1e-20
7095.0 3.5650998e-15 1e-20
7096.5 3.38793e-15 1e-20
7098.0 3.3619201e-15 1e-20
7099.5 3.3904501e-15 1e-20
7101.0 3.34335e-15 1e-20
7102.5 3.2894599e-15 1e-20
7104.0 3.2359801e-15 1e-20
7105.5 3.2504599e-15 1e-20
7107.0 3.3461101e-15 1e-20
7108.5 3.4422801e-15 1e-20
7110.0 3.2750101e-15 1e-20
7111.5 3.2886802e-15 1e-20
7113.0 3.4421001e-15 1e-20
7114.5 3.52859e-15 1e-20
7116.0 3.54763e-15 1e-20
7117.5 3.42597e-15 1e-20
7119.0 3.3461499e-15 1e-20
7120.5 3.2434001e-15 1e-20
7122.0 3.44113e-15 1e-20
7123.5 3.38668e-15 1e-20
7125.0 3.2585101e-15 1e-20
7126.5 3.55282e-15 1e-20
7128.0 3.2418799e-15 1e-20
7129.5 3.3837099e-15 1e-20
7131.0 3.50206e-15 1e-20
7132.5 3.53832e-15 1e-20
7134.0 3.3795501e-15 1e-20
7135.5 3.2906999e-15 1e-20
7137.0 3.1761601e-15 1e-20
7138.5 3.25129e-15 1e-20
7140.0 3.2961e-15 1e-20
7141.5 3.2738499e-15 1e-20
7143.0 3.5251099e-15 1e-20
7144.5 3.3660299e-15 1e-20
7146.0 3.2984501e-15 1e-20
7147.5 3.3437401e-15 1e-20
7149.0 3.3471898e-15 1e-20
7150.5 3.2231399e-15 1e-20
7152.0 3.1946599e-15 1e-20
7153.5 3.4420901e-15 1e-20
7155.0 3.3379701e-15 1e-20
7156.5 3.2664398e-15 1e-20
7158.0 3.34671e-15 1e-20
7159.5 3.3953801e-15 1e-20
7161.0 3.2043299e-15 1e-20
7162.5 3.20158e-15 1e-20
7164.0 3.2513101e-15 1e-20
7165.5 3.3154401e-15 1e-20
7167.0 3.4338701e-15 1e-20
7168.5 3.40156e-15 1e-20
7170.0 3.3873502e-15 1e-20
7171.5 3.3477198e-15 1e-20
7173.0 3.35301e-15 1e-20
7174.5 3.2579301e-15 1e-20
7176.0 2.9807898e-15 1e-20
7177.5 2.98549e-15 1e-20
7179.0 3.1484399e-15 1e-20
7180.5 3.3679099e-15 1e-20
7182.0 3.2635301e-15 1e-20
7183.5 3.1844799e-15 1e-20
7185.0 3.2563701e-15 1e-20
7186.5 3.1202599e-15 1e-20
7188.0 3.17292e-15 1e-20
7189.5 3.1882301e-15 1e-20
7191.0 3.2936101e-15 1e-20
7192.5 3.2637401e-15 1e-20
7194.0 3.2025001e-15 1e-20
7195.5 3.13362e-15 1e-20
7197.0 3.2388001e-15 1e-20
7198.5 3.3836e-15 1e-20
7200.0 3.1849201e-15 1e-20
7201.5 2.91906e-15 1e-20
7203.0 3.0947399e-15 1e-20
7204.5 3.20525e-15 1e-20
7206.0 3.40782e-15 1e-20
7207.5 3.41073e-15 1e-20
7209.0 3.0448598e-15 1e-20
7210.5 3.14006e-15 1e-20
7212.0 3.1095901e-15 1e-20
7213.5 3.0353301e-15 1e-20
7215.0 3.1337699e-15 1e-20
7216.5 3.2033401e-15 1e-20
7218.0 3.3016099e-15 1e-20
7219.5 3.33744e-15 1e-20
7221.0 3.31023e-15 1e-20
7222.5 3.1617e-15 1e-20
7224.0 3.3306602e-15 1e-20
7225.5 3.359e-15 1e-20
7227.0 3.1228701e-15 1e-20
7228.5 3.20014e-15 1e-20
7230.0 3.4078802e-15 1e-20
7231.5 3.23265e-15 1e-20
7233.0 3.1495499e-15 1e-20
7234.5 3.2068701e-15 1e-20
7236.0 3.1336501e-15 1e-20
7237.5 2.97404e-15 1e-20
7239.0 2.93273e-15 1e-20
7240.5 3.05703e-15 1e-20
7242.0 3.0736899e-15 1e-20
7243.5 3.13647e-15 1e-20
7245.0 3.1425901e-15 1e-20
7246.5 3.2448699e-15 1e-20
7248.0 3.1712401e-15 1e-20
7249.5 2.93001e-15 1e-20
7251.0 2.98468e-15 1e-20
7252.5 3.0917499e-15 1e-20
7254.0 3.0980899e-15 1e-20
7255.5 2.9483599e-15 1e-20
7257.0 2.95961e-15 1e-20
7258.5 3.0706101e-15 1e-20
7260.0 2.9996901e-15 1e-20
7261.5 3.1201401e-15 1e-20
7263.0 3.05283e-15 1e-20
7264.5 3.06266e-15 1e-20
7266.0 3.03329e-15 1e-20
7267.5 2.93972e-15 1e-20
7269.0 2.9684998e-15 1e-20
7270.5 3.1936401e-15 1e-20
7272.0 3.1558298e-15 1e-20
7273.5 3.0277301e-15 1e-20
7275.0 3.2919601e-15 1e-20
7276.5 3.2203401e-15 1e-20
7278.0 2.84805e-15 1e-20
7279.5 2.9702201e-15 1e-20
7281.0 3.36598e-15 1e-20
7282.5 3.2905801e-15 1e-20
7284.0 3.0215198e-15 1e-20
7285.5 2.9896299e-15 1e-20
7287.0 3.05202e-15 1e-20
7288.5 2.89464e-15 1e-20
7290.0 2.90939e-15 1e-20
7291.5 2.96801e-15 1e-20
7293.0 2.8412799e-15 1e-20
7294.5 2.8133399e-15 1e-20
7296.0 2.9331701e-15 1e-20
7297.5 2.98478e-15 1e-20
7299.0 2.9523302e-15 1e-20
7300.5 2.9359401e-15 1e-20
7302.0 2.76249e-15 1e-20
7303.5 2.67628e-15 1e-20
7305.0 2.6403402e-15 1e-20
7306.5 2.66251e-15 1e-20
7308.0 2.7193999e-15 1e-20
7309.5 2.7557198e-15 1e-20
7311.0 2.8924e-15 1e-20
7312.5 2.9649999e-15 1e-20
7314.0 2.90631e-15 1e-20
7315.5 2.9940601e-15 1e-20
7317.0 3.0928099e-15 1e-20
7318.5 3.0280098e-15 1e-20
7320.0 2.94346e-15 1e-20
7321.5 2.92218e-15 1e-20
7323.0 2.9894901e-15 1e-20
7324.5 2.98912e-15 1e-20
7326.0 2.9749099e-15 1e-20
7327.5 2.9774699e-15 1e-20
7329.0 2.7543699e-15 1e-20
7330.5 2.7620101e-15 1e-20
7332.0 2.9534499e-15 1e-20
7333.5 3.08109e-15 1e-20
7335.0 3.0201599e-15 1e-20
7336.5 2.90055e-15 1e-20
7338.0 2.9675401e-15 1e-20
7339.5 3.0303e-15 1e-20
7341.0 2.8854599e-15 1e-20
7342.5 2.8912398e-15 1e-20
7344.0 3.0095699e-15 1e-20
7345.5 2.9916501e-15 1e-20
7347.0 2.94887e-15 1e-20
7348.5 2.9805601e-15 1e-20
7350.0 2.8578898e-15 1e-20
7351.5 2.8583099e-15 1e-20
7353.0 2.7827101e-15 1e-20
7354.5 2.8931799e-15 1e-20
7356.0 3.1376701e-15 1e-20
7357.5 3.1374901e-15 1e-20
7359.0 3.08166e-15 1e-20
7360.5 2.9656701e-15 1e-20
7362.0 2.8508001e-15 1e-20
7363.5 2.9381102e-15 1e-20
7365.0 2.8449901e-15 1e-20
7366.5 2.9745e-15 1e-20
7368.0 2.9739799e-15 1e-20
7369.5 2.9687901e-15 1e-20
7371.0 2.9067901e-15 1e-20
7372.5 2.89416e-15 1e-20
7374.0 2.8880601e-15 1e-20
7375.5 2.9179599e-15 1e-20
7377.0 2.8536699e-15 1e-20
7378.5 2.8963398e-15 1e-20
7380.0 2.8929e-15 1e-20
7381.5 2.84546e-15 1e-20
7383.0 2.8463399e-15 1e-20
7384.5 2.76441e-15 1e-20
7386.0 2.8380599e-15 1e-20
7387.5 2.9273399e-15 1e-20
7389.0 2.88087e-15 1e-20
7390.5 2.9431301e-15 1e-20
7392.0 2.86796e-15 1e-20
7393.5 2.76149e-15 1e-20
7395.0 2.7374999e-15 1e-20
7396.5 2.8009501e-15 1e-20
7398.0 2.86782e-15 1e-20
7399.5 2.81949e-15 1e-20
7401.0 2.90954e-15 1e-20
7402.5 2.8592101e-15 1e-20
7404.0 2.8575499e-15 1e-20
7405.5 2.75739e-15 1e-20
7407.0 2.81845e-15 1e-20
7408.5 2.7766399e-15 1e-20
7410.0 2.6569901e-15 1e-20
7411.5 2.6960999e-15 1e-20
7413.0 2.7281699e-15 1e-20
7414.5 2.6907101e-15 1e-20
7416.0 2.6635101e-15 1e-20
7417.5 2.5599102e-15 1e-20
7419.0 2.60523e-15 1e-20
7420.5 2.7230699e-15 1e-20
7422.0 2.6254102e-15 1e-20
7423.5 2.66243e-15 1e-20
7425.0 2.7305901e-15 1e-20
7426.5 2.7411202e-15 1e-20
7428.0 2.82781e-15 1e-20
7429.5 2.72407e-15 1e-20
7431.0 2.57654e-15 1e-20
7432.5 2.63224e-15 1e-20
7434.0 2.5380002e-15 1e-20
7435.5 2.5358602e-15 1e-20
7437.0 2.58816e-15 1e-20
7438.5 2.55538e-15 1e-20
7440.0 2.62204e-15 1e-20
7441.5 2.68924e-15 1e-20
7443.0 2.57644e-15 1e-20
7444.5 2.62638e-15 1e-20
7446.0 2.6402299e-15 1e-20
7447.5 2.5549601e-15 1e-20
7449.0 2.57024e-15 1e-20
7450.5 2.60653e-15 1e-20
7452.0 2.7928902e-15 1e-20
7453.5 2.74361e-15 1e-20
7455.0 2.57497e-15 1e-20
7456.5 2.5611602e-15 1e-20
7458.0 2.71112e-15 1e-20
7459.5 2.6856598e-15 1e-20
7461.0 2.5569602e-15 1e-20
7462.5 2.6117499e-15 1e-20
7464.0 2.5632801e-15 1e-20
7465.5 2.5557999e-15 1e-20
7467.0 2.6776799e-15 1e-20
7468.5 2.6314701e-15 1e-20
7470.0 2.58526e-15 1e-20
7471.5 2.53906e-15 1e-20
7473.0 2.53906e-15 1e-20
7474.5 2.6749201e-15 1e-20
7476.0 2.5862201e-15 1e-20
7477.5 2.5105199e-15 1e-20
7479.0 2.37712e-15 1e-20
7480.5 2.5200801e-15 1e-20
7482.0 2.58249e-15 1e-20
7483.5 2.54479e-15 1e-20
7485.0 2.50021e-15 1e-20
7486.5 2.6717899e-15 1e-20
7488.0 2.3524e-15 1e-20
7489.5 2.4330498e-15 1e-20
7491.0 2.4280801e-15 1e-20
7492.5 2.43432e-15 1e-20
7494.0 2.4580801e-15 1e-20
7495.5 2.3770298e-15 1e-20
7497.0 2.4067901e-15 1e-20
7498.5 2.4524501e-15 1e-20
7500.0 2.5402999e-15 1e-20
7501.5 2.6925801e-15 1e-20
7503.0 2.47836e-15 1e-20
7504.5 2.5187399e-15 1e-20
7506.0 2.50156e-15 1e-20
7507.5 2.4827499e-15 1e-20
7509.0 2.5225101e-15 1e-20
7510.5 2.5003599e-15 1e-20
7512.0 2.43181e-15 1e-20
7513.5 2.4442402e-15 1e-20
7515.0 2.4219001e-15 1e-20
7516.5 2.31659e-15 1e-20
7518.0 2.22703e-15 1e-20
7519.5 2.16557e-15 1e-20
7521.0 2.28995e-15 1e-20
7522.5 2.5331799e-15 1e-20
7524.0 2.62228e-15 1e-20
7525.5 2.4075899e-15 1e-20
7527.0 2.3052199e-15 1e-20
7528.5 2.3158201e-15 1e-20
7530.0 2.4540501e-15 1e-20
7531.5 2.4066501e-15 1e-20
7533.0 2.3227401e-15 1e-20
7534.5 2.3196198e-15 1e-20
7536.0 2.2721301e-15 1e-20
7537.5 2.2682801e-15 1e-20
7539.0 2.2926601e-15 1e-20
7540.5 2.2650599e-15 1e-20
