3720.0 4.9052402e-15 1e-20
3721.5 4.70294e-15 1e-20
3723.0 5.3303999e-15 1e-20
3724.5 5.4726803e-15 1e-20
3726.0 4.9870801e-15 1e-20
3727.5 4.6829e-15 1e-20
3729.0 4.7325302e-15 1e-20
3730.5 4.4222002e-15 1e-20
3732.0 4.3274901e-15 1e-20
3733.5 4.4242801e-15 1e-20
3735.0 4.55981e-15 1e-20
3736.5 4.2964802e-15 1e-20
3738.0 3.9343702e-15 1e-20
3739.5 3.8475599e-15 1e-20
3741.0 3.4280802e-15 1e-20
3742.5 3.6619898e-15 1e-20
3744.0 4.17008e-15 1e-20
3745.5 3.7753999e-15 1e-20
3747.0 3.3984999e-15 1e-20
3748.5 3.7051402e-15 1e-20
3750.0 4.0243404e-15 1e-20
3751.5 3.8846701e-15 1e-20
3753.0 3.5422001e-15 1e-20
3754.5 3.6222199e-15 1e-20
3756.0 3.5390699e-15 1e-20
3757.5 3.16894e-15 1e-20
3759.0 3.8245698e-15 1e-20
3760.5 3.1794601e-15 1e-20
3762.0 2.8652999e-15 1e-20
3763.5 3.2066099e-15 1e-20
3765.0 2.71343e-15 1e-20
3766.5 2.9909699e-15 1e-20
3768.0 3.2783999e-15 1e-20
3769.5 3.1054398e-15 1e-20
3771.0 3.1956601e-15 1e-20
3772.5 3.1659e-15 1e-20
3774.0 3.08233e-15 1e-20
3775.5 3.0473101e-15 1e-20
3777.0 2.8984699e-15 1e-20
3778.5 2.8155e-15 1e-20
3780.0 3.1562199e-15 1e-20
3781.5 3.0319801e-15 1e-20
3783.0 3.0412701e-15 1e-20
3784.5 3.1392801e-15 1e-20
3786.0 3.1378501e-15 1e-20
3787.5 3.2091201e-15 1e-20
3789.0 3.2055399e-15 1e-20
3790.5 2.95684e-15 1e-20
3792.0 3.1033102e-15 1e-20
3793.5 3.1055e-15 1e-20
3795.0 3.22661e-15 1e-20
3796.5 3.3878e-15 1e-20
3798.0 3.3050201e-15 1e-20
3799.5 3.1545601e-15 1e-20
3801.0 3.2050399e-15 1e-20
3802.5 3.4438401e-15 1e-20
3804.0 3.6565298e-15 1e-20
3805.5 3.78141e-15 1e-20
3807.0 3.8083601e-15 1e-20
3808.5 3.59865e-15 1e-20
3810.0 3.4064902e-15 1e-20
3811.5 3.3655501e-15 1e-20
3813.0 3.35512e-15 1e-20
3814.5 3.2982499e-15 1e-20
3816.0 3.1265801e-15 1e-20
3817.5 3.0660001e-15 1e-20
3819.0 3.0278101e-15 1e-20
3820.5 2.85605e-15 1e-20
3822.0 3.0189199e-15 1e-20
3823.5 3.4588201e-15 1e-20
3825.0 3.3881e-15 1e-20
3826.5 3.0959101e-15 1e-20
3828.0 3.1735e-15 1e-20
3829.5 3.5823001e-15 1e-20
3831.0 3.3469101e-15 1e-20
3832.5 3.2355399e-15 1e-20
3834.0 3.3563501e-15 1e-20
3835.5 3.36494e-15 1e-20
3837.0 3.37354e-15 1e-20
3838.5 3.3821399e-15 1e-20
3840.0 3.39074e-15 1e-20
3841.5 3.3993399e-15 1e-20
3843.0 3.3993399e-15 1e-20
3844.5 3.4631601e-15 1e-20
3846.0 3.39611e-15 1e-20
3847.5 3.22371e-15 1e-20
3849.0 3.2901102e-15 1e-20
3850.5 3.69186e-15 1e-20
3852.0 3.31461e-15 1e-20
3853.5 3.1454001e-15 1e-20
3855.0 3.6208503e-15 1e-20
3856.5 3.6939001e-15 1e-20
3858.0 3.6336701e-15 1e-20
3859.5 3.4401199e-15 1e-20
3861.0 3.6726798e-15 1e-20
3862.5 3.4542101e-15 1e-20
3864.0 3.8063899e-15 1e-20
3865.5 3.8547601e-15 1e-20
3867.0 3.8701998e-15 1e-20
3868.5 3.73009e-15 1e-20
3870.0 3.5725601e-15 1e-20
3871.5 4.0296898e-15 1e-20
3873.0 3.9618399e-15 1e-20
3874.5 4.0294399e-15 1e-20
3876.0 4.5545402e-15 1e-20
3877.5 4.2542903e-15 1e-20
3879.0 4.0791701e-15 1e-20
3880.5 4.2374903e-15 1e-20
3882.0 4.49754e-15 1e-20
3883.5 4.5026599e-15 1e-20
3885.0 4.4467603e-15 1e-20
3886.5 4.6555099e-15 1e-20
3888.0 4.79821e-15 1e-20
3889.5 4.6918303e-15 1e-20
3891.0 5.0172502e-15 1e-20
3892.5 4.8779302e-15 1e-20
3894.0 4.8033299e-15 1e-20
3895.5 5.1496503e-15 1e-20
3897.0 5.5257901e-15 1e-20
3898.5 5.2837e-15 1e-20
3900.0 5.33916e-15 1e-20
3901.5 5.6042199e-15 1e-20
3903.0 5.1782699e-15 1e-20
3904.5 5.2727297e-15 1e-20
3906.0 5.6078701e-15 1e-20
3907.5 5.7858703e-15 1e-20
3909.0 5.7898001e-15 1e-20
3910.5 5.67211e-15 1e-20
3912.0 5.8868599e-15 1e-20
3913.5 5.9066699e-15 1e-20
3915.0 5.89557e-15 1e-20
3916.5 5.9843898e-15 1e-20
3918.0 6.2424202e-15 1e-20
3919.5 6.1939602e-15 1e-20
3921.0 6.2846999e-15 1e-20
3922.5 6.6703802e-15 1e-20
3924.0 6.8514399e-15 1e-20
3925.5 6.65599e-15 1e-20
3927.0 6.6342704e-15 1e-20
3928.5 6.4940902e-15 1e-20
3930.0 6.5635601e-15 1e-20
3931.5 6.77522e-15 1e-20
3933.0 6.7290902e-15 1e-20
3934.5 6.5244597e-15 1e-20
3936.0 6.8237402e-15 1e-20
3937.5 6.9463101e-15 1e-20
3939.0 6.9246303e-15 1e-20
3940.5 6.9966899e-15 1e-20
3942.0 7.0771398e-15 1e-20
3943.5 7.0417699e-15 1e-20
3945.0 7.2232403e-15 1e-20
3946.5 7.2558901e-15 1e-20
3948.0 6.9813201e-15 1e-20
3949.5 6.8689701e-15 1e-20
3951.0 7.2762595e-15 1e-20
3952.5 7.4740502e-15 1e-20
3954.0 7.2785499e-15 1e-20
3955.5 7.2194202e-15 1e-20
3957.0 7.48749e-15 1e-20
3958.5 7.4353797e-15 1e-20
3960.0 7.4552596e-15 1e-20
3961.5 7.3871996e-15 1e-20
3963.0 7.5152998e-15 1e-20
3964.5 7.7188198e-15 1e-20
3966.0 7.6526903e-15 1e-20
3967.5 7.6291597e-15 1e-20
3969.0 7.3829797e-15 1e-20
3970.5 7.4213198e-15 1e-20
3972.0 7.7795504e-15 1e-20
3973.5 7.9982001e-15 1e-20
3975.0 8.20115e-15 1e-20
3976.5 7.77216e-15 1e-20
3978.0 8.0081104e-15 1e-20
3979.5 8.3541005e-15 1e-20
3981.0 8.4424799e-15 1e-20
3982.5 8.3746596e-15 1e-20
3984.0 8.1746201e-15 1e-20
3985.5 8.2817198e-15 1e-20
3987.0 8.04797e-15 1e-20
3988.5 7.8715602e-15 1e-20
3990.0 7.6125002e-15 1e-20
3991.5 7.7446298e-15 1e-20
3993.0 8.0538595e-15 1e-20
3994.5 8.0539001e-15 1e-20
3996.0 8.05575e-15 1e-20
3997.5 8.2674507e-15 1e-20
3999.0 8.1094401e-15 1e-20
4000.5 7.85305e-15 1e-20
4002.0 7.6232804e-15 1e-20
4003.5 7.4773002e-15 1e-20
4005.0 7.4076902e-15 1e-20
4006.5 7.6018098e-15 1e-20
4008.0 7.5098399e-15 1e-20
4009.5 7.1494095e-15 1e-20
4011.0 7.0543699e-15 1e-20
4012.5 7.17628e-15 1e-20
4014.0 6.95952e-15 1e-20
4015.5 6.4029999e-15 1e-20
4017.0 6.45994e-15 1e-20
4018.5 6.7802302e-15 1e-20
4020.0 6.6025299e-15 1e-20
4021.5 6.4768002e-15 1e-20
4023.0 6.4246001e-15 1e-20
4024.5 6.3201698e-15 1e-20
4026.0 6.1534398e-15 1e-20
4027.5 6.1645199e-15 1e-20
4029.0 6.4123998e-15 1e-20
4030.5 6.4204e-15 1e-20
4032.0 6.2478899e-15 1e-20
4033.5 6.3257899e-15 1e-20
4035.0 6.2202902e-15 1e-20
4036.5 6.2169902e-15 1e-20
4038.0 6.2461099e-15 1e-20
4039.5 6.1811099e-15 1e-20
4041.0 5.9136901e-15 1e-20
4042.5 5.92968e-15 1e-20
4044.0 6.2888397e-15 1e-20
4045.5 5.9701999e-15 1e-20
4047.0 5.91603e-15 1e-20
4048.5 5.83413e-15 1e-20
4050.0 5.9681302e-15 1e-20
4051.5 6.0716499e-15 1e-20
4053.0 6.1690401e-15 1e-20
4054.5 5.8111102e-15 1e-20
4056.0 5.8219001e-15 1e-20
4057.5 6.0394601e-15 1e-20
4059.0 6.28623e-15 1e-20
4060.5 5.82148e-15 1e-20
4062.0 5.9600902e-15 1e-20
4063.5 6.1768599e-15 1e-20
4065.0 5.9738104e-15 1e-20
4066.5 6.1514501e-15 1e-20
4068.0 6.1952701e-15 1e-20
4069.5 6.0317e-15 1e-20
4071.0 6.12743e-15 1e-20
4072.5 6.5229601e-15 1e-20
4074.0 6.2817001e-15 1e-20
4075.5 6.4392902e-15 1e-20
4077.0 6.7840902e-15 1e-20
4078.5 6.5872003e-15 1e-20
4080.0 6.5712198e-15 1e-20
4081.5 6.47362e-15 1e-20
4083.0 6.71795e-15 1e-20
4084.5 6.9800199e-15 1e-20
4086.0 6.9756598e-15 1e-20
4087.5 6.90372e-15 1e-20
4089.0 6.9219096e-15 1e-20
4090.5 7.1140197e-15 1e-20
4092.0 6.8989902e-15 1e-20
4093.5 6.8170702e-15 1e-20
4095.0 7.1634203e-15 1e-20
4096.5 7.3614405e-15 1e-20
4098.0 7.4187703e-15 1e-20
4099.5 7.56972e-15 1e-20
4101.0 7.2412398e-15 1e-20
4102.5 6.9600502e-15 1e-20
4104.0 7.1355699e-15 1e-20
4105.5 7.41819e-15 1e-20
4107.0 7.4758205e-15 1e-20
4108.5 7.3826299e-15 1e-20
4110.0 7.5831997e-15 1e-20
4111.5 7.7888195e-15 1e-20
4113.0 8.0642797e-15 1e-20
4114.5 7.9317097e-15 1e-20
4116.0 7.9024498e-15 1e-20
4117.5 7.86583e-15 1e-20
4119.0 7.8490096e-15 1e-20
4120.5 7.7669499e-15 1e-20
4122.0 7.6605101e-15 1e-20
4123.5 7.74624e-15 1e-20
4125.0 7.7576698e-15 1e-20
4126.5 7.7149404e-15 1e-20
4128.0 7.7855999e-15 1e-20
4129.5 7.8107102e-15 1e-20
4131.0 7.8511298e-15 1e-20
4132.5 7.91179e-15 1e-20
4134.0 7.9267401e-15 1e-20
4135.5 7.9518199e-15 1e-20
4137.0 7.6872102e-15 1e-20
4138.5 7.6191198e-15 1e-20
4140.0 7.9749295e-15 1e-20
4141.5 7.9143303e-15 1e-20
4143.0 7.9201502e-15 1e-20
4144.5 7.9040498e-15 1e-20
4146.0 7.8885398e-15 1e-20
4147.5 8.0083602e-15 1e-20
4149.0 8.1786503e-15 1e-20
4150.5 8.1663997e-15 1e-20
4152.0 8.0745694e-15 1e-20
4153.5 7.86346e-15 1e-20
4155.0 7.9047402e-15 1e-20
4156.5 7.9909004e-15 1e-20
4158.0 7.8933603e-15 1e-20
4159.5 7.6974102e-15 1e-20
4161.0 7.6167498e-15 1e-20
4162.5 7.4646201e-15 1e-20
4164.0 7.2901907e-15 1e-20
4165.5 7.5743101e-15 1e-20
4167.0 7.7558199e-15 1e-20
4168.5 7.5830701e-15 1e-20
4170.0 7.3936498e-15 1e-20
4171.5 7.1282202e-15 1e-20
4173.0 7.00012e-15 1e-20
4174.5 7.0433403e-15 1e-20
4176.0 6.9828901e-15 1e-20
4177.5 6.9568599e-15 1e-20
4179.0 7.1013099e-15 1e-20
4180.5 7.2364303e-15 1e-20
4182.0 7.1816103e-15 1e-20
4183.5 7.2959098e-15 1e-20
4185.0 7.1544197e-15 1e-20
4186.5 7.0128699e-15 1e-20
4188.0 6.9088801e-15 1e-20
4189.5 7.2298099e-15 1e-20
4191.0 7.0639799e-15 1e-20
4192.5 6.5818102e-15 1e-20
4194.0 6.5741001e-15 1e-20
4195.5 6.8396e-15 1e-20
4197.0 6.7560601e-15 1e-20
4198.5 6.70069e-15 1e-20
4200.0 6.6420897e-15 1e-20
4201.5 6.4698202e-15 1e-20
4203.0 6.5511599e-15 1e-20
4204.5 6.74057e-15 1e-20
4206.0 6.7510601e-15 1e-20
4207.5 6.53398e-15 1e-20
4209.0 6.7012499e-15 1e-20
4210.5 6.8660999e-15 1e-20
4212.0 6.95473e-15 1e-20
4213.5 6.8526202e-15 1e-20
4215.0 6.6771201e-15 1e-20
4216.5 6.7135399e-15 1e-20
4218.0 6.6912299e-15 1e-20
4219.5 6.6542701e-15 1e-20
4221.0 6.7484199e-15 1e-20
4222.5 6.8024102e-15 1e-20
4224.0 6.78359e-15 1e-20
4225.5 6.4962701e-15 1e-20
4227.0 6.6385102e-15 1e-20
4228.5 6.7832097e-15 1e-20
4230.0 6.60923e-15 1e-20
4231.5 6.48841e-15 1e-20
4233.0 6.4952401e-15 1e-20
4234.5 6.6269596e-15 1e-20
4236.0 6.6003399e-15 1e-20
4237.5 6.4545596e-15 1e-20
4239.0 6.4294599e-15 1e-20
4240.5 6.4470299e-15 1e-20
4242.0 6.2604701e-15 1e-20
4243.5 6.12949e-15 1e-20
4245.0 6.19181e-15 1e-20
4246.5 6.1222902e-15 1e-20
4248.0 5.9847998e-15 1e-20
4249.5 6.0304498e-15 1e-20
4251.0 6.0914798e-15 1e-20
4252.5 6.0791999e-15 1e-20
4254.0 5.8858401e-15 1e-20
4255.5 5.6030001e-15 1e-20
4257.0 5.75035e-15 1e-20
4258.5 5.9123903e-15 1e-20
4260.0 5.9808603e-15 1e-20
4261.5 5.9240701e-15 1e-20
4263.0 5.8411299e-15 1e-20
4264.5 5.6896101e-15 1e-20
4266.0 5.9215298e-15 1e-20
4267.5 5.74731e-15 1e-20
4269.0 5.5539497e-15 1e-20
4270.5 5.64671e-15 1e-20
4272.0 5.4417098e-15 1e-20
4273.5 5.3109398e-15 1e-20
4275.0 5.51169e-15 1e-20
4276.5 5.6993798e-15 1e-20
4278.0 5.5055498e-15 1e-20
4279.5 5.71658e-15 1e-20
4281.0 5.6906198e-15 1e-20
4282.5 5.6047603e-15 1e-20
4284.0 5.53552e-15 1e-20
4285.5 5.33254e-15 1e-20
4287.0 5.47078e-15 1e-20
4288.5 5.2382398e-15 1e-20
4290.0 5.2122799e-15 1e-20
4291.5 5.2173202e-15 1e-20
4293.0 5.1082401e-15 1e-20
4294.5 5.1634303e-15 1e-20
4296.0 5.2395904e-15 1e-20
4297.5 5.3373401e-15 1e-20
4299.0 5.2284498e-15 1e-20
4300.5 5.2599603e-15 1e-20
4302.0 5.37716e-15 1e-20
4303.5 5.3451802e-15 1e-20
4305.0 5.2087698e-15 1e-20
4306.5 5.05936e-15 1e-20
4308.0 4.9368502e-15 1e-20
4309.5 4.9844098e-15 1e-20
4311.0 5.1230797e-15 1e-20
4312.5 5.0544802e-15 1e-20
4314.0 5.1102501e-15 1e-20
4315.5 5.21473e-15 1e-20
4317.0 5.1325796e-15 1e-20
4318.5 4.9876099e-15 1e-20
4320.0 5.1107702e-15 1e-20
4321.5 4.94807e-15 1e-20
4323.0 4.9875104e-15 1e-20
4324.5 4.9594203e-15 1e-20
4326.0 4.7630302e-15 1e-20
4327.5 4.791e-15 1e-20
4329.0 4.6764304e-15 1e-20
4330.5 4.7257298e-15 1e-20
4332.0 4.8767401e-15 1e-20
4333.5 4.75243e-15 1e-20
4335.0 4.7952098e-15 1e-20
4336.5 4.8851401e-15 1e-20
4338.0 4.73141e-15 1e-20
4339.5 4.6047303e-15 1e-20
4341.0 4.59021e-15 1e-20
4342.5 4.3798901e-15 1e-20
4344.0 4.0633301e-15 1e-20
4345.5 4.03702e-15 1e-20
4347.0 4.01811e-15 1e-20
4348.5 4.0830698e-15 1e-20
4350.0 3.8173103e-15 1e-20
4351.5 3.85197e-15 1e-20
4353.0 3.8954901e-15 1e-20
4354.5 3.8473401e-15 1e-20
4356.0 3.9784502e-15 1e-20
4357.5 3.8846299e-15 1e-20
4359.0 3.7311501e-15 1e-20
4360.5 3.74658e-15 1e-20
4362.0 3.7757298e-15 1e-20
4363.5 3.9895201e-15 1e-20
4365.0 4.0712499e-15 1e-20
4366.5 4.1036701e-15 1e-20
4368.0 3.9739e-15 1e-20
4369.5 3.9674498e-15 1e-20
4371.0 4.1160999e-15 1e-20
4372.5 4.1734198e-15 1e-20
4374.0 4.1606203e-15 1e-20
4375.5 4.12688e-15 1e-20
4377.0 4.1618799e-15 1e-20
4378.5 4.1938702e-15 1e-20
4380.0 4.3372898e-15 1e-20
4381.5 4.3665599e-15 1e-20
4383.0 4.24147e-15 1e-20
4384.5 4.2283902e-15 1e-20
4386.0 4.29003e-15 1e-20
4387.5 4.12206e-15 1e-20
4389.0 4.0956804e-15 1e-20
4390.5 4.3070202e-15 1e-20
4392.0 4.3829597e-15 1e-20
4393.5 4.3310798e-15 1e-20
4395.0 4.4339197e-15 1e-20
4396.5 4.5294799e-15 1e-20
4398.0 4.4962402e-15 1e-20
4399.5 4.5405303e-15 1e-20
4401.0 4.60502e-15 1e-20
4402.5 4.67177e-15 1e-20
4404.0 4.6161398e-15 1e-20
4405.5 4.7156903e-15 1e-20
4407.0 4.6693602e-15 1e-20
4408.5 4.6250803e-15 1e-20
4410.0 4.5982399e-15 1e-20
4411.5 4.5513702e-15 1e-20
4413.0 4.5228298e-15 1e-20
4414.5 4.5176502e-15 1e-20
4416.0 4.7155502e-15 1e-20
4417.5 4.6384303e-15 1e-20
4419.0 4.7688899e-15 1e-20
4420.5 4.8648202e-15 1e-20
4422.0 4.86285e-15 1e-20
4423.5 4.9048802e-15 1e-20
4425.0 4.8234401e-15 1e-20
4426.5 4.6588502e-15 1e-20
4428.0 4.6687499e-15 1e-20
4429.5 4.6323402e-15 1e-20
4431.0 4.7502798e-15 1e-20
4432.5 4.8385499e-15 1e-20
4434.0 4.7542299e-15 1e-20
4435.5 4.6385299e-15 1e-20
4437.0 4.7684897e-15 1e-20
4438.5 4.75068e-15 1e-20
4440.0 4.7751097e-15 1e-20
4441.5 4.70619e-15 1e-20
4443.0 4.7919796e-15 1e-20
4444.5 4.786e-15 1e-20
4446.0 4.7183801e-15 1e-20
4447.5 4.7479102e-15 1e-20
4449.0 4.7466697e-15 1e-20
4450.5 4.5598401e-15 1e-20
4452.0 4.51903e-15 1e-20
4453.5 4.59423e-15 1e-20
4455.0 4.6305898e-15 1e-20
4456.5 4.51305e-15 1e-20
4458.0 4.5238598e-15 1e-20
4459.5 4.31587e-15 1e-20
4461.0 4.2714499e-15 1e-20
4462.5 4.40629e-15 1e-20
4464.0 4.2918702e-15 1e-20
4465.5 4.2162801e-15 1e-20
4467.0 4.3689299e-15 1e-20
4468.5 4.1469204e-15 1e-20
4470.0 4.04418e-15 1e-20
4471.5 4.1522898e-15 1e-20
4473.0 4.3333303e-15 1e-20
4474.5 4.3706197e-15 1e-20
4476.0 4.3351104e-15 1e-20
4477.5 4.1665601e-15 1e-20
4479.0 4.2646597e-15 1e-20
4480.5 4.48479e-15 1e-20
4482.0 4.3895704e-15 1e-20
4483.5 4.4079201e-15 1e-20
4485.0 4.22395e-15 1e-20
4486.5 4.2702099e-15 1e-20
4488.0 4.3168899e-15 1e-20
4489.5 4.41541e-15 1e-20
4491.0 4.3122401e-15 1e-20
4492.5 4.5159799e-15 1e-20
4494.0 4.53191e-15 1e-20
4495.5 4.4180599e-15 1e-20
4497.0 4.5072897e-15 1e-20
4498.5 4.6747998e-15 1e-20
4500.0 4.7332802e-15 1e-20
4501.5 4.6077097e-15 1e-20
4503.0 4.8854599e-15 1e-20
4504.5 4.8432599e-15 1e-20
4506.0 4.7227703e-15 1e-20
4507.5 4.9980301e-15 1e-20
4509.0 5.0051198e-15 1e-20
4510.5 4.95969e-15 1e-20
4512.0 5.01327e-15 1e-20
4513.5 5.1805501e-15 1e-20
4515.0 5.30629e-15 1e-20
4516.5 5.0756603e-15 1e-20
4518.0 5.08739e-15 1e-20
4519.5 5.15705e-15 1e-20
4521.0 5.3084402e-15 1e-20
4522.5 5.2407699e-15 1e-20
4524.0 5.19402e-15 1e-20
4525.5 5.1652798e-15 1e-20
4527.0 5.2684399e-15 1e-20
4528.5 5.2866304e-15 1e-20
4530.0 5.3733e-15 1e-20
4531.5 5.3395602e-15 1e-20
4533.0 5.1805399e-15 1e-20
4534.5 5.0513902e-15 1e-20
4536.0 5.2341698e-15 1e-20
4537.5 5.2541297e-15 1e-20
4539.0 5.2236399e-15 1e-20
4540.5 5.1671398e-15 1e-20
4542.0 5.29284e-15 1e-20
4543.5 5.26355e-15 1e-20
4545.0 5.22759e-15 1e-20
4546.5 5.1684498e-15 1e-20
4548.0 5.0700898e-15 1e-20
4549.5 5.3293699e-15 1e-20
4551.0 5.22934e-15 1e-20
4552.5 5.1118697e-15 1e-20
4554.0 5.23823e-15 1e-20
4555.5 5.2983601e-15 1e-20
4557.0 5.3385903e-15 1e-20
4558.5 5.25443e-15 1e-20
4560.0 5.3591097e-15 1e-20
4561.5 5.3577701e-15 1e-20
4563.0 5.45543e-15 1e-20
4564.5 5.3159097e-15 1e-20
4566.0 5.2658501e-15 1e-20
4567.5 5.33741e-15 1e-20
4569.0 5.45986e-15 1e-20
4570.5 5.3347202e-15 1e-20
4572.0 5.1972701e-15 1e-20
4573.5 5.31701e-15 1e-20
4575.0 5.4312701e-15 1e-20
4576.5 5.4762802e-15 1e-20
4578.0 5.3079701e-15 1e-20
4579.5 5.3739802e-15 1e-20
4581.0 5.26708e-15 1e-20
4582.5 5.1993301e-15 1e-20
4584.0 5.2517398e-15 1e-20
4585.5 5.1878502e-15 1e-20
4587.0 5.2261501e-15 1e-20
4588.5 5.12531e-15 1e-20
4590.0 5.0913503e-15 1e-20
4591.5 5.1592103e-15 1e-20
4593.0 5.1490599e-15 1e-20
4594.5 4.9471404e-15 1e-20
4596.0 4.9552999e-15 1e-20
4597.5 5.0947799e-15 1e-20
4599.0 5.0544298e-15 1e-20
4600.5 4.9428802e-15 1e-20
4602.0 4.9283799e-15 1e-20
4603.5 4.9742599e-15 1e-20
4605.0 4.9050102e-15 1e-20
4606.5 5.0659901e-15 1e-20
4608.0 5.2114299e-15 1e-20
4609.5 4.9652e-15 1e-20
4611.0 5.0045701e-15 1e-20
4612.5 5.2076996e-15 1e-20
4614.0 5.1211201e-15 1e-20
4615.5 5.0452598e-15 1e-20
4617.0 5.14149e-15 1e-20
4618.5 5.1192499e-15 1e-20
4620.0 4.9103499e-15 1e-20
4621.5 4.8779996e-15 1e-20
4623.0 4.9836602e-15 1e-20
4624.5 4.9104901e-15 1e-20
4626.0 4.8930404e-15 1e-20
4627.5 5.0820799e-15 1e-20
4629.0 4.9118801e-15 1e-20
4630.5 4.8112797e-15 1e-20
4632.0 4.8543602e-15 1e-20
4633.5 4.9725099e-15 1e-20
4635.0 5.0645298e-15 1e-20
4636.5 5.09504e-15 1e-20
4638.0 4.9921399e-15 1e-20
4639.5 5.0138502e-15 1e-20
4641.0 5.1260702e-15 1e-20
4642.5 5.00498e-15 1e-20
4644.0 5.02613e-15 1e-20
4645.5 5.2003198e-15 1e-20
4647.0 5.2185403e-15 1e-20
4648.5 5.0637997e-15 1e-20
4650.0 5.0310204e-15 1e-20
4651.5 5.1211803e-15 1e-20
4653.0 5.0696201e-15 1e-20
4654.5 4.9964602e-15 1e-20
4656.0 5.0548e-15 1e-20
4657.5 5.0561201e-15 1e-20
4659.0 4.9963496e-15 1e-20
4660.5 5.0528599e-15 1e-20
4662.0 5.0713701e-15 1e-20
4663.5 5.0689903e-15 1e-20
4665.0 5.1493801e-15 1e-20
4666.5 5.1341399e-15 1e-20
4668.0 5.1641003e-15 1e-20
4669.5 5.17619e-15 1e-20
4671.0 5.03777e-15 1e-20
4672.5 4.9787e-15 1e-20
4674.0 5.07021e-15 1e-20
4675.5 5.0483498e-15 1e-20
4677.0 5.0149297e-15 1e-20
4678.5 4.8711899e-15 1e-20
4680.0 4.9415e-15 1e-20
4681.5 5.0943899e-15 1e-20
4683.0 4.9292998e-15 1e-20
4684.5 4.91659e-15 1e-20
4686.0 4.90636e-15 1e-20
4687.5 4.6359701e-15 1e-20
4689.0 4.66927e-15 1e-20
4690.5 4.7715801e-15 1e-20
4692.0 4.7451603e-15 1e-20
4693.5 4.6812902e-15 1e-20
4695.0 4.5207703e-15 1e-20
4696.5 4.4647399e-15 1e-20
4698.0 4.44862e-15 1e-20
4699.5 4.5173999e-15 1e-20
4701.0 4.45514e-15 1e-20
4702.5 4.26076e-15 1e-20
4704.0 4.1826e-15 1e-20
4705.5 4.2229399e-15 1e-20
4707.0 4.1180603e-15 1e-20
4708.5 4.1418802e-15 1e-20
4710.0 4.2249499e-15 1e-20
4711.5 4.25056e-15 1e-20
4713.0 4.1618299e-15 1e-20
4714.5 4.1349201e-15 1e-20
4716.0 4.2931801e-15 1e-20
4717.5 4.2073397e-15 1e-20
4719.0 4.14298e-15 1e-20
4720.5 4.24706e-15 1e-20
4722.0 4.1986898e-15 1e-20
4723.5 4.1611201e-15 1e-20
4725.0 4.0463098e-15 1e-20
4726.5 3.97496e-15 1e-20
4728.0 4.0838601e-15 1e-20
4729.5 4.1573402e-15 1e-20
4731.0 4.2218299e-15 1e-20
4732.5 4.1958798e-15 1e-20
4734.0 4.1742e-15 1e-20
4735.5 4.2369998e-15 1e-20
4737.0 4.3237398e-15 1e-20
4738.5 4.3365897e-15 1e-20
4740.0 4.3102999e-15 1e-20
4741.5 4.2413002e-15 1e-20
4743.0 4.2154001e-15 1e-20
4744.5 4.29219e-15 1e-20
4746.0 4.2384601e-15 1e-20
4747.5 4.2375597e-15 1e-20
4749.0 4.26563e-15 1e-20
4750.5 4.2200198e-15 1e-20
4752.0 4.3027203e-15 1e-20
4753.5 4.3127e-15 1e-20
4755.0 4.4031703e-15 1e-20
4756.5 4.4825602e-15 1e-20
4758.0 4.43306e-15 1e-20
4759.5 4.3980801e-15 1e-20
4761.0 4.4216399e-15 1e-20
4762.5 4.4903698e-15 1e-20
4764.0 4.3828703e-15 1e-20
4765.5 4.3734103e-15 1e-20
4767.0 4.2156101e-15 1e-20
4768.5 4.2822001e-15 1e-20
4770.0 4.3623298e-15 1e-20
4771.5 4.39751e-15 1e-20
4773.0 4.2075201e-15 1e-20
4774.5 4.3407101e-15 1e-20
4776.0 4.3450999e-15 1e-20
4777.5 4.3311501e-15 1e-20
4779.0 4.37839e-15 1e-20
4780.5 4.30144e-15 1e-20
4782.0 4.3065802e-15 1e-20
4783.5 4.1941599e-15 1e-20
4785.0 4.1758601e-15 1e-20
4786.5 4.15161e-15 1e-20
4788.0 4.1133097e-15 1e-20
4789.5 4.0453802e-15 1e-20
4791.0 4.1322299e-15 1e-20
4792.5 4.1526099e-15 1e-20
4794.0 4.0677902e-15 1e-20
4795.5 4.0163101e-15 1e-20
4797.0 3.8293097e-15 1e-20
4798.5 3.8947998e-15 1e-20
4800.0 3.8457502e-15 1e-20
4801.5 3.8487301e-15 1e-20
4803.0 3.8293601e-15 1e-20
4804.5 3.8696497e-15 1e-20
4806.0 3.8025202e-15 1e-20
4807.5 3.6870302e-15 1e-20
4809.0 3.8117397e-15 1e-20
4810.5 3.89564e-15 1e-20
4812.0 3.8167101e-15 1e-20
4813.5 3.6379299e-15 1e-20
4815.0 3.5741898e-15 1e-20
4816.5 3.7318599e-15 1e-20
4818.0 3.9278099e-15 1e-20
4819.5 4.0092102e-15 1e-20
4821.0 3.9056397e-15 1e-20
4822.5 3.7666001e-15 1e-20
4824.0 3.7648103e-15 1e-20
4825.5 3.9464099e-15 1e-20
4827.0 3.8963799e-15 1e-20
4828.5 3.8021801e-15 1e-20
4830.0 3.8656098e-15 1e-20
4831.5 3.9948899e-15 1e-20
4833.0 4.0533199e-15 1e-20
4834.5 3.9825901e-15 1e-20
4836.0 4.0093199e-15 1e-20
4837.5 3.9041803e-15 1e-20
4839.0 3.9611602e-15 1e-20
4840.5 3.94054e-15 1e-20
4842.0 4.1163201e-15 1e-20
4843.5 4.1327199e-15 1e-20
4845.0 4.0558199e-15 1e-20
4846.5 4.1512399e-15 1e-20
4848.0 4.0714104e-15 1e-20
4849.5 4.19368e-15 1e-20
4851.0 3.9846501e-15 1e-20
4852.5 4.1082e-15 1e-20
4854.0 4.0893404e-15 1e-20
4855.5 4.1234597e-15 1e-20
4857.0 4.0765201e-15 1e-20
4858.5 4.1331502e-15 1e-20
4860.0 3.8948502e-15 1e-20
4861.5 3.9531299e-15 1e-20
4863.0 4.0437399e-15 1e-20
4864.5 3.97259e-15 1e-20
4866.0 3.8837702e-15 1e-20
4867.5 3.9440603e-15 1e-20
4869.0 3.97988e-15 1e-20
4870.5 3.8869101e-15 1e-20
4872.0 3.8103701e-15 1e-20
4873.5 3.75835e-15 1e-20
4875.0 3.80302e-15 1e-20
4876.5 3.6988798e-15 1e-20
4878.0 3.5532799e-15 1e-20
4879.5 3.50014e-15 1e-20
4881.0 3.5054501e-15 1e-20
4882.5 3.55988e-15 1e-20
4884.0 3.46227e-15 1e-20
4885.5 3.4171399e-15 1e-20
4887.0 3.47841e-15 1e-20
4888.5 3.4515701e-15 1e-20
4890.0 3.24696e-15 1e-20
4891.5 3.18571e-15 1e-20
4893.0 3.15691e-15 1e-20
4894.5 3.0060401e-15 1e-20
4896.0 3.0111799e-15 1e-20
4897.5 3.10952e-15 1e-20
4899.0 3.0056401e-15 1e-20
4900.5 2.8443e-15 1e-20
4902.0 2.7283101e-15 1e-20
4903.5 2.8613902e-15 1e-20
4905.0 2.75502e-15 1e-20
4906.5 2.6790801e-15 1e-20
4908.0 2.81005e-15 1e-20
4909.5 2.6268201e-15 1e-20
4911.0 2.5773699e-15 1e-20
4912.5 2.5826399e-15 1e-20
4914.0 2.61829e-15 1e-20
4915.5 2.72202e-15 1e-20
4917.0 2.56474e-15 1e-20
4918.5 2.61092e-15 1e-20
4920.0 2.6106602e-15 1e-20
4921.5 2.5487001e-15 1e-20
4923.0 2.59759e-15 1e-20
4924.5 2.5140099e-15 1e-20
4926.0 2.3946699e-15 1e-20
4927.5 2.49056e-15 1e-20
4929.0 2.4944502e-15 1e-20
4930.5 2.5801401e-15 1e-20
4932.0 2.64699e-15 1e-20
4933.5 2.5977899e-15 1e-20
4935.0 2.6129101e-15 1e-20
4936.5 2.7362298e-15 1e-20
4938.0 2.7230301e-15 1e-20
4939.5 2.7765101e-15 1e-20
4941.0 2.78802e-15 1e-20
4942.5 2.8140899e-15 1e-20
4944.0 2.7619601e-15 1e-20
4945.5 2.7497699e-15 1e-20
4947.0 2.7681799e-15 1e-20
4948.5 2.85467e-15 1e-20
4950.0 2.9258102e-15 1e-20
4951.5 2.9414202e-15 1e-20
4953.0 2.9065499e-15 1e-20
4954.5 2.94695e-15 1e-20
4956.0 3.0298701e-15 1e-20
4957.5 3.0518201e-15 1e-20
4959.0 3.0141398e-15 1e-20
4960.5 3.0372802e-15 1e-20
4962.0 3.0785698e-15 1e-20
4963.5 3.06073e-15 1e-20
4965.0 2.97892e-15 1e-20
4966.5 3.00337e-15 1e-20
4968.0 3.04617e-15 1e-20
4969.5 3.0194499e-15 1e-20
4971.0 2.9776101e-15 1e-20
4972.5 3.05006e-15 1e-20
4974.0 3.1133799e-15 1e-20
4975.5 3.0888901e-15 1e-20
4977.0 2.99376e-15 1e-20
4978.5 3.11288e-15 1e-20
4980.0 3.11237e-15 1e-20
4981.5 3.2008801e-15 1e-20
4983.0 3.0366999e-15 1e-20
4984.5 3.1565e-15 1e-20
4986.0 3.1747701e-15 1e-20
4987.5 3.15677e-15 1e-20
4989.0 3.2495e-15 1e-20
4990.5 3.39674e-15 1e-20
4992.0 3.3590199e-15 1e-20
4993.5 3.4266e-15 1e-20
4995.0 3.3549099e-15 1e-20
4996.5 3.2983601e-15 1e-20
4998.0 3.3593399e-15 1e-20
4999.5 3.4492399e-15 1e-20
5001.0 3.41998e-15 1e-20
5002.5 3.4261799e-15 1e-20
5004.0 3.4235401e-15 1e-20
5005.5 3.3827601e-15 1e-20
5007.0 3.35765e-15 1e-20
5008.5 3.3578e-15 1e-20
5010.0 3.36096e-15 1e-20
5011.5 3.51075e-15 1e-20
5013.0 3.49263e-15 1e-20
5014.5 3.3934101e-15 1e-20
5016.0 3.2747901e-15 1e-20
5017.5 3.2118399e-15 1e-20
5019.0 3.3318998e-15 1e-20
5020.5 3.29663e-15 1e-20
5022.0 3.3003e-15 1e-20
5023.5 3.29649e-15 1e-20
5025.0 3.3280001e-15 1e-20
5026.5 3.4148701e-15 1e-20
5028.0 3.4272499e-15 1e-20
5029.5 3.3728901e-15 1e-20
5031.0 3.2808699e-15 1e-20
5032.5 3.28156e-15 1e-20
5034.0 3.34066e-15 1e-20
5035.5 3.3861698e-15 1e-20
5037.0 3.33902e-15 1e-20
5038.5 3.2646899e-15 1e-20
5040.0 3.32046e-15 1e-20
5041.5 3.29668e-15 1e-20
5043.0 3.3925099e-15 1e-20
5044.5 3.48611e-15 1e-20
5046.0 3.3930099e-15 1e-20
5047.5 3.32122e-15 1e-20
5049.0 3.4072999e-15 1e-20
5050.5 3.5145e-15 1e-20
5052.0 3.4749999e-15 1e-20
5053.5 3.3164698e-15 1e-20
5055.0 3.5040499e-15 1e-20
5056.5 3.4558699e-15 1e-20
5058.0 3.38238e-15 1e-20
5059.5 3.4710601e-15 1e-20
5061.0 3.4802401e-15 1e-20
5062.5 3.4567298e-15 1e-20
5064.0 3.42075e-15 1e-20
5065.5 3.4772898e-15 1e-20
5067.0 3.45172e-15 1e-20
5068.5 3.4683399e-15 1e-20
5070.0 3.5671103e-15 1e-20
5071.5 3.43907e-15 1e-20
5073.0 3.3601501e-15 1e-20
5074.5 3.3735499e-15 1e-20
5076.0 3.4346002e-15 1e-20
5077.5 3.5737298e-15 1e-20
5079.0 3.5107e-15 1e-20
5080.5 3.6357301e-15 1e-20
5082.0 3.5091601e-15 1e-20
5083.5 3.4736499e-15 1e-20
5085.0 3.5639301e-15 1e-20
5086.5 3.54155e-15 1e-20
5088.0 3.4770601e-15 1e-20
5089.5 3.3759502e-15 1e-20
5091.0 3.43697e-15 1e-20
5092.5 3.5083899e-15 1e-20
5094.0 3.5465001e-15 1e-20
5095.5 3.4633401e-15 1e-20
5097.0 3.4415201e-15 1e-20
5098.5 3.4959301e-15 1e-20
5100.0 3.5066099e-15 1e-20
5101.5 3.55147e-15 1e-20
5103.0 3.59739e-15 1e-20
5104.5 3.5706699e-15 1e-20
5106.0 3.5092499e-15 1e-20
5107.5 3.5622e-15 1e-20
5109.0 3.64515e-15 1e-20
5110.5 3.6588702e-15 1e-20
5112.0 3.5641402e-15 1e-20
5113.5 3.6108697e-15 1e-20
5115.0 3.6313501e-15 1e-20
5116.5 3.7110102e-15 1e-20
5118.0 3.6868299e-15 1e-20
5119.5 3.6942999e-15 1e-20
5121.0 3.7992799e-15 1e-20
5122.5 3.7507703e-15 1e-20
5124.0 3.6749299e-15 1e-20
5125.5 3.6955298e-15 1e-20
5127.0 3.6860401e-15 1e-20
5128.5 3.7242501e-15 1e-20
5130.0 3.9409e-15 1e-20
5131.5 3.7848697e-15 1e-20
5133.0 3.86047e-15 1e-20
5134.5 3.8040398e-15 1e-20
5136.0 3.79094e-15 1e-20
5137.5 3.9037097e-15 1e-20
5139.0 3.8512199e-15 1e-20
5140.5 3.8816898e-15 1e-20
5142.0 3.8304503e-15 1e-20
5143.5 3.7745101e-15 1e-20
5145.0 3.9798199e-15 1e-20
5146.5 4.0563696e-15 1e-20
5148.0 4.04542e-15 1e-20
5149.5 3.8114501e-15 1e-20
5151.0 3.9224601e-15 1e-20
5152.5 3.9659099e-15 1e-20
5154.0 3.9739101e-15 1e-20
5155.5 4.0623399e-15 1e-20
5157.0 3.9756703e-15 1e-20
5158.5 4.0161398e-15 1e-20
5160.0 4.0173002e-15 1e-20
5161.5 3.9817901e-15 1e-20
5163.0 4.0172799e-15 1e-20
5164.5 4.0979302e-15 1e-20
5166.0 3.9384898e-15 1e-20
5167.5 3.9439502e-15 1e-20
5169.0 4.0020299e-15 1e-20
5170.5 3.9644699e-15 1e-20
5172.0 3.9413099e-15 1e-20
5173.5 3.9035801e-15 1e-20
5175.0 3.9659099e-15 1e-20
5176.5 4.0772498e-15 1e-20
5178.0 4.08638e-15 1e-20
5179.5 3.9010301e-15 1e-20
5181.0 3.86712e-15 1e-20
5182.5 4.0049399e-15 1e-20
5184.0 3.92472e-15 1e-20
5185.5 3.9184701e-15 1e-20
5187.0 3.8181099e-15 1e-20
5188.5 3.6851701e-15 1e-20
5190.0 3.8364998e-15 1e-20
5191.5 3.7307702e-15 1e-20
5193.0 3.6532899e-15 1e-20
5194.5 3.7207303e-15 1e-20
5196.0 3.7827699e-15 1e-20
5197.5 3.8876602e-15 1e-20
5199.0 3.7545201e-15 1e-20
5200.5 3.7028998e-15 1e-20
5202.0 3.6327299e-15 1e-20
5203.5 3.7075801e-15 1e-20
5205.0 3.7292099e-15 1e-20
5206.5 3.6020301e-15 1e-20
5208.0 3.5648301e-15 1e-20
5209.5 3.5846701e-15 1e-20
5211.0 3.5929101e-15 1e-20
5212.5 3.7388102e-15 1e-20
5214.0 3.62655e-15 1e-20
5215.5 3.7191002e-15 1e-20
5217.0 3.6672901e-15 1e-20
5218.5 3.5706403e-15 1e-20
5220.0 3.62372e-15 1e-20
5221.5 3.6915902e-15 1e-20
5223.0 3.7017102e-15 1e-20
5224.5 3.7753999e-15 1e-20
5226.0 3.6664499e-15 1e-20
5227.5 3.6281301e-15 1e-20
5229.0 3.7255499e-15 1e-20
5230.5 3.7528299e-15 1e-20
5232.0 3.6717299e-15 1e-20
5233.5 3.6488197e-15 1e-20
5235.0 3.69016e-15 1e-20
5236.5 3.7211301e-15 1e-20
5238.0 3.66074e-15 1e-20
5239.5 3.6664198e-15 1e-20
5241.0 3.7763702e-15 1e-20
5242.5 3.7720999e-15 1e-20
5244.0 3.7630997e-15 1e-20
5245.5 3.83525e-15 1e-20
5247.0 3.8538898e-15 1e-20
5248.5 3.8087798e-15 1e-20
5250.0 3.7541301e-15 1e-20
5251.5 3.8349899e-15 1e-20
5253.0 3.8289099e-15 1e-20
5254.5 3.7957799e-15 1e-20
5256.0 3.8293902e-15 1e-20
5257.5 3.75861e-15 1e-20
5259.0 3.7253199e-15 1e-20
5260.5 3.8683601e-15 1e-20
5262.0 3.8736202e-15 1e-20
5263.5 3.7733302e-15 1e-20
5265.0 3.7835001e-15 1e-20
5266.5 3.7956e-15 1e-20
5268.0 3.8472198e-15 1e-20
5269.5 3.8655801e-15 1e-20
5271.0 3.82201e-15 1e-20
5272.5 3.8824301e-15 1e-20
5274.0 3.7347902e-15 1e-20
5275.5 3.6976698e-15 1e-20
5277.0 3.6941199e-15 1e-20
5278.5 3.69621e-15 1e-20
5280.0 3.7120402e-15 1e-20
5281.5 3.6459801e-15 1e-20
5283.0 3.6555702e-15 1e-20
5284.5 3.6185802e-15 1e-20
5286.0 3.52215e-15 1e-20
5287.5 3.4441601e-15 1e-20
5289.0 3.3796699e-15 1e-20
5290.5 3.3559001e-15 1e-20
5292.0 3.38623e-15 1e-20
5293.5 3.34898e-15 1e-20
5295.0 3.28707e-15 1e-20
5296.5 3.37836e-15 1e-20
5298.0 3.3197201e-15 1e-20
5299.5 3.13214e-15 1e-20
5301.0 3.0483602e-15 1e-20
5302.5 3.0319301e-15 1e-20
5304.0 2.9773401e-15 1e-20
5305.5 2.9357901e-15 1e-20
5307.0 2.87997e-15 1e-20
5308.5 2.89562e-15 1e-20
5310.0 2.99143e-15 1e-20
5311.5 2.8996301e-15 1e-20
5313.0 2.80432e-15 1e-20
5314.5 2.86169e-15 1e-20
5316.0 2.80848e-15 1e-20
5317.5 2.7637201e-15 1e-20
5319.0 2.79985e-15 1e-20
5320.5 2.73945e-15 1e-20
5322.0 2.6397401e-15 1e-20
5323.5 2.5876998e-15 1e-20
5325.0 2.5876401e-15 1e-20
5326.5 2.6430399e-15 1e-20
5328.0 2.6868802e-15 1e-20
5329.5 2.7155701e-15 1e-20
5331.0 2.6304801e-15 1e-20
5332.5 2.60158e-15 1e-20
5334.0 2.5990501e-15 1e-20
5335.5 2.68992e-15 1e-20
5337.0 2.7269298e-15 1e-20
5338.5 2.6716198e-15 1e-20
5340.0 2.61311e-15 1e-20
5341.5 2.5857e-15 1e-20
5343.0 2.7068801e-15 1e-20
5344.5 2.6894802e-15 1e-20
5346.0 2.5697201e-15 1e-20
5347.5 2.60202e-15 1e-20
5349.0 2.65277e-15 1e-20
5350.5 2.7057599e-15 1e-20
5352.0 2.8067902e-15 1e-20
5353.5 2.7469499e-15 1e-20
5355.0 2.6623599e-15 1e-20
5356.5 2.71031e-15 1e-20
5358.0 2.6762099e-15 1e-20
5359.5 2.61933e-15 1e-20
5361.0 2.69024e-15 1e-20
5362.5 2.6717501e-15 1e-20
5364.0 2.6224502e-15 1e-20
5365.5 2.69256e-15 1e-20
5367.0 2.71737e-15 1e-20
5368.5 2.6395198e-15 1e-20
5370.0 2.6942301e-15 1e-20
5371.5 2.6473701e-15 1e-20
5373.0 2.5621e-15 1e-20
5374.5 2.66912e-15 1e-20
5376.0 2.6478601e-15 1e-20
5377.5 2.68416e-15 1e-20
5379.0 2.73243e-15 1e-20
5380.5 2.7048401e-15 1e-20
5382.0 2.7780999e-15 1e-20
5383.5 2.7191801e-15 1e-20
5385.0 2.6302099e-15 1e-20
5386.5 2.6940201e-15 1e-20
5388.0 2.7578002e-15 1e-20
5389.5 2.8029201e-15 1e-20
5391.0 2.84404e-15 1e-20
5392.5 2.7978301e-15 1e-20
5394.0 2.73695e-15 1e-20
5395.5 2.8439701e-15 1e-20
5397.0 2.9533e-15 1e-20
5398.5 2.9142302e-15 1e-20
5400.0 2.8750702e-15 1e-20
5401.5 2.9283401e-15 1e-20
5403.0 3.0066199e-15 1e-20
5404.5 3.00968e-15 1e-20
5406.0 2.9386402e-15 1e-20
5407.5 2.90586e-15 1e-20
5409.0 2.8570298e-15 1e-20
5410.5 2.8650201e-15 1e-20
5412.0 2.84778e-15 1e-20
5413.5 2.94279e-15 1e-20
5415.0 2.87363e-15 1e-20
5416.5 2.78353e-15 1e-20
5418.0 2.92885e-15 1e-20
5419.5 2.91875e-15 1e-20
5421.0 2.83222e-15 1e-20
5422.5 2.8313402e-15 1e-20
5424.0 2.8341e-15 1e-20
5425.5 2.85392e-15 1e-20
5427.0 2.7965301e-15 1e-20
5428.5 2.8213998e-15 1e-20
5430.0 2.8498699e-15 1e-20
5431.5 2.93028e-15 1e-20
5433.0 2.9600401e-15 1e-20
5434.5 2.7861899e-15 1e-20
5436.0 2.7059399e-15 1e-20
5437.5 2.8727099e-15 1e-20
5439.0 2.86728e-15 1e-20
5440.5 2.9173901e-15 1e-20
5442.0 2.8989101e-15 1e-20
5443.5 2.8057899e-15 1e-20
5445.0 2.8467901e-15 1e-20
5446.5 2.83915e-15 1e-20
5448.0 2.91758e-15 1e-20
5449.5 2.9718299e-15 1e-20
5451.0 2.8210199e-15 1e-20
5452.5 2.74415e-15 1e-20
5454.0 2.7915102e-15 1e-20
5455.5 2.8867901e-15 1e-20
5457.0 2.9367399e-15 1e-20
5458.5 2.88182e-15 1e-20
5460.0 2.7461801e-15 1e-20
5461.5 2.74187e-15 1e-20
5463.0 2.8207e-15 1e-20
5464.5 2.77384e-15 1e-20
5466.0 2.7819099e-15 1e-20
5467.5 2.77121e-15 1e-20
5469.0 2.6695001e-15 1e-20
5470.5 2.6310501e-15 1e-20
5472.0 2.7303099e-15 1e-20
5473.5 2.76851e-15 1e-20
5475.0 2.6480401e-15 1e-20
5476.5 2.67292e-15 1e-20
5478.0 2.65638e-15 1e-20
5479.5 2.55695e-15 1e-20
5481.0 2.57408e-15 1e-20
5482.5 2.5272501e-15 1e-20
5484.0 2.6758298e-15 1e-20
5485.5 2.57466e-15 1e-20
5487.0 2.47678e-15 1e-20
5488.5 2.52444e-15 1e-20
5490.0 2.4840101e-15 1e-20
5491.5 2.5374801e-15 1e-20
5493.0 2.4594701e-15 1e-20
5494.5 2.40065e-15 1e-20
5496.0 2.41455e-15 1e-20
5497.5 2.4664699e-15 1e-20
5499.0 2.4048199e-15 1e-20
5500.5 2.3414199e-15 1e-20
5502.0 2.3279e-15 1e-20
5503.5 2.3863499e-15 1e-20
5505.0 2.30214e-15 1e-20
5506.5 2.28314e-15 1e-20
5508.0 2.3055602e-15 1e-20
5509.5 2.2881001e-15 1e-20
5511.0 2.2056401e-15 1e-20
5512.5 2.17025e-15 1e-20
5514.0 2.2216999e-15 1e-20
5515.5 2.22941e-15 1e-20
5517.0 2.2426201e-15 1e-20
5518.5 2.2532101e-15 1e-20
5520.0 2.2019701e-15 1e-20
5521.5 2.1929501e-15 1e-20
5523.0 2.15953e-15 1e-20
5524.5 2.2026501e-15 1e-20
5526.0 2.2121502e-15 1e-20
5527.5 2.2277801e-15 1e-20
5529.0 2.3049801e-15 1e-20
5530.5 2.3914499e-15 1e-20
5532.0 2.2667502e-15 1e-20
5533.5 2.20794e-15 1e-20
5535.0 2.2656501e-15 1e-20
5536.5 2.30773e-15 1e-20
5538.0 2.3429899e-15 1e-20
5539.5 2.3447799e-15 1e-20
5541.0 2.3134401e-15 1e-20
5542.5 2.2747e-15 1e-20
5544.0 2.31842e-15 1e-20
5545.5 2.5130301e-15 1e-20
5547.0 2.4908901e-15 1e-20
5548.5 2.48904e-15 1e-20
5550.0 2.4542602e-15 1e-20
5551.5 2.6430901e-15 1e-20
5553.0 2.5676201e-15 1e-20
5554.5 2.7315301e-15 1e-20
5556.0 2.6410799e-15 1e-20
5557.5 2.51022e-15 1e-20
5559.0 2.68559e-15 1e-20
5560.5 2.7581301e-15 1e-20
5562.0 2.7083499e-15 1e-20
5563.5 2.63569e-15 1e-20
5565.0 2.7379601e-15 1e-20
5566.5 2.7419401e-15 1e-20
5568.0 2.7813799e-15 1e-20
5569.5 2.70848e-15 1e-20
5571.0 2.82395e-15 1e-20
5572.5 3.01433e-15 1e-20
5574.0 2.9995999e-15 1e-20
5575.5 2.9714799e-15 1e-20
5577.0 3.0262302e-15 1e-20
5578.5 2.9634199e-15 1e-20
5580.0 2.8104898e-15 1e-20
5581.5 2.9596301e-15 1e-20
5583.0 3.03659e-15 1e-20
5584.5 3.02546e-15 1e-20
5586.0 2.94642e-15 1e-20
5587.5 2.8925701e-15 1e-20
5589.0 2.99372e-15 1e-20
5590.5 3.0659899e-15 1e-20
5592.0 2.97893e-15 1e-20
5593.5 2.98416e-15 1e-20
5595.0 3.05756e-15 1e-20
5596.5 3.1061202e-15 1e-20
5598.0 3.1024401e-15 1e-20
5599.5 3.1075799e-15 1e-20
5601.0 3.1585901e-15 1e-20
5602.5 3.0659101e-15 1e-20
5604.0 2.9941499e-15 1e-20
5605.5 3.0334499e-15 1e-20
5607.0 2.9557299e-15 1e-20
5608.5 2.9923402e-15 1e-20
5610.0 3.1431502e-15 1e-20
5611.5 3.1059599e-15 1e-20
5613.0 3.01464e-15 1e-20
5614.5 2.92934e-15 1e-20
5616.0 3.0213201e-15 1e-20
5617.5 2.98661e-15 1e-20
5619.0 2.93474e-15 1e-20
5620.5 2.8812899e-15 1e-20
5622.0 2.8858599e-15 1e-20
5623.5 2.8989698e-15 1e-20
5625.0 2.92701e-15 1e-20
5626.5 3.0353e-15 1e-20
5628.0 2.9473401e-15 1e-20
5629.5 2.89215e-15 1e-20
5631.0 3.0081001e-15 1e-20
5632.5 2.9905e-15 1e-20
5634.0 2.91064e-15 1e-20
5635.5 3.05953e-15 1e-20
5637.0 3.0489499e-15 1e-20
5638.5 3.00137e-15 1e-20
5640.0 2.96395e-15 1e-20
5641.5 2.98638e-15 1e-20
5643.0 3.08519e-15 1e-20
5644.5 3.0507802e-15 1e-20
5646.0 3.0832601e-15 1e-20
5647.5 3.05565e-15 1e-20
5649.0 3.0071899e-15 1e-20
5650.5 3.0867801e-15 1e-20
5652.0 3.11829e-15 1e-20
5653.5 3.09597e-15 1e-20
5655.0 3.07049e-15 1e-20
5656.5 3.06297e-15 1e-20
5658.0 3.1341801e-15 1e-20
5659.5 3.1445401e-15 1e-20
5661.0 3.1043999e-15 1e-20
5662.5 3.0569e-15 1e-20
5664.0 3.012e-15 1e-20
5665.5 3.0543e-15 1e-20
5667.0 3.0820899e-15 1e-20
5668.5 3.0718402e-15 1e-20
5670.0 3.0124401e-15 1e-20
5671.5 3.0467801e-15 1e-20
5673.0 3.10474e-15 1e-20
5674.5 2.9985801e-15 1e-20
5676.0 3.0367402e-15 1e-20
5677.5 3.0667201e-15 1e-20
5679.0 2.9785901e-15 1e-20
5680.5 3.0258101e-15 1e-20
5682.0 3.1190099e-15 1e-20
5683.5 3.0980999e-15 1e-20
5685.0 3.04124e-15 1e-20
5686.5 3.0033501e-15 1e-20
5688.0 3.0192299e-15 1e-20
5689.5 3.0223999e-15 1e-20
5691.0 3.0509199e-15 1e-20
5692.5 3.05963e-15 1e-20
5694.0 3.0248402e-15 1e-20
5695.5 3.0890701e-15 1e-20
5697.0 3.08756e-15 1e-20
5698.5 3.0489499e-15 1e-20
5700.0 3.1065399e-15 1e-20
5701.5 2.9758601e-15 1e-20
5703.0 3.0223501e-15 1e-20
5704.5 3.1192998e-15 1e-20
5706.0 3.1515201e-15 1e-20
5707.5 3.15498e-15 1e-20
5709.0 3.15812e-15 1e-20
5710.5 3.08622e-15 1e-20
5712.0 3.0965199e-15 1e-20
5713.5 3.0961801e-15 1e-20
5715.0 3.03124e-15 1e-20
5716.5 3.1075102e-15 1e-20
5718.0 3.2529699e-15 1e-20
5719.5 3.15096e-15 1e-20
5721.0 3.0273599e-15 1e-20
5722.5 3.00002e-15 1e-20
5724.0 2.99197e-15 1e-20
5725.5 3.1067701e-15 1e-20
5727.0 3.1347698e-15 1e-20
5728.5 2.99358e-15 1e-20
5730.0 3.05529e-15 1e-20
5731.5 3.0121e-15 1e-20
5733.0 3.06312e-15 1e-20
5734.5 3.0967901e-15 1e-20
5736.0 3.07433e-15 1e-20
5737.5 3.07966e-15 1e-20
5739.0 3.0425798e-15 1e-20
5740.5 3.0270601e-15 1e-20
5742.0 3.0815999e-15 1e-20
5743.5 3.0574901e-15 1e-20
5745.0 3.0788e-15 1e-20
5746.5 3.05207e-15 1e-20
5748.0 3.0286601e-15 1e-20
5749.5 3.11864e-15 1e-20
5751.0 3.1014099e-15 1e-20
5752.5 3.09244e-15 1e-20
5754.0 3.08945e-15 1e-20
5755.5 3.00173e-15 1e-20
5757.0 2.95452e-15 1e-20
5758.5 3.0792301e-15 1e-20
5760.0 3.0720799e-15 1e-20
5761.5 3.0685799e-15 1e-20
5763.0 3.05636e-15 1e-20
5764.5 3.015e-15 1e-20
5766.0 3.0622799e-15 1e-20
5767.5 2.9453002e-15 1e-20
5769.0 2.9609e-15 1e-20
5770.5 2.91964e-15 1e-20
5772.0 2.88047e-15 1e-20
5773.5 2.9985699e-15 1e-20
5775.0 2.84783e-15 1e-20
5776.5 2.7886701e-15 1e-20
5778.0 2.9058799e-15 1e-20
5779.5 2.84596e-15 1e-20
5781.0 2.85598e-15 1e-20
5782.5 2.7143901e-15 1e-20
5784.0 2.8052899e-15 1e-20
5785.5 2.7435101e-15 1e-20
5787.0 2.7518599e-15 1e-20
5788.5 2.68231e-15 1e-20
5790.0 2.74349e-15 1e-20
5791.5 2.6395499e-15 1e-20
5793.0 2.7468499e-15 1e-20
5794.5 2.69533e-15 1e-20
5796.0 2.68553e-15 1e-20
5797.5 2.6854801e-15 1e-20
5799.0 2.6734501e-15 1e-20
5800.5 2.65128e-15 1e-20
5802.0 2.5820899e-15 1e-20
5803.5 2.5819701e-15 1e-20
5805.0 2.52104e-15 1e-20
5806.5 2.54135e-15 1e-20
5808.0 2.4611101e-15 1e-20
5809.5 2.5368899e-15 1e-20
5811.0 2.56491e-15 1e-20
5812.5 2.4744501e-15 1e-20
5814.0 2.4390699e-15 1e-20
5815.5 2.49874e-15 1e-20
5817.0 2.47799e-15 1e-20
5818.5 2.4297801e-15 1e-20
5820.0 2.4368998e-15 1e-20
5821.5 2.4621101e-15 1e-20
5823.0 2.4055501e-15 1e-20
5824.5 2.3770499e-15 1e-20
5826.0 2.43891e-15 1e-20
5827.5 2.4055901e-15 1e-20
5829.0 2.4372399e-15 1e-20
5830.5 2.4360399e-15 1e-20
5832.0 2.36023e-15 1e-20
5833.5 2.4415701e-15 1e-20
5835.0 2.53052e-15 1e-20
5836.5 2.4465498e-15 1e-20
5838.0 2.41799e-15 1e-20
5839.5 2.3880999e-15 1e-20
5841.0 2.4912399e-15 1e-20
5842.5 2.41366e-15 1e-20
5844.0 2.45336e-15 1e-20
5845.5 2.4946999e-15 1e-20
5847.0 2.4817701e-15 1e-20
5848.5 2.4822301e-15 1e-20
5850.0 2.52293e-15 1e-20
5851.5 2.46821e-15 1e-20
5853.0 2.41083e-15 1e-20
5854.5 2.5111799e-15 1e-20
5856.0 2.5065401e-15 1e-20
5857.5 2.4835802e-15 1e-20
5859.0 2.5921199e-15 1e-20
5860.5 2.4828702e-15 1e-20
5862.0 2.38608e-15 1e-20
5863.5 2.5090302e-15 1e-20
5865.0 2.5218401e-15 1e-20
5866.5 2.4661902e-15 1e-20
5868.0 2.4997001e-15 1e-20
5869.5 2.6099999e-15 1e-20
5871.0 2.57921e-15 1e-20
5872.5 2.4735899e-15 1e-20
5874.0 2.58789e-15 1e-20
5875.5 2.6302499e-15 1e-20
5877.0 2.5573102e-15 1e-20
5878.5 2.5820101e-15 1e-20
5880.0 2.60757e-15 1e-20
5881.5 2.62702e-15 1e-20
5883.0 2.6943701e-15 1e-20
5884.5 2.6495701e-15 1e-20
5886.0 2.5742401e-15 1e-20
5887.5 2.4471099e-15 1e-20
5889.0 2.3843601e-15 1e-20
5890.5 2.4314401e-15 1e-20
5892.0 2.3958299e-15 1e-20
5893.5 2.4664901e-15 1e-20
5895.0 2.56513e-15 1e-20
5896.5 2.52838e-15 1e-20
5898.0 2.4559e-15 1e-20
5899.5 2.5421801e-15 1e-20
5901.0 2.6670999e-15 1e-20
5902.5 2.66183e-15 1e-20
5904.0 2.70489e-15 1e-20
5905.5 2.7419702e-15 1e-20
5907.0 2.7663601e-15 1e-20
5908.5 2.7231e-15 1e-20
5910.0 2.61748e-15 1e-20
5911.5 2.6428999e-15 1e-20
5913.0 2.7013901e-15 1e-20
5914.5 2.6704099e-15 1e-20
5916.0 2.6401401e-15 1e-20
5917.5 2.72167e-15 1e-20
5919.0 2.77428e-15 1e-20
5920.5 2.78407e-15 1e-20
5922.0 2.84444e-15 1e-20
5923.5 2.8542099e-15 1e-20
5925.0 2.81283e-15 1e-20
5926.5 2.7839301e-15 1e-20
5928.0 2.7751902e-15 1e-20
5929.5 2.9200999e-15 1e-20
5931.0 2.90215e-15 1e-20
5932.5 2.8575201e-15 1e-20
5934.0 2.8497e-15 1e-20
5935.5 2.9985699e-15 1e-20
5937.0 2.9754e-15 1e-20
5938.5 2.8103001e-15 1e-20
5940.0 2.78702e-15 1e-20
5941.5 2.8139099e-15 1e-20
5943.0 2.88297e-15 1e-20
5944.5 2.9059701e-15 1e-20
5946.0 2.8878199e-15 1e-20
5947.5 2.83899e-15 1e-20
5949.0 2.8914899e-15 1e-20
5950.5 2.8686399e-15 1e-20
5952.0 2.8371798e-15 1e-20
5953.5 2.8581801e-15 1e-20
5955.0 2.9094301e-15 1e-20
5956.5 2.94521e-15 1e-20
5958.0 2.9572999e-15 1e-20
5959.5 2.9734799e-15 1e-20
5961.0 2.91029e-15 1e-20
5962.5 2.85955e-15 1e-20
5964.0 2.9557299e-15 1e-20
5965.5 3.03525e-15 1e-20
5967.0 2.9936601e-15 1e-20
5968.5 2.83062e-15 1e-20
5970.0 2.7599499e-15 1e-20
5971.5 2.7675601e-15 1e-20
5973.0 2.7500199e-15 1e-20
5974.5 2.64292e-15 1e-20
5976.0 2.73265e-15 1e-20
5977.5 2.7499399e-15 1e-20
5979.0 2.8753501e-15 1e-20
5980.5 2.9430399e-15 1e-20
5982.0 2.9134501e-15 1e-20
5983.5 2.91208e-15 1e-20
5985.0 2.9344298e-15 1e-20
5986.5 3.0065898e-15 1e-20
5988.0 3.0344801e-15 1e-20
5989.5 2.83729e-15 1e-20
5991.0 2.9103701e-15 1e-20
5992.5 3.0422001e-15 1e-20
5994.0 2.9180101e-15 1e-20
5995.5 2.8416901e-15 1e-20
5997.0 2.9168401e-15 1e-20
5998.5 2.9128599e-15 1e-20
6000.0 2.9410801e-15 1e-20
6001.5 2.81832e-15 1e-20
6003.0 2.8909899e-15 1e-20
6004.5 2.9948999e-15 1e-20
6006.0 2.96854e-15 1e-20
6007.5 2.8956598e-15 1e-20
6009.0 2.9201901e-15 1e-20
6010.5 2.8541201e-15 1e-20
6012.0 2.88343e-15 1e-20
6013.5 2.9034e-15 1e-20
6015.0 2.9936099e-15 1e-20
6016.5 2.98549e-15 1e-20
6018.0 2.88525e-15 1e-20
6019.5 2.8991399e-15 1e-20
6021.0 2.9093202e-15 1e-20
6022.5 2.8876501e-15 1e-20
6024.0 2.9655399e-15 1e-20
6025.5 3.02461e-15 1e-20
6027.0 2.9975801e-15 1e-20
6028.5 2.88418e-15 1e-20
6030.0 2.7747201e-15 1e-20
6031.5 2.83214e-15 1e-20
6033.0 2.9597199e-15 1e-20
6034.5 2.8616701e-15 1e-20
6036.0 2.7581601e-15 1e-20
6037.5 2.80647e-15 1e-20
6039.0 2.72569e-15 1e-20
6040.5 2.6994099e-15 1e-20
6042.0 2.7322801e-15 1e-20
6043.5 2.7906699e-15 1e-20
6045.0 2.8429401e-15 1e-20
6046.5 2.81765e-15 1e-20
6048.0 2.7430999e-15 1e-20
6049.5 2.6715201e-15 1e-20
6051.0 2.7330899e-15 1e-20
6052.5 2.7162398e-15 1e-20
6054.0 2.6581399e-15 1e-20
6055.5 2.64409e-15 1e-20
6057.0 2.6360199e-15 1e-20
6058.5 2.6344499e-15 1e-20
6060.0 2.68331e-15 1e-20
6061.5 2.67973e-15 1e-20
6063.0 2.59527e-15 1e-20
6064.5 2.5520201e-15 1e-20
6066.0 2.5087699e-15 1e-20
6067.5 2.4655098e-15 1e-20
6069.0 2.4222601e-15 1e-20
6070.5 2.4222601e-15 1e-20
6072.0 2.44352e-15 1e-20
6073.5 2.39259e-15 1e-20
6075.0 2.43762e-15 1e-20
6076.5 2.4087e-15 1e-20
6078.0 2.3412499e-15 1e-20
6079.5 2.39818e-15 1e-20
6081.0 2.4043401e-15 1e-20
6082.5 2.38268e-15 1e-20
6084.0 2.3694e-15 1e-20
6085.5 2.34533e-15 1e-20
6087.0 2.27573e-15 1e-20
6088.5 2.2559901e-15 1e-20
6090.0 2.4206099e-15 1e-20
6091.5 2.4041499e-15 1e-20
6093.0 2.2633601e-15 1e-20
6094.5 2.3102301e-15 1e-20
6096.0 2.37499e-15 1e-20
6097.5 2.3697301e-15 1e-20
6099.0 2.35258e-15 1e-20
6100.5 2.30071e-15 1e-20
6102.0 2.2575601e-15 1e-20
6103.5 2.1961601e-15 1e-20
6105.0 2.14209e-15 1e-20
6106.5 2.19132e-15 1e-20
6108.0 2.1930301e-15 1e-20
6109.5 2.1664901e-15 1e-20
6111.0 2.16252e-15 1e-20
6112.5 2.0853801e-15 1e-20
6114.0 2.0644802e-15 1e-20
6115.5 2.0968102e-15 1e-20
6117.0 2.0929202e-15 1e-20
6118.5 2.0808e-15 1e-20
6120.0 2.0354801e-15 1e-20
6121.5 1.96764e-15 1e-20
6123.0 1.9387301e-15 1e-20
6124.5 1.9727402e-15 1e-20
6126.0 1.9435601e-15 1e-20
6127.5 1.9379999e-15 1e-20
6129.0 1.9263399e-15 1e-20
6130.5 1.8343e-15 1e-20
6132.0 1.85505e-15 1e-20
6133.5 1.86631e-15 1e-20
6135.0 1.72935e-15 1e-20
6136.5 1.75932e-15 1e-20
6138.0 1.77417e-15 1e-20
6139.5 1.70011e-15 1e-20
6141.0 1.68723e-15 1e-20
6142.5 1.65155e-15 1e-20
6144.0 1.6547801e-15 1e-20
6145.5 1.6367001e-15 1e-20
6147.0 1.59638e-15 1e-20
6148.5 1.5958101e-15 1e-20
6150.0 1.6565599e-15 1e-20
6151.5 1.62013e-15 1e-20
6153.0 1.59263e-15 1e-20
6154.5 1.5549099e-15 1e-20
6156.0 1.53425e-15 1e-20
6157.5 1.53107e-15 1e-20
6159.0 1.42874e-15 1e-20
6160.5 1.46281e-15 1e-20
6162.0 1.53395e-15 1e-20
6163.5 1.4432e-15 1e-20
6165.0 1.3523299e-15 1e-20
6166.5 1.32616e-15 1e-20
6168.0 1.3444001e-15 1e-20
6169.5 1.3338701e-15 1e-20
6171.0 1.2885e-15 1e-20
6172.5 1.3480099e-15 1e-20
6174.0 1.39349e-15 1e-20
6175.5 1.29236e-15 1e-20
6177.0 1.23133e-15 1e-20
6178.5 1.29932e-15 1e-20
6180.0 1.23861e-15 1e-20
6181.5 1.15932e-15 1e-20
6183.0 1.20586e-15 1e-20
6184.5 1.17205e-15 1e-20
6186.0 1.13965e-15 1e-20
6187.5 1.17988e-15 1e-20
6189.0 1.2062799e-15 1e-20
6190.5 1.13239e-15 1e-20
6192.0 1.20095e-15 1e-20
6193.5 1.2033401e-15 1e-20
6195.0 1.16933e-15 1e-20
6196.5 1.15594e-15 1e-20
6198.0 1.1874e-15 1e-20
6199.5 1.1455199e-15 1e-20
6201.0 1.1466599e-15 1e-20
6202.5 1.1755e-15 1e-20
6204.0 1.1387201e-15 1e-20
6205.5 1.1956399e-15 1e-20
6207.0 1.1294001e-15 1e-20
6208.5 1.1485e-15 1e-20
6210.0 1.16695e-15 1e-20
6211.5 1.1349699e-15 1e-20
6213.0 1.1302901e-15 1e-20
6214.5 1.18353e-15 1e-20
6216.0 1.1562099e-15 1e-20
6217.5 1.09505e-15 1e-20
6219.0 1.11229e-15 1e-20
6220.5 1.2052999e-15 1e-20
6222.0 1.17636e-15 1e-20
6223.5 1.2200299e-15 1e-20
6225.0 1.19091e-15 1e-20
6226.5 1.2388999e-15 1e-20
6228.0 1.26254e-15 1e-20
6229.5 1.26141e-15 1e-20
6231.0 1.24405e-15 1e-20
6232.5 1.2728799e-15 1e-20
6234.0 1.32112e-15 1e-20
6235.5 1.31239e-15 1e-20
6237.0 1.31985e-15 1e-20
6238.5 1.3308e-15 1e-20
6240.0 1.30234e-15 1e-20
6241.5 1.32196e-15 1e-20
6243.0 1.35747e-15 1e-20
6244.5 1.36385e-15 1e-20
6246.0 1.3716801e-15 1e-20
6247.5 1.3423099e-15 1e-20
6249.0 1.35602e-15 1e-20
6250.5 1.4060201e-15 1e-20
6252.0 1.4418e-15 1e-20
6253.5 1.4836e-15 1e-20
6255.0 1.49324e-15 1e-20
6256.5 1.49569e-15 1e-20
6258.0 1.53534e-15 1e-20
6259.5 1.5784499e-15 1e-20
6261.0 1.56142e-15 1e-20
6262.5 1.6474e-15 1e-20
6264.0 1.70471e-15 1e-20
6265.5 1.6814701e-15 1e-20
6267.0 1.7480201e-15 1e-20
6268.5 1.76854e-15 1e-20
6270.0 1.7824599e-15 1e-20
6271.5 1.73682e-15 1e-20
6273.0 1.8118501e-15 1e-20
6274.5 1.77155e-15 1e-20
6276.0 1.7816701e-15 1e-20
6277.5 1.80284e-15 1e-20
6279.0 1.80387e-15 1e-20
6280.5 1.7638e-15 1e-20
6282.0 1.8161801e-15 1e-20
6283.5 1.90271e-15 1e-20
6285.0 1.8889e-15 1e-20
6286.5 1.8989801e-15 1e-20
6288.0 1.91618e-15 1e-20
6289.5 1.8242e-15 1e-20
6291.0 1.9424401e-15 1e-20
6292.5 2.02253e-15 1e-20
6294.0 1.99718e-15 1e-20
6295.5 2.04489e-15 1e-20
6297.0 2.1278601e-15 1e-20
6298.5 2.1014599e-15 1e-20
6300.0 2.1488599e-15 1e-20
6301.5 2.2028699e-15 1e-20
6303.0 2.1129502e-15 1e-20
6304.5 2.0676201e-15 1e-20
6306.0 2.0971301e-15 1e-20
6307.5 2.10609e-15 1e-20
6309.0 2.11361e-15 1e-20
6310.5 2.1277201e-15 1e-20
6312.0 2.23809e-15 1e-20
6313.5 2.2209202e-15 1e-20
6315.0 2.1303999e-15 1e-20
6316.5 2.2130999e-15 1e-20
6318.0 2.2996199e-15 1e-20
6319.5 2.2283499e-15 1e-20
6321.0 2.22378e-15 1e-20
6322.5 2.3156299e-15 1e-20
6324.0 2.35223e-15 1e-20
6325.5 2.3207701e-15 1e-20
6327.0 2.3038e-15 1e-20
6328.5 2.27357e-15 1e-20
6330.0 2.2732899e-15 1e-20
6331.5 2.3783902e-15 1e-20
6333.0 2.40749e-15 1e-20
6334.5 2.4388899e-15 1e-20
6336.0 2.4228101e-15 1e-20
6337.5 2.4132199e-15 1e-20
6339.0 2.4721201e-15 1e-20
6340.5 2.4345099e-15 1e-20
6342.0 2.4564599e-15 1e-20
6343.5 2.55811e-15 1e-20
6345.0 2.54895e-15 1e-20
6346.5 2.51429e-15 1e-20
6348.0 2.52735e-15 1e-20
6349.5 2.4316499e-15 1e-20
6351.0 2.49601e-15 1e-20
6352.5 2.4766701e-15 1e-20
6354.0 2.5004698e-15 1e-20
6355.5 2.5880499e-15 1e-20
6357.0 2.5526801e-15 1e-20
6358.5 2.4883499e-15 1e-20
6360.0 2.5842099e-15 1e-20
6361.5 2.58043e-15 1e-20
6363.0 2.46991e-15 1e-20
6364.5 2.63743e-15 1e-20
6366.0 2.48809e-15 1e-20
6367.5 2.41447e-15 1e-20
6369.0 2.5400701e-15 1e-20
6370.5 2.6492099e-15 1e-20
6372.0 2.5810201e-15 1e-20
6373.5 2.5751199e-15 1e-20
6375.0 2.59441e-15 1e-20
6376.5 2.53249e-15 1e-20
6378.0 2.60976e-15 1e-20
6379.5 2.7104002e-15 1e-20
6381.0 2.62134e-15 1e-20
6382.5 2.55968e-15 1e-20
6384.0 2.57426e-15 1e-20
6385.5 2.5914799e-15 1e-20
6387.0 2.52395e-15 1e-20
6388.5 2.53787e-15 1e-20
6390.0 2.6147399e-15 1e-20
6391.5 2.58807e-15 1e-20
6393.0 2.5447199e-15 1e-20
6394.5 2.59098e-15 1e-20
6396.0 2.6011101e-15 1e-20
6397.5 2.5892402e-15 1e-20
6399.0 2.5592501e-15 1e-20
6400.5 2.5449501e-15 1e-20
6402.0 2.5942199e-15 1e-20
6403.5 2.68079e-15 1e-20
6405.0 2.65657e-15 1e-20
6406.5 2.5693099e-15 1e-20
6408.0 2.60206e-15 1e-20
6409.5 2.5860299e-15 1e-20
6411.0 2.5751701e-15 1e-20
6412.5 2.56799e-15 1e-20
6414.0 2.6131401e-15 1e-20
6415.5 2.5761099e-15 1e-20
6417.0 2.58973e-15 1e-20
6418.5 2.5705099e-15 1e-20
6420.0 2.6491102e-15 1e-20
6421.5 2.64776e-15 1e-20
6423.0 2.6763001e-15 1e-20
6424.5 2.59661e-15 1e-20
6426.0 2.5089099e-15 1e-20
6427.5 2.5814401e-15 1e-20
6429.0 2.57252e-15 1e-20
6430.5 2.5401999e-15 1e-20
6432.0 2.5371e-15 1e-20
6433.5 2.5471498e-15 1e-20
6435.0 2.55104e-15 1e-20
6436.5 2.6695198e-15 1e-20
6438.0 2.6742001e-15 1e-20
6439.5 2.54165e-15 1e-20
6441.0 2.5030899e-15 1e-20
6442.5 2.50263e-15 1e-20
6444.0 2.5347099e-15 1e-20
6445.5 2.5286602e-15 1e-20
6447.0 2.5206699e-15 1e-20
6448.5 2.59179e-15 1e-20
6450.0 2.4585701e-15 1e-20
6451.5 2.4575401e-15 1e-20
6453.0 2.5662602e-15 1e-20
6454.5 2.5785798e-15 1e-20
6456.0 2.5383401e-15 1e-20
6457.5 2.54268e-15 1e-20
6459.0 2.51613e-15 1e-20
6460.5 2.5496501e-15 1e-20
6462.0 2.54707e-15 1e-20
6463.5 2.5156902e-15 1e-20
6465.0 2.6080898e-15 1e-20
6466.5 2.6542699e-15 1e-20
6468.0 2.5762401e-15 1e-20
6469.5 2.5474999e-15 1e-20
6471.0 2.51873e-15 1e-20
6472.5 2.5933599e-15 1e-20
6474.0 2.60443e-15 1e-20
6475.5 2.4705901e-15 1e-20
6477.0 2.4738e-15 1e-20
6478.5 2.5382399e-15 1e-20
6480.0 2.5377501e-15 1e-20
6481.5 2.48666e-15 1e-20
6483.0 2.48381e-15 1e-20
6484.5 2.61754e-15 1e-20
6486.0 2.4749898e-15 1e-20
6487.5 2.4727299e-15 1e-20
6489.0 2.4917501e-15 1e-20
6490.5 2.4122101e-15 1e-20
6492.0 2.46824e-15 1e-20
6493.5 2.5290502e-15 1e-20
6495.0 2.5557201e-15 1e-20
6496.5 2.4375999e-15 1e-20
6498.0 2.4706799e-15 1e-20
6499.5 2.4764099e-15 1e-20
6501.0 2.4958101e-15 1e-20
6502.5 2.4887099e-15 1e-20
6504.0 2.4766299e-15 1e-20
6505.5 2.43682e-15 1e-20
6507.0 2.4358201e-15 1e-20
6508.5 2.52726e-15 1e-20
6510.0 2.48243e-15 1e-20
6511.5 2.4695599e-15 1e-20
6513.0 2.4071101e-15 1e-20
6514.5 2.3622798e-15 1e-20
6516.0 2.47398e-15 1e-20
6517.5 2.4677301e-15 1e-20
6519.0 2.42171e-15 1e-20
6520.5 2.43999e-15 1e-20
6522.0 2.44553e-15 1e-20
6523.5 2.4245702e-15 1e-20
6525.0 2.4383701e-15 1e-20
6526.5 2.4552902e-15 1e-20
6528.0 2.4156401e-15 1e-20
6529.5 2.43399e-15 1e-20
6531.0 2.4854801e-15 1e-20
6532.5 2.4923201e-15 1e-20
6534.0 2.3965899e-15 1e-20
6535.5 2.38116e-15 1e-20
6537.0 2.45604e-15 1e-20
6538.5 2.4100201e-15 1e-20
6540.0 2.4153399e-15 1e-20
6541.5 2.4187801e-15 1e-20
6543.0 2.36626e-15 1e-20
6544.5 2.3824799e-15 1e-20
6546.0 2.4154699e-15 1e-20
6547.5 2.41451e-15 1e-20
6549.0 2.3652402e-15 1e-20
6550.5 2.37338e-15 1e-20
6552.0 2.4381799e-15 1e-20
6553.5 2.4408099e-15 1e-20
6555.0 2.37466e-15 1e-20
6556.5 2.3866701e-15 1e-20
6558.0 2.35271e-15 1e-20
6559.5 2.3640599e-15 1e-20
6561.0 2.3399402e-15 1e-20
6562.5 2.4121599e-15 1e-20
6564.0 2.4131001e-15 1e-20
6565.5 2.4448799e-15 1e-20
6567.0 2.31896e-15 1e-20
6568.5 2.30009e-15 1e-20
6570.0 2.3348101e-15 1e-20
6571.5 2.4528302e-15 1e-20
6573.0 2.4542799e-15 1e-20
6574.5 2.3666001e-15 1e-20
6576.0 2.3722898e-15 1e-20
6577.5 2.4402001e-15 1e-20
6579.0 2.3928799e-15 1e-20
6580.5 2.45483e-15 1e-20
6582.0 2.39059e-15 1e-20
6583.5 2.3735e-15 1e-20
6585.0 2.37243e-15 1e-20
6586.5 2.3342199e-15 1e-20
6588.0 2.4039801e-15 1e-20
6589.5 2.4767999e-15 1e-20
6591.0 2.4726901e-15 1e-20
6592.5 2.4193101e-15 1e-20
6594.0 2.3119301e-15 1e-20
6595.5 2.34364e-15 1e-20
6597.0 2.37033e-15 1e-20
6598.5 2.39524e-15 1e-20
6600.0 2.3745201e-15 1e-20
6601.5 2.3033901e-15 1e-20
6603.0 2.3759001e-15 1e-20
6604.5 2.3545301e-15 1e-20
6606.0 2.2945199e-15 1e-20
6607.5 2.28163e-15 1e-20
6609.0 2.2686702e-15 1e-20
6610.5 2.2895601e-15 1e-20
6612.0 2.3144199e-15 1e-20
6613.5 2.2729102e-15 1e-20
6615.0 2.2366701e-15 1e-20
6616.5 2.1871901e-15 1e-20
6618.0 2.2635801e-15 1e-20
6619.5 2.3223702e-15 1e-20
6621.0 2.3228299e-15 1e-20
6622.5 2.24702e-15 1e-20
6624.0 2.2380199e-15 1e-20
6625.5 2.1728201e-15 1e-20
6627.0 2.30407e-15 1e-20
6628.5 2.2931499e-15 1e-20
6630.0 2.3757999e-15 1e-20
6631.5 2.3493299e-15 1e-20
6633.0 2.3470199e-15 1e-20
6634.5 2.24967e-15 1e-20
6636.0 2.2043399e-15 1e-20
6637.5 2.3063701e-15 1e-20
6639.0 2.2648302e-15 1e-20
6640.5 2.26451e-15 1e-20
6642.0 2.3003098e-15 1e-20
6643.5 2.2588101e-15 1e-20
6645.0 2.15206e-15 1e-20
6646.5 2.17307e-15 1e-20
6648.0 2.1758e-15 1e-20
6649.5 2.24542e-15 1e-20
6651.0 2.2607e-15 1e-20
6652.5 2.3029498e-15 1e-20
6654.0 2.28293e-15 1e-20
6655.5 2.36411e-15 1e-20
6657.0 2.3372e-15 1e-20
6658.5 2.3859999e-15 1e-20
6660.0 2.2341199e-15 1e-20
6661.5 2.26213e-15 1e-20
6663.0 2.31176e-15 1e-20
6664.5 2.3024098e-15 1e-20
6666.0 2.2686501e-15 1e-20
6667.5 2.17423e-15 1e-20
6669.0 2.27439e-15 1e-20
6670.5 2.2593001e-15 1e-20
6672.0 2.2235e-15 1e-20
6673.5 2.2257599e-15 1e-20
6675.0 2.17843e-15 1e-20
6676.5 2.23513e-15 1e-20
6678.0 2.21483e-15 1e-20
6679.5 2.1601301e-15 1e-20
6681.0 2.16999e-15 1e-20
6682.5 2.20973e-15 1e-20
6684.0 2.1933401e-15 1e-20
6685.5 2.2227299e-15 1e-20
6687.0 2.2592599e-15 1e-20
6688.5 2.2086799e-15 1e-20
6690.0 2.1404099e-15 1e-20
6691.5 2.1410799e-15 1e-20
6693.0 2.2291999e-15 1e-20
6694.5 2.1962499e-15 1e-20
6696.0 2.1886101e-15 1e-20
6697.5 2.2114899e-15 1e-20
6699.0 2.16153e-15 1e-20
6700.5 2.0985798e-15 1e-20
6702.0 2.2138301e-15 1e-20
6703.5 2.1881999e-15 1e-20
6705.0 2.1035801e-15 1e-20
6706.5 2.1196301e-15 1e-20
6708.0 2.1466701e-15 1e-20
6709.5 2.17888e-15 1e-20
6711.0 2.16332e-15 1e-20
6712.5 2.1369301e-15 1e-20
6714.0 2.1512498e-15 1e-20
6715.5 2.0708302e-15 1e-20
6717.0 2.0709801e-15 1e-20
6718.5 2.11343e-15 1e-20
6720.0 2.0980502e-15 1e-20
6721.5 2.1582001e-15 1e-20
6723.0 2.1461898e-15 1e-20
6724.5 2.0559999e-15 1e-20
6726.0 2.09113e-15 1e-20
6727.5 2.09251e-15 1e-20
6729.0 2.0535901e-15 1e-20
6730.5 2.1011601e-15 1e-20
6732.0 2.11423e-15 1e-20
6733.5 2.11338e-15 1e-20
6735.0 2.0840001e-15 1e-20
6736.5 2.0652999e-15 1e-20
6738.0 2.0542499e-15 1e-20
6739.5 2.06518e-15 1e-20
6741.0 2.1133002e-15 1e-20
6742.5 2.04986e-15 1e-20
6744.0 2.0736699e-15 1e-20
6745.5 2.1753801e-15 1e-20
6747.0 2.15443e-15 1e-20
6748.5 2.1146902e-15 1e-20
6750.0 2.0900199e-15 1e-20
6751.5 2.0029801e-15 1e-20
6753.0 2.0000601e-15 1e-20
6754.5 2.0612401e-15 1e-20
6756.0 2.0761701e-15 1e-20
6757.5 2.0475499e-15 1e-20
6759.0 2.0513101e-15 1e-20
6760.5 2.0486701e-15 1e-20
6762.0 2.02822e-15 1e-20
6763.5 2.03872e-15 1e-20
6765.0 2.0084e-15 1e-20
6766.5 2.0270199e-15 1e-20
6768.0 2.04721e-15 1e-20
6769.5 2.0630301e-15 1e-20
6771.0 2.0731201e-15 1e-20
6772.5 2.0844699e-15 1e-20
6774.0 2.1405799e-15 1e-20
6775.5 1.98484e-15 1e-20
6777.0 2.0351902e-15 1e-20
6778.5 2.08803e-15 1e-20
6780.0 2.0395501e-15 1e-20
6781.5 2.0206202e-15 1e-20
6783.0 2.0446501e-15 1e-20
6784.5 2.10739e-15 1e-20
6786.0 1.98055e-15 1e-20
6787.5 1.96741e-15 1e-20
6789.0 1.9579001e-15 1e-20
6790.5 1.99311e-15 1e-20
6792.0 2.0080299e-15 1e-20
6793.5 1.9450801e-15 1e-20
6795.0 1.8903499e-15 1e-20
6796.5 1.9218599e-15 1e-20
6798.0 2.01177e-15 1e-20
6799.5 1.9530801e-15 1e-20
6801.0 1.90214e-15 1e-20
6802.5 1.97126e-15 1e-20
6804.0 1.95077e-15 1e-20
6805.5 1.95632e-15 1e-20
6807.0 2.0148e-15 1e-20
6808.5 2.0241102e-15 1e-20
6810.0 1.9752099e-15 1e-20
6811.5 1.95363e-15 1e-20
6813.0 1.93934e-15 1e-20
6814.5 1.8957201e-15 1e-20
6816.0 1.8636599e-15 1e-20
6817.5 1.85469e-15 1e-20
6819.0 1.89023e-15 1e-20
6820.5 1.8954099e-15 1e-20
6822.0 1.8687899e-15 1e-20
6823.5 1.92077e-15 1e-20
6825.0 1.94393e-15 1e-20
6826.5 1.9117999e-15 1e-20
6828.0 1.94126e-15 1e-20
6829.5 1.9591201e-15 1e-20
6831.0 1.92055e-15 1e-20
6832.5 1.9729801e-15 1e-20
6834.0 1.91828e-15 1e-20
6835.5 1.9707001e-15 1e-20
6837.0 1.87995e-15 1e-20
6838.5 1.88997e-15 1e-20
6840.0 1.95274e-15 1e-20
6841.5 1.9197201e-15 1e-20
6843.0 1.88917e-15 1e-20
6844.5 1.86698e-15 1e-20
6846.0 1.8135801e-15 1e-20
6847.5 1.8787801e-15 1e-20
6849.0 1.7967401e-15 1e-20
6850.5 1.8542699e-15 1e-20
6852.0 1.87754e-15 1e-20
6853.5 1.8027599e-15 1e-20
6855.0 1.84154e-15 1e-20
6856.5 1.8764799e-15 1e-20
6858.0 1.7934599e-15 1e-20
6859.5 1.7818801e-15 1e-20
6861.0 1.9445299e-15 1e-20
6862.5 1.88716e-15 1e-20
6864.0 1.8391599e-15 1e-20
6865.5 1.8676299e-15 1e-20
6867.0 1.8282601e-15 1e-20
6868.5 1.73997e-15 1e-20
6870.0 1.7224e-15 1e-20
6871.5 1.73841e-15 1e-20
6873.0 1.7304e-15 1e-20
6874.5 1.7614401e-15 1e-20
6876.0 1.7932799e-15 1e-20
6877.5 1.7933299e-15 1e-20
6879.0 1.7982101e-15 1e-20
6880.5 1.7937699e-15 1e-20
6882.0 1.7631101e-15 1e-20
6883.5 1.76387e-15 1e-20
6885.0 1.88041e-15 1e-20
6886.5 1.8818099e-15 1e-20
6888.0 1.8013699e-15 1e-20
6889.5 1.76379e-15 1e-20
6891.0 1.7606e-15 1e-20
6892.5 1.77673e-15 1e-20
6894.0 1.80928e-15 1e-20
6895.5 1.76292e-15 1e-20
6897.0 1.67745e-15 1e-20
6898.5 1.77374e-15 1e-20
6900.0 1.8822101e-15 1e-20
6901.5 1.8542301e-15 1e-20
6903.0 1.79054e-15 1e-20
6904.5 1.74652e-15 1e-20
6906.0 1.79533e-15 1e-20
6907.5 1.79183e-15 1e-20
6909.0 1.82591e-15 1e-20
6910.5 1.9177499e-15 1e-20
6912.0 1.84272e-15 1e-20
6913.5 1.7308199e-15 1e-20
6915.0 1.71959e-15 1e-20
6916.5 1.7578e-15 1e-20
6918.0 1.8030401e-15 1e-20
6919.5 1.8228501e-15 1e-20
6921.0 1.76808e-15 1e-20
6922.5 1.7150101e-15 1e-20
6924.0 1.74382e-15 1e-20
6925.5 1.80148e-15 1e-20
6927.0 1.76599e-15 1e-20
6928.5 1.82022e-15 1e-20
6930.0 1.8070601e-15 1e-20
6931.5 1.7234599e-15 1e-20
6933.0 1.77449e-15 1e-20
6934.5 1.76112e-15 1e-20
6936.0 1.72117e-15 1e-20
6937.5 1.75578e-15 1e-20
6939.0 1.76624e-15 1e-20
6940.5 1.73794e-15 1e-20
6942.0 1.64219e-15 1e-20
6943.5 1.64439e-15 1e-20
6945.0 1.7237099e-15 1e-20
6946.5 1.69779e-15 1e-20
6948.0 1.59432e-15 1e-20
6949.5 1.6821999e-15 1e-20
6951.0 1.74158e-15 1e-20
6952.5 1.7381099e-15 1e-20
6954.0 1.7688e-15 1e-20
6955.5 1.7492e-15 1e-20
6957.0 1.79398e-15 1e-20
6958.5 1.7439199e-15 1e-20
6960.0 1.7147e-15 1e-20
6961.5 1.70463e-15 1e-20
6963.0 1.63437e-15 1e-20
6964.5 1.6706801e-15 1e-20
6966.0 1.68451e-15 1e-20
6967.5 1.69063e-15 1e-20
6969.0 1.7179801e-15 1e-20
6970.5 1.72235e-15 1e-20
6972.0 1.72969e-15 1e-20
6973.5 1.68878e-15 1e-20
6975.0 1.68828e-15 1e-20
6976.5 1.7326e-15 1e-20
6978.0 1.78088e-15 1e-20
6979.5 1.76538e-15 1e-20
6981.0 1.7307201e-15 1e-20
6982.5 1.69609e-15 1e-20
6984.0 1.63906e-15 1e-20
6985.5 1.6257e-15 1e-20
6987.0 1.62076e-15 1e-20
6988.5 1.61766e-15 1e-20
6990.0 1.6682201e-15 1e-20
6991.5 1.69233e-15 1e-20
6993.0 1.68826e-15 1e-20
6994.5 1.66126e-15 1e-20
6996.0 1.7262501e-15 1e-20
6997.5 1.69862e-15 1e-20
6999.0 1.7438999e-15 1e-20
7000.5 1.742e-15 1e-20
7002.0 1.6690499e-15 1e-20
7003.5 1.6455999e-15 1e-20
7005.0 1.6366e-15 1e-20
7006.5 1.59741e-15 1e-20
7008.0 1.52847e-15 1e-20
7009.5 1.58288e-15 1e-20
7011.0 1.67097e-15 1e-20
7012.5 1.61673e-15 1e-20
7014.0 1.6445499e-15 1e-20
7015.5 1.6545301e-15 1e-20
7017.0 1.65451e-15 1e-20
7018.5 1.67775e-15 1e-20
7020.0 1.6202701e-15 1e-20
7021.5 1.58356e-15 1e-20
7023.0 1.7224099e-15 1e-20
7024.5 1.73841e-15 1e-20
7026.0 1.64554e-15 1e-20
7027.5 1.58275e-15 1e-20
7029.0 1.6258e-15 1e-20
7030.5 1.6369701e-15 1e-20
7032.0 1.6339001e-15 1e-20
7033.5 1.63386e-15 1e-20
7035.0 1.60948e-15 1e-20
7036.5 1.60189e-15 1e-20
7038.0 1.6295201e-15 1e-20
7039.5 1.6205e-15 1e-20
7041.0 1.643e-15 1e-20
7042.5 1.67292e-15 1e-20
7044.0 1.5757101e-15 1e-20
7045.5 1.51542e-15 1e-20
7047.0 1.62985e-15 1e-20
7048.5 1.63861e-15 1e-20
7050.0 1.64813e-15 1e-20
7051.5 1.60043e-15 1e-20
7053.0 1.55288e-15 1e-20
7054.5 1.69504e-15 1e-20
7056.0 1.72171e-15 1e-20
7057.5 1.7125501e-15 1e-20
7059.0 1.63016e-15 1e-20
7060.5 1.54676e-15 1e-20
7062.0 1.69979e-15 1e-20
7063.5 1.63068e-15 1e-20
7065.0 1.64017e-15 1e-20
7066.5 1.5915101e-15 1e-20
7068.0 1.5768e-15 1e-20
7069.5 1.58688e-15 1e-20
7071.0 1.5571801e-15 1e-20
7072.5 1.4987901e-15 1e-20
7074.0 1.6177401e-15 1e-20
7075.5 1.65037e-15 1e-20
7077.0 1.59522e-15 1e-20
7078.5 1.517e-15 1e-20
7080.0 1.54818e-15 1e-20
7081.5 1.52789e-15 1e-20
7083.0 1.62426e-15 1e-20
7084.5 1.5638e-15 1e-20
7086.0 1.56006e-15 1e-20
7087.5 1.55228e-15 1e-20
7089.0 1.54704e-15 1e-20
7090.5 1.58336e-15 1e-20
7092.0 1.50452e-15 1e-20
7093.5 1.4836599e-15 1e-20
7095.0 1.57785e-15 1e-20
7096.5 1.56175e-15 1e-20
7098.0 1.5395401e-15 1e-20
7099.5 1.54985e-15 1e-20
7101.0 1.62651e-15 1e-20
7102.5 1.6356799e-15 1e-20
7104.0 1.5629299e-15 1e-20
7105.5 1.60919e-15 1e-20
7107.0 1.62323e-15 1e-20
7108.5 1.54115e-15 1e-20
7110.0 1.52669e-15 1e-20
7111.5 1.5245201e-15 1e-20
7113.0 1.4693e-15 1e-20
7114.5 1.4646e-15 1e-20
7116.0 1.55123e-15 1e-20
7117.5 1.5699499e-15 1e-20
7119.0 1.4848201e-15 1e-20
7120.5 1.5014101e-15 1e-20
7122.0 1.5664801e-15 1e-20
7123.5 1.5951801e-15 1e-20
7125.0 1.60351e-15 1e-20
7126.5 1.68512e-15 1e-20
7128.0 1.56385e-15 1e-20
7129.5 1.60314e-15 1e-20
7131.0 1.561e-15 1e-20
7132.5 1.55205e-15 1e-20
7134.0 1.60686e-15 1e-20
7135.5 1.5874999e-15 1e-20
7137.0 1.5059901e-15 1e-20
7138.5 1.47766e-15 1e-20
7140.0 1.5141501e-15 1e-20
7141.5 1.56847e-15 1e-20
7143.0 1.5595301e-15 1e-20
7144.5 1.5420001e-15 1e-20
7146.0 1.53658e-15 1e-20
7147.5 1.56707e-15 1e-20
7149.0 1.50529e-15 1e-20
7150.5 1.5063501e-15 1e-20
7152.0 1.5498299e-15 1e-20
7153.5 1.52036e-15 1e-20
7155.0 1.5609401e-15 1e-20
7156.5 1.50777e-15 1e-20
7158.0 1.57638e-15 1e-20
7159.5 1.62477e-15 1e-20
7161.0 1.5502799e-15 1e-20
7162.5 1.58506e-15 1e-20
7164.0 1.5209901e-15 1e-20
7165.5 1.5228601e-15 1e-20
7167.0 1.5255999e-15 1e-20
7168.5 1.57803e-15 1e-20
7170.0 1.5790401e-15 1e-20
7171.5 1.54396e-15 1e-20
7173.0 1.49032e-15 1e-20
7174.5 1.5151301e-15 1e-20
7176.0 1.5408601e-15 1e-20
7177.5 1.54065e-15 1e-20
7179.0 1.54885e-15 1e-20
7180.5 1.55389e-15 1e-20
7182.0 1.5632499e-15 1e-20
7183.5 1.51856e-15 1e-20
7185.0 1.5080499e-15 1e-20
7186.5 1.4928699e-15 1e-20
7188.0 1.50906e-15 1e-20
7189.5 1.52364e-15 1e-20
7191.0 1.51177e-15 1e-20
7192.5 1.50176e-15 1e-20
7194.0 1.49175e-15 1e-20
7195.5 1.48174e-15 1e-20
7197.0 1.47172e-15 1e-20
7198.5 1.47172e-15 1e-20
7200.0 1.41182e-15 1e-20
7201.5 1.45986e-15 1e-20
7203.0 1.53621e-15 1e-20
7204.5 1.58241e-15 1e-20
7206.0 1.5248899e-15 1e-20
7207.5 1.54776e-15 1e-20
7209.0 1.6271599e-15 1e-20
7210.5 1.59187e-15 1e-20
7212.0 1.50864e-15 1e-20
7213.5 1.52115e-15 1e-20
7215.0 1.56662e-15 1e-20
7216.5 1.52746e-15 1e-20
7218.0 1.4894499e-15 1e-20
7219.5 1.56074e-15 1e-20
7221.0 1.55541e-15 1e-20
7222.5 1.54364e-15 1e-20
7224.0 1.5052101e-15 1e-20
7225.5 1.5208799e-15 1e-20
7227.0 1.52748e-15 1e-20
7228.5 1.4818e-15 1e-20
7230.0 1.50313e-15 1e-20
7231.5 1.5910301e-15 1e-20
7233.0 1.5034401e-15 1e-20
7234.5 1.4945901e-15 1e-20
7236.0 1.6177201e-15 1e-20
7237.5 1.51494e-15 1e-20
7239.0 1.51571e-15 1e-20
7240.5 1.56232e-15 1e-20
7242.0 1.50779e-15 1e-20
7243.5 1.52894e-15 1e-20
7245.0 1.51136e-15 1e-20
7246.5 1.4880199e-15 1e-20
7248.0 1.52645e-15 1e-20
7249.5 1.47537e-15 1e-20
7251.0 1.4139e-15 1e-20
7252.5 1.4845999e-15 1e-20
7254.0 1.56346e-15 1e-20
7255.5 1.6057e-15 1e-20
7257.0 1.55574e-15 1e-20
7258.5 1.49203e-15 1e-20
7260.0 1.5429401e-15 1e-20
7261.5 1.55478e-15 1e-20
7263.0 1.51562e-15 1e-20
7264.5 1.5270999e-15 1e-20
7266.0 1.47448e-15 1e-20
7267.5 1.43899e-15 1e-20
7269.0 1.48003e-15 1e-20
7270.5 1.52567e-15 1e-20
7272.0 1.52301e-15 1e-20
7273.5 1.5682499e-15 1e-20
7275.0 1.5830099e-15 1e-20
7276.5 1.4291199e-15 1e-20
7278.0 1.4265601e-15 1e-20
7279.5 1.48194e-15 1e-20
7281.0 1.47703e-15 1e-20
7282.5 1.48239e-15 1e-20
7284.0 1.48654e-15 1e-20
7285.5 1.5464e-15 1e-20
7287.0 1.51095e-15 1e-20
7288.5 1.46896e-15 1e-20
7290.0 1.5572799e-15 1e-20
7291.5 1.5672801e-15 1e-20
7293.0 1.5758e-15 1e-20
7294.5 1.53921e-15 1e-20
7296.0 1.52625e-15 1e-20
7297.5 1.5097099e-15 1e-20
7299.0 1.4572e-15 1e-20
7300.5 1.47946e-15 1e-20
7302.0 1.55047e-15 1e-20
7303.5 1.5396399e-15 1e-20
7305.0 1.4488301e-15 1e-20
7306.5 1.44796e-15 1e-20
7308.0 1.4697501e-15 1e-20
7309.5 1.4372501e-15 1e-20
7311.0 1.49353e-15 1e-20
7312.5 1.4841501e-15 1e-20
7314.0 1.3913799e-15 1e-20
7315.5 1.40936e-15 1e-20
7317.0 1.5117e-15 1e-20
7318.5 1.44339e-15 1e-20
7320.0 1.37883e-15 1e-20
7321.5 1.44111e-15 1e-20
7323.0 1.4755401e-15 1e-20
7324.5 1.46321e-15 1e-20
7326.0 1.45866e-15 1e-20
7327.5 1.4660601e-15 1e-20
7329.0 1.4412e-15 1e-20
7330.5 1.40069e-15 1e-20
7332.0 1.4195e-15 1e-20
7333.5 1.45629e-15 1e-20
7335.0 1.4058401e-15 1e-20
7336.5 1.39179e-15 1e-20
7338.0 1.40618e-15 1e-20
7339.5 1.4742499e-15 1e-20
7341.0 1.46602e-15 1e-20
7342.5 1.41249e-15 1e-20
7344.0 1.38097e-15 1e-20
7345.5 1.3900599e-15 1e-20
7347.0 1.3727e-15 1e-20
7348.5 1.2735e-15 1e-20
7350.0 1.34091e-15 1e-20
7351.5 1.36061e-15 1e-20
7353.0 1.41299e-15 1e-20
7354.5 1.4464601e-15 1e-20
7356.0 1.43342e-15 1e-20
7357.5 1.38942e-15 1e-20
7359.0 1.40486e-15 1e-20
7360.5 1.45832e-15 1e-20
7362.0 1.38024e-15 1e-20
7363.5 1.3648401e-15 1e-20
7365.0 1.39265e-15 1e-20
7366.5 1.37713e-15 1e-20
7368.0 1.36161e-15 1e-20
7369.5 1.3460899e-15 1e-20
7371.0 1.3460899e-15 1e-20
7372.5 1.32375e-15 1e-20
7374.0 1.36507e-15 1e-20
7375.5 1.38757e-15 1e-20
7377.0 1.33732e-15 1e-20
7378.5 1.31797e-15 1e-20
7380.0 1.38263e-15 1e-20
7381.5 1.34233e-15 1e-20
7383.0 1.29227e-15 1e-20
7384.5 1.3526e-15 1e-20
7386.0 1.3800699e-15 1e-20
7387.5 1.3876801e-15 1e-20
7389.0 1.3927601e-15 1e-20
7390.5 1.3516901e-15 1e-20
7392.0 1.33885e-15 1e-20
7393.5 1.3921e-15 1e-20
7395.0 1.38124e-15 1e-20
7396.5 1.39904e-15 1e-20
7398.0 1.42483e-15 1e-20
7399.5 1.37771e-15 1e-20
7401.0 1.3078601e-15 1e-20
7402.5 1.28993e-15 1e-20
7404.0 1.2936401e-15 1e-20
7405.5 1.2846101e-15 1e-20
7407.0 1.33498e-15 1e-20
7408.5 1.34364e-15 1e-20
7410.0 1.26043e-15 1e-20
7411.5 1.2598401e-15 1e-20
7413.0 1.2716901e-15 1e-20
7414.5 1.2991e-15 1e-20
7416.0 1.33009e-15 1e-20
7417.5 1.3327201e-15 1e-20
7419.0 1.2802e-15 1e-20
7420.5 1.3199199e-15 1e-20
7422.0 1.29978e-15 1e-20
7423.5 1.31639e-15 1e-20
7425.0 1.30275e-15 1e-20
7426.5 1.30789e-15 1e-20
7428.0 1.33888e-15 1e-20
7429.5 1.27181e-15 1e-20
7431.0 1.29583e-15 1e-20
7432.5 1.3133301e-15 1e-20
7434.0 1.25218e-15 1e-20
7435.5 1.2864601e-15 1e-20
7437.0 1.2938201e-15 1e-20
7438.5 1.2612501e-15 1e-20
7440.0 1.2604001e-15 1e-20
7441.5 1.2997901e-15 1e-20
7443.0 1.3685101e-15 1e-20
7444.5 1.27447e-15 1e-20
7446.0 1.26287e-15 1e-20
7447.5 1.20716e-15 1e-20
7449.0 1.23123e-15 1e-20
7450.5 1.24421e-15 1e-20
7452.0 1.2379101e-15 1e-20
7453.5 1.25119e-15 1e-20
7455.0 1.23947e-15 1e-20
7456.5 1.28432e-15 1e-20
7458.0 1.2777999e-15 1e-20
7459.5 1.2042001e-15 1e-20
7461.0 1.20815e-15 1e-20
7462.5 1.23137e-15 1e-20
7464.0 1.2049101e-15 1e-20
7465.5 1.19259e-15 1e-20
7467.0 1.17883e-15 1e-20
7468.5 1.16582e-15 1e-20
7470.0 1.23875e-15 1e-20
7471.5 1.23961e-15 1e-20
7473.0 1.1432101e-15 1e-20
7474.5 1.1609901e-15 1e-20
7476.0 1.20708e-15 1e-20
7477.5 1.19074e-15 1e-20
7479.0 1.2231801e-15 1e-20
7480.5 1.20104e-15 1e-20
7482.0 1.2244e-15 1e-20
7483.5 1.2433899e-15 1e-20
7485.0 1.21991e-15 1e-20
7486.5 1.1475901e-15 1e-20
7488.0 1.1539001e-15 1e-20
7489.5 1.2195801e-15 1e-20
7491.0 1.22812e-15 1e-20
7492.5 1.25525e-15 1e-20
7494.0 1.17971e-15 1e-20
7495.5 1.22763e-15 1e-20
7497.0 1.17338e-15 1e-20
7498.5 1.1904301e-15 1e-20
7500.0 1.2356101e-15 1e-20
7501.5 1.20598e-15 1e-20
7503.0 1.2059601e-15 1e-20
7504.5 1.21966e-15 1e-20
7506.0 1.2052e-15 1e-20
7507.5 1.21977e-15 1e-20
7509.0 1.22731e-15 1e-20
7510.5 1.2178e-15 1e-20
7512.0 1.21031e-15 1e-20
7513.5 1.2270201e-15 1e-20
7515.0 1.18988e-15 1e-20
7516.5 1.1876599e-15 1e-20
7518.0 1.29287e-15 1e-20
7519.5 1.19531e-15 1e-20
7521.0 1.17307e-15 1e-20
7522.5 1.1809799e-15 1e-20
7524.0 1.1109199e-15 1e-20
7525.5 1.10099e-15 1e-20
7527.0 1.09978e-15 1e-20
7528.5 1.11401e-15 1e-20
7530.0 1.1343e-15 1e-20
7531.5 1.1208301e-15 1e-20
7533.0 1.0296101e-15 1e-20
7534.5 9.8763004e-16 1e-20
7536.0 1.0372999e-15 1e-20
7537.5 1.02824e-15 1e-20
7539.0 1.03553e-15 1e-20
7540.5 1.09656e-15 1e-20
