3480.0 5.2189596e-16 1e-20
3481.47 6.5124689e-16 1e-20
3482.94 6.6750273e-16 1e-20
3484.41 6.8375851e-16 1e-20
3485.88 7.0001423e-16 1e-20
3487.35 7.1627001e-16 1e-20
3488.82 7.3252585e-16 1e-20
3490.29 7.3252585e-16 1e-20
3491.76 7.3767776e-16 1e-20
3493.23 6.6592597e-16 1e-20
3494.7 5.6026698e-16 1e-20
3496.17 5.6297685e-16 1e-20
3497.64 5.7938832e-16 1e-20
3499.11 5.2195261e-16 1e-20
3500.58 6.3911558e-16 1e-20
3502.05 6.9386806e-16 1e-20
3503.52 6.5460755e-16 1e-20
3504.99 4.6331405e-16 1e-20
3506.46 6.7830938e-16 1e-20
3507.93 6.87507e-16 1e-20
3509.4 6.4182333e-16 1e-20
3510.87 8.007472e-16 1e-20
3512.34 8.2620907e-16 1e-20
3513.81 6.8768726e-16 1e-20
3515.28 7.3508309e-16 1e-20
3516.75 6.952474e-16 1e-20
3518.22 7.1837462e-16 1e-20
3519.69 6.7609143e-16 1e-20
3521.16 7.533906e-16 1e-20
3522.63 7.8274135e-16 1e-20
3524.1 5.7353109e-16 1e-20
3525.57 7.1931097e-16 1e-20
3527.04 7.4859057e-16 1e-20
3528.51 5.5499843e-16 1e-20
3529.98 6.5621003e-16 1e-20
3531.45 7.0508828e-16 1e-20
3532.92 8.0018483e-16 1e-20
3534.39 7.7218816e-16 1e-20
3535.86 7.7131995e-16 1e-20
3537.33 7.2330933e-16 1e-20
3538.8 7.5653404e-16 1e-20
3540.27 7.1980119e-16 1e-20
3541.74 7.1529164e-16 1e-20
3543.21 6.9419395e-16 1e-20
3544.68 7.8197272e-16 1e-20
3546.15 7.0947363e-16 1e-20
3547.62 7.8600306e-16 1e-20
3549.09 1.0216174e-15 1e-20
3550.56 6.7426782e-16 1e-20
3552.03 5.4792063e-16 1e-20
3553.5 4.7830241e-16 1e-20
3554.97 5.4355491e-16 1e-20
3556.44 9.8922299e-16 1e-20
3557.91 7.7888661e-16 1e-20
3559.38 8.7350405e-16 1e-20
3560.85 7.7003146e-16 1e-20
3562.32 5.4340208e-16 1e-20
3563.79 7.7282905e-16 1e-20
3565.26 9.8596456e-16 1e-20
3566.73 8.4120319e-16 1e-20
3568.2 5.9568577e-16 1e-20
3569.67 6.7168892e-16 1e-20
3571.14 7.7928974e-16 1e-20
3572.61 6.975986e-16 1e-20
3574.08 6.6191871e-16 1e-20
3575.55 8.40238e-16 1e-20
3577.02 7.9832591e-16 1e-20
3578.49 8.5552853e-16 1e-20
3579.96 9.5602449e-16 1e-20
3581.43 8.6370631e-16 1e-20
3582.9 8.1122775e-16 1e-20
3584.37 6.7593949e-16 1e-20
3585.84 6.7453839e-16 1e-20
3587.31 6.5907792e-16 1e-20
3588.78 7.085933e-16 1e-20
3590.25 6.7899982e-16 1e-20
3591.72 8.1221386e-16 1e-20
3593.19 8.280106e-16 1e-20
3594.66 8.9083112e-16 1e-20
3596.13 7.4568667e-16 1e-20
3597.6 7.2537302e-16 1e-20
3599.07 9.046152e-16 1e-20
3600.54 9.002246e-16 1e-20
3602.01 7.7932823e-16 1e-20
3603.48 8.6373961e-16 1e-20
3604.95 7.9074671e-16 1e-20
3606.42 7.6149607e-16 1e-20
3607.89 7.4107987e-16 1e-20
3609.36 8.6629453e-16 1e-20
3610.83 7.0480293e-16 1e-20
3612.3 7.1226619e-16 1e-20
3613.77 8.1955372e-16 1e-20
3615.24 7.7406651e-16 1e-20
3616.71 8.8840045e-16 1e-20
3618.18 9.9166298e-16 1e-20
3619.65 8.3898926e-16 1e-20
3621.12 7.4146495e-16 1e-20
3622.59 7.0424987e-16 1e-20
3624.06 7.5116221e-16 1e-20
3625.53 1.005289e-15 1e-20
3627.0 8.3335818e-16 1e-20
3628.47 7.8592264e-16 1e-20
3629.94 9.0943122e-16 1e-20
3631.41 7.6492856e-16 1e-20
3632.88 6.3912246e-16 1e-20
3634.35 7.0990705e-16 1e-20
3635.82 6.5214851e-16 1e-20
3637.29 7.4449717e-16 1e-20
3638.76 7.8083404e-16 1e-20
3640.23 8.3217673e-16 1e-20
3641.7 6.4103856e-16 1e-20
3643.17 6.4752106e-16 1e-20
3644.64 7.7195491e-16 1e-20
3646.11 1.0535371e-15 1e-20
3647.58 8.0249077e-16 1e-20
3649.05 4.4449944e-16 1e-20
3650.52 6.0337963e-16 1e-20
3651.99 7.7330439e-16 1e-20
3653.46 7.8415753e-16 1e-20
3654.93 6.8299962e-16 1e-20
3656.4 8.353071e-16 1e-20
3657.87 7.3309288e-16 1e-20
3659.34 6.8780478e-16 1e-20
3660.81 8.2176087e-16 1e-20
3662.28 7.4956243e-16 1e-20
3663.75 7.7675367e-16 1e-20
3665.22 7.0697976e-16 1e-20
3666.69 6.2897744e-16 1e-20
3668.16 6.31217e-16 1e-20
3669.63 7.1354802e-16 1e-20
3671.1 7.1790426e-16 1e-20
3672.57 5.8096222e-16 1e-20
3674.04 7.267342e-16 1e-20
3675.51 7.4145283e-16 1e-20
3676.98 8.159488e-16 1e-20
3678.45 7.2687751e-16 1e-20
3679.92 6.7482443e-16 1e-20
3681.39 9.0330812e-16 1e-20
3682.86 8.4979438e-16 1e-20
3684.33 8.0880392e-16 1e-20
3685.8 8.1284352e-16 1e-20
3687.27 7.8651138e-16 1e-20
3688.74 8.1892241e-16 1e-20
3690.21 8.1372782e-16 1e-20
3691.68 6.6942263e-16 1e-20
3693.15 6.7746341e-16 1e-20
3694.62 8.1228882e-16 1e-20
3696.09 8.5041409e-16 1e-20
3697.56 6.0803741e-16 1e-20
3699.03 6.6479312e-16 1e-20
3700.5 7.6963748e-16 1e-20
3701.97 6.7972171e-16 1e-20
3703.44 5.3096117e-16 1e-20
3704.91 6.7793531e-16 1e-20
3706.38 6.8700211e-16 1e-20
3707.85 6.7232901e-16 1e-20
3709.32 6.3995986e-16 1e-20
3710.79 6.7604315e-16 1e-20
3712.26 5.3535092e-16 1e-20
3713.73 5.8886588e-16 1e-20
3715.2 7.8557997e-16 1e-20
3716.67 6.0734025e-16 1e-20
3718.14 6.479e-16 1e-20
3719.61 6.5949678e-16 1e-20
3721.08 5.6869157e-16 1e-20
3722.55 5.3617906e-16 1e-20
3724.02 5.0839685e-16 1e-20
3725.49 5.7657872e-16 1e-20
3726.96 5.3836493e-16 1e-20
3728.43 4.4610806e-16 1e-20
3729.9 5.9148194e-16 1e-20
3731.37 6.6195413e-16 1e-20
3732.84 5.0912932e-16 1e-20
3734.31 4.7771038e-16 1e-20
3735.78 4.5692276e-16 1e-20
3737.25 4.7144721e-16 1e-20
3738.72 5.5102225e-16 1e-20
3740.19 5.7615626e-16 1e-20
3741.66 5.1718905e-16 1e-20
3743.13 5.2033435e-16 1e-20
3744.6 5.041638e-16 1e-20
3746.07 4.9530294e-16 1e-20
3747.54 4.3284522e-16 1e-20
3749.01 3.8856832e-16 1e-20
3750.48 4.9277629e-16 1e-20
3751.95 5.0594326e-16 1e-20
3753.42 4.3570557e-16 1e-20
3754.89 4.5226975e-16 1e-20
3756.36 4.500465e-16 1e-20
3757.83 5.3177173e-16 1e-20
3759.3 4.8792549e-16 1e-20
3760.77 5.0216454e-16 1e-20
3762.24 4.8449078e-16 1e-20
3763.71 5.5310394e-16 1e-20
3765.18 4.5376153e-16 1e-20
3766.65 3.5513998e-16 1e-20
3768.12 4.1165383e-16 1e-20
3769.59 4.9767013e-16 1e-20
3771.06 4.6517435e-16 1e-20
3772.53 4.8460232e-16 1e-20
3774.0 4.4008566e-16 1e-20
3775.47 4.2329532e-16 1e-20
3776.94 4.3798515e-16 1e-20
3778.41 4.5871302e-16 1e-20
3779.88 5.5003064e-16 1e-20
3781.35 5.7909038e-16 1e-20
3782.82 5.7533951e-16 1e-20
3784.29 4.9618041e-16 1e-20
3785.76 4.263606e-16 1e-20
3787.23 3.6201643e-16 1e-20
3788.7 5.2210624e-16 1e-20
3790.17 5.0054729e-16 1e-20
3791.64 5.8438058e-16 1e-20
3793.11 5.4859301e-16 1e-20
3794.58 6.0314929e-16 1e-20
3796.05 6.2887252e-16 1e-20
3797.52 6.5286483e-16 1e-20
3798.99 6.2664106e-16 1e-20
3800.46 6.0717667e-16 1e-20
3801.93 6.1915631e-16 1e-20
3803.4 5.8660129e-16 1e-20
3804.87 6.465088e-16 1e-20
3806.34 6.2460215e-16 1e-20
3807.81 5.9067763e-16 1e-20
3809.28 5.638719e-16 1e-20
3810.75 6.0038712e-16 1e-20
3812.22 5.2172566e-16 1e-20
3813.69 5.5257756e-16 1e-20
3815.16 6.1556102e-16 1e-20
3816.63 5.9501936e-16 1e-20
3818.1 6.1170316e-16 1e-20
3819.57 6.9489535e-16 1e-20
3821.04 5.6739259e-16 1e-20
3822.51 5.6754654e-16 1e-20
3823.98 4.9582821e-16 1e-20
3825.45 5.4863827e-16 1e-20
3826.92 6.3359298e-16 1e-20
3828.39 5.2859975e-16 1e-20
3829.86 4.98815e-16 1e-20
3831.33 5.2767866e-16 1e-20
3832.8 4.6432149e-16 1e-20
3834.27 4.8991655e-16 1e-20
3835.74 4.6780629e-16 1e-20
3837.21 4.5980051e-16 1e-20
3838.68 6.5549535e-16 1e-20
3840.15 6.5968186e-16 1e-20
3841.62 5.542703e-16 1e-20
3843.09 4.9456629e-16 1e-20
3844.56 4.4988154e-16 1e-20
3846.03 5.3165918e-16 1e-20
3847.5 5.4954412e-16 1e-20
3848.97 3.8550531e-16 1e-20
3850.44 4.4981314e-16 1e-20
3851.91 6.0538212e-16 1e-20
3853.38 5.5249524e-16 1e-20
3854.85 3.9163548e-16 1e-20
3856.32 4.7619726e-16 1e-20
3857.79 4.65169e-16 1e-20
3859.26 4.5656807e-16 1e-20
3860.73 5.3515478e-16 1e-20
3862.2 6.0599019e-16 1e-20
3863.67 5.7170642e-16 1e-20
3865.14 5.8124359e-16 1e-20
3866.61 5.8037729e-16 1e-20
3868.08 5.9394347e-16 1e-20
3869.55 6.3582629e-16 1e-20
3871.02 7.5998957e-16 1e-20
3872.49 7.1649665e-16 1e-20
3873.96 6.1475454e-16 1e-20
3875.43 5.9964141e-16 1e-20
3876.9 6.0673468e-16 1e-20
3878.37 5.9307151e-16 1e-20
3879.84 5.7953047e-16 1e-20
3881.31 6.0467919e-16 1e-20
3882.78 6.3167291e-16 1e-20
3884.25 6.2351366e-16 1e-20
3885.72 6.8201743e-16 1e-20
3887.19 6.9187568e-16 1e-20
3888.66 6.9350013e-16 1e-20
3890.13 6.7437566e-16 1e-20
3891.6 6.9614155e-16 1e-20
3893.07 7.4838728e-16 1e-20
3894.54 7.2820979e-16 1e-20
3896.01 7.4794079e-16 1e-20
3897.48 7.1537353e-16 1e-20
3898.95 8.1113791e-16 1e-20
3900.42 7.8582629e-16 1e-20
3901.89 8.0487818e-16 1e-20
3903.36 7.9318907e-16 1e-20
3904.83 8.6549811e-16 1e-20
3906.3 8.8294074e-16 1e-20
3907.77 8.825024e-16 1e-20
3909.24 9.1686139e-16 1e-20
3910.71 1.0082584e-15 1e-20
3912.18 1.0067064e-15 1e-20
3913.65 1.0073682e-15 1e-20
3915.12 9.0411725e-16 1e-20
3916.59 9.1206327e-16 1e-20
3918.06 9.9046993e-16 1e-20
3919.53 7.3612679e-16 1e-20
3921.0 8.8003706e-16 1e-20
3922.47 9.1666308e-16 1e-20
3923.94 7.7947185e-16 1e-20
3925.41 7.8308715e-16 1e-20
3926.88 9.1281924e-16 1e-20
3928.35 8.2817344e-16 1e-20
3929.82 8.8247148e-16 1e-20
3931.29 9.930394e-16 1e-20
3932.76 9.7165087e-16 1e-20
3934.23 9.759179e-16 1e-20
3935.7 9.7799705e-16 1e-20
3937.17 9.313699e-16 1e-20
3938.64 9.2469496e-16 1e-20
3940.11 1.01429e-15 1e-20
3941.58 1.0258436e-15 1e-20
3943.05 1.0736988e-15 1e-20
3944.52 1.0194604e-15 1e-20
3945.99 9.8173268e-16 1e-20
3947.46 9.5586239e-16 1e-20
3948.93 9.3270186e-16 1e-20
3950.4 1.0014059e-15 1e-20
3951.87 9.6833061e-16 1e-20
3953.34 9.2301985e-16 1e-20
3954.81 8.743451e-16 1e-20
3956.28 9.6186182e-16 1e-20
3957.75 1.0212693e-15 1e-20
3959.22 1.0455849e-15 1e-20
3960.69 1.0967937e-15 1e-20
3962.16 1.012531e-15 1e-20
3963.63 9.2765185e-16 1e-20
3965.1 8.8483079e-16 1e-20
3966.57 9.1029106e-16 1e-20
3968.04 9.798295e-16 1e-20
3969.51 1.077189e-15 1e-20
3970.98 1.0817809e-15 1e-20
3972.45 1.0657262e-15 1e-20
3973.92 1.1053685e-15 1e-20
3975.39 1.0604793e-15 1e-20
3976.86 1.0056876e-15 1e-20
3978.33 1.015369e-15 1e-20
3979.8 1.0162156e-15 1e-20
3981.27 1.0161653e-15 1e-20
3982.74 1.0444977e-15 1e-20
3984.21 9.7394146e-16 1e-20
3985.68 9.5554369e-16 1e-20
3987.15 8.7549474e-16 1e-20
3988.62 9.1256376e-16 1e-20
3990.09 9.7726511e-16 1e-20
3991.56 9.575952e-16 1e-20
3993.03 8.8225019e-16 1e-20
3994.5 9.66888e-16 1e-20
3995.97 8.5278642e-16 1e-20
3997.44 8.9183167e-16 1e-20
3998.91 9.0248248e-16 1e-20
4000.38 8.5191964e-16 1e-20
4001.85 8.5128008e-16 1e-20
4003.32 8.9105325e-16 1e-20
4004.79 9.0982085e-16 1e-20
4006.26 9.0764197e-16 1e-20
4007.73 9.4669019e-16 1e-20
4009.2 8.2422754e-16 1e-20
4010.67 8.8369174e-16 1e-20
4012.14 8.094772e-16 1e-20
4013.61 8.0693033e-16 1e-20
4015.08 8.4468412e-16 1e-20
4016.55 9.3012349e-16 1e-20
4018.02 8.4622911e-16 1e-20
4019.49 8.4774345e-16 1e-20
4020.96 7.7977858e-16 1e-20
4022.43 7.4420924e-16 1e-20
4023.9 7.5152374e-16 1e-20
4025.37 8.2588613e-16 1e-20
4026.84 7.154153e-16 1e-20
4028.31 8.2462834e-16 1e-20
4029.78 8.3885146e-16 1e-20
4031.25 8.3791548e-16 1e-20
4032.72 8.2557247e-16 1e-20
4034.19 7.5901384e-16 1e-20
4035.66 8.5213733e-16 1e-20
4037.13 7.8560448e-16 1e-20
4038.6 7.1403136e-16 1e-20
4040.07 7.8727329e-16 1e-20
4041.54 7.902748e-16 1e-20
4043.01 7.8976293e-16 1e-20
4044.48 7.6453856e-16 1e-20
4045.95 7.4705823e-16 1e-20
4047.42 9.2730912e-16 1e-20
4048.89 8.4119059e-16 1e-20
4050.36 7.2165989e-16 1e-20
4051.83 6.931224e-16 1e-20
4053.3 7.5151982e-16 1e-20
4054.77 7.5674739e-16 1e-20
4056.24 7.0139717e-16 1e-20
4057.71 7.7368291e-16 1e-20
4059.18 7.251006e-16 1e-20
4060.65 6.7269626e-16 1e-20
4062.12 6.6624059e-16 1e-20
4063.59 6.9316502e-16 1e-20
4065.06 7.0917744e-16 1e-20
4066.53 8.0956122e-16 1e-20
4068.0 8.8003452e-16 1e-20
4069.47 8.0137432e-16 1e-20
4070.94 7.4980135e-16 1e-20
4072.41 6.7149421e-16 1e-20
4073.88 7.0355404e-16 1e-20
4075.35 8.4403344e-16 1e-20
4076.82 8.4417786e-16 1e-20
4078.29 8.2098615e-16 1e-20
4079.76 7.8841678e-16 1e-20
4081.23 7.9868706e-16 1e-20
4082.7 8.1249386e-16 1e-20
4084.17 7.6132973e-16 1e-20
4085.64 7.0175896e-16 1e-20
4087.11 8.1300695e-16 1e-20
4088.58 8.2015484e-16 1e-20
4090.05 7.6572027e-16 1e-20
4091.52 8.9213766e-16 1e-20
4092.99 8.7173804e-16 1e-20
4094.46 8.8844767e-16 1e-20
4095.93 9.4235666e-16 1e-20
4097.4 9.0329986e-16 1e-20
4098.87 8.3824223e-16 1e-20
4100.34 8.6623884e-16 1e-20
4101.81 8.7703485e-16 1e-20
4103.28 8.9153002e-16 1e-20
4104.75 8.3648908e-16 1e-20
4106.22 9.2528842e-16 1e-20
4107.69 1.0091355e-15 1e-20
4109.16 9.3152342e-16 1e-20
4110.63 8.6806965e-16 1e-20
4112.1 8.7070598e-16 1e-20
4113.57 8.9304007e-16 1e-20
4115.04 9.6755165e-16 1e-20
4116.51 9.6254834e-16 1e-20
4117.98 9.5696438e-16 1e-20
4119.45 8.6718958e-16 1e-20
4120.92 9.8282821e-16 1e-20
4122.39 1.0537295e-15 1e-20
4123.86 1.0592191e-15 1e-20
4125.33 9.9113369e-16 1e-20
4126.8 1.0091724e-15 1e-20
4128.27 9.8912124e-16 1e-20
4129.74 1.0224608e-15 1e-20
4131.21 9.2334935e-16 1e-20
4132.68 9.5620649e-16 1e-20
4134.15 1.0127052e-15 1e-20
4135.62 9.3188108e-16 1e-20
4137.09 9.3681071e-16 1e-20
4138.56 9.7372727e-16 1e-20
4140.03 9.7424364e-16 1e-20
4141.5 9.3970216e-16 1e-20
4142.97 8.8722736e-16 1e-20
4144.44 9.3141003e-16 1e-20
4145.91 1.0662203e-15 1e-20
4147.38 1.0351759e-15 1e-20
4148.85 1.0209011e-15 1e-20
4150.32 1.0138856e-15 1e-20
4151.79 1.0567247e-15 1e-20
4153.26 1.011712e-15 1e-20
4154.73 1.0665101e-15 1e-20
4156.2 9.9371407e-16 1e-20
4157.67 1.0929233e-15 1e-20
4159.14 1.0215771e-15 1e-20
4160.61 9.7455619e-16 1e-20
4162.08 1.003969e-15 1e-20
4163.55 9.5830407e-16 1e-20
4165.02 1.0743855e-15 1e-20
4166.49 1.0506509e-15 1e-20
4167.96 9.4250087e-16 1e-20
4169.43 1.0288183e-15 1e-20
4170.9 9.9473961e-16 1e-20
4172.37 9.9930184e-16 1e-20
4173.84 9.6473262e-16 1e-20
4175.31 1.0281804e-15 1e-20
4176.78 1.0637376e-15 1e-20
4178.25 9.3414774e-16 1e-20
4179.72 9.7131852e-16 1e-20
4181.19 1.0758009e-15 1e-20
4182.66 9.4404596e-16 1e-20
4184.13 9.5698291e-16 1e-20
4185.6 9.8201146e-16 1e-20
4187.07 9.8146851e-16 1e-20
4188.54 9.2386138e-16 1e-20
4190.01 9.3597839e-16 1e-20
4191.48 9.6253637e-16 1e-20
4192.95 9.5584746e-16 1e-20
4194.42 9.6831324e-16 1e-20
4195.89 9.9036754e-16 1e-20
4197.36 9.6256496e-16 1e-20
4198.83 9.3485893e-16 1e-20
4200.3 8.8437625e-16 1e-20
4201.77 9.2662027e-16 1e-20
4203.24 9.4039705e-16 1e-20
4204.71 9.638533e-16 1e-20
4206.18 1.0272603e-15 1e-20
4207.65 9.615266e-16 1e-20
4209.12 9.297166e-16 1e-20
4210.59 9.9160347e-16 1e-20
4212.06 9.3981948e-16 1e-20
4213.53 8.8515737e-16 1e-20
4215.0 9.578977e-16 1e-20
4216.47 9.2817637e-16 1e-20
4217.94 9.0267031e-16 1e-20
4219.41 9.4328247e-16 1e-20
4220.88 1.0067398e-15 1e-20
4222.35 9.753361e-16 1e-20
4223.82 9.8754671e-16 1e-20
4225.29 9.299705e-16 1e-20
4226.76 8.2070722e-16 1e-20
4228.23 9.3462039e-16 1e-20
4229.7 1.0506277e-15 1e-20
4231.17 9.6277418e-16 1e-20
4232.64 9.7292174e-16 1e-20
4234.11 9.2040156e-16 1e-20
4235.58 9.1913006e-16 1e-20
4237.05 9.1606698e-16 1e-20
4238.52 8.8898172e-16 1e-20
4239.99 9.0584901e-16 1e-20
4241.46 9.1477864e-16 1e-20
4242.93 8.9694987e-16 1e-20
4244.4 8.8034448e-16 1e-20
4245.87 9.4324869e-16 1e-20
4247.34 9.4819346e-16 1e-20
4248.81 8.7959549e-16 1e-20
4250.28 8.1908356e-16 1e-20
4251.75 9.1687484e-16 1e-20
4253.22 8.6082953e-16 1e-20
4254.69 8.826141e-16 1e-20
4256.16 8.9795413e-16 1e-20
4257.63 8.2774685e-16 1e-20
4259.1 8.2125599e-16 1e-20
4260.57 8.9048468e-16 1e-20
4262.04 8.3266483e-16 1e-20
4263.51 8.4540569e-16 1e-20
4264.98 8.8660543e-16 1e-20
4266.45 9.0186743e-16 1e-20
4267.92 8.334809e-16 1e-20
4269.39 8.1670869e-16 1e-20
4270.86 8.8229435e-16 1e-20
4272.33 8.1715058e-16 1e-20
4273.8 7.177097e-16 1e-20
4275.27 7.8279826e-16 1e-20
4276.74 8.5605189e-16 1e-20
4278.21 7.3936341e-16 1e-20
4279.68 6.9414207e-16 1e-20
4281.15 7.7522456e-16 1e-20
4282.62 8.1793832e-16 1e-20
4284.09 7.8931083e-16 1e-20
4285.56 7.3247116e-16 1e-20
4287.03 7.4433375e-16 1e-20
4288.5 7.1146824e-16 1e-20
4289.97 7.2339488e-16 1e-20
4291.44 7.499112e-16 1e-20
4292.91 7.2341706e-16 1e-20
4294.38 7.5189759e-16 1e-20
4295.85 7.2002094e-16 1e-20
4297.32 7.0114005e-16 1e-20
4298.79 6.5882794e-16 1e-20
4300.26 6.8511069e-16 1e-20
4301.73 7.1463863e-16 1e-20
4303.2 7.3512147e-16 1e-20
4304.67 7.3558284e-16 1e-20
4306.14 7.0401906e-16 1e-20
4307.61 6.1817634e-16 1e-20
4309.08 6.2741022e-16 1e-20
4310.55 6.768743e-16 1e-20
4312.02 6.709844e-16 1e-20
4313.49 6.1626041e-16 1e-20
4314.96 6.4510066e-16 1e-20
4316.43 6.2070405e-16 1e-20
4317.9 6.670853e-16 1e-20
4319.37 6.5250061e-16 1e-20
4320.84 5.6967222e-16 1e-20
4322.31 5.3853582e-16 1e-20
4323.78 5.3527607e-16 1e-20
4325.25 5.9326039e-16 1e-20
4326.72 5.3030652e-16 1e-20
4328.19 5.5861325e-16 1e-20
4329.66 5.2169342e-16 1e-20
4331.13 4.5678052e-16 1e-20
4332.6 5.6445392e-16 1e-20
4334.07 5.3376951e-16 1e-20
4335.54 4.9472182e-16 1e-20
4337.01 5.2426654e-16 1e-20
4338.48 5.9805153e-16 1e-20
4339.95 4.6749781e-16 1e-20
4341.42 4.429185e-16 1e-20
4342.89 5.3379243e-16 1e-20
4344.36 5.1893839e-16 1e-20
4345.83 3.884297e-16 1e-20
4347.3 4.4936019e-16 1e-20
4348.77 4.8617875e-16 1e-20
4350.24 5.09236e-16 1e-20
4351.71 5.1055779e-16 1e-20
4353.18 5.0957576e-16 1e-20
4354.65 4.7827578e-16 1e-20
4356.12 4.7658071e-16 1e-20
4357.59 5.8379867e-16 1e-20
4359.06 5.036631e-16 1e-20
4360.53 5.6198799e-16 1e-20
4362.0 5.3554653e-16 1e-20
4363.47 5.0328824e-16 1e-20
4364.94 5.1531372e-16 1e-20
4366.41 5.0675853e-16 1e-20
4367.88 4.5791411e-16 1e-20
4369.35 4.9421032e-16 1e-20
4370.82 4.9861002e-16 1e-20
4372.29 4.7259584e-16 1e-20
4373.76 5.0847303e-16 1e-20
4375.23 5.3156786e-16 1e-20
4376.7 5.388605e-16 1e-20
4378.17 5.8021619e-16 1e-20
4379.64 5.5745102e-16 1e-20
4381.11 5.6060616e-16 1e-20
4382.58 6.0428829e-16 1e-20
4384.05 5.2178897e-16 1e-20
4385.52 5.5748892e-16 1e-20
4386.99 5.6759286e-16 1e-20
4388.46 5.629759e-16 1e-20
4389.93 5.3268732e-16 1e-20
4391.4 5.4412322e-16 1e-20
4392.87 6.1312104e-16 1e-20
4394.34 6.2125504e-16 1e-20
4395.81 6.017132e-16 1e-20
4397.28 6.5935231e-16 1e-20
4398.75 5.9289665e-16 1e-20
4400.22 6.5682678e-16 1e-20
4401.69 5.6898173e-16 1e-20
4403.16 5.7623678e-16 1e-20
4404.63 6.3520578e-16 1e-20
4406.1 6.0244546e-16 1e-20
4407.57 6.276728e-16 1e-20
4409.04 6.195658e-16 1e-20
4410.51 5.8571619e-16 1e-20
4411.98 5.9533827e-16 1e-20
4413.45 6.284445e-16 1e-20
4414.92 6.7123867e-16 1e-20
4416.39 6.2296229e-16 1e-20
4417.86 5.8882168e-16 1e-20
4419.33 6.1141713e-16 1e-20
4420.8 6.4527738e-16 1e-20
4422.27 6.3979294e-16 1e-20
4423.74 6.1537785e-16 1e-20
4425.21 6.3104945e-16 1e-20
4426.68 6.7377617e-16 1e-20
4428.15 6.7468901e-16 1e-20
4429.62 5.9240383e-16 1e-20
4431.09 5.6128156e-16 1e-20
4432.56 6.1905408e-16 1e-20
4434.03 6.6861769e-16 1e-20
4435.5 7.3491342e-16 1e-20
4436.97 6.5520407e-16 1e-20
4438.44 6.440144e-16 1e-20
4439.91 5.45778e-16 1e-20
4441.38 5.2605807e-16 1e-20
4442.85 6.7813357e-16 1e-20
4444.32 6.0228257e-16 1e-20
4445.79 5.9494467e-16 1e-20
4447.26 6.7549993e-16 1e-20
4448.73 6.1395606e-16 1e-20
4450.2 5.9595046e-16 1e-20
4451.67 6.0336544e-16 1e-20
4453.14 6.5440956e-16 1e-20
4454.61 6.5133874e-16 1e-20
4456.08 6.3438533e-16 1e-20
4457.55 6.7475238e-16 1e-20
4459.02 6.5444185e-16 1e-20
4460.49 6.7493936e-16 1e-20
4461.96 6.7760603e-16 1e-20
4463.43 6.278663e-16 1e-20
4464.9 6.1420932e-16 1e-20
4466.37 5.5663337e-16 1e-20
4467.84 5.434467e-16 1e-20
4469.31 6.1132237e-16 1e-20
4470.78 6.2592818e-16 1e-20
4472.25 5.7565857e-16 1e-20
4473.72 5.9504599e-16 1e-20
4475.19 6.1540194e-16 1e-20
4476.66 5.5552592e-16 1e-20
4478.13 6.1332316e-16 1e-20
4479.6 6.5762516e-16 1e-20
4481.07 5.9995534e-16 1e-20
4482.54 6.3557943e-16 1e-20
4484.01 6.3117454e-16 1e-20
4485.48 5.981312e-16 1e-20
4486.95 6.2348867e-16 1e-20
4488.42 5.9739534e-16 1e-20
4489.89 6.3093351e-16 1e-20
4491.36 6.4011593e-16 1e-20
4492.83 6.3920717e-16 1e-20
4494.3 6.6467141e-16 1e-20
4495.77 6.3881372e-16 1e-20
4497.24 6.812461e-16 1e-20
4498.71 7.0112776e-16 1e-20
4500.18 7.0049529e-16 1e-20
4501.65 7.2610481e-16 1e-20
4503.12 7.2832128e-16 1e-20
4504.59 7.2241386e-16 1e-20
4506.06 7.5113807e-16 1e-20
4507.53 7.1474038e-16 1e-20
4509.0 6.5240558e-16 1e-20
4510.47 7.2020062e-16 1e-20
4511.94 7.0613648e-16 1e-20
4513.41 7.1549482e-16 1e-20
4514.88 7.4442486e-16 1e-20
4516.35 7.6310823e-16 1e-20
4517.82 7.9149284e-16 1e-20
4519.29 8.0089252e-16 1e-20
4520.76 7.9839044e-16 1e-20
4522.23 7.5752756e-16 1e-20
4523.7 7.3589312e-16 1e-20
4525.17 8.1507874e-16 1e-20
4526.64 7.8648375e-16 1e-20
4528.11 8.5190969e-16 1e-20
4529.58 8.051541e-16 1e-20
4531.05 7.5186064e-16 1e-20
4532.52 7.6377967e-16 1e-20
4533.99 8.2457424e-16 1e-20
4535.46 7.1118294e-16 1e-20
4536.93 7.1523933e-16 1e-20
4538.4 7.947555e-16 1e-20
4539.87 8.4050328e-16 1e-20
4541.34 7.7145469e-16 1e-20
4542.81 8.419714e-16 1e-20
4544.28 8.2184309e-16 1e-20
4545.75 8.3404502e-16 1e-20
4547.22 7.8818824e-16 1e-20
4548.69 8.2584717e-16 1e-20
4550.16 7.771045e-16 1e-20
4551.63 7.7831512e-16 1e-20
4553.1 7.7422692e-16 1e-20
4554.57 7.6739449e-16 1e-20
4556.04 8.3838522e-16 1e-20
4557.51 7.9039683e-16 1e-20
4558.98 8.1010766e-16 1e-20
4560.45 8.6265366e-16 1e-20
4561.92 8.4089243e-16 1e-20
4563.39 8.4062858e-16 1e-20
4564.86 8.6307353e-16 1e-20
4566.33 8.1522818e-16 1e-20
4567.8 8.7087237e-16 1e-20
4569.27 8.0364024e-16 1e-20
4570.74 8.2888834e-16 1e-20
4572.21 8.5048471e-16 1e-20
4573.68 8.6138666e-16 1e-20
4575.15 9.2752257e-16 1e-20
4576.62 8.7747981e-16 1e-20
4578.09 8.5250362e-16 1e-20
4579.56 8.6549509e-16 1e-20
4581.03 8.9285669e-16 1e-20
4582.5 8.5742392e-16 1e-20
4583.97 8.8121438e-16 1e-20
4585.44 8.3859353e-16 1e-20
4586.91 8.4236918e-16 1e-20
4588.38 8.6015783e-16 1e-20
4589.85 8.6107151e-16 1e-20
4591.32 8.0077378e-16 1e-20
4592.79 8.1828978e-16 1e-20
4594.26 8.8110691e-16 1e-20
4595.73 8.4760745e-16 1e-20
4597.2 8.4775282e-16 1e-20
4598.67 7.7756073e-16 1e-20
4600.14 7.598056e-16 1e-20
4601.61 7.4062644e-16 1e-20
4603.08 8.0278098e-16 1e-20
4604.55 7.1485817e-16 1e-20
4606.02 8.0223306e-16 1e-20
4607.49 8.1170034e-16 1e-20
4608.96 7.7499396e-16 1e-20
4610.43 7.5399945e-16 1e-20
4611.9 8.090179e-16 1e-20
4613.37 8.2804612e-16 1e-20
4614.84 7.7095298e-16 1e-20
4616.31 8.0659009e-16 1e-20
4617.78 8.0946651e-16 1e-20
4619.25 8.0774777e-16 1e-20
4620.72 7.7818325e-16 1e-20
4622.19 7.6893577e-16 1e-20
4623.66 7.7838484e-16 1e-20
4625.13 7.9126001e-16 1e-20
4626.6 7.8262276e-16 1e-20
4628.07 8.3140148e-16 1e-20
4629.54 8.143452e-16 1e-20
4631.01 8.1178282e-16 1e-20
4632.48 7.3523074e-16 1e-20
4633.95 7.3230768e-16 1e-20
4635.42 7.3193838e-16 1e-20
4636.89 7.7140286e-16 1e-20
4638.36 7.6986994e-16 1e-20
4639.83 7.7341615e-16 1e-20
4641.3 8.2223775e-16 1e-20
4642.77 8.2453543e-16 1e-20
4644.24 8.2984845e-16 1e-20
4645.71 8.6581903e-16 1e-20
4647.18 8.2850553e-16 1e-20
4648.65 8.3030595e-16 1e-20
4650.12 8.679427e-16 1e-20
4651.59 7.9085846e-16 1e-20
4653.06 8.408747e-16 1e-20
4654.53 7.9027052e-16 1e-20
4656.0 7.7786191e-16 1e-20
4657.47 8.1064113e-16 1e-20
4658.94 8.0988208e-16 1e-20
4660.41 8.4121653e-16 1e-20
4661.88 7.8284611e-16 1e-20
4663.35 8.4478159e-16 1e-20
4664.82 8.1801497e-16 1e-20
4666.29 7.6673899e-16 1e-20
4667.76 7.3799429e-16 1e-20
4669.23 7.9434437e-16 1e-20
4670.7 7.7471841e-16 1e-20
4672.17 7.4748794e-16 1e-20
4673.64 7.4145659e-16 1e-20
4675.11 7.6080266e-16 1e-20
4676.58 7.6106646e-16 1e-20
4678.05 7.1732097e-16 1e-20
4679.52 7.0244066e-16 1e-20
4680.99 7.5640058e-16 1e-20
4682.46 7.5432974e-16 1e-20
4683.93 7.2464616e-16 1e-20
4685.4 7.0502549e-16 1e-20
4686.87 6.6595287e-16 1e-20
4688.34 6.5351588e-16 1e-20
4689.81 7.0558633e-16 1e-20
4691.28 7.5370913e-16 1e-20
4692.75 7.4005523e-16 1e-20
4694.22 6.829309e-16 1e-20
4695.69 6.5977667e-16 1e-20
4697.16 6.7068847e-16 1e-20
4698.63 6.6745857e-16 1e-20
4700.1 6.7262971e-16 1e-20
4701.57 6.4893936e-16 1e-20
4703.04 6.5998753e-16 1e-20
4704.51 6.4608222e-16 1e-20
4705.98 5.8747982e-16 1e-20
4707.45 5.6938883e-16 1e-20
4708.92 6.3069803e-16 1e-20
4710.39 6.3497873e-16 1e-20
4711.86 6.2118024e-16 1e-20
4713.33 5.4511075e-16 1e-20
4714.8 6.150194e-16 1e-20
4716.27 6.3844971e-16 1e-20
4717.74 6.1816491e-16 1e-20
4719.21 6.0956424e-16 1e-20
4720.68 5.9040796e-16 1e-20
4722.15 6.3846622e-16 1e-20
4723.62 6.0708185e-16 1e-20
4725.09 5.6759154e-16 1e-20
4726.56 5.5735948e-16 1e-20
4728.03 6.0947208e-16 1e-20
4729.5 5.9886929e-16 1e-20
4730.97 6.5444127e-16 1e-20
4732.44 6.1900623e-16 1e-20
4733.91 6.0501562e-16 1e-20
4735.38 6.3513686e-16 1e-20
4736.85 6.3306819e-16 1e-20
4738.32 5.5097132e-16 1e-20
4739.79 5.3819441e-16 1e-20
4741.26 5.3591579e-16 1e-20
4742.73 5.5090541e-16 1e-20
4744.2 5.9758503e-16 1e-20
4745.67 6.0748001e-16 1e-20
4747.14 6.089205e-16 1e-20
4748.61 5.8583927e-16 1e-20
4750.08 5.8971016e-16 1e-20
4751.55 6.5770446e-16 1e-20
4753.02 6.4906764e-16 1e-20
4754.49 6.751463e-16 1e-20
4755.96 6.2497707e-16 1e-20
4757.43 5.4852498e-16 1e-20
4758.9 6.3495384e-16 1e-20
4760.37 6.2676716e-16 1e-20
4761.84 6.3058262e-16 1e-20
4763.31 5.9995455e-16 1e-20
4764.78 6.0527778e-16 1e-20
4766.25 5.5953996e-16 1e-20
4767.72 6.3804176e-16 1e-20
4769.19 6.0193158e-16 1e-20
4770.66 5.7062571e-16 1e-20
4772.13 6.1039772e-16 1e-20
4773.6 5.9954654e-16 1e-20
4775.07 5.5859329e-16 1e-20
4776.54 5.7549038e-16 1e-20
4778.01 5.9496298e-16 1e-20
4779.48 6.0003184e-16 1e-20
4780.95 5.8876064e-16 1e-20
4782.42 5.9097409e-16 1e-20
4783.89 6.1389973e-16 1e-20
4785.36 5.6804009e-16 1e-20
4786.83 5.5532412e-16 1e-20
4788.3 6.1773414e-16 1e-20
4789.77 6.1014229e-16 1e-20
4791.24 5.4903522e-16 1e-20
4792.71 5.1615991e-16 1e-20
4794.18 5.4816791e-16 1e-20
4795.65 5.3693111e-16 1e-20
4797.12 5.5653511e-16 1e-20
4798.59 4.9999751e-16 1e-20
4800.06 5.1733453e-16 1e-20
4801.53 5.362023e-16 1e-20
4803.0 5.5364689e-16 1e-20
4804.47 5.6897199e-16 1e-20
4805.94 5.6094318e-16 1e-20
4807.41 5.5568596e-16 1e-20
4808.88 5.314461e-16 1e-20
4810.35 5.2782911e-16 1e-20
4811.82 5.0828483e-16 1e-20
4813.29 4.9785108e-16 1e-20
4814.76 5.0435777e-16 1e-20
4816.23 4.6287852e-16 1e-20
4817.7 4.8332521e-16 1e-20
4819.17 5.5895651e-16 1e-20
4820.64 5.3258155e-16 1e-20
4822.11 4.8385566e-16 1e-20
4823.58 4.9821874e-16 1e-20
4825.05 5.2757696e-16 1e-20
4826.52 5.0699311e-16 1e-20
4827.99 4.5442762e-16 1e-20
4829.46 4.7710809e-16 1e-20
4830.93 5.2295317e-16 1e-20
4832.4 4.705763e-16 1e-20
4833.87 5.186108e-16 1e-20
4835.34 5.8270377e-16 1e-20
4836.81 5.4380722e-16 1e-20
4838.28 5.3779631e-16 1e-20
4839.75 5.3209413e-16 1e-20
4841.22 5.3478018e-16 1e-20
4842.69 5.3146786e-16 1e-20
4844.16 4.8909006e-16 1e-20
4845.63 4.8124606e-16 1e-20
4847.1 4.8089824e-16 1e-20
4848.57 5.1569648e-16 1e-20
4850.04 5.3847573e-16 1e-20
4851.51 5.4138857e-16 1e-20
4852.98 5.4055695e-16 1e-20
4854.45 5.1080497e-16 1e-20
4855.92 5.0177205e-16 1e-20
4857.39 5.1942072e-16 1e-20
4858.86 5.0632972e-16 1e-20
4860.33 5.5392164e-16 1e-20
4861.8 4.9740856e-16 1e-20
4863.27 4.6646459e-16 1e-20
4864.74 4.410036e-16 1e-20
4866.21 4.562373e-16 1e-20
4867.68 4.9116974e-16 1e-20
4869.15 5.015604e-16 1e-20
4870.62 4.5820925e-16 1e-20
4872.09 4.5293208e-16 1e-20
4873.56 4.7079086e-16 1e-20
4875.03 5.0564685e-16 1e-20
4876.5 4.3491367e-16 1e-20
4877.97 3.9070872e-16 1e-20
4879.44 4.2583472e-16 1e-20
4880.91 4.4713996e-16 1e-20
4882.38 4.4928062e-16 1e-20
4883.85 4.2215656e-16 1e-20
4885.32 4.0253706e-16 1e-20
4886.79 3.9836415e-16 1e-20
4888.26 4.1316968e-16 1e-20
4889.73 4.4696198e-16 1e-20
4891.2 4.2598004e-16 1e-20
4892.67 3.8545587e-16 1e-20
4894.14 3.6234251e-16 1e-20
4895.61 4.0092399e-16 1e-20
4897.08 4.100752e-16 1e-20
4898.55 3.784832e-16 1e-20
4900.02 3.8647178e-16 1e-20
4901.49 3.8753933e-16 1e-20
4902.96 3.6358908e-16 1e-20
4904.43 3.7155921e-16 1e-20
4905.9 3.5198645e-16 1e-20
4907.37 3.256734e-16 1e-20
4908.84 3.5265097e-16 1e-20
4910.31 3.6887165e-16 1e-20
4911.78 3.8186943e-16 1e-20
4913.25 3.6737121e-16 1e-20
4914.72 3.7655977e-16 1e-20
4916.19 3.4656144e-16 1e-20
4917.66 3.4905013e-16 1e-20
4919.13 3.3542605e-16 1e-20
4920.6 3.2637617e-16 1e-20
4922.07 3.2768248e-16 1e-20
4923.54 3.246005e-16 1e-20
4925.01 3.5297583e-16 1e-20
4926.48 3.3651468e-16 1e-20
4927.95 3.3131376e-16 1e-20
4929.42 3.3750438e-16 1e-20
4930.89 3.5224098e-16 1e-20
4932.36 3.3694232e-16 1e-20
4933.83 3.5488584e-16 1e-20
4935.3 3.6229013e-16 1e-20
4936.77 3.3593605e-16 1e-20
4938.24 3.4748555e-16 1e-20
4939.71 3.5242015e-16 1e-20
4941.18 3.3231199e-16 1e-20
4942.65 3.1627482e-16 1e-20
4944.12 3.4140012e-16 1e-20
4945.59 3.6409492e-16 1e-20
4947.06 3.6000923e-16 1e-20
4948.53 3.4551718e-16 1e-20
4950.0 3.5177742e-16 1e-20
4951.47 3.5623088e-16 1e-20
4952.94 3.7780711e-16 1e-20
4954.41 3.888625e-16 1e-20
4955.88 3.2915626e-16 1e-20
4957.35 3.3929983e-16 1e-20
4958.82 3.2014976e-16 1e-20
4960.29 3.247352e-16 1e-20
4961.76 3.4445323e-16 1e-20
4963.23 3.9025354e-16 1e-20
4964.7 3.545515e-16 1e-20
4966.17 3.5793595e-16 1e-20
4967.64 3.7500004e-16 1e-20
4969.11 3.7381486e-16 1e-20
4970.58 3.839032e-16 1e-20
4972.05 3.5925672e-16 1e-20
4973.52 3.4896471e-16 1e-20
4974.99 3.7216351e-16 1e-20
4976.46 3.4095061e-16 1e-20
4977.93 3.3255583e-16 1e-20
4979.4 3.8945063e-16 1e-20
4980.87 3.5882441e-16 1e-20
4982.34 3.2989228e-16 1e-20
4983.81 3.6672437e-16 1e-20
4985.28 3.7108352e-16 1e-20
4986.75 3.5087059e-16 1e-20
4988.22 4.031132e-16 1e-20
4989.69 3.6927399e-16 1e-20
4991.16 3.6152436e-16 1e-20
4992.63 3.6929099e-16 1e-20
4994.1 3.6146618e-16 1e-20
4995.57 3.474063e-16 1e-20
4997.04 4.0756695e-16 1e-20
4998.51 4.4664217e-16 1e-20
4999.98 4.1343853e-16 1e-20
5001.45 4.3990362e-16 1e-20
5002.92 3.9295198e-16 1e-20
5004.39 3.9146787e-16 1e-20
5005.86 3.9690598e-16 1e-20
5007.33 3.3327586e-16 1e-20
5008.8 3.9623113e-16 1e-20
5010.27 4.2816295e-16 1e-20
5011.74 4.0899089e-16 1e-20
5013.21 3.6754713e-16 1e-20
5014.68 3.6484618e-16 1e-20
5016.15 3.9210283e-16 1e-20
5017.62 4.1167646e-16 1e-20
5019.09 3.9321371e-16 1e-20
5020.56 4.132205e-16 1e-20
5022.03 4.2199102e-16 1e-20
5023.5 3.9307271e-16 1e-20
5024.97 3.8673338e-16 1e-20
5026.44 4.0523716e-16 1e-20
5027.91 4.0550037e-16 1e-20
5029.38 4.2321077e-16 1e-20
5030.85 4.5457331e-16 1e-20
5032.32 4.3751457e-16 1e-20
5033.79 4.2971837e-16 1e-20
5035.26 4.0808377e-16 1e-20
5036.73 4.5370134e-16 1e-20
5038.2 4.6483389e-16 1e-20
5039.67 3.9576381e-16 1e-20
5041.14 4.7067382e-16 1e-20
5042.61 4.5668957e-16 1e-20
5044.08 3.8683277e-16 1e-20
5045.55 4.4217296e-16 1e-20
5047.02 4.5364575e-16 1e-20
5048.49 4.9278206e-16 1e-20
5049.96 4.8001955e-16 1e-20
5051.43 4.7834343e-16 1e-20
5052.9 4.4605856e-16 1e-20
5054.37 4.1721071e-16 1e-20
5055.84 4.3129454e-16 1e-20
5057.31 4.3890362e-16 1e-20
5058.78 4.4693603e-16 1e-20
5060.25 4.5169456e-16 1e-20
5061.72 4.3070762e-16 1e-20
5063.19 4.3639362e-16 1e-20
5064.66 4.0861986e-16 1e-20
5066.13 4.3475734e-16 1e-20
5067.6 4.6880341e-16 1e-20
5069.07 4.5112482e-16 1e-20
5070.54 4.6760062e-16 1e-20
5072.01 4.5014475e-16 1e-20
5073.48 4.5804408e-16 1e-20
5074.95 4.6008463e-16 1e-20
5076.42 4.5153902e-16 1e-20
5077.89 4.7588969e-16 1e-20
5079.36 4.2957789e-16 1e-20
5080.83 4.6518912e-16 1e-20
5082.3 4.7615137e-16 1e-20
5083.77 4.3661751e-16 1e-20
5085.24 4.3652793e-16 1e-20
5086.71 4.1300861e-16 1e-20
5088.18 4.3710442e-16 1e-20
5089.65 4.3773787e-16 1e-20
5091.12 4.5379637e-16 1e-20
5092.59 4.2731936e-16 1e-20
5094.06 4.4420155e-16 1e-20
5095.53 4.6295517e-16 1e-20
5097.0 4.6304057e-16 1e-20
5098.47 4.7269679e-16 1e-20
5099.94 4.6943773e-16 1e-20
5101.41 4.4275849e-16 1e-20
5102.88 4.4882508e-16 1e-20
5104.35 4.6843654e-16 1e-20
5105.82 5.1682695e-16 1e-20
5107.29 4.8945375e-16 1e-20
5108.76 4.7724197e-16 1e-20
5110.23 5.0732932e-16 1e-20
5111.7 4.7736633e-16 1e-20
5113.17 4.705997e-16 1e-20
5114.64 5.2565033e-16 1e-20
5116.11 4.797296e-16 1e-20
5117.58 4.3772463e-16 1e-20
5119.05 4.618175e-16 1e-20
5120.52 4.7158056e-16 1e-20
5121.99 4.6197616e-16 1e-20
5123.46 4.588513e-16 1e-20
5124.93 4.524895e-16 1e-20
5126.4 4.7442771e-16 1e-20
5127.87 5.0946263e-16 1e-20
5129.34 5.1826431e-16 1e-20
5130.81 5.0221415e-16 1e-20
5132.28 4.8133145e-16 1e-20
5133.75 4.6303977e-16 1e-20
5135.22 4.7042579e-16 1e-20
5136.69 4.6331871e-16 1e-20
5138.16 4.9013588e-16 1e-20
5139.63 4.6248835e-16 1e-20
5141.1 4.654509e-16 1e-20
5142.57 4.6868758e-16 1e-20
5144.04 4.7283031e-16 1e-20
5145.51 4.8515723e-16 1e-20
5146.98 4.9975727e-16 1e-20
5148.45 4.8932003e-16 1e-20
5149.92 5.0396041e-16 1e-20
5151.39 5.1371654e-16 1e-20
5152.86 4.8563146e-16 1e-20
5154.33 4.8246769e-16 1e-20
5155.8 4.9240932e-16 1e-20
5157.27 4.8496787e-16 1e-20
5158.74 4.8561961e-16 1e-20
5160.21 5.1135278e-16 1e-20
5161.68 5.4696491e-16 1e-20
5163.15 4.7176104e-16 1e-20
5164.62 5.0658838e-16 1e-20
5166.09 5.2573032e-16 1e-20
5167.56 5.243721e-16 1e-20
5169.03 4.6778178e-16 1e-20
5170.5 4.8414238e-16 1e-20
5171.97 5.3378645e-16 1e-20
5173.44 5.3165966e-16 1e-20
5174.91 5.1671509e-16 1e-20
5176.38 5.5943461e-16 1e-20
5177.85 6.0578632e-16 1e-20
5179.32 5.9693652e-16 1e-20
5180.79 6.1201598e-16 1e-20
5182.26 5.769593e-16 1e-20
5183.73 5.2768443e-16 1e-20
5185.2 4.9839059e-16 1e-20
5186.67 5.1623715e-16 1e-20
5188.14 5.2075247e-16 1e-20
5189.61 4.9130235e-16 1e-20
5191.08 4.935473e-16 1e-20
5192.55 5.0125144e-16 1e-20
5194.02 5.3005008e-16 1e-20
5195.49 5.0661845e-16 1e-20
5196.96 4.8102482e-16 1e-20
5198.43 4.8554973e-16 1e-20
5199.9 4.7607582e-16 1e-20
5201.37 4.7830272e-16 1e-20
5202.84 4.7713202e-16 1e-20
5204.31 4.8938626e-16 1e-20
5205.78 4.5470296e-16 1e-20
5207.25 4.2575968e-16 1e-20
5208.72 4.448517e-16 1e-20
5210.19 4.8011061e-16 1e-20
5211.66 4.8052735e-16 1e-20
5213.13 4.8328693e-16 1e-20
5214.6 4.6267888e-16 1e-20
5216.07 4.6643876e-16 1e-20
5217.54 4.8890175e-16 1e-20
5219.01 4.5985096e-16 1e-20
5220.48 4.6850478e-16 1e-20
5221.95 4.8075742e-16 1e-20
5223.42 4.4303571e-16 1e-20
5224.89 4.4338046e-16 1e-20
5226.36 4.5480825e-16 1e-20
5227.83 4.8708211e-16 1e-20
5229.3 5.2517573e-16 1e-20
5230.77 4.8889582e-16 1e-20
5232.24 4.6972212e-16 1e-20
5233.71 4.6445839e-16 1e-20
5235.18 4.8124489e-16 1e-20
5236.65 4.9959888e-16 1e-20
5238.12 4.8654377e-16 1e-20
5239.59 4.3523004e-16 1e-20
5241.06 4.4588783e-16 1e-20
5242.53 5.0352742e-16 1e-20
5244.0 4.9448132e-16 1e-20
5245.47 4.5027467e-16 1e-20
5246.94 4.7337686e-16 1e-20
5248.41 5.3326246e-16 1e-20
5249.88 5.2613044e-16 1e-20
5251.35 4.8750261e-16 1e-20
5252.82 4.5679026e-16 1e-20
5254.29 4.6737833e-16 1e-20
5255.76 4.9701966e-16 1e-20
5257.23 4.9347065e-16 1e-20
5258.7 4.853413e-16 1e-20
5260.17 4.9459588e-16 1e-20
5261.64 5.0923573e-16 1e-20
5263.11 5.1321959e-16 1e-20
5264.58 5.3524525e-16 1e-20
5266.05 5.6300258e-16 1e-20
5267.52 5.4680852e-16 1e-20
5268.99 5.3588609e-16 1e-20
5270.46 5.5369448e-16 1e-20
5271.93 5.2096926e-16 1e-20
5273.4 5.0725955e-16 1e-20
5274.87 5.5394785e-16 1e-20
5276.34 5.0515155e-16 1e-20
5277.81 4.3570475e-16 1e-20
5279.28 4.6097889e-16 1e-20
5280.75 4.6847068e-16 1e-20
5282.22 4.6326535e-16 1e-20
5283.69 4.9515789e-16 1e-20
5285.16 4.7341815e-16 1e-20
5286.63 4.4913356e-16 1e-20
5288.1 4.5559965e-16 1e-20
5289.57 4.5598325e-16 1e-20
5291.04 4.6320198e-16 1e-20
5292.51 4.4550391e-16 1e-20
5293.98 4.3243136e-16 1e-20
5295.45 4.2325011e-16 1e-20
5296.92 4.1429469e-16 1e-20
5298.39 4.2879179e-16 1e-20
5299.86 4.4398635e-16 1e-20
5301.33 4.292908e-16 1e-20
5302.8 4.2039817e-16 1e-20
5304.27 4.1719713e-16 1e-20
5305.74 4.3080135e-16 1e-20
5307.21 4.5755343e-16 1e-20
5308.68 4.3919603e-16 1e-20
5310.15 4.1360396e-16 1e-20
5311.62 4.223427e-16 1e-20
5313.09 4.1167935e-16 1e-20
5314.56 3.9861405e-16 1e-20
5316.03 4.1484077e-16 1e-20
5317.5 4.2134471e-16 1e-20
5318.97 4.2680958e-16 1e-20
5320.44 4.1722368e-16 1e-20
5321.91 4.084561e-16 1e-20
5323.38 3.6084726e-16 1e-20
5324.85 3.4272999e-16 1e-20
5326.32 3.6338195e-16 1e-20
5327.79 3.6694259e-16 1e-20
5329.26 3.7675697e-16 1e-20
5330.73 3.7175522e-16 1e-20
5332.2 3.616814e-16 1e-20
5333.67 3.4123291e-16 1e-20
5335.14 3.8033659e-16 1e-20
5336.61 3.9425805e-16 1e-20
5338.08 3.8194711e-16 1e-20
5339.55 3.9446983e-16 1e-20
5341.02 3.8952306e-16 1e-20
5342.49 3.7344886e-16 1e-20
5343.96 3.1482904e-16 1e-20
5345.43 3.2684553e-16 1e-20
5346.9 3.7012619e-16 1e-20
5348.37 3.7285453e-16 1e-20
5349.84 3.6759708e-16 1e-20
5351.31 3.3055604e-16 1e-20
5352.78 3.3090785e-16 1e-20
5354.25 3.6263812e-16 1e-20
5355.72 3.6492951e-16 1e-20
5357.19 3.7095104e-16 1e-20
5358.66 3.7855067e-16 1e-20
5360.13 3.7561491e-16 1e-20
5361.6 3.7114776e-16 1e-20
5363.07 3.800486e-16 1e-20
5364.54 4.1873278e-16 1e-20
5366.01 4.0453952e-16 1e-20
5367.48 3.6004234e-16 1e-20
5368.95 3.2939711e-16 1e-20
5370.42 3.2394203e-16 1e-20
5371.89 3.6659173e-16 1e-20
5373.36 3.6672906e-16 1e-20
5374.83 3.5540616e-16 1e-20
5376.3 3.668469e-16 1e-20
5377.77 3.7091552e-16 1e-20
5379.24 3.8602571e-16 1e-20
5380.71 3.8001704e-16 1e-20
5382.18 3.9258638e-16 1e-20
5383.65 3.7549794e-16 1e-20
5385.12 3.725483e-16 1e-20
5386.59 3.5061537e-16 1e-20
5388.06 3.3596453e-16 1e-20
5389.53 3.3443195e-16 1e-20
5391.0 3.2238754e-16 1e-20
5392.47 3.5933581e-16 1e-20
5393.94 3.7668013e-16 1e-20
5395.41 3.4581152e-16 1e-20
5396.88 3.3335892e-16 1e-20
5398.35 3.6827201e-16 1e-20
5399.82 3.4717223e-16 1e-20
5401.29 3.6398978e-16 1e-20
5402.76 3.9201704e-16 1e-20
5404.23 3.9654205e-16 1e-20
5405.7 3.6327835e-16 1e-20
5407.17 3.941455e-16 1e-20
5408.64 3.8604559e-16 1e-20
5410.11 3.6082592e-16 1e-20
5411.58 3.65155e-16 1e-20
5413.05 4.014762e-16 1e-20
5414.52 4.1117835e-16 1e-20
5415.99 3.9898807e-16 1e-20
5417.46 3.966758e-16 1e-20
5418.93 3.8538093e-16 1e-20
5420.4 3.9834371e-16 1e-20
5421.87 4.1155491e-16 1e-20
5423.34 3.8715991e-16 1e-20
5424.81 3.8924515e-16 1e-20
5426.28 3.8207576e-16 1e-20
5427.75 3.7680308e-16 1e-20
5429.22 3.7247112e-16 1e-20
5430.69 3.2962644e-16 1e-20
5432.16 3.7247062e-16 1e-20
5433.63 3.6734485e-16 1e-20
5435.1 3.7174818e-16 1e-20
5436.57 3.6350498e-16 1e-20
5438.04 3.4662213e-16 1e-20
5439.51 3.6172227e-16 1e-20
5440.98 3.4360699e-16 1e-20
5442.45 3.5481154e-16 1e-20
5443.92 3.5945069e-16 1e-20
5445.39 3.5072082e-16 1e-20
5446.86 3.4694777e-16 1e-20
5448.33 3.6847942e-16 1e-20
5449.8 3.6380335e-16 1e-20
5451.27 3.5641174e-16 1e-20
5452.74 3.4125057e-16 1e-20
5454.21 3.8579436e-16 1e-20
5455.68 3.571233e-16 1e-20
5457.15 3.2179989e-16 1e-20
5458.62 3.2654531e-16 1e-20
5460.09 3.6222488e-16 1e-20
5461.56 3.7242509e-16 1e-20
5463.03 3.5301932e-16 1e-20
5464.5 3.9333809e-16 1e-20
5465.97 3.5643342e-16 1e-20
5467.44 3.4330664e-16 1e-20
5468.91 3.5167246e-16 1e-20
5470.38 3.4650114e-16 1e-20
5471.85 3.2991658e-16 1e-20
5473.32 3.411179e-16 1e-20
5474.79 3.3753614e-16 1e-20
5476.26 3.5211528e-16 1e-20
5477.73 3.4784414e-16 1e-20
5479.2 3.5545822e-16 1e-20
5480.67 3.3727505e-16 1e-20
5482.14 3.4256996e-16 1e-20
5483.61 3.4654169e-16 1e-20
5485.08 3.4107351e-16 1e-20
5486.55 3.4192576e-16 1e-20
5488.02 3.2878764e-16 1e-20
5489.49 3.5061547e-16 1e-20
5490.96 3.4829746e-16 1e-20
5492.43 3.2059202e-16 1e-20
5493.9 3.2695189e-16 1e-20
5495.37 3.182271e-16 1e-20
5496.84 2.9944539e-16 1e-20
5498.31 2.7377005e-16 1e-20
5499.78 2.8051751e-16 1e-20
5501.25 3.238892e-16 1e-20
5502.72 3.2626992e-16 1e-20
5504.19 3.0442965e-16 1e-20
5505.66 2.952548e-16 1e-20
5507.13 3.3087468e-16 1e-20
5508.6 3.4252882e-16 1e-20
5510.07 3.0201582e-16 1e-20
5511.54 2.873415e-16 1e-20
5513.01 2.8085037e-16 1e-20
5514.48 2.9168355e-16 1e-20
5515.95 2.9753549e-16 1e-20
5517.42 3.1187028e-16 1e-20
5518.89 3.1717705e-16 1e-20
5520.36 2.9012827e-16 1e-20
5521.83 2.9281569e-16 1e-20
5523.3 2.689184e-16 1e-20
5524.77 2.8508294e-16 1e-20
5526.24 3.2927302e-16 1e-20
5527.71 2.9682777e-16 1e-20
5529.18 2.8196446e-16 1e-20
5530.65 2.8759556e-16 1e-20
5532.12 2.9307517e-16 1e-20
5533.59 2.9884347e-16 1e-20
5535.06 3.435324e-16 1e-20
5536.53 3.4212434e-16 1e-20
5538.0 3.0662074e-16 1e-20
5539.47 3.0720149e-16 1e-20
5540.94 3.1254944e-16 1e-20
5542.41 3.0996832e-16 1e-20
5543.88 2.9746828e-16 1e-20
5545.35 3.2544414e-16 1e-20
5546.82 3.4758291e-16 1e-20
5548.29 3.3362608e-16 1e-20
5549.76 3.2359877e-16 1e-20
5551.23 3.1262808e-16 1e-20
5552.7 3.2648885e-16 1e-20
5554.17 3.5207427e-16 1e-20
5555.64 3.4508935e-16 1e-20
5557.11 3.4091236e-16 1e-20
5558.58 3.4935501e-16 1e-20
5560.05 3.6662114e-16 1e-20
5561.52 3.5688013e-16 1e-20
5562.99 3.7181456e-16 1e-20
5564.46 4.0454098e-16 1e-20
5565.93 3.901091e-16 1e-20
5567.4 3.6035172e-16 1e-20
5568.87 3.5460923e-16 1e-20
5570.34 3.530189e-16 1e-20
5571.81 3.8466614e-16 1e-20
5573.28 3.6209491e-16 1e-20
5574.75 2.9166759e-16 1e-20
5576.22 3.4653163e-16 1e-20
5577.69 4.1590797e-16 1e-20
5579.16 3.4547168e-16 1e-20
5580.63 3.4315933e-16 1e-20
5582.1 4.4265134e-16 1e-20
5583.57 4.3339894e-16 1e-20
5585.04 4.1218521e-16 1e-20
5586.51 4.2556568e-16 1e-20
5587.98 4.0855483e-16 1e-20
5589.45 3.7557401e-16 1e-20
5590.92 4.0830829e-16 1e-20
5592.39 4.3796773e-16 1e-20
5593.86 4.0100657e-16 1e-20
5595.33 4.073748e-16 1e-20
5596.8 4.0264847e-16 1e-20
5598.27 3.9978772e-16 1e-20
5599.74 4.2047126e-16 1e-20
5601.21 4.3297119e-16 1e-20
5602.68 4.2659774e-16 1e-20
5604.15 4.0325198e-16 1e-20
5605.62 4.1720293e-16 1e-20
5607.09 3.9793155e-16 1e-20
5608.56 4.1228381e-16 1e-20
5610.03 4.3552057e-16 1e-20
5611.5 4.2861193e-16 1e-20
5612.97 4.394948e-16 1e-20
5614.44 3.8399794e-16 1e-20
5615.91 3.8999025e-16 1e-20
5617.38 4.1752792e-16 1e-20
5618.85 3.9231337e-16 1e-20
5620.32 4.1135779e-16 1e-20
5621.79 4.344351e-16 1e-20
5623.26 4.1040493e-16 1e-20
5624.73 3.9687705e-16 1e-20
5626.2 4.2299417e-16 1e-20
5627.67 4.1113314e-16 1e-20
5629.14 4.1148874e-16 1e-20
5630.61 3.9900893e-16 1e-20
5632.08 4.1800531e-16 1e-20
5633.55 4.5811422e-16 1e-20
5635.02 4.3445937e-16 1e-20
5636.49 4.3081496e-16 1e-20
5637.96 4.4093838e-16 1e-20
5639.43 4.1445783e-16 1e-20
5640.9 3.967361e-16 1e-20
5642.37 4.1457472e-16 1e-20
5643.84 4.5704315e-16 1e-20
5645.31 4.5881445e-16 1e-20
5646.78 4.4441548e-16 1e-20
5648.25 4.3775383e-16 1e-20
5649.72 4.448094e-16 1e-20
5651.19 4.6038999e-16 1e-20
5652.66 4.2929758e-16 1e-20
5654.13 4.3729389e-16 1e-20
5655.6 4.6497826e-16 1e-20
5657.07 4.2175081e-16 1e-20
5658.54 4.1152524e-16 1e-20
5660.01 4.0950748e-16 1e-20
5661.48 4.1687682e-16 1e-20
5662.95 4.1079624e-16 1e-20
5664.42 3.9619566e-16 1e-20
5665.89 3.8716592e-16 1e-20
5667.36 3.938893e-16 1e-20
5668.83 4.0933939e-16 1e-20
5670.3 4.3990743e-16 1e-20
5671.77 4.4746262e-16 1e-20
5673.24 4.4408831e-16 1e-20
5674.71 4.4574039e-16 1e-20
5676.18 4.0961611e-16 1e-20
5677.65 4.1060528e-16 1e-20
5679.12 4.252593e-16 1e-20
5680.59 4.8946206e-16 1e-20
5682.06 4.6287952e-16 1e-20
5683.53 4.4375712e-16 1e-20
5685.0 4.0231601e-16 1e-20
5686.47 4.1206051e-16 1e-20
5687.94 4.7159152e-16 1e-20
5689.41 4.4803474e-16 1e-20
5690.88 4.1240592e-16 1e-20
5692.35 4.0338779e-16 1e-20
5693.82 4.3328115e-16 1e-20
5695.29 4.4510263e-16 1e-20
5696.76 4.1297684e-16 1e-20
5698.23 4.1144887e-16 1e-20
5699.7 4.5840814e-16 1e-20
5701.17 4.039124e-16 1e-20
5702.64 4.1767248e-16 1e-20
5704.11 4.5577339e-16 1e-20
5705.58 4.1356497e-16 1e-20
5707.05 4.3527194e-16 1e-20
5708.52 4.3197201e-16 1e-20
5709.99 4.4707918e-16 1e-20
5711.46 4.4747078e-16 1e-20
5712.93 4.3271509e-16 1e-20
5714.4 4.2659721e-16 1e-20
5715.87 4.2680031e-16 1e-20
5717.34 4.0459455e-16 1e-20
5718.81 4.2082331e-16 1e-20
5720.28 4.079839e-16 1e-20
5721.75 4.1564833e-16 1e-20
5723.22 4.3159884e-16 1e-20
5724.69 3.8887608e-16 1e-20
5726.16 4.0962169e-16 1e-20
5727.63 4.0517045e-16 1e-20
5729.1 4.2152327e-16 1e-20
5730.57 4.2080531e-16 1e-20
5732.04 4.1481197e-16 1e-20
5733.51 4.1046888e-16 1e-20
5734.98 3.846464e-16 1e-20
5736.45 4.0532922e-16 1e-20
5737.92 4.3016637e-16 1e-20
5739.39 4.2079959e-16 1e-20
5740.86 4.0885949e-16 1e-20
5742.33 3.9045659e-16 1e-20
5743.8 4.0522358e-16 1e-20
5745.27 4.2040942e-16 1e-20
5746.74 3.9608304e-16 1e-20
5748.21 4.0979184e-16 1e-20
5749.68 4.0144417e-16 1e-20
5751.15 4.0694284e-16 1e-20
5752.62 4.31175e-16 1e-20
5754.09 4.0166459e-16 1e-20
5755.56 3.7649646e-16 1e-20
5757.03 3.7897686e-16 1e-20
5758.5 3.6975344e-16 1e-20
5759.97 3.819915e-16 1e-20
5761.44 3.9450197e-16 1e-20
5762.91 4.0243163e-16 1e-20
5764.38 3.8942409e-16 1e-20
5765.85 3.8588434e-16 1e-20
5767.32 3.3787647e-16 1e-20
5768.79 3.3518759e-16 1e-20
5770.26 3.5501628e-16 1e-20
5771.73 3.5822508e-16 1e-20
5773.2 3.7070389e-16 1e-20
5774.67 3.8170484e-16 1e-20
5776.14 3.5757988e-16 1e-20
5777.61 3.3831203e-16 1e-20
5779.08 3.4533652e-16 1e-20
5780.55 3.3610289e-16 1e-20
5782.02 3.3232049e-16 1e-20
5783.49 3.3929927e-16 1e-20
5784.96 3.1276617e-16 1e-20
5786.43 2.7867159e-16 1e-20
5787.9 2.7738659e-16 1e-20
5789.37 2.906182e-16 1e-20
5790.84 3.3182698e-16 1e-20
5792.31 3.1796913e-16 1e-20
5793.78 2.9648332e-16 1e-20
5795.25 3.0164961e-16 1e-20
5796.72 2.9189174e-16 1e-20
5798.19 2.8710658e-16 1e-20
5799.66 3.0555938e-16 1e-20
5801.13 3.1556498e-16 1e-20
5802.6 2.9400302e-16 1e-20
5804.07 2.8001808e-16 1e-20
5805.54 2.7956277e-16 1e-20
5807.01 2.9068056e-16 1e-20
5808.48 2.9789296e-16 1e-20
5809.95 2.8246767e-16 1e-20
5811.42 2.9480564e-16 1e-20
5812.89 3.1250288e-16 1e-20
5814.36 2.7178143e-16 1e-20
5815.83 2.4618573e-16 1e-20
5817.3 2.6244884e-16 1e-20
5818.77 2.6826444e-16 1e-20
5820.24 2.7435773e-16 1e-20
5821.71 2.909758e-16 1e-20
5823.18 2.7409592e-16 1e-20
5824.65 2.6118407e-16 1e-20
5826.12 2.658928e-16 1e-20
5827.59 2.456219e-16 1e-20
5829.06 2.6564679e-16 1e-20
5830.53 2.9775664e-16 1e-20
5832.0 2.9309902e-16 1e-20
5833.47 2.8435677e-16 1e-20
5834.94 2.6628657e-16 1e-20
5836.41 2.3763737e-16 1e-20
5837.88 2.4972617e-16 1e-20
5839.35 2.7930959e-16 1e-20
5840.82 2.7140013e-16 1e-20
5842.29 2.872208e-16 1e-20
5843.76 2.9368207e-16 1e-20
5845.23 2.6349697e-16 1e-20
5846.7 2.4838897e-16 1e-20
5848.17 2.9853171e-16 1e-20
5849.64 3.0015425e-16 1e-20
5851.11 2.6263101e-16 1e-20
5852.58 2.5695404e-16 1e-20
5854.05 2.6902283e-16 1e-20
5855.52 2.9765497e-16 1e-20
5856.99 3.089968e-16 1e-20
5858.46 2.8071987e-16 1e-20
5859.93 2.941369e-16 1e-20
5861.4 2.9278409e-16 1e-20
5862.87 2.6206704e-16 1e-20
5864.34 2.7228602e-16 1e-20
5865.81 2.7222106e-16 1e-20
5867.28 2.6876355e-16 1e-20
5868.75 2.8141097e-16 1e-20
5870.22 2.9201927e-16 1e-20
5871.69 2.7381386e-16 1e-20
5873.16 2.8185993e-16 1e-20
5874.63 2.8446707e-16 1e-20
5876.1 3.0328115e-16 1e-20
5877.57 3.0663347e-16 1e-20
5879.04 3.1375591e-16 1e-20
5880.51 3.0048168e-16 1e-20
5881.98 2.8681841e-16 1e-20
5883.45 2.8837051e-16 1e-20
5884.92 3.3354215e-16 1e-20
5886.39 3.1127886e-16 1e-20
5887.86 2.7752934e-16 1e-20
5889.33 3.0649718e-16 1e-20
5890.8 3.6603669e-16 1e-20
5892.27 3.4467237e-16 1e-20
5893.74 2.9213364e-16 1e-20
5895.21 3.1381112e-16 1e-20
5896.68 3.1989139e-16 1e-20
5898.15 3.1892739e-16 1e-20
5899.62 3.2736368e-16 1e-20
5901.09 3.2106067e-16 1e-20
5902.56 3.0392246e-16 1e-20
5904.03 3.2373342e-16 1e-20
5905.5 2.9277609e-16 1e-20
5906.97 3.0220934e-16 1e-20
5908.44 3.2261023e-16 1e-20
5909.91 3.2421642e-16 1e-20
5911.38 3.1938809e-16 1e-20
5912.85 2.8927393e-16 1e-20
5914.32 2.8817686e-16 1e-20
5915.79 3.3554345e-16 1e-20
5917.26 3.5242481e-16 1e-20
5918.73 3.5339546e-16 1e-20
5920.2 3.5055705e-16 1e-20
5921.67 3.3494798e-16 1e-20
5923.14 3.5750188e-16 1e-20
5924.61 3.4805015e-16 1e-20
5926.08 3.3541605e-16 1e-20
5927.55 3.4870147e-16 1e-20
5929.02 3.5085095e-16 1e-20
5930.49 3.3695569e-16 1e-20
5931.96 3.4280114e-16 1e-20
5933.43 3.1852947e-16 1e-20
5934.9 3.2476847e-16 1e-20
5936.37 3.4243602e-16 1e-20
5937.84 3.4993803e-16 1e-20
5939.31 3.484968e-16 1e-20
5940.78 3.3860229e-16 1e-20
5942.25 3.4206931e-16 1e-20
5943.72 3.7274058e-16 1e-20
5945.19 3.7211851e-16 1e-20
5946.66 3.7009633e-16 1e-20
5948.13 3.3580007e-16 1e-20
5949.6 3.521018e-16 1e-20
5951.07 3.7551866e-16 1e-20
5952.54 3.5908244e-16 1e-20
5954.01 3.7685409e-16 1e-20
5955.48 4.0442456e-16 1e-20
5956.95 3.667218e-16 1e-20
5958.42 3.01006e-16 1e-20
5959.89 3.359371e-16 1e-20
5961.36 3.7676372e-16 1e-20
5962.83 3.6654681e-16 1e-20
5964.3 3.6446015e-16 1e-20
5965.77 3.7418527e-16 1e-20
5967.24 3.8129866e-16 1e-20
5968.71 3.8784421e-16 1e-20
5970.18 3.64751e-16 1e-20
5971.65 3.6773072e-16 1e-20
5973.12 3.870611e-16 1e-20
5974.59 3.6886885e-16 1e-20
5976.06 3.5029656e-16 1e-20
5977.53 3.641987e-16 1e-20
5979.0 3.8433974e-16 1e-20
5980.47 3.7845734e-16 1e-20
5981.94 4.0256879e-16 1e-20
5983.41 4.0117561e-16 1e-20
5984.88 3.8940376e-16 1e-20
5986.35 3.7696021e-16 1e-20
5987.82 3.5197737e-16 1e-20
5989.29 3.7932303e-16 1e-20
5990.76 3.8818162e-16 1e-20
5992.23 4.0910979e-16 1e-20
5993.7 4.2772816e-16 1e-20
5995.17 3.9667773e-16 1e-20
5996.64 3.9341144e-16 1e-20
5998.11 4.0949228e-16 1e-20
5999.58 4.0409139e-16 1e-20
6001.05 4.0089289e-16 1e-20
6002.52 4.3470236e-16 1e-20
6003.99 4.4141677e-16 1e-20
6005.46 4.1614051e-16 1e-20
6006.93 3.9264001e-16 1e-20
6008.4 4.005856e-16 1e-20
6009.87 4.0418771e-16 1e-20
6011.34 3.8439695e-16 1e-20
6012.81 3.8702359e-16 1e-20
6014.28 3.7926072e-16 1e-20
6015.75 3.738706e-16 1e-20
6017.22 4.1395519e-16 1e-20
6018.69 4.3212122e-16 1e-20
6020.16 4.0392952e-16 1e-20
6021.63 4.0741837e-16 1e-20
6023.1 4.2374973e-16 1e-20
6024.57 4.0831978e-16 1e-20
6026.04 3.9336631e-16 1e-20
6027.51 4.1186569e-16 1e-20
6028.98 4.1986769e-16 1e-20
6030.45 4.1184378e-16 1e-20
6031.92 4.1055563e-16 1e-20
6033.39 4.2224622e-16 1e-20
6034.86 4.360105e-16 1e-20
6036.33 4.1933798e-16 1e-20
6037.8 4.1256087e-16 1e-20
6039.27 3.9849245e-16 1e-20
6040.74 3.8598264e-16 1e-20
6042.21 3.9580905e-16 1e-20
6043.68 4.0605756e-16 1e-20
6045.15 4.1666181e-16 1e-20
6046.62 4.0781317e-16 1e-20
6048.09 4.1126427e-16 1e-20
6049.56 4.2108123e-16 1e-20
6051.03 4.2034971e-16 1e-20
6052.5 4.0553926e-16 1e-20
6053.97 4.1701261e-16 1e-20
6055.44 4.3050296e-16 1e-20
6056.91 4.2073344e-16 1e-20
6058.38 4.130854e-16 1e-20
6059.85 4.0952778e-16 1e-20
6061.32 3.9729985e-16 1e-20
6062.79 3.8858703e-16 1e-20
6064.26 4.0271528e-16 1e-20
6065.73 3.8595324e-16 1e-20
6067.2 3.8018576e-16 1e-20
6068.67 3.8679977e-16 1e-20
6070.14 3.5374359e-16 1e-20
6071.61 3.6461359e-16 1e-20
6073.08 3.5823975e-16 1e-20
6074.55 3.5302128e-16 1e-20
6076.02 3.7463457e-16 1e-20
6077.49 3.8059581e-16 1e-20
6078.96 3.7115872e-16 1e-20
6080.43 3.4952269e-16 1e-20
6081.9 3.1322069e-16 1e-20
6083.37 3.0330325e-16 1e-20
6084.84 3.6592948e-16 1e-20
6086.31 3.7963045e-16 1e-20
6087.78 3.5219701e-16 1e-20
6089.25 3.3730967e-16 1e-20
6090.72 3.1984671e-16 1e-20
6092.19 3.0680365e-16 1e-20
6093.66 3.0466478e-16 1e-20
6095.13 3.2107917e-16 1e-20
6096.6 3.2468631e-16 1e-20
6098.07 3.1664514e-16 1e-20
6099.54 3.308364e-16 1e-20
6101.01 3.0224528e-16 1e-20
6102.48 2.9757046e-16 1e-20
6103.95 2.9894207e-16 1e-20
6105.42 3.1436577e-16 1e-20
6106.89 3.0641234e-16 1e-20
6108.36 2.7448171e-16 1e-20
6109.83 2.5827358e-16 1e-20
6111.3 2.7784171e-16 1e-20
6112.77 2.7582183e-16 1e-20
6114.24 2.9313971e-16 1e-20
6115.71 3.0170922e-16 1e-20
6117.18 2.5886251e-16 1e-20
6118.65 2.5440103e-16 1e-20
6120.12 2.4936565e-16 1e-20
6121.59 2.3600699e-16 1e-20
6123.06 2.3158463e-16 1e-20
6124.53 2.4114205e-16 1e-20
6126.0 2.2975054e-16 1e-20
6127.47 2.2487211e-16 1e-20
6128.94 2.2922236e-16 1e-20
6130.41 2.3487271e-16 1e-20
6131.88 2.2552766e-16 1e-20
6133.35 2.2082235e-16 1e-20
6134.82 2.432631e-16 1e-20
6136.29 2.3075973e-16 1e-20
6137.76 1.9947885e-16 1e-20
6139.23 1.8568249e-16 1e-20
6140.7 2.0905717e-16 1e-20
6142.17 2.0304216e-16 1e-20
6143.64 1.9946776e-16 1e-20
6145.11 2.1370326e-16 1e-20
6146.58 2.097235e-16 1e-20
6148.05 2.1136446e-16 1e-20
6149.52 1.7920373e-16 1e-20
6150.99 1.6173743e-16 1e-20
6152.46 1.641483e-16 1e-20
6153.93 1.4463352e-16 1e-20
6155.4 1.3544025e-16 1e-20
6156.87 1.4565921e-16 1e-20
6158.34 1.5825895e-16 1e-20
6159.81 1.5335154e-16 1e-20
6161.28 1.7433534e-16 1e-20
6162.75 1.6928677e-16 1e-20
6164.22 1.5660517e-16 1e-20
6165.69 1.6651778e-16 1e-20
6167.16 1.5275957e-16 1e-20
6168.63 1.6177499e-16 1e-20
6170.1 1.6548125e-16 1e-20
6171.57 1.6491426e-16 1e-20
6173.04 1.5826833e-16 1e-20
6174.51 1.3460835e-16 1e-20
6175.98 1.2627267e-16 1e-20
6177.45 1.5555112e-16 1e-20
6178.92 1.6089207e-16 1e-20
6180.39 1.458479e-16 1e-20
6181.86 1.4205907e-16 1e-20
6183.33 1.5041168e-16 1e-20
6184.8 1.4842345e-16 1e-20
6186.27 1.2922922e-16 1e-20
6187.74 1.1986984e-16 1e-20
6189.21 1.3183012e-16 1e-20
6190.68 1.4471171e-16 1e-20
6192.15 1.5219717e-16 1e-20
6193.62 1.4699377e-16 1e-20
6195.09 1.3905655e-16 1e-20
6196.56 1.4928172e-16 1e-20
6198.03 1.5849911e-16 1e-20
6199.5 1.4491978e-16 1e-20
6200.97 1.3397871e-16 1e-20
6202.44 1.3356559e-16 1e-20
6203.91 1.5231172e-16 1e-20
6205.38 1.5989663e-16 1e-20
6206.85 1.3376535e-16 1e-20
6208.32 1.1515323e-16 1e-20
6209.79 1.2665569e-16 1e-20
6211.26 1.4035986e-16 1e-20
6212.73 1.4401715e-16 1e-20
6214.2 1.3739343e-16 1e-20
6215.67 1.3174995e-16 1e-20
6217.14 1.2918527e-16 1e-20
6218.61 1.1376728e-16 1e-20
6220.08 1.3993728e-16 1e-20
6221.55 1.670097e-16 1e-20
6223.02 1.485623e-16 1e-20
6224.49 1.3652431e-16 1e-20
6225.96 1.3317916e-16 1e-20
6227.43 1.3868956e-16 1e-20
6228.9 1.5144785e-16 1e-20
6230.37 1.4691006e-16 1e-20
6231.84 1.4800686e-16 1e-20
6233.31 1.5123354e-16 1e-20
6234.78 1.5414795e-16 1e-20
6236.25 1.7319694e-16 1e-20
6237.72 1.6686761e-16 1e-20
6239.19 1.4055364e-16 1e-20
6240.66 1.4939488e-16 1e-20
6242.13 1.7953188e-16 1e-20
6243.6 1.7654542e-16 1e-20
6245.07 1.7803489e-16 1e-20
6246.54 1.7589805e-16 1e-20
6248.01 1.7658468e-16 1e-20
6249.48 1.6986888e-16 1e-20
6250.95 1.6402043e-16 1e-20
6252.42 1.7564458e-16 1e-20
6253.89 1.6846247e-16 1e-20
6255.36 1.7491222e-16 1e-20
6256.83 1.9277422e-16 1e-20
6258.3 2.1519679e-16 1e-20
6259.77 2.0624471e-16 1e-20
6261.24 1.8674722e-16 1e-20
6262.71 2.1772629e-16 1e-20
6264.18 2.144592e-16 1e-20
6265.65 1.7964822e-16 1e-20
6267.12 1.9599607e-16 1e-20
6268.59 2.2728959e-16 1e-20
6270.06 2.3001521e-16 1e-20
6271.53 2.1896258e-16 1e-20
6273.0 2.3717886e-16 1e-20
6274.47 2.4656494e-16 1e-20
6275.94 2.3084446e-16 1e-20
6277.41 2.2605779e-16 1e-20
6278.88 2.2776856e-16 1e-20
6280.35 2.3108446e-16 1e-20
6281.82 2.5770149e-16 1e-20
6283.29 2.5854153e-16 1e-20
6284.76 2.3468128e-16 1e-20
6286.23 2.4284985e-16 1e-20
6287.7 2.6567885e-16 1e-20
6289.17 2.40812e-16 1e-20
6290.64 2.2613532e-16 1e-20
6292.11 2.6958732e-16 1e-20
6293.58 2.9268236e-16 1e-20
6295.05 2.7074641e-16 1e-20
6296.52 2.354516e-16 1e-20
6297.99 2.5385982e-16 1e-20
6299.46 3.3495272e-16 1e-20
6300.93 3.3565647e-16 1e-20
6302.4 3.0529037e-16 1e-20
6303.87 3.2056229e-16 1e-20
6305.34 3.215921e-16 1e-20
6306.81 3.1188701e-16 1e-20
6308.28 3.0350678e-16 1e-20
6309.75 3.0340913e-16 1e-20
6311.22 2.6755071e-16 1e-20
6312.69 2.6463718e-16 1e-20
6314.16 2.9647365e-16 1e-20
6315.63 3.090788e-16 1e-20
6317.1 3.2745823e-16 1e-20
6318.57 3.1358912e-16 1e-20
6320.04 3.0515945e-16 1e-20
6321.51 2.9336608e-16 1e-20
6322.98 3.1440352e-16 1e-20
6324.45 3.4538203e-16 1e-20
6325.92 3.2609109e-16 1e-20
6327.39 3.1836954e-16 1e-20
6328.86 3.2097914e-16 1e-20
6330.33 3.3146837e-16 1e-20
6331.8 3.4200906e-16 1e-20
6333.27 3.3250493e-16 1e-20
6334.74 3.1745381e-16 1e-20
6336.21 3.1650011e-16 1e-20
6337.68 3.2653819e-16 1e-20
6339.15 3.4111901e-16 1e-20
6340.62 3.4947333e-16 1e-20
6342.09 3.5176362e-16 1e-20
6343.56 3.6056575e-16 1e-20
6345.03 3.5875731e-16 1e-20
6346.5 3.6199967e-16 1e-20
6347.97 3.5854748e-16 1e-20
6349.44 3.3857045e-16 1e-20
6350.91 3.6686453e-16 1e-20
6352.38 3.7731501e-16 1e-20
6353.85 3.4396732e-16 1e-20
6355.32 3.3981278e-16 1e-20
6356.79 3.5728543e-16 1e-20
6358.26 3.8157193e-16 1e-20
6359.73 3.7032257e-16 1e-20
6361.2 3.5319942e-16 1e-20
6362.67 3.6543638e-16 1e-20
6364.14 3.5573743e-16 1e-20
6365.61 3.6158616e-16 1e-20
6367.08 3.7314514e-16 1e-20
6368.55 3.6371854e-16 1e-20
6370.02 3.4600205e-16 1e-20
6371.49 3.4037267e-16 1e-20
6372.96 3.6757458e-16 1e-20
6374.43 3.7713311e-16 1e-20
6375.9 3.6958567e-16 1e-20
6377.37 3.7030573e-16 1e-20
6378.84 3.5584505e-16 1e-20
6380.31 3.3241173e-16 1e-20
6381.78 3.4820476e-16 1e-20
6383.25 3.5107562e-16 1e-20
6384.72 3.4128032e-16 1e-20
6386.19 3.7222233e-16 1e-20
6387.66 3.8506904e-16 1e-20
6389.13 3.7414123e-16 1e-20
6390.6 3.6493517e-16 1e-20
6392.07 3.6372984e-16 1e-20
6393.54 3.7345317e-16 1e-20
6395.01 3.8677692e-16 1e-20
6396.48 3.8186413e-16 1e-20
6397.95 3.6801917e-16 1e-20
6399.42 3.6703918e-16 1e-20
6400.89 3.7618517e-16 1e-20
6402.36 3.9072084e-16 1e-20
6403.83 4.014866e-16 1e-20
6405.3 4.0299538e-16 1e-20
6406.77 3.9099086e-16 1e-20
6408.24 3.7109956e-16 1e-20
6409.71 3.6940057e-16 1e-20
6411.18 3.7669231e-16 1e-20
6412.65 3.7432975e-16 1e-20
6414.12 3.6598975e-16 1e-20
6415.59 3.6630332e-16 1e-20
6417.06 3.8451582e-16 1e-20
6418.53 3.8593717e-16 1e-20
6420.0 3.7831538e-16 1e-20
6421.47 3.6802838e-16 1e-20
6422.94 3.7105827e-16 1e-20
6424.41 4.0203214e-16 1e-20
6425.88 4.0157348e-16 1e-20
6427.35 3.8722956e-16 1e-20
6428.82 3.8708903e-16 1e-20
6430.29 3.7841525e-16 1e-20
6431.76 3.857382e-16 1e-20
6433.23 3.8907524e-16 1e-20
6434.7 4.0590428e-16 1e-20
6436.17 4.1007133e-16 1e-20
6437.64 3.8445706e-16 1e-20
6439.11 3.8932901e-16 1e-20
6440.58 3.966344e-16 1e-20
6442.05 3.9662418e-16 1e-20
6443.52 3.7474551e-16 1e-20
6444.99 3.6565544e-16 1e-20
6446.46 3.8511756e-16 1e-20
6447.93 3.8939481e-16 1e-20
6449.4 3.7462661e-16 1e-20
6450.87 3.7525794e-16 1e-20
6452.34 3.9183921e-16 1e-20
6453.81 3.8361595e-16 1e-20
6455.28 3.6836719e-16 1e-20
6456.75 3.6813643e-16 1e-20
6458.22 3.4988168e-16 1e-20
6459.69 3.5839677e-16 1e-20
6461.16 3.8712336e-16 1e-20
6462.63 3.891479e-16 1e-20
6464.1 3.6170559e-16 1e-20
6465.57 3.4843314e-16 1e-20
6467.04 3.4149136e-16 1e-20
6468.51 3.5618659e-16 1e-20
6469.98 3.7679366e-16 1e-20
6471.45 3.747346e-16 1e-20
6472.92 3.7245765e-16 1e-20
6474.39 3.7819275e-16 1e-20
6475.86 3.9971649e-16 1e-20
6477.33 4.2363792e-16 1e-20
6478.8 4.1023476e-16 1e-20
6480.27 4.0976264e-16 1e-20
6481.74 4.2915006e-16 1e-20
6483.21 4.0657166e-16 1e-20
6484.68 3.8097311e-16 1e-20
6486.15 3.9319089e-16 1e-20
6487.62 3.9267767e-16 1e-20
6489.09 3.8990893e-16 1e-20
6490.56 3.9239564e-16 1e-20
6492.03 3.9506461e-16 1e-20
6493.5 3.9780632e-16 1e-20
6494.97 3.7882019e-16 1e-20
6496.44 3.8655677e-16 1e-20
6497.91 3.8581901e-16 1e-20
6499.38 3.8021136e-16 1e-20
6500.85 3.9137155e-16 1e-20
6502.32 3.7669106e-16 1e-20
6503.79 3.4939199e-16 1e-20
6505.26 3.6862448e-16 1e-20
6506.73 4.04604e-16 1e-20
6508.2 4.1002411e-16 1e-20
6509.67 3.8205373e-16 1e-20
6511.14 3.8001569e-16 1e-20
6512.61 4.0008339e-16 1e-20
6514.08 3.9563546e-16 1e-20
6515.55 3.9712947e-16 1e-20
6517.02 3.9679012e-16 1e-20
6518.49 3.7237874e-16 1e-20
6519.96 3.6016519e-16 1e-20
6521.43 3.5425689e-16 1e-20
6522.9 3.3971551e-16 1e-20
6524.37 3.5235954e-16 1e-20
6525.84 3.6035871e-16 1e-20
6527.31 3.5069882e-16 1e-20
6528.78 3.3943535e-16 1e-20
6530.25 3.5196157e-16 1e-20
6531.72 3.7136275e-16 1e-20
6533.19 4.0589639e-16 1e-20
6534.66 3.8963373e-16 1e-20
6536.13 3.476166e-16 1e-20
6537.6 3.7664035e-16 1e-20
6539.07 3.7742237e-16 1e-20
6540.54 3.5237071e-16 1e-20
6542.01 3.5479182e-16 1e-20
6543.48 3.486057e-16 1e-20
6544.95 3.6240792e-16 1e-20
6546.42 3.7373034e-16 1e-20
6547.89 3.6030915e-16 1e-20
6549.36 3.2105955e-16 1e-20
6550.83 3.3246469e-16 1e-20
6552.3 3.7124046e-16 1e-20
6553.77 3.8310498e-16 1e-20
6555.24 3.824548e-16 1e-20
6556.71 3.770605e-16 1e-20
6558.18 3.637515e-16 1e-20
6559.65 3.4113402e-16 1e-20
6561.12 3.3636581e-16 1e-20
6562.59 3.3121762e-16 1e-20
6564.06 3.2803625e-16 1e-20
6565.53 3.493463e-16 1e-20
6567.0 3.5846887e-16 1e-20
6568.47 3.5305837e-16 1e-20
6569.94 3.5634192e-16 1e-20
6571.41 3.7932012e-16 1e-20
6572.88 3.8600213e-16 1e-20
6574.35 3.6601487e-16 1e-20
6575.82 3.5717225e-16 1e-20
6577.29 3.6924972e-16 1e-20
6578.76 3.7296375e-16 1e-20
6580.23 3.5158797e-16 1e-20
6581.7 3.3923855e-16 1e-20
6583.17 3.4922753e-16 1e-20
6584.64 3.6647428e-16 1e-20
6586.11 3.7734336e-16 1e-20
6587.58 3.7697879e-16 1e-20
6589.05 3.5677705e-16 1e-20
6590.52 3.218532e-16 1e-20
6591.99 3.105442e-16 1e-20
6593.46 3.378843e-16 1e-20
6594.93 3.6919442e-16 1e-20
6596.4 3.5614887e-16 1e-20
6597.87 3.1643245e-16 1e-20
6599.34 3.1275672e-16 1e-20
6600.81 3.4581002e-16 1e-20
6602.28 3.7502167e-16 1e-20
6603.75 3.6571439e-16 1e-20
6605.22 3.4310634e-16 1e-20
6606.69 3.2743483e-16 1e-20
6608.16 3.2324614e-16 1e-20
6609.63 3.4746448e-16 1e-20
6611.1 3.5019698e-16 1e-20
6612.57 3.4193309e-16 1e-20
6614.04 3.5433643e-16 1e-20
6615.51 3.5508111e-16 1e-20
6616.98 3.4682921e-16 1e-20
6618.45 3.401409e-16 1e-20
6619.92 3.4005382e-16 1e-20
6621.39 3.4896357e-16 1e-20
6622.86 3.4002438e-16 1e-20
6624.33 3.2603939e-16 1e-20
6625.8 3.3570647e-16 1e-20
6627.27 3.3681349e-16 1e-20
6628.74 3.2285743e-16 1e-20
6630.21 3.2094049e-16 1e-20
6631.68 3.2634144e-16 1e-20
6633.15 3.1219072e-16 1e-20
6634.62 3.0142168e-16 1e-20
6636.09 3.2230654e-16 1e-20
6637.56 3.4242003e-16 1e-20
6639.03 3.3449972e-16 1e-20
6640.5 3.3001629e-16 1e-20
6641.97 3.3273175e-16 1e-20
6643.44 3.3499364e-16 1e-20
6644.91 3.3583382e-16 1e-20
6646.38 3.2747045e-16 1e-20
6647.85 3.2919038e-16 1e-20
6649.32 3.3173196e-16 1e-20
6650.79 3.340875e-16 1e-20
6652.26 3.1965589e-16 1e-20
6653.73 2.9320638e-16 1e-20
6655.2 3.1118495e-16 1e-20
6656.67 3.4555252e-16 1e-20
6658.14 3.4661695e-16 1e-20
6659.61 3.1260463e-16 1e-20
6661.08 3.0107815e-16 1e-20
6662.55 3.255718e-16 1e-20
6664.02 3.44989e-16 1e-20
6665.49 3.3600198e-16 1e-20
6666.96 2.8627675e-16 1e-20
6668.43 2.7080152e-16 1e-20
6669.9 2.9467337e-16 1e-20
6671.37 3.2512433e-16 1e-20
6672.84 3.5157257e-16 1e-20
6674.31 3.4929421e-16 1e-20
6675.78 3.4016735e-16 1e-20
6677.25 3.2264411e-16 1e-20
6678.72 3.2576077e-16 1e-20
6680.19 3.2215035e-16 1e-20
6681.66 2.9452619e-16 1e-20
6683.13 2.94891e-16 1e-20
6684.6 3.2437923e-16 1e-20
6686.07 3.3867326e-16 1e-20
6687.54 3.0436085e-16 1e-20
6689.01 2.7477084e-16 1e-20
6690.48 2.9267572e-16 1e-20
6691.95 3.0959247e-16 1e-20
6693.42 2.9491154e-16 1e-20
6694.89 3.0360985e-16 1e-20
6696.36 3.1043705e-16 1e-20
6697.83 2.981781e-16 1e-20
6699.3 3.0549336e-16 1e-20
6700.77 3.1326611e-16 1e-20
6702.24 3.0023652e-16 1e-20
6703.71 2.6055705e-16 1e-20
6705.18 2.8310785e-16 1e-20
6706.65 3.0442586e-16 1e-20
6708.12 2.8928314e-16 1e-20
6709.59 3.1131216e-16 1e-20
6711.06 3.2455918e-16 1e-20
6712.53 3.1784985e-16 1e-20
6714.0 2.9251092e-16 1e-20
6715.47 2.7055442e-16 1e-20
6716.94 2.7853919e-16 1e-20
6718.41 3.0277968e-16 1e-20
6719.88 3.0802703e-16 1e-20
6721.35 2.998687e-16 1e-20
6722.82 3.0633669e-16 1e-20
6724.29 3.0417247e-16 1e-20
6725.76 2.8976846e-16 1e-20
6727.23 2.9773065e-16 1e-20
6728.7 2.90155e-16 1e-20
6730.17 2.987319e-16 1e-20
6731.64 3.1054131e-16 1e-20
6733.11 2.7724347e-16 1e-20
6734.58 2.782036e-16 1e-20
6736.05 2.922554e-16 1e-20
6737.52 2.737178e-16 1e-20
6738.99 2.7791434e-16 1e-20
6740.46 2.9341505e-16 1e-20
6741.93 2.8459097e-16 1e-20
6743.4 2.6065732e-16 1e-20
6744.87 2.7161808e-16 1e-20
6746.34 3.2239379e-16 1e-20
6747.81 3.2442466e-16 1e-20
6749.28 3.0792268e-16 1e-20
6750.75 2.9510967e-16 1e-20
6752.22 2.8488561e-16 1e-20
6753.69 2.8511719e-16 1e-20
6755.16 2.9602526e-16 1e-20
6756.63 3.2018062e-16 1e-20
6758.1 3.1172919e-16 1e-20
6759.57 2.9309738e-16 1e-20
6761.04 2.8447975e-16 1e-20
6762.51 2.8149462e-16 1e-20
6763.98 2.8528326e-16 1e-20
6765.45 3.0377683e-16 1e-20
6766.92 3.0266769e-16 1e-20
6768.39 2.770279e-16 1e-20
6769.86 2.8394667e-16 1e-20
6771.33 3.0658442e-16 1e-20
6772.8 3.0625096e-16 1e-20
6774.27 2.9260126e-16 1e-20
6775.74 2.8316751e-16 1e-20
6777.21 2.8161352e-16 1e-20
6778.68 2.839759e-16 1e-20
6780.15 2.5224125e-16 1e-20
6781.62 2.335025e-16 1e-20
6783.09 2.5803906e-16 1e-20
6784.56 2.7256345e-16 1e-20
6786.03 2.8293812e-16 1e-20
6787.5 2.9342931e-16 1e-20
6788.97 2.9417761e-16 1e-20
6790.44 2.9120702e-16 1e-20
6791.91 2.9552736e-16 1e-20
6793.38 2.7750546e-16 1e-20
6794.85 2.6998339e-16 1e-20
6796.32 2.848598e-16 1e-20
6797.79 2.7324039e-16 1e-20
6799.26 2.7215407e-16 1e-20
6800.73 2.7845403e-16 1e-20
6802.2 2.7427004e-16 1e-20
6803.67 2.8381178e-16 1e-20
6805.14 3.0758204e-16 1e-20
6806.61 3.0734289e-16 1e-20
6808.08 2.8419178e-16 1e-20
6809.55 2.8616143e-16 1e-20
6811.02 2.8109688e-16 1e-20
6812.49 2.641806e-16 1e-20
6813.96 2.6979381e-16 1e-20
6815.43 2.6302046e-16 1e-20
6816.9 2.5302041e-16 1e-20
6818.37 2.692898e-16 1e-20
6819.84 2.8023058e-16 1e-20
6821.31 2.5829497e-16 1e-20
6822.78 2.4545623e-16 1e-20
6824.25 2.5750913e-16 1e-20
6825.72 2.7002997e-16 1e-20
6827.19 2.5217381e-16 1e-20
6828.66 2.5870903e-16 1e-20
6830.13 3.0146951e-16 1e-20
6831.6 2.8345637e-16 1e-20
6833.07 2.7517213e-16 1e-20
6834.54 2.8643719e-16 1e-20
6836.01 2.778353e-16 1e-20
6837.48 2.6658218e-16 1e-20
6838.95 2.381192e-16 1e-20
6840.42 2.4913325e-16 1e-20
6841.89 2.7404713e-16 1e-20
6843.36 2.5925561e-16 1e-20
6844.83 2.5952557e-16 1e-20
6846.3 2.7224216e-16 1e-20
6847.77 2.6900914e-16 1e-20
6849.24 2.6541698e-16 1e-20
6850.71 2.6094735e-16 1e-20
6852.18 2.6920203e-16 1e-20
6853.65 2.8221187e-16 1e-20
6855.12 2.8354079e-16 1e-20
6856.59 2.8505719e-16 1e-20
6858.06 2.9300069e-16 1e-20
6859.53 2.8418138e-16 1e-20
6861.0 2.5457761e-16 1e-20
6862.47 2.6193856e-16 1e-20
6863.94 2.8630198e-16 1e-20
6865.41 2.6833022e-16 1e-20
6866.88 2.1981891e-16 1e-20
6868.35 2.1845234e-16 1e-20
6869.82 2.5578958e-16 1e-20
6871.29 2.6002861e-16 1e-20
6872.76 2.5841564e-16 1e-20
6874.23 2.777353e-16 1e-20
6875.7 2.7758103e-16 1e-20
6877.17 2.5645879e-16 1e-20
6878.64 2.5311261e-16 1e-20
6880.11 2.6003168e-16 1e-20
6881.58 2.6404929e-16 1e-20
6883.05 2.5852544e-16 1e-20
6884.52 2.740186e-16 1e-20
6885.99 2.9096699e-16 1e-20
6887.46 2.6740782e-16 1e-20
6888.93 2.4186121e-16 1e-20
6890.4 2.4185647e-16 1e-20
6891.87 2.5467033e-16 1e-20
6893.34 2.7835443e-16 1e-20
6894.81 2.7080265e-16 1e-20
6896.28 2.5234821e-16 1e-20
6897.75 2.6620517e-16 1e-20
6899.22 2.8063583e-16 1e-20
6900.69 2.8098687e-16 1e-20
6902.16 2.6793468e-16 1e-20
6903.63 2.7634426e-16 1e-20
6905.1 2.6479309e-16 1e-20
6906.57 2.4128901e-16 1e-20
6908.04 2.3851643e-16 1e-20
6909.51 2.390481e-16 1e-20
6910.98 2.5751715e-16 1e-20
6912.45 2.8436074e-16 1e-20
6913.92 2.7130494e-16 1e-20
6915.39 2.5792489e-16 1e-20
6916.86 2.6735976e-16 1e-20
6918.33 2.654137e-16 1e-20
6919.8 2.6344392e-16 1e-20
6921.27 2.594009e-16 1e-20
6922.74 2.7805561e-16 1e-20
6924.21 2.7144674e-16 1e-20
6925.68 2.5745529e-16 1e-20
6927.15 2.6226811e-16 1e-20
6928.62 2.4876254e-16 1e-20
6930.09 2.5252556e-16 1e-20
6931.56 2.4949194e-16 1e-20
6933.03 2.3737455e-16 1e-20
6934.5 2.6461413e-16 1e-20
6935.97 2.6899485e-16 1e-20
6937.44 2.7159918e-16 1e-20
6938.91 2.7641443e-16 1e-20
6940.38 2.6128094e-16 1e-20
6941.85 2.7677058e-16 1e-20
6943.32 2.9039278e-16 1e-20
6944.79 2.6442299e-16 1e-20
6946.26 2.3221501e-16 1e-20
6947.73 2.4856259e-16 1e-20
6949.2 2.8826016e-16 1e-20
6950.67 2.7084011e-16 1e-20
6952.14 2.6614683e-16 1e-20
6953.61 2.9098967e-16 1e-20
6955.08 2.5916466e-16 1e-20
6956.55 2.2949222e-16 1e-20
6958.02 2.4777185e-16 1e-20
6959.49 2.8230232e-16 1e-20
6960.96 2.7614653e-16 1e-20
6962.43 2.5284158e-16 1e-20
6963.9 2.6178173e-16 1e-20
6965.37 2.7364866e-16 1e-20
6966.84 2.496668e-16 1e-20
6968.31 2.3605313e-16 1e-20
6969.78 2.4689859e-16 1e-20
6971.25 2.5405988e-16 1e-20
6972.72 2.3932882e-16 1e-20
6974.19 2.3907021e-16 1e-20
6975.66 2.6081103e-16 1e-20
6977.13 2.5865228e-16 1e-20
6978.6 2.7949297e-16 1e-20
6980.07 2.8154833e-16 1e-20
6981.54 2.6471717e-16 1e-20
6983.01 2.6247693e-16 1e-20
6984.48 2.5345253e-16 1e-20
6985.95 2.5315263e-16 1e-20
6987.42 2.6028833e-16 1e-20
6988.89 2.6495651e-16 1e-20
6990.36 2.4282661e-16 1e-20
6991.83 2.5689543e-16 1e-20
6993.3 2.746133e-16 1e-20
6994.77 2.6440755e-16 1e-20
6996.24 2.5868995e-16 1e-20
6997.71 2.5075053e-16 1e-20
6999.18 2.5349981e-16 1e-20
7000.65 2.6744382e-16 1e-20
7002.12 2.470253e-16 1e-20
7003.59 2.369828e-16 1e-20
7005.06 2.5291276e-16 1e-20
7006.53 2.4484665e-16 1e-20
7008.0 2.4619391e-16 1e-20
7009.47 2.4754117e-16 1e-20
7010.94 2.4888846e-16 1e-20
7012.41 2.5023571e-16 1e-20
7013.88 2.5158297e-16 1e-20
7015.35 2.5293026e-16 1e-20
7016.82 2.5427752e-16 1e-20
7018.29 2.556248e-16 1e-20
7019.76 2.556248e-16 1e-20
7021.23 2.6977753e-16 1e-20
7022.7 2.3533122e-16 1e-20
7024.17 2.3109973e-16 1e-20
7025.64 2.5099746e-16 1e-20
7027.11 2.4979859e-16 1e-20
7028.58 2.5028376e-16 1e-20
7030.05 2.5359383e-16 1e-20
7031.52 2.5055523e-16 1e-20
7032.99 2.3375304e-16 1e-20
7034.46 2.4278087e-16 1e-20
7035.93 2.706067e-16 1e-20
7037.4 2.6562426e-16 1e-20
7038.87 2.5070076e-16 1e-20
7040.34 2.4765991e-16 1e-20
7041.81 2.5106867e-16 1e-20
7043.28 2.7009207e-16 1e-20
7044.75 2.5393876e-16 1e-20
7046.22 2.3580622e-16 1e-20
7047.69 2.4326085e-16 1e-20
7049.16 2.4432133e-16 1e-20
7050.63 2.4481447e-16 1e-20
7052.1 2.3632849e-16 1e-20
7053.57 2.5369031e-16 1e-20
7055.04 2.6592557e-16 1e-20
7056.51 2.6530059e-16 1e-20
7057.98 2.7319637e-16 1e-20
7059.45 2.6125937e-16 1e-20
7060.92 2.2694967e-16 1e-20
7062.39 2.2227272e-16 1e-20
7063.86 2.6711888e-16 1e-20
7065.33 2.6699593e-16 1e-20
7066.8 2.2989387e-16 1e-20
7068.27 2.327088e-16 1e-20
7069.74 2.488123e-16 1e-20
7071.21 2.5665577e-16 1e-20
7072.68 2.4899097e-16 1e-20
7074.15 2.4142527e-16 1e-20
7075.62 2.4210864e-16 1e-20
7077.09 2.233965e-16 1e-20
7078.56 2.0874722e-16 1e-20
7080.03 2.22849e-16 1e-20
7081.5 2.2430759e-16 1e-20
7082.97 2.2816566e-16 1e-20
7084.44 2.4640003e-16 1e-20
7085.91 2.5781901e-16 1e-20
7087.38 2.5350524e-16 1e-20
7088.85 2.5974662e-16 1e-20
7090.32 2.6684791e-16 1e-20
7091.79 2.4571258e-16 1e-20
7093.26 2.4118064e-16 1e-20
7094.73 2.5399069e-16 1e-20
7096.2 2.4611392e-16 1e-20
7097.67 2.5027031e-16 1e-20
7099.14 2.4933169e-16 1e-20
7100.61 2.4620529e-16 1e-20
7102.08 2.3268117e-16 1e-20
7103.55 2.3025823e-16 1e-20
7105.02 2.3128086e-16 1e-20
7106.49 2.1851442e-16 1e-20
7107.96 2.3978981e-16 1e-20
7109.43 2.5214564e-16 1e-20
7110.9 2.4389758e-16 1e-20
7112.37 2.2024001e-16 1e-20
7113.84 2.1938392e-16 1e-20
7115.31 2.3355832e-16 1e-20
7116.78 2.3460965e-16 1e-20
7118.25 2.4813719e-16 1e-20
7119.72 2.4480994e-16 1e-20
7121.19 2.4343804e-16 1e-20
7122.66 2.4903123e-16 1e-20
7124.13 2.3382456e-16 1e-20
7125.6 2.3747228e-16 1e-20
7127.07 2.4311558e-16 1e-20
7128.54 2.3760513e-16 1e-20
7130.01 2.3340985e-16 1e-20
7131.48 2.2550103e-16 1e-20
7132.95 2.2881801e-16 1e-20
7134.42 2.3532497e-16 1e-20
7135.89 2.3036255e-16 1e-20
7137.36 2.3401093e-16 1e-20
7138.83 2.4021367e-16 1e-20
7140.3 2.517009e-16 1e-20
7141.77 2.8316544e-16 1e-20
7143.24 2.6818813e-16 1e-20
7144.71 2.4206838e-16 1e-20
7146.18 2.5074687e-16 1e-20
7147.65 2.3539202e-16 1e-20
7149.12 2.2532495e-16 1e-20
7150.59 2.5398868e-16 1e-20
7152.06 2.6318957e-16 1e-20
7153.53 2.3466381e-16 1e-20
7155.0 2.1910725e-16 1e-20
7156.47 2.2903107e-16 1e-20
7157.94 2.3641857e-16 1e-20
7159.41 2.1982132e-16 1e-20
7160.88 2.2570913e-16 1e-20
7162.35 2.4321543e-16 1e-20
7163.82 2.2506949e-16 1e-20
7165.29 2.2117235e-16 1e-20
7166.76 2.1507011e-16 1e-20
7168.23 2.0773466e-16 1e-20
7169.7 2.4348653e-16 1e-20
7171.17 2.5446903e-16 1e-20
7172.64 2.3268032e-16 1e-20
7174.11 2.2029467e-16 1e-20
7175.58 2.1021873e-16 1e-20
7177.05 2.2851347e-16 1e-20
7178.52 2.274554e-16 1e-20
7179.99 2.0500475e-16 1e-20
7181.46 2.4705161e-16 1e-20
7182.93 2.6466961e-16 1e-20
7184.4 2.2860652e-16 1e-20
7185.87 2.2081487e-16 1e-20
7187.34 2.1454442e-16 1e-20
7188.81 2.1862679e-16 1e-20
7190.28 2.2860188e-16 1e-20
7191.75 2.4266938e-16 1e-20
7193.22 2.5877023e-16 1e-20
7194.69 2.5010961e-16 1e-20
7196.16 2.4114483e-16 1e-20
7197.63 2.4519081e-16 1e-20
7199.1 2.2212793e-16 1e-20
7200.57 2.2366358e-16 1e-20
7202.04 2.5202073e-16 1e-20
7203.51 2.3567585e-16 1e-20
7204.98 2.4016333e-16 1e-20
7206.45 2.4606585e-16 1e-20
7207.92 2.2884297e-16 1e-20
7209.39 2.3894937e-16 1e-20
7210.86 2.3946003e-16 1e-20
7212.33 2.4189525e-16 1e-20
7213.8 2.3929517e-16 1e-20
7215.27 2.3184171e-16 1e-20
7216.74 2.4531421e-16 1e-20
7218.21 2.4957707e-16 1e-20
7219.68 2.4644998e-16 1e-20
7221.15 2.4400065e-16 1e-20
7222.62 2.6965813e-16 1e-20
7224.09 2.6754883e-16 1e-20
7225.56 2.2735616e-16 1e-20
7227.03 2.2849018e-16 1e-20
7228.5 2.458597e-16 1e-20
7229.97 2.3531184e-16 1e-20
7231.44 2.0951531e-16 1e-20
7232.91 2.1610837e-16 1e-20
7234.38 2.5824012e-16 1e-20
7235.85 2.7938392e-16 1e-20
7237.32 2.9570645e-16 1e-20
7238.79 2.8784522e-16 1e-20
7240.26 2.4589586e-16 1e-20
7241.73 2.4065072e-16 1e-20
7243.2 2.5777386e-16 1e-20
7244.67 2.5387213e-16 1e-20
7246.14 2.5201538e-16 1e-20
7247.61 2.5560948e-16 1e-20
7249.08 2.3599365e-16 1e-20
7250.55 2.2438647e-16 1e-20
7252.02 2.4245042e-16 1e-20
7253.49 2.4285877e-16 1e-20
7254.96 2.0756586e-16 1e-20
7256.43 2.4607736e-16 1e-20
7257.9 2.63032e-16 1e-20
7259.37 2.4743815e-16 1e-20
7260.84 2.3549877e-16 1e-20
7262.31 2.0668755e-16 1e-20
7263.78 2.0096121e-16 1e-20
7265.25 2.3250191e-16 1e-20
7266.72 2.5840577e-16 1e-20
7268.19 2.614282e-16 1e-20
7269.66 2.5285217e-16 1e-20
7271.13 2.3344321e-16 1e-20
7272.6 2.5266847e-16 1e-20
7274.07 2.6763443e-16 1e-20
7275.54 2.1668433e-16 1e-20
7277.01 2.5768508e-16 1e-20
7278.48 2.9720266e-16 1e-20
7279.95 2.5514784e-16 1e-20
7281.42 2.3727206e-16 1e-20
7282.89 2.1772904e-16 1e-20
7284.36 2.2551405e-16 1e-20
7285.83 2.5051555e-16 1e-20
7287.3 2.5452324e-16 1e-20
7288.77 2.2605824e-16 1e-20
7290.24 2.2310101e-16 1e-20
7291.71 2.4118752e-16 1e-20
7293.18 2.1660211e-16 1e-20
7294.65 2.2768407e-16 1e-20
7296.12 2.4700971e-16 1e-20
7297.59 2.0826993e-16 1e-20
7299.06 1.9081866e-16 1e-20
7300.53 2.047154e-16 1e-20
7302.0 2.1331563e-16 1e-20
7303.47 2.2634716e-16 1e-20
7304.94 2.3139521e-16 1e-20
7306.41 2.3482329e-16 1e-20
7307.88 2.3098461e-16 1e-20
7309.35 2.4572886e-16 1e-20
7310.82 2.5116218e-16 1e-20
7312.29 2.2015265e-16 1e-20
7313.76 2.1185786e-16 1e-20
7315.23 2.5056648e-16 1e-20
7316.7 2.7577447e-16 1e-20
7318.17 2.4607919e-16 1e-20
7319.64 2.3810927e-16 1e-20
7321.11 2.158576e-16 1e-20
7322.58 2.0853783e-16 1e-20
7324.05 2.3309582e-16 1e-20
7325.52 2.2112843e-16 1e-20
7326.99 2.2235073e-16 1e-20
7328.46 2.2838835e-16 1e-20
7329.93 2.1530785e-16 1e-20
7331.4 2.2085125e-16 1e-20
7332.87 2.4070498e-16 1e-20
7334.34 2.2857197e-16 1e-20
7335.81 2.4425918e-16 1e-20
7337.28 2.4196028e-16 1e-20
7338.75 2.3826518e-16 1e-20
7340.22 2.6619119e-16 1e-20
7341.69 2.314824e-16 1e-20
7343.16 2.1764457e-16 1e-20
7344.63 2.3786414e-16 1e-20
7346.1 2.0643726e-16 1e-20
7347.57 2.1779451e-16 1e-20
7349.04 2.6033113e-16 1e-20
7350.51 2.5506499e-16 1e-20
7351.98 2.3890318e-16 1e-20
7353.45 2.3764325e-16 1e-20
7354.92 2.2798471e-16 1e-20
7356.39 2.1557372e-16 1e-20
7357.86 2.3501594e-16 1e-20
7359.33 2.2093314e-16 1e-20
7360.8 2.1350073e-16 1e-20
7362.27 2.12003e-16 1e-20
7363.74 2.0692361e-16 1e-20
7365.21 2.1305743e-16 1e-20
7366.68 2.2741998e-16 1e-20
7368.15 2.4447637e-16 1e-20
7369.62 2.1324711e-16 1e-20
7371.09 2.0291916e-16 1e-20
7372.56 2.0113312e-16 1e-20
7374.03 2.1044123e-16 1e-20
7375.5 1.981551e-16 1e-20
7376.97 1.9098818e-16 1e-20
7378.44 1.9987325e-16 1e-20
7379.91 2.0338217e-16 1e-20
7381.38 2.27296e-16 1e-20
7382.85 2.3693097e-16 1e-20
7384.32 2.4473402e-16 1e-20
7385.79 2.2331926e-16 1e-20
7387.26 2.2606349e-16 1e-20
7388.73 2.3926444e-16 1e-20
7390.2 2.0790924e-16 1e-20
7391.67 1.8322996e-16 1e-20
7393.14 1.8548171e-16 1e-20
7394.61 1.9101297e-16 1e-20
7396.08 2.0963515e-16 1e-20
7397.55 1.9581504e-16 1e-20
7399.02 2.032544e-16 1e-20
7400.49 2.2343493e-16 1e-20
7401.96 2.1023366e-16 1e-20
7403.43 1.8835462e-16 1e-20
7404.9 1.9206258e-16 1e-20
7406.37 1.9228197e-16 1e-20
7407.84 1.8248691e-16 1e-20
7409.31 2.0174927e-16 1e-20
7410.78 2.115182e-16 1e-20
7412.25 2.0169219e-16 1e-20
7413.72 2.0249733e-16 1e-20
7415.19 1.8844849e-16 1e-20
7416.66 1.8188784e-16 1e-20
