3472.0 1.0815773e-15 1e-20
3473.47 1.0905614e-15 1e-20
3474.94 1.2135046e-15 1e-20
3476.41 9.5347548e-16 1e-20
3477.88 9.3831229e-16 1e-20
3479.35 7.4248189e-16 1e-20
3480.82 9.7089583e-16 1e-20
3482.29 8.227371e-16 1e-20
3483.76 8.8771999e-16 1e-20
3485.23 9.5058835e-16 1e-20
3486.7 7.0713431e-16 1e-20
3488.17 7.6595867e-16 1e-20
3489.64 1.065354e-15 1e-20
3491.11 1.0513595e-15 1e-20
3492.58 5.6673735e-16 1e-20
3494.05 6.6944391e-16 1e-20
3495.52 9.3350077e-16 1e-20
3496.99 1.0563772e-15 1e-20
3498.46 9.1470665e-16 1e-20
3499.93 8.30347e-16 1e-20
3501.4 8.8280821e-16 1e-20
3502.87 1.0591836e-15 1e-20
3504.34 9.8169333e-16 1e-20
3505.81 1.0300455e-15 1e-20
3507.28 1.1524082e-15 1e-20
3508.75 8.605454e-16 1e-20
3510.22 8.0646783e-16 1e-20
3511.69 1.2203844e-15 1e-20
3513.16 1.065424e-15 1e-20
3514.63 8.9402759e-16 1e-20
3516.1 1.0749638e-15 1e-20
3517.57 9.1343915e-16 1e-20
3519.04 8.7680668e-16 1e-20
3520.51 1.0245272e-15 1e-20
3521.98 1.1079576e-15 1e-20
3523.45 1.0748854e-15 1e-20
3524.92 1.1607784e-15 1e-20
3526.39 1.1111714e-15 1e-20
3527.86 1.1456865e-15 1e-20
3529.33 1.0126487e-15 1e-20
3530.8 1.2138946e-15 1e-20
3532.27 9.3842828e-16 1e-20
3533.74 1.0111483e-15 1e-20
3535.21 1.2662466e-15 1e-20
3536.68 1.2644116e-15 1e-20
3538.15 1.0991051e-15 1e-20
3539.62 1.1924264e-15 1e-20
3541.09 1.1505002e-15 1e-20
3542.56 1.2634203e-15 1e-20
3544.03 1.1165648e-15 1e-20
3545.5 1.0872802e-15 1e-20
3546.97 9.7579741e-16 1e-20
3548.44 1.3540586e-15 1e-20
3549.91 1.0159023e-15 1e-20
3551.38 1.1113914e-15 1e-20
3552.85 1.3156601e-15 1e-20
3554.32 1.2081497e-15 1e-20
3555.79 1.0799196e-15 1e-20
3557.26 1.2522414e-15 1e-20
3558.73 1.3018231e-15 1e-20
3560.2 1.3439744e-15 1e-20
3561.67 1.4335384e-15 1e-20
3563.14 1.4613798e-15 1e-20
3564.61 1.4110032e-15 1e-20
3566.08 1.1665856e-15 1e-20
3567.55 1.100443e-15 1e-20
3569.02 1.1682316e-15 1e-20
3570.49 1.1980257e-15 1e-20
3571.96 1.3076416e-15 1e-20
3573.43 1.3052367e-15 1e-20
3574.9 1.3127851e-15 1e-20
3576.37 1.6124201e-15 1e-20
3577.84 1.5904249e-15 1e-20
3579.31 1.4091374e-15 1e-20
3580.78 1.6005858e-15 1e-20
3582.25 1.4379481e-15 1e-20
3583.72 1.3324944e-15 1e-20
3585.19 1.5848275e-15 1e-20
3586.66 1.3977398e-15 1e-20
3588.13 1.4133855e-15 1e-20
3589.6 1.4961625e-15 1e-20
3591.07 1.4086607e-15 1e-20
3592.54 1.4938797e-15 1e-20
3594.01 1.4459505e-15 1e-20
3595.48 1.5410697e-15 1e-20
3596.95 1.8021913e-15 1e-20
3598.42 1.6347553e-15 1e-20
3599.89 1.4396569e-15 1e-20
3601.36 1.523434e-15 1e-20
3602.83 1.2950754e-15 1e-20
3604.3 1.6076703e-15 1e-20
3605.77 1.5881245e-15 1e-20
3607.24 1.6874241e-15 1e-20
3608.71 1.7561876e-15 1e-20
3610.18 1.5202813e-15 1e-20
3611.65 1.7832338e-15 1e-20
3613.12 1.6363912e-15 1e-20
3614.59 1.2767373e-15 1e-20
3616.06 1.5385911e-15 1e-20
3617.53 1.7062199e-15 1e-20
3619.0 1.5221101e-15 1e-20
3620.47 1.7102188e-15 1e-20
3621.94 1.7511796e-15 1e-20
3623.41 1.5460122e-15 1e-20
3624.88 1.4565045e-15 1e-20
3626.35 1.7096577e-15 1e-20
3627.82 1.729656e-15 1e-20
3629.29 1.5397044e-15 1e-20
3630.76 1.6782438e-15 1e-20
3632.23 1.6712168e-15 1e-20
3633.7 1.474116e-15 1e-20
3635.17 1.7177706e-15 1e-20
3636.64 1.6620708e-15 1e-20
3638.11 1.7933867e-15 1e-20
3639.58 1.5215195e-15 1e-20
3641.05 1.4688265e-15 1e-20
3642.52 1.1574961e-15 1e-20
3643.99 1.1639923e-15 1e-20
3645.46 1.4850298e-15 1e-20
3646.93 1.2732861e-15 1e-20
3648.4 1.5256985e-15 1e-20
3649.87 1.4066678e-15 1e-20
3651.34 1.1117073e-15 1e-20
3652.81 1.443012e-15 1e-20
3654.28 1.6722383e-15 1e-20
3655.75 1.4288691e-15 1e-20
3657.22 1.4132454e-15 1e-20
3658.69 1.401686e-15 1e-20
3660.16 1.6230167e-15 1e-20
3661.63 1.7411119e-15 1e-20
3663.1 1.6165276e-15 1e-20
3664.57 1.3743664e-15 1e-20
3666.04 1.2531624e-15 1e-20
3667.51 1.4614125e-15 1e-20
3668.98 1.5826802e-15 1e-20
3670.45 1.4912825e-15 1e-20
3671.92 1.3243985e-15 1e-20
3673.39 1.1956363e-15 1e-20
3674.86 1.2689514e-15 1e-20
3676.33 1.4546131e-15 1e-20
3677.8 1.6737031e-15 1e-20
3679.27 1.3896496e-15 1e-20
3680.74 1.2237457e-15 1e-20
3682.21 1.4742961e-15 1e-20
3683.68 1.6424396e-15 1e-20
3685.15 1.5033615e-15 1e-20
3686.62 1.653934e-15 1e-20
3688.09 1.561872e-15 1e-20
3689.56 1.3575335e-15 1e-20
3691.03 1.5006869e-15 1e-20
3692.5 1.7031586e-15 1e-20
3693.97 1.5951235e-15 1e-20
3695.44 1.5234185e-15 1e-20
3696.91 1.7908556e-15 1e-20
3698.38 1.832503e-15 1e-20
3699.85 1.5243183e-15 1e-20
3701.32 1.7970896e-15 1e-20
3702.79 1.6947659e-15 1e-20
3704.26 1.6015612e-15 1e-20
3705.73 1.5056612e-15 1e-20
3707.2 1.5087469e-15 1e-20
3708.67 1.61287e-15 1e-20
3710.14 1.7328978e-15 1e-20
3711.61 1.8209044e-15 1e-20
3713.08 1.7105571e-15 1e-20
3714.55 1.56985e-15 1e-20
3716.02 1.6976055e-15 1e-20
3717.49 1.6932576e-15 1e-20
3718.96 1.5699136e-15 1e-20
3720.43 1.7444842e-15 1e-20
3721.9 1.615231e-15 1e-20
3723.37 1.6702121e-15 1e-20
3724.84 1.5991416e-15 1e-20
3726.31 1.4921434e-15 1e-20
3727.78 1.5852096e-15 1e-20
3729.25 1.466337e-15 1e-20
3730.72 1.5804874e-15 1e-20
3732.19 1.5637404e-15 1e-20
3733.66 1.5052849e-15 1e-20
3735.13 1.5553015e-15 1e-20
3736.6 1.5007292e-15 1e-20
3738.07 1.5430276e-15 1e-20
3739.54 1.4532954e-15 1e-20
3741.01 1.3657066e-15 1e-20
3742.48 1.3755026e-15 1e-20
3743.95 1.3557835e-15 1e-20
3745.42 1.3079753e-15 1e-20
3746.89 1.1404629e-15 1e-20
3748.36 1.0643555e-15 1e-20
3749.83 1.23734e-15 1e-20
3751.3 1.2231765e-15 1e-20
3752.77 1.1891516e-15 1e-20
3754.24 1.0774343e-15 1e-20
3755.71 1.0398458e-15 1e-20
3757.18 1.094592e-15 1e-20
3758.65 1.1187541e-15 1e-20
3760.12 1.1676364e-15 1e-20
3761.59 1.067628e-15 1e-20
3763.06 1.0087438e-15 1e-20
3764.53 9.7906512e-16 1e-20
3766.0 9.195587e-16 1e-20
3767.47 1.0334191e-15 1e-20
3768.94 1.1166874e-15 1e-20
3770.41 8.6662823e-16 1e-20
3771.88 9.4559914e-16 1e-20
3773.35 1.1000278e-15 1e-20
3774.82 1.0494814e-15 1e-20
3776.29 8.3771151e-16 1e-20
3777.76 7.8992033e-16 1e-20
3779.23 1.0165523e-15 1e-20
3780.7 8.528043e-16 1e-20
3782.17 7.5015092e-16 1e-20
3783.64 8.3539587e-16 1e-20
3785.11 1.0587232e-15 1e-20
3786.58 9.1927773e-16 1e-20
3788.05 8.9945102e-16 1e-20
3789.52 1.145543e-15 1e-20
3790.99 1.1544122e-15 1e-20
3792.46 1.0804722e-15 1e-20
3793.93 8.5139203e-16 1e-20
3795.4 9.6420634e-16 1e-20
3796.87 8.0311465e-16 1e-20
3798.34 9.4173461e-16 1e-20
3799.81 8.2285637e-16 1e-20
3801.28 7.8014499e-16 1e-20
3802.75 7.2420746e-16 1e-20
3804.22 7.8197092e-16 1e-20
3805.69 8.6269665e-16 1e-20
3807.16 8.9188021e-16 1e-20
3808.63 8.6393523e-16 1e-20
3810.1 6.9572979e-16 1e-20
3811.57 6.5315038e-16 1e-20
3813.04 8.230539e-16 1e-20
3814.51 7.5048196e-16 1e-20
3815.98 6.8194741e-16 1e-20
3817.45 8.1569648e-16 1e-20
3818.92 8.4554416e-16 1e-20
3820.39 7.8055298e-16 1e-20
3821.86 8.6971873e-16 1e-20
3823.33 7.7011842e-16 1e-20
3824.8 7.4251568e-16 1e-20
3826.27 8.4132165e-16 1e-20
3827.74 8.555674e-16 1e-20
3829.21 8.5646933e-16 1e-20
3830.68 7.6900089e-16 1e-20
3832.15 7.4034697e-16 1e-20
3833.62 6.6228402e-16 1e-20
3835.09 7.2050697e-16 1e-20
3836.56 7.5903374e-16 1e-20
3838.03 7.9189521e-16 1e-20
3839.5 8.3383453e-16 1e-20
3840.97 8.6619705e-16 1e-20
3842.44 8.502453e-16 1e-20
3843.91 8.2109493e-16 1e-20
3845.38 8.6085594e-16 1e-20
3846.85 9.0935338e-16 1e-20
3848.32 1.0474448e-15 1e-20
3849.79 1.0030088e-15 1e-20
3851.26 8.5182989e-16 1e-20
3852.73 9.1360998e-16 1e-20
3854.2 8.0260259e-16 1e-20
3855.67 8.2518309e-16 1e-20
3857.14 9.0531975e-16 1e-20
3858.61 1.0697603e-15 1e-20
3860.08 9.0239555e-16 1e-20
3861.55 7.5983167e-16 1e-20
3863.02 8.4028053e-16 1e-20
3864.49 9.3343222e-16 1e-20
3865.96 8.1073838e-16 1e-20
3867.43 9.6676308e-16 1e-20
3868.9 9.6613264e-16 1e-20
3870.37 1.0392258e-15 1e-20
3871.84 9.4054782e-16 1e-20
3873.31 1.0460192e-15 1e-20
3874.78 1.0259019e-15 1e-20
3876.25 1.0403891e-15 1e-20
3877.72 1.0053159e-15 1e-20
3879.19 1.124722e-15 1e-20
3880.66 1.1280209e-15 1e-20
3882.13 1.0830309e-15 1e-20
3883.6 1.0849642e-15 1e-20
3885.07 1.0704305e-15 1e-20
3886.54 1.1898293e-15 1e-20
3888.01 1.2489986e-15 1e-20
3889.48 1.0993166e-15 1e-20
3890.95 1.1596146e-15 1e-20
3892.42 1.1810817e-15 1e-20
3893.89 1.1484073e-15 1e-20
3895.36 1.2195197e-15 1e-20
3896.83 1.3275223e-15 1e-20
3898.3 1.0883877e-15 1e-20
3899.77 1.293431e-15 1e-20
3901.24 1.3275243e-15 1e-20
3902.71 1.4290249e-15 1e-20
3904.18 1.4425042e-15 1e-20
3905.65 1.4322308e-15 1e-20
3907.12 1.3787299e-15 1e-20
3908.59 1.3933626e-15 1e-20
3910.06 1.4696625e-15 1e-20
3911.53 1.5029081e-15 1e-20
3913.0 1.5295999e-15 1e-20
3914.47 1.5735067e-15 1e-20
3915.94 1.5767672e-15 1e-20
3917.41 1.7013201e-15 1e-20
3918.88 1.7373669e-15 1e-20
3920.35 1.7718537e-15 1e-20
3921.82 1.6887579e-15 1e-20
3923.29 1.7053308e-15 1e-20
3924.76 1.8251351e-15 1e-20
3926.23 1.9703889e-15 1e-20
3927.7 1.82962e-15 1e-20
3929.17 1.8034739e-15 1e-20
3930.64 1.7832577e-15 1e-20
3932.11 1.7201923e-15 1e-20
3933.58 1.7766765e-15 1e-20
3935.05 1.8362917e-15 1e-20
3936.52 1.9471627e-15 1e-20
3937.99 1.9922512e-15 1e-20
3939.46 2.0630026e-15 1e-20
3940.93 2.1042771e-15 1e-20
3942.4 2.1650343e-15 1e-20
3943.87 2.1532967e-15 1e-20
3945.34 2.1748586e-15 1e-20
3946.81 2.0895574e-15 1e-20
3948.28 2.0497048e-15 1e-20
3949.75 2.2414796e-15 1e-20
3951.22 2.2217903e-15 1e-20
3952.69 2.197154e-15 1e-20
3954.16 2.1509311e-15 1e-20
3955.63 2.1604226e-15 1e-20
3957.1 2.3875341e-15 1e-20
3958.57 2.283977e-15 1e-20
3960.04 2.4068439e-15 1e-20
3961.51 2.4878507e-15 1e-20
3962.98 2.369081e-15 1e-20
3964.45 2.4536157e-15 1e-20
3965.92 2.3353531e-15 1e-20
3967.39 2.3474669e-15 1e-20
3968.86 2.4157736e-15 1e-20
3970.33 2.3658211e-15 1e-20
3971.8 2.5183702e-15 1e-20
3973.27 2.7144918e-15 1e-20
3974.74 2.7027464e-15 1e-20
3976.21 2.7087209e-15 1e-20
3977.68 2.6007936e-15 1e-20
3979.15 2.7472508e-15 1e-20
3980.62 2.556843e-15 1e-20
3982.09 2.6380906e-15 1e-20
3983.56 2.7500253e-15 1e-20
3985.03 2.740833e-15 1e-20
3986.5 2.5812883e-15 1e-20
3987.97 2.6633563e-15 1e-20
3989.44 2.5325534e-15 1e-20
3990.91 2.4646425e-15 1e-20
3992.38 2.5657301e-15 1e-20
3993.85 2.5084753e-15 1e-20
3995.32 2.3563607e-15 1e-20
3996.79 2.2728751e-15 1e-20
3998.26 2.1774056e-15 1e-20
3999.73 2.0497372e-15 1e-20
4001.2 2.1899714e-15 1e-20
4002.67 2.296931e-15 1e-20
4004.14 2.3383687e-15 1e-20
4005.61 2.3461003e-15 1e-20
4007.08 2.3579414e-15 1e-20
4008.55 2.4324651e-15 1e-20
4010.02 2.3941011e-15 1e-20
4011.49 2.4549429e-15 1e-20
4012.96 2.4344196e-15 1e-20
4014.43 2.3761945e-15 1e-20
4015.9 2.389323e-15 1e-20
4017.37 2.4168158e-15 1e-20
4018.84 2.2423756e-15 1e-20
4020.31 2.2061768e-15 1e-20
4021.78 2.1903782e-15 1e-20
4023.25 2.2158449e-15 1e-20
4024.72 2.1555486e-15 1e-20
4026.19 2.118113e-15 1e-20
4027.66 2.1966863e-15 1e-20
4029.13 2.0427399e-15 1e-20
4030.6 1.8623158e-15 1e-20
4032.07 1.897759e-15 1e-20
4033.54 1.81932e-15 1e-20
4035.01 1.9165351e-15 1e-20
4036.48 1.8286796e-15 1e-20
4037.95 1.8015808e-15 1e-20
4039.42 1.7938752e-15 1e-20
4040.89 1.9439795e-15 1e-20
4042.36 1.9881996e-15 1e-20
4043.83 1.9689521e-15 1e-20
4045.3 1.8466283e-15 1e-20
4046.77 1.828132e-15 1e-20
4048.24 1.9465121e-15 1e-20
4049.71 1.9870653e-15 1e-20
4051.18 1.9005383e-15 1e-20
4052.65 1.8846985e-15 1e-20
4054.12 1.914753e-15 1e-20
4055.59 1.9578303e-15 1e-20
4057.06 1.9065871e-15 1e-20
4058.53 1.9424362e-15 1e-20
4060.0 1.9379332e-15 1e-20
4061.47 1.847912e-15 1e-20
4062.94 1.7867336e-15 1e-20
4064.41 1.9314604e-15 1e-20
4065.88 1.9433534e-15 1e-20
4067.35 1.9122334e-15 1e-20
4068.82 1.9420792e-15 1e-20
4070.29 1.8971212e-15 1e-20
4071.76 1.8228674e-15 1e-20
4073.23 1.7572623e-15 1e-20
4074.7 1.8124744e-15 1e-20
4076.17 1.9439862e-15 1e-20
4077.64 1.7993124e-15 1e-20
4079.11 1.7678279e-15 1e-20
4080.58 1.9365683e-15 1e-20
4082.05 1.9041873e-15 1e-20
4083.52 1.8294206e-15 1e-20
4084.99 1.9073035e-15 1e-20
4086.46 1.933244e-15 1e-20
4087.93 1.9539022e-15 1e-20
4089.4 1.9386439e-15 1e-20
4090.87 1.7904062e-15 1e-20
4092.34 1.983055e-15 1e-20
4093.81 2.0099056e-15 1e-20
4095.28 1.9529145e-15 1e-20
4096.75 1.9030522e-15 1e-20
4098.22 1.8864083e-15 1e-20
4099.69 1.8852977e-15 1e-20
4101.16 1.8871194e-15 1e-20
4102.63 1.9183406e-15 1e-20
4104.1 1.9247667e-15 1e-20
4105.57 1.9947135e-15 1e-20
4107.04 2.0845492e-15 1e-20
4108.51 2.0096452e-15 1e-20
4109.98 1.9745859e-15 1e-20
4111.45 2.0367231e-15 1e-20
4112.92 2.0030727e-15 1e-20
4114.39 2.0125508e-15 1e-20
4115.86 1.9495499e-15 1e-20
4117.33 1.9496174e-15 1e-20
4118.8 2.0169625e-15 1e-20
4120.27 2.0693088e-15 1e-20
4121.74 2.0550807e-15 1e-20
4123.21 2.1141155e-15 1e-20
4124.68 2.193459e-15 1e-20
4126.15 2.1675754e-15 1e-20
4127.62 1.955928e-15 1e-20
4129.09 2.0800071e-15 1e-20
4130.56 2.2359202e-15 1e-20
4132.03 2.1882749e-15 1e-20
4133.5 2.1956275e-15 1e-20
4134.97 2.1980391e-15 1e-20
4136.44 2.2619853e-15 1e-20
4137.91 2.2917743e-15 1e-20
4139.38 2.0905144e-15 1e-20
4140.85 2.1113114e-15 1e-20
4142.32 2.2272053e-15 1e-20
4143.79 2.3150017e-15 1e-20
4145.26 2.1694727e-15 1e-20
4146.73 2.2082877e-15 1e-20
4148.2 2.2311854e-15 1e-20
4149.67 2.2707994e-15 1e-20
4151.14 2.2659199e-15 1e-20
4152.61 2.2954729e-15 1e-20
4154.08 2.2670014e-15 1e-20
4155.55 2.3309345e-15 1e-20
4157.02 2.3289957e-15 1e-20
4158.49 2.3011e-15 1e-20
4159.96 2.4201374e-15 1e-20
4161.43 2.3382421e-15 1e-20
4162.9 2.2331715e-15 1e-20
4164.37 2.189806e-15 1e-20
4165.84 2.1013761e-15 1e-20
4167.31 2.224633e-15 1e-20
4168.78 2.1163869e-15 1e-20
4170.25 2.1263182e-15 1e-20
4171.72 2.2906537e-15 1e-20
4173.19 2.2392962e-15 1e-20
4174.66 2.2235219e-15 1e-20
4176.13 2.2528105e-15 1e-20
4177.6 2.3003206e-15 1e-20
4179.07 2.1493263e-15 1e-20
4180.54 2.118711e-15 1e-20
4182.01 2.2702324e-15 1e-20
4183.48 2.3960264e-15 1e-20
4184.95 2.2402933e-15 1e-20
4186.42 2.2054269e-15 1e-20
4187.89 2.2402124e-15 1e-20
4189.36 2.3483737e-15 1e-20
4190.83 2.3671467e-15 1e-20
4192.3 2.2539246e-15 1e-20
4193.77 2.3685036e-15 1e-20
4195.24 2.3919654e-15 1e-20
4196.71 2.3584943e-15 1e-20
4198.18 2.2567906e-15 1e-20
4199.65 2.2721891e-15 1e-20
4201.12 2.3467796e-15 1e-20
4202.59 2.2648566e-15 1e-20
4204.06 2.3463395e-15 1e-20
4205.53 2.4015279e-15 1e-20
4207.0 2.3903959e-15 1e-20
4208.47 2.2683966e-15 1e-20
4209.94 2.2960603e-15 1e-20
4211.41 2.3405306e-15 1e-20
4212.88 2.271867e-15 1e-20
4214.35 2.3306246e-15 1e-20
4215.82 2.3470201e-15 1e-20
4217.29 2.3410485e-15 1e-20
4218.76 2.3213875e-15 1e-20
4220.23 2.3769433e-15 1e-20
4221.7 2.3537922e-15 1e-20
4223.17 2.2246625e-15 1e-20
4224.64 2.2973158e-15 1e-20
4226.11 2.2482572e-15 1e-20
4227.58 2.2397916e-15 1e-20
4229.05 2.3248618e-15 1e-20
4230.52 2.3093357e-15 1e-20
4231.99 2.2019842e-15 1e-20
4233.46 2.1640716e-15 1e-20
4234.93 2.2581942e-15 1e-20
4236.4 2.3420186e-15 1e-20
4237.87 2.2012463e-15 1e-20
4239.34 2.1480551e-15 1e-20
4240.81 2.1938193e-15 1e-20
4242.28 2.2238653e-15 1e-20
4243.75 2.2167065e-15 1e-20
4245.22 2.1738179e-15 1e-20
4246.69 2.2708037e-15 1e-20
4248.16 2.2811379e-15 1e-20
4249.63 2.2549262e-15 1e-20
4251.1 2.2696826e-15 1e-20
4252.57 2.1964638e-15 1e-20
4254.04 2.2323596e-15 1e-20
4255.51 2.3056967e-15 1e-20
4256.98 2.3811624e-15 1e-20
4258.45 2.3456182e-15 1e-20
4259.92 2.3360591e-15 1e-20
4261.39 2.3838739e-15 1e-20
4262.86 2.3063915e-15 1e-20
4264.33 2.2144308e-15 1e-20
4265.8 2.1976764e-15 1e-20
4267.27 2.2812734e-15 1e-20
4268.74 2.361166e-15 1e-20
4270.21 2.2400568e-15 1e-20
4271.68 2.1478438e-15 1e-20
4273.15 2.2650883e-15 1e-20
4274.62 2.2860909e-15 1e-20
4276.09 2.235728e-15 1e-20
4277.56 2.2324607e-15 1e-20
4279.03 2.2779245e-15 1e-20
4280.5 2.3745158e-15 1e-20
4281.97 2.2424085e-15 1e-20
4283.44 2.2059295e-15 1e-20
4284.91 2.1394365e-15 1e-20
4286.38 2.1634078e-15 1e-20
4287.85 2.2365501e-15 1e-20
4289.32 2.2023947e-15 1e-20
4290.79 2.1645658e-15 1e-20
4292.26 2.1480916e-15 1e-20
4293.73 2.2497976e-15 1e-20
4295.2 2.0767641e-15 1e-20
4296.67 2.0577052e-15 1e-20
4298.14 2.0671864e-15 1e-20
4299.61 2.1342115e-15 1e-20
4301.08 1.9977167e-15 1e-20
4302.55 2.1070414e-15 1e-20
4304.02 2.0230234e-15 1e-20
4305.49 2.0284238e-15 1e-20
4306.96 2.0563629e-15 1e-20
4308.43 2.0078602e-15 1e-20
4309.9 2.0652413e-15 1e-20
4311.37 2.0496769e-15 1e-20
4312.84 2.1322742e-15 1e-20
4314.31 2.0770013e-15 1e-20
4315.78 2.1050534e-15 1e-20
4317.25 2.1191907e-15 1e-20
4318.72 2.1181474e-15 1e-20
4320.19 2.0991089e-15 1e-20
4321.66 1.9407884e-15 1e-20
4323.13 1.9777027e-15 1e-20
4324.6 1.9954301e-15 1e-20
4326.07 2.1110187e-15 1e-20
4327.54 2.0264306e-15 1e-20
4329.01 2.116837e-15 1e-20
4330.48 2.1332934e-15 1e-20
4331.95 1.9657404e-15 1e-20
4333.42 1.8709087e-15 1e-20
4334.89 1.8574673e-15 1e-20
4336.36 1.8133709e-15 1e-20
4337.83 1.8742925e-15 1e-20
4339.3 1.8157146e-15 1e-20
4340.77 1.7598463e-15 1e-20
4342.24 1.7024348e-15 1e-20
4343.71 1.8500727e-15 1e-20
4345.18 1.8018373e-15 1e-20
4346.65 1.7395339e-15 1e-20
4348.12 1.7934682e-15 1e-20
4349.59 1.818302e-15 1e-20
4351.06 1.7341623e-15 1e-20
4352.53 1.763846e-15 1e-20
4354.0 1.7811078e-15 1e-20
4355.47 1.7324499e-15 1e-20
4356.94 1.7039043e-15 1e-20
4358.41 1.7120972e-15 1e-20
4359.88 1.7226084e-15 1e-20
4361.35 1.6625714e-15 1e-20
4362.82 1.4846216e-15 1e-20
4364.29 1.5902588e-15 1e-20
4365.76 1.6084722e-15 1e-20
4367.23 1.4745048e-15 1e-20
4368.7 1.5828902e-15 1e-20
4370.17 1.5450398e-15 1e-20
4371.64 1.6059664e-15 1e-20
4373.11 1.4791883e-15 1e-20
4374.58 1.4624411e-15 1e-20
4376.05 1.5210203e-15 1e-20
4377.52 1.4697335e-15 1e-20
4378.99 1.4621474e-15 1e-20
4380.46 1.38465e-15 1e-20
4381.93 1.4169506e-15 1e-20
4383.4 1.4234504e-15 1e-20
4384.87 1.4337988e-15 1e-20
4386.34 1.4575291e-15 1e-20
4387.81 1.3933244e-15 1e-20
4389.28 1.4317963e-15 1e-20
4390.75 1.4877092e-15 1e-20
4392.22 1.5667439e-15 1e-20
4393.69 1.4609272e-15 1e-20
4395.16 1.4390798e-15 1e-20
4396.63 1.5344108e-15 1e-20
4398.1 1.4934872e-15 1e-20
4399.57 1.3836939e-15 1e-20
4401.04 1.363101e-15 1e-20
4402.51 1.4406617e-15 1e-20
4403.98 1.4868542e-15 1e-20
4405.45 1.453862e-15 1e-20
4406.92 1.3701198e-15 1e-20
4408.39 1.3986899e-15 1e-20
4409.86 1.4295995e-15 1e-20
4411.33 1.3458542e-15 1e-20
4412.8 1.4016556e-15 1e-20
4414.27 1.4674686e-15 1e-20
4415.74 1.3297611e-15 1e-20
4417.21 1.2368923e-15 1e-20
4418.68 1.353141e-15 1e-20
4420.15 1.4296216e-15 1e-20
4421.62 1.4040457e-15 1e-20
4423.09 1.4447315e-15 1e-20
4424.56 1.3913153e-15 1e-20
4426.03 1.3230739e-15 1e-20
4427.5 1.3419641e-15 1e-20
4428.97 1.4191396e-15 1e-20
4430.44 1.4062892e-15 1e-20
4431.91 1.4274027e-15 1e-20
4433.38 1.4520004e-15 1e-20
4434.85 1.4234198e-15 1e-20
4436.32 1.4217581e-15 1e-20
4437.79 1.5229088e-15 1e-20
4439.26 1.4950558e-15 1e-20
4440.73 1.4604458e-15 1e-20
4442.2 1.4462222e-15 1e-20
4443.67 1.3996565e-15 1e-20
4445.14 1.3944674e-15 1e-20
4446.61 1.4736623e-15 1e-20
4448.08 1.4110987e-15 1e-20
4449.55 1.4399225e-15 1e-20
4451.02 1.4339325e-15 1e-20
4452.49 1.3758181e-15 1e-20
4453.96 1.4882909e-15 1e-20
4455.43 1.4401181e-15 1e-20
4456.9 1.3908548e-15 1e-20
4458.37 1.4676639e-15 1e-20
4459.84 1.4505068e-15 1e-20
4461.31 1.3755306e-15 1e-20
4462.78 1.408326e-15 1e-20
4464.25 1.4798234e-15 1e-20
4465.72 1.4892642e-15 1e-20
4467.19 1.3966355e-15 1e-20
4468.66 1.4487642e-15 1e-20
4470.13 1.5383407e-15 1e-20
4471.6 1.4802847e-15 1e-20
4473.07 1.4526064e-15 1e-20
4474.54 1.4227718e-15 1e-20
4476.01 1.5245007e-15 1e-20
4477.48 1.5779431e-15 1e-20
4478.95 1.5559964e-15 1e-20
4480.42 1.588395e-15 1e-20
4481.89 1.6440462e-15 1e-20
4483.36 1.6574612e-15 1e-20
4484.83 1.5869406e-15 1e-20
4486.3 1.5785326e-15 1e-20
4487.77 1.6346107e-15 1e-20
4489.24 1.6784693e-15 1e-20
4490.71 1.7485912e-15 1e-20
4492.18 1.7479321e-15 1e-20
4493.65 1.7568077e-15 1e-20
4495.12 1.6928658e-15 1e-20
4496.59 1.6447608e-15 1e-20
4498.06 1.7138048e-15 1e-20
4499.53 1.7699662e-15 1e-20
4501.0 1.7293625e-15 1e-20
4502.47 1.7634932e-15 1e-20
4503.94 1.7475097e-15 1e-20
4505.41 1.7799563e-15 1e-20
4506.88 1.8092438e-15 1e-20
4508.35 1.8285246e-15 1e-20
4509.82 1.7906641e-15 1e-20
4511.29 1.8551217e-15 1e-20
4512.76 1.8708884e-15 1e-20
4514.23 1.8276479e-15 1e-20
4515.7 1.8525755e-15 1e-20
4517.17 1.8737584e-15 1e-20
4518.64 1.8242278e-15 1e-20
4520.11 1.808051e-15 1e-20
4521.58 1.952967e-15 1e-20
4523.05 2.0087628e-15 1e-20
4524.52 1.9532077e-15 1e-20
4525.99 1.9294951e-15 1e-20
4527.46 1.8409151e-15 1e-20
4528.93 1.8726515e-15 1e-20
4530.4 1.925988e-15 1e-20
4531.87 1.8748869e-15 1e-20
4533.34 1.9155734e-15 1e-20
4534.81 1.9870111e-15 1e-20
4536.28 2.0420387e-15 1e-20
4537.75 1.974213e-15 1e-20
4539.22 2.0803156e-15 1e-20
4540.69 2.1493635e-15 1e-20
4542.16 2.0799301e-15 1e-20
4543.63 2.0026464e-15 1e-20
4545.1 2.1027284e-15 1e-20
4546.57 2.0373275e-15 1e-20
4548.04 2.0439031e-15 1e-20
4549.51 2.0848031e-15 1e-20
4550.98 2.1130521e-15 1e-20
4552.45 2.2923574e-15 1e-20
4553.92 2.2723134e-15 1e-20
4555.39 2.1489067e-15 1e-20
4556.86 2.2922642e-15 1e-20
4558.33 2.2170813e-15 1e-20
4559.8 2.158453e-15 1e-20
4561.27 2.3430099e-15 1e-20
4562.74 2.3122835e-15 1e-20
4564.21 2.2175713e-15 1e-20
4565.68 2.2149489e-15 1e-20
4567.15 2.3326979e-15 1e-20
4568.62 2.3289504e-15 1e-20
4570.09 2.393646e-15 1e-20
4571.56 2.3644245e-15 1e-20
4573.03 2.3195581e-15 1e-20
4574.5 2.369617e-15 1e-20
4575.97 2.351933e-15 1e-20
4577.44 2.3370063e-15 1e-20
4578.91 2.3757446e-15 1e-20
4580.38 2.4408512e-15 1e-20
4581.85 2.4567113e-15 1e-20
4583.32 2.4843874e-15 1e-20
4584.79 2.4666255e-15 1e-20
4586.26 2.5224085e-15 1e-20
4587.73 2.5288823e-15 1e-20
4589.2 2.475071e-15 1e-20
4590.67 2.387166e-15 1e-20
4592.14 2.4686248e-15 1e-20
4593.61 2.4500208e-15 1e-20
4595.08 2.5026457e-15 1e-20
4596.55 2.5671606e-15 1e-20
4598.02 2.4365568e-15 1e-20
4599.49 2.4393501e-15 1e-20
4600.96 2.4348626e-15 1e-20
4602.43 2.469496e-15 1e-20
4603.9 2.443594e-15 1e-20
4605.37 2.4669597e-15 1e-20
4606.84 2.4737315e-15 1e-20
4608.31 2.481976e-15 1e-20
4609.78 2.443089e-15 1e-20
4611.25 2.3647637e-15 1e-20
4612.72 2.3888948e-15 1e-20
4614.19 2.5102351e-15 1e-20
4615.66 2.4798682e-15 1e-20
4617.13 2.4253902e-15 1e-20
4618.6 2.3976638e-15 1e-20
4620.07 2.4282475e-15 1e-20
4621.54 2.4488568e-15 1e-20
4623.01 2.3779879e-15 1e-20
4624.48 2.4465744e-15 1e-20
4625.95 2.4764526e-15 1e-20
4627.42 2.4724841e-15 1e-20
4628.89 2.4759851e-15 1e-20
4630.36 2.4236588e-15 1e-20
4631.83 2.499054e-15 1e-20
4633.3 2.5581651e-15 1e-20
4634.77 2.5065281e-15 1e-20
4636.24 2.4488227e-15 1e-20
4637.71 2.3456292e-15 1e-20
4639.18 2.3963158e-15 1e-20
4640.65 2.4417756e-15 1e-20
4642.12 2.5133257e-15 1e-20
4643.59 2.4113741e-15 1e-20
4645.06 2.4363022e-15 1e-20
4646.53 2.5184889e-15 1e-20
4648.0 2.4951818e-15 1e-20
4649.47 2.4026971e-15 1e-20
4650.94 2.4107525e-15 1e-20
4652.41 2.4808843e-15 1e-20
4653.88 2.480514e-15 1e-20
4655.35 2.4739614e-15 1e-20
4656.82 2.4789231e-15 1e-20
4658.29 2.3499663e-15 1e-20
4659.76 2.3281875e-15 1e-20
4661.23 2.3420718e-15 1e-20
4662.7 2.3359475e-15 1e-20
4664.17 2.4105458e-15 1e-20
4665.64 2.4279387e-15 1e-20
4667.11 2.4484119e-15 1e-20
4668.58 2.3295631e-15 1e-20
4670.05 2.3194566e-15 1e-20
4671.52 2.3482597e-15 1e-20
4672.99 2.4076312e-15 1e-20
4674.46 2.3376563e-15 1e-20
4675.93 2.2761478e-15 1e-20
4677.4 2.3849332e-15 1e-20
4678.87 2.3714724e-15 1e-20
4680.34 2.3780694e-15 1e-20
4681.81 2.3617473e-15 1e-20
4683.28 2.3906243e-15 1e-20
4684.75 2.3982186e-15 1e-20
4686.22 2.3511186e-15 1e-20
4687.69 2.3088632e-15 1e-20
4689.16 2.4325838e-15 1e-20
4690.63 2.3772814e-15 1e-20
4692.1 2.2854722e-15 1e-20
4693.57 2.2614198e-15 1e-20
4695.04 2.3044677e-15 1e-20
4696.51 2.2658825e-15 1e-20
4697.98 2.2414734e-15 1e-20
4699.45 2.3759272e-15 1e-20
4700.92 2.2711391e-15 1e-20
4702.39 2.2277036e-15 1e-20
4703.86 2.2456284e-15 1e-20
4705.33 2.3096118e-15 1e-20
4706.8 2.3282747e-15 1e-20
4708.27 2.2388818e-15 1e-20
4709.74 2.2244349e-15 1e-20
4711.21 2.2438259e-15 1e-20
4712.68 2.3160319e-15 1e-20
4714.15 2.2480977e-15 1e-20
4715.62 2.1904423e-15 1e-20
4717.09 2.1992567e-15 1e-20
4718.56 2.1944366e-15 1e-20
4720.03 2.2013025e-15 1e-20
4721.5 2.1698999e-15 1e-20
4722.97 2.1885047e-15 1e-20
4724.44 2.1117013e-15 1e-20
4725.91 2.1268294e-15 1e-20
4727.38 2.0539575e-15 1e-20
4728.85 2.0489659e-15 1e-20
4730.32 2.0753434e-15 1e-20
4731.79 1.9824035e-15 1e-20
4733.26 2.014812e-15 1e-20
4734.73 1.9749388e-15 1e-20
4736.2 2.0069511e-15 1e-20
4737.67 1.9671437e-15 1e-20
4739.14 1.939067e-15 1e-20
4740.61 2.022121e-15 1e-20
4742.08 1.9538223e-15 1e-20
4743.55 1.7505366e-15 1e-20
4745.02 1.8177917e-15 1e-20
4746.49 1.8858565e-15 1e-20
4747.96 1.8333918e-15 1e-20
4749.43 1.8528563e-15 1e-20
4750.9 1.8807825e-15 1e-20
4752.37 1.8271657e-15 1e-20
4753.84 1.8568403e-15 1e-20
4755.31 1.8869029e-15 1e-20
4756.78 1.8823651e-15 1e-20
4758.25 1.8173782e-15 1e-20
4759.72 1.7965717e-15 1e-20
4761.19 1.8404624e-15 1e-20
4762.66 1.780584e-15 1e-20
4764.13 1.7571993e-15 1e-20
4765.6 1.8106037e-15 1e-20
4767.07 1.7542235e-15 1e-20
4768.54 1.7461882e-15 1e-20
4770.01 1.7262735e-15 1e-20
4771.48 1.6951637e-15 1e-20
4772.95 1.6938531e-15 1e-20
4774.42 1.6972662e-15 1e-20
4775.89 1.7130336e-15 1e-20
4777.36 1.5942354e-15 1e-20
4778.83 1.5926869e-15 1e-20
4780.3 1.6356707e-15 1e-20
4781.77 1.6486701e-15 1e-20
4783.24 1.5493542e-15 1e-20
4784.71 1.5275128e-15 1e-20
4786.18 1.4828726e-15 1e-20
4787.65 1.5264202e-15 1e-20
4789.12 1.5221676e-15 1e-20
4790.59 1.551154e-15 1e-20
4792.06 1.5103322e-15 1e-20
4793.53 1.4664071e-15 1e-20
4795.0 1.5323639e-15 1e-20
4796.47 1.4798059e-15 1e-20
4797.94 1.5118525e-15 1e-20
4799.41 1.4743489e-15 1e-20
4800.88 1.5192983e-15 1e-20
4802.35 1.4892322e-15 1e-20
4803.82 1.52592e-15 1e-20
4805.29 1.4999119e-15 1e-20
4806.76 1.5828137e-15 1e-20
4808.23 1.5812333e-15 1e-20
4809.7 1.4318166e-15 1e-20
4811.17 1.4471469e-15 1e-20
4812.64 1.4931874e-15 1e-20
4814.11 1.4831836e-15 1e-20
4815.58 1.4589088e-15 1e-20
4817.05 1.4856545e-15 1e-20
4818.52 1.4979026e-15 1e-20
4819.99 1.5037402e-15 1e-20
4821.46 1.5338265e-15 1e-20
4822.93 1.4935969e-15 1e-20
4824.4 1.4435514e-15 1e-20
4825.87 1.4601818e-15 1e-20
4827.34 1.4793531e-15 1e-20
4828.81 1.4723647e-15 1e-20
4830.28 1.5312757e-15 1e-20
4831.75 1.5785073e-15 1e-20
4833.22 1.4871861e-15 1e-20
4834.69 1.5137589e-15 1e-20
4836.16 1.4791368e-15 1e-20
4837.63 1.4903624e-15 1e-20
4839.1 1.5093935e-15 1e-20
4840.57 1.4431874e-15 1e-20
4842.04 1.4744766e-15 1e-20
4843.51 1.4296088e-15 1e-20
4844.98 1.4185743e-15 1e-20
4846.45 1.4748933e-15 1e-20
4847.92 1.4861572e-15 1e-20
4849.39 1.4541752e-15 1e-20
4850.86 1.4213966e-15 1e-20
4852.33 1.4569094e-15 1e-20
4853.8 1.4568377e-15 1e-20
4855.27 1.5005087e-15 1e-20
4856.74 1.4989653e-15 1e-20
4858.21 1.4334692e-15 1e-20
4859.68 1.4540403e-15 1e-20
4861.15 1.5026489e-15 1e-20
4862.62 1.4424679e-15 1e-20
4864.09 1.3853457e-15 1e-20
4865.56 1.3773679e-15 1e-20
4867.03 1.3219947e-15 1e-20
4868.5 1.2994162e-15 1e-20
4869.97 1.3840142e-15 1e-20
4871.44 1.474076e-15 1e-20
4872.91 1.3809127e-15 1e-20
4874.38 1.368127e-15 1e-20
4875.85 1.3642131e-15 1e-20
4877.32 1.4014095e-15 1e-20
4878.79 1.3946157e-15 1e-20
4880.26 1.3281136e-15 1e-20
4881.73 1.3500496e-15 1e-20
4883.2 1.3918903e-15 1e-20
4884.67 1.4112881e-15 1e-20
4886.14 1.3093994e-15 1e-20
4887.61 1.3239559e-15 1e-20
4889.08 1.3524188e-15 1e-20
4890.55 1.3327585e-15 1e-20
4892.02 1.2994691e-15 1e-20
4893.49 1.3360037e-15 1e-20
4894.96 1.3627405e-15 1e-20
4896.43 1.3962203e-15 1e-20
4897.9 1.4083027e-15 1e-20
4899.37 1.4360081e-15 1e-20
4900.84 1.4133761e-15 1e-20
4902.31 1.385106e-15 1e-20
4903.78 1.2859908e-15 1e-20
4905.25 1.3530115e-15 1e-20
4906.72 1.3586675e-15 1e-20
4908.19 1.3208784e-15 1e-20
4909.66 1.3086377e-15 1e-20
4911.13 1.3347985e-15 1e-20
4912.6 1.3005613e-15 1e-20
4914.07 1.2643172e-15 1e-20
4915.54 1.261701e-15 1e-20
4917.01 1.3195803e-15 1e-20
4918.48 1.3019406e-15 1e-20
4919.95 1.3137083e-15 1e-20
4921.42 1.3329502e-15 1e-20
4922.89 1.2693278e-15 1e-20
4924.36 1.3182666e-15 1e-20
4925.83 1.3478913e-15 1e-20
4927.3 1.3278357e-15 1e-20
4928.77 1.2708193e-15 1e-20
4930.24 1.2550955e-15 1e-20
4931.71 1.2713184e-15 1e-20
4933.18 1.2707101e-15 1e-20
4934.65 1.2739325e-15 1e-20
4936.12 1.3493876e-15 1e-20
4937.59 1.2999625e-15 1e-20
4939.06 1.2919148e-15 1e-20
4940.53 1.2688837e-15 1e-20
4942.0 1.3430641e-15 1e-20
4943.47 1.3703473e-15 1e-20
4944.94 1.3256133e-15 1e-20
4946.41 1.3120036e-15 1e-20
4947.88 1.3176883e-15 1e-20
4949.35 1.3118784e-15 1e-20
4950.82 1.2928934e-15 1e-20
4952.29 1.2524039e-15 1e-20
4953.76 1.2982938e-15 1e-20
4955.23 1.3853325e-15 1e-20
4956.7 1.3640044e-15 1e-20
4958.17 1.3396602e-15 1e-20
4959.64 1.3760778e-15 1e-20
4961.11 1.404624e-15 1e-20
4962.58 1.4053128e-15 1e-20
4964.05 1.3755252e-15 1e-20
4965.52 1.4070678e-15 1e-20
4966.99 1.4704498e-15 1e-20
4968.46 1.476284e-15 1e-20
4969.93 1.5058306e-15 1e-20
4971.4 1.4600794e-15 1e-20
4972.87 1.4106207e-15 1e-20
4974.34 1.4822973e-15 1e-20
4975.81 1.487519e-15 1e-20
4977.28 1.5111327e-15 1e-20
4978.75 1.5646319e-15 1e-20
4980.22 1.6153179e-15 1e-20
4981.69 1.6602198e-15 1e-20
4983.16 1.5702181e-15 1e-20
4984.63 1.6183133e-15 1e-20
4986.1 1.6290535e-15 1e-20
4987.57 1.6320121e-15 1e-20
4989.04 1.5851941e-15 1e-20
4990.51 1.5971258e-15 1e-20
4991.98 1.5733685e-15 1e-20
4993.45 1.629058e-15 1e-20
4994.92 1.5280417e-15 1e-20
4996.39 1.5435981e-15 1e-20
4997.86 1.5962614e-15 1e-20
4999.33 1.5631576e-15 1e-20
5000.8 1.5802436e-15 1e-20
5002.27 1.5421116e-15 1e-20
5003.74 1.5511534e-15 1e-20
5005.21 1.4409378e-15 1e-20
5006.68 1.4975717e-15 1e-20
5008.15 1.5247469e-15 1e-20
5009.62 1.561852e-15 1e-20
5011.09 1.6624069e-15 1e-20
5012.56 1.4790226e-15 1e-20
5014.03 1.4444906e-15 1e-20
5015.5 1.5137955e-15 1e-20
5016.97 1.4729378e-15 1e-20
5018.44 1.4392384e-15 1e-20
5019.91 1.4650284e-15 1e-20
5021.38 1.3443515e-15 1e-20
5022.85 1.4138339e-15 1e-20
5024.32 1.4973804e-15 1e-20
5025.79 1.3794264e-15 1e-20
5027.26 1.3042262e-15 1e-20
5028.73 1.4134628e-15 1e-20
5030.2 1.4818735e-15 1e-20
5031.67 1.3989313e-15 1e-20
5033.14 1.3963559e-15 1e-20
5034.61 1.4336177e-15 1e-20
5036.08 1.4178082e-15 1e-20
5037.55 1.3024489e-15 1e-20
5039.02 1.3490273e-15 1e-20
5040.49 1.4142859e-15 1e-20
5041.96 1.3891755e-15 1e-20
5043.43 1.4740709e-15 1e-20
5044.9 1.4444842e-15 1e-20
5046.37 1.4675359e-15 1e-20
5047.84 1.3664477e-15 1e-20
5049.31 1.386071e-15 1e-20
5050.78 1.3468624e-15 1e-20
5052.25 1.3326701e-15 1e-20
5053.72 1.3141547e-15 1e-20
5055.19 1.2937843e-15 1e-20
5056.66 1.2674272e-15 1e-20
5058.13 1.3336165e-15 1e-20
5059.6 1.3655126e-15 1e-20
5061.07 1.3628222e-15 1e-20
5062.54 1.2869239e-15 1e-20
5064.01 1.2826288e-15 1e-20
5065.48 1.2738538e-15 1e-20
5066.95 1.3158355e-15 1e-20
5068.42 1.3412238e-15 1e-20
5069.89 1.2797145e-15 1e-20
5071.36 1.2972471e-15 1e-20
5072.83 1.2872363e-15 1e-20
5074.3 1.4069152e-15 1e-20
5075.77 1.2723895e-15 1e-20
5077.24 1.2394682e-15 1e-20
5078.71 1.3346233e-15 1e-20
5080.18 1.3408672e-15 1e-20
5081.65 1.3640378e-15 1e-20
5083.12 1.377486e-15 1e-20
5084.59 1.3667899e-15 1e-20
5086.06 1.2790476e-15 1e-20
5087.53 1.3325266e-15 1e-20
5089.0 1.4204917e-15 1e-20
5090.47 1.5195265e-15 1e-20
5091.94 1.5434458e-15 1e-20
5093.41 1.4861286e-15 1e-20
5094.88 1.5322645e-15 1e-20
5096.35 1.3829318e-15 1e-20
5097.82 1.4145647e-15 1e-20
5099.29 1.3144882e-15 1e-20
5100.76 1.2936981e-15 1e-20
5102.23 1.3774544e-15 1e-20
5103.7 1.2938203e-15 1e-20
5105.17 1.3470476e-15 1e-20
5106.64 1.3643059e-15 1e-20
5108.11 1.3480588e-15 1e-20
5109.58 1.3707836e-15 1e-20
5111.05 1.4078282e-15 1e-20
5112.52 1.4345382e-15 1e-20
5113.99 1.4276652e-15 1e-20
5115.46 1.5212649e-15 1e-20
5116.93 1.5126467e-15 1e-20
5118.4 1.4428866e-15 1e-20
5119.87 1.4583999e-15 1e-20
5121.34 1.4722701e-15 1e-20
5122.81 1.4224011e-15 1e-20
5124.28 1.4402611e-15 1e-20
5125.75 1.4643136e-15 1e-20
5127.22 1.4434493e-15 1e-20
5128.69 1.5168427e-15 1e-20
5130.16 1.4741633e-15 1e-20
5131.63 1.4628829e-15 1e-20
5133.1 1.4919194e-15 1e-20
5134.57 1.587288e-15 1e-20
5136.04 1.5353706e-15 1e-20
5137.51 1.4389683e-15 1e-20
5138.98 1.4546212e-15 1e-20
5140.45 1.5016056e-15 1e-20
5141.92 1.5570763e-15 1e-20
5143.39 1.5189447e-15 1e-20
5144.86 1.5247195e-15 1e-20
5146.33 1.5251604e-15 1e-20
5147.8 1.5403759e-15 1e-20
5149.27 1.5773147e-15 1e-20
5150.74 1.5963156e-15 1e-20
5152.21 1.5234363e-15 1e-20
5153.68 1.5831202e-15 1e-20
5155.15 1.6245484e-15 1e-20
5156.62 1.6273605e-15 1e-20
5158.09 1.5859482e-15 1e-20
5159.56 1.5485971e-15 1e-20
5161.03 1.4956237e-15 1e-20
5162.5 1.5159591e-15 1e-20
5163.97 1.5000521e-15 1e-20
5165.44 1.5883989e-15 1e-20
5166.91 1.5691695e-15 1e-20
5168.38 1.5170786e-15 1e-20
5169.85 1.5746059e-15 1e-20
5171.32 1.6096872e-15 1e-20
5172.79 1.6704808e-15 1e-20
5174.26 1.6309751e-15 1e-20
5175.73 1.6611657e-15 1e-20
5177.2 1.6769801e-15 1e-20
5178.67 1.6697834e-15 1e-20
5180.14 1.7141286e-15 1e-20
5181.61 1.7211474e-15 1e-20
5183.08 1.7346685e-15 1e-20
5184.55 1.7142677e-15 1e-20
5186.02 1.705115e-15 1e-20
5187.49 1.7356664e-15 1e-20
5188.96 1.6710416e-15 1e-20
5190.43 1.7225524e-15 1e-20
5191.9 1.7821842e-15 1e-20
5193.37 1.7567645e-15 1e-20
5194.84 1.7387242e-15 1e-20
5196.31 1.7527417e-15 1e-20
5197.78 1.8156422e-15 1e-20
5199.25 1.8594773e-15 1e-20
5200.72 1.8338041e-15 1e-20
5202.19 1.8336326e-15 1e-20
5203.66 1.7877693e-15 1e-20
5205.13 1.8178272e-15 1e-20
5206.6 1.8768682e-15 1e-20
5208.07 1.8735585e-15 1e-20
5209.54 1.8773379e-15 1e-20
5211.01 1.8696777e-15 1e-20
5212.48 1.8598433e-15 1e-20
5213.95 1.883532e-15 1e-20
5215.42 1.8670751e-15 1e-20
5216.89 1.9526652e-15 1e-20
5218.36 1.9284045e-15 1e-20
5219.83 1.8405937e-15 1e-20
5221.3 1.9257138e-15 1e-20
5222.77 1.9737228e-15 1e-20
5224.24 1.9067396e-15 1e-20
5225.71 1.8723049e-15 1e-20
5227.18 1.8698988e-15 1e-20
5228.65 1.8865789e-15 1e-20
5230.12 1.8660016e-15 1e-20
5231.59 1.9673287e-15 1e-20
5233.06 1.922837e-15 1e-20
5234.53 1.9004135e-15 1e-20
5236.0 1.9699874e-15 1e-20
5237.47 1.9829402e-15 1e-20
5238.94 1.9995724e-15 1e-20
5240.41 1.989877e-15 1e-20
5241.88 1.9452858e-15 1e-20
5243.35 2.0052249e-15 1e-20
5244.82 2.0276673e-15 1e-20
5246.29 1.9757612e-15 1e-20
5247.76 1.9793673e-15 1e-20
5249.23 1.9990736e-15 1e-20
5250.7 1.9893631e-15 1e-20
5252.17 1.9222214e-15 1e-20
5253.64 1.8850783e-15 1e-20
5255.11 1.8825706e-15 1e-20
5256.58 1.8527719e-15 1e-20
5258.05 1.8831018e-15 1e-20
5259.52 1.8661057e-15 1e-20
5260.99 1.8359863e-15 1e-20
5262.46 1.8981911e-15 1e-20
5263.93 1.963153e-15 1e-20
5265.4 2.0436811e-15 1e-20
5266.87 1.9989967e-15 1e-20
5268.34 1.8981409e-15 1e-20
5269.81 1.8814148e-15 1e-20
5271.28 1.882141e-15 1e-20
5272.75 1.9328641e-15 1e-20
5274.22 1.9546868e-15 1e-20
5275.69 1.9003991e-15 1e-20
5277.16 1.8960311e-15 1e-20
5278.63 1.939958e-15 1e-20
5280.1 1.9953268e-15 1e-20
5281.57 2.0107e-15 1e-20
5283.04 2.059824e-15 1e-20
5284.51 2.0492527e-15 1e-20
5285.98 2.0070837e-15 1e-20
5287.45 2.0389733e-15 1e-20
5288.92 2.014982e-15 1e-20
5290.39 1.9530457e-15 1e-20
5291.86 2.0060318e-15 1e-20
5293.33 2.0126452e-15 1e-20
5294.8 1.9328126e-15 1e-20
5296.27 1.9194918e-15 1e-20
5297.74 2.0431035e-15 1e-20
5299.21 2.0489452e-15 1e-20
5300.68 2.008651e-15 1e-20
5302.15 2.0071554e-15 1e-20
5303.62 1.9546789e-15 1e-20
5305.09 1.9983406e-15 1e-20
5306.56 2.0424182e-15 1e-20
5308.03 2.024421e-15 1e-20
5309.5 2.0400074e-15 1e-20
5310.97 2.0629044e-15 1e-20
5312.44 1.9811206e-15 1e-20
5313.91 1.9713645e-15 1e-20
5315.38 2.0018556e-15 1e-20
5316.85 1.9916221e-15 1e-20
5318.32 1.988342e-15 1e-20
5319.79 1.9467601e-15 1e-20
5321.26 1.9398491e-15 1e-20
5322.73 1.9173329e-15 1e-20
5324.2 1.9267659e-15 1e-20
5325.67 1.9597396e-15 1e-20
5327.14 1.9380103e-15 1e-20
5328.61 1.9153659e-15 1e-20
5330.08 1.9613727e-15 1e-20
5331.55 1.9453399e-15 1e-20
5333.02 1.9091626e-15 1e-20
5334.49 1.8603872e-15 1e-20
5335.96 1.7756515e-15 1e-20
5337.43 1.8337752e-15 1e-20
5338.9 1.8255713e-15 1e-20
5340.37 1.7661693e-15 1e-20
5341.84 1.7421981e-15 1e-20
5343.31 1.7111351e-15 1e-20
5344.78 1.7012504e-15 1e-20
5346.25 1.7361858e-15 1e-20
5347.72 1.7540721e-15 1e-20
5349.19 1.7273786e-15 1e-20
5350.66 1.7149291e-15 1e-20
5352.13 1.6291486e-15 1e-20
5353.6 1.5610554e-15 1e-20
5355.07 1.6170621e-15 1e-20
5356.54 1.6286652e-15 1e-20
5358.01 1.5570117e-15 1e-20
5359.48 1.5595436e-15 1e-20
5360.95 1.4957722e-15 1e-20
5362.42 1.4774904e-15 1e-20
5363.89 1.5728171e-15 1e-20
5365.36 1.6019648e-15 1e-20
5366.83 1.6074623e-15 1e-20
5368.3 1.6011169e-15 1e-20
5369.77 1.5936773e-15 1e-20
5371.24 1.647814e-15 1e-20
5372.71 1.6654549e-15 1e-20
5374.18 1.6251892e-15 1e-20
5375.65 1.5837058e-15 1e-20
5377.12 1.6249703e-15 1e-20
5378.59 1.6521463e-15 1e-20
5380.06 1.5770344e-15 1e-20
5381.53 1.6046963e-15 1e-20
5383.0 1.5831996e-15 1e-20
5384.47 1.5186851e-15 1e-20
5385.94 1.5286914e-15 1e-20
5387.41 1.5165671e-15 1e-20
5388.88 1.5334654e-15 1e-20
5390.35 1.5428904e-15 1e-20
5391.82 1.5604787e-15 1e-20
5393.29 1.5576252e-15 1e-20
5394.76 1.5455768e-15 1e-20
5396.23 1.550208e-15 1e-20
5397.7 1.5531874e-15 1e-20
5399.17 1.5756344e-15 1e-20
5400.64 1.6053193e-15 1e-20
5402.11 1.5973978e-15 1e-20
5403.58 1.5751566e-15 1e-20
5405.05 1.5861771e-15 1e-20
5406.52 1.5317441e-15 1e-20
5407.99 1.6093234e-15 1e-20
5409.46 1.6154268e-15 1e-20
5410.93 1.5359228e-15 1e-20
5412.4 1.5488604e-15 1e-20
5413.87 1.5787208e-15 1e-20
5415.34 1.5740565e-15 1e-20
5416.81 1.4731145e-15 1e-20
5418.28 1.490459e-15 1e-20
5419.75 1.5139297e-15 1e-20
5421.22 1.5952032e-15 1e-20
5422.69 1.5571122e-15 1e-20
5424.16 1.5623517e-15 1e-20
5425.63 1.6213983e-15 1e-20
5427.1 1.60593e-15 1e-20
5428.57 1.5491753e-15 1e-20
5430.04 1.6058779e-15 1e-20
5431.51 1.6046478e-15 1e-20
5432.98 1.5944926e-15 1e-20
5434.45 1.5698175e-15 1e-20
5435.92 1.6208359e-15 1e-20
5437.39 1.6288399e-15 1e-20
5438.86 1.655282e-15 1e-20
5440.33 1.6272138e-15 1e-20
5441.8 1.555951e-15 1e-20
5443.27 1.5899692e-15 1e-20
5444.74 1.6005648e-15 1e-20
5446.21 1.6218207e-15 1e-20
5447.68 1.6407142e-15 1e-20
5449.15 1.611715e-15 1e-20
5450.62 1.6224259e-15 1e-20
5452.09 1.5270882e-15 1e-20
5453.56 1.5684279e-15 1e-20
5455.03 1.6579679e-15 1e-20
5456.5 1.6489344e-15 1e-20
5457.97 1.598914e-15 1e-20
5459.44 1.5528306e-15 1e-20
5460.91 1.5956879e-15 1e-20
5462.38 1.6530672e-15 1e-20
5463.85 1.6082231e-15 1e-20
5465.32 1.5700523e-15 1e-20
5466.79 1.6226174e-15 1e-20
5468.26 1.6432904e-15 1e-20
5469.73 1.6048745e-15 1e-20
5471.2 1.5761155e-15 1e-20
5472.67 1.5836977e-15 1e-20
5474.14 1.6126553e-15 1e-20
5475.61 1.6207547e-15 1e-20
5477.08 1.6260849e-15 1e-20
5478.55 1.6738696e-15 1e-20
5480.02 1.6499977e-15 1e-20
5481.49 1.5394181e-15 1e-20
5482.96 1.5700722e-15 1e-20
5484.43 1.6096812e-15 1e-20
5485.9 1.5923767e-15 1e-20
5487.37 1.5841148e-15 1e-20
5488.84 1.5654683e-15 1e-20
5490.31 1.5984972e-15 1e-20
5491.78 1.5481743e-15 1e-20
5493.25 1.5954332e-15 1e-20
5494.72 1.6510698e-15 1e-20
5496.19 1.6081278e-15 1e-20
5497.66 1.5752119e-15 1e-20
5499.13 1.5912277e-15 1e-20
5500.6 1.5488104e-15 1e-20
5502.07 1.5850561e-15 1e-20
5503.54 1.6031147e-15 1e-20
5505.01 1.6382526e-15 1e-20
5506.48 1.6266009e-15 1e-20
5507.95 1.5974295e-15 1e-20
5509.42 1.5618073e-15 1e-20
5510.89 1.5420892e-15 1e-20
5512.36 1.5297799e-15 1e-20
5513.83 1.5286139e-15 1e-20
5515.3 1.5412343e-15 1e-20
5516.77 1.5561413e-15 1e-20
5518.24 1.5044357e-15 1e-20
5519.71 1.5679443e-15 1e-20
5521.18 1.561694e-15 1e-20
5522.65 1.4685595e-15 1e-20
5524.12 1.4328215e-15 1e-20
5525.59 1.5005119e-15 1e-20
5527.06 1.5025403e-15 1e-20
5528.53 1.5307046e-15 1e-20
5530.0 1.541729e-15 1e-20
5531.47 1.580062e-15 1e-20
5532.94 1.5239489e-15 1e-20
5534.41 1.488166e-15 1e-20
5535.88 1.467055e-15 1e-20
5537.35 1.466028e-15 1e-20
5538.82 1.4038199e-15 1e-20
5540.29 1.4717097e-15 1e-20
5541.76 1.4667524e-15 1e-20
5543.23 1.3900348e-15 1e-20
5544.7 1.3279129e-15 1e-20
5546.17 1.3415279e-15 1e-20
5547.64 1.3539215e-15 1e-20
5549.11 1.3461486e-15 1e-20
5550.58 1.3936676e-15 1e-20
5552.05 1.3829241e-15 1e-20
5553.52 1.3517576e-15 1e-20
5554.99 1.382834e-15 1e-20
5556.46 1.3722935e-15 1e-20
5557.93 1.3453602e-15 1e-20
5559.4 1.3696582e-15 1e-20
5560.87 1.3946168e-15 1e-20
5562.34 1.3820351e-15 1e-20
5563.81 1.3494381e-15 1e-20
5565.28 1.2995348e-15 1e-20
5566.75 1.2947472e-15 1e-20
5568.22 1.3410475e-15 1e-20
5569.69 1.3467582e-15 1e-20
5571.16 1.3449156e-15 1e-20
5572.63 1.2833904e-15 1e-20
5574.1 1.3052369e-15 1e-20
5575.57 1.3818595e-15 1e-20
5577.04 1.3987391e-15 1e-20
5578.51 1.4041604e-15 1e-20
5579.98 1.3421861e-15 1e-20
5581.45 1.3700707e-15 1e-20
5582.92 1.4218694e-15 1e-20
5584.39 1.3833785e-15 1e-20
5585.86 1.3827057e-15 1e-20
5587.33 1.3713365e-15 1e-20
5588.8 1.3219968e-15 1e-20
5590.27 1.3576758e-15 1e-20
5591.74 1.4374707e-15 1e-20
5593.21 1.4222955e-15 1e-20
5594.68 1.4290909e-15 1e-20
5596.15 1.4166688e-15 1e-20
5597.62 1.4201083e-15 1e-20
5599.09 1.4196776e-15 1e-20
5600.56 1.4223607e-15 1e-20
5602.03 1.4901285e-15 1e-20
5603.5 1.5022074e-15 1e-20
5604.97 1.4668007e-15 1e-20
5606.44 1.4521338e-15 1e-20
5607.91 1.4797081e-15 1e-20
5609.38 1.488607e-15 1e-20
5610.85 1.4834765e-15 1e-20
5612.32 1.5439885e-15 1e-20
5613.79 1.5946836e-15 1e-20
5615.26 1.5834187e-15 1e-20
5616.73 1.5587357e-15 1e-20
5618.2 1.5797962e-15 1e-20
5619.67 1.5883722e-15 1e-20
5621.14 1.5780168e-15 1e-20
5622.61 1.613102e-15 1e-20
5624.08 1.5815192e-15 1e-20
5625.55 1.6058414e-15 1e-20
5627.02 1.6642214e-15 1e-20
5628.49 1.646654e-15 1e-20
5629.96 1.6514363e-15 1e-20
5631.43 1.6352407e-15 1e-20
5632.9 1.642694e-15 1e-20
5634.37 1.6738082e-15 1e-20
5635.84 1.6351494e-15 1e-20
5637.31 1.6497786e-15 1e-20
5638.78 1.7133367e-15 1e-20
5640.25 1.718477e-15 1e-20
5641.72 1.7033989e-15 1e-20
5643.19 1.7480433e-15 1e-20
5644.66 1.7564017e-15 1e-20
5646.13 1.7130051e-15 1e-20
5647.6 1.6855191e-15 1e-20
5649.07 1.6969731e-15 1e-20
5650.54 1.7163794e-15 1e-20
5652.01 1.7442547e-15 1e-20
5653.48 1.783927e-15 1e-20
5654.95 1.7562335e-15 1e-20
5656.42 1.7098104e-15 1e-20
5657.89 1.7977287e-15 1e-20
5659.36 1.8247538e-15 1e-20
5660.83 1.7581736e-15 1e-20
5662.3 1.7727153e-15 1e-20
5663.77 1.7685003e-15 1e-20
5665.24 1.7455947e-15 1e-20
5666.71 1.7204798e-15 1e-20
5668.18 1.7266549e-15 1e-20
5669.65 1.8203326e-15 1e-20
5671.12 1.8378919e-15 1e-20
5672.59 1.8203374e-15 1e-20
5674.06 1.7728651e-15 1e-20
5675.53 1.7811079e-15 1e-20
5677.0 1.7803102e-15 1e-20
5678.47 1.8068974e-15 1e-20
5679.94 1.7714688e-15 1e-20
5681.41 1.7741524e-15 1e-20
5682.88 1.7024953e-15 1e-20
5684.35 1.8028215e-15 1e-20
5685.82 1.7332717e-15 1e-20
5687.29 1.6975833e-15 1e-20
5688.76 1.6918814e-15 1e-20
5690.23 1.8652284e-15 1e-20
5691.7 1.8379027e-15 1e-20
5693.17 1.7782646e-15 1e-20
5694.64 1.8337898e-15 1e-20
5696.11 1.8253714e-15 1e-20
5697.58 1.7935458e-15 1e-20
5699.05 1.8138863e-15 1e-20
5700.52 1.8641871e-15 1e-20
5701.99 1.8839722e-15 1e-20
5703.46 1.8922224e-15 1e-20
5704.93 1.8069481e-15 1e-20
5706.4 1.770662e-15 1e-20
5707.87 1.8483046e-15 1e-20
5709.34 1.7994018e-15 1e-20
5710.81 1.7727554e-15 1e-20
5712.28 1.7343086e-15 1e-20
5713.75 1.765715e-15 1e-20
5715.22 1.8309877e-15 1e-20
5716.69 1.8143898e-15 1e-20
5718.16 1.7671816e-15 1e-20
5719.63 1.7617333e-15 1e-20
5721.1 1.8281326e-15 1e-20
5722.57 1.7880381e-15 1e-20
5724.04 1.7994491e-15 1e-20
5725.51 1.7899256e-15 1e-20
5726.98 1.8123137e-15 1e-20
5728.45 1.8156545e-15 1e-20
5729.92 1.8130573e-15 1e-20
5731.39 1.8699999e-15 1e-20
5732.86 1.8633828e-15 1e-20
5734.33 1.8167436e-15 1e-20
5735.8 1.7285731e-15 1e-20
5737.27 1.7032883e-15 1e-20
5738.74 1.8152092e-15 1e-20
5740.21 1.8339157e-15 1e-20
5741.68 1.8403944e-15 1e-20
5743.15 1.8687966e-15 1e-20
5744.62 1.8051951e-15 1e-20
5746.09 1.7705957e-15 1e-20
5747.56 1.7632797e-15 1e-20
5749.03 1.7665613e-15 1e-20
5750.5 1.7479526e-15 1e-20
5751.97 1.7539754e-15 1e-20
5753.44 1.7595336e-15 1e-20
5754.91 1.7294976e-15 1e-20
5756.38 1.8083928e-15 1e-20
5757.85 1.7971687e-15 1e-20
5759.32 1.7660605e-15 1e-20
5760.79 1.7823927e-15 1e-20
5762.26 1.7710232e-15 1e-20
5763.73 1.773795e-15 1e-20
5765.2 1.7542946e-15 1e-20
5766.67 1.7379742e-15 1e-20
5768.14 1.7898377e-15 1e-20
5769.61 1.7067101e-15 1e-20
5771.08 1.7271721e-15 1e-20
5772.55 1.7587709e-15 1e-20
5774.02 1.7240735e-15 1e-20
5775.49 1.6856692e-15 1e-20
5776.96 1.6212577e-15 1e-20
5778.43 1.6578287e-15 1e-20
5779.9 1.6997968e-15 1e-20
5781.37 1.6557683e-15 1e-20
5782.84 1.6145761e-15 1e-20
5784.31 1.7170405e-15 1e-20
5785.78 1.6974928e-15 1e-20
5787.25 1.6481588e-15 1e-20
5788.72 1.6816052e-15 1e-20
5790.19 1.7952918e-15 1e-20
5791.66 1.6861738e-15 1e-20
5793.13 1.6509908e-15 1e-20
5794.6 1.6313741e-15 1e-20
5796.07 1.5832009e-15 1e-20
5797.54 1.6049125e-15 1e-20
5799.01 1.6066988e-15 1e-20
5800.48 1.6211454e-15 1e-20
5801.95 1.6273913e-15 1e-20
5803.42 1.5357819e-15 1e-20
5804.89 1.5700737e-15 1e-20
5806.36 1.6047865e-15 1e-20
5807.83 1.6065989e-15 1e-20
5809.3 1.5754746e-15 1e-20
5810.77 1.547792e-15 1e-20
5812.24 1.5811155e-15 1e-20
5813.71 1.635161e-15 1e-20
5815.18 1.6552277e-15 1e-20
5816.65 1.6571808e-15 1e-20
5818.12 1.599255e-15 1e-20
5819.59 1.5519998e-15 1e-20
5821.06 1.5424519e-15 1e-20
5822.53 1.5800738e-15 1e-20
5824.0 1.6148154e-15 1e-20
5825.47 1.5946121e-15 1e-20
5826.94 1.5705247e-15 1e-20
5828.41 1.6012993e-15 1e-20
5829.88 1.6052797e-15 1e-20
5831.35 1.5678811e-15 1e-20
5832.82 1.6013612e-15 1e-20
5834.29 1.618346e-15 1e-20
5835.76 1.6123513e-15 1e-20
5837.23 1.5528455e-15 1e-20
5838.7 1.5072081e-15 1e-20
5840.17 1.5400522e-15 1e-20
5841.64 1.5298235e-15 1e-20
5843.11 1.5426598e-15 1e-20
5844.58 1.5382318e-15 1e-20
5846.05 1.5000283e-15 1e-20
5847.52 1.5623387e-15 1e-20
5848.99 1.6094351e-15 1e-20
5850.46 1.5397018e-15 1e-20
5851.93 1.5223938e-15 1e-20
5853.4 1.5766109e-15 1e-20
5854.87 1.5485777e-15 1e-20
5856.34 1.5566878e-15 1e-20
5857.81 1.598226e-15 1e-20
5859.28 1.5461482e-15 1e-20
5860.75 1.5387286e-15 1e-20
5862.22 1.4801955e-15 1e-20
5863.69 1.4897372e-15 1e-20
5865.16 1.573658e-15 1e-20
5866.63 1.5850248e-15 1e-20
5868.1 1.5885887e-15 1e-20
5869.57 1.5158155e-15 1e-20
5871.04 1.5738935e-15 1e-20
5872.51 1.6181229e-15 1e-20
5873.98 1.6080683e-15 1e-20
5875.45 1.5354112e-15 1e-20
5876.92 1.545337e-15 1e-20
5878.39 1.5295446e-15 1e-20
5879.86 1.51921e-15 1e-20
5881.33 1.576413e-15 1e-20
5882.8 1.5666097e-15 1e-20
5884.27 1.5492972e-15 1e-20
5885.74 1.4866008e-15 1e-20
5887.21 1.4675353e-15 1e-20
5888.68 1.5043849e-15 1e-20
5890.15 1.498724e-15 1e-20
5891.62 1.4349729e-15 1e-20
5893.09 1.4722224e-15 1e-20
5894.56 1.5042807e-15 1e-20
5896.03 1.4695849e-15 1e-20
5897.5 1.4653419e-15 1e-20
5898.97 1.4946313e-15 1e-20
5900.44 1.5770184e-15 1e-20
5901.91 1.6263382e-15 1e-20
5903.38 1.607222e-15 1e-20
5904.85 1.615791e-15 1e-20
5906.32 1.5776591e-15 1e-20
5907.79 1.5944029e-15 1e-20
5909.26 1.6319203e-15 1e-20
5910.73 1.6717204e-15 1e-20
5912.2 1.6451684e-15 1e-20
5913.67 1.6092165e-15 1e-20
5915.14 1.620576e-15 1e-20
5916.61 1.5835471e-15 1e-20
5918.08 1.6886264e-15 1e-20
5919.55 1.6710336e-15 1e-20
5921.02 1.6426758e-15 1e-20
5922.49 1.6465013e-15 1e-20
5923.96 1.638919e-15 1e-20
5925.43 1.6106057e-15 1e-20
5926.9 1.6228373e-15 1e-20
5928.37 1.6904925e-15 1e-20
5929.84 1.6926103e-15 1e-20
5931.31 1.6284118e-15 1e-20
5932.78 1.6603309e-15 1e-20
5934.25 1.6638414e-15 1e-20
5935.72 1.6410843e-15 1e-20
5937.19 1.6409957e-15 1e-20
5938.66 1.6351641e-15 1e-20
5940.13 1.6611181e-15 1e-20
5941.6 1.7073305e-15 1e-20
5943.07 1.6647069e-15 1e-20
5944.54 1.6088958e-15 1e-20
5946.01 1.6517746e-15 1e-20
5947.48 1.6806004e-15 1e-20
5948.95 1.6842911e-15 1e-20
5950.42 1.6514258e-15 1e-20
5951.89 1.6686125e-15 1e-20
5953.36 1.6440533e-15 1e-20
5954.83 1.7078844e-15 1e-20
5956.3 1.7480057e-15 1e-20
5957.77 1.7361356e-15 1e-20
5959.24 1.6747169e-15 1e-20
5960.71 1.6508163e-15 1e-20
5962.18 1.6895603e-15 1e-20
5963.65 1.6823801e-15 1e-20
5965.12 1.7079123e-15 1e-20
5966.59 1.7369182e-15 1e-20
5968.06 1.7131714e-15 1e-20
5969.53 1.6794233e-15 1e-20
5971.0 1.7022272e-15 1e-20
5972.47 1.7160395e-15 1e-20
5973.94 1.7393374e-15 1e-20
5975.41 1.7131054e-15 1e-20
5976.88 1.6735988e-15 1e-20
5978.35 1.6329337e-15 1e-20
5979.82 1.6461121e-15 1e-20
5981.29 1.6902741e-15 1e-20
5982.76 1.6899383e-15 1e-20
5984.23 1.7158942e-15 1e-20
5985.7 1.6526685e-15 1e-20
5987.17 1.510383e-15 1e-20
5988.64 1.4685138e-15 1e-20
5990.11 1.3927587e-15 1e-20
5991.58 1.4153891e-15 1e-20
5993.05 1.4774615e-15 1e-20
5994.52 1.5380698e-15 1e-20
5995.99 1.532708e-15 1e-20
5997.46 1.5303065e-15 1e-20
5998.93 1.5764004e-15 1e-20
6000.4 1.6464869e-15 1e-20
6001.87 1.6932678e-15 1e-20
6003.34 1.6712226e-15 1e-20
6004.81 1.6287737e-15 1e-20
6006.28 1.6271075e-15 1e-20
6007.75 1.6244526e-15 1e-20
6009.22 1.6241868e-15 1e-20
6010.69 1.6437414e-15 1e-20
6012.16 1.6282837e-15 1e-20
6013.63 1.6814727e-15 1e-20
6015.1 1.666911e-15 1e-20
6016.57 1.5979066e-15 1e-20
6018.04 1.5953789e-15 1e-20
6019.51 1.6322609e-15 1e-20
6020.98 1.7066108e-15 1e-20
6022.45 1.7053289e-15 1e-20
6023.92 1.6765461e-15 1e-20
6025.39 1.6948622e-15 1e-20
6026.86 1.689173e-15 1e-20
6028.33 1.7236117e-15 1e-20
6029.8 1.7057544e-15 1e-20
6031.27 1.6512643e-15 1e-20
6032.74 1.6790383e-15 1e-20
6034.21 1.6859624e-15 1e-20
6035.68 1.6599113e-15 1e-20
6037.15 1.6431082e-15 1e-20
6038.62 1.6454436e-15 1e-20
6040.09 1.6561537e-15 1e-20
6041.56 1.6256832e-15 1e-20
6043.03 1.6009572e-15 1e-20
6044.5 1.6392374e-15 1e-20
6045.97 1.7205337e-15 1e-20
6047.44 1.7444721e-15 1e-20
6048.91 1.6418179e-15 1e-20
6050.38 1.5877392e-15 1e-20
6051.85 1.6063421e-15 1e-20
6053.32 1.6512936e-15 1e-20
6054.79 1.6801977e-15 1e-20
6056.26 1.6280539e-15 1e-20
6057.73 1.6192895e-15 1e-20
6059.2 1.653679e-15 1e-20
6060.67 1.6486779e-15 1e-20
6062.14 1.6752887e-15 1e-20
6063.61 1.6868163e-15 1e-20
6065.08 1.6647712e-15 1e-20
6066.55 1.6879904e-15 1e-20
6068.02 1.6699905e-15 1e-20
6069.49 1.6313794e-15 1e-20
6070.96 1.6324298e-15 1e-20
6072.43 1.6312207e-15 1e-20
6073.9 1.6791009e-15 1e-20
6075.37 1.6740718e-15 1e-20
6076.84 1.6000059e-15 1e-20
6078.31 1.5622116e-15 1e-20
6079.78 1.6303095e-15 1e-20
6081.25 1.6623875e-15 1e-20
6082.72 1.6816299e-15 1e-20
6084.19 1.6415663e-15 1e-20
6085.66 1.6362385e-15 1e-20
6087.13 1.677327e-15 1e-20
6088.6 1.6556301e-15 1e-20
6090.07 1.5964079e-15 1e-20
6091.54 1.6393176e-15 1e-20
6093.01 1.6145076e-15 1e-20
6094.48 1.5772749e-15 1e-20
6095.95 1.5909554e-15 1e-20
6097.42 1.612238e-15 1e-20
6098.89 1.6286738e-15 1e-20
6100.36 1.6220102e-15 1e-20
6101.83 1.6156433e-15 1e-20
6103.3 1.6331027e-15 1e-20
6104.77 1.6079476e-15 1e-20
6106.24 1.619913e-15 1e-20
6107.71 1.5986241e-15 1e-20
6109.18 1.6000103e-15 1e-20
6110.65 1.5728388e-15 1e-20
6112.12 1.5272632e-15 1e-20
6113.59 1.5539844e-15 1e-20
6115.06 1.5724382e-15 1e-20
6116.53 1.5610775e-15 1e-20
6118.0 1.5235713e-15 1e-20
6119.47 1.536061e-15 1e-20
6120.94 1.5193553e-15 1e-20
6122.41 1.5411263e-15 1e-20
6123.88 1.5502903e-15 1e-20
6125.35 1.537325e-15 1e-20
6126.82 1.4989367e-15 1e-20
6128.29 1.5024694e-15 1e-20
6129.76 1.5257338e-15 1e-20
6131.23 1.4792643e-15 1e-20
6132.7 1.3891038e-15 1e-20
6134.17 1.3566869e-15 1e-20
6135.64 1.308967e-15 1e-20
6137.11 1.3587608e-15 1e-20
6138.58 1.3354861e-15 1e-20
6140.05 1.3181969e-15 1e-20
6141.52 1.2410855e-15 1e-20
6142.99 1.2760231e-15 1e-20
6144.46 1.2957946e-15 1e-20
6145.93 1.301814e-15 1e-20
6147.4 1.2618458e-15 1e-20
6148.87 1.2305603e-15 1e-20
6150.34 1.2284433e-15 1e-20
6151.81 1.2181239e-15 1e-20
6153.28 1.224077e-15 1e-20
6154.75 1.1726811e-15 1e-20
6156.22 1.1953158e-15 1e-20
6157.69 1.1521865e-15 1e-20
6159.16 1.1546746e-15 1e-20
6160.63 1.0940936e-15 1e-20
6162.1 1.0220315e-15 1e-20
6163.57 1.0734487e-15 1e-20
6165.04 1.1366339e-15 1e-20
6166.51 1.0270847e-15 1e-20
6167.98 1.0437994e-15 1e-20
6169.45 1.03072e-15 1e-20
6170.92 1.018494e-15 1e-20
6172.39 1.102747e-15 1e-20
6173.86 1.0461366e-15 1e-20
6175.33 9.8776305e-16 1e-20
6176.8 9.9232644e-16 1e-20
6178.27 1.0228486e-15 1e-20
6179.74 1.0050732e-15 1e-20
6181.21 9.5518267e-16 1e-20
6182.68 9.2585278e-16 1e-20
6184.15 8.7784481e-16 1e-20
6185.62 8.8576663e-16 1e-20
6187.09 8.8683206e-16 1e-20
6188.56 9.3099916e-16 1e-20
6190.03 9.6468949e-16 1e-20
6191.5 9.1348451e-16 1e-20
6192.97 8.7263352e-16 1e-20
6194.44 9.3900412e-16 1e-20
6195.91 9.8371077e-16 1e-20
6197.38 8.9281261e-16 1e-20
6198.85 8.6522341e-16 1e-20
6200.32 9.0478581e-16 1e-20
6201.79 9.1694605e-16 1e-20
6203.26 9.0036654e-16 1e-20
6204.73 8.5276204e-16 1e-20
6206.2 8.44863e-16 1e-20
6207.67 8.7202054e-16 1e-20
6209.14 8.8409084e-16 1e-20
6210.61 8.3990854e-16 1e-20
6212.08 8.4042132e-16 1e-20
6213.55 8.6874068e-16 1e-20
6215.02 8.4562832e-16 1e-20
6216.49 8.4808397e-16 1e-20
6217.96 8.6039096e-16 1e-20
6219.43 8.5016996e-16 1e-20
6220.9 8.5522223e-16 1e-20
6222.37 8.7592024e-16 1e-20
6223.84 9.0316367e-16 1e-20
6225.31 8.8645244e-16 1e-20
6226.78 8.6386609e-16 1e-20
6228.25 8.506999e-16 1e-20
6229.72 8.1210452e-16 1e-20
6231.19 8.1933296e-16 1e-20
6232.66 8.528778e-16 1e-20
6234.13 8.8154763e-16 1e-20
6235.6 9.0508562e-16 1e-20
6237.07 9.0066838e-16 1e-20
6238.54 8.6696869e-16 1e-20
6240.01 8.5103214e-16 1e-20
6241.48 8.7472785e-16 1e-20
6242.95 8.7497717e-16 1e-20
6244.42 8.5401011e-16 1e-20
6245.89 8.1719482e-16 1e-20
6247.36 8.3545256e-16 1e-20
6248.83 9.2050785e-16 1e-20
6250.3 9.1844267e-16 1e-20
6251.77 8.9422357e-16 1e-20
6253.24 8.8057476e-16 1e-20
6254.71 8.6145723e-16 1e-20
6256.18 8.6369324e-16 1e-20
6257.65 8.9630711e-16 1e-20
6259.12 9.1294521e-16 1e-20
6260.59 9.6180475e-16 1e-20
6262.06 9.2173475e-16 1e-20
6263.53 9.0608048e-16 1e-20
6265.0 8.759588e-16 1e-20
6266.47 8.4851623e-16 1e-20
6267.94 9.1004288e-16 1e-20
6269.41 9.0313756e-16 1e-20
6270.88 8.746618e-16 1e-20
6272.35 9.1461003e-16 1e-20
6273.82 9.4433397e-16 1e-20
6275.29 9.5941114e-16 1e-20
6276.76 9.0125245e-16 1e-20
6278.23 9.0614635e-16 1e-20
6279.7 9.638781e-16 1e-20
6281.17 9.6443957e-16 1e-20
6282.64 9.9523973e-16 1e-20
6284.11 9.8995316e-16 1e-20
6285.58 1.0217085e-15 1e-20
6287.05 9.7800171e-16 1e-20
6288.52 9.8899645e-16 1e-20
6289.99 1.0631303e-15 1e-20
6291.46 1.0259458e-15 1e-20
6292.93 1.0362153e-15 1e-20
6294.4 1.0182244e-15 1e-20
6295.87 1.0323575e-15 1e-20
6297.34 1.0540204e-15 1e-20
6298.81 1.0816855e-15 1e-20
6300.28 1.1215611e-15 1e-20
6301.75 1.1083076e-15 1e-20
6303.22 1.1189607e-15 1e-20
6304.69 1.1389523e-15 1e-20
6306.16 1.1756654e-15 1e-20
6307.63 1.1252605e-15 1e-20
6309.1 1.1378078e-15 1e-20
6310.57 1.1923134e-15 1e-20
6312.04 1.1712556e-15 1e-20
6313.51 1.1342667e-15 1e-20
6314.98 1.1596512e-15 1e-20
6316.45 1.2601635e-15 1e-20
6317.92 1.2207351e-15 1e-20
6319.39 1.196066e-15 1e-20
6320.86 1.1979868e-15 1e-20
6322.33 1.1834772e-15 1e-20
6323.8 1.2309088e-15 1e-20
6325.27 1.2411209e-15 1e-20
6326.74 1.2619705e-15 1e-20
6328.21 1.2674888e-15 1e-20
6329.68 1.2705269e-15 1e-20
6331.15 1.2576621e-15 1e-20
6332.62 1.2717208e-15 1e-20
6334.09 1.2646177e-15 1e-20
6335.56 1.2441683e-15 1e-20
6337.03 1.2665784e-15 1e-20
6338.5 1.267957e-15 1e-20
6339.97 1.3163381e-15 1e-20
6341.44 1.321825e-15 1e-20
6342.91 1.3213587e-15 1e-20
6344.38 1.322771e-15 1e-20
6345.85 1.3275707e-15 1e-20
6347.32 1.3618323e-15 1e-20
6348.79 1.3867309e-15 1e-20
6350.26 1.394974e-15 1e-20
6351.73 1.3129308e-15 1e-20
6353.2 1.3286631e-15 1e-20
6354.67 1.4134134e-15 1e-20
6356.14 1.3956374e-15 1e-20
6357.61 1.3814626e-15 1e-20
6359.08 1.3763044e-15 1e-20
6360.55 1.4125979e-15 1e-20
6362.02 1.3167711e-15 1e-20
6363.49 1.4094539e-15 1e-20
6364.96 1.4665647e-15 1e-20
6366.43 1.3913358e-15 1e-20
6367.9 1.3981525e-15 1e-20
6369.37 1.4843626e-15 1e-20
6370.84 1.4379385e-15 1e-20
6372.31 1.409397e-15 1e-20
6373.78 1.4672551e-15 1e-20
6375.25 1.4841613e-15 1e-20
6376.72 1.4925643e-15 1e-20
6378.19 1.496489e-15 1e-20
6379.66 1.5059437e-15 1e-20
6381.13 1.5230801e-15 1e-20
6382.6 1.4754559e-15 1e-20
6384.07 1.4944673e-15 1e-20
6385.54 1.4968872e-15 1e-20
6387.01 1.4768393e-15 1e-20
6388.48 1.4967461e-15 1e-20
6389.95 1.4912435e-15 1e-20
6391.42 1.5070761e-15 1e-20
6392.89 1.48431e-15 1e-20
6394.36 1.5065342e-15 1e-20
6395.83 1.5085478e-15 1e-20
6397.3 1.4894732e-15 1e-20
6398.77 1.5261805e-15 1e-20
6400.24 1.5141312e-15 1e-20
6401.71 1.5054072e-15 1e-20
6403.18 1.5233008e-15 1e-20
6404.65 1.5365751e-15 1e-20
6406.12 1.574284e-15 1e-20
6407.59 1.6090783e-15 1e-20
6409.06 1.602172e-15 1e-20
6410.53 1.5654675e-15 1e-20
6412.0 1.5447499e-15 1e-20
6413.47 1.560966e-15 1e-20
6414.94 1.5982835e-15 1e-20
6416.41 1.6017568e-15 1e-20
6417.88 1.5490124e-15 1e-20
6419.35 1.5448297e-15 1e-20
6420.82 1.5849463e-15 1e-20
6422.29 1.5928289e-15 1e-20
6423.76 1.5788172e-15 1e-20
6425.23 1.5379109e-15 1e-20
6426.7 1.5237129e-15 1e-20
6428.17 1.5554079e-15 1e-20
6429.64 1.5927199e-15 1e-20
6431.11 1.5679729e-15 1e-20
6432.58 1.5103565e-15 1e-20
6434.05 1.5205692e-15 1e-20
6435.52 1.5452394e-15 1e-20
6436.99 1.550482e-15 1e-20
6438.46 1.533867e-15 1e-20
6439.93 1.5590411e-15 1e-20
6441.4 1.5799642e-15 1e-20
6442.87 1.5601681e-15 1e-20
6444.34 1.5993781e-15 1e-20
6445.81 1.5936332e-15 1e-20
6447.28 1.5228539e-15 1e-20
6448.75 1.5142741e-15 1e-20
6450.22 1.5521432e-15 1e-20
6451.69 1.5860685e-15 1e-20
6453.16 1.5923647e-15 1e-20
6454.63 1.5550792e-15 1e-20
6456.1 1.5628181e-15 1e-20
6457.57 1.5689043e-15 1e-20
6459.04 1.567989e-15 1e-20
6460.51 1.5568274e-15 1e-20
6461.98 1.535296e-15 1e-20
6463.45 1.5423573e-15 1e-20
6464.92 1.5175946e-15 1e-20
6466.39 1.4946175e-15 1e-20
6467.86 1.5093361e-15 1e-20
6469.33 1.5397229e-15 1e-20
6470.8 1.5176293e-15 1e-20
6472.27 1.5541251e-15 1e-20
6473.74 1.5294213e-15 1e-20
6475.21 1.5083311e-15 1e-20
6476.68 1.5134777e-15 1e-20
6478.15 1.5458606e-15 1e-20
6479.62 1.5796375e-15 1e-20
6481.09 1.5788372e-15 1e-20
6482.56 1.541461e-15 1e-20
6484.03 1.5455328e-15 1e-20
6485.5 1.5505618e-15 1e-20
6486.97 1.5157189e-15 1e-20
6488.44 1.520004e-15 1e-20
6489.91 1.5675474e-15 1e-20
6491.38 1.4991317e-15 1e-20
6492.85 1.4902992e-15 1e-20
6494.32 1.5354724e-15 1e-20
6495.79 1.5213158e-15 1e-20
6497.26 1.4968489e-15 1e-20
6498.73 1.4669728e-15 1e-20
6500.2 1.4753891e-15 1e-20
6501.67 1.5099685e-15 1e-20
6503.14 1.5333915e-15 1e-20
6504.61 1.5337014e-15 1e-20
6506.08 1.5364857e-15 1e-20
6507.55 1.4900929e-15 1e-20
6509.02 1.4893904e-15 1e-20
6510.49 1.5118737e-15 1e-20
6511.96 1.5270778e-15 1e-20
6513.43 1.5431141e-15 1e-20
6514.9 1.5235374e-15 1e-20
6516.37 1.4576873e-15 1e-20
6517.84 1.4232359e-15 1e-20
6519.31 1.4735768e-15 1e-20
6520.78 1.510507e-15 1e-20
6522.25 1.4293363e-15 1e-20
6523.72 1.4639016e-15 1e-20
6525.19 1.507663e-15 1e-20
6526.66 1.4775147e-15 1e-20
6528.13 1.459996e-15 1e-20
6529.6 1.4650891e-15 1e-20
6531.07 1.4642509e-15 1e-20
6532.54 1.5408399e-15 1e-20
6534.01 1.54511e-15 1e-20
6535.48 1.5177418e-15 1e-20
6536.95 1.49475e-15 1e-20
6538.42 1.4291676e-15 1e-20
6539.89 1.4121284e-15 1e-20
6541.36 1.4674484e-15 1e-20
6542.83 1.5129168e-15 1e-20
6544.3 1.4972756e-15 1e-20
6545.77 1.4613701e-15 1e-20
6547.24 1.4095811e-15 1e-20
6548.71 1.4375607e-15 1e-20
6550.18 1.4343494e-15 1e-20
6551.65 1.4817494e-15 1e-20
6553.12 1.5445104e-15 1e-20
6554.59 1.5242311e-15 1e-20
6556.06 1.4197574e-15 1e-20
6557.53 1.4442443e-15 1e-20
6559.0 1.4584923e-15 1e-20
6560.47 1.4612348e-15 1e-20
6561.94 1.4958309e-15 1e-20
6563.41 1.5164669e-15 1e-20
6564.88 1.464623e-15 1e-20
6566.35 1.4519247e-15 1e-20
6567.82 1.4446571e-15 1e-20
6569.29 1.4126177e-15 1e-20
6570.76 1.3830822e-15 1e-20
6572.23 1.3702258e-15 1e-20
6573.7 1.3870566e-15 1e-20
6575.17 1.4024873e-15 1e-20
6576.64 1.4486489e-15 1e-20
6578.11 1.3578634e-15 1e-20
6579.58 1.3559254e-15 1e-20
6581.05 1.4189267e-15 1e-20
6582.52 1.4110975e-15 1e-20
6583.99 1.4151664e-15 1e-20
6585.46 1.4054689e-15 1e-20
6586.93 1.400417e-15 1e-20
6588.4 1.411985e-15 1e-20
6589.87 1.4131331e-15 1e-20
6591.34 1.4449457e-15 1e-20
6592.81 1.4468473e-15 1e-20
6594.28 1.4063317e-15 1e-20
6595.75 1.4212754e-15 1e-20
6597.22 1.396685e-15 1e-20
6598.69 1.3665328e-15 1e-20
6600.16 1.3595499e-15 1e-20
6601.63 1.3279319e-15 1e-20
6603.1 1.3510618e-15 1e-20
6604.57 1.3589658e-15 1e-20
6606.04 1.3121114e-15 1e-20
6607.51 1.2847809e-15 1e-20
6608.98 1.2714196e-15 1e-20
6610.45 1.2733403e-15 1e-20
6611.92 1.3188142e-15 1e-20
6613.39 1.4135933e-15 1e-20
6614.86 1.4095552e-15 1e-20
6616.33 1.3678511e-15 1e-20
6617.8 1.3552324e-15 1e-20
6619.27 1.3132789e-15 1e-20
6620.74 1.3118006e-15 1e-20
6622.21 1.3490615e-15 1e-20
6623.68 1.3694824e-15 1e-20
6625.15 1.3450269e-15 1e-20
6626.62 1.3371204e-15 1e-20
6628.09 1.3192813e-15 1e-20
6629.56 1.2983981e-15 1e-20
6631.03 1.3365101e-15 1e-20
6632.5 1.3589551e-15 1e-20
6633.97 1.3512686e-15 1e-20
6635.44 1.3568383e-15 1e-20
6636.91 1.3438046e-15 1e-20
6638.38 1.3419292e-15 1e-20
6639.85 1.3651252e-15 1e-20
6641.32 1.3212318e-15 1e-20
6642.79 1.2670963e-15 1e-20
6644.26 1.3062321e-15 1e-20
6645.73 1.3252524e-15 1e-20
6647.2 1.3201692e-15 1e-20
6648.67 1.3130344e-15 1e-20
6650.14 1.2829465e-15 1e-20
6651.61 1.2861459e-15 1e-20
6653.08 1.3097234e-15 1e-20
6654.55 1.3242986e-15 1e-20
6656.02 1.3785495e-15 1e-20
6657.49 1.3769106e-15 1e-20
6658.96 1.4361461e-15 1e-20
6660.43 1.4312994e-15 1e-20
6661.9 1.4015242e-15 1e-20
6663.37 1.3853263e-15 1e-20
6664.84 1.3514125e-15 1e-20
6666.31 1.2823774e-15 1e-20
6667.78 1.3213897e-15 1e-20
6669.25 1.3613511e-15 1e-20
6670.72 1.4723781e-15 1e-20
6672.19 1.6779156e-15 1e-20
6673.66 1.9153605e-15 1e-20
6675.13 1.8847208e-15 1e-20
6676.6 1.6759627e-15 1e-20
6678.07 1.4826283e-15 1e-20
6679.54 1.3669494e-15 1e-20
6681.01 1.2815573e-15 1e-20
6682.48 1.2122349e-15 1e-20
6683.95 1.2249625e-15 1e-20
6685.42 1.2509758e-15 1e-20
6686.89 1.2351134e-15 1e-20
6688.36 1.2892352e-15 1e-20
6689.83 1.3305161e-15 1e-20
6691.3 1.3250173e-15 1e-20
6692.77 1.4502547e-15 1e-20
6694.24 1.605606e-15 1e-20
6695.71 1.6506858e-15 1e-20
6697.18 1.649768e-15 1e-20
6698.65 1.5290453e-15 1e-20
6700.12 1.3845881e-15 1e-20
6701.59 1.3202122e-15 1e-20
6703.06 1.3333689e-15 1e-20
6704.53 1.2977558e-15 1e-20
6706.0 1.29006e-15 1e-20
6707.47 1.2986486e-15 1e-20
6708.94 1.2560122e-15 1e-20
6710.41 1.2308762e-15 1e-20
6711.88 1.2383697e-15 1e-20
6713.35 1.250831e-15 1e-20
6714.82 1.2244262e-15 1e-20
6716.29 1.2360523e-15 1e-20
6717.76 1.227386e-15 1e-20
6719.23 1.2163798e-15 1e-20
6720.7 1.2208934e-15 1e-20
6722.17 1.1960424e-15 1e-20
6723.64 1.2285602e-15 1e-20
6725.11 1.2745973e-15 1e-20
6726.58 1.2550982e-15 1e-20
6728.05 1.2229537e-15 1e-20
6729.52 1.2450385e-15 1e-20
6730.99 1.253792e-15 1e-20
6732.46 1.2219609e-15 1e-20
6733.93 1.1922476e-15 1e-20
6735.4 1.1894066e-15 1e-20
6736.87 1.238368e-15 1e-20
6738.34 1.306088e-15 1e-20
6739.81 1.2564628e-15 1e-20
6741.28 1.2451279e-15 1e-20
6742.75 1.2219199e-15 1e-20
6744.22 1.1885999e-15 1e-20
6745.69 1.1288065e-15 1e-20
6747.16 1.1825213e-15 1e-20
6748.63 1.2591132e-15 1e-20
6750.1 1.2602866e-15 1e-20
6751.57 1.2483339e-15 1e-20
6753.04 1.2016771e-15 1e-20
6754.51 1.1971107e-15 1e-20
6755.98 1.1736215e-15 1e-20
6757.45 1.1675029e-15 1e-20
6758.92 1.1599828e-15 1e-20
6760.39 1.1565735e-15 1e-20
6761.86 1.1852524e-15 1e-20
6763.33 1.1723533e-15 1e-20
6764.8 1.184419e-15 1e-20
6766.27 1.2068696e-15 1e-20
6767.74 1.2173393e-15 1e-20
6769.21 1.2504822e-15 1e-20
6770.68 1.2125591e-15 1e-20
6772.15 1.1831021e-15 1e-20
6773.62 1.2211874e-15 1e-20
6775.09 1.2416643e-15 1e-20
6776.56 1.2310804e-15 1e-20
6778.03 1.1481552e-15 1e-20
6779.5 1.1636838e-15 1e-20
6780.97 1.2143911e-15 1e-20
6782.44 1.2023911e-15 1e-20
6783.91 1.1777253e-15 1e-20
6785.38 1.1655219e-15 1e-20
6786.85 1.1536696e-15 1e-20
6788.32 1.1432332e-15 1e-20
6789.79 1.1573581e-15 1e-20
6791.26 1.1870135e-15 1e-20
6792.73 1.1631166e-15 1e-20
6794.2 1.1632314e-15 1e-20
6795.67 1.1596828e-15 1e-20
6797.14 1.1201319e-15 1e-20
6798.61 1.0987381e-15 1e-20
6800.08 1.1184367e-15 1e-20
6801.55 1.1206261e-15 1e-20
6803.02 1.1114182e-15 1e-20
6804.49 1.1089755e-15 1e-20
6805.96 1.1431026e-15 1e-20
6807.43 1.1522017e-15 1e-20
6808.9 1.1191146e-15 1e-20
6810.37 1.1469854e-15 1e-20
6811.84 1.1506062e-15 1e-20
6813.31 1.1390555e-15 1e-20
6814.78 1.1649506e-15 1e-20
6816.25 1.17463e-15 1e-20
6817.72 1.1374575e-15 1e-20
6819.19 1.1262666e-15 1e-20
6820.66 1.2029246e-15 1e-20
6822.13 1.1925808e-15 1e-20
6823.6 1.1361103e-15 1e-20
6825.07 1.1492263e-15 1e-20
6826.54 1.1921583e-15 1e-20
6828.01 1.3011359e-15 1e-20
6829.48 1.3468047e-15 1e-20
6830.95 1.2838088e-15 1e-20
6832.42 1.2323005e-15 1e-20
6833.89 1.2474147e-15 1e-20
6835.36 1.1980457e-15 1e-20
6836.83 1.1551692e-15 1e-20
6838.3 1.1416893e-15 1e-20
6839.77 1.1046205e-15 1e-20
6841.24 1.1342312e-15 1e-20
6842.71 1.228102e-15 1e-20
6844.18 1.2699021e-15 1e-20
6845.65 1.260424e-15 1e-20
6847.12 1.2748046e-15 1e-20
6848.59 1.2212811e-15 1e-20
6850.06 1.1534162e-15 1e-20
6851.53 1.1301848e-15 1e-20
6853.0 1.1294551e-15 1e-20
6854.47 1.1198827e-15 1e-20
6855.94 1.120724e-15 1e-20
6857.41 1.1480118e-15 1e-20
6858.88 1.1691976e-15 1e-20
6860.35 1.1525774e-15 1e-20
6861.82 1.1242135e-15 1e-20
6863.29 1.104001e-15 1e-20
6864.76 1.0882924e-15 1e-20
6866.23 1.0941626e-15 1e-20
6867.7 1.1100827e-15 1e-20
6869.17 1.098099e-15 1e-20
6870.64 1.1386776e-15 1e-20
6872.11 1.1569726e-15 1e-20
6873.58 1.0590136e-15 1e-20
6875.05 1.0651224e-15 1e-20
6876.52 1.1021266e-15 1e-20
6877.99 1.0794109e-15 1e-20
6879.46 1.1114763e-15 1e-20
6880.93 1.108285e-15 1e-20
6882.4 1.0807906e-15 1e-20
6883.87 1.1036632e-15 1e-20
6885.34 1.1067346e-15 1e-20
6886.81 1.0700758e-15 1e-20
6888.28 1.1386232e-15 1e-20
6889.75 1.1422142e-15 1e-20
6891.22 1.0717106e-15 1e-20
6892.69 1.0300187e-15 1e-20
6894.16 1.0343112e-15 1e-20
6895.63 1.0782562e-15 1e-20
6897.1 1.1025486e-15 1e-20
6898.57 1.054536e-15 1e-20
6900.04 1.0677876e-15 1e-20
6901.51 1.0399234e-15 1e-20
6902.98 1.0644959e-15 1e-20
6904.45 1.1063074e-15 1e-20
6905.92 1.0806016e-15 1e-20
6907.39 1.0715985e-15 1e-20
6908.86 1.0681902e-15 1e-20
6910.33 1.0759964e-15 1e-20
6911.8 1.0732399e-15 1e-20
6913.27 1.0865606e-15 1e-20
6914.74 1.0947224e-15 1e-20
6916.21 1.1223006e-15 1e-20
6917.68 1.0900168e-15 1e-20
6919.15 1.058851e-15 1e-20
6920.62 1.0528604e-15 1e-20
6922.09 1.0853621e-15 1e-20
6923.56 1.1206377e-15 1e-20
6925.03 1.0946321e-15 1e-20
6926.5 1.0578947e-15 1e-20
6927.97 1.0388789e-15 1e-20
6929.44 1.0420668e-15 1e-20
6930.91 1.0392237e-15 1e-20
6932.38 1.0760956e-15 1e-20
6933.85 1.1178061e-15 1e-20
6935.32 1.0838926e-15 1e-20
6936.79 1.019498e-15 1e-20
6938.26 1.0487316e-15 1e-20
6939.73 1.0328526e-15 1e-20
6941.2 1.0354304e-15 1e-20
6942.67 1.0912287e-15 1e-20
6944.14 1.1171582e-15 1e-20
6945.61 1.1189387e-15 1e-20
6947.08 1.1028887e-15 1e-20
6948.55 1.0677222e-15 1e-20
6950.02 1.0725598e-15 1e-20
6951.49 1.1002817e-15 1e-20
6952.96 1.0851531e-15 1e-20
6954.43 1.0943749e-15 1e-20
6955.9 1.0790037e-15 1e-20
6957.37 1.0815481e-15 1e-20
6958.84 1.0214449e-15 1e-20
6960.31 1.0342692e-15 1e-20
6961.78 1.0659546e-15 1e-20
6963.25 1.071247e-15 1e-20
6964.72 1.0839808e-15 1e-20
6966.19 1.0494194e-15 1e-20
6967.66 1.0424441e-15 1e-20
6969.13 1.1028109e-15 1e-20
6970.6 1.0628436e-15 1e-20
6972.07 1.0769258e-15 1e-20
6973.54 1.0570827e-15 1e-20
6975.01 1.0337511e-15 1e-20
6976.48 1.0458626e-15 1e-20
6977.95 1.0535153e-15 1e-20
6979.42 1.0634723e-15 1e-20
6980.89 1.0733169e-15 1e-20
6982.36 1.0719352e-15 1e-20
6983.83 1.0519642e-15 1e-20
6985.3 1.0330251e-15 1e-20
6986.77 1.065606e-15 1e-20
6988.24 1.0415559e-15 1e-20
6989.71 1.0147445e-15 1e-20
6991.18 1.0448655e-15 1e-20
6992.65 1.0532736e-15 1e-20
6994.12 1.080992e-15 1e-20
6995.59 1.0257169e-15 1e-20
6997.06 1.0213935e-15 1e-20
6998.53 1.0641866e-15 1e-20
7000.0 1.0260245e-15 1e-20
7001.47 1.0753405e-15 1e-20
7002.94 1.0931315e-15 1e-20
7004.41 1.0892708e-15 1e-20
7005.88 1.0576185e-15 1e-20
7007.35 1.0492913e-15 1e-20
7008.82 1.043487e-15 1e-20
7010.29 1.0376828e-15 1e-20
7011.76 1.0318786e-15 1e-20
7013.23 1.0260744e-15 1e-20
7014.7 1.0260744e-15 1e-20
7016.17 1.0508555e-15 1e-20
7017.64 1.0854336e-15 1e-20
7019.11 1.0562001e-15 1e-20
7020.58 1.0641935e-15 1e-20
7022.05 1.0633953e-15 1e-20
7023.52 1.0481384e-15 1e-20
7024.99 1.0400658e-15 1e-20
7026.46 1.04574e-15 1e-20
7027.93 1.0332586e-15 1e-20
7029.4 1.0311232e-15 1e-20
7030.87 1.0639812e-15 1e-20
7032.34 1.015186e-15 1e-20
7033.81 9.980219e-16 1e-20
7035.28 1.0195096e-15 1e-20
7036.75 1.0404673e-15 1e-20
7038.22 1.0635248e-15 1e-20
7039.69 1.0126165e-15 1e-20
7041.16 1.0240587e-15 1e-20
7042.63 1.022764e-15 1e-20
7044.1 9.9986994e-16 1e-20
7045.57 1.040031e-15 1e-20
7047.04 1.0580035e-15 1e-20
7048.51 1.0248222e-15 1e-20
7049.98 9.9940091e-16 1e-20
7051.45 9.8698682e-16 1e-20
7052.92 9.789272e-16 1e-20
7054.39 1.016747e-15 1e-20
7055.86 1.0048941e-15 1e-20
7057.33 9.6124822e-16 1e-20
7058.8 1.010244e-15 1e-20
7060.27 1.0165354e-15 1e-20
7061.74 9.7892827e-16 1e-20
7063.21 9.9548805e-16 1e-20
7064.68 1.013087e-15 1e-20
7066.15 1.0474626e-15 1e-20
7067.62 1.0012763e-15 1e-20
7069.09 9.7776842e-16 1e-20
7070.56 1.0411814e-15 1e-20
7072.03 1.0469577e-15 1e-20
7073.5 1.0269703e-15 1e-20
7074.97 1.0140527e-15 1e-20
7076.44 9.9214005e-16 1e-20
7077.91 9.9118143e-16 1e-20
7079.38 1.0059946e-15 1e-20
7080.85 1.03377e-15 1e-20
7082.32 1.009464e-15 1e-20
7083.79 9.7553426e-16 1e-20
7085.26 9.8286587e-16 1e-20
7086.73 9.9267584e-16 1e-20
7088.2 1.0390347e-15 1e-20
7089.67 1.0273243e-15 1e-20
7091.14 9.7997421e-16 1e-20
7092.61 9.7517735e-16 1e-20
7094.08 1.0300786e-15 1e-20
7095.55 1.0280585e-15 1e-20
7097.02 9.9773872e-16 1e-20
7098.49 1.0045829e-15 1e-20
7099.96 1.0217623e-15 1e-20
7101.43 1.0388881e-15 1e-20
7102.9 1.0678073e-15 1e-20
7104.37 1.0754431e-15 1e-20
7105.84 1.0752555e-15 1e-20
7107.31 1.0497339e-15 1e-20
7108.78 9.9334294e-16 1e-20
7110.25 9.8773038e-16 1e-20
7111.72 1.0103854e-15 1e-20
7113.19 1.0040354e-15 1e-20
7114.66 9.9870062e-16 1e-20
7116.13 9.5875496e-16 1e-20
7117.6 9.7223628e-16 1e-20
7119.07 1.021034e-15 1e-20
7120.54 1.0157396e-15 1e-20
7122.01 1.0251693e-15 1e-20
7123.48 1.01714e-15 1e-20
7124.95 1.0092022e-15 1e-20
7126.42 1.0139618e-15 1e-20
7127.89 1.0242134e-15 1e-20
7129.36 1.0651268e-15 1e-20
7130.83 1.0646317e-15 1e-20
7132.3 1.0334715e-15 1e-20
7133.77 1.029143e-15 1e-20
7135.24 1.0499898e-15 1e-20
7136.71 1.0362942e-15 1e-20
7138.18 9.9211323e-16 1e-20
7139.65 9.8400903e-16 1e-20
7141.12 1.0311617e-15 1e-20
7142.59 1.0752205e-15 1e-20
7144.06 1.0038173e-15 1e-20
7145.53 9.6636319e-16 1e-20
7147.0 1.0014964e-15 1e-20
7148.47 1.0063567e-15 1e-20
7149.94 1.029246e-15 1e-20
7151.41 1.0331542e-15 1e-20
7152.88 1.0183904e-15 1e-20
7154.35 9.8615777e-16 1e-20
7155.82 9.6020681e-16 1e-20
7157.29 9.8959792e-16 1e-20
7158.76 1.0339431e-15 1e-20
7160.23 1.0224503e-15 1e-20
7161.7 1.0021067e-15 1e-20
7163.17 1.0005517e-15 1e-20
7164.64 1.0041896e-15 1e-20
7166.11 1.0956863e-15 1e-20
7167.58 1.1080793e-15 1e-20
7169.05 1.0010254e-15 1e-20
7170.52 9.6704859e-16 1e-20
7171.99 1.047168e-15 1e-20
7173.46 1.0478684e-15 1e-20
7174.93 1.0292308e-15 1e-20
7176.4 9.7115773e-16 1e-20
7177.87 9.3075073e-16 1e-20
7179.34 9.8320377e-16 1e-20
7180.81 9.8812759e-16 1e-20
7182.28 9.6652603e-16 1e-20
7183.75 9.4133902e-16 1e-20
7185.22 9.5040029e-16 1e-20
7186.69 9.8344076e-16 1e-20
7188.16 9.8997867e-16 1e-20
7189.63 9.1460395e-16 1e-20
7191.1 9.0796703e-16 1e-20
7192.57 9.2930329e-16 1e-20
7194.04 9.4010502e-16 1e-20
7195.51 9.7815794e-16 1e-20
7196.98 9.8801386e-16 1e-20
7198.45 1.0065862e-15 1e-20
7199.92 1.0277791e-15 1e-20
7201.39 1.0453635e-15 1e-20
7202.86 1.0234256e-15 1e-20
7204.33 9.8092204e-16 1e-20
7205.8 9.5270401e-16 1e-20
7207.27 9.4600904e-16 1e-20
7208.74 9.7863406e-16 1e-20
7210.21 1.0229347e-15 1e-20
7211.68 9.5948476e-16 1e-20
7213.15 9.2682916e-16 1e-20
7214.62 9.6156353e-16 1e-20
7216.09 9.7058225e-16 1e-20
7217.56 9.5105255e-16 1e-20
7219.03 9.6496773e-16 1e-20
7220.5 9.7020429e-16 1e-20
7221.97 9.4616747e-16 1e-20
7223.44 9.4840509e-16 1e-20
7224.91 9.3446428e-16 1e-20
7226.38 9.2893726e-16 1e-20
7227.85 9.3304372e-16 1e-20
7229.32 9.5304346e-16 1e-20
7230.79 9.910233e-16 1e-20
7232.26 1.0142982e-15 1e-20
7233.73 1.0301064e-15 1e-20
7235.2 1.0103568e-15 1e-20
7236.67 9.9155807e-16 1e-20
7238.14 9.9358451e-16 1e-20
7239.61 9.6621764e-16 1e-20
7241.08 9.9136019e-16 1e-20
7242.55 9.7788203e-16 1e-20
7244.02 9.665513e-16 1e-20
7245.49 9.7987562e-16 1e-20
7246.96 9.3291783e-16 1e-20
7248.43 9.4914907e-16 1e-20
7249.9 9.3198258e-16 1e-20
7251.37 9.2423713e-16 1e-20
7252.84 9.7935706e-16 1e-20
7254.31 9.3939519e-16 1e-20
7255.78 9.0563405e-16 1e-20
7257.25 9.7791183e-16 1e-20
7258.72 9.5694518e-16 1e-20
7260.19 9.5619291e-16 1e-20
7261.66 9.7881973e-16 1e-20
7263.13 9.3236387e-16 1e-20
7264.6 9.5104384e-16 1e-20
7266.07 9.035309e-16 1e-20
7267.54 8.6930221e-16 1e-20
7269.01 8.9989871e-16 1e-20
7270.48 9.3810523e-16 1e-20
7271.95 9.5938551e-16 1e-20
7273.42 1.0154517e-15 1e-20
7274.89 1.0638695e-15 1e-20
7276.36 1.0627179e-15 1e-20
7277.83 9.949944e-16 1e-20
7279.3 9.2915672e-16 1e-20
7280.77 9.4505793e-16 1e-20
7282.24 9.4201601e-16 1e-20
7283.71 9.6202624e-16 1e-20
7285.18 9.9220014e-16 1e-20
7286.65 1.0169986e-15 1e-20
7288.12 1.0153178e-15 1e-20
7289.59 1.0084301e-15 1e-20
7291.06 9.4285822e-16 1e-20
7292.53 9.5319104e-16 1e-20
7294.0 9.8162103e-16 1e-20
7295.47 9.7159934e-16 1e-20
7296.94 9.3432087e-16 1e-20
7298.41 9.300015e-16 1e-20
7299.88 9.3735451e-16 1e-20
7301.35 9.5257932e-16 1e-20
7302.82 9.2835814e-16 1e-20
7304.29 8.481912e-16 1e-20
7305.76 8.306644e-16 1e-20
7307.23 8.9316851e-16 1e-20
7308.7 9.6679491e-16 1e-20
7310.17 9.4732326e-16 1e-20
7311.64 9.0392399e-16 1e-20
7313.11 9.6780443e-16 1e-20
7314.58 9.7154802e-16 1e-20
7316.05 9.5827121e-16 1e-20
7317.52 9.875111e-16 1e-20
7318.99 1.0143114e-15 1e-20
7320.46 9.5369846e-16 1e-20
7321.93 9.3588066e-16 1e-20
7323.4 9.1212642e-16 1e-20
7324.87 9.4333988e-16 1e-20
7326.34 1.0042868e-15 1e-20
7327.81 9.6202326e-16 1e-20
7329.28 9.5346212e-16 1e-20
7330.75 9.2109585e-16 1e-20
7332.22 9.3083847e-16 1e-20
7333.69 9.7790068e-16 1e-20
7335.16 9.1929996e-16 1e-20
7336.63 9.195416e-16 1e-20
7338.1 9.733814e-16 1e-20
7339.57 9.6856928e-16 1e-20
7341.04 9.9710429e-16 1e-20
7342.51 9.8960298e-16 1e-20
7343.98 9.6071023e-16 1e-20
7345.45 9.4514978e-16 1e-20
7346.92 9.6164185e-16 1e-20
7348.39 9.7713083e-16 1e-20
7349.86 9.4519609e-16 1e-20
7351.33 9.7082305e-16 1e-20
7352.8 1.029074e-15 1e-20
7354.27 9.9991393e-16 1e-20
7355.74 1.0422676e-15 1e-20
7357.21 9.9969327e-16 1e-20
7358.68 9.6121621e-16 1e-20
7360.15 1.0077736e-15 1e-20
7361.62 9.7370899e-16 1e-20
7363.09 9.673366e-16 1e-20
7364.56 9.5111793e-16 1e-20
7366.03 9.6189946e-16 1e-20
7367.5 9.623242e-16 1e-20
7368.97 1.0042167e-15 1e-20
7370.44 9.4835144e-16 1e-20
7371.91 8.9721137e-16 1e-20
7373.38 9.4329381e-16 1e-20
7374.85 9.3040907e-16 1e-20
7376.32 9.4615793e-16 1e-20
7377.79 9.6905553e-16 1e-20
7379.26 9.2021698e-16 1e-20
7380.73 9.3558729e-16 1e-20
7382.2 9.7230339e-16 1e-20
7383.67 9.8834795e-16 1e-20
7385.14 1.0227784e-15 1e-20
7386.61 9.6707225e-16 1e-20
7388.08 9.7254431e-16 1e-20
7389.55 9.6365994e-16 1e-20
7391.02 9.413715e-16 1e-20
7392.49 9.3289644e-16 1e-20
7393.96 9.3355286e-16 1e-20
7395.43 9.7026658e-16 1e-20
7396.9 9.6105045e-16 1e-20
7398.37 9.8218542e-16 1e-20
7399.84 9.6885413e-16 1e-20
7401.31 9.5240486e-16 1e-20
7402.78 9.9616522e-16 1e-20
7404.25 1.015318e-15 1e-20
7405.72 9.7691435e-16 1e-20
7407.19 9.4334263e-16 1e-20
7408.66 9.3021411e-16 1e-20
7410.13 9.8384613e-16 1e-20
7411.6 9.9399304e-16 1e-20
7413.07 9.2697644e-16 1e-20
