9131.104057 6.534639398e-14 1e-20
9127.503054 8.010436423e-14 1e-20
9123.903041 7.119094388e-14 1e-20
9120.304015 7.72532332e-14 1e-20
9116.705974 7.098336132e-14 1e-20
9113.108916 5.301830878e-14 1e-20
9109.51284 4.090382107e-14 1e-20
9105.917744 3.384553995e-14 1e-20
9102.323626 2.594656958e-14 1e-20
9098.730484 1.834673632e-14 1e-20
9095.138316 1.400821371e-14 1e-20
9091.547121 1.122804253e-14 1e-20
9087.956896 9.109699204e-15 1e-20
9084.367639 6.54458807e-15 1e-20
9080.77935 5.432167308e-15 1e-20
9077.192025 4.29719506e-15 1e-20
9073.605664 3.749497769e-15 1e-20
9070.020264 3.696567749e-15 1e-20
9066.435823 2.774194897e-15 1e-20
9062.85234 2.398049427e-15 1e-20
9059.269813 2.926994339e-15 1e-20
9055.68824 2.739292535e-15 1e-20
9052.10762 1.919510582e-15 1e-20
9048.527949 1.91222687e-15 1e-20
9044.949227 1.442067199e-15 1e-20
9041.371452 1.330245826e-15 1e-20
9037.794622 1.070003052e-15 1e-20
9034.218735 9.853283433e-16 1e-20
9030.643789 8.19625751e-16 1e-20
9027.069783 6.652128195e-16 1e-20
9023.496714 5.90103033e-16 1e-20
9019.924582 5.360449478e-16 1e-20
9016.353383 4.162939493e-16 1e-20
9012.783117 2.899087677e-16 1e-20
9009.213781 3.03429864e-16 1e-20
9005.645375 2.833751803e-16 1e-20
9002.077895 4.009094413e-16 1e-20
8998.51134 3.824670813e-16 1e-20
8994.945709 3.691132216e-16 1e-20
8991.380999 4.372298592e-16 1e-20
8987.817209 3.57601926e-16 1e-20
8984.254338 2.943774304e-16 1e-20
8980.692382 3.237193439e-16 1e-20
8977.131342 3.26469724e-16 1e-20
8973.571214 3.440866828e-16 1e-20
8970.011997 3.260468196e-16 1e-20
8966.453689 2.274683194e-16 1e-20
8962.896288 2.205519295e-16 1e-20
8959.339794 1.809173278e-16 1e-20
8955.784203 1.907857974e-16 1e-20
8952.229515 1.462070946e-16 1e-20
8948.675727 1.683269127e-16 1e-20
8945.122838 1.917839208e-16 1e-20
8941.570846 2.030586986e-16 1e-20
8938.019749 1.576181347e-16 1e-20
8934.469546 1.572364414e-16 1e-20
8930.920234 1.386666331e-16 1e-20
8927.371813 1.86209742e-16 1e-20
8923.82428 1.672889208e-16 1e-20
8920.277633 1.439937087e-16 1e-20
8916.731871 1.515432243e-16 1e-20
8913.186993 1.560884072e-16 1e-20
8909.642995 1.295103107e-16 1e-20
8906.099878 1.327744167e-16 1e-20
8902.557638 9.970799456e-17 1e-20
8899.016275 1.004610263e-16 1e-20
8895.475787 7.769489971e-17 1e-20
8891.936171 8.715416034e-17 1e-20
8888.397426 7.841874199e-17 1e-20
8884.859551 9.212267319e-17 1e-20
8881.322543 8.04724755e-17 1e-20
8877.786402 8.034768276e-17 1e-20
8874.251125 9.321892645e-17 1e-20
8870.71671 6.939774179e-17 1e-20
8867.183157 1.093416189e-16 1e-20
8863.650463 1.257717408e-16 1e-20
8860.118626 1.12327469e-16 1e-20
8856.587645 8.93486828e-17 1e-20
8853.057519 1.014024877e-16 1e-20
8849.528245 9.546574522e-17 1e-20
8845.999821 1.015429724e-16 1e-20
8842.472247 8.293067406e-17 1e-20
8838.945521 7.490215882e-17 1e-20
8835.41964 7.553460511e-17 1e-20
8831.894604 6.413910046e-17 1e-20
8828.37041 8.278628779e-17 1e-20
8824.847057 7.252191652e-17 1e-20
8821.324543 7.126864228e-17 1e-20
8817.802867 8.487248501e-17 1e-20
8814.282026 1.104899229e-16 1e-20
8810.76202 9.239651015e-17 1e-20
8807.242847 1.036647278e-16 1e-20
8803.724504 1.352252617e-16 1e-20
8800.206991 1.142644559e-16 1e-20
8796.690305 9.40549925e-17 1e-20
8793.174445 9.134321854e-17 1e-20
8789.65941 9.277363051e-17 1e-20
8786.145197 9.076903115e-17 1e-20
8782.631806 8.315718016e-17 1e-20
8779.119234 6.57776626e-17 1e-20
8775.60748 7.428854282e-17 1e-20
8772.096542 6.93736783e-17 1e-20
8768.586418 8.435983027e-17 1e-20
8765.077108 8.862724369e-17 1e-20
8761.568609 8.965579487e-17 1e-20
8758.06092 1.059261358e-16 1e-20
8754.554039 1.075425347e-16 1e-20
8751.047964 1.029297662e-16 1e-20
8747.542694 1.105591027e-16 1e-20
8744.038228 1.169385978e-16 1e-20
8740.534564 1.173330203e-16 1e-20
8737.031699 1.131430881e-16 1e-20
8733.529633 1.003383658e-16 1e-20
8730.028364 8.19832555e-17 1e-20
8726.527891 9.323217254e-17 1e-20
8723.028211 8.302086044e-17 1e-20
8719.529323 8.305293781e-17 1e-20
8716.031226 7.616800686e-17 1e-20
8712.533917 6.354107838e-17 1e-20
8709.037397 8.242194965e-17 1e-20
8705.541662 8.454169277e-17 1e-20
8702.046711 7.1756115e-17 1e-20
8698.552543 9.565388418e-17 1e-20
8695.059156 8.782951666e-17 1e-20
8691.566549 8.477271703e-17 1e-20
8688.074719 9.927384741e-17 1e-20
8684.583667 1.175985587e-16 1e-20
8681.093388 1.060962495e-16 1e-20
8677.603884 1.166338421e-16 1e-20
8674.115151 1.113523323e-16 1e-20
8670.627188 1.105182066e-16 1e-20
8667.139994 1.079246012e-16 1e-20
8663.653567 9.07353433e-17 1e-20
8660.167905 8.552483713e-17 1e-20
8656.683008 7.929946383e-17 1e-20
8653.198873 8.348761344e-17 1e-20
8649.715498 8.685624211e-17 1e-20
8646.232884 9.345033894e-17 1e-20
8642.751027 8.34126203e-17 1e-20
8639.269926 7.915299959e-17 1e-20
8635.789581 8.853242993e-17 1e-20
8632.309988 9.415810158e-17 1e-20
8628.831148 9.63808755e-17 1e-20
8625.353057 1.054273968e-16 1e-20
8621.875716 1.22844749e-16 1e-20
8618.399121 1.161105571e-16 1e-20
8614.923272 9.247203638e-17 1e-20
8611.448168 1.106607579e-16 1e-20
8607.973806 1.020614235e-16 1e-20
8604.500185 8.357285992e-17 1e-20
8601.027304 8.783056041e-17 1e-20
8597.555161 9.106902653e-17 1e-20
8594.083755 8.276382798e-17 1e-20
8590.613084 9.999981014e-17 1e-20
8587.143147 8.867624665e-17 1e-20
8583.673941 9.526145203e-17 1e-20
8580.205467 1.016118436e-16 1e-20
8576.737722 1.339686787e-16 1e-20
8573.270704 1.351959746e-16 1e-20
8569.804413 1.079514018e-16 1e-20
8566.338846 1.209238766e-16 1e-20
8562.874003 1.308755313e-16 1e-20
8559.409882 1.106646253e-16 1e-20
8555.946481 1.059929797e-16 1e-20
8552.483798 9.987989571e-17 1e-20
8549.021834 9.911057616e-17 1e-20
8545.560585 8.778357472e-17 1e-20
8542.100051 8.940627895e-17 1e-20
8538.640229 7.910700566e-17 1e-20
8535.18112 7.277781285e-17 1e-20
8531.72272 8.197333234e-17 1e-20
8528.265029 1.012806766e-16 1e-20
8524.808046 1.138393952e-16 1e-20
8521.351768 1.20938322e-16 1e-20
8517.896194 1.184738474e-16 1e-20
8514.441324 1.274078917e-16 1e-20
8510.987155 1.206481768e-16 1e-20
8507.533686 1.133293216e-16 1e-20
8504.080915 9.941279157e-17 1e-20
8500.628842 1.078523683e-16 1e-20
8497.177464 7.548064193e-17 1e-20
8493.726781 7.121846569e-17 1e-20
8490.27679 8.170640417e-17 1e-20
8486.827491 7.998951049e-17 1e-20
8483.378882 9.398555725e-17 1e-20
8479.930962 1.225616858e-16 1e-20
8476.483729 1.230706018e-16 1e-20
8473.037182 1.340052234e-16 1e-20
8469.591319 1.160188075e-16 1e-20
8466.146139 1.253134883e-16 1e-20
8462.701641 1.457764105e-16 1e-20
8459.257823 1.363942757e-16 1e-20
8455.814683 1.176870111e-16 1e-20
8452.372221 1.067540445e-16 1e-20
8448.930435 1.024313009e-16 1e-20
8445.489324 1.045036067e-16 1e-20
8442.048886 1.06077018e-16 1e-20
8438.609119 1.211290832e-16 1e-20
8435.170023 1.123365207e-16 1e-20
8431.731597 1.408917046e-16 1e-20
8428.293837 1.439514992e-16 1e-20
8424.856745 1.211541084e-16 1e-20
8421.420317 1.410171359e-16 1e-20
8417.984552 1.227502896e-16 1e-20
8414.54945 1.076552282e-16 1e-20
8411.115009 1.105220693e-16 1e-20
8407.681227 1.124952772e-16 1e-20
8404.248103 1.090587725e-16 1e-20
8400.815636 9.53958198e-17 1e-20
8397.383824 1.002384785e-16 1e-20
8393.952667 1.085706731e-16 1e-20
8390.522162 8.605866127e-17 1e-20
8387.092308 1.017371983e-16 1e-20
8383.663104 9.824306792e-17 1e-20
8380.234549 9.602478609e-17 1e-20
8376.806642 1.235553138e-16 1e-20
8373.37938 1.35454285e-16 1e-20
8369.952763 1.45854622e-16 1e-20
8366.526789 1.371824216e-16 1e-20
8363.101457 1.253273261e-16 1e-20
8359.676766 9.326151863e-17 1e-20
8356.252714 9.817891465e-17 1e-20
8352.829299 8.706374566e-17 1e-20
8349.406522 9.733365673e-17 1e-20
8345.98438 9.475109199e-17 1e-20
8342.562872 9.147989567e-17 1e-20
8339.141997 1.084243421e-16 1e-20
8335.721753 1.060728329e-16 1e-20
8332.302139 1.121017841e-16 1e-20
8328.883154 1.02408687e-16 1e-20
8325.464796 1.158636926e-16 1e-20
8322.047064 1.237713398e-16 1e-20
8318.629958 1.233045035e-16 1e-20
8315.213475 1.117239128e-16 1e-20
8311.797614 1.115932149e-16 1e-20
8308.382374 1.009550432e-16 1e-20
8304.967754 9.346927046e-17 1e-20
8301.553752 9.487001663e-17 1e-20
8298.140368 1.052816292e-16 1e-20
8294.727599 8.725380013e-17 1e-20
8291.315445 1.010024712e-16 1e-20
8287.903904 1.009303255e-16 1e-20
8284.492975 1.045562184e-16 1e-20
8281.082657 1.101411236e-16 1e-20
8277.672948 1.178215322e-16 1e-20
8274.263847 1.145388733e-16 1e-20
8270.855354 1.363158842e-16 1e-20
8267.447466 1.253541971e-16 1e-20
8264.040182 1.161306054e-16 1e-20
8260.633502 1.144519569e-16 1e-20
8257.227423 1.028139907e-16 1e-20
8253.821945 8.939528264e-17 1e-20
8250.417067 8.644284866e-17 1e-20
8247.012786 8.301450879e-17 1e-20
8243.609103 8.065514862e-17 1e-20
8240.206015 8.022274231e-17 1e-20
8236.803522 9.331495865e-17 1e-20
8233.401621 9.221618197e-17 1e-20
8230.000313 9.620552726e-17 1e-20
8226.599596 1.067155958e-16 1e-20
8223.199468 1.046359459e-16 1e-20
8219.799928 1.124131333e-16 1e-20
8216.400975 1.050989491e-16 1e-20
8213.002608 1.138140969e-16 1e-20
8209.604826 1.077373961e-16 1e-20
8206.207626 1.001164118e-16 1e-20
8202.81101 9.441971839e-17 1e-20
8199.414974 8.622774695e-17 1e-20
8196.019517 8.636898004e-17 1e-20
8192.62464 5.953032045e-17 1e-20
8189.230339 8.614902119e-17 1e-20
8185.836615 7.858446735e-17 1e-20
8182.443466 8.20646857e-17 1e-20
8179.05089 8.357468968e-17 1e-20
8175.658887 8.287738193e-17 1e-20
8172.267455 8.373235494e-17 1e-20
8168.876593 8.655194849e-17 1e-20
8165.4863 9.582653313e-17 1e-20
8162.096575 1.088294711e-16 1e-20
8158.707417 1.126242084e-16 1e-20
8155.318824 1.058863685e-16 1e-20
8151.930795 1.025758081e-16 1e-20
8148.543329 9.869253057e-17 1e-20
8145.156425 1.076588844e-16 1e-20
8141.770082 1.07818344e-16 1e-20
8138.384298 9.792187151e-17 1e-20
8134.999073 9.939766974e-17 1e-20
8131.614405 9.633402266e-17 1e-20
8128.230293 9.527592144e-17 1e-20
8124.846736 8.617160958e-17 1e-20
8121.463732 9.489162512e-17 1e-20
8118.081281 8.986101822e-17 1e-20
8114.699382 8.214858869e-17 1e-20
8111.318033 7.968728194e-17 1e-20
8107.937232 9.495764671e-17 1e-20
8104.55698 8.885279448e-17 1e-20
8101.177275 8.992895439e-17 1e-20
8097.798115 9.796927538e-17 1e-20
8094.419501 1.100289979e-16 1e-20
8091.041429 1.021806048e-16 1e-20
8087.6639 1.001208737e-16 1e-20
8084.286912 1.180483713e-16 1e-20
8080.910464 1.035952438e-16 1e-20
8077.534554 1.088933888e-16 1e-20
8074.159183 9.567734171e-17 1e-20
8070.784348 8.973128511e-17 1e-20
8067.410049 9.79999869e-17 1e-20
8064.036285 8.365389378e-17 1e-20
8060.663053 8.299145665e-17 1e-20
8057.290354 7.320356585e-17 1e-20
8053.918187 8.346775294e-17 1e-20
8050.546549 9.080190968e-17 1e-20
8047.17544 9.266410729e-17 1e-20
8043.804859 9.701201796e-17 1e-20
8040.434804 9.215754505e-17 1e-20
8037.065275 1.08478343e-16 1e-20
8033.696271 1.058015886e-16 1e-20
8030.32779 9.514044872e-17 1e-20
8026.959832 9.772280552e-17 1e-20
8023.592395 9.724968678e-17 1e-20
8020.225478 9.641025208e-17 1e-20
8016.85908 1.028206774e-16 1e-20
8013.4932 8.291023006e-17 1e-20
8010.127837 7.163665069e-17 1e-20
8006.762991 6.728818729e-17 1e-20
8003.398659 8.290800204e-17 1e-20
8000.03484 8.27302003e-17 1e-20
7996.671535 9.774376001e-17 1e-20
7993.308741 1.02916933e-16 1e-20
7989.946457 9.669280235e-17 1e-20
7986.584683 9.642068784e-17 1e-20
7983.223418 1.099905646e-16 1e-20
7979.86266 1.201538513e-16 1e-20
7976.502408 8.695463325e-17 1e-20
7973.142662 9.521279834e-17 1e-20
7969.78342 9.901715447e-17 1e-20
7966.424681 8.065380463e-17 1e-20
7963.066445 8.373895004e-17 1e-20
7959.708709 8.171512629e-17 1e-20
7956.351474 9.28246115e-17 1e-20
7952.994738 8.933274397e-17 1e-20
7949.6385 7.80931597e-17 1e-20
7946.282759 8.037146385e-17 1e-20
7942.927514 7.449658128e-17 1e-20
7939.572763 7.823788218e-17 1e-20
7936.218507 7.579234608e-17 1e-20
7932.864744 9.79085841e-17 1e-20
7929.511473 9.41094566e-17 1e-20
7926.158693 1.072333676e-16 1e-20
7922.806402 8.187694903e-17 1e-20
7919.454601 9.61627411e-17 1e-20
7916.103287 8.603924569e-17 1e-20
7912.75246 6.0181978e-17 1e-20
7909.40212 7.966752502e-17 1e-20
7906.052264 7.775404931e-17 1e-20
7902.702892 7.833373733e-17 1e-20
7899.354003 7.937524325e-17 1e-20
7896.005596 7.505078365e-17 1e-20
7892.65767 7.031557546e-17 1e-20
7889.310223 8.283941823e-17 1e-20
7885.963256 8.514264171e-17 1e-20
7882.616767 8.622329722e-17 1e-20
7879.270755 8.814258757e-17 1e-20
7875.925218 8.816342506e-17 1e-20
7872.580157 9.864236691e-17 1e-20
7869.23557 9.133367838e-17 1e-20
7865.891456 9.067098376e-17 1e-20
7862.547815 8.609157658e-17 1e-20
7859.204644 9.341423515e-17 1e-20
7855.861944 7.622600306e-17 1e-20
7852.519713 8.668084527e-17 1e-20
7849.17795 7.936929987e-17 1e-20
7845.836655 7.794303548e-17 1e-20
7842.495826 6.431563036e-17 1e-20
7839.155463 7.734444023e-17 1e-20
7835.815564 8.892557773e-17 1e-20
7832.476129 9.668704402e-17 1e-20
7829.137156 9.617917325e-17 1e-20
7825.798645 8.900799505e-17 1e-20
7822.460595 1.088545184e-16 1e-20
7819.123005 1.00168879e-16 1e-20
7815.785874 9.757620067e-17 1e-20
7812.449201 9.147674776e-17 1e-20
7809.112984 8.171931947e-17 1e-20
7805.777224 8.559395413e-17 1e-20
7802.441919 7.865830429e-17 1e-20
7799.107069 9.065545669e-17 1e-20
7795.772672 8.997998397e-17 1e-20
7792.438727 9.71074932e-17 1e-20
7789.105234 9.970356697e-17 1e-20
7785.772191 1.024503396e-16 1e-20
7782.439599 1.087843499e-16 1e-20
7779.107455 1.054414471e-16 1e-20
7775.775759 1.188764445e-16 1e-20
7772.44451 1.052777222e-16 1e-20
7769.113707 1.019164375e-16 1e-20
7765.78335 1.043129947e-16 1e-20
7762.453437 9.155755832e-17 1e-20
7759.123967 8.741463897e-17 1e-20
7755.79494 8.895138968e-17 1e-20
7752.466355 9.252510362e-17 1e-20
7749.13821 9.739450788e-17 1e-20
7745.810506 9.737626738e-17 1e-20
7742.48324 1.149782828e-16 1e-20
7739.156413 1.054058968e-16 1e-20
7735.830023 1.235862295e-16 1e-20
7732.50407 1.219690354e-16 1e-20
7729.178552 9.710910744e-17 1e-20
7725.853469 1.100456883e-16 1e-20
7722.52882 1.02105281e-16 1e-20
7719.204604 1.105778777e-16 1e-20
7715.88082 1.242321951e-16 1e-20
7712.557467 1.127347954e-16 1e-20
7709.234545 1.110676441e-16 1e-20
7705.912052 1.11383256e-16 1e-20
7702.589988 1.113643354e-16 1e-20
7699.268352 1.166113042e-16 1e-20
7695.947143 1.098001498e-16 1e-20
7692.626361 1.058689455e-16 1e-20
7689.306004 1.144434e-16 1e-20
7685.986071 1.175642133e-16 1e-20
7682.666562 1.221294595e-16 1e-20
7679.347476 1.070881197e-16 1e-20
7676.028812 1.280144219e-16 1e-20
7672.71057 1.088450363e-16 1e-20
7669.392747 9.475498068e-17 1e-20
7666.075345 1.009321253e-16 1e-20
7662.758361 9.404274586e-17 1e-20
7659.441795 1.2096753e-16 1e-20
7656.125647 9.372023152e-17 1e-20
7652.809914 8.684277651e-17 1e-20
7649.494598 1.450025176e-16 1e-20
7646.179696 1.496216967e-16 1e-20
7642.865208 8.456473505e-17 1e-20
7639.551133 8.800023417e-17 1e-20
7636.237471 1.175502828e-16 1e-20
7632.92422 8.135905705e-17 1e-20
7629.61138 8.507325577e-17 1e-20
7626.29895 6.299672515e-17 1e-20
7622.986929 9.647094274e-17 1e-20
7619.675317 7.389378416e-17 1e-20
7616.364112 4.262168344e-17 1e-20
7613.053314 3.880997698e-17 1e-20
7609.742922 8.569882002e-17 1e-20
7606.432936 -7.069538597e-16 1e-20
7603.123354 1.124940661e-16 1e-20
7599.814175 9.205520387e-17 1e-20
7596.5054 1.108883394e-16 1e-20
7593.197027 1.205598289e-16 1e-20
7589.889056 1.083462291e-16 1e-20
7586.581485 1.157135104e-16 1e-20
7583.274314 1.097615419e-16 1e-20
7579.967543 1.125346139e-16 1e-20
7576.66117 1.027489858e-16 1e-20
7573.355194 1.209176544e-16 1e-20
7570.049616 1.232900728e-16 1e-20
7566.744433 1.152813547e-16 1e-20
7563.439647 1.095290452e-16 1e-20
7560.135254 1.3162213e-16 1e-20
7556.831256 1.213310821e-16 1e-20
7553.527652 1.000520216e-16 1e-20
7550.224439 1.021089512e-16 1e-20
7546.921619 1.14067701e-16 1e-20
7543.619189 9.625037452e-17 1e-20
7540.31715 1.025249447e-16 1e-20
7537.015501 1.036273131e-16 1e-20
7533.714241 9.990748913e-17 1e-20
7530.413368 1.122237911e-16 1e-20
7527.112883 1.055665393e-16 1e-20
7523.812785 1.111245778e-16 1e-20
7520.513073 1.060096725e-16 1e-20
7517.213747 1.021831826e-16 1e-20
7513.914805 1.012113136e-16 1e-20
7510.616246 9.261148069e-17 1e-20
7507.318072 1.108249622e-16 1e-20
7504.020279 1.000370397e-16 1e-20
7500.722869 9.955569969e-17 1e-20
7497.42584 9.452335097e-17 1e-20
7494.129191 1.030662837e-16 1e-20
7490.832922 1.026755971e-16 1e-20
7487.537032 1.126237812e-16 1e-20
7484.24152 1.070921482e-16 1e-20
7480.946386 1.203192315e-16 1e-20
7477.65163 1.114299157e-16 1e-20
7474.357249 1.119913482e-16 1e-20
7471.063245 1.088204842e-16 1e-20
7467.769615 9.780085927e-17 1e-20
7464.47636 1.059503081e-16 1e-20
7461.183478 1.162353239e-16 1e-20
7457.89097 9.676666877e-17 1e-20
7454.598834 1.108934929e-16 1e-20
7451.307069 1.074574325e-16 1e-20
7448.015676 1.036040013e-16 1e-20
7444.724653 1.09572473e-16 1e-20
7441.434 1.067773558e-16 1e-20
7438.143716 1.241203788e-16 1e-20
7434.8538 1.174253407e-16 1e-20
7431.564253 1.149245748e-16 1e-20
7428.275072 1.131004326e-16 1e-20
7424.986258 1.124451771e-16 1e-20
7421.69781 1.137273279e-16 1e-20
7418.409727 1.025194347e-16 1e-20
7415.122009 1.073107494e-16 1e-20
7411.834655 1.13940046e-16 1e-20
7408.547665 1.038874248e-16 1e-20
7405.261037 1.050284014e-16 1e-20
7401.974771 1.098899338e-16 1e-20
7398.688867 1.248406383e-16 1e-20
7395.403324 1.194024963e-16 1e-20
7392.118141 1.120133398e-16 1e-20
7388.833317 1.102842276e-16 1e-20
7385.548853 1.149368009e-16 1e-20
7382.264748 1.060392074e-16 1e-20
7378.981 1.013786855e-16 1e-20
7375.697609 1.075421247e-16 1e-20
7372.414576 1.064455277e-16 1e-20
7369.131898 1.193591663e-16 1e-20
7365.849576 1.111512333e-16 1e-20
7362.567608 1.184284786e-16 1e-20
7359.285996 1.184297989e-16 1e-20
7356.004736 1.316945123e-16 1e-20
7352.72383 1.160856806e-16 1e-20
7349.443277 1.259082859e-16 1e-20
7346.163075 1.179467986e-16 1e-20
7342.883225 1.245061541e-16 1e-20
7339.603726 1.073807604e-16 1e-20
7336.324577 1.250540701e-16 1e-20
7333.045778 1.106267507e-16 1e-20
7329.767328 1.098700464e-16 1e-20
7326.489226 1.106151781e-16 1e-20
7323.211472 1.197756138e-16 1e-20
7319.934066 1.133057372e-16 1e-20
7316.657007 1.118776044e-16 1e-20
7313.380294 1.183207317e-16 1e-20
7310.103927 1.217901736e-16 1e-20
7306.827906 1.163727614e-16 1e-20
7303.552228 1.128306709e-16 1e-20
7300.276896 1.264887408e-16 1e-20
7297.001906 1.114539156e-16 1e-20
7293.72726 1.111189569e-16 1e-20
7290.452956 1.215519904e-16 1e-20
7287.178995 1.204484299e-16 1e-20
7283.905375 1.21123434e-16 1e-20
7280.632095 1.159022734e-16 1e-20
7277.359156 1.212289253e-16 1e-20
7274.086558 1.177308716e-16 1e-20
7270.814298 1.314777082e-16 1e-20
7267.542377 1.206023202e-16 1e-20
7264.270795 1.28272956e-16 1e-20
7260.99955 1.269149097e-16 1e-20
7257.728643 1.194412103e-16 1e-20
7254.458073 1.272614409e-16 1e-20
7251.187839 1.113431828e-16 1e-20
7247.917941 1.099647086e-16 1e-20
7244.648378 1.217127913e-16 1e-20
7241.379149 1.222112449e-16 1e-20
7238.110256 1.253619562e-16 1e-20
7234.841696 1.16571093e-16 1e-20
7231.573469 1.236455459e-16 1e-20
7228.305575 1.327527444e-16 1e-20
7225.038013 1.241878142e-16 1e-20
7221.770784 1.177761133e-16 1e-20
7218.503885 1.267100883e-16 1e-20
7215.237318 1.253788513e-16 1e-20
7211.971081 1.298171806e-16 1e-20
7208.705174 1.224109766e-16 1e-20
7205.439596 1.22675358e-16 1e-20
7202.174348 1.24018345e-16 1e-20
7198.909428 1.297820332e-16 1e-20
7195.644836 1.327343811e-16 1e-20
7192.380571 1.219498478e-16 1e-20
7189.116634 1.256416484e-16 1e-20
7185.853024 1.266250659e-16 1e-20
7182.589739 1.147213541e-16 1e-20
7179.326781 1.234353582e-16 1e-20
7176.064148 1.163702215e-16 1e-20
7172.80184 1.21728239e-16 1e-20
7169.539856 1.276300434e-16 1e-20
7166.278196 1.289961584e-16 1e-20
7163.01686 1.307178898e-16 1e-20
7159.755847 1.253673853e-16 1e-20
7156.495156 1.315251561e-16 1e-20
7153.234788 1.316797371e-16 1e-20
7149.974742 1.271199124e-16 1e-20
7146.715017 1.3777363e-16 1e-20
7143.455613 1.206172454e-16 1e-20
7140.19653 1.312765978e-16 1e-20
7136.937767 1.241538289e-16 1e-20
7133.679323 1.341956438e-16 1e-20
7130.421199 1.282589222e-16 1e-20
7127.163394 1.237449973e-16 1e-20
7123.905907 1.398322155e-16 1e-20
7120.648739 1.357275689e-16 1e-20
7117.391888 1.346556823e-16 1e-20
7114.135354 1.310122282e-16 1e-20
7110.879137 1.367143643e-16 1e-20
7107.623237 1.310655743e-16 1e-20
7104.367653 1.315791274e-16 1e-20
7101.112384 1.349755048e-16 1e-20
7097.857431 1.346596187e-16 1e-20
7094.602793 1.226347196e-16 1e-20
7091.348469 1.355429646e-16 1e-20
7088.094459 1.480816679e-16 1e-20
7084.840764 1.355414593e-16 1e-20
7081.587381 1.400091682e-16 1e-20
7078.334312 1.374186539e-16 1e-20
7075.081555 1.452339988e-16 1e-20
7071.82911 1.515599717e-16 1e-20
7068.576978 1.508175127e-16 1e-20
7065.325157 1.455043892e-16 1e-20
7062.073647 1.495113755e-16 1e-20
7058.822448 1.428967397e-16 1e-20
7055.571559 1.42944476e-16 1e-20
7052.32098 1.560886989e-16 1e-20
7049.070712 1.477756177e-16 1e-20
7045.820752 1.551459692e-16 1e-20
7042.571102 1.469323874e-16 1e-20
7039.32176 1.467736468e-16 1e-20
7036.072727 1.413311428e-16 1e-20
7032.824002 1.541851813e-16 1e-20
7029.575585 1.503784488e-16 1e-20
7026.327474 1.601223377e-16 1e-20
7023.079671 1.454265253e-16 1e-20
7019.832175 1.457714136e-16 1e-20
7016.584985 1.484988676e-16 1e-20
7013.338101 1.534104251e-16 1e-20
7010.091522 1.476465281e-16 1e-20
7006.845249 1.572168577e-16 1e-20
7003.599282 1.535411862e-16 1e-20
7000.353619 1.553377613e-16 1e-20
6997.10826 1.564113716e-16 1e-20
6993.863205 1.576304289e-16 1e-20
6990.618455 1.52873037e-16 1e-20
6987.374008 1.518728578e-16 1e-20
6984.129864 1.535764161e-16 1e-20
6980.886023 1.602029759e-16 1e-20
6977.642484 1.546950629e-16 1e-20
6974.399248 1.685482947e-16 1e-20
6971.156314 1.616412863e-16 1e-20
6967.913682 1.589888855e-16 1e-20
6964.671351 1.627800429e-16 1e-20
6961.429322 1.666584843e-16 1e-20
6958.187593 1.647071404e-16 1e-20
6954.946165 1.597524344e-16 1e-20
6951.705037 1.742098365e-16 1e-20
6948.464209 1.637889281e-16 1e-20
6945.223681 1.713094193e-16 1e-20
6941.983453 1.59038697e-16 1e-20
6938.743524 1.638731521e-16 1e-20
6935.503893 1.742390352e-16 1e-20
6932.264562 1.583373213e-16 1e-20
6929.025529 1.733246895e-16 1e-20
6925.786794 1.655355994e-16 1e-20
6922.548357 1.649477126e-16 1e-20
6919.310218 1.608129227e-16 1e-20
6916.072376 1.753127243e-16 1e-20
6912.834831 1.780799955e-16 1e-20
6909.597584 1.809433284e-16 1e-20
6906.360633 1.715357355e-16 1e-20
6903.123978 1.754406025e-16 1e-20
6899.88762 1.667595463e-16 1e-20
6896.651557 1.682751583e-16 1e-20
6893.415791 1.787883436e-16 1e-20
6890.180319 1.639604293e-16 1e-20
6886.945144 1.749531799e-16 1e-20
6883.710263 1.740547505e-16 1e-20
6880.475677 1.805710706e-16 1e-20
6877.241386 1.859479514e-16 1e-20
6874.007389 1.814845428e-16 1e-20
6870.773686 1.673483296e-16 1e-20
6867.540277 1.804694232e-16 1e-20
6864.307162 1.712839583e-16 1e-20
6861.074341 1.840827703e-16 1e-20
6857.841813 1.885938916e-16 1e-20
6854.609578 1.816221002e-16 1e-20
6851.377635 1.899339379e-16 1e-20
6848.145986 1.816935916e-16 1e-20
6844.914629 1.90955279e-16 1e-20
6841.683565 1.808817251e-16 1e-20
6838.452793 1.868598916e-16 1e-20
6835.222312 1.893956226e-16 1e-20
6831.992124 1.874898031e-16 1e-20
6828.762227 1.879834684e-16 1e-20
6825.532621 1.955452311e-16 1e-20
6822.303307 2.009381075e-16 1e-20
6819.074284 2.012042581e-16 1e-20
6815.845551 1.986830146e-16 1e-20
6812.617109 1.999012292e-16 1e-20
6809.388958 1.933316752e-16 1e-20
6806.161098 1.902599825e-16 1e-20
6802.933527 1.941961016e-16 1e-20
6799.706246 2.012431169e-16 1e-20
6796.479256 1.864635809e-16 1e-20
6793.252555 2.052733344e-16 1e-20
6790.026144 2.086557834e-16 1e-20
6786.800022 1.972316999e-16 1e-20
6783.574189 2.059681153e-16 1e-20
6780.348646 1.969863723e-16 1e-20
6777.123391 1.949342601e-16 1e-20
6773.898426 2.033475008e-16 1e-20
6770.673749 1.970172992e-16 1e-20
6767.44936 2.026848835e-16 1e-20
6764.22526 1.921376796e-16 1e-20
6761.001449 2.036633537e-16 1e-20
6757.777925 2.11742015e-16 1e-20
6754.55469 2.093673208e-16 1e-20
6751.331742 2.01465204e-16 1e-20
6748.109083 2.143451643e-16 1e-20
6744.886711 2.032898299e-16 1e-20
6741.664626 2.067544634e-16 1e-20
6738.442829 2.080890074e-16 1e-20
6735.22132 2.099647643e-16 1e-20
6732.000097 2.062805656e-16 1e-20
6728.779162 2.112616313e-16 1e-20
6725.558514 2.073646251e-16 1e-20
6722.338152 2.070888026e-16 1e-20
6719.118078 2.119891382e-16 1e-20
6715.89829 2.116836772e-16 1e-20
6712.678788 2.175464134e-16 1e-20
6709.459574 2.080492648e-16 1e-20
6706.240645 2.248230317e-16 1e-20
6703.022004 2.187994674e-16 1e-20
6699.803648 2.050774674e-16 1e-20
6696.585578 2.08924369e-16 1e-20
6693.367795 2.16413851e-16 1e-20
6690.150298 2.09193253e-16 1e-20
6686.933086 2.001422564e-16 1e-20
6683.716161 2.109777769e-16 1e-20
6680.499521 2.124196266e-16 1e-20
6677.283167 2.135510962e-16 1e-20
6674.067099 2.076983254e-16 1e-20
6670.851316 2.199013069e-16 1e-20
6667.635819 2.100687418e-16 1e-20
6664.420607 2.113843302e-16 1e-20
6661.205681 2.10246099e-16 1e-20
6657.99104 2.021520784e-16 1e-20
6654.776685 2.109952659e-16 1e-20
6651.562615 2.019076392e-16 1e-20
6648.34883 2.154682658e-16 1e-20
6645.13533 2.020099129e-16 1e-20
6641.922115 2.124365262e-16 1e-20
6638.709186 2.0627733e-16 1e-20
6635.496541 2.056360976e-16 1e-20
6632.284182 2.142621076e-16 1e-20
6629.072108 1.931967989e-16 1e-20
6625.860319 2.060253824e-16 1e-20
6622.648814 1.919704498e-16 1e-20
6619.437595 1.951375042e-16 1e-20
6616.226661 2.0328031e-16 1e-20
6613.016011 1.891640371e-16 1e-20
6609.805646 1.890358404e-16 1e-20
6606.595567 1.803318745e-16 1e-20
6603.385772 1.920038458e-16 1e-20
6600.176262 1.846818584e-16 1e-20
6596.967037 1.768527126e-16 1e-20
6593.758096 1.740598546e-16 1e-20
6590.549441 1.650878423e-16 1e-20
6587.34107 1.73833606e-16 1e-20
6584.132985 1.761767687e-16 1e-20
6580.925184 1.690346022e-16 1e-20
6577.717668 1.732343052e-16 1e-20
6574.510437 1.735929464e-16 1e-20
6571.303491 1.678080961e-16 1e-20
6568.096829 1.671282517e-16 1e-20
6564.890453 1.628952386e-16 1e-20
6561.684362 1.593949015e-16 1e-20
6558.478555 1.583774253e-16 1e-20
6555.273034 1.5169168e-16 1e-20
6552.067798 1.476900252e-16 1e-20
6548.862847 1.474353497e-16 1e-20
6545.65818 1.366982568e-16 1e-20
6542.453799 1.466445299e-16 1e-20
6539.249704 1.47216804e-16 1e-20
6536.045893 1.353628216e-16 1e-20
6532.842368 1.294541142e-16 1e-20
6529.639128 1.308751709e-16 1e-20
6526.436173 1.347782865e-16 1e-20
6523.233504 1.213202223e-16 1e-20
6520.03112 1.261664987e-16 1e-20
6516.829022 1.217953018e-16 1e-20
6513.627209 1.215747197e-16 1e-20
6510.425683 1.083212842e-16 1e-20
6507.224441 1.044406877e-16 1e-20
6504.023486 1.151787023e-16 1e-20
6500.822816 1.121163093e-16 1e-20
6497.622432 1.163587752e-16 1e-20
6494.422335 1.111747652e-16 1e-20
6491.222523 1.067523225e-16 1e-20
6488.022998 1.068670399e-16 1e-20
6484.823758 1.130982469e-16 1e-20
6481.624805 1.057929619e-16 1e-20
6478.426139 1.093970445e-16 1e-20
6475.227759 1.027873285e-16 1e-20
6472.029665 1.049388013e-16 1e-20
6468.831858 1.116313159e-16 1e-20
6465.634338 1.016527124e-16 1e-20
6462.437105 1.069621721e-16 1e-20
6459.240159 9.748664397e-17 1e-20
6456.0435 1.098541548e-16 1e-20
6452.847128 1.072779881e-16 1e-20
6449.651043 1.051958525e-16 1e-20
6446.455246 1.083920272e-16 1e-20
6443.259736 1.052305983e-16 1e-20
6440.064514 1.204246295e-16 1e-20
6436.869579 1.10167626e-16 1e-20
6433.674933 1.121852915e-16 1e-20
6430.480574 1.210530682e-16 1e-20
6427.286504 1.244516417e-16 1e-20
6424.092722 1.197193751e-16 1e-20
6420.899228 1.230116564e-16 1e-20
6417.706022 1.16530923e-16 1e-20
6414.513106 1.376008817e-16 1e-20
6411.320478 1.284581419e-16 1e-20
6408.128139 1.366057143e-16 1e-20
6404.936089 1.385912055e-16 1e-20
6401.744328 1.488015056e-16 1e-20
6398.552857 1.532930391e-16 1e-20
6395.361675 1.589443209e-16 1e-20
6392.170783 1.672738809e-16 1e-20
6388.980181 1.698482695e-16 1e-20
6385.789868 1.819109799e-16 1e-20
6382.599846 1.939716585e-16 1e-20
6379.410114 2.01577698e-16 1e-20
6376.220672 2.065007127e-16 1e-20
6373.031522 2.119920456e-16 1e-20
6369.842662 2.170599761e-16 1e-20
6366.654093 2.181842804e-16 1e-20
6363.465815 2.090205364e-16 1e-20
6360.277828 2.201185535e-16 1e-20
6357.090133 2.238488332e-16 1e-20
6353.90273 2.181039569e-16 1e-20
6350.715618 2.374426978e-16 1e-20
6347.528799 2.146432523e-16 1e-20
6344.342272 2.327165077e-16 1e-20
6341.156037 2.330450054e-16 1e-20
6337.970095 2.318877222e-16 1e-20
6334.784446 2.288721707e-16 1e-20
6331.599089 2.352993316e-16 1e-20
6328.414026 2.374388201e-16 1e-20
6325.229257 2.324549711e-16 1e-20
6322.044781 2.285771444e-16 1e-20
6318.860599 2.261090288e-16 1e-20
6315.676711 2.38684797e-16 1e-20
6312.493118 2.245886464e-16 1e-20
6309.309819 2.386421487e-16 1e-20
6306.126814 2.323544622e-16 1e-20
6302.944105 2.375068763e-16 1e-20
6299.761691 2.353576882e-16 1e-20
6296.579572 2.496523493e-16 1e-20
6293.397749 2.4217848e-16 1e-20
6290.216222 2.408052674e-16 1e-20
6287.03499 2.303211308e-16 1e-20
6283.854056 2.505283476e-16 1e-20
6280.673417 2.370776318e-16 1e-20
6277.493076 2.336051255e-16 1e-20
6274.313032 2.361819489e-16 1e-20
6271.133285 2.460540732e-16 1e-20
6267.953835 2.466531574e-16 1e-20
6264.774684 2.528206316e-16 1e-20
6261.59583 2.460447428e-16 1e-20
6258.417275 2.496029591e-16 1e-20
6255.239018 2.406908518e-16 1e-20
6252.061061 2.400143271e-16 1e-20
6248.883402 2.466685141e-16 1e-20
6245.706043 2.548081739e-16 1e-20
6242.528983 2.546172608e-16 1e-20
6239.352223 2.49699531e-16 1e-20
6236.175764 2.510364139e-16 1e-20
6232.999605 2.573199366e-16 1e-20
6229.823747 2.538135249e-16 1e-20
6226.64819 2.411823441e-16 1e-20
6223.472934 2.464081086e-16 1e-20
6220.29798 2.621644919e-16 1e-20
6217.123327 2.42632063e-16 1e-20
6213.948977 2.489068478e-16 1e-20
6210.77493 2.517711679e-16 1e-20
6207.601185 2.59362642e-16 1e-20
6204.427743 2.662058087e-16 1e-20
6201.254605 2.705072983e-16 1e-20
6198.08177 2.485560946e-16 1e-20
6194.909239 2.534221014e-16 1e-20
6191.737013 2.546000875e-16 1e-20
6188.565091 2.628483908e-16 1e-20
6185.393474 2.525769809e-16 1e-20
6182.222163 2.588084011e-16 1e-20
6179.051157 2.562493522e-16 1e-20
6175.880457 2.689332826e-16 1e-20
6172.710063 2.624610344e-16 1e-20
6169.539975 2.471318088e-16 1e-20
6166.370195 2.579315164e-16 1e-20
6163.200722 2.579583626e-16 1e-20
6160.031556 2.446169954e-16 1e-20
6156.862698 2.430783256e-16 1e-20
6153.694148 2.461398974e-16 1e-20
6150.525907 2.499444467e-16 1e-20
6147.357975 2.341529963e-16 1e-20
6144.190352 2.36458173e-16 1e-20
6141.023039 2.377479422e-16 1e-20
6137.856036 2.385324895e-16 1e-20
6134.689343 2.367928535e-16 1e-20
6131.52296 2.208686554e-16 1e-20
6128.356889 2.303648663e-16 1e-20
6125.191129 2.447687687e-16 1e-20
6122.02568 2.207254564e-16 1e-20
6118.860544 2.269653315e-16 1e-20
6115.695721 2.195010877e-16 1e-20
6112.53121 2.283558794e-16 1e-20
6109.367012 2.222908269e-16 1e-20
6106.203128 2.229574348e-16 1e-20
6103.039558 2.111412726e-16 1e-20
6099.876302 2.194018096e-16 1e-20
6096.713361 2.272157164e-16 1e-20
6093.550736 2.261987902e-16 1e-20
6090.388425 2.264389e-16 1e-20
6087.226431 2.12210791e-16 1e-20
6084.064753 2.14141888e-16 1e-20
6080.903391 2.202890879e-16 1e-20
6077.742347 2.116880835e-16 1e-20
6074.58162 2.126344218e-16 1e-20
6071.421211 2.213044237e-16 1e-20
6068.261121 2.185595334e-16 1e-20
6065.101349 2.158948616e-16 1e-20
6061.941896 2.182787324e-16 1e-20
6058.782763 2.252591858e-16 1e-20
6055.62395 2.163722323e-16 1e-20
6052.465457 2.283205606e-16 1e-20
6049.307285 2.286323227e-16 1e-20
6046.149434 2.363937119e-16 1e-20
6042.991905 2.448497602e-16 1e-20
6039.834698 2.34929661e-16 1e-20
6036.677813 2.459575643e-16 1e-20
6033.521251 2.354590758e-16 1e-20
6030.365013 2.616483444e-16 1e-20
6027.209098 2.49324454e-16 1e-20
6024.053508 2.443209164e-16 1e-20
6020.898243 2.539278634e-16 1e-20
6017.743302 2.706132133e-16 1e-20
6014.588687 2.695205039e-16 1e-20
6011.434399 2.556406592e-16 1e-20
6008.280436 2.734272306e-16 1e-20
6005.126801 2.74626547e-16 1e-20
6001.973493 2.805704804e-16 1e-20
5998.820513 2.791596663e-16 1e-20
5995.667861 2.762909283e-16 1e-20
5992.515538 2.800798306e-16 1e-20
5989.363544 2.620480679e-16 1e-20
5986.211881 2.880843866e-16 1e-20
5983.060547 2.777181256e-16 1e-20
5979.909544 2.695699553e-16 1e-20
5976.758872 2.642151281e-16 1e-20
5973.608532 2.774096275e-16 1e-20
5970.458523 2.727196913e-16 1e-20
5967.308848 2.703443148e-16 1e-20
5964.159505 2.84301462e-16 1e-20
5961.010497 2.691862051e-16 1e-20
5957.861822 2.850155284e-16 1e-20
5954.713482 2.983423207e-16 1e-20
5951.565477 2.715616409e-16 1e-20
5948.417807 2.809345798e-16 1e-20
5945.270473 2.701363185e-16 1e-20
5942.123477 2.805197682e-16 1e-20
5938.976817 2.793196424e-16 1e-20
5935.830495 2.786437362e-16 1e-20
5932.684511 2.897908063e-16 1e-20
5929.538865 2.832106291e-16 1e-20
5926.393559 2.791830572e-16 1e-20
5923.248592 2.972098791e-16 1e-20
5920.103966 2.89758946e-16 1e-20
5916.95968 2.923404211e-16 1e-20
5913.815735 2.847238861e-16 1e-20
5910.672133 2.782054255e-16 1e-20
5907.528872 2.782703171e-16 1e-20
5904.385955 2.923856961e-16 1e-20
5901.24338 2.711028205e-16 1e-20
5898.10115 2.661233113e-16 1e-20
5894.959264 2.815102806e-16 1e-20
5891.817723 2.763521314e-16 1e-20
5888.676528 2.835872692e-16 1e-20
5885.535679 2.969158026e-16 1e-20
5882.395176 2.867432077e-16 1e-20
5879.255021 2.83307922e-16 1e-20
5876.115213 2.949706348e-16 1e-20
5872.975754 2.787254684e-16 1e-20
5869.836644 2.731322982e-16 1e-20
5866.697883 2.826291896e-16 1e-20
5863.559472 2.93537007e-16 1e-20
5860.421412 2.808967801e-16 1e-20
5857.283702 2.854323048e-16 1e-20
5854.146345 2.822513746e-16 1e-20
5851.00934 2.782964539e-16 1e-20
5847.872688 2.689934401e-16 1e-20
5844.736389 2.746558945e-16 1e-20
5841.600444 2.698551325e-16 1e-20
5838.464854 2.817503933e-16 1e-20
5835.329619 2.566206314e-16 1e-20
5832.19474 2.651088822e-16 1e-20
5829.060218 2.448529671e-16 1e-20
5825.926052 2.437001274e-16 1e-20
5822.792244 2.398566765e-16 1e-20
5819.658795 2.450685348e-16 1e-20
5816.525704 2.280705964e-16 1e-20
5813.392972 2.302419905e-16 1e-20
5810.260601 2.281359524e-16 1e-20
5807.12859 2.321611455e-16 1e-20
5803.99694 2.24675788e-16 1e-20
5800.865653 2.279567585e-16 1e-20
5797.734728 2.205849821e-16 1e-20
5794.604166 2.13420569e-16 1e-20
5791.473967 2.120072364e-16 1e-20
5788.344133 2.235366755e-16 1e-20
5785.214665 2.157553043e-16 1e-20
5782.085561 2.237717927e-16 1e-20
5778.956824 2.150400619e-16 1e-20
5775.828454 2.168285206e-16 1e-20
5772.700452 2.165825655e-16 1e-20
5769.572817 2.179016045e-16 1e-20
5766.445552 2.332923065e-16 1e-20
5763.318656 2.300747237e-16 1e-20
5760.19213 2.204884872e-16 1e-20
5757.065975 2.336743016e-16 1e-20
5753.940191 2.303469761e-16 1e-20
5750.814779 2.372419095e-16 1e-20
5747.68974 2.20712873e-16 1e-20
5744.565075 2.446111287e-16 1e-20
5741.440784 2.484772932e-16 1e-20
5738.316867 2.5536056e-16 1e-20
5735.193326 2.54470334e-16 1e-20
5732.07016 2.601572223e-16 1e-20
5728.947372 2.631086411e-16 1e-20
5725.824961 2.536786755e-16 1e-20
5722.702928 2.643927875e-16 1e-20
5719.581274 2.567736004e-16 1e-20
5716.459999 2.636360356e-16 1e-20
5713.339105 2.720909899e-16 1e-20
5710.218591 2.60760252e-16 1e-20
5707.098459 2.67639315e-16 1e-20
5703.978709 2.708478512e-16 1e-20
5700.859342 2.681121203e-16 1e-20
5697.740359 2.82952918e-16 1e-20
5694.62176 2.721870747e-16 1e-20
5691.503546 2.873688521e-16 1e-20
5688.385718 2.829417719e-16 1e-20
5685.268276 2.737233672e-16 1e-20
5682.151221 2.772484614e-16 1e-20
5679.034554 2.823065931e-16 1e-20
5675.918276 2.728829261e-16 1e-20
5672.802387 2.863341499e-16 1e-20
5669.686888 2.724852447e-16 1e-20
5666.57178 2.81275725e-16 1e-20
5663.457064 2.72111261e-16 1e-20
5660.342739 2.688281512e-16 1e-20
5657.228808 2.667377284e-16 1e-20
5654.11527 2.907195015e-16 1e-20
5651.002127 2.79802973e-16 1e-20
5647.889378 2.695259082e-16 1e-20
5644.777026 2.783557039e-16 1e-20
5641.66507 2.661738794e-16 1e-20
5638.553512 2.736655359e-16 1e-20
5635.442351 2.634954255e-16 1e-20
5632.33159 2.531922463e-16 1e-20
5629.221228 2.779394287e-16 1e-20
5626.111267 2.675910169e-16 1e-20
5623.001706 2.632958157e-16 1e-20
5619.892548 2.675547154e-16 1e-20
5616.783792 2.693111559e-16 1e-20
5613.67544 2.744329477e-16 1e-20
5610.567492 2.598503666e-16 1e-20
5607.459948 2.715939154e-16 1e-20
5604.352811 2.695649846e-16 1e-20
5601.24608 2.676908507e-16 1e-20
5598.139756 2.564070845e-16 1e-20
5595.033841 2.735444356e-16 1e-20
5591.928334 2.724335608e-16 1e-20
5588.823237 2.669255871e-16 1e-20
5585.71855 2.727453249e-16 1e-20
5582.614275 2.745309921e-16 1e-20
5579.510412 2.744098035e-16 1e-20
5576.406961 2.874526472e-16 1e-20
5573.303924 2.84632398e-16 1e-20
5570.201301 2.905452384e-16 1e-20
5567.099094 2.766772977e-16 1e-20
5563.997302 2.892987373e-16 1e-20
5560.895928 2.978856238e-16 1e-20
5557.794971 3.073891249e-16 1e-20
5554.694432 3.133499574e-16 1e-20
5551.594313 3.138559741e-16 1e-20
5548.494614 3.148679232e-16 1e-20
5545.395336 3.23461996e-16 1e-20
5542.296479 3.298291083e-16 1e-20
5539.198045 3.304450138e-16 1e-20
5536.100034 3.472860774e-16 1e-20
5533.002448 3.414410775e-16 1e-20
5529.905286 3.537590125e-16 1e-20
5526.808551 3.597856187e-16 1e-20
5523.712242 3.562454998e-16 1e-20
5520.61636 3.568237586e-16 1e-20
5517.520907 3.659101546e-16 1e-20
5514.425884 3.497070626e-16 1e-20
5511.33129 3.580171296e-16 1e-20
5508.237127 3.418548003e-16 1e-20
5505.143396 3.391379173e-16 1e-20
5502.050098 3.568060221e-16 1e-20
5498.957233 3.375459119e-16 1e-20
5495.864803 3.549715058e-16 1e-20
5492.772807 3.429449276e-16 1e-20
5489.681248 3.49901613e-16 1e-20
5486.590126 3.361094877e-16 1e-20
5483.499441 3.515571997e-16 1e-20
5480.409196 3.396051769e-16 1e-20
5477.31939 3.427421594e-16 1e-20
5474.230024 3.484750132e-16 1e-20
5471.141099 3.514539865e-16 1e-20
5468.052617 3.421324524e-16 1e-20
5464.964578 3.313187605e-16 1e-20
5461.876983 3.419497025e-16 1e-20
5458.789832 3.275674888e-16 1e-20
5455.703128 3.419661418e-16 1e-20
5452.61687 3.452629322e-16 1e-20
5449.53106 3.482971786e-16 1e-20
5446.445698 3.367816888e-16 1e-20
5443.360785 3.486229523e-16 1e-20
5440.276323 3.274450137e-16 1e-20
5437.192311 3.386541409e-16 1e-20
5434.108752 3.441334289e-16 1e-20
5431.025646 3.280255849e-16 1e-20
5427.942994 3.28220988e-16 1e-20
5424.860797 3.424740161e-16 1e-20
5421.779055 3.395460999e-16 1e-20
5418.69777 3.249466469e-16 1e-20
5415.616942 3.219704111e-16 1e-20
5412.536573 3.31306745e-16 1e-20
5409.456664 3.247934335e-16 1e-20
5406.377214 3.229486805e-16 1e-20
5403.298227 3.122489546e-16 1e-20
5400.219701 3.151818418e-16 1e-20
5397.141638 3.085394622e-16 1e-20
5394.06404 3.135324513e-16 1e-20
5390.986907 3.013241002e-16 1e-20
5387.910239 3.111468921e-16 1e-20
5384.834039 3.186573549e-16 1e-20
5381.758306 3.008140522e-16 1e-20
5378.683043 3.046223705e-16 1e-20
5375.608249 3.081356297e-16 1e-20
5372.533926 3.095640313e-16 1e-20
5369.460075 3.011709355e-16 1e-20
5366.386696 2.92977778e-16 1e-20
5363.313791 3.01391033e-16 1e-20
5360.241361 3.039463803e-16 1e-20
5357.169406 2.846674869e-16 1e-20
5354.097928 2.691373913e-16 1e-20
5351.026927 3.027091585e-16 1e-20
5347.956405 2.948827664e-16 1e-20
5344.886363 2.857176084e-16 1e-20
5341.816801 2.762123724e-16 1e-20
5338.74772 2.906306778e-16 1e-20
5335.679122 2.831668142e-16 1e-20
5332.611007 2.650177789e-16 1e-20
5329.543377 2.839112312e-16 1e-20
5326.476233 2.656052175e-16 1e-20
5323.409574 2.800736645e-16 1e-20
5320.343403 2.760077888e-16 1e-20
5317.277721 2.856607664e-16 1e-20
5314.212528 2.79778368e-16 1e-20
5311.147826 2.670784757e-16 1e-20
5308.083615 2.834509443e-16 1e-20
5305.019896 2.672240028e-16 1e-20
5301.956672 2.600296925e-16 1e-20
5298.893941 2.607879364e-16 1e-20
5295.831706 2.695120732e-16 1e-20
5292.769968 2.575876168e-16 1e-20
5289.708727 2.741100741e-16 1e-20
5286.647985 2.76360592e-16 1e-20
5283.587743 2.596851095e-16 1e-20
5280.528001 2.417025023e-16 1e-20
5277.468761 2.657308323e-16 1e-20
5274.410024 2.611245558e-16 1e-20
5271.351791 2.635194438e-16 1e-20
5268.294062 2.505953094e-16 1e-20
5265.236839 2.671072251e-16 1e-20
5262.180124 2.685842968e-16 1e-20
5259.123916 2.781304145e-16 1e-20
5256.068217 2.639529324e-16 1e-20
5253.013029 2.687742398e-16 1e-20
5249.958351 2.628723585e-16 1e-20
5246.904186 2.580767108e-16 1e-20
5243.850534 2.608408582e-16 1e-20
5240.797397 2.699813528e-16 1e-20
5237.744774 2.744465767e-16 1e-20
5234.692669 2.852453565e-16 1e-20
5231.641081 2.907816608e-16 1e-20
5228.590011 2.88204158e-16 1e-20
5225.539461 2.963006934e-16 1e-20
5222.489433 3.077854524e-16 1e-20
5219.439925 2.993421068e-16 1e-20
5216.390941 3.146356408e-16 1e-20
5213.342481 3.016669256e-16 1e-20
5210.294546 3.156249641e-16 1e-20
5207.247138 3.157247254e-16 1e-20
5204.200256 3.017677075e-16 1e-20
5201.153903 3.156369041e-16 1e-20
5198.10808 2.950982962e-16 1e-20
5195.062787 2.971845926e-16 1e-20
5192.018026 2.960249203e-16 1e-20
5188.973798 3.099138905e-16 1e-20
5185.930104 2.930064879e-16 1e-20
5182.886945 2.804927435e-16 1e-20
5179.844322 2.911379591e-16 1e-20
5176.802236 2.842832112e-16 1e-20
5173.760689 2.658198938e-16 1e-20
5170.719681 2.798601478e-16 1e-20
5167.679214 2.586964117e-16 1e-20
5164.639289 2.607813395e-16 1e-20
5161.599906 2.554176592e-16 1e-20
5158.561068 2.5832061e-16 1e-20
5155.522775 2.420540955e-16 1e-20
5152.485028 2.281354067e-16 1e-20
5149.447829 2.566323332e-16 1e-20
5146.411178 2.44639408e-16 1e-20
5143.375077 2.27614521e-16 1e-20
5140.339527 2.389745457e-16 1e-20
5137.304529 2.22802821e-16 1e-20
5134.270084 2.336640059e-16 1e-20
5131.236194 2.344551574e-16 1e-20
5128.202859 2.288726604e-16 1e-20
5125.170081 2.471033297e-16 1e-20
5122.13786 2.330054448e-16 1e-20
5119.106199 2.467271854e-16 1e-20
5116.075097 2.351492463e-16 1e-20
5113.044558 2.313822769e-16 1e-20
5110.01458 2.419366478e-16 1e-20
5106.985166 2.509839705e-16 1e-20
5103.956318 2.564512343e-16 1e-20
5100.928035 2.576759801e-16 1e-20
5097.900319 2.789672624e-16 1e-20
5094.873172 2.775203121e-16 1e-20
5091.846594 2.736814998e-16 1e-20
5088.820588 2.803477301e-16 1e-20
5085.795153 2.551053826e-16 1e-20
5082.770291 2.764765249e-16 1e-20
5079.746004 2.862850997e-16 1e-20
5076.722292 2.850639469e-16 1e-20
5073.699157 2.883946076e-16 1e-20
5070.6766 2.868679475e-16 1e-20
5067.654623 3.036292237e-16 1e-20
5064.633225 2.944619102e-16 1e-20
5061.612409 3.079909677e-16 1e-20
5058.592176 2.913383371e-16 1e-20
5055.572528 2.921820087e-16 1e-20
5052.553464 3.058370715e-16 1e-20
5049.534987 2.856160073e-16 1e-20
5046.517097 2.948979626e-16 1e-20
5043.499797 2.985947626e-16 1e-20
5040.483086 2.949516135e-16 1e-20
5037.466967 2.947846669e-16 1e-20
5034.451441 2.979589804e-16 1e-20
5031.436508 2.957322812e-16 1e-20
5028.422171 2.975744345e-16 1e-20
5025.408429 2.761143371e-16 1e-20
5022.395286 2.989611396e-16 1e-20
5019.382741 2.885690813e-16 1e-20
5016.370796 2.921956721e-16 1e-20
5013.359453 2.91007974e-16 1e-20
5010.348712 2.994336314e-16 1e-20
5007.338575 2.958463179e-16 1e-20
5004.329044 3.119509343e-16 1e-20
5001.320118 2.901909868e-16 1e-20
4998.3118 2.752666352e-16 1e-20
4995.304091 2.911158657e-16 1e-20
4992.296993 2.925510947e-16 1e-20
4989.290505 3.081393655e-16 1e-20
4986.284631 3.099784439e-16 1e-20
4983.27937 3.165060809e-16 1e-20
4980.274724 3.328713628e-16 1e-20
4977.270696 3.20841706e-16 1e-20
4974.267284 3.203221676e-16 1e-20
4971.264492 3.384938429e-16 1e-20
4968.262321 3.409581867e-16 1e-20
4965.260771 3.415224546e-16 1e-20
4962.259844 3.385439119e-16 1e-20
4959.259541 3.537645372e-16 1e-20
4956.259864 3.48802776e-16 1e-20
4953.260814 3.535997023e-16 1e-20
4950.262392 3.410292624e-16 1e-20
4947.2646 3.513689004e-16 1e-20
4944.267438 3.480035678e-16 1e-20
4941.270908 3.409312844e-16 1e-20
4938.275012 3.434819503e-16 1e-20
4935.279751 3.506045975e-16 1e-20
4932.285125 3.678057109e-16 1e-20
4929.291137 3.690191988e-16 1e-20
4926.297788 3.810265157e-16 1e-20
4923.305079 3.802237955e-16 1e-20
4920.313011 3.829103071e-16 1e-20
4917.321586 4.002502642e-16 1e-20
4914.330804 3.98153576e-16 1e-20
4911.340668 4.089956122e-16 1e-20
4908.351179 4.034643875e-16 1e-20
4905.362338 4.152600875e-16 1e-20
4902.374146 4.267201069e-16 1e-20
4899.386605 4.305599553e-16 1e-20
4896.399716 4.413496854e-16 1e-20
4893.41348 4.361992972e-16 1e-20
4890.4279 4.630039436e-16 1e-20
4887.442975 4.650569034e-16 1e-20
4884.458708 4.777708145e-16 1e-20
4881.475099 4.591047624e-16 1e-20
4878.492151 4.791847705e-16 1e-20
4875.509864 4.818568269e-16 1e-20
4872.528241 4.724675101e-16 1e-20
4869.547281 4.870206176e-16 1e-20
4866.566988 4.911204136e-16 1e-20
4863.587361 4.909867197e-16 1e-20
4860.608403 4.850856253e-16 1e-20
4857.630115 4.881403098e-16 1e-20
4854.652498 4.964367746e-16 1e-20
4851.675553 4.801137683e-16 1e-20
4848.699282 4.91241639e-16 1e-20
4845.723687 4.807009133e-16 1e-20
4842.748769 5.033485194e-16 1e-20
4839.774528 4.831952658e-16 1e-20
4836.800968 5.175098237e-16 1e-20
4833.828088 4.831806613e-16 1e-20
4830.85589 5.112099253e-16 1e-20
4827.884377 5.030958456e-16 1e-20
4824.913548 5.091160336e-16 1e-20
4821.943406 4.956093749e-16 1e-20
4818.973952 4.930065525e-16 1e-20
4816.005188 4.972990976e-16 1e-20
4813.037114 5.132562401e-16 1e-20
4810.069732 5.117127813e-16 1e-20
4807.103044 5.057155627e-16 1e-20
4804.137052 4.952479858e-16 1e-20
4801.171755 4.878657378e-16 1e-20
4798.207157 5.232304956e-16 1e-20
4795.243258 4.96755976e-16 1e-20
4792.28006 5.029650145e-16 1e-20
4789.317564 5.070199058e-16 1e-20
4786.355772 5.006469408e-16 1e-20
4783.394685 4.982231165e-16 1e-20
4780.434305 5.072079764e-16 1e-20
4777.474632 4.856102254e-16 1e-20
4774.515669 5.074277184e-16 1e-20
4771.557417 5.027979315e-16 1e-20
4768.599878 4.794711045e-16 1e-20
4765.643052 4.761514423e-16 1e-20
4762.686941 4.925002592e-16 1e-20
4759.731547 4.755075406e-16 1e-20
4756.776872 4.832296271e-16 1e-20
4753.822916 4.67374694e-16 1e-20
4750.869681 4.553666729e-16 1e-20
4747.917169 4.823730792e-16 1e-20
4744.965382 4.610998836e-16 1e-20
4742.014319 4.423864174e-16 1e-20
4739.063984 4.107848991e-16 1e-20
4736.114377 4.321890521e-16 1e-20
4733.1655 4.309199203e-16 1e-20
4730.217355 4.219770798e-16 1e-20
4727.269943 4.176610045e-16 1e-20
4724.323265 4.236845248e-16 1e-20
4721.377324 4.166943158e-16 1e-20
4718.43212 3.971299785e-16 1e-20
4715.487654 4.146854066e-16 1e-20
4712.54393 3.986937217e-16 1e-20
4709.600947 4.200388316e-16 1e-20
4706.658708 3.978727601e-16 1e-20
4703.717214 3.83356083e-16 1e-20
4700.776466 3.767210813e-16 1e-20
4697.836466 3.777141061e-16 1e-20
4694.897216 3.771948274e-16 1e-20
4691.958717 3.689315025e-16 1e-20
4689.020971 3.603229387e-16 1e-20
4686.083978 3.559212256e-16 1e-20
4683.147742 3.505460614e-16 1e-20
4680.212262 3.452005973e-16 1e-20
4677.277542 3.519342738e-16 1e-20
4674.343581 3.64547385e-16 1e-20
4671.410382 3.518184129e-16 1e-20
4668.477947 3.417415979e-16 1e-20
4665.546276 3.537886173e-16 1e-20
4662.615372 3.251503297e-16 1e-20
4659.685236 3.05430803e-16 1e-20
4656.755869 3.009569695e-16 1e-20
4653.827274 2.951194589e-16 1e-20
4650.899451 3.172466688e-16 1e-20
4647.972402 3.217683522e-16 1e-20
4645.046129 3.136239659e-16 1e-20
4642.120633 3.084272454e-16 1e-20
4639.195916 2.936422837e-16 1e-20
4636.271979 3.001029564e-16 1e-20
4633.348824 3.003927402e-16 1e-20
4630.426453 2.862363024e-16 1e-20
4627.504867 2.949176396e-16 1e-20
4624.584068 3.020576316e-16 1e-20
4621.664057 3.168602062e-16 1e-20
4618.744836 2.865382028e-16 1e-20
4615.826406 3.163114944e-16 1e-20
4612.908769 3.028886855e-16 1e-20
4609.991927 3.152230713e-16 1e-20
4607.075881 3.15343372e-16 1e-20
4604.160633 3.127533907e-16 1e-20
4601.246185 3.152751586e-16 1e-20
4598.332537 3.136168555e-16 1e-20
4595.419692 3.144929208e-16 1e-20
4592.507651 3.160227045e-16 1e-20
4589.596416 2.937110673e-16 1e-20
4586.685988 3.105476411e-16 1e-20
4583.77637 3.059435098e-16 1e-20
4580.867562 3.428017567e-16 1e-20
4577.959566 3.171422788e-16 1e-20
4575.052384 3.414380946e-16 1e-20
4572.146018 3.279277241e-16 1e-20
4569.240469 3.023921061e-16 1e-20
4566.335738 3.441938888e-16 1e-20
4563.431828 3.312026819e-16 1e-20
4560.52874 3.208831917e-16 1e-20
4557.626476 3.179738375e-16 1e-20
4554.725037 3.231311383e-16 1e-20
4551.824424 3.133604312e-16 1e-20
4548.924641 3.152871585e-16 1e-20
4546.025687 3.098318011e-16 1e-20
4543.127565 3.173553391e-16 1e-20
4540.230277 3.221412196e-16 1e-20
4537.333824 3.51439615e-16 1e-20
4534.438208 3.056908605e-16 1e-20
4531.54343 3.260297299e-16 1e-20
4528.649492 3.489856562e-16 1e-20
4525.756396 3.650711512e-16 1e-20
4522.864144 3.533851206e-16 1e-20
4519.972736 3.561657709e-16 1e-20
4517.082176 3.807975022e-16 1e-20
4514.192463 3.929205219e-16 1e-20
4511.303601 4.119799861e-16 1e-20
4508.415591 4.244308731e-16 1e-20
4505.528434 4.088262433e-16 1e-20
4502.642132 4.037116115e-16 1e-20
4499.756687 4.390545828e-16 1e-20
4496.872101 4.459479715e-16 1e-20
4493.988375 4.720398144e-16 1e-20
4491.105511 4.621991363e-16 1e-20
4488.22351 4.453765853e-16 1e-20
4485.342374 4.524664301e-16 1e-20
4482.462106 4.730431884e-16 1e-20
4479.582706 4.692491743e-16 1e-20
4476.704176 4.530462371e-16 1e-20
4473.826519 4.571253929e-16 1e-20
4470.949735 4.61652333e-16 1e-20
4468.073827 4.685891062e-16 1e-20
4465.198796 4.820154652e-16 1e-20
4462.324645 4.549362705e-16 1e-20
4459.451373 4.681725777e-16 1e-20
4456.578984 5.070810893e-16 1e-20
4453.707479 4.881253971e-16 1e-20
4450.83686 5.015728526e-16 1e-20
4447.967129 5.058916831e-16 1e-20
4445.098286 4.969508165e-16 1e-20
4442.230335 4.948609261e-16 1e-20
4439.363277 4.766501527e-16 1e-20
4436.497113 5.136271274e-16 1e-20
4433.631845 5.030615031e-16 1e-20
4430.767475 5.262447934e-16 1e-20
4427.904005 5.115000773e-16 1e-20
4425.041436 5.294035154e-16 1e-20
4422.17977 5.373094973e-16 1e-20
4419.31901 5.301951486e-16 1e-20
4416.459156 5.184990645e-16 1e-20
4413.60021 5.168538106e-16 1e-20
4410.742175 5.169475472e-16 1e-20
4407.885052 5.085778704e-16 1e-20
4405.028842 5.337402993e-16 1e-20
4402.173548 5.09095268e-16 1e-20
4399.319172 5.189587569e-16 1e-20
4396.465714 5.225203827e-16 1e-20
4393.613177 5.270223452e-16 1e-20
4390.761563 5.187462011e-16 1e-20
4387.910873 5.324873569e-16 1e-20
4385.06111 5.052337018e-16 1e-20
4382.212274 5.475837796e-16 1e-20
4379.364368 5.279188931e-16 1e-20
4376.517393 5.225712748e-16 1e-20
4373.671352 5.218248066e-16 1e-20
4370.826246 5.088567583e-16 1e-20
4367.982077 5.039814116e-16 1e-20
4365.138847 5.104309945e-16 1e-20
4362.296557 5.056127276e-16 1e-20
4359.455209 4.917169762e-16 1e-20
4356.614806 4.933275944e-16 1e-20
4353.775348 4.944264968e-16 1e-20
4350.936839 5.293651023e-16 1e-20
4348.099278 5.281704996e-16 1e-20
4345.26267 5.049903229e-16 1e-20
4342.427014 4.863932185e-16 1e-20
4339.592313 5.184955212e-16 1e-20
4336.75857 5.314578082e-16 1e-20
4333.925785 5.192091219e-16 1e-20
4331.09396 5.183905742e-16 1e-20
4328.263098 5.334424643e-16 1e-20
4325.4332 5.153353685e-16 1e-20
4322.604267 5.14199558e-16 1e-20
4319.776303 5.094122592e-16 1e-20
4316.949309 5.49524958e-16 1e-20
4314.123285 5.123741507e-16 1e-20
4311.298236 5.468763985e-16 1e-20
4308.474161 5.538500302e-16 1e-20
4305.651064 5.176222075e-16 1e-20
4302.828945 5.223491355e-16 1e-20
4300.007808 5.076720597e-16 1e-20
4297.187653 4.737477072e-16 1e-20
4294.368482 5.201250258e-16 1e-20
4291.550298 5.166477476e-16 1e-20
4288.733102 5.012274563e-16 1e-20
4285.916896 5.224883137e-16 1e-20
4283.101682 5.273806857e-16 1e-20
4280.287462 4.817570837e-16 1e-20
4277.474238 5.335706559e-16 1e-20
4274.662011 4.714018898e-16 1e-20
4271.850784 5.131133785e-16 1e-20
4269.040558 4.911283553e-16 1e-20
4266.231335 5.13480514e-16 1e-20
4263.423117 4.861178118e-16 1e-20
4260.615907 4.671325372e-16 1e-20
4257.809705 4.491777657e-16 1e-20
4255.004515 4.705791205e-16 1e-20
4252.200337 4.333481769e-16 1e-20
4249.397173 4.051016601e-16 1e-20
4246.595026 4.560225838e-16 1e-20
4243.793898 4.416677601e-16 1e-20
4240.99379 4.259692392e-16 1e-20
4238.194704 4.111536583e-16 1e-20
4235.396642 4.302455953e-16 1e-20
4232.599606 4.178409351e-16 1e-20
4229.803599 4.496185701e-16 1e-20
4227.008621 4.320166216e-16 1e-20
4224.214675 4.230522523e-16 1e-20
4221.421763 4.435743237e-16 1e-20
4218.629887 4.436120549e-16 1e-20
4215.839048 4.327775809e-16 1e-20
4213.049248 4.424866162e-16 1e-20
4210.260491 4.926252096e-16 1e-20
4207.472776 4.499189595e-16 1e-20
4204.686107 4.3317461e-16 1e-20
4201.900486 4.280783554e-16 1e-20
4199.115913 4.518793013e-16 1e-20
4196.332392 4.834299228e-16 1e-20
4193.549924 4.458224193e-16 1e-20
4190.768511 4.829367689e-16 1e-20
4187.988155 5.015121101e-16 1e-20
4185.208859 4.83191318e-16 1e-20
4182.430623 5.317927875e-16 1e-20
4179.65345 5.337147747e-16 1e-20
4176.877342 5.353629178e-16 1e-20
4174.102301 5.641126446e-16 1e-20
4171.328328 5.96836688e-16 1e-20
4168.555427 5.690928331e-16 1e-20
4165.783598 5.972972764e-16 1e-20
4163.012845 5.796210822e-16 1e-20
4160.243167 6.295307506e-16 1e-20
4157.474569 5.890195999e-16 1e-20
4154.707052 6.036737757e-16 1e-20
4151.940617 6.08513176e-16 1e-20
4149.175266 6.494319787e-16 1e-20
4146.411003 6.052057692e-16 1e-20
4143.647828 6.356941105e-16 1e-20
4140.885744 6.747289229e-16 1e-20
4138.124753 6.35203508e-16 1e-20
4135.364856 5.921233136e-16 1e-20
4132.606056 6.013817821e-16 1e-20
4129.848354 6.193400294e-16 1e-20
4127.091754 6.005180749e-16 1e-20
4124.336256 5.742862076e-16 1e-20
4121.581863 6.072625471e-16 1e-20
4118.828576 5.78804167e-16 1e-20
4116.076399 5.937101889e-16 1e-20
4113.325332 6.039961416e-16 1e-20
4110.575378 6.030851766e-16 1e-20
4107.826539 5.550260884e-16 1e-20
4105.078817 5.594947622e-16 1e-20
4102.332213 5.484774033e-16 1e-20
4099.586731 5.458981164e-16 1e-20
4096.842372 5.505736303e-16 1e-20
4094.099137 5.062815045e-16 1e-20
4091.35703 5.018490277e-16 1e-20
4088.616052 5.030881908e-16 1e-20
4085.876205 5.093521252e-16 1e-20
4083.137491 4.759646252e-16 1e-20
4080.399913 4.383047016e-16 1e-20
4077.663472 4.677561305e-16 1e-20
4074.92817 4.5851335e-16 1e-20
4072.194009 4.334675595e-16 1e-20
4069.460993 4.498281391e-16 1e-20
4066.729121 4.028014626e-16 1e-20
4063.998398 4.018710085e-16 1e-20
4061.268824 3.601134681e-16 1e-20
4058.540401 3.610711513e-16 1e-20
4055.813133 3.69640874e-16 1e-20
4053.087021 3.604892774e-16 1e-20
4050.362066 3.50803361e-16 1e-20
4047.638272 3.38374953e-16 1e-20
4044.91564 3.312581565e-16 1e-20
4042.194172 3.104937005e-16 1e-20
4039.47387 3.29347092e-16 1e-20
4036.754737 2.928977982e-16 1e-20
4034.036775 2.974907011e-16 1e-20
4031.319985 3.04858417e-16 1e-20
4028.604369 2.883840061e-16 1e-20
4025.889931 2.75803627e-16 1e-20
4023.176672 2.7612527e-16 1e-20
4020.464593 2.758042628e-16 1e-20
4017.753698 2.867881101e-16 1e-20
4015.043988 2.562551742e-16 1e-20
4012.335465 2.621447981e-16 1e-20
4009.628132 2.394479267e-16 1e-20
4006.921991 2.244268544e-16 1e-20
4004.217043 2.673573216e-16 1e-20
4001.513291 2.10961111e-16 1e-20
3998.810737 2.440287347e-16 1e-20
3996.109383 2.437046064e-16 1e-20
3993.409231 2.344633374e-16 1e-20
3990.710284 2.642192711e-16 1e-20
3988.012544 2.508884451e-16 1e-20
3985.316012 2.714212582e-16 1e-20
3982.62069 2.546897201e-16 1e-20
3979.926582 2.419353091e-16 1e-20
3977.233689 2.373057651e-16 1e-20
3974.542013 2.353371089e-16 1e-20
3971.851556 2.441847171e-16 1e-20
3969.162321 2.576387503e-16 1e-20
3966.47431 2.608575343e-16 1e-20
3963.787524 2.325150821e-16 1e-20
3961.101967 2.536251108e-16 1e-20
3958.41764 2.672872395e-16 1e-20
3955.734545 2.246039966e-16 1e-20
3953.052684 2.500546059e-16 1e-20
3950.372061 2.797667077e-16 1e-20
3947.692676 2.91632288e-16 1e-20
3945.014532 2.384694326e-16 1e-20
3942.337631 3.272493444e-16 1e-20
3939.661976 2.859420651e-16 1e-20
3936.987568 2.80251151e-16 1e-20
3934.314411 2.84883992e-16 1e-20
3931.642505 3.040239179e-16 1e-20
3928.971853 3.270497293e-16 1e-20
3926.302457 3.40207143e-16 1e-20
3923.634321 2.564431258e-16 1e-20
3920.967444 2.655179861e-16 1e-20
3918.301831 3.227284482e-16 1e-20
3915.637483 2.618342921e-16 1e-20
3912.974402 2.653517219e-16 1e-20
3910.312591 2.945546897e-16 1e-20
3907.652052 3.045452913e-16 1e-20
3904.992786 3.069950776e-16 1e-20
3902.334797 3.353146178e-16 1e-20
3899.678086 3.36954973e-16 1e-20
3897.022656 3.456133426e-16 1e-20
3894.368509 3.453353508e-16 1e-20
3891.715646 3.533308195e-16 1e-20
3889.064071 3.88232104e-16 1e-20
3886.413786 3.93207177e-16 1e-20
3883.764792 3.695731288e-16 1e-20
3881.117093 3.956446688e-16 1e-20
3878.470689 4.199697416e-16 1e-20
3875.825585 4.631047238e-16 1e-20
3873.18178 4.125293542e-16 1e-20
3870.539279 4.224640562e-16 1e-20
3867.898083 4.587301026e-16 1e-20
3865.258195 5.175746902e-16 1e-20
3862.619616 4.996699931e-16 1e-20
3859.982349 4.95040313e-16 1e-20
3857.346397 4.593054762e-16 1e-20
3854.711761 4.488101919e-16 1e-20
3852.078443 4.603767471e-16 1e-20
3849.446447 4.604334783e-16 1e-20
3846.815774 4.193274809e-16 1e-20
3844.186427 4.072144444e-16 1e-20
3841.558407 4.809778351e-16 1e-20
3838.931718 3.989590193e-16 1e-20
3836.306361 3.647778067e-16 1e-20
3833.682339 3.921814254e-16 1e-20
3831.059653 3.554561998e-16 1e-20
3828.438307 3.456196963e-16 1e-20
3825.818303 3.233605729e-16 1e-20
3823.199642 4.216239839e-16 1e-20
3820.582327 3.730893349e-16 1e-20
3817.966361 3.558970264e-16 1e-20
3815.351745 3.665563823e-16 1e-20
3812.738483 3.648911717e-16 1e-20
3810.126576 3.670624495e-16 1e-20
3807.516026 4.261209474e-16 1e-20
3804.906836 3.538355213e-16 1e-20
3802.299009 3.5736468e-16 1e-20
3799.692546 3.651091931e-16 1e-20
3797.08745 3.818249521e-16 1e-20
3794.483723 4.037639041e-16 1e-20
3791.881368 3.816704681e-16 1e-20
3789.280386 4.232065781e-16 1e-20
3786.680781 3.803902335e-16 1e-20
3784.082554 4.454211376e-16 1e-20
3781.485707 4.606725965e-16 1e-20
3778.890244 4.02969333e-16 1e-20
3776.296167 4.774896015e-16 1e-20
3773.703477 4.333303789e-16 1e-20
3771.112178 4.026858823e-16 1e-20
3768.522271 4.042409585e-16 1e-20
3765.933758 4.74677354e-16 1e-20
3763.346643 4.178516977e-16 1e-20
3760.760928 3.802919742e-16 1e-20
3758.176614 4.01324122e-16 1e-20
3755.593705 4.311531292e-16 1e-20
3753.012202 3.85498095e-16 1e-20
3750.432108 4.706922869e-16 1e-20
3747.853425 4.204145244e-16 1e-20
3745.276156 3.970117637e-16 1e-20
3742.700304 4.52038475e-16 1e-20
3740.125869 4.034686453e-16 1e-20
3737.552856 3.90959166e-16 1e-20
3734.981265 3.838045784e-16 1e-20
3732.4111 3.983577557e-16 1e-20
3729.842363 4.757692837e-16 1e-20
3727.275056 3.747914384e-16 1e-20
3724.709182 3.984490374e-16 1e-20
3722.144744 2.824208078e-16 1e-20
3719.581742 4.398305784e-16 1e-20
3717.02018 4.293950121e-16 1e-20
3714.460061 4.081611886e-16 1e-20
3711.901386 3.497538169e-16 1e-20
3709.344159 3.925240667e-16 1e-20
3706.78838 3.225730422e-16 1e-20
3704.234054 4.363953931e-16 1e-20
3701.681182 3.907005534e-16 1e-20
3699.129766 3.675343917e-16 1e-20
3696.57981 4.109863104e-16 1e-20
3694.031315 3.207404387e-16 1e-20
3691.484284 3.353612645e-16 1e-20
3688.93872 3.311185199e-16 1e-20
3686.394624 3.570361106e-16 1e-20
3683.851999 3.713118906e-16 1e-20
3681.310848 3.455469069e-16 1e-20
3678.771173 3.266744462e-16 1e-20
3676.232976 3.313128539e-16 1e-20
3673.69626 2.696556927e-16 1e-20
3671.161028 2.655641531e-16 1e-20
3668.627281 3.09846323e-16 1e-20
3666.095023 3.206737738e-16 1e-20
3663.564255 2.621359869e-16 1e-20
3661.034981 3.028387983e-16 1e-20
3658.507202 2.73573638e-16 1e-20
3655.98092 3.455149565e-16 1e-20
3653.45614 3.009205323e-16 1e-20
3650.932862 2.023853727e-16 1e-20
3648.41109 3.046094214e-16 1e-20
3645.890825 2.529775092e-16 1e-20
3643.372071 2.499956631e-16 1e-20
3640.854829 3.075708821e-16 1e-20
3638.339103 2.114158345e-16 1e-20
3635.824895 2.622728061e-16 1e-20
3633.312206 1.98408154e-16 1e-20
3630.801041 3.108843175e-16 1e-20
3628.2914 3.036554663e-16 1e-20
3625.783287 2.956449701e-16 1e-20
3623.276704 2.022361615e-16 1e-20
3620.771654 2.311911954e-16 1e-20
3618.268139 3.142521904e-16 1e-20
3615.766161 2.537985649e-16 1e-20
3613.265724 2.369757452e-16 1e-20
3610.766829 2.225643589e-16 1e-20
3608.269479 2.888828991e-16 1e-20
3605.773676 2.086467655e-16 1e-20
3603.279424 2.32014926e-16 1e-20
3600.786724 2.939105577e-16 1e-20
3598.295579 3.030012365e-16 1e-20
3595.805992 3.068971994e-16 1e-20
3593.317965 2.095642126e-16 1e-20
3590.831501 3.410913848e-16 1e-20
3588.346601 2.457771401e-16 1e-20
3585.86327 2.414110521e-16 1e-20
3583.381508 2.342612702e-16 1e-20
3580.901319 2.167437848e-16 1e-20
3578.422706 2.706908467e-16 1e-20
3575.94567 3.698155155e-16 1e-20
3573.470214 2.872112794e-16 1e-20
3570.996342 7.162996475e-17 1e-20
3568.524054 2.853633331e-16 1e-20
3566.053355 3.018942019e-16 1e-20
3563.584246 2.187394345e-16 1e-20
3561.11673 2.909923322e-16 1e-20
3558.650809 1.575525208e-16 1e-20
3556.186487 3.327001381e-16 1e-20
3553.723765 2.603660726e-16 1e-20
3551.262647 2.82409556e-16 1e-20
3548.803134 2.065535515e-16 1e-20
3546.345229 2.830478582e-16 1e-20
3543.888936 2.341570043e-16 1e-20
3541.434256 3.835926366e-16 1e-20
3538.981192 2.990629734e-16 1e-20
3536.529746 2.768311535e-16 1e-20
3534.079922 3.739253855e-16 1e-20
3531.631721 2.838855464e-16 1e-20
3529.185147 2.546003767e-16 1e-20
3526.740201 2.018640774e-16 1e-20
3524.296887 1.993620001e-16 1e-20
3521.855207 2.561548645e-16 1e-20
3519.415164 2.940794834e-16 1e-20
3516.97676 1.708330542e-16 1e-20
3514.539998 1.747791118e-16 1e-20
3512.10488 3.396583709e-16 1e-20
3509.671409 1.940037174e-16 1e-20
3507.239588 1.681566152e-16 1e-20
3504.809419 2.501806944e-16 1e-20
3502.380905 2.28337633e-16 1e-20
3499.954049 2.061258343e-16 1e-20
3497.528852 3.310267833e-16 1e-20
3495.105318 3.487417195e-16 1e-20
3492.683449 3.741551368e-16 1e-20
3490.263249 1.721957418e-16 1e-20
3487.844718 2.689118524e-16 1e-20
3485.427861 1.889469295e-16 1e-20
3483.01268 2.597840713e-16 1e-20
3480.599177 4.121560379e-16 1e-20
3478.187355 2.625940394e-16 1e-20
3475.777217 1.985164845e-17 1e-20
3473.368765 2.493605253e-16 1e-20
3470.962001 1.941164555e-16 1e-20
3468.55693 3.475222569e-16 1e-20
3466.153553 2.439167188e-16 1e-20
3463.751872 7.759084296e-17 1e-20
3461.351891 5.371174715e-17 1e-20
3458.953612 2.181922549e-16 1e-20
3456.557038 2.135486504e-16 1e-20
3454.162171 5.69663913e-17 1e-20
3451.769015 2.635876379e-16 1e-20
3449.377571 3.052330922e-16 1e-20
3446.987843 3.737778276e-16 1e-20
3444.599833 2.015073226e-16 1e-20
3442.213543 4.009994658e-16 1e-20
3439.828977 2.541638778e-16 1e-20
3437.446137 3.349188475e-16 1e-20
3435.065026 5.706761237e-18 1e-20
3432.685647 2.077730716e-16 1e-20
3430.308001 3.086173176e-16 1e-20
3427.932092 5.802702785e-17 1e-20
3425.557923 2.294417402e-16 1e-20
3423.185496 1.272612571e-16 1e-20
3420.814814 2.863080686e-16 1e-20
3418.445879 -2.953239332e-17 1e-20
3416.078695 2.354670876e-16 1e-20
3413.713264 1.876092409e-16 1e-20
3411.349588 5.074337988e-17 1e-20
3408.987671 8.385543718e-17 1e-20
3406.627514 7.224757412e-16 1e-20
3404.269122 1.762554175e-16 1e-20
3401.912496 4.047873506e-17 1e-20
3399.557639 4.672801859e-17 1e-20
3397.204554 3.396187482e-17 1e-20
3394.853244 1.163380096e-16 1e-20
3392.503711 5.158063197e-16 1e-20
3390.155958 4.240326738e-16 1e-20
3387.809988 -1.02436087e-16 1e-20
3385.465803 -1.221041606e-16 1e-20
3383.123407 3.593783707e-16 1e-20
3380.782802 6.559471586e-17 1e-20
3378.44399 1.096048196e-16 1e-20
3376.106975 6.105721496e-17 1e-20
3373.771759 5.982910353e-16 1e-20
3371.438345 -1.065286125e-16 1e-20
3369.106735 3.769928411e-16 1e-20
3366.776933 9.028214893e-16 1e-20
3364.448941 7.824431325e-16 1e-20
3362.122762 3.452623549e-16 1e-20
3359.798399 7.584109488e-16 1e-20
3357.475854 8.347206946e-16 1e-20
3355.155131 -3.870177076e-16 1e-20
3352.836231 4.267544766e-16 1e-20
3350.519158 9.786508478e-16 1e-20
3348.203914 3.00327497e-16 1e-20
3345.890503 6.446898817e-16 1e-20
3343.578927 4.20089294e-17 1e-20
3341.269188 7.414940564e-16 1e-20
3338.961291 -3.503140198e-16 1e-20
3336.655236 1.429339387e-15 1e-20
3334.351028 9.174147243e-16 1e-20
3332.048668 8.100969265e-16 1e-20
3329.74816 6.966872275e-16 1e-20
3327.449507 9.432937605e-17 1e-20
3325.152711 -2.514256377e-16 1e-20
3322.857775 -4.008991893e-16 1e-20
3320.564702 9.473277833e-17 1e-20
3318.273494 8.743593731e-16 1e-20
3315.984155 1.176957172e-15 1e-20
3313.696688 -9.22450002e-16 1e-20
3311.411094 1.00365708e-17 1e-20
3309.127377 -1.145052136e-15 1e-20
3306.84554 2.120494394e-16 1e-20
3304.565586 1.344966382e-15 1e-20
3302.287516 -4.422634044e-16 1e-20
3300.011335 1.603907198e-15 1e-20
3297.737045 1.135308146e-15 1e-20
3295.464649 5.855809018e-16 1e-20
3293.194149 1.401266106e-15 1e-20
3290.925549 7.218249702e-16 1e-20
3288.658851 1.647321648e-15 1e-20
3286.394058 -6.600972316e-16 1e-20
3284.131173 2.436826013e-15 1e-20
3281.870198 2.809283193e-15 1e-20
3279.611138 2.406959665e-16 1e-20
3277.353994 3.98258218e-16 1e-20
3275.098769 3.198751144e-16 1e-20
3272.845466 2.273215326e-15 1e-20
3270.594089 -2.941232474e-15 1e-20
3268.344639 -1.92431942e-15 1e-20
3266.09712 6.216634698e-16 1e-20
3263.851534 -1.262700526e-15 1e-20
3261.607885 1.174735629e-16 1e-20
3259.366175 6.271617292e-16 1e-20
3257.126407 2.469232483e-15 1e-20
3254.888585 4.568802873e-15 1e-20
3252.65271 -2.429305563e-16 1e-20
3250.418786 2.32190485e-15 1e-20
3248.186816 -5.386254298e-15 1e-20
3245.956802 -1.24144665e-15 1e-20
3243.728748 -1.58300526e-15 1e-20
3241.502655 -5.707933938e-15 1e-20
3239.278529 1.105172815e-15 1e-20
3237.05637 -1.282503637e-15 1e-20
3234.836182 8.555603019e-15 1e-20
3232.617968 9.2807552e-16 1e-20
3230.40173 3.475713782e-15 1e-20
3228.187473 1.859657811e-14 1e-20
3225.975197 6.924757201e-15 1e-20
3223.764908 -7.958542327e-15 1e-20
3221.556606 7.520645865e-15 1e-20
3219.350296 2.132832316e-15 1e-20
3217.14598 -3.767898061e-15 1e-20
3214.943661 6.476251332e-15 1e-20
3212.743342 -1.160475551e-14 1e-20
3210.545026 3.178312916e-15 1e-20
3208.348716 1.401789481e-14 1e-20
3206.154415 6.677271577e-15 1e-20
3203.962125 1.3362749e-14 1e-20
3201.77185 -1.621488697e-14 1e-20
3199.583592 -2.109761728e-14 1e-20
3197.397355 -6.237856446e-15 1e-20
3195.213141 -9.231014299e-15 1e-20
3193.030953 -6.47588086e-15 1e-20
3190.850795 2.228564413e-14 1e-20
3188.672669 3.413684359e-14 1e-20
3186.496578 2.884786558e-14 1e-20
3184.322526 5.699684251e-15 1e-20
3182.150514 4.542068279e-15 1e-20
3179.980546 -1.820253115e-14 1e-20
3177.812626 -3.011343841e-14 1e-20
3175.646755 3.78733056e-14 1e-20
3173.482937 2.956071302e-14 1e-20
3171.321175 8.797916054e-14 1e-20
3169.161472 -1.081468147e-16 1e-20
3167.00383 -2.888838672e-14 1e-20
3164.848254 1.329951167e-13 1e-20
3162.694745 2.268356821e-15 1e-20
3160.543306 1.006186158e-14 1e-20
3158.393942 -2.140260737e-14 1e-20
3156.246654 -1.268985511e-14 1e-20
3154.101445 9.295715214e-15 1e-20
