3720.0 4.7065603e-16 1e-20
3721.5 6.8344701e-16 1e-20
3723.0 6.1995204e-16 1e-20
3724.5 7.3283898e-16 1e-20
3726.0 8.1265098e-16 1e-20
3727.5 6.8962802e-16 1e-20
3729.0 6.3932903e-16 1e-20
3730.5 5.5216601e-16 1e-20
3732.0 5.3478405e-16 1e-20
3733.5 6.3643096e-16 1e-20
3735.0 6.7601001e-16 1e-20
3736.5 6.88177e-16 1e-20
3738.0 6.8201002e-16 1e-20
3739.5 4.9692702e-16 1e-20
3741.0 2.80153e-16 1e-20
3742.5 3.3116299e-16 1e-20
3744.0 3.5679399e-16 1e-20
3745.5 2.10423e-16 1e-20
3747.0 2.5340801e-16 1e-20
3748.5 4.5606101e-16 1e-20
3750.0 5.58941e-16 1e-20
3751.5 3.71935e-16 1e-20
3753.0 3.6577299e-16 1e-20
3754.5 4.4210199e-16 1e-20
3756.0 3.65977e-16 1e-20
3757.5 3.3783801e-16 1e-20
3759.0 3.9724201e-16 1e-20
3760.5 5.0352699e-16 1e-20
3762.0 4.3483201e-16 1e-20
3763.5 4.3039502e-16 1e-20
3765.0 4.2595802e-16 1e-20
3766.5 4.21521e-16 1e-20
3768.0 4.17084e-16 1e-20
3769.5 4.12647e-16 1e-20
3771.0 4.0821001e-16 1e-20
3772.5 4.0377301e-16 1e-20
3774.0 3.9933601e-16 1e-20
3775.5 3.9489902e-16 1e-20
3777.0 3.9046202e-16 1e-20
3778.5 3.8602502e-16 1e-20
3780.0 3.8158803e-16 1e-20
3781.5 3.77151e-16 1e-20
3783.0 3.77151e-16 1e-20
3784.5 3.8411999e-16 1e-20
3786.0 3.9882901e-16 1e-20
3787.5 3.9413301e-16 1e-20
3789.0 3.43699e-16 1e-20
3790.5 4.0324398e-16 1e-20
3792.0 3.89654e-16 1e-20
3793.5 3.1960999e-16 1e-20
3795.0 1.33898e-16 1e-20
3796.5 1.80712e-16 1e-20
3798.0 3.5366601e-16 1e-20
3799.5 3.0758802e-16 1e-20
3801.0 3.4739198e-16 1e-20
3802.5 2.88874e-16 1e-20
3804.0 9.8364196e-17 1e-20
3805.5 2.3896099e-16 1e-20
3807.0 3.4343099e-16 1e-20
3808.5 3.5158699e-16 1e-20
3810.0 3.4997699e-16 1e-20
3811.5 2.7560401e-16 1e-20
3813.0 2.9665601e-16 1e-20
3814.5 3.2566601e-16 1e-20
3816.0 2.54791e-16 1e-20
3817.5 1.96227e-16 1e-20
3819.0 1.95133e-16 1e-20
3820.5 2.9973799e-16 1e-20
3822.0 2.0438901e-16 1e-20
3823.5 1.39552e-16 1e-20
3825.0 2.2771501e-16 1e-20
3826.5 1.92681e-16 1e-20
3828.0 3.1347599e-16 1e-20
3829.5 4.20957e-16 1e-20
3831.0 4.1260799e-16 1e-20
3832.5 2.5031301e-16 1e-20
3834.0 2.05543e-16 1e-20
3835.5 5.0867502e-17 1e-20
3837.0 2.9332301e-16 1e-20
3838.5 2.44359e-16 1e-20
3840.0 3.0378699e-16 1e-20
3841.5 2.58793e-16 1e-20
3843.0 1.77149e-16 1e-20
3844.5 3.15368e-16 1e-20
3846.0 4.1410101e-16 1e-20
3847.5 3.33268e-16 1e-20
3849.0 2.9800501e-16 1e-20
3850.5 2.1424501e-16 1e-20
3852.0 3.70347e-16 1e-20
3853.5 4.1213701e-16 1e-20
3855.0 4.0874999e-16 1e-20
3856.5 5.1242899e-16 1e-20
3858.0 4.0409602e-16 1e-20
3859.5 3.2259398e-16 1e-20
3861.0 3.3529002e-16 1e-20
3862.5 5.2926203e-16 1e-20
3864.0 4.95314e-16 1e-20
3865.5 4.42872e-16 1e-20
3867.0 4.5409701e-16 1e-20
3868.5 4.8867501e-16 1e-20
3870.0 4.5253503e-16 1e-20
3871.5 4.87849e-16 1e-20
3873.0 4.57759e-16 1e-20
3874.5 4.8116802e-16 1e-20
3876.0 5.1263e-16 1e-20
3877.5 4.5739001e-16 1e-20
3879.0 5.3750201e-16 1e-20
3880.5 4.5368403e-16 1e-20
3882.0 5.56082e-16 1e-20
3883.5 5.2400502e-16 1e-20
3885.0 4.8847802e-16 1e-20
3886.5 4.2531801e-16 1e-20
3888.0 4.9689001e-16 1e-20
3889.5 5.1451301e-16 1e-20
3891.0 4.2325e-16 1e-20
3892.5 5.1228897e-16 1e-20
3894.0 5.92758e-16 1e-20
3895.5 4.98417e-16 1e-20
3897.0 4.4871697e-16 1e-20
3898.5 4.6852203e-16 1e-20
3900.0 4.8352902e-16 1e-20
3901.5 5.57114e-16 1e-20
3903.0 7.2340695e-16 1e-20
3904.5 7.4881799e-16 1e-20
3906.0 7.0071902e-16 1e-20
3907.5 7.6688404e-16 1e-20
3909.0 6.1815501e-16 1e-20
3910.5 6.64583e-16 1e-20
3912.0 8.3940902e-16 1e-20
3913.5 7.76702e-16 1e-20
3915.0 7.9211901e-16 1e-20
3916.5 7.3148299e-16 1e-20
3918.0 8.72682e-16 1e-20
3919.5 8.0222199e-16 1e-20
3921.0 6.9287401e-16 1e-20
3922.5 7.54961e-16 1e-20
3924.0 9.19979e-16 1e-20
3925.5 9.2088003e-16 1e-20
3927.0 7.52727e-16 1e-20
3928.5 6.8061601e-16 1e-20
3930.0 8.3597499e-16 1e-20
3931.5 9.9797792e-16 1e-20
3933.0 8.6927699e-16 1e-20
3934.5 7.30037e-16 1e-20
3936.0 8.1857502e-16 1e-20
3937.5 8.8834105e-16 1e-20
3939.0 8.0195301e-16 1e-20
3940.5 8.48951e-16 1e-20
3942.0 9.2985202e-16 1e-20
3943.5 8.5674603e-16 1e-20
3945.0 8.11614e-16 1e-20
3946.5 8.7561703e-16 1e-20
3948.0 9.3891898e-16 1e-20
3949.5 8.2428498e-16 1e-20
3951.0 8.7765599e-16 1e-20
3952.5 1.03072e-15 1e-20
3954.0 9.40859e-16 1e-20
3955.5 9.7866706e-16 1e-20
3957.0 9.64581e-16 1e-20
3958.5 8.28206e-16 1e-20
3960.0 6.8549503e-16 1e-20
3961.5 9.1833502e-16 1e-20
3963.0 9.89677e-16 1e-20
3964.5 8.3626996e-16 1e-20
3966.0 8.5578603e-16 1e-20
3967.5 1.00807e-15 1e-20
3969.0 1.0494e-15 1e-20
3970.5 9.3050296e-16 1e-20
3972.0 9.3698202e-16 1e-20
3973.5 8.65687e-16 1e-20
3975.0 9.8564301e-16 1e-20
3976.5 9.5322695e-16 1e-20
3978.0 8.4639402e-16 1e-20
3979.5 1.00657e-15 1e-20
3981.0 9.9267804e-16 1e-20
3982.5 9.8503293e-16 1e-20
3984.0 9.2500297e-16 1e-20
3985.5 9.9496302e-16 1e-20
3987.0 1.0700001e-15 1e-20
3988.5 1.0441e-15 1e-20
3990.0 9.9603102e-16 1e-20
3991.5 9.8117501e-16 1e-20
3993.0 9.5152103e-16 1e-20
3994.5 8.9491604e-16 1e-20
3996.0 8.4596399e-16 1e-20
3997.5 7.6836799e-16 1e-20
3999.0 8.6466002e-16 1e-20
4000.5 8.5572102e-16 1e-20
4002.0 7.8666004e-16 1e-20
4003.5 8.3567e-16 1e-20
4005.0 8.4647602e-16 1e-20
4006.5 7.9793902e-16 1e-20
4008.0 7.7169302e-16 1e-20
4009.5 8.86921e-16 1e-20
4011.0 8.4032e-16 1e-20
4012.5 5.89674e-16 1e-20
4014.0 7.02362e-16 1e-20
4015.5 7.3984199e-16 1e-20
4017.0 6.8454498e-16 1e-20
4018.5 6.3290503e-16 1e-20
4020.0 7.08279e-16 1e-20
4021.5 9.0225293e-16 1e-20
4023.0 8.2598301e-16 1e-20
4024.5 7.6885302e-16 1e-20
4026.0 6.7863999e-16 1e-20
4027.5 6.5400896e-16 1e-20
4029.0 5.9836604e-16 1e-20
4030.5 6.4072299e-16 1e-20
4032.0 7.3079599e-16 1e-20
4033.5 7.0239503e-16 1e-20
4035.0 6.7067201e-16 1e-20
4036.5 7.1391304e-16 1e-20
4038.0 7.5376498e-16 1e-20
4039.5 6.71133e-16 1e-20
4041.0 6.9390098e-16 1e-20
4042.5 7.6723598e-16 1e-20
4044.0 6.9635304e-16 1e-20
4045.5 6.7054405e-16 1e-20
4047.0 6.9108899e-16 1e-20
4048.5 7.1940398e-16 1e-20
4050.0 6.8657399e-16 1e-20
4051.5 8.6671503e-16 1e-20
4053.0 6.7231604e-16 1e-20
4054.5 6.4789497e-16 1e-20
4056.0 6.8439299e-16 1e-20
4057.5 7.48918e-16 1e-20
4059.0 8.4217797e-16 1e-20
4060.5 7.73888e-16 1e-20
4062.0 7.5482002e-16 1e-20
4063.5 7.4150503e-16 1e-20
4065.0 8.2431801e-16 1e-20
4066.5 7.3583102e-16 1e-20
4068.0 6.8931001e-16 1e-20
4069.5 7.8508e-16 1e-20
4071.0 7.1362902e-16 1e-20
4072.5 6.7528802e-16 1e-20
4074.0 7.5286004e-16 1e-20
4075.5 8.24062e-16 1e-20
4077.0 7.4458701e-16 1e-20
4078.5 7.0567204e-16 1e-20
4080.0 7.1260601e-16 1e-20
4081.5 8.19222e-16 1e-20
4083.0 8.1326799e-16 1e-20
4084.5 7.5400602e-16 1e-20
4086.0 6.9562401e-16 1e-20
4087.5 7.2248205e-16 1e-20
4089.0 7.01322e-16 1e-20
4090.5 8.3360001e-16 1e-20
4092.0 8.02947e-16 1e-20
4093.5 7.9331899e-16 1e-20
4095.0 8.0189599e-16 1e-20
4096.5 8.5147399e-16 1e-20
4098.0 7.6318097e-16 1e-20
4099.5 7.3810001e-16 1e-20
4101.0 8.08629e-16 1e-20
4102.5 7.7088098e-16 1e-20
4104.0 7.5672605e-16 1e-20
4105.5 7.6516901e-16 1e-20
4107.0 7.1111402e-16 1e-20
4108.5 6.7259504e-16 1e-20
4110.0 7.4292704e-16 1e-20
4111.5 8.0429204e-16 1e-20
4113.0 6.8752404e-16 1e-20
4114.5 6.4607401e-16 1e-20
4116.0 7.32543e-16 1e-20
4117.5 8.22416e-16 1e-20
4119.0 7.7813603e-16 1e-20
4120.5 7.2728996e-16 1e-20
4122.0 7.2846697e-16 1e-20
4123.5 7.7482498e-16 1e-20
4125.0 6.9838099e-16 1e-20
4126.5 7.1202601e-16 1e-20
4128.0 7.03113e-16 1e-20
4129.5 7.3001302e-16 1e-20
4131.0 7.5904698e-16 1e-20
4132.5 7.53288e-16 1e-20
4134.0 7.8646602e-16 1e-20
4135.5 7.8984599e-16 1e-20
4137.0 7.0282601e-16 1e-20
4138.5 8.25157e-16 1e-20
4140.0 7.8953397e-16 1e-20
4141.5 6.8987901e-16 1e-20
4143.0 6.1797899e-16 1e-20
4144.5 6.74761e-16 1e-20
4146.0 6.5789001e-16 1e-20
4147.5 6.2602702e-16 1e-20
4149.0 7.3495604e-16 1e-20
4150.5 7.3732e-16 1e-20
4152.0 6.7031302e-16 1e-20
4153.5 7.8277099e-16 1e-20
4155.0 8.2845799e-16 1e-20
4156.5 6.3368795e-16 1e-20
4158.0 5.9091004e-16 1e-20
4159.5 6.0877798e-16 1e-20
4161.0 6.88249e-16 1e-20
4162.5 6.3090598e-16 1e-20
4164.0 6.8192203e-16 1e-20
4165.5 7.5760501e-16 1e-20
4167.0 6.83228e-16 1e-20
4168.5 6.5318697e-16 1e-20
4170.0 5.9805899e-16 1e-20
4171.5 6.70435e-16 1e-20
4173.0 6.9293203e-16 1e-20
4174.5 6.4936002e-16 1e-20
4176.0 5.8731798e-16 1e-20
4177.5 5.8324899e-16 1e-20
4179.0 7.15997e-16 1e-20
4180.5 7.4302297e-16 1e-20
4182.0 7.25685e-16 1e-20
4183.5 7.0834703e-16 1e-20
4185.0 6.91009e-16 1e-20
4186.5 6.91009e-16 1e-20
4188.0 6.8406704e-16 1e-20
4189.5 7.0795104e-16 1e-20
4191.0 6.8291004e-16 1e-20
4192.5 7.3402499e-16 1e-20
4194.0 8.36132e-16 1e-20
4195.5 7.8172898e-16 1e-20
4197.0 7.2901304e-16 1e-20
4198.5 6.1125301e-16 1e-20
4200.0 5.7809104e-16 1e-20
4201.5 6.3888402e-16 1e-20
4203.0 6.4633204e-16 1e-20
4204.5 7.1057202e-16 1e-20
4206.0 7.2535698e-16 1e-20
4207.5 6.57237e-16 1e-20
4209.0 6.6480201e-16 1e-20
4210.5 6.73006e-16 1e-20
4212.0 7.2507799e-16 1e-20
4213.5 6.4070901e-16 1e-20
4215.0 6.7333502e-16 1e-20
4216.5 7.2868302e-16 1e-20
4218.0 6.0288301e-16 1e-20
4219.5 6.36455e-16 1e-20
4221.0 7.73735e-16 1e-20
4222.5 7.5909399e-16 1e-20
4224.0 6.2845599e-16 1e-20
4225.5 5.4747895e-16 1e-20
4227.0 5.3596597e-16 1e-20
4228.5 6.7414701e-16 1e-20
4230.0 6.8036799e-16 1e-20
4231.5 5.7920198e-16 1e-20
4233.0 6.80396e-16 1e-20
4234.5 7.6624697e-16 1e-20
4236.0 7.0334297e-16 1e-20
4237.5 5.5335699e-16 1e-20
4239.0 5.89284e-16 1e-20
4240.5 6.8716903e-16 1e-20
4242.0 6.7538601e-16 1e-20
4243.5 6.3929404e-16 1e-20
4245.0 6.1873697e-16 1e-20
4246.5 6.4377897e-16 1e-20
4248.0 7.3338902e-16 1e-20
4249.5 7.29658e-16 1e-20
4251.0 6.7966903e-16 1e-20
4252.5 6.2630198e-16 1e-20
4254.0 5.8687101e-16 1e-20
4255.5 6.2851602e-16 1e-20
4257.0 6.6072297e-16 1e-20
4258.5 6.1852802e-16 1e-20
4260.0 6.4751603e-16 1e-20
4261.5 6.7180004e-16 1e-20
4263.0 6.8269495e-16 1e-20
4264.5 6.0332696e-16 1e-20
4266.0 5.8435702e-16 1e-20
4267.5 6.8747502e-16 1e-20
4269.0 6.89244e-16 1e-20
4270.5 6.9638597e-16 1e-20
4272.0 5.9185702e-16 1e-20
4273.5 6.10455e-16 1e-20
4275.0 5.4508301e-16 1e-20
4276.5 5.87592e-16 1e-20
4278.0 6.4252198e-16 1e-20
4279.5 6.08636e-16 1e-20
4281.0 5.76419e-16 1e-20
4282.5 5.4961199e-16 1e-20
4284.0 5.91365e-16 1e-20
4285.5 6.5433798e-16 1e-20
4287.0 5.3478902e-16 1e-20
4288.5 6.0785901e-16 1e-20
4290.0 6.0654002e-16 1e-20
4291.5 5.4879101e-16 1e-20
4293.0 5.97282e-16 1e-20
4294.5 6.1494396e-16 1e-20
4296.0 6.0442402e-16 1e-20
4297.5 5.4419898e-16 1e-20
4299.0 5.9602897e-16 1e-20
4300.5 6.2109501e-16 1e-20
4302.0 5.6754304e-16 1e-20
4303.5 5.8249005e-16 1e-20
4305.0 5.4017197e-16 1e-20
4306.5 5.9345902e-16 1e-20
4308.0 7.1260601e-16 1e-20
4309.5 6.24098e-16 1e-20
4311.0 5.9382801e-16 1e-20
4312.5 5.1341404e-16 1e-20
4314.0 5.2399099e-16 1e-20
4315.5 5.3784199e-16 1e-20
4317.0 5.7170997e-16 1e-20
4318.5 5.8916303e-16 1e-20
4320.0 6.1364699e-16 1e-20
4321.5 6.2124303e-16 1e-20
4323.0 5.6848198e-16 1e-20
4324.5 6.0510599e-16 1e-20
4326.0 6.5343102e-16 1e-20
4327.5 5.7220697e-16 1e-20
4329.0 5.2967898e-16 1e-20
4330.5 5.6949598e-16 1e-20
4332.0 5.4019399e-16 1e-20
4333.5 4.6027098e-16 1e-20
4335.0 3.9860201e-16 1e-20
4336.5 4.46252e-16 1e-20
4338.0 5.5301897e-16 1e-20
4339.5 5.4287999e-16 1e-20
4341.0 5.2500701e-16 1e-20
4342.5 5.2511199e-16 1e-20
4344.0 4.55515e-16 1e-20
4345.5 4.7613998e-16 1e-20
4347.0 4.15447e-16 1e-20
4348.5 4.37752e-16 1e-20
4350.0 4.6038501e-16 1e-20
4351.5 4.1680101e-16 1e-20
4353.0 4.3768598e-16 1e-20
4354.5 4.5941098e-16 1e-20
4356.0 3.6557201e-16 1e-20
4357.5 3.2885699e-16 1e-20
4359.0 4.3421201e-16 1e-20
4360.5 4.6503401e-16 1e-20
4362.0 4.1837202e-16 1e-20
4363.5 4.97131e-16 1e-20
4365.0 4.7727501e-16 1e-20
4366.5 5.0502005e-16 1e-20
4368.0 3.9583999e-16 1e-20
4369.5 3.1682201e-16 1e-20
4371.0 4.1290101e-16 1e-20
4372.5 5.0495901e-16 1e-20
4374.0 4.3065802e-16 1e-20
4375.5 3.53524e-16 1e-20
4377.0 3.6109099e-16 1e-20
4378.5 4.02093e-16 1e-20
4380.0 4.0027299e-16 1e-20
4381.5 3.7880301e-16 1e-20
4383.0 4.7806402e-16 1e-20
4384.5 5.11127e-16 1e-20
4386.0 4.58411e-16 1e-20
4387.5 4.68805e-16 1e-20
4389.0 4.6207802e-16 1e-20
4390.5 4.5754798e-16 1e-20
4392.0 4.3927301e-16 1e-20
4393.5 4.6786098e-16 1e-20
4395.0 4.05458e-16 1e-20
4396.5 3.57396e-16 1e-20
4398.0 4.16437e-16 1e-20
4399.5 4.4197602e-16 1e-20
4401.0 4.5316697e-16 1e-20
4402.5 3.9902499e-16 1e-20
4404.0 4.2208499e-16 1e-20
4405.5 4.7800298e-16 1e-20
4407.0 4.5559001e-16 1e-20
4408.5 4.4317298e-16 1e-20
4410.0 4.61333e-16 1e-20
4411.5 4.2565502e-16 1e-20
4413.0 4.38322e-16 1e-20
4414.5 5.1904998e-16 1e-20
4416.0 4.93359e-16 1e-20
4417.5 4.8344003e-16 1e-20
4419.0 4.69457e-16 1e-20
4420.5 4.4795899e-16 1e-20
4422.0 4.6011603e-16 1e-20
4423.5 4.8663001e-16 1e-20
4425.0 4.7225999e-16 1e-20
4426.5 4.7591203e-16 1e-20
4428.0 4.7031801e-16 1e-20
4429.5 5.01266e-16 1e-20
4431.0 5.7482398e-16 1e-20
4432.5 5.9375204e-16 1e-20
4434.0 5.5360003e-16 1e-20
4435.5 4.9235701e-16 1e-20
4437.0 4.7445502e-16 1e-20
4438.5 5.5129097e-16 1e-20
4440.0 4.4054898e-16 1e-20
4441.5 4.4574098e-16 1e-20
4443.0 4.9544503e-16 1e-20
4444.5 5.2172296e-16 1e-20
4446.0 5.4582602e-16 1e-20
4447.5 5.4183199e-16 1e-20
4449.0 4.1456101e-16 1e-20
4450.5 4.5267299e-16 1e-20
4452.0 5.2376404e-16 1e-20
4453.5 5.2460996e-16 1e-20
4455.0 6.0719197e-16 1e-20
4456.5 5.2138901e-16 1e-20
4458.0 4.85841e-16 1e-20
4459.5 5.62523e-16 1e-20
4461.0 5.94369e-16 1e-20
4462.5 5.9655302e-16 1e-20
4464.0 6.1143603e-16 1e-20
4465.5 6.2899296e-16 1e-20
4467.0 6.1091902e-16 1e-20
4468.5 5.8759396e-16 1e-20
4470.0 5.8670198e-16 1e-20
4471.5 5.9446403e-16 1e-20
4473.0 6.2299501e-16 1e-20
4474.5 6.3669301e-16 1e-20
4476.0 5.6785899e-16 1e-20
4477.5 5.5533598e-16 1e-20
4479.0 5.8971e-16 1e-20
4480.5 6.1155895e-16 1e-20
4482.0 6.7047099e-16 1e-20
4483.5 6.5697998e-16 1e-20
4485.0 6.42254e-16 1e-20
4486.5 6.2215899e-16 1e-20
4488.0 6.7932598e-16 1e-20
4489.5 7.02815e-16 1e-20
4491.0 6.8854498e-16 1e-20
4492.5 6.61316e-16 1e-20
4494.0 5.9906103e-16 1e-20
4495.5 5.5623801e-16 1e-20
4497.0 6.4214997e-16 1e-20
4498.5 7.0339501e-16 1e-20
4500.0 7.2092801e-16 1e-20
4501.5 6.3683304e-16 1e-20
4503.0 7.1299999e-16 1e-20
4504.5 6.54983e-16 1e-20
4506.0 6.7689198e-16 1e-20
4507.5 6.96709e-16 1e-20
4509.0 7.4455705e-16 1e-20
4510.5 7.77642e-16 1e-20
4512.0 6.7457799e-16 1e-20
4513.5 6.9458803e-16 1e-20
4515.0 7.5133199e-16 1e-20
4516.5 7.5685104e-16 1e-20
4518.0 7.2579003e-16 1e-20
4519.5 7.87187e-16 1e-20
4521.0 8.46581e-16 1e-20
4522.5 7.0930396e-16 1e-20
4524.0 7.8661901e-16 1e-20
4525.5 8.0697798e-16 1e-20
4527.0 8.1331902e-16 1e-20
4528.5 7.2403799e-16 1e-20
4530.0 7.5838798e-16 1e-20
4531.5 8.1896699e-16 1e-20
4533.0 7.3567702e-16 1e-20
4534.5 6.6166799e-16 1e-20
4536.0 6.52758e-16 1e-20
4537.5 6.6878699e-16 1e-20
4539.0 6.91316e-16 1e-20
4540.5 8.0490899e-16 1e-20
4542.0 7.9644697e-16 1e-20
4543.5 7.0915102e-16 1e-20
4545.0 6.9321605e-16 1e-20
4546.5 6.9812604e-16 1e-20
4548.0 7.0085798e-16 1e-20
4549.5 7.40278e-16 1e-20
4551.0 7.3861903e-16 1e-20
4552.5 7.1528502e-16 1e-20
4554.0 7.3339702e-16 1e-20
4555.5 8.21158e-16 1e-20
4557.0 8.4073298e-16 1e-20
4558.5 7.40324e-16 1e-20
4560.0 7.2121801e-16 1e-20
4561.5 7.57088e-16 1e-20
4563.0 7.6147902e-16 1e-20
4564.5 6.7703598e-16 1e-20
4566.0 7.6655799e-16 1e-20
4567.5 7.488e-16 1e-20
4569.0 7.4439701e-16 1e-20
4570.5 7.5104998e-16 1e-20
4572.0 7.6419402e-16 1e-20
4573.5 7.3208899e-16 1e-20
4575.0 6.9228897e-16 1e-20
4576.5 7.3274099e-16 1e-20
4578.0 6.7707902e-16 1e-20
4579.5 7.4304801e-16 1e-20
4581.0 7.6997603e-16 1e-20
4582.5 7.8849699e-16 1e-20
4584.0 7.3458101e-16 1e-20
4585.5 7.6372202e-16 1e-20
4587.0 7.08749e-16 1e-20
4588.5 7.6514201e-16 1e-20
4590.0 8.1746499e-16 1e-20
4591.5 7.2653002e-16 1e-20
4593.0 7.47815e-16 1e-20
4594.5 8.20915e-16 1e-20
4596.0 8.0397202e-16 1e-20
4597.5 7.8379897e-16 1e-20
4599.0 7.82075e-16 1e-20
4600.5 7.4830697e-16 1e-20
4602.0 7.5132299e-16 1e-20
4603.5 7.10179e-16 1e-20
4605.0 7.1297098e-16 1e-20
4606.5 7.8809099e-16 1e-20
4608.0 7.4409997e-16 1e-20
4609.5 7.0914297e-16 1e-20
4611.0 7.1129602e-16 1e-20
4612.5 6.5619701e-16 1e-20
4614.0 6.5066699e-16 1e-20
4615.5 7.0798e-16 1e-20
4617.0 7.5984197e-16 1e-20
4618.5 7.6927003e-16 1e-20
4620.0 7.3153196e-16 1e-20
4621.5 6.9410099e-16 1e-20
4623.0 7.2992005e-16 1e-20
4624.5 7.4053401e-16 1e-20
4626.0 7.1364299e-16 1e-20
4627.5 7.4339402e-16 1e-20
4629.0 7.6605702e-16 1e-20
4630.5 7.5499001e-16 1e-20
4632.0 7.11699e-16 1e-20
4633.5 6.9941999e-16 1e-20
4635.0 7.4694399e-16 1e-20
4636.5 7.3747702e-16 1e-20
4638.0 7.0499902e-16 1e-20
4639.5 6.3069703e-16 1e-20
4641.0 6.0097602e-16 1e-20
4642.5 6.9049104e-16 1e-20
4644.0 7.60109e-16 1e-20
4645.5 7.5527403e-16 1e-20
4647.0 7.8371697e-16 1e-20
4648.5 7.0566304e-16 1e-20
4650.0 6.4275004e-16 1e-20
4651.5 7.2987199e-16 1e-20
4653.0 7.7554098e-16 1e-20
4654.5 7.7002103e-16 1e-20
4656.0 7.2921299e-16 1e-20
4657.5 7.26219e-16 1e-20
4659.0 7.42051e-16 1e-20
4660.5 7.2603101e-16 1e-20
4662.0 7.3108705e-16 1e-20
4663.5 7.3741e-16 1e-20
4665.0 7.2895004e-16 1e-20
4666.5 7.0819996e-16 1e-20
4668.0 7.1363198e-16 1e-20
4669.5 6.8368296e-16 1e-20
4671.0 6.4420403e-16 1e-20
4672.5 6.56467e-16 1e-20
4674.0 6.8203802e-16 1e-20
4675.5 6.6210199e-16 1e-20
4677.0 6.50678e-16 1e-20
4678.5 6.6060502e-16 1e-20
4680.0 6.6690896e-16 1e-20
4681.5 6.7417597e-16 1e-20
4683.0 6.5521095e-16 1e-20
4684.5 6.6517598e-16 1e-20
4686.0 7.07067e-16 1e-20
4687.5 6.6264404e-16 1e-20
4689.0 6.5003399e-16 1e-20
4690.5 7.0867901e-16 1e-20
4692.0 6.92176e-16 1e-20
4693.5 6.8756301e-16 1e-20
4695.0 6.5588895e-16 1e-20
4696.5 6.2939397e-16 1e-20
4698.0 6.6968299e-16 1e-20
4699.5 6.8328798e-16 1e-20
4701.0 6.74951e-16 1e-20
4702.5 6.3891102e-16 1e-20
4704.0 6.2700497e-16 1e-20
4705.5 6.1762297e-16 1e-20
4707.0 6.3650296e-16 1e-20
4708.5 6.7508695e-16 1e-20
4710.0 6.89534e-16 1e-20
4711.5 6.67531e-16 1e-20
4713.0 5.8381698e-16 1e-20
4714.5 5.86534e-16 1e-20
4716.0 6.60375e-16 1e-20
4717.5 6.7524e-16 1e-20
4719.0 6.4480002e-16 1e-20
4720.5 5.3596698e-16 1e-20
4722.0 6.0909303e-16 1e-20
4723.5 6.3024201e-16 1e-20
4725.0 6.31968e-16 1e-20
4726.5 5.8835205e-16 1e-20
4728.0 6.2629404e-16 1e-20
4729.5 5.9981802e-16 1e-20
4731.0 5.56064e-16 1e-20
4732.5 5.9725897e-16 1e-20
4734.0 5.8832802e-16 1e-20
4735.5 5.9186702e-16 1e-20
4737.0 6.5894002e-16 1e-20
4738.5 6.2704901e-16 1e-20
4740.0 6.0110905e-16 1e-20
4741.5 6.2086303e-16 1e-20
4743.0 6.7748803e-16 1e-20
4744.5 6.40164e-16 1e-20
4746.0 5.7645103e-16 1e-20
4747.5 5.7953899e-16 1e-20
4749.0 6.3480699e-16 1e-20
4750.5 5.7774196e-16 1e-20
4752.0 5.6935903e-16 1e-20
4753.5 6.3485003e-16 1e-20
4755.0 6.26494e-16 1e-20
4756.5 6.2511699e-16 1e-20
4758.0 6.6334702e-16 1e-20
4759.5 6.8755904e-16 1e-20
4761.0 6.2322498e-16 1e-20
4762.5 5.99861e-16 1e-20
4764.0 6.1605696e-16 1e-20
4765.5 6.4086301e-16 1e-20
4767.0 6.3287803e-16 1e-20
4768.5 5.8290499e-16 1e-20
4770.0 5.54843e-16 1e-20
4771.5 5.5849101e-16 1e-20
4773.0 5.9763802e-16 1e-20
4774.5 5.8504301e-16 1e-20
4776.0 6.3681605e-16 1e-20
4777.5 6.7116397e-16 1e-20
4779.0 6.4007098e-16 1e-20
4780.5 6.5309602e-16 1e-20
4782.0 6.3966202e-16 1e-20
4783.5 5.69372e-16 1e-20
4785.0 5.7827199e-16 1e-20
4786.5 5.47442e-16 1e-20
4788.0 5.2852701e-16 1e-20
4789.5 5.92632e-16 1e-20
4791.0 6.0428897e-16 1e-20
4792.5 5.8938299e-16 1e-20
4794.0 5.9151503e-16 1e-20
4795.5 6.4036501e-16 1e-20
4797.0 6.1369903e-16 1e-20
4798.5 6.1240297e-16 1e-20
4800.0 5.71579e-16 1e-20
4801.5 5.4489497e-16 1e-20
4803.0 4.98552e-16 1e-20
4804.5 5.2567299e-16 1e-20
4806.0 5.8192905e-16 1e-20
4807.5 6.2196999e-16 1e-20
4809.0 5.63374e-16 1e-20
4810.5 5.6421399e-16 1e-20
4812.0 6.63796e-16 1e-20
4813.5 5.7534099e-16 1e-20
4815.0 5.3753002e-16 1e-20
4816.5 5.8253002e-16 1e-20
4818.0 5.5075803e-16 1e-20
4819.5 5.6928698e-16 1e-20
4821.0 6.1008104e-16 1e-20
4822.5 5.6309999e-16 1e-20
4824.0 5.6373002e-16 1e-20
4825.5 5.1709201e-16 1e-20
4827.0 4.9580999e-16 1e-20
4828.5 5.0161101e-16 1e-20
4830.0 5.0798599e-16 1e-20
4831.5 5.3829298e-16 1e-20
4833.0 5.7765e-16 1e-20
4834.5 5.8426305e-16 1e-20
4836.0 6.1487297e-16 1e-20
4837.5 6.1512898e-16 1e-20
4839.0 5.7374798e-16 1e-20
4840.5 5.6344499e-16 1e-20
4842.0 5.6477896e-16 1e-20
4843.5 5.5550199e-16 1e-20
4845.0 4.99113e-16 1e-20
4846.5 5.3855001e-16 1e-20
4848.0 5.7529996e-16 1e-20
4849.5 5.6729402e-16 1e-20
4851.0 5.8327599e-16 1e-20
4852.5 6.2009699e-16 1e-20
4854.0 6.42317e-16 1e-20
4855.5 5.5637799e-16 1e-20
4857.0 5.2414102e-16 1e-20
4858.5 5.7271704e-16 1e-20
4860.0 6.0127904e-16 1e-20
4861.5 5.0406301e-16 1e-20
4863.0 5.3732303e-16 1e-20
4864.5 5.8536901e-16 1e-20
4866.0 5.6884901e-16 1e-20
4867.5 5.7368398e-16 1e-20
4869.0 5.8757103e-16 1e-20
4870.5 5.6210599e-16 1e-20
4872.0 5.25774e-16 1e-20
4873.5 6.06067e-16 1e-20
4875.0 5.7803498e-16 1e-20
4876.5 5.0538602e-16 1e-20
4878.0 5.7755397e-16 1e-20
4879.5 5.0438795e-16 1e-20
4881.0 4.42511e-16 1e-20
4882.5 4.8449798e-16 1e-20
4884.0 5.0599202e-16 1e-20
4885.5 5.0535701e-16 1e-20
4887.0 4.9588702e-16 1e-20
4888.5 4.79598e-16 1e-20
4890.0 4.9517398e-16 1e-20
4891.5 4.8899599e-16 1e-20
4893.0 4.81897e-16 1e-20
4894.5 4.4927003e-16 1e-20
4896.0 4.63965e-16 1e-20
4897.5 4.57949e-16 1e-20
4899.0 4.0535701e-16 1e-20
4900.5 3.9886702e-16 1e-20
4902.0 4.2828802e-16 1e-20
4903.5 4.6004699e-16 1e-20
4905.0 4.7776602e-16 1e-20
4906.5 4.3200099e-16 1e-20
4908.0 3.7956603e-16 1e-20
4909.5 3.95163e-16 1e-20
4911.0 3.93449e-16 1e-20
4912.5 4.2765301e-16 1e-20
4914.0 3.9544e-16 1e-20
4915.5 3.4289101e-16 1e-20
4917.0 3.5907201e-16 1e-20
4918.5 3.2914001e-16 1e-20
4920.0 3.5033598e-16 1e-20
4921.5 4.03572e-16 1e-20
4923.0 3.6237901e-16 1e-20
4924.5 3.61657e-16 1e-20
4926.0 4.3724799e-16 1e-20
4927.5 4.1027298e-16 1e-20
4929.0 3.54347e-16 1e-20
4930.5 4.0140701e-16 1e-20
4932.0 3.7362401e-16 1e-20
4933.5 4.3180901e-16 1e-20
4935.0 4.0739799e-16 1e-20
4936.5 4.5324902e-16 1e-20
4938.0 4.7837599e-16 1e-20
4939.5 4.5361399e-16 1e-20
4941.0 4.0655101e-16 1e-20
4942.5 3.7457401e-16 1e-20
4944.0 3.9231101e-16 1e-20
4945.5 4.2289502e-16 1e-20
4947.0 4.6594398e-16 1e-20
4948.5 4.4684302e-16 1e-20
4950.0 4.2615e-16 1e-20
4951.5 4.8181399e-16 1e-20
4953.0 4.3621299e-16 1e-20
4954.5 4.35336e-16 1e-20
4956.0 4.1926598e-16 1e-20
4957.5 4.59442e-16 1e-20
4959.0 4.6853199e-16 1e-20
4960.5 5.0348904e-16 1e-20
4962.0 4.44705e-16 1e-20
4963.5 4.2077198e-16 1e-20
4965.0 4.3306402e-16 1e-20
4966.5 4.5452603e-16 1e-20
4968.0 4.6421699e-16 1e-20
4969.5 5.2839705e-16 1e-20
4971.0 5.0299601e-16 1e-20
4972.5 4.2751701e-16 1e-20
4974.0 4.6301902e-16 1e-20
4975.5 5.0046402e-16 1e-20
4977.0 4.7432601e-16 1e-20
4978.5 4.5611999e-16 1e-20
4980.0 4.4616698e-16 1e-20
4981.5 5.0099897e-16 1e-20
4983.0 4.7362303e-16 1e-20
4984.5 4.34915e-16 1e-20
4986.0 4.8683002e-16 1e-20
4987.5 5.3040499e-16 1e-20
4989.0 5.2321098e-16 1e-20
4990.5 4.8369102e-16 1e-20
4992.0 4.3542298e-16 1e-20
4993.5 4.4994999e-16 1e-20
4995.0 4.47781e-16 1e-20
4996.5 4.48811e-16 1e-20
4998.0 4.7428599e-16 1e-20
4999.5 4.8749901e-16 1e-20
5001.0 4.79607e-16 1e-20
5002.5 4.4189899e-16 1e-20
5004.0 4.7573198e-16 1e-20
5005.5 4.44153e-16 1e-20
5007.0 4.7115699e-16 1e-20
5008.5 4.8996298e-16 1e-20
5010.0 4.93423e-16 1e-20
5011.5 5.0184203e-16 1e-20
5013.0 4.8764899e-16 1e-20
5014.5 5.3417598e-16 1e-20
5016.0 5.2966304e-16 1e-20
5017.5 4.5175999e-16 1e-20
5019.0 4.6357303e-16 1e-20
5020.5 4.8836203e-16 1e-20
5022.0 4.8391103e-16 1e-20
5023.5 4.9834802e-16 1e-20
5025.0 4.9625903e-16 1e-20
5026.5 4.7836397e-16 1e-20
5028.0 4.3448801e-16 1e-20
5029.5 4.2488102e-16 1e-20
5031.0 4.89162e-16 1e-20
5032.5 5.2040497e-16 1e-20
5034.0 4.6807199e-16 1e-20
5035.5 4.5232301e-16 1e-20
5037.0 4.8086902e-16 1e-20
5038.5 4.75346e-16 1e-20
5040.0 4.46541e-16 1e-20
5041.5 4.8512499e-16 1e-20
5043.0 4.4446598e-16 1e-20
5044.5 5.0859802e-16 1e-20
5046.0 5.3735797e-16 1e-20
5047.5 4.9629699e-16 1e-20
5049.0 4.16722e-16 1e-20
5050.5 4.09476e-16 1e-20
5052.0 4.3847298e-16 1e-20
5053.5 4.3227e-16 1e-20
5055.0 4.7308198e-16 1e-20
5056.5 5.0671401e-16 1e-20
5058.0 5.2489499e-16 1e-20
5059.5 5.2047004e-16 1e-20
5061.0 4.7029397e-16 1e-20
5062.5 4.84773e-16 1e-20
5064.0 4.9567399e-16 1e-20
5065.5 4.7392298e-16 1e-20
5067.0 5.02407e-16 1e-20
5068.5 5.1106898e-16 1e-20
5070.0 5.7231999e-16 1e-20
5071.5 5.6140296e-16 1e-20
5073.0 5.4525401e-16 1e-20
5074.5 4.8324903e-16 1e-20
5076.0 4.9669901e-16 1e-20
5077.5 5.0227397e-16 1e-20
5079.0 4.7747401e-16 1e-20
5080.5 5.0496298e-16 1e-20
5082.0 5.0729195e-16 1e-20
5083.5 4.7974099e-16 1e-20
5085.0 5.2314105e-16 1e-20
5086.5 4.9284501e-16 1e-20
5088.0 5.5892496e-16 1e-20
5089.5 5.7265298e-16 1e-20
5091.0 5.48266e-16 1e-20
5092.5 5.05382e-16 1e-20
5094.0 5.0061601e-16 1e-20
5095.5 4.6634098e-16 1e-20
5097.0 5.3160296e-16 1e-20
5098.5 5.7225403e-16 1e-20
5100.0 4.6688901e-16 1e-20
5101.5 4.64327e-16 1e-20
5103.0 4.8552802e-16 1e-20
5104.5 5.5338801e-16 1e-20
5106.0 5.00099e-16 1e-20
5107.5 5.1591003e-16 1e-20
5109.0 5.3357099e-16 1e-20
5110.5 5.73597e-16 1e-20
5112.0 5.7539896e-16 1e-20
5113.5 5.5351004e-16 1e-20
5115.0 4.8968499e-16 1e-20
5116.5 5.0172101e-16 1e-20
5118.0 5.7701896e-16 1e-20
5119.5 5.9170799e-16 1e-20
5121.0 5.3968297e-16 1e-20
5122.5 5.6096297e-16 1e-20
5124.0 5.6144398e-16 1e-20
5125.5 5.2783001e-16 1e-20
5127.0 5.2165599e-16 1e-20
5128.5 4.8845399e-16 1e-20
5130.0 4.9388702e-16 1e-20
5131.5 5.2242901e-16 1e-20
5133.0 5.5456105e-16 1e-20
5134.5 5.5745801e-16 1e-20
5136.0 4.9235998e-16 1e-20
5137.5 5.1484902e-16 1e-20
5139.0 5.7013999e-16 1e-20
5140.5 5.6301804e-16 1e-20
5142.0 5.2088302e-16 1e-20
5143.5 4.9418602e-16 1e-20
5145.0 5.2823595e-16 1e-20
5146.5 5.2917499e-16 1e-20
5148.0 5.20301e-16 1e-20
5149.5 5.6952902e-16 1e-20
5151.0 5.4923501e-16 1e-20
5152.5 5.9646303e-16 1e-20
5154.0 5.9932499e-16 1e-20
5155.5 6.0105098e-16 1e-20
5157.0 5.6862402e-16 1e-20
5158.5 5.4193501e-16 1e-20
5160.0 5.3738301e-16 1e-20
5161.5 5.4935497e-16 1e-20
5163.0 5.7673801e-16 1e-20
5164.5 5.0604395e-16 1e-20
5166.0 6.0775297e-16 1e-20
5167.5 6.3143802e-16 1e-20
5169.0 6.1150903e-16 1e-20
5170.5 5.6635799e-16 1e-20
5172.0 5.70702e-16 1e-20
5173.5 5.7619898e-16 1e-20
5175.0 5.1605805e-16 1e-20
5176.5 5.2164101e-16 1e-20
5178.0 5.2847397e-16 1e-20
5179.5 4.9132098e-16 1e-20
5181.0 5.3383399e-16 1e-20
5182.5 5.8404796e-16 1e-20
5184.0 5.5090303e-16 1e-20
5185.5 4.7186998e-16 1e-20
5187.0 5.2472299e-16 1e-20
5188.5 6.2108802e-16 1e-20
5190.0 5.8076401e-16 1e-20
5191.5 5.6418196e-16 1e-20
5193.0 5.2701903e-16 1e-20
5194.5 4.9951502e-16 1e-20
5196.0 5.2471695e-16 1e-20
5197.5 5.5129499e-16 1e-20
5199.0 5.33999e-16 1e-20
5200.5 4.8786001e-16 1e-20
5202.0 5.4026001e-16 1e-20
5203.5 5.8974399e-16 1e-20
5205.0 5.6090199e-16 1e-20
5206.5 5.1362998e-16 1e-20
5208.0 5.0400604e-16 1e-20
5209.5 5.0897998e-16 1e-20
5211.0 5.0137802e-16 1e-20
5212.5 5.2503904e-16 1e-20
5214.0 5.29547e-16 1e-20
5215.5 5.0032505e-16 1e-20
5217.0 4.8580103e-16 1e-20
5218.5 4.89613e-16 1e-20
5220.0 5.12493e-16 1e-20
5221.5 5.1991496e-16 1e-20
5223.0 4.6728304e-16 1e-20
5224.5 4.68815e-16 1e-20
5226.0 4.6547298e-16 1e-20
5227.5 4.9523999e-16 1e-20
5229.0 4.9038401e-16 1e-20
5230.5 5.1625298e-16 1e-20
5232.0 5.9652502e-16 1e-20
5233.5 5.4780601e-16 1e-20
5235.0 5.2936002e-16 1e-20
5236.5 5.0238101e-16 1e-20
5238.0 5.1321499e-16 1e-20
5239.5 5.4521197e-16 1e-20
5241.0 4.7478902e-16 1e-20
5242.5 4.8289899e-16 1e-20
5244.0 4.9126397e-16 1e-20
5245.5 5.1628204e-16 1e-20
5247.0 5.2655602e-16 1e-20
5248.5 5.2656798e-16 1e-20
5250.0 4.8415498e-16 1e-20
5251.5 4.62681e-16 1e-20
5253.0 4.8812603e-16 1e-20
5254.5 4.73238e-16 1e-20
5256.0 4.91089e-16 1e-20
5257.5 4.9798099e-16 1e-20
5259.0 5.1882796e-16 1e-20
5260.5 5.7583899e-16 1e-20
5262.0 5.4490101e-16 1e-20
5263.5 5.3449102e-16 1e-20
5265.0 5.2849504e-16 1e-20
5266.5 5.204e-16 1e-20
5268.0 5.4486797e-16 1e-20
5269.5 4.9862098e-16 1e-20
5271.0 4.6786299e-16 1e-20
5272.5 5.5003397e-16 1e-20
5274.0 5.5637698e-16 1e-20
5275.5 5.0621701e-16 1e-20
5277.0 5.26471e-16 1e-20
5278.5 5.5515598e-16 1e-20
5280.0 5.6968e-16 1e-20
5281.5 5.8017998e-16 1e-20
5283.0 5.8343899e-16 1e-20
5284.5 5.6573701e-16 1e-20
5286.0 5.2913704e-16 1e-20
5287.5 5.0947301e-16 1e-20
5289.0 4.9205102e-16 1e-20
5290.5 4.7937099e-16 1e-20
5292.0 4.9964298e-16 1e-20
5293.5 4.6674697e-16 1e-20
5295.0 4.8846601e-16 1e-20
5296.5 5.0845699e-16 1e-20
5298.0 5.0228101e-16 1e-20
5299.5 5.4157301e-16 1e-20
5301.0 5.1043804e-16 1e-20
5302.5 4.9028999e-16 1e-20
5304.0 4.82729e-16 1e-20
5305.5 4.7207798e-16 1e-20
5307.0 4.7290702e-16 1e-20
5308.5 4.75102e-16 1e-20
5310.0 4.3942801e-16 1e-20
5311.5 4.8607997e-16 1e-20
5313.0 5.0501698e-16 1e-20
5314.5 4.9686e-16 1e-20
5316.0 5.2115703e-16 1e-20
5317.5 4.6773699e-16 1e-20
5319.0 4.0589202e-16 1e-20
5320.5 4.3627102e-16 1e-20
5322.0 4.6624198e-16 1e-20
5323.5 4.7321401e-16 1e-20
5325.0 4.6855502e-16 1e-20
5326.5 4.7015702e-16 1e-20
5328.0 4.7188698e-16 1e-20
5329.5 4.43175e-16 1e-20
5331.0 4.6162703e-16 1e-20
5332.5 4.9395997e-16 1e-20
5334.0 4.20866e-16 1e-20
5335.5 4.2262e-16 1e-20
5337.0 4.6264204e-16 1e-20
5338.5 4.3902901e-16 1e-20
5340.0 4.39561e-16 1e-20
5341.5 4.2827299e-16 1e-20
5343.0 4.13782e-16 1e-20
5344.5 4.3122e-16 1e-20
5346.0 4.5684298e-16 1e-20
5347.5 4.55018e-16 1e-20
5349.0 4.8974201e-16 1e-20
5350.5 4.7489897e-16 1e-20
5352.0 4.1571302e-16 1e-20
5353.5 4.0444402e-16 1e-20
5355.0 3.9472299e-16 1e-20
5356.5 4.0261501e-16 1e-20
5358.0 4.3020901e-16 1e-20
5359.5 4.6814299e-16 1e-20
5361.0 4.40316e-16 1e-20
5362.5 4.1919499e-16 1e-20
5364.0 4.4404598e-16 1e-20
5365.5 4.66807e-16 1e-20
5367.0 4.17691e-16 1e-20
5368.5 4.1544899e-16 1e-20
5370.0 4.4454804e-16 1e-20
5371.5 5.0818001e-16 1e-20
5373.0 5.1210998e-16 1e-20
5374.5 4.3713401e-16 1e-20
5376.0 3.6906001e-16 1e-20
5377.5 3.8821598e-16 1e-20
5379.0 4.59433e-16 1e-20
5380.5 4.48188e-16 1e-20
5382.0 4.30687e-16 1e-20
5383.5 4.1856797e-16 1e-20
5385.0 4.33292e-16 1e-20
5386.5 4.46487e-16 1e-20
5388.0 4.4627498e-16 1e-20
5389.5 3.7291899e-16 1e-20
5391.0 4.5973301e-16 1e-20
5392.5 4.7962097e-16 1e-20
5394.0 4.3163301e-16 1e-20
5395.5 4.10285e-16 1e-20
5397.0 3.7372099e-16 1e-20
5398.5 4.19075e-16 1e-20
5400.0 4.20576e-16 1e-20
5401.5 3.6905599e-16 1e-20
5403.0 4.4571504e-16 1e-20
5404.5 4.5882901e-16 1e-20
5406.0 3.9361102e-16 1e-20
5407.5 4.05572e-16 1e-20
5409.0 4.3817801e-16 1e-20
5410.5 4.6077401e-16 1e-20
5412.0 5.1159001e-16 1e-20
5413.5 4.9022101e-16 1e-20
5415.0 4.3382299e-16 1e-20
5416.5 4.5144701e-16 1e-20
5418.0 4.6510299e-16 1e-20
5419.5 4.4960297e-16 1e-20
5421.0 4.3477698e-16 1e-20
5422.5 4.2184901e-16 1e-20
5424.0 4.25643e-16 1e-20
5425.5 4.6005599e-16 1e-20
5427.0 4.9335503e-16 1e-20
5428.5 4.4205202e-16 1e-20
5430.0 4.2393898e-16 1e-20
5431.5 4.5096198e-16 1e-20
5433.0 4.4918099e-16 1e-20
5434.5 4.1705099e-16 1e-20
5436.0 4.2165102e-16 1e-20
5437.5 4.04807e-16 1e-20
5439.0 4.7395501e-16 1e-20
5440.5 4.3100602e-16 1e-20
5442.0 4.21689e-16 1e-20
5443.5 4.3307799e-16 1e-20
5445.0 3.9925102e-16 1e-20
5446.5 4.44243e-16 1e-20
5448.0 3.9903103e-16 1e-20
5449.5 4.2405701e-16 1e-20
5451.0 4.34798e-16 1e-20
5452.5 4.3093299e-16 1e-20
5454.0 4.1007999e-16 1e-20
5455.5 3.8569799e-16 1e-20
5457.0 3.4555702e-16 1e-20
5458.5 4.4868203e-16 1e-20
5460.0 4.18469e-16 1e-20
5461.5 4.07752e-16 1e-20
5463.0 3.9449302e-16 1e-20
5464.5 3.88763e-16 1e-20
5466.0 4.19319e-16 1e-20
5467.5 4.1311401e-16 1e-20
5469.0 4.43668e-16 1e-20
5470.5 4.1544499e-16 1e-20
5472.0 3.7466202e-16 1e-20
5473.5 3.8010299e-16 1e-20
5475.0 3.8751098e-16 1e-20
5476.5 4.23711e-16 1e-20
5478.0 4.3209499e-16 1e-20
5479.5 4.17884e-16 1e-20
5481.0 4.3455501e-16 1e-20
5482.5 4.1736101e-16 1e-20
5484.0 4.09674e-16 1e-20
5485.5 3.84529e-16 1e-20
5487.0 3.8841e-16 1e-20
5488.5 3.9540898e-16 1e-20
5490.0 4.2525601e-16 1e-20
5491.5 3.62992e-16 1e-20
5493.0 3.6226101e-16 1e-20
5494.5 4.0964499e-16 1e-20
5496.0 3.6667101e-16 1e-20
5497.5 3.7915201e-16 1e-20
5499.0 3.9854801e-16 1e-20
5500.5 3.9843699e-16 1e-20
5502.0 3.98854e-16 1e-20
5503.5 3.6076798e-16 1e-20
5505.0 3.6503401e-16 1e-20
5506.5 3.8679799e-16 1e-20
5508.0 3.8348901e-16 1e-20
5509.5 4.0733502e-16 1e-20
5511.0 3.9260501e-16 1e-20
5512.5 3.2811401e-16 1e-20
5514.0 3.49874e-16 1e-20
5515.5 3.3885198e-16 1e-20
5517.0 3.61192e-16 1e-20
5518.5 3.3500399e-16 1e-20
5520.0 3.6916102e-16 1e-20
5521.5 3.9021e-16 1e-20
5523.0 4.3730199e-16 1e-20
5524.5 4.3568799e-16 1e-20
5526.0 4.1114598e-16 1e-20
5527.5 3.2952499e-16 1e-20
5529.0 3.6253e-16 1e-20
5530.5 3.9476299e-16 1e-20
5532.0 3.5826503e-16 1e-20
5533.5 3.01125e-16 1e-20
5535.0 3.54705e-16 1e-20
5536.5 3.8407401e-16 1e-20
5538.0 3.7157101e-16 1e-20
5539.5 4.10978e-16 1e-20
5541.0 3.8520602e-16 1e-20
5542.5 3.8929902e-16 1e-20
5544.0 3.7344899e-16 1e-20
5545.5 3.6497101e-16 1e-20
5547.0 3.4578601e-16 1e-20
5548.5 3.7006899e-16 1e-20
5550.0 3.6822799e-16 1e-20
5551.5 3.06481e-16 1e-20
5553.0 3.1437501e-16 1e-20
5554.5 3.3768202e-16 1e-20
5556.0 3.45853e-16 1e-20
5557.5 3.8239001e-16 1e-20
5559.0 3.9001201e-16 1e-20
5560.5 4.0967e-16 1e-20
5562.0 3.84895e-16 1e-20
5563.5 3.8766599e-16 1e-20
5565.0 4.0136399e-16 1e-20
5566.5 3.6141501e-16 1e-20
5568.0 3.25307e-16 1e-20
5569.5 3.5742699e-16 1e-20
5571.0 3.7024501e-16 1e-20
5572.5 3.8567599e-16 1e-20
5574.0 4.4985999e-16 1e-20
5575.5 4.5845902e-16 1e-20
5577.0 4.1803299e-16 1e-20
5578.5 3.07995e-16 1e-20
5580.0 3.32613e-16 1e-20
5581.5 4.10398e-16 1e-20
5583.0 3.8248501e-16 1e-20
5584.5 3.8684402e-16 1e-20
5586.0 4.0514099e-16 1e-20
5587.5 3.9697501e-16 1e-20
5589.0 4.08476e-16 1e-20
5590.5 3.7005602e-16 1e-20
5592.0 4.1972301e-16 1e-20
5593.5 4.0110703e-16 1e-20
5595.0 3.6064802e-16 1e-20
5596.5 3.75075e-16 1e-20
5598.0 3.90164e-16 1e-20
5599.5 3.8579e-16 1e-20
5601.0 4.3957902e-16 1e-20
5602.5 4.1205702e-16 1e-20
5604.0 3.6449998e-16 1e-20
5605.5 3.6709e-16 1e-20
5607.0 3.9335998e-16 1e-20
5608.5 4.7330099e-16 1e-20
5610.0 5.0372303e-16 1e-20
5611.5 4.6748198e-16 1e-20
5613.0 4.2772901e-16 1e-20
5614.5 4.23643e-16 1e-20
5616.0 4.06549e-16 1e-20
5617.5 3.8694702e-16 1e-20
5619.0 4.3589102e-16 1e-20
5620.5 4.55153e-16 1e-20
5622.0 4.4613299e-16 1e-20
5623.5 4.3767198e-16 1e-20
5625.0 4.3050201e-16 1e-20
5626.5 4.4751302e-16 1e-20
5628.0 4.37734e-16 1e-20
5629.5 4.41203e-16 1e-20
5631.0 4.0244801e-16 1e-20
5632.5 3.54742e-16 1e-20
5634.0 3.4829e-16 1e-20
5635.5 3.70592e-16 1e-20
5637.0 4.17115e-16 1e-20
5638.5 4.66074e-16 1e-20
5640.0 4.5581098e-16 1e-20
5641.5 4.3450201e-16 1e-20
5643.0 4.4627403e-16 1e-20
5644.5 4.19514e-16 1e-20
5646.0 4.22838e-16 1e-20
5647.5 4.30601e-16 1e-20
5649.0 4.32985e-16 1e-20
5650.5 4.6218697e-16 1e-20
5652.0 4.56394e-16 1e-20
5653.5 3.8802002e-16 1e-20
5655.0 4.0176901e-16 1e-20
5656.5 4.2139198e-16 1e-20
5658.0 4.2395698e-16 1e-20
5659.5 4.2768099e-16 1e-20
5661.0 3.9684502e-16 1e-20
5662.5 4.2994799e-16 1e-20
5664.0 4.2599402e-16 1e-20
5665.5 4.2317798e-16 1e-20
5667.0 4.1654701e-16 1e-20
5668.5 3.8365201e-16 1e-20
5670.0 3.8421899e-16 1e-20
5671.5 4.9818301e-16 1e-20
5673.0 5.1153198e-16 1e-20
5674.5 4.2324799e-16 1e-20
5676.0 4.5364099e-16 1e-20
5677.5 4.6799899e-16 1e-20
5679.0 4.3460199e-16 1e-20
5680.5 4.39832e-16 1e-20
5682.0 4.7431902e-16 1e-20
5683.5 4.39571e-16 1e-20
5685.0 3.7546199e-16 1e-20
5686.5 4.0613602e-16 1e-20
5688.0 3.98786e-16 1e-20
5689.5 3.9057002e-16 1e-20
5691.0 4.0620198e-16 1e-20
5692.5 4.0358499e-16 1e-20
5694.0 4.08404e-16 1e-20
5695.5 4.57968e-16 1e-20
5697.0 4.3501201e-16 1e-20
5698.5 4.39516e-16 1e-20
5700.0 4.20509e-16 1e-20
5701.5 3.8288002e-16 1e-20
5703.0 4.0884102e-16 1e-20
5704.5 3.7901802e-16 1e-20
5706.0 3.7398201e-16 1e-20
5707.5 4.1965898e-16 1e-20
5709.0 4.28393e-16 1e-20
5710.5 4.3753299e-16 1e-20
5712.0 4.2456701e-16 1e-20
5713.5 3.8313299e-16 1e-20
5715.0 3.6785399e-16 1e-20
5716.5 3.9544202e-16 1e-20
5718.0 3.7152901e-16 1e-20
5719.5 4.0315801e-16 1e-20
5721.0 4.4904001e-16 1e-20
5722.5 4.4515202e-16 1e-20
5724.0 4.2940801e-16 1e-20
5725.5 3.7621598e-16 1e-20
5727.0 3.9879899e-16 1e-20
5728.5 4.0004302e-16 1e-20
5730.0 4.0528899e-16 1e-20
5731.5 4.0857301e-16 1e-20
5733.0 4.2902801e-16 1e-20
5734.5 4.51961e-16 1e-20
5736.0 3.7312902e-16 1e-20
5737.5 4.2785701e-16 1e-20
5739.0 4.2726301e-16 1e-20
5740.5 4.23023e-16 1e-20
5742.0 4.6216701e-16 1e-20
5743.5 4.4470003e-16 1e-20
5745.0 4.5342801e-16 1e-20
5746.5 4.06943e-16 1e-20
5748.0 4.0567402e-16 1e-20
5749.5 4.0492799e-16 1e-20
5751.0 4.06364e-16 1e-20
5752.5 3.46309e-16 1e-20
5754.0 4.02088e-16 1e-20
5755.5 4.3792098e-16 1e-20
5757.0 4.4837202e-16 1e-20
5758.5 4.4546103e-16 1e-20
5760.0 4.1223799e-16 1e-20
5761.5 3.8453501e-16 1e-20
5763.0 3.8895801e-16 1e-20
5764.5 3.8683201e-16 1e-20
5766.0 4.4162699e-16 1e-20
5767.5 4.5230998e-16 1e-20
5769.0 4.4863598e-16 1e-20
5770.5 4.6194196e-16 1e-20
5772.0 4.1439001e-16 1e-20
5773.5 3.62585e-16 1e-20
5775.0 4.1384701e-16 1e-20
5776.5 4.0395298e-16 1e-20
5778.0 3.81865e-16 1e-20
5779.5 3.6940602e-16 1e-20
5781.0 3.62522e-16 1e-20
5782.5 3.39945e-16 1e-20
5784.0 3.4169301e-16 1e-20
5785.5 3.4009601e-16 1e-20
5787.0 3.33314e-16 1e-20
5788.5 3.5130001e-16 1e-20
5790.0 3.8715899e-16 1e-20
5791.5 3.8148702e-16 1e-20
5793.0 3.7069801e-16 1e-20
5794.5 3.5935598e-16 1e-20
5796.0 3.7328602e-16 1e-20
5797.5 3.7694001e-16 1e-20
5799.0 3.5861501e-16 1e-20
5800.5 3.3715601e-16 1e-20
5802.0 3.0535098e-16 1e-20
5803.5 3.4034602e-16 1e-20
5805.0 2.9090301e-16 1e-20
5806.5 2.9014399e-16 1e-20
5808.0 2.80457e-16 1e-20
5809.5 3.2592801e-16 1e-20
5811.0 2.79583e-16 1e-20
5812.5 2.6461198e-16 1e-20
5814.0 2.7850602e-16 1e-20
5815.5 3.0269199e-16 1e-20
5817.0 3.0157502e-16 1e-20
5818.5 3.04634e-16 1e-20
5820.0 2.8341699e-16 1e-20
5821.5 2.7984899e-16 1e-20
5823.0 2.7737799e-16 1e-20
5824.5 2.7284601e-16 1e-20
5826.0 3.1292301e-16 1e-20
5827.5 2.8655699e-16 1e-20
5829.0 3.1751999e-16 1e-20
5830.5 3.14953e-16 1e-20
5832.0 3.0681802e-16 1e-20
5833.5 3.4044599e-16 1e-20
5835.0 3.4151101e-16 1e-20
5836.5 3.4631601e-16 1e-20
5838.0 2.81442e-16 1e-20
5839.5 2.89892e-16 1e-20
5841.0 3.12166e-16 1e-20
5842.5 2.8137299e-16 1e-20
5844.0 3.1295898e-16 1e-20
5845.5 2.8299601e-16 1e-20
5847.0 2.75811e-16 1e-20
5848.5 3.0664101e-16 1e-20
5850.0 3.0728701e-16 1e-20
5851.5 2.9864902e-16 1e-20
5853.0 3.1201602e-16 1e-20
5854.5 3.0074598e-16 1e-20
5856.0 3.19358e-16 1e-20
5857.5 3.3060802e-16 1e-20
5859.0 3.1713001e-16 1e-20
5860.5 3.0772299e-16 1e-20
5862.0 3.0077801e-16 1e-20
5863.5 2.9274899e-16 1e-20
5865.0 3.2093599e-16 1e-20
5866.5 3.7998599e-16 1e-20
5868.0 3.7484403e-16 1e-20
5869.5 3.06155e-16 1e-20
5871.0 2.5788302e-16 1e-20
5872.5 3.1879199e-16 1e-20
5874.0 3.3659398e-16 1e-20
5875.5 3.1615902e-16 1e-20
5877.0 3.60387e-16 1e-20
5878.5 3.5424699e-16 1e-20
5880.0 3.54841e-16 1e-20
5881.5 3.76672e-16 1e-20
5883.0 3.7643502e-16 1e-20
5884.5 3.3872901e-16 1e-20
5886.0 2.9801398e-16 1e-20
5887.5 3.1949299e-16 1e-20
5889.0 3.16178e-16 1e-20
5890.5 3.71487e-16 1e-20
5892.0 3.6931198e-16 1e-20
5893.5 3.3883499e-16 1e-20
5895.0 3.7615698e-16 1e-20
5896.5 3.23443e-16 1e-20
5898.0 3.74364e-16 1e-20
5899.5 3.3944898e-16 1e-20
5901.0 3.07634e-16 1e-20
5902.5 3.6123202e-16 1e-20
5904.0 3.7773699e-16 1e-20
5905.5 3.5730902e-16 1e-20
5907.0 3.4455101e-16 1e-20
5908.5 3.2135702e-16 1e-20
5910.0 3.5747999e-16 1e-20
5911.5 4.42868e-16 1e-20
5913.0 4.08033e-16 1e-20
5914.5 3.23466e-16 1e-20
5916.0 3.1796802e-16 1e-20
5917.5 3.9270099e-16 1e-20
5919.0 4.07268e-16 1e-20
5920.5 3.59713e-16 1e-20
5922.0 3.5317002e-16 1e-20
5923.5 4.2345501e-16 1e-20
5925.0 4.54204e-16 1e-20
5926.5 4.36281e-16 1e-20
5928.0 4.21462e-16 1e-20
5929.5 4.3306899e-16 1e-20
5931.0 4.40258e-16 1e-20
5932.5 4.09462e-16 1e-20
5934.0 3.9584499e-16 1e-20
5935.5 4.2642998e-16 1e-20
5937.0 4.51037e-16 1e-20
5938.5 4.3188198e-16 1e-20
5940.0 4.04658e-16 1e-20
5941.5 4.2012501e-16 1e-20
5943.0 3.7106698e-16 1e-20
5944.5 3.4672298e-16 1e-20
5946.0 3.9502702e-16 1e-20
5947.5 4.2990501e-16 1e-20
5949.0 3.9422102e-16 1e-20
5950.5 4.6160199e-16 1e-20
5952.0 4.4270799e-16 1e-20
5953.5 4.3899102e-16 1e-20
5955.0 4.3881601e-16 1e-20
5956.5 4.2763599e-16 1e-20
5958.0 4.3368598e-16 1e-20
5959.5 4.7024103e-16 1e-20
5961.0 4.5172796e-16 1e-20
5962.5 4.3749201e-16 1e-20
5964.0 4.3201899e-16 1e-20
5965.5 4.9395203e-16 1e-20
5967.0 5.0675202e-16 1e-20
5968.5 4.15523e-16 1e-20
5970.0 3.8850799e-16 1e-20
5971.5 4.8196201e-16 1e-20
5973.0 4.4277303e-16 1e-20
5974.5 4.0860999e-16 1e-20
5976.0 4.0236302e-16 1e-20
5977.5 4.3919e-16 1e-20
5979.0 4.5308999e-16 1e-20
5980.5 4.24589e-16 1e-20
5982.0 4.2598798e-16 1e-20
5983.5 4.2590799e-16 1e-20
5985.0 4.1893601e-16 1e-20
5986.5 4.38309e-16 1e-20
5988.0 4.1900798e-16 1e-20
5989.5 3.48943e-16 1e-20
5991.0 3.4549902e-16 1e-20
5992.5 4.1731799e-16 1e-20
5994.0 4.2640401e-16 1e-20
5995.5 4.1544602e-16 1e-20
5997.0 3.9436099e-16 1e-20
5998.5 4.0156498e-16 1e-20
6000.0 4.20785e-16 1e-20
6001.5 4.2689402e-16 1e-20
6003.0 4.3584001e-16 1e-20
6004.5 4.0620698e-16 1e-20
6006.0 4.1211501e-16 1e-20
6007.5 4.2797499e-16 1e-20
6009.0 4.12584e-16 1e-20
6010.5 4.1223402e-16 1e-20
6012.0 4.03627e-16 1e-20
6013.5 3.9513798e-16 1e-20
6015.0 4.0329798e-16 1e-20
6016.5 4.4732101e-16 1e-20
6018.0 4.7186898e-16 1e-20
6019.5 4.6526302e-16 1e-20
6021.0 4.3038101e-16 1e-20
6022.5 3.7785301e-16 1e-20
6024.0 4.15623e-16 1e-20
6025.5 4.4911201e-16 1e-20
6027.0 4.2859399e-16 1e-20
6028.5 4.3193701e-16 1e-20
6030.0 4.33233e-16 1e-20
6031.5 4.3070201e-16 1e-20
6033.0 4.7211499e-16 1e-20
6034.5 4.53317e-16 1e-20
6036.0 4.6078603e-16 1e-20
6037.5 4.22204e-16 1e-20
6039.0 4.1468798e-16 1e-20
6040.5 4.2047798e-16 1e-20
6042.0 4.38882e-16 1e-20
6043.5 4.0565199e-16 1e-20
6045.0 4.1796401e-16 1e-20
6046.5 4.0261001e-16 1e-20
6048.0 4.2964399e-16 1e-20
6049.5 4.5667803e-16 1e-20
6051.0 4.5667803e-16 1e-20
6052.5 4.5064101e-16 1e-20
6054.0 4.1870099e-16 1e-20
6055.5 4.7238498e-16 1e-20
6057.0 4.8125702e-16 1e-20
6058.5 3.9542201e-16 1e-20
6060.0 4.00759e-16 1e-20
6061.5 4.2404402e-16 1e-20
6063.0 4.4552101e-16 1e-20
6064.5 4.28623e-16 1e-20
6066.0 4.1978101e-16 1e-20
6067.5 4.3490899e-16 1e-20
6069.0 4.5984799e-16 1e-20
6070.5 4.1488399e-16 1e-20
6072.0 3.8974699e-16 1e-20
6073.5 4.02518e-16 1e-20
6075.0 4.0943598e-16 1e-20
6076.5 4.2378199e-16 1e-20
6078.0 4.2527401e-16 1e-20
6079.5 4.4544002e-16 1e-20
6081.0 4.0101999e-16 1e-20
6082.5 3.7311598e-16 1e-20
6084.0 4.1277199e-16 1e-20
6085.5 4.2591101e-16 1e-20
6087.0 4.2755301e-16 1e-20
6088.5 4.2034899e-16 1e-20
6090.0 3.9989601e-16 1e-20
6091.5 3.92839e-16 1e-20
6093.0 4.0411698e-16 1e-20
6094.5 3.9325e-16 1e-20
6096.0 3.81747e-16 1e-20
6097.5 4.09317e-16 1e-20
6099.0 4.03926e-16 1e-20
6100.5 3.8631799e-16 1e-20
6102.0 3.85221e-16 1e-20
6103.5 3.5517201e-16 1e-20
6105.0 3.4064902e-16 1e-20
6106.5 3.2239199e-16 1e-20
6108.0 3.6112898e-16 1e-20
6109.5 4.05645e-16 1e-20
6111.0 3.3713298e-16 1e-20
6112.5 3.41066e-16 1e-20
6114.0 3.65223e-16 1e-20
6115.5 3.3616199e-16 1e-20
6117.0 3.4743301e-16 1e-20
6118.5 3.8011501e-16 1e-20
6120.0 3.1369299e-16 1e-20
6121.5 3.2876199e-16 1e-20
6123.0 3.2323e-16 1e-20
6124.5 3.06249e-16 1e-20
6126.0 2.89141e-16 1e-20
6127.5 2.8552499e-16 1e-20
6129.0 3.1339099e-16 1e-20
6130.5 3.0776302e-16 1e-20
6132.0 2.8005702e-16 1e-20
6133.5 2.6962599e-16 1e-20
6135.0 3.01378e-16 1e-20
6136.5 2.91367e-16 1e-20
6138.0 2.78159e-16 1e-20
6139.5 2.61516e-16 1e-20
6141.0 2.8617998e-16 1e-20
6142.5 2.3796401e-16 1e-20
6144.0 2.39574e-16 1e-20
6145.5 2.55849e-16 1e-20
6147.0 2.53483e-16 1e-20
6148.5 2.2612302e-16 1e-20
6150.0 2.518e-16 1e-20
6151.5 2.5302499e-16 1e-20
6153.0 2.3141599e-16 1e-20
6154.5 2.5109699e-16 1e-20
6156.0 2.51284e-16 1e-20
6157.5 2.19096e-16 1e-20
6159.0 1.61212e-16 1e-20
6160.5 1.66264e-16 1e-20
6162.0 2.29942e-16 1e-20
6163.5 2.107e-16 1e-20
6165.0 2.0737601e-16 1e-20
6166.5 2.3014899e-16 1e-20
6168.0 1.8863601e-16 1e-20
6169.5 1.7744901e-16 1e-20
6171.0 2.16594e-16 1e-20
6172.5 1.5708799e-16 1e-20
6174.0 1.8227801e-16 1e-20
6175.5 2.20183e-16 1e-20
6177.0 1.78518e-16 1e-20
6178.5 2.15245e-16 1e-20
6180.0 1.9829301e-16 1e-20
6181.5 1.6096101e-16 1e-20
6183.0 1.76377e-16 1e-20
6184.5 2.08695e-16 1e-20
6186.0 2.36804e-16 1e-20
6187.5 2.2525902e-16 1e-20
6189.0 1.87394e-16 1e-20
6190.5 1.18791e-16 1e-20
6192.0 1.6141e-16 1e-20
6193.5 1.7928299e-16 1e-20
6195.0 1.8255e-16 1e-20
6196.5 2.19149e-16 1e-20
6198.0 1.59564e-16 1e-20
6199.5 1.6100099e-16 1e-20
6201.0 2.0918601e-16 1e-20
6202.5 2.5225202e-16 1e-20
6204.0 2.4874801e-16 1e-20
6205.5 1.85644e-16 1e-20
6207.0 1.26022e-16 1e-20
6208.5 1.6038201e-16 1e-20
6210.0 1.54728e-16 1e-20
6211.5 1.9273e-16 1e-20
6213.0 1.9263e-16 1e-20
6214.5 1.89231e-16 1e-20
6216.0 1.96102e-16 1e-20
6217.5 1.8531499e-16 1e-20
6219.0 1.8152501e-16 1e-20
6220.5 2.1024001e-16 1e-20
6222.0 2.2188e-16 1e-20
6223.5 2.2581901e-16 1e-20
6225.0 2.33327e-16 1e-20
6226.5 1.95637e-16 1e-20
6228.0 1.57047e-16 1e-20
6229.5 1.43859e-16 1e-20
6231.0 1.6277599e-16 1e-20
6232.5 1.8442399e-16 1e-20
6234.0 1.95013e-16 1e-20
6235.5 2.2292502e-16 1e-20
6237.0 2.4424499e-16 1e-20
6238.5 2.1914601e-16 1e-20
6240.0 1.95064e-16 1e-20
6241.5 1.85031e-16 1e-20
6243.0 2.1532901e-16 1e-20
6244.5 1.9566301e-16 1e-20
6246.0 2.34312e-16 1e-20
6247.5 2.8090101e-16 1e-20
6249.0 2.2766999e-16 1e-20
6250.5 2.5946199e-16 1e-20
6252.0 2.3874701e-16 1e-20
6253.5 2.32386e-16 1e-20
6255.0 2.42731e-16 1e-20
6256.5 2.2835701e-16 1e-20
6258.0 2.3141401e-16 1e-20
6259.5 2.2133801e-16 1e-20
6261.0 2.31499e-16 1e-20
6262.5 2.5646498e-16 1e-20
6264.0 2.50741e-16 1e-20
6265.5 2.3666299e-16 1e-20
6267.0 2.2830201e-16 1e-20
6268.5 2.5625603e-16 1e-20
6270.0 2.5941901e-16 1e-20
6271.5 2.2616801e-16 1e-20
6273.0 2.58219e-16 1e-20
6274.5 2.7286499e-16 1e-20
6276.0 2.2568798e-16 1e-20
6277.5 2.5283301e-16 1e-20
6279.0 2.9250099e-16 1e-20
6280.5 2.7049701e-16 1e-20
6282.0 2.5844402e-16 1e-20
6283.5 2.5962701e-16 1e-20
6285.0 2.6957199e-16 1e-20
6286.5 3.0479602e-16 1e-20
6288.0 3.0085401e-16 1e-20
6289.5 2.91304e-16 1e-20
6291.0 3.0041e-16 1e-20
6292.5 2.7142501e-16 1e-20
6294.0 2.7735099e-16 1e-20
6295.5 3.0015798e-16 1e-20
6297.0 2.98691e-16 1e-20
6298.5 3.1684901e-16 1e-20
6300.0 3.5568499e-16 1e-20
6301.5 3.9682901e-16 1e-20
6303.0 3.6732103e-16 1e-20
6304.5 3.2264599e-16 1e-20
6306.0 3.4503998e-16 1e-20
6307.5 3.70334e-16 1e-20
6309.0 3.70247e-16 1e-20
6310.5 3.17785e-16 1e-20
6312.0 3.1235298e-16 1e-20
6313.5 3.2707801e-16 1e-20
6315.0 3.07738e-16 1e-20
6316.5 3.22095e-16 1e-20
6318.0 3.70615e-16 1e-20
6319.5 3.6758803e-16 1e-20
6321.0 3.01983e-16 1e-20
6322.5 3.01649e-16 1e-20
6324.0 3.1159401e-16 1e-20
6325.5 3.7441098e-16 1e-20
6327.0 3.3928299e-16 1e-20
6328.5 3.1075799e-16 1e-20
6330.0 2.89589e-16 1e-20
6331.5 3.0003101e-16 1e-20
6333.0 3.64422e-16 1e-20
6334.5 3.1627601e-16 1e-20
6336.0 3.3840099e-16 1e-20
6337.5 3.8446799e-16 1e-20
6339.0 3.4175699e-16 1e-20
6340.5 3.28153e-16 1e-20
6342.0 3.5236401e-16 1e-20
6343.5 3.5166799e-16 1e-20
6345.0 3.48707e-16 1e-20
6346.5 3.5005301e-16 1e-20
6348.0 3.3007802e-16 1e-20
6349.5 3.10457e-16 1e-20
6351.0 3.4676502e-16 1e-20
6352.5 3.22719e-16 1e-20
6354.0 3.2600199e-16 1e-20
6355.5 3.4949601e-16 1e-20
6357.0 3.71868e-16 1e-20
6358.5 3.64947e-16 1e-20
6360.0 3.7041399e-16 1e-20
6361.5 3.5408701e-16 1e-20
6363.0 3.32423e-16 1e-20
6364.5 3.8228e-16 1e-20
6366.0 4.1031599e-16 1e-20
6367.5 3.6261001e-16 1e-20
6369.0 3.4514499e-16 1e-20
6370.5 3.4905e-16 1e-20
6372.0 3.2155499e-16 1e-20
6373.5 3.51571e-16 1e-20
6375.0 3.8995298e-16 1e-20
6376.5 3.84379e-16 1e-20
6378.0 3.9384099e-16 1e-20
6379.5 4.1163999e-16 1e-20
6381.0 4.1621801e-16 1e-20
6382.5 3.89821e-16 1e-20
6384.0 3.78861e-16 1e-20
6385.5 4.1188301e-16 1e-20
6387.0 4.18016e-16 1e-20
6388.5 3.8718199e-16 1e-20
6390.0 4.0431201e-16 1e-20
6391.5 3.79132e-16 1e-20
6393.0 3.5554999e-16 1e-20
6394.5 3.55945e-16 1e-20
6396.0 3.9006902e-16 1e-20
6397.5 4.1540102e-16 1e-20
6399.0 3.7255701e-16 1e-20
6400.5 3.6447502e-16 1e-20
6402.0 3.9728201e-16 1e-20
6403.5 4.3761798e-16 1e-20
6405.0 3.74088e-16 1e-20
6406.5 3.66521e-16 1e-20
6408.0 3.7136701e-16 1e-20
6409.5 4.0139801e-16 1e-20
6411.0 3.7200901e-16 1e-20
6412.5 4.0962802e-16 1e-20
6414.0 4.1400501e-16 1e-20
6415.5 3.97266e-16 1e-20
6417.0 3.8498701e-16 1e-20
6418.5 3.28682e-16 1e-20
6420.0 3.7599901e-16 1e-20
6421.5 4.0634301e-16 1e-20
6423.0 4.02948e-16 1e-20
6424.5 3.62644e-16 1e-20
6426.0 3.8479201e-16 1e-20
6427.5 3.8053598e-16 1e-20
6429.0 3.89712e-16 1e-20
6430.5 3.9163198e-16 1e-20
6432.0 3.5339702e-16 1e-20
6433.5 3.58261e-16 1e-20
6435.0 3.9828601e-16 1e-20
6436.5 4.06707e-16 1e-20
6438.0 4.09033e-16 1e-20
6439.5 4.10104e-16 1e-20
6441.0 3.74057e-16 1e-20
6442.5 3.5993702e-16 1e-20
6444.0 3.7670202e-16 1e-20
6445.5 4.2379999e-16 1e-20
6447.0 4.1679299e-16 1e-20
6448.5 4.02623e-16 1e-20
6450.0 4.1642601e-16 1e-20
6451.5 4.2841802e-16 1e-20
6453.0 4.1015e-16 1e-20
6454.5 4.0496002e-16 1e-20
6456.0 4.1145398e-16 1e-20
6457.5 4.12154e-16 1e-20
6459.0 4.29039e-16 1e-20
6460.5 4.13126e-16 1e-20
6462.0 4.2183501e-16 1e-20
6463.5 3.8614699e-16 1e-20
6465.0 3.6895098e-16 1e-20
6466.5 3.7923899e-16 1e-20
6468.0 3.8528e-16 1e-20
6469.5 3.87727e-16 1e-20
6471.0 4.0574199e-16 1e-20
6472.5 4.4526802e-16 1e-20
6474.0 3.8534001e-16 1e-20
6475.5 3.6650602e-16 1e-20
6477.0 4.5147798e-16 1e-20
6478.5 4.1614501e-16 1e-20
6480.0 4.16138e-16 1e-20
6481.5 4.0956301e-16 1e-20
6483.0 3.6462301e-16 1e-20
6484.5 4.09068e-16 1e-20
6486.0 4.1301901e-16 1e-20
6487.5 3.8745701e-16 1e-20
6489.0 4.0867299e-16 1e-20
6490.5 4.3747401e-16 1e-20
6492.0 3.9032199e-16 1e-20
6493.5 3.9813399e-16 1e-20
6495.0 4.5619998e-16 1e-20
6496.5 4.2206299e-16 1e-20
6498.0 4.2321901e-16 1e-20
6499.5 4.2709402e-16 1e-20
6501.0 3.9463699e-16 1e-20
6502.5 4.30777e-16 1e-20
6504.0 4.6702099e-16 1e-20
6505.5 4.2109298e-16 1e-20
6507.0 4.1576599e-16 1e-20
6508.5 4.4870501e-16 1e-20
6510.0 3.99389e-16 1e-20
6511.5 3.6231501e-16 1e-20
6513.0 3.9929599e-16 1e-20
6514.5 4.3763598e-16 1e-20
6516.0 4.08064e-16 1e-20
6517.5 3.75939e-16 1e-20
6519.0 3.9691601e-16 1e-20
6520.5 4.06898e-16 1e-20
6522.0 3.9488901e-16 1e-20
6523.5 3.7478e-16 1e-20
6525.0 3.9194102e-16 1e-20
6526.5 3.7961301e-16 1e-20
6528.0 3.87505e-16 1e-20
6529.5 3.8789498e-16 1e-20
6531.0 3.52503e-16 1e-20
6532.5 3.4198601e-16 1e-20
6534.0 3.7249198e-16 1e-20
6535.5 3.8366e-16 1e-20
6537.0 3.87025e-16 1e-20
6538.5 4.00682e-16 1e-20
6540.0 3.4076e-16 1e-20
6541.5 3.2694101e-16 1e-20
6543.0 3.3065302e-16 1e-20
6544.5 3.5564301e-16 1e-20
6546.0 3.6131599e-16 1e-20
6547.5 3.8697698e-16 1e-20
6549.0 3.49625e-16 1e-20
6550.5 3.31192e-16 1e-20
6552.0 3.8152601e-16 1e-20
6553.5 4.2698301e-16 1e-20
6555.0 4.1201099e-16 1e-20
6556.5 3.8032499e-16 1e-20
6558.0 3.2370799e-16 1e-20
6559.5 3.61621e-16 1e-20
6561.0 3.59301e-16 1e-20
6562.5 4.1573701e-16 1e-20
6564.0 4.0627001e-16 1e-20
6565.5 3.76337e-16 1e-20
6567.0 3.7213201e-16 1e-20
6568.5 3.7610799e-16 1e-20
6570.0 3.4236e-16 1e-20
6571.5 3.13967e-16 1e-20
6573.0 3.6123401e-16 1e-20
6574.5 3.40547e-16 1e-20
6576.0 3.6763501e-16 1e-20
6577.5 3.4232e-16 1e-20
6579.0 3.49969e-16 1e-20
6580.5 3.7008198e-16 1e-20
6582.0 3.55235e-16 1e-20
6583.5 3.77612e-16 1e-20
6585.0 3.6856201e-16 1e-20
6586.5 3.5641301e-16 1e-20
6588.0 3.28352e-16 1e-20
6589.5 3.5328e-16 1e-20
6591.0 3.95792e-16 1e-20
6592.5 3.5726402e-16 1e-20
6594.0 3.32526e-16 1e-20
6595.5 3.58391e-16 1e-20
6597.0 3.63195e-16 1e-20
6598.5 3.7592802e-16 1e-20
6600.0 3.6200899e-16 1e-20
6601.5 3.4031902e-16 1e-20
6603.0 3.5178599e-16 1e-20
6604.5 3.3143899e-16 1e-20
6606.0 3.4199e-16 1e-20
6607.5 3.4319499e-16 1e-20
6609.0 3.4861301e-16 1e-20
6610.5 3.5776499e-16 1e-20
6612.0 3.6579999e-16 1e-20
6613.5 3.1680102e-16 1e-20
6615.0 3.46156e-16 1e-20
6616.5 3.58423e-16 1e-20
6618.0 3.64059e-16 1e-20
6619.5 3.57872e-16 1e-20
6621.0 3.30405e-16 1e-20
6622.5 3.74165e-16 1e-20
6624.0 3.66855e-16 1e-20
6625.5 3.3155098e-16 1e-20
6627.0 3.4157699e-16 1e-20
6628.5 3.8045599e-16 1e-20
6630.0 4.0325402e-16 1e-20
6631.5 3.93888e-16 1e-20
6633.0 3.45301e-16 1e-20
6634.5 3.7960899e-16 1e-20
6636.0 3.4604401e-16 1e-20
6637.5 4.0941502e-16 1e-20
6639.0 4.2373601e-16 1e-20
6640.5 3.8597701e-16 1e-20
6642.0 3.4769898e-16 1e-20
6643.5 3.6774902e-16 1e-20
6645.0 3.8415901e-16 1e-20
6646.5 3.1745299e-16 1e-20
6648.0 3.6188e-16 1e-20
6649.5 3.72839e-16 1e-20
6651.0 3.5258901e-16 1e-20
6652.5 3.7836199e-16 1e-20
6654.0 3.6909e-16 1e-20
6655.5 3.55981e-16 1e-20
6657.0 3.5399198e-16 1e-20
6658.5 3.63074e-16 1e-20
6660.0 3.5114e-16 1e-20
6661.5 3.1630201e-16 1e-20
6663.0 3.5014799e-16 1e-20
6664.5 3.7112399e-16 1e-20
6666.0 3.5700898e-16 1e-20
6667.5 3.55502e-16 1e-20
6669.0 3.5399601e-16 1e-20
6670.5 3.52489e-16 1e-20
6672.0 3.50983e-16 1e-20
6673.5 3.49476e-16 1e-20
6675.0 3.47969e-16 1e-20
6676.5 3.46463e-16 1e-20
6678.0 3.4495602e-16 1e-20
6679.5 3.4345002e-16 1e-20
6681.0 3.4194299e-16 1e-20
6682.5 3.4194299e-16 1e-20
6684.0 3.4902998e-16 1e-20
6685.5 3.4052e-16 1e-20
6687.0 3.4210102e-16 1e-20
6688.5 3.38927e-16 1e-20
6690.0 2.93055e-16 1e-20
6691.5 3.3678202e-16 1e-20
6693.0 3.2200701e-16 1e-20
6694.5 3.22565e-16 1e-20
6696.0 3.2312301e-16 1e-20
6697.5 3.2368099e-16 1e-20
6699.0 3.24239e-16 1e-20
6700.5 3.24239e-16 1e-20
6702.0 3.4827001e-16 1e-20
6703.5 3.4204998e-16 1e-20
6705.0 3.40945e-16 1e-20
6706.5 3.5122698e-16 1e-20
6708.0 3.1298302e-16 1e-20
6709.5 3.3891101e-16 1e-20
6711.0 3.4187999e-16 1e-20
6712.5 3.44848e-16 1e-20
6714.0 3.47816e-16 1e-20
6715.5 3.47816e-16 1e-20
6717.0 3.6987999e-16 1e-20
6718.5 3.5310302e-16 1e-20
6720.0 3.28803e-16 1e-20
6721.5 2.9293001e-16 1e-20
6723.0 3.15645e-16 1e-20
6724.5 3.10719e-16 1e-20
6726.0 3.0883801e-16 1e-20
6727.5 3.3572701e-16 1e-20
6729.0 3.59106e-16 1e-20
6730.5 3.5167199e-16 1e-20
6732.0 3.50416e-16 1e-20
6733.5 3.3073802e-16 1e-20
6735.0 2.7290899e-16 1e-20
6736.5 2.9573602e-16 1e-20
6738.0 3.3983999e-16 1e-20
6739.5 3.2246801e-16 1e-20
6741.0 2.9580701e-16 1e-20
6742.5 3.30677e-16 1e-20
6744.0 3.5852401e-16 1e-20
6745.5 3.6353299e-16 1e-20
6747.0 3.51729e-16 1e-20
6748.5 3.2107401e-16 1e-20
6750.0 3.4200599e-16 1e-20
6751.5 3.45133e-16 1e-20
6753.0 3.5456e-16 1e-20
6754.5 3.32101e-16 1e-20
6756.0 3.4507302e-16 1e-20
6757.5 3.35059e-16 1e-20
6759.0 2.8064298e-16 1e-20
6760.5 2.5000598e-16 1e-20
6762.0 2.8086702e-16 1e-20
6763.5 3.25035e-16 1e-20
6765.0 3.50091e-16 1e-20
6766.5 3.2615102e-16 1e-20
6768.0 2.78832e-16 1e-20
6769.5 3.2898101e-16 1e-20
6771.0 3.2380301e-16 1e-20
6772.5 2.88097e-16 1e-20
6774.0 3.2271799e-16 1e-20
6775.5 3.1665702e-16 1e-20
6777.0 2.8128702e-16 1e-20
6778.5 2.7639101e-16 1e-20
6780.0 3.14224e-16 1e-20
6781.5 3.0096701e-16 1e-20
6783.0 3.2251502e-16 1e-20
6784.5 3.37534e-16 1e-20
6786.0 2.9302901e-16 1e-20
6787.5 3.6031201e-16 1e-20
6789.0 3.1423901e-16 1e-20
6790.5 2.6750002e-16 1e-20
6792.0 2.6180899e-16 1e-20
6793.5 3.1189201e-16 1e-20
6795.0 2.8833899e-16 1e-20
6796.5 3.0420699e-16 1e-20
6798.0 3.2796401e-16 1e-20
6799.5 3.12894e-16 1e-20
6801.0 3.3323801e-16 1e-20
6802.5 3.22099e-16 1e-20
6804.0 3.2425901e-16 1e-20
6805.5 3.0313901e-16 1e-20
6807.0 3.01386e-16 1e-20
6808.5 2.9608198e-16 1e-20
6810.0 2.85694e-16 1e-20
6811.5 2.91788e-16 1e-20
6813.0 2.5950101e-16 1e-20
6814.5 2.7839403e-16 1e-20
6816.0 3.1443001e-16 1e-20
6817.5 3.0404801e-16 1e-20
6819.0 2.9374401e-16 1e-20
6820.5 2.7838201e-16 1e-20
6822.0 2.6060501e-16 1e-20
6823.5 2.95904e-16 1e-20
6825.0 2.9795501e-16 1e-20
6826.5 3.32414e-16 1e-20
6828.0 2.50904e-16 1e-20
6829.5 2.2475199e-16 1e-20
6831.0 2.37257e-16 1e-20
6832.5 2.40776e-16 1e-20
6834.0 3.1385601e-16 1e-20
6835.5 2.8154798e-16 1e-20
6837.0 3.0816599e-16 1e-20
6838.5 2.8121502e-16 1e-20
6840.0 2.9830899e-16 1e-20
6841.5 3.7767198e-16 1e-20
6843.0 3.0867101e-16 1e-20
6844.5 2.8852002e-16 1e-20
6846.0 3.4311701e-16 1e-20
6847.5 3.3952201e-16 1e-20
6849.0 2.7967199e-16 1e-20
6850.5 2.45557e-16 1e-20
6852.0 3.3583999e-16 1e-20
6853.5 3.1970599e-16 1e-20
6855.0 2.7916398e-16 1e-20
6856.5 3.0029301e-16 1e-20
6858.0 2.9258601e-16 1e-20
6859.5 2.75666e-16 1e-20
6861.0 2.79235e-16 1e-20
6862.5 3.1647102e-16 1e-20
6864.0 3.04575e-16 1e-20
6865.5 2.60653e-16 1e-20
6867.0 2.5498802e-16 1e-20
6868.5 2.7701699e-16 1e-20
6870.0 2.94823e-16 1e-20
6871.5 2.9330599e-16 1e-20
6873.0 2.7500502e-16 1e-20
6874.5 2.4574999e-16 1e-20
6876.0 2.8698199e-16 1e-20
6877.5 2.9688701e-16 1e-20
6879.0 2.6109401e-16 1e-20
6880.5 2.5786298e-16 1e-20
6882.0 2.7907499e-16 1e-20
6883.5 2.8711399e-16 1e-20
6885.0 2.6425498e-16 1e-20
6886.5 2.5801301e-16 1e-20
6888.0 3.03761e-16 1e-20
6889.5 2.7594301e-16 1e-20
6891.0 2.26903e-16 1e-20
6892.5 2.4523401e-16 1e-20
6894.0 2.4115499e-16 1e-20
6895.5 2.2808101e-16 1e-20
6897.0 2.38953e-16 1e-20
6898.5 2.4329002e-16 1e-20
6900.0 2.4762802e-16 1e-20
6901.5 2.5196599e-16 1e-20
6903.0 2.5630301e-16 1e-20
6904.5 2.6064101e-16 1e-20
6906.0 2.6497901e-16 1e-20
6907.5 2.6931598e-16 1e-20
6909.0 2.73654e-16 1e-20
6910.5 2.77992e-16 1e-20
6912.0 2.82329e-16 1e-20
6913.5 2.86667e-16 1e-20
6915.0 2.91005e-16 1e-20
6916.5 2.91005e-16 1e-20
6918.0 2.97528e-16 1e-20
6919.5 2.9712201e-16 1e-20
6921.0 2.9599299e-16 1e-20
6922.5 2.7390798e-16 1e-20
6924.0 2.9600501e-16 1e-20
6925.5 2.5433001e-16 1e-20
6927.0 2.2503699e-16 1e-20
6928.5 2.3740999e-16 1e-20
6930.0 2.9135001e-16 1e-20
6931.5 3.1038e-16 1e-20
6933.0 2.6950201e-16 1e-20
6934.5 2.7735702e-16 1e-20
6936.0 3.1480101e-16 1e-20
6937.5 2.8044501e-16 1e-20
6939.0 2.7502098e-16 1e-20
6940.5 3.0975802e-16 1e-20
6942.0 2.68569e-16 1e-20
6943.5 2.21599e-16 1e-20
6945.0 2.5396801e-16 1e-20
6946.5 2.9626798e-16 1e-20
6948.0 2.9442701e-16 1e-20
6949.5 2.80398e-16 1e-20
6951.0 2.7008702e-16 1e-20
6952.5 2.5608501e-16 1e-20
6954.0 2.7640599e-16 1e-20
6955.5 2.8455601e-16 1e-20
6957.0 2.6715401e-16 1e-20
6958.5 3.1079899e-16 1e-20
6960.0 3.1479702e-16 1e-20
6961.5 2.8693e-16 1e-20
6963.0 2.87446e-16 1e-20
6964.5 3.0551499e-16 1e-20
6966.0 3.0152899e-16 1e-20
6967.5 2.9189301e-16 1e-20
6969.0 2.3415201e-16 1e-20
6970.5 2.31987e-16 1e-20
6972.0 3.2655502e-16 1e-20
6973.5 2.9733199e-16 1e-20
6975.0 2.5402502e-16 1e-20
6976.5 3.1190699e-16 1e-20
6978.0 2.83347e-16 1e-20
6979.5 2.7577201e-16 1e-20
6981.0 2.5119098e-16 1e-20
6982.5 2.02006e-16 1e-20
6984.0 2.17062e-16 1e-20
6985.5 2.7284001e-16 1e-20
6987.0 2.6039699e-16 1e-20
6988.5 2.8919399e-16 1e-20
6990.0 2.81167e-16 1e-20
6991.5 2.6800599e-16 1e-20
6993.0 2.56437e-16 1e-20
6994.5 3.0785201e-16 1e-20
6996.0 2.8022502e-16 1e-20
6997.5 2.4651401e-16 1e-20
6999.0 2.4026301e-16 1e-20
7000.5 2.5342199e-16 1e-20
7002.0 2.44856e-16 1e-20
7003.5 2.6317502e-16 1e-20
7005.0 3.01066e-16 1e-20
7006.5 3.0991501e-16 1e-20
7008.0 2.5834103e-16 1e-20
7009.5 2.8681401e-16 1e-20
7011.0 3.1808099e-16 1e-20
7012.5 2.5364399e-16 1e-20
7014.0 2.3626899e-16 1e-20
7015.5 2.2673301e-16 1e-20
7017.0 2.11318e-16 1e-20
7018.5 2.6295998e-16 1e-20
7020.0 2.7997602e-16 1e-20
7021.5 2.73961e-16 1e-20
7023.0 2.44165e-16 1e-20
7024.5 2.7333798e-16 1e-20
7026.0 2.9196199e-16 1e-20
7027.5 2.64516e-16 1e-20
7029.0 2.21253e-16 1e-20
7030.5 2.13101e-16 1e-20
7032.0 2.7099099e-16 1e-20
7033.5 2.78254e-16 1e-20
7035.0 2.60001e-16 1e-20
7036.5 2.20579e-16 1e-20
7038.0 1.94693e-16 1e-20
7039.5 2.1260501e-16 1e-20
7041.0 2.20522e-16 1e-20
7042.5 2.59554e-16 1e-20
7044.0 2.06998e-16 1e-20
7045.5 2.5144401e-16 1e-20
7047.0 2.6560701e-16 1e-20
7048.5 2.52502e-16 1e-20
7050.0 3.39836e-16 1e-20
7051.5 2.7192301e-16 1e-20
7053.0 2.2414001e-16 1e-20
7054.5 2.11914e-16 1e-20
7056.0 2.4472799e-16 1e-20
7057.5 2.7955301e-16 1e-20
7059.0 1.83917e-16 1e-20
7060.5 2.0131699e-16 1e-20
7062.0 1.9990101e-16 1e-20
7063.5 2.26659e-16 1e-20
7065.0 2.5197899e-16 1e-20
7066.5 2.55288e-16 1e-20
7068.0 2.7046e-16 1e-20
7069.5 2.4703099e-16 1e-20
7071.0 2.7961399e-16 1e-20
7072.5 2.8866602e-16 1e-20
7074.0 2.8011501e-16 1e-20
7075.5 2.38958e-16 1e-20
7077.0 2.4206399e-16 1e-20
7078.5 2.5078599e-16 1e-20
7080.0 2.5740299e-16 1e-20
7081.5 2.7317101e-16 1e-20
7083.0 2.81701e-16 1e-20
7084.5 2.6229799e-16 1e-20
7086.0 2.5037701e-16 1e-20
7087.5 3.02346e-16 1e-20
7089.0 2.3949499e-16 1e-20
7090.5 2.40279e-16 1e-20
7092.0 2.4106399e-16 1e-20
7093.5 2.41849e-16 1e-20
7095.0 2.4263399e-16 nan
7096.5 2.43418e-16 1e-20
7098.0 2.43418e-16 1e-20
7099.5 2.4212e-16 1e-20
7101.0 2.5819798e-16 1e-20
7102.5 2.86165e-16 1e-20
7104.0 2.6479798e-16 1e-20
7105.5 2.31611e-16 1e-20
7107.0 2.3424799e-16 1e-20
7108.5 2.2446299e-16 1e-20
7110.0 2.44305e-16 1e-20
7111.5 2.8256101e-16 1e-20
7113.0 2.20489e-16 1e-20
7114.5 2.01295e-16 1e-20
7116.0 2.4645599e-16 1e-20
7117.5 2.8461302e-16 1e-20
7119.0 3.09592e-16 1e-20
7120.5 2.3335101e-16 1e-20
7122.0 2.1565901e-16 1e-20
7123.5 1.83896e-16 1e-20
7125.0 2.7626199e-16 1e-20
7126.5 2.57093e-16 1e-20
7128.0 3.1507799e-16 1e-20
7129.5 2.99844e-16 1e-20
7131.0 2.7755801e-16 1e-20
7132.5 2.53375e-16 1e-20
7134.0 1.9375201e-16 1e-20
7135.5 2.74983e-16 1e-20
7137.0 2.7262801e-16 1e-20
7138.5 2.5814502e-16 1e-20
7140.0 2.4056998e-16 1e-20
7141.5 2.55822e-16 1e-20
7143.0 2.7308199e-16 1e-20
7144.5 2.69614e-16 1e-20
7146.0 2.2727e-16 1e-20
7147.5 2.19764e-16 1e-20
7149.0 2.5714999e-16 1e-20
7150.5 2.0462e-16 1e-20
7152.0 2.2442699e-16 1e-20
7153.5 3.0220801e-16 1e-20
7155.0 3.3393602e-16 1e-20
7156.5 2.84759e-16 1e-20
7158.0 2.5066302e-16 1e-20
7159.5 3.1077999e-16 1e-20
7161.0 3.35118e-16 1e-20
7162.5 2.7622898e-16 1e-20
7164.0 2.6616099e-16 1e-20
7165.5 2.4038102e-16 1e-20
7167.0 2.6530401e-16 1e-20
7168.5 2.7901803e-16 1e-20
7170.0 2.6775598e-16 1e-20
7171.5 2.65068e-16 1e-20
7173.0 2.7069802e-16 1e-20
7174.5 2.52986e-16 1e-20
7176.0 2.50257e-16 1e-20
7177.5 2.4752899e-16 1e-20
7179.0 2.4752899e-16 1e-20
7180.5 2.4254e-16 1e-20
7182.0 2.1885701e-16 1e-20
7183.5 2.2570201e-16 1e-20
7185.0 2.4319099e-16 1e-20
7186.5 2.7483101e-16 1e-20
7188.0 2.54352e-16 1e-20
7189.5 2.35213e-16 1e-20
7191.0 2.7577299e-16 1e-20
7192.5 2.87075e-16 1e-20
7194.0 2.5300601e-16 1e-20
7195.5 2.8136701e-16 1e-20
7197.0 2.6791199e-16 1e-20
7198.5 2.3686001e-16 1e-20
7200.0 2.5682399e-16 1e-20
7201.5 2.4995601e-16 1e-20
7203.0 2.8133e-16 1e-20
7204.5 2.71166e-16 1e-20
7206.0 2.78919e-16 1e-20
7207.5 2.4811901e-16 1e-20
7209.0 2.4786701e-16 1e-20
7210.5 2.6366402e-16 1e-20
7212.0 2.27894e-16 1e-20
7213.5 2.2389799e-16 1e-20
7215.0 2.0867901e-16 1e-20
7216.5 2.4722999e-16 1e-20
7218.0 2.7399298e-16 1e-20
7219.5 2.4026e-16 1e-20
7221.0 2.5815799e-16 1e-20
7222.5 2.7689901e-16 1e-20
7224.0 2.8723499e-16 1e-20
7225.5 2.4703001e-16 1e-20
7227.0 2.2304101e-16 1e-20
7228.5 2.3135201e-16 1e-20
7230.0 2.5400999e-16 1e-20
7231.5 2.3346499e-16 1e-20
7233.0 2.5016999e-16 1e-20
7234.5 2.7006502e-16 1e-20
7236.0 2.59657e-16 1e-20
7237.5 3.0650401e-16 1e-20
7239.0 3.4955499e-16 1e-20
7240.5 3.0120799e-16 1e-20
7242.0 2.6395802e-16 1e-20
7243.5 2.8960401e-16 1e-20
7245.0 2.1570601e-16 1e-20
7246.5 2.18392e-16 1e-20
7248.0 2.9939301e-16 1e-20
7249.5 3.02268e-16 1e-20
7251.0 2.5476398e-16 1e-20
7252.5 2.4591201e-16 1e-20
7254.0 2.8512902e-16 1e-20
7255.5 2.73341e-16 1e-20
7257.0 2.4598199e-16 1e-20
7258.5 2.2253599e-16 1e-20
7260.0 2.31761e-16 1e-20
7261.5 2.2055299e-16 1e-20
7263.0 2.2473301e-16 1e-20
7264.5 2.74355e-16 1e-20
7266.0 2.5081598e-16 1e-20
7267.5 2.40432e-16 1e-20
7269.0 2.3316101e-16 1e-20
7270.5 2.9741601e-16 1e-20
7272.0 2.9357903e-16 1e-20
7273.5 2.2333501e-16 1e-20
7275.0 3.0501601e-16 1e-20
7276.5 2.9396599e-16 1e-20
7278.0 2.5797e-16 1e-20
7279.5 2.62887e-16 1e-20
7281.0 2.5611902e-16 1e-20
7282.5 2.6934401e-16 1e-20
7284.0 2.31815e-16 1e-20
7285.5 2.41115e-16 1e-20
7287.0 2.58273e-16 1e-20
7288.5 2.4692699e-16 1e-20
7290.0 2.31097e-16 1e-20
7291.5 2.39981e-16 1e-20
7293.0 2.6889601e-16 1e-20
7294.5 2.4557902e-16 1e-20
7296.0 1.94564e-16 1e-20
7297.5 2.1795001e-16 1e-20
7299.0 2.77968e-16 1e-20
7300.5 2.7495102e-16 1e-20
7302.0 2.6192998e-16 1e-20
7303.5 2.25813e-16 1e-20
7305.0 2.5208399e-16 1e-20
7306.5 2.35461e-16 1e-20
7308.0 2.1571299e-16 1e-20
7309.5 2.4329799e-16 1e-20
7311.0 2.2602701e-16 1e-20
7312.5 2.70125e-16 1e-20
7314.0 2.649e-16 1e-20
7315.5 2.63235e-16 1e-20
7317.0 2.7322999e-16 1e-20
7318.5 2.4211399e-16 1e-20
7320.0 2.6928699e-16 1e-20
7321.5 2.6364401e-16 1e-20
7323.0 2.05346e-16 1e-20
7324.5 1.9154e-16 1e-20
7326.0 2.11435e-16 1e-20
7327.5 2.1946301e-16 1e-20
7329.0 2.04072e-16 1e-20
7330.5 1.73809e-16 1e-20
7332.0 1.86565e-16 1e-20
7333.5 2.10568e-16 1e-20
7335.0 2.3843901e-16 1e-20
7336.5 2.3091701e-16 1e-20
7338.0 2.12038e-16 1e-20
7339.5 2.69691e-16 1e-20
7341.0 2.57676e-16 1e-20
7342.5 2.2286901e-16 1e-20
7344.0 2.1006601e-16 1e-20
7345.5 1.9491599e-16 1e-20
7347.0 2.0538101e-16 1e-20
7348.5 2.65787e-16 1e-20
7350.0 2.2578201e-16 1e-20
7351.5 1.8744799e-16 1e-20
7353.0 2.1426e-16 1e-20
7354.5 1.8986499e-16 1e-20
7356.0 2.09646e-16 1e-20
7357.5 2.4038499e-16 1e-20
7359.0 1.9816799e-16 1e-20
7360.5 2.4744601e-16 1e-20
7362.0 2.21877e-16 1e-20
7363.5 1.95914e-16 1e-20
7365.0 2.2061799e-16 1e-20
7366.5 2.27382e-16 1e-20
7368.0 2.3132801e-16 1e-20
7369.5 2.17741e-16 1e-20
7371.0 2.02544e-16 1e-20
7372.5 2.36543e-16 1e-20
7374.0 2.2087599e-16 1e-20
7375.5 2.27315e-16 1e-20
7377.0 2.5097298e-16 1e-20
7378.5 2.20968e-16 1e-20
7380.0 2.04008e-16 1e-20
7381.5 2.0678e-16 1e-20
7383.0 2.06296e-16 1e-20
7384.5 2.1291199e-16 1e-20
7386.0 2.1923199e-16 1e-20
7387.5 2.23519e-16 1e-20
7389.0 2.53071e-16 1e-20
7390.5 2.48041e-16 1e-20
7392.0 2.13364e-16 1e-20
7393.5 1.90996e-16 1e-20
7395.0 2.13221e-16 1e-20
7396.5 2.5643102e-16 1e-20
7398.0 2.9321901e-16 1e-20
7399.5 2.55324e-16 1e-20
7401.0 2.5311899e-16 1e-20
7402.5 2.54722e-16 1e-20
7404.0 2.3752098e-16 1e-20
7405.5 2.52633e-16 1e-20
7407.0 2.2477899e-16 1e-20
7408.5 2.0645601e-16 1e-20
7410.0 1.8199701e-16 1e-20
7411.5 1.67379e-16 1e-20
7413.0 1.93223e-16 1e-20
7414.5 2.6597602e-16 1e-20
7416.0 2.16944e-16 1e-20
7417.5 2.2293899e-16 1e-20
7419.0 2.4274598e-16 1e-20
7420.5 2.11354e-16 1e-20
7422.0 1.9487099e-16 1e-20
7423.5 2.3746299e-16 1e-20
7425.0 2.47775e-16 1e-20
7426.5 2.20947e-16 1e-20
7428.0 2.01851e-16 1e-20
7429.5 1.92112e-16 1e-20
7431.0 1.8068101e-16 1e-20
7432.5 2.25822e-16 1e-20
7434.0 1.8977299e-16 1e-20
7435.5 2.0466199e-16 1e-20
7437.0 2.12217e-16 1e-20
7438.5 2.1680499e-16 1e-20
7440.0 1.98267e-16 1e-20
7441.5 1.95734e-16 1e-20
7443.0 2.47978e-16 1e-20
7444.5 2.69487e-16 1e-20
7446.0 2.2790599e-16 1e-20
7447.5 1.9998001e-16 1e-20
7449.0 1.82256e-16 1e-20
7450.5 2.07237e-16 1e-20
7452.0 2.01894e-16 1e-20
7453.5 2.09447e-16 1e-20
7455.0 2.2365e-16 1e-20
7456.5 2.3639999e-16 1e-20
7458.0 2.64298e-16 1e-20
7459.5 2.1864501e-16 1e-20
7461.0 1.85285e-16 1e-20
7462.5 2.16477e-16 1e-20
7464.0 2.4297201e-16 1e-20
7465.5 2.2050001e-16 1e-20
7467.0 1.6326099e-16 1e-20
7468.5 1.48615e-16 1e-20
7470.0 1.80058e-16 1e-20
7471.5 2.0339101e-16 1e-20
7473.0 2.07283e-16 1e-20
7474.5 2.00033e-16 1e-20
7476.0 1.74532e-16 1e-20
7477.5 1.7620901e-16 1e-20
7479.0 2.07644e-16 1e-20
7480.5 2.21185e-16 1e-20
7482.0 1.77826e-16 1e-20
7483.5 2.1461999e-16 1e-20
7485.0 1.8817601e-16 1e-20
7486.5 1.89838e-16 1e-20
7488.0 1.58973e-16 1e-20
7489.5 1.64807e-16 1e-20
7491.0 1.7914701e-16 1e-20
7492.5 1.7377999e-16 1e-20
7494.0 2.02307e-16 1e-20
7495.5 2.0001001e-16 1e-20
7497.0 1.7044599e-16 1e-20
7498.5 1.7951601e-16 1e-20
7500.0 1.97591e-16 1e-20
7501.5 1.68002e-16 1e-20
7503.0 1.70648e-16 1e-20
7504.5 1.6244199e-16 1e-20
7506.0 1.6734201e-16 1e-20
7507.5 2.0129401e-16 1e-20
7509.0 2.1343299e-16 1e-20
7510.5 1.32701e-16 1e-20
7512.0 1.3916001e-16 1e-20
7513.5 1.5862501e-16 1e-20
7515.0 1.2089801e-16 1e-20
7516.5 1.6388299e-16 1e-20
7518.0 1.66007e-16 1e-20
7519.5 1.26648e-16 1e-20
7521.0 1.33534e-16 1e-20
7522.5 1.28488e-16 1e-20
7524.0 1.44254e-16 1e-20
7525.5 1.26513e-16 1e-20
7527.0 1.2020599e-16 1e-20
7528.5 1.58734e-16 1e-20
7530.0 1.5038199e-16 1e-20
7531.5 1.18124e-16 1e-20
7533.0 1.3106801e-16 1e-20
7534.5 8.4960197e-17 1e-20
7536.0 6.7581999e-17 1e-20
7537.5 1.22401e-16 1e-20
7539.0 1.16943e-16 1e-20
7540.5 9.6416e-17 1e-20
7542.0 1.2592601e-16 1e-20
7543.5 1.2782299e-16 1e-20
7545.0 8.5884601e-17 1e-20
7546.5 9.2696804e-17 1e-20
7548.0 1.274e-16 1e-20
7549.5 1.17959e-16 1e-20
7551.0 1.11144e-16 1e-20
7552.5 1.1095e-16 1e-20
7554.0 1.19054e-16 1e-20
7555.5 1.11138e-16 1e-20
7557.0 8.1335598e-17 1e-20
7558.5 8.3824796e-17 1e-20
7560.0 1.10704e-16 1e-20
