3720.0 1.8882999e-15 1e-20
3721.5 1.8172999e-15 1e-20
3723.0 1.88773e-15 1e-20
3724.5 1.7656601e-15 1e-20
3726.0 1.5418299e-15 1e-20
3727.5 1.40862e-15 1e-20
3729.0 1.48636e-15 1e-20
3730.5 1.6186101e-15 1e-20
3732.0 1.5439201e-15 1e-20
3733.5 1.47922e-15 1e-20
3735.0 1.4761e-15 1e-20
3736.5 1.43782e-15 1e-20
3738.0 1.38086e-15 1e-20
3739.5 1.29005e-15 1e-20
3741.0 1.38069e-15 1e-20
3742.5 1.35493e-15 1e-20
3744.0 1.31742e-15 1e-20
3745.5 1.36608e-15 1e-20
3747.0 1.30502e-15 1e-20
3748.5 1.1049499e-15 1e-20
3750.0 1.10571e-15 1e-20
3751.5 1.31313e-15 1e-20
3753.0 1.23526e-15 1e-20
3754.5 1.2662801e-15 1e-20
3756.0 1.28019e-15 1e-20
3757.5 1.26074e-15 1e-20
3759.0 1.26575e-15 1e-20
3760.5 1.17072e-15 1e-20
3762.0 1.08392e-15 1e-20
3763.5 1.27405e-15 1e-20
3765.0 1.3391101e-15 1e-20
3766.5 1.1906e-15 1e-20
3768.0 1.1795899e-15 1e-20
3769.5 1.27244e-15 1e-20
3771.0 1.33215e-15 1e-20
3772.5 1.3368501e-15 1e-20
3774.0 1.2460099e-15 1e-20
3775.5 1.1982799e-15 1e-20
3777.0 1.18339e-15 1e-20
3778.5 1.4106099e-15 1e-20
3780.0 1.49887e-15 1e-20
3781.5 1.49199e-15 1e-20
3783.0 1.3861099e-15 1e-20
3784.5 1.44075e-15 1e-20
3786.0 1.40749e-15 1e-20
3787.5 1.3510999e-15 1e-20
3789.0 1.40942e-15 1e-20
3790.5 1.50475e-15 1e-20
3792.0 1.60464e-15 1e-20
3793.5 1.61536e-15 1e-20
3795.0 1.55452e-15 1e-20
3796.5 1.49245e-15 1e-20
3798.0 1.49827e-15 1e-20
3799.5 1.51392e-15 1e-20
3801.0 1.47694e-15 1e-20
3802.5 1.49217e-15 1e-20
3804.0 1.5074001e-15 1e-20
3805.5 1.52263e-15 1e-20
3807.0 1.53786e-15 1e-20
3808.5 1.55309e-15 1e-20
3810.0 1.55309e-15 1e-20
3811.5 1.4813599e-15 1e-20
3813.0 1.48093e-15 1e-20
3814.5 1.58067e-15 1e-20
3816.0 1.6483001e-15 1e-20
3817.5 1.5601701e-15 1e-20
3819.0 1.58838e-15 1e-20
3820.5 1.64013e-15 1e-20
3822.0 1.6469e-15 1e-20
3823.5 1.67407e-15 1e-20
3825.0 1.51879e-15 1e-20
3826.5 1.52651e-15 1e-20
3828.0 1.49051e-15 1e-20
3829.5 1.5050599e-15 1e-20
3831.0 1.50753e-15 1e-20
3832.5 1.52688e-15 1e-20
3834.0 1.58303e-15 1e-20
3835.5 1.59412e-15 1e-20
3837.0 1.5084099e-15 1e-20
3838.5 1.46277e-15 1e-20
3840.0 1.62097e-15 1e-20
3841.5 1.62958e-15 1e-20
3843.0 1.581e-15 1e-20
3844.5 1.5605599e-15 1e-20
3846.0 1.6083301e-15 1e-20
3847.5 1.65538e-15 1e-20
3849.0 1.74561e-15 1e-20
3850.5 1.71719e-15 1e-20
3852.0 1.6809401e-15 1e-20
3853.5 1.7751499e-15 1e-20
3855.0 1.79733e-15 1e-20
3856.5 1.75712e-15 1e-20
3858.0 1.71026e-15 1e-20
3859.5 1.69985e-15 1e-20
3861.0 1.74875e-15 1e-20
3862.5 1.8125499e-15 1e-20
3864.0 1.8858301e-15 1e-20
3865.5 1.8843099e-15 1e-20
3867.0 1.83122e-15 1e-20
3868.5 1.8288701e-15 1e-20
3870.0 1.92359e-15 1e-20
3871.5 1.8031999e-15 1e-20
3873.0 1.8260601e-15 1e-20
3874.5 1.9851299e-15 1e-20
3876.0 2.0600801e-15 1e-20
3877.5 2.04658e-15 1e-20
3879.0 2.0430801e-15 1e-20
3880.5 2.0699999e-15 1e-20
3882.0 2.18587e-15 1e-20
3883.5 2.12223e-15 1e-20
3885.0 2.13136e-15 1e-20
3886.5 2.2528201e-15 1e-20
3888.0 2.32995e-15 1e-20
3889.5 2.40466e-15 1e-20
3891.0 2.4628698e-15 1e-20
3892.5 2.4314301e-15 1e-20
3894.0 2.37785e-15 1e-20
3895.5 2.39519e-15 1e-20
3897.0 2.4552902e-15 1e-20
3898.5 2.61042e-15 1e-20
3900.0 2.6840702e-15 1e-20
3901.5 2.67239e-15 1e-20
3903.0 2.6482201e-15 1e-20
3904.5 2.70839e-15 1e-20
3906.0 2.8361499e-15 1e-20
3907.5 2.8427601e-15 1e-20
3909.0 2.80536e-15 1e-20
3910.5 3.0196199e-15 1e-20
3912.0 2.9461201e-15 1e-20
3913.5 3.08197e-15 1e-20
3915.0 3.1809901e-15 1e-20
3916.5 3.1053299e-15 1e-20
3918.0 3.2078099e-15 1e-20
3919.5 3.2390201e-15 1e-20
3921.0 3.35967e-15 1e-20
3922.5 3.5096399e-15 1e-20
3924.0 3.5731297e-15 1e-20
3925.5 3.4403101e-15 1e-20
3927.0 3.6028e-15 1e-20
3928.5 3.7629197e-15 1e-20
3930.0 3.7495303e-15 1e-20
3931.5 3.6304899e-15 1e-20
3933.0 3.6072402e-15 1e-20
3934.5 3.6331602e-15 1e-20
3936.0 3.7799303e-15 1e-20
3937.5 3.7626902e-15 1e-20
3939.0 3.8483599e-15 1e-20
3940.5 3.8005602e-15 1e-20
3942.0 3.83793e-15 1e-20
3943.5 3.8926801e-15 1e-20
3945.0 3.97885e-15 1e-20
3946.5 3.95955e-15 1e-20
3948.0 3.9836502e-15 1e-20
3949.5 4.0852598e-15 1e-20
3951.0 4.1033804e-15 1e-20
3952.5 4.15269e-15 1e-20
3954.0 4.16879e-15 1e-20
3955.5 4.1026303e-15 1e-20
3957.0 4.10194e-15 1e-20
3958.5 4.0297e-15 1e-20
3960.0 4.0355602e-15 1e-20
3961.5 4.1918403e-15 1e-20
3963.0 4.3146499e-15 1e-20
3964.5 4.2499899e-15 1e-20
3966.0 4.1440299e-15 1e-20
3967.5 4.1345e-15 1e-20
3969.0 4.1459298e-15 1e-20
3970.5 4.2293901e-15 1e-20
3972.0 4.1803498e-15 1e-20
3973.5 4.1929401e-15 1e-20
3975.0 4.31839e-15 1e-20
3976.5 4.2055703e-15 1e-20
3978.0 4.22691e-15 1e-20
3979.5 4.1761198e-15 1e-20
3981.0 4.0325498e-15 1e-20
3982.5 4.0348702e-15 1e-20
3984.0 4.0747702e-15 1e-20
3985.5 3.9751798e-15 1e-20
3987.0 3.7975498e-15 1e-20
3988.5 3.7895699e-15 1e-20
3990.0 3.80758e-15 1e-20
3991.5 3.8120701e-15 1e-20
3993.0 3.7340198e-15 1e-20
3994.5 3.4465402e-15 1e-20
3996.0 3.43522e-15 1e-20
3997.5 3.5886499e-15 1e-20
3999.0 3.5890603e-15 1e-20
4000.5 3.7037498e-15 1e-20
4002.0 3.7452701e-15 1e-20
4003.5 3.7176297e-15 1e-20
4005.0 3.8538801e-15 1e-20
4006.5 3.80369e-15 1e-20
4008.0 3.5999099e-15 1e-20
4009.5 3.5971702e-15 1e-20
4011.0 3.7709e-15 1e-20
4012.5 3.7362598e-15 1e-20
4014.0 3.6949801e-15 1e-20
4015.5 3.73215e-15 1e-20
4017.0 3.71886e-15 1e-20
4018.5 3.6981001e-15 1e-20
4020.0 3.7642e-15 1e-20
4021.5 3.62619e-15 1e-20
4023.0 3.50274e-15 1e-20
4024.5 3.5028101e-15 1e-20
4026.0 3.4521599e-15 1e-20
4027.5 3.48101e-15 1e-20
4029.0 3.5003501e-15 1e-20
4030.5 3.36574e-15 1e-20
4032.0 3.1718701e-15 1e-20
4033.5 3.1888199e-15 1e-20
4035.0 3.2340201e-15 1e-20
4036.5 3.19397e-15 1e-20
4038.0 3.2089701e-15 1e-20
4039.5 3.3007701e-15 1e-20
4041.0 3.3627401e-15 1e-20
4042.5 3.3054599e-15 1e-20
4044.0 3.28147e-15 1e-20
4045.5 3.3162001e-15 1e-20
4047.0 3.3028701e-15 1e-20
4048.5 3.29981e-15 1e-20
4050.0 3.2771599e-15 1e-20
4051.5 3.22656e-15 1e-20
4053.0 3.2957002e-15 1e-20
4054.5 3.4276901e-15 1e-20
4056.0 3.3352799e-15 1e-20
4057.5 3.3890701e-15 1e-20
4059.0 3.351e-15 1e-20
4060.5 3.36938e-15 1e-20
4062.0 3.4386101e-15 1e-20
4063.5 3.30503e-15 1e-20
4065.0 3.26722e-15 1e-20
4066.5 3.4481699e-15 1e-20
4068.0 3.3371698e-15 1e-20
4069.5 3.3561201e-15 1e-20
4071.0 3.46094e-15 1e-20
4072.5 3.5887498e-15 1e-20
4074.0 3.59631e-15 1e-20
4075.5 3.6140799e-15 1e-20
4077.0 3.61143e-15 1e-20
4078.5 3.6091299e-15 1e-20
4080.0 3.6292702e-15 1e-20
4081.5 3.5628802e-15 1e-20
4083.0 3.6015799e-15 1e-20
4084.5 3.6293498e-15 1e-20
4086.0 3.6161399e-15 1e-20
4087.5 3.6006401e-15 1e-20
4089.0 3.62318e-15 1e-20
4090.5 3.8393801e-15 1e-20
4092.0 3.89051e-15 1e-20
4093.5 3.7134098e-15 1e-20
4095.0 3.7203301e-15 1e-20
4096.5 3.8045802e-15 1e-20
4098.0 3.8968001e-15 1e-20
4099.5 3.9661098e-15 1e-20
4101.0 3.9284799e-15 1e-20
4102.5 3.8640101e-15 1e-20
4104.0 3.9683701e-15 1e-20
4105.5 3.9901101e-15 1e-20
4107.0 3.9102298e-15 1e-20
4108.5 3.9438502e-15 1e-20
4110.0 3.9545199e-15 1e-20
4111.5 3.9105101e-15 1e-20
4113.0 4.0320301e-15 1e-20
4114.5 4.1520001e-15 1e-20
4116.0 4.1350196e-15 1e-20
4117.5 4.12943e-15 1e-20
4119.0 4.1704701e-15 1e-20
4120.5 4.1886101e-15 1e-20
4122.0 4.22392e-15 1e-20
4123.5 4.21985e-15 1e-20
4125.0 4.36796e-15 1e-20
4126.5 4.3783201e-15 1e-20
4128.0 4.2457802e-15 1e-20
4129.5 4.25672e-15 1e-20
4131.0 4.2676501e-15 1e-20
4132.5 4.2785904e-15 1e-20
4134.0 4.2895299e-15 1e-20
4135.5 4.3004697e-15 1e-20
4137.0 4.3004697e-15 1e-20
4138.5 4.3662702e-15 1e-20
4140.0 4.5047402e-15 1e-20
4141.5 4.4170998e-15 1e-20
4143.0 4.37244e-15 1e-20
4144.5 4.3887e-15 1e-20
4146.0 4.40359e-15 1e-20
4147.5 4.4231599e-15 1e-20
4149.0 4.2978003e-15 1e-20
4150.5 4.3935099e-15 1e-20
4152.0 4.3800201e-15 1e-20
4153.5 4.3190498e-15 1e-20
4155.0 4.28356e-15 1e-20
4156.5 4.4110096e-15 1e-20
4158.0 4.3011499e-15 1e-20
4159.5 4.2565697e-15 1e-20
4161.0 4.3094e-15 1e-20
4162.5 4.3497802e-15 1e-20
4164.0 4.2880602e-15 1e-20
4165.5 4.2740897e-15 1e-20
4167.0 4.2724702e-15 1e-20
4168.5 4.2195903e-15 1e-20
4170.0 4.16091e-15 1e-20
4171.5 4.1395e-15 1e-20
4173.0 4.1673102e-15 1e-20
4174.5 4.2522896e-15 1e-20
4176.0 4.2574701e-15 1e-20
4177.5 4.1970499e-15 1e-20
4179.0 4.1499901e-15 1e-20
4180.5 4.1690102e-15 1e-20
4182.0 4.2288501e-15 1e-20
4183.5 4.2277799e-15 1e-20
4185.0 4.1434002e-15 1e-20
4186.5 4.1147798e-15 1e-20
4188.0 4.09751e-15 1e-20
4189.5 4.0838499e-15 1e-20
4191.0 4.0947902e-15 1e-20
4192.5 3.9756101e-15 1e-20
4194.0 3.9707998e-15 1e-20
4195.5 4.0534601e-15 1e-20
4197.0 4.07695e-15 1e-20
4198.5 4.0125501e-15 1e-20
4200.0 3.9698401e-15 1e-20
4201.5 3.9375402e-15 1e-20
4203.0 3.87794e-15 1e-20
4204.5 3.8564703e-15 1e-20
4206.0 3.85836e-15 1e-20
4207.5 3.9432501e-15 1e-20
4209.0 3.8521699e-15 1e-20
4210.5 3.7837999e-15 1e-20
4212.0 3.8375899e-15 1e-20
4213.5 3.9654703e-15 1e-20
4215.0 3.89427e-15 1e-20
4216.5 3.8403699e-15 1e-20
4218.0 3.8889002e-15 1e-20
4219.5 3.9903599e-15 1e-20
4221.0 3.8982303e-15 1e-20
4222.5 3.8370199e-15 1e-20
4224.0 3.8211401e-15 1e-20
4225.5 3.79756e-15 1e-20
4227.0 3.9444999e-15 1e-20
4228.5 3.9055402e-15 1e-20
4230.0 3.87876e-15 1e-20
4231.5 3.84821e-15 1e-20
4233.0 3.7916401e-15 1e-20
4234.5 3.88997e-15 1e-20
4236.0 3.85421e-15 1e-20
4237.5 3.8326898e-15 1e-20
4239.0 3.9039198e-15 1e-20
4240.5 3.9423001e-15 1e-20
4242.0 3.8793698e-15 1e-20
4243.5 3.8529199e-15 1e-20
4245.0 3.7977701e-15 1e-20
4246.5 3.7370098e-15 1e-20
4248.0 3.7390499e-15 1e-20
4249.5 3.8208301e-15 1e-20
4251.0 3.8311601e-15 1e-20
4252.5 3.6840199e-15 1e-20
4254.0 3.5850801e-15 1e-20
4255.5 3.5961203e-15 1e-20
4257.0 3.6353799e-15 1e-20
4258.5 3.6632201e-15 1e-20
4260.0 3.6295298e-15 1e-20
4261.5 3.6066599e-15 1e-20
4263.0 3.61442e-15 1e-20
4264.5 3.53238e-15 1e-20
4266.0 3.5058401e-15 1e-20
4267.5 3.4452301e-15 1e-20
4269.0 3.4301099e-15 1e-20
4270.5 3.51213e-15 1e-20
4272.0 3.38641e-15 1e-20
4273.5 3.3003199e-15 1e-20
4275.0 3.30088e-15 1e-20
4276.5 3.2989399e-15 1e-20
4278.0 3.2905701e-15 1e-20
4279.5 3.33776e-15 1e-20
4281.0 3.3128299e-15 1e-20
4282.5 3.2515501e-15 1e-20
4284.0 3.2576699e-15 1e-20
4285.5 3.1905999e-15 1e-20
4287.0 3.15409e-15 1e-20
4288.5 3.0576001e-15 1e-20
4290.0 3.0639801e-15 1e-20
4291.5 3.1359601e-15 1e-20
4293.0 3.0497e-15 1e-20
4294.5 2.97557e-15 1e-20
4296.0 2.99104e-15 1e-20
4297.5 2.9799299e-15 1e-20
4299.0 2.9025801e-15 1e-20
4300.5 2.87514e-15 1e-20
4302.0 2.8917999e-15 1e-20
4303.5 2.90903e-15 1e-20
4305.0 2.95103e-15 1e-20
4306.5 2.8685802e-15 1e-20
4308.0 2.74469e-15 1e-20
4309.5 2.77459e-15 1e-20
4311.0 2.7790001e-15 1e-20
4312.5 2.7170301e-15 1e-20
4314.0 2.5766399e-15 1e-20
4315.5 2.5718902e-15 1e-20
4317.0 2.5424399e-15 1e-20
4318.5 2.44433e-15 1e-20
4320.0 2.46275e-15 1e-20
4321.5 2.48359e-15 1e-20
4323.0 2.41928e-15 1e-20
4324.5 2.37517e-15 1e-20
4326.0 2.36095e-15 1e-20
4327.5 2.3654202e-15 1e-20
4329.0 2.4204299e-15 1e-20
4330.5 2.37459e-15 1e-20
4332.0 2.29571e-15 1e-20
4333.5 2.2620398e-15 1e-20
4335.0 2.2860898e-15 1e-20
4336.5 2.2591099e-15 1e-20
4338.0 2.21528e-15 1e-20
4339.5 2.19007e-15 1e-20
4341.0 2.21783e-15 1e-20
4342.5 2.30126e-15 1e-20
4344.0 2.2834001e-15 1e-20
4345.5 2.2241899e-15 1e-20
4347.0 2.2596099e-15 1e-20
4348.5 2.21626e-15 1e-20
4350.0 2.1754e-15 1e-20
4351.5 2.2196801e-15 1e-20
4353.0 2.2533399e-15 1e-20
4354.5 2.2453499e-15 1e-20
4356.0 2.1510101e-15 1e-20
4357.5 2.1717802e-15 1e-20
4359.0 2.21072e-15 1e-20
4360.5 2.1222e-15 1e-20
4362.0 2.1815901e-15 1e-20
4363.5 2.1788999e-15 1e-20
4365.0 2.18716e-15 1e-20
4366.5 2.2037e-15 1e-20
4368.0 2.1547502e-15 1e-20
4369.5 2.1669299e-15 1e-20
4371.0 2.24027e-15 1e-20
4372.5 2.29831e-15 1e-20
4374.0 2.1986798e-15 1e-20
4375.5 2.1513701e-15 1e-20
4377.0 2.2087e-15 1e-20
4378.5 2.27609e-15 1e-20
4380.0 2.33608e-15 1e-20
4381.5 2.3315401e-15 1e-20
4383.0 2.3489202e-15 1e-20
4384.5 2.3188101e-15 1e-20
4386.0 2.32219e-15 1e-20
4387.5 2.33113e-15 1e-20
4389.0 2.3255999e-15 1e-20
4390.5 2.3058501e-15 1e-20
4392.0 2.36188e-15 1e-20
4393.5 2.3994099e-15 1e-20
4395.0 2.3374901e-15 1e-20
4396.5 2.31968e-15 1e-20
4398.0 2.3540901e-15 1e-20
4399.5 2.3758601e-15 1e-20
4401.0 2.4257901e-15 1e-20
4402.5 2.4407699e-15 1e-20
4404.0 2.4309901e-15 1e-20
4405.5 2.4086102e-15 1e-20
4407.0 2.39787e-15 1e-20
4408.5 2.4085901e-15 1e-20
4410.0 2.42569e-15 1e-20
4411.5 2.4814101e-15 1e-20
4413.0 2.5167401e-15 1e-20
4414.5 2.5246501e-15 1e-20
4416.0 2.5002001e-15 1e-20
4417.5 2.5002401e-15 1e-20
4419.0 2.49682e-15 1e-20
4420.5 2.4460499e-15 1e-20
4422.0 2.3993299e-15 1e-20
4423.5 2.44062e-15 1e-20
4425.0 2.3823699e-15 1e-20
4426.5 2.3525e-15 1e-20
4428.0 2.4533801e-15 1e-20
4429.5 2.39992e-15 1e-20
4431.0 2.3558701e-15 1e-20
4432.5 2.4459902e-15 1e-20
4434.0 2.5330802e-15 1e-20
4435.5 2.4620198e-15 1e-20
4437.0 2.41687e-15 1e-20
4438.5 2.4704701e-15 1e-20
4440.0 2.44433e-15 1e-20
4441.5 2.4936599e-15 1e-20
4443.0 2.5613698e-15 1e-20
4444.5 2.58901e-15 1e-20
4446.0 2.63784e-15 1e-20
4447.5 2.57131e-15 1e-20
4449.0 2.58619e-15 1e-20
4450.5 2.59876e-15 1e-20
4452.0 2.6289402e-15 1e-20
4453.5 2.6485801e-15 1e-20
4455.0 2.70834e-15 1e-20
4456.5 2.7491702e-15 1e-20
4458.0 2.7202599e-15 1e-20
4459.5 2.72362e-15 1e-20
4461.0 2.71751e-15 1e-20
4462.5 2.68907e-15 1e-20
4464.0 2.6975299e-15 1e-20
4465.5 2.73006e-15 1e-20
4467.0 2.7648e-15 1e-20
4468.5 2.78009e-15 1e-20
4470.0 2.74608e-15 1e-20
4471.5 2.7453498e-15 1e-20
4473.0 2.7689801e-15 1e-20
4474.5 2.7497201e-15 1e-20
4476.0 2.6666401e-15 1e-20
4477.5 2.7030001e-15 1e-20
4479.0 2.72417e-15 1e-20
4480.5 2.71791e-15 1e-20
4482.0 2.71335e-15 1e-20
4483.5 2.739e-15 1e-20
4485.0 2.71723e-15 1e-20
4486.5 2.67073e-15 1e-20
4488.0 2.6761701e-15 1e-20
4489.5 2.6592701e-15 1e-20
4491.0 2.6421899e-15 1e-20
4492.5 2.63939e-15 1e-20
4494.0 2.6180101e-15 1e-20
4495.5 2.6221999e-15 1e-20
4497.0 2.6574801e-15 1e-20
4498.5 2.6638801e-15 1e-20
4500.0 2.67472e-15 1e-20
4501.5 2.6328899e-15 1e-20
4503.0 2.6331201e-15 1e-20
4504.5 2.6409098e-15 1e-20
4506.0 2.6068299e-15 1e-20
4507.5 2.6172799e-15 1e-20
4509.0 2.6996702e-15 1e-20
4510.5 2.67748e-15 1e-20
4512.0 2.67122e-15 1e-20
4513.5 2.58632e-15 1e-20
4515.0 2.67252e-15 1e-20
4516.5 2.6803602e-15 1e-20
4518.0 2.6959e-15 1e-20
4519.5 2.72676e-15 1e-20
4521.0 2.74062e-15 1e-20
4522.5 2.7522599e-15 1e-20
4524.0 2.7874899e-15 1e-20
4525.5 2.8812001e-15 1e-20
4527.0 2.88708e-15 1e-20
4528.5 2.9065999e-15 1e-20
4530.0 2.9708601e-15 1e-20
4531.5 2.9889099e-15 1e-20
4533.0 3.0397001e-15 1e-20
4534.5 3.06378e-15 1e-20
4536.0 3.1137799e-15 1e-20
4537.5 3.1507999e-15 1e-20
4539.0 3.1527199e-15 1e-20
4540.5 3.1515701e-15 1e-20
4542.0 3.19206e-15 1e-20
4543.5 3.2551201e-15 1e-20
4545.0 3.27718e-15 1e-20
4546.5 3.29811e-15 1e-20
4548.0 3.34201e-15 1e-20
4549.5 3.4320401e-15 1e-20
4551.0 3.4846499e-15 1e-20
4552.5 3.4380199e-15 1e-20
4554.0 3.3748501e-15 1e-20
4555.5 3.4118199e-15 1e-20
4557.0 3.48084e-15 1e-20
4558.5 3.4367398e-15 1e-20
4560.0 3.42746e-15 1e-20
4561.5 3.48365e-15 1e-20
4563.0 3.4803199e-15 1e-20
4564.5 3.4700799e-15 1e-20
4566.0 3.5066901e-15 1e-20
4567.5 3.55911e-15 1e-20
4569.0 3.6495198e-15 1e-20
4570.5 3.5873099e-15 1e-20
4572.0 3.6011402e-15 1e-20
4573.5 3.6220399e-15 1e-20
4575.0 3.48084e-15 1e-20
4576.5 3.55957e-15 1e-20
4578.0 3.61725e-15 1e-20
4579.5 3.4850599e-15 1e-20
4581.0 3.5053999e-15 1e-20
4582.5 3.66862e-15 1e-20
4584.0 3.6630401e-15 1e-20
4585.5 3.6004601e-15 1e-20
4587.0 3.5727799e-15 1e-20
4588.5 3.6440103e-15 1e-20
4590.0 3.6682998e-15 1e-20
4591.5 3.57719e-15 1e-20
4593.0 3.5971702e-15 1e-20
4594.5 3.6094001e-15 1e-20
4596.0 3.5715403e-15 1e-20
4597.5 3.6032599e-15 1e-20
4599.0 3.60357e-15 1e-20
4600.5 3.5533498e-15 1e-20
4602.0 3.5634299e-15 1e-20
4603.5 3.54843e-15 1e-20
4605.0 3.5026401e-15 1e-20
4606.5 3.52121e-15 1e-20
4608.0 3.5168399e-15 1e-20
4609.5 3.47369e-15 1e-20
4611.0 3.4371199e-15 1e-20
4612.5 3.4486402e-15 1e-20
4614.0 3.48525e-15 1e-20
4615.5 3.4911399e-15 1e-20
4617.0 3.5155001e-15 1e-20
4618.5 3.47208e-15 1e-20
4620.0 3.4243801e-15 1e-20
4621.5 3.49214e-15 1e-20
4623.0 3.50931e-15 1e-20
4624.5 3.47385e-15 1e-20
4626.0 3.4431902e-15 1e-20
4627.5 3.4141901e-15 1e-20
4629.0 3.4337699e-15 1e-20
4630.5 3.5254199e-15 1e-20
4632.0 3.5082199e-15 1e-20
4633.5 3.4860899e-15 1e-20
4635.0 3.4194701e-15 1e-20
4636.5 3.43956e-15 1e-20
4638.0 3.47878e-15 1e-20
4639.5 3.5035801e-15 1e-20
4641.0 3.4926099e-15 1e-20
4642.5 3.4426799e-15 1e-20
4644.0 3.4442899e-15 1e-20
4645.5 3.5692698e-15 1e-20
4647.0 3.5456401e-15 1e-20
4648.5 3.5146599e-15 1e-20
4650.0 3.51196e-15 1e-20
4651.5 3.5197501e-15 1e-20
4653.0 3.42427e-15 1e-20
4654.5 3.46765e-15 1e-20
4656.0 3.47521e-15 1e-20
4657.5 3.4902598e-15 1e-20
4659.0 3.46801e-15 1e-20
4660.5 3.4218299e-15 1e-20
4662.0 3.4624702e-15 1e-20
4663.5 3.4946799e-15 1e-20
4665.0 3.5262401e-15 1e-20
4666.5 3.52461e-15 1e-20
4668.0 3.49987e-15 1e-20
4669.5 3.3949599e-15 1e-20
4671.0 3.3843801e-15 1e-20
4672.5 3.4374799e-15 1e-20
4674.0 3.4518299e-15 1e-20
4675.5 3.4242201e-15 1e-20
4677.0 3.3590301e-15 1e-20
4678.5 3.3169101e-15 1e-20
4680.0 3.2955799e-15 1e-20
4681.5 3.3393501e-15 1e-20
4683.0 3.37196e-15 1e-20
4684.5 3.3643799e-15 1e-20
4686.0 3.29547e-15 1e-20
4687.5 3.2857499e-15 1e-20
4689.0 3.3027799e-15 1e-20
4690.5 3.2555101e-15 1e-20
4692.0 3.26457e-15 1e-20
4693.5 3.28385e-15 1e-20
4695.0 3.2229299e-15 1e-20
4696.5 3.2181001e-15 1e-20
4698.0 3.1944598e-15 1e-20
4699.5 3.17346e-15 1e-20
4701.0 3.11306e-15 1e-20
4702.5 3.12163e-15 1e-20
4704.0 3.1674501e-15 1e-20
4705.5 3.04831e-15 1e-20
4707.0 3.01236e-15 1e-20
4708.5 3.0180599e-15 1e-20
4710.0 2.9907501e-15 1e-20
4711.5 2.99206e-15 1e-20
4713.0 3.0090401e-15 1e-20
4714.5 2.9458201e-15 1e-20
4716.0 2.9219501e-15 1e-20
4717.5 2.9070999e-15 1e-20
4719.0 2.9452801e-15 1e-20
4720.5 2.9323999e-15 1e-20
4722.0 2.86201e-15 1e-20
4723.5 2.88842e-15 1e-20
4725.0 2.77966e-15 1e-20
4726.5 2.7614199e-15 1e-20
4728.0 2.7474001e-15 1e-20
4729.5 2.7669401e-15 1e-20
4731.0 2.85391e-15 1e-20
4732.5 2.8058701e-15 1e-20
4734.0 2.7136299e-15 1e-20
4735.5 2.7904101e-15 1e-20
4737.0 2.74812e-15 1e-20
4738.5 2.7587901e-15 1e-20
4740.0 2.8089199e-15 1e-20
4741.5 2.78224e-15 1e-20
4743.0 2.76163e-15 1e-20
4744.5 2.70561e-15 1e-20
4746.0 2.6700001e-15 1e-20
4747.5 2.6101699e-15 1e-20
4749.0 2.6136502e-15 1e-20
4750.5 2.6308801e-15 1e-20
4752.0 2.58794e-15 1e-20
4753.5 2.5353301e-15 1e-20
4755.0 2.5393601e-15 1e-20
4756.5 2.49458e-15 1e-20
4758.0 2.44031e-15 1e-20
4759.5 2.42362e-15 1e-20
4761.0 2.3740599e-15 1e-20
4762.5 2.35607e-15 1e-20
4764.0 2.36028e-15 1e-20
4765.5 2.4119799e-15 1e-20
4767.0 2.4070599e-15 1e-20
4768.5 2.3284099e-15 1e-20
4770.0 2.28423e-15 1e-20
4771.5 2.2923301e-15 1e-20
4773.0 2.26401e-15 1e-20
4774.5 2.28074e-15 1e-20
4776.0 2.25914e-15 1e-20
4777.5 2.28897e-15 1e-20
4779.0 2.3208599e-15 1e-20
4780.5 2.32746e-15 1e-20
4782.0 2.2841201e-15 1e-20
4783.5 2.23374e-15 1e-20
4785.0 2.2941798e-15 1e-20
4786.5 2.2445901e-15 1e-20
4788.0 2.22296e-15 1e-20
4789.5 2.23277e-15 1e-20
4791.0 2.22895e-15 1e-20
4792.5 2.29566e-15 1e-20
4794.0 2.2973499e-15 1e-20
4795.5 2.32809e-15 1e-20
4797.0 2.2121201e-15 1e-20
4798.5 2.3069101e-15 1e-20
4800.0 2.2632799e-15 1e-20
4801.5 2.22306e-15 1e-20
4803.0 2.2267899e-15 1e-20
4804.5 2.27059e-15 1e-20
4806.0 2.2776301e-15 1e-20
4807.5 2.22565e-15 1e-20
4809.0 2.21873e-15 1e-20
4810.5 2.2327399e-15 1e-20
4812.0 2.18089e-15 1e-20
4813.5 2.2102399e-15 1e-20
4815.0 2.2414101e-15 1e-20
4816.5 2.2063999e-15 1e-20
4818.0 2.2230799e-15 1e-20
4819.5 2.2635401e-15 1e-20
4821.0 2.2607801e-15 1e-20
4822.5 2.2666299e-15 1e-20
4824.0 2.3197998e-15 1e-20
4825.5 2.3068999e-15 1e-20
4827.0 2.26481e-15 1e-20
4828.5 2.2111799e-15 1e-20
4830.0 2.21873e-15 1e-20
4831.5 2.2757598e-15 1e-20
4833.0 2.3355201e-15 1e-20
4834.5 2.3227799e-15 1e-20
4836.0 2.28602e-15 1e-20
4837.5 2.29026e-15 1e-20
4839.0 2.2576001e-15 1e-20
4840.5 2.16561e-15 1e-20
4842.0 2.09339e-15 1e-20
4843.5 2.0904602e-15 1e-20
4845.0 2.1481901e-15 1e-20
4846.5 2.13159e-15 1e-20
4848.0 2.0699501e-15 1e-20
4849.5 2.08114e-15 1e-20
4851.0 2.09815e-15 1e-20
4852.5 2.0871601e-15 1e-20
4854.0 2.0852899e-15 1e-20
4855.5 1.98994e-15 1e-20
4857.0 1.9836e-15 1e-20
4858.5 1.9319699e-15 1e-20
4860.0 1.9632699e-15 1e-20
4861.5 1.97475e-15 1e-20
4863.0 1.9466799e-15 1e-20
4864.5 1.94984e-15 1e-20
4866.0 1.95417e-15 1e-20
4867.5 1.8890601e-15 1e-20
4869.0 1.8659501e-15 1e-20
4870.5 1.9024301e-15 1e-20
4872.0 1.86355e-15 1e-20
4873.5 1.76429e-15 1e-20
4875.0 1.7778999e-15 1e-20
4876.5 1.81637e-15 1e-20
4878.0 1.81348e-15 1e-20
4879.5 1.8015999e-15 1e-20
4881.0 1.7347e-15 1e-20
4882.5 1.74136e-15 1e-20
4884.0 1.77132e-15 1e-20
4885.5 1.73849e-15 1e-20
4887.0 1.7276699e-15 1e-20
4888.5 1.6929e-15 1e-20
4890.0 1.65365e-15 1e-20
4891.5 1.67442e-15 1e-20
4893.0 1.68361e-15 1e-20
4894.5 1.70944e-15 1e-20
4896.0 1.7516499e-15 1e-20
4897.5 1.74456e-15 1e-20
4899.0 1.6852e-15 1e-20
4900.5 1.65588e-15 1e-20
4902.0 1.69099e-15 1e-20
4903.5 1.74922e-15 1e-20
4905.0 1.68059e-15 1e-20
4906.5 1.65183e-15 1e-20
4908.0 1.7121001e-15 1e-20
4909.5 1.7055e-15 1e-20
4911.0 1.67804e-15 1e-20
4912.5 1.66926e-15 1e-20
4914.0 1.64173e-15 1e-20
4915.5 1.64669e-15 1e-20
4917.0 1.6468001e-15 1e-20
4918.5 1.651e-15 1e-20
4920.0 1.64527e-15 1e-20
4921.5 1.66935e-15 1e-20
4923.0 1.64057e-15 1e-20
4924.5 1.63533e-15 1e-20
4926.0 1.61092e-15 1e-20
4927.5 1.66193e-15 1e-20
4929.0 1.66316e-15 1e-20
4930.5 1.67655e-15 1e-20
4932.0 1.75152e-15 1e-20
4933.5 1.6984001e-15 1e-20
4935.0 1.68148e-15 1e-20
4936.5 1.7099101e-15 1e-20
4938.0 1.7056201e-15 1e-20
4939.5 1.7310601e-15 1e-20
4941.0 1.7975399e-15 1e-20
4942.5 1.7855499e-15 1e-20
4944.0 1.83636e-15 1e-20
4945.5 1.8864599e-15 1e-20
4947.0 1.8628201e-15 1e-20
4948.5 1.8079999e-15 1e-20
4950.0 1.8545299e-15 1e-20
4951.5 1.8940499e-15 1e-20
4953.0 1.9045599e-15 1e-20
4954.5 1.86726e-15 1e-20
4956.0 1.9001001e-15 1e-20
4957.5 1.9221401e-15 1e-20
4959.0 1.96982e-15 1e-20
4960.5 1.9899999e-15 1e-20
4962.0 2.01936e-15 1e-20
4963.5 2.01364e-15 1e-20
4965.0 2.06545e-15 1e-20
4966.5 2.0679901e-15 1e-20
4968.0 2.1038498e-15 1e-20
4969.5 2.1376401e-15 1e-20
4971.0 2.1340301e-15 1e-20
4972.5 2.1580801e-15 1e-20
4974.0 2.1765202e-15 1e-20
4975.5 2.1578901e-15 1e-20
4977.0 2.16029e-15 1e-20
4978.5 2.2079599e-15 1e-20
4980.0 2.1915e-15 1e-20
4981.5 2.1315502e-15 1e-20
4983.0 2.11986e-15 1e-20
4984.5 2.11107e-15 1e-20
4986.0 2.0683702e-15 1e-20
4987.5 2.1235002e-15 1e-20
4989.0 2.0863099e-15 1e-20
4990.5 2.0668099e-15 1e-20
4992.0 2.0540399e-15 1e-20
4993.5 2.0690601e-15 1e-20
4995.0 2.01175e-15 1e-20
4996.5 1.9946701e-15 1e-20
4998.0 1.9552602e-15 1e-20
4999.5 1.91591e-15 1e-20
5001.0 1.9643799e-15 1e-20
5002.5 1.9101501e-15 1e-20
5004.0 1.91331e-15 1e-20
5005.5 1.9018901e-15 1e-20
5007.0 1.8597801e-15 1e-20
5008.5 1.94657e-15 1e-20
5010.0 1.8905401e-15 1e-20
5011.5 1.8796999e-15 1e-20
5013.0 1.8728301e-15 1e-20
5014.5 1.8691201e-15 1e-20
5016.0 1.87205e-15 1e-20
5017.5 1.8718299e-15 1e-20
5019.0 1.82819e-15 1e-20
5020.5 1.83171e-15 1e-20
5022.0 1.8528399e-15 1e-20
5023.5 1.83953e-15 1e-20
5025.0 1.85608e-15 1e-20
5026.5 1.82774e-15 1e-20
5028.0 1.83887e-15 1e-20
5029.5 1.81347e-15 1e-20
5031.0 1.8086e-15 1e-20
5032.5 1.8356301e-15 1e-20
5034.0 1.87722e-15 1e-20
5035.5 1.89673e-15 1e-20
5037.0 1.8734899e-15 1e-20
5038.5 1.84172e-15 1e-20
5040.0 1.8340701e-15 1e-20
5041.5 1.86234e-15 1e-20
5043.0 1.88192e-15 1e-20
5044.5 1.8362499e-15 1e-20
5046.0 1.84154e-15 1e-20
5047.5 1.90955e-15 1e-20
5049.0 1.90822e-15 1e-20
5050.5 1.8826999e-15 1e-20
5052.0 1.8605801e-15 1e-20
5053.5 1.86108e-15 1e-20
5055.0 1.9196699e-15 1e-20
5056.5 1.92725e-15 1e-20
5058.0 1.87714e-15 1e-20
5059.5 1.87168e-15 1e-20
5061.0 1.86266e-15 1e-20
5062.5 1.8871799e-15 1e-20
5064.0 1.87777e-15 1e-20
5065.5 1.8914699e-15 1e-20
5067.0 1.94536e-15 1e-20
5068.5 1.95114e-15 1e-20
5070.0 1.91747e-15 1e-20
5071.5 1.95816e-15 1e-20
5073.0 1.9728001e-15 1e-20
5074.5 1.9581401e-15 1e-20
5076.0 1.98592e-15 1e-20
5077.5 1.9258101e-15 1e-20
5079.0 1.96115e-15 1e-20
5080.5 1.99334e-15 1e-20
5082.0 1.96517e-15 1e-20
5083.5 2.02424e-15 1e-20
5085.0 2.0797001e-15 1e-20
5086.5 1.9902699e-15 1e-20
5088.0 2.0070101e-15 1e-20
5089.5 2.0611998e-15 1e-20
5091.0 2.0552901e-15 1e-20
5092.5 2.0011799e-15 1e-20
5094.0 2.0528e-15 1e-20
5095.5 2.1215899e-15 1e-20
5097.0 2.11588e-15 1e-20
5098.5 2.02155e-15 1e-20
5100.0 2.0592301e-15 1e-20
5101.5 2.12411e-15 1e-20
5103.0 2.1186901e-15 1e-20
5104.5 2.1087402e-15 1e-20
5106.0 2.1311e-15 1e-20
5107.5 2.1104e-15 1e-20
5109.0 2.1369801e-15 1e-20
5110.5 2.1790501e-15 1e-20
5112.0 2.1929501e-15 1e-20
5113.5 2.1792e-15 1e-20
5115.0 2.1477001e-15 1e-20
5116.5 2.1236501e-15 1e-20
5118.0 2.16776e-15 1e-20
5119.5 2.22511e-15 1e-20
5121.0 2.25086e-15 1e-20
5122.5 2.28633e-15 1e-20
5124.0 2.28033e-15 1e-20
5125.5 2.2767602e-15 1e-20
5127.0 2.2734201e-15 1e-20
5128.5 2.2784e-15 1e-20
5130.0 2.3234201e-15 1e-20
5131.5 2.314e-15 1e-20
5133.0 2.33273e-15 1e-20
5134.5 2.3015499e-15 1e-20
5136.0 2.3487502e-15 1e-20
5137.5 2.3948499e-15 1e-20
5139.0 2.37118e-15 1e-20
5140.5 2.3448801e-15 1e-20
5142.0 2.39992e-15 1e-20
5143.5 2.4339299e-15 1e-20
5145.0 2.3821298e-15 1e-20
5146.5 2.3788499e-15 1e-20
5148.0 2.46351e-15 1e-20
5149.5 2.4417902e-15 1e-20
5151.0 2.4932101e-15 1e-20
5152.5 2.5158501e-15 1e-20
5154.0 2.5169402e-15 1e-20
5155.5 2.5378399e-15 1e-20
5157.0 2.58337e-15 1e-20
5158.5 2.52927e-15 1e-20
5160.0 2.52436e-15 1e-20
5161.5 2.5900099e-15 1e-20
5163.0 2.62389e-15 1e-20
5164.5 2.58861e-15 1e-20
5166.0 2.6078501e-15 1e-20
5167.5 2.6409098e-15 1e-20
5169.0 2.6113901e-15 1e-20
5170.5 2.6521999e-15 1e-20
5172.0 2.62885e-15 1e-20
5173.5 2.63805e-15 1e-20
5175.0 2.66657e-15 1e-20
5176.5 2.6729802e-15 1e-20
5178.0 2.70007e-15 1e-20
5179.5 2.68352e-15 1e-20
5181.0 2.6660298e-15 1e-20
5182.5 2.7163099e-15 1e-20
5184.0 2.69734e-15 1e-20
5185.5 2.67632e-15 1e-20
5187.0 2.69341e-15 1e-20
5188.5 2.7497101e-15 1e-20
5190.0 2.7867001e-15 1e-20
5191.5 2.7672901e-15 1e-20
5193.0 2.74401e-15 1e-20
5194.5 2.7248599e-15 1e-20
5196.0 2.76969e-15 1e-20
5197.5 2.8276802e-15 1e-20
5199.0 2.80057e-15 1e-20
5200.5 2.7741e-15 1e-20
5202.0 2.80201e-15 1e-20
5203.5 2.8241201e-15 1e-20
5205.0 2.77706e-15 1e-20
5206.5 2.7787801e-15 1e-20
5208.0 2.8136899e-15 1e-20
5209.5 2.8201799e-15 1e-20
5211.0 2.77611e-15 1e-20
5212.5 2.8066799e-15 1e-20
5214.0 2.7489601e-15 1e-20
5215.5 2.7408301e-15 1e-20
5217.0 2.75171e-15 1e-20
5218.5 2.6971399e-15 1e-20
5220.0 2.7916201e-15 1e-20
5221.5 2.7822102e-15 1e-20
5223.0 2.75036e-15 1e-20
5224.5 2.7667698e-15 1e-20
5226.0 2.7646999e-15 1e-20
5227.5 2.7628e-15 1e-20
5229.0 2.76141e-15 1e-20
5230.5 2.7278198e-15 1e-20
5232.0 2.71423e-15 1e-20
5233.5 2.6935e-15 1e-20
5235.0 2.6564802e-15 1e-20
5236.5 2.6923002e-15 1e-20
5238.0 2.6502098e-15 1e-20
5239.5 2.68894e-15 1e-20
5241.0 2.6799301e-15 1e-20
5242.5 2.66456e-15 1e-20
5244.0 2.7502101e-15 1e-20
5245.5 2.7620002e-15 1e-20
5247.0 2.6868601e-15 1e-20
5248.5 2.7242898e-15 1e-20
5250.0 2.7487399e-15 1e-20
5251.5 2.69444e-15 1e-20
5253.0 2.6583701e-15 1e-20
5254.5 2.7004001e-15 1e-20
5256.0 2.7630799e-15 1e-20
5257.5 2.7518402e-15 1e-20
5259.0 2.6917301e-15 1e-20
5260.5 2.68884e-15 1e-20
5262.0 2.7122501e-15 1e-20
5263.5 2.69587e-15 1e-20
5265.0 2.7174699e-15 1e-20
5266.5 2.7527002e-15 1e-20
5268.0 2.74366e-15 1e-20
5269.5 2.73301e-15 1e-20
5271.0 2.7163301e-15 1e-20
5272.5 2.7081799e-15 1e-20
5274.0 2.7344301e-15 1e-20
5275.5 2.6999899e-15 1e-20
5277.0 2.6917301e-15 1e-20
5278.5 2.7191301e-15 1e-20
5280.0 2.7221602e-15 1e-20
5281.5 2.73775e-15 1e-20
5283.0 2.7135702e-15 1e-20
5284.5 2.6630801e-15 1e-20
5286.0 2.5815301e-15 1e-20
5287.5 2.5466001e-15 1e-20
5289.0 2.49838e-15 1e-20
5290.5 2.4981898e-15 1e-20
5292.0 2.5121801e-15 1e-20
5293.5 2.5464599e-15 1e-20
5295.0 2.56737e-15 1e-20
5296.5 2.4958201e-15 1e-20
5298.0 2.46109e-15 1e-20
5299.5 2.46207e-15 1e-20
5301.0 2.42291e-15 1e-20
5302.5 2.3854599e-15 1e-20
5304.0 2.37757e-15 1e-20
5305.5 2.3345899e-15 1e-20
5307.0 2.30055e-15 1e-20
5308.5 2.28095e-15 1e-20
5310.0 2.2269199e-15 1e-20
5311.5 2.2332699e-15 1e-20
5313.0 2.23195e-15 1e-20
5314.5 2.1837699e-15 1e-20
5316.0 2.1527501e-15 1e-20
5317.5 2.1034702e-15 1e-20
5319.0 2.0931999e-15 1e-20
5320.5 2.0879599e-15 1e-20
5322.0 2.0976301e-15 1e-20
5323.5 2.0884099e-15 1e-20
5325.0 2.0084199e-15 1e-20
5326.5 1.97779e-15 1e-20
5328.0 1.98177e-15 1e-20
5329.5 1.94626e-15 1e-20
5331.0 1.9155301e-15 1e-20
5332.5 1.9078701e-15 1e-20
5334.0 1.90272e-15 1e-20
5335.5 1.8841799e-15 1e-20
5337.0 1.86346e-15 1e-20
5338.5 1.87485e-15 1e-20
5340.0 1.89118e-15 1e-20
5341.5 1.8430099e-15 1e-20
5343.0 1.7836801e-15 1e-20
5344.5 1.7862301e-15 1e-20
5346.0 1.8240101e-15 1e-20
5347.5 1.8031999e-15 1e-20
5349.0 1.75309e-15 1e-20
5350.5 1.74315e-15 1e-20
5352.0 1.73773e-15 1e-20
5353.5 1.7134901e-15 1e-20
5355.0 1.68758e-15 1e-20
5356.5 1.68398e-15 1e-20
5358.0 1.73187e-15 1e-20
5359.5 1.76651e-15 1e-20
5361.0 1.7379499e-15 1e-20
5362.5 1.74288e-15 1e-20
5364.0 1.7645201e-15 1e-20
5365.5 1.72174e-15 1e-20
5367.0 1.69294e-15 1e-20
5368.5 1.7448501e-15 1e-20
5370.0 1.72376e-15 1e-20
5371.5 1.74998e-15 1e-20
5373.0 1.7439601e-15 1e-20
5374.5 1.7747101e-15 1e-20
5376.0 1.8129e-15 1e-20
5377.5 1.7675001e-15 1e-20
5379.0 1.71304e-15 1e-20
5380.5 1.75886e-15 1e-20
5382.0 1.7944601e-15 1e-20
5383.5 1.77141e-15 1e-20
5385.0 1.7756701e-15 1e-20
5386.5 1.79135e-15 1e-20
5388.0 1.79782e-15 1e-20
5389.5 1.8138501e-15 1e-20
5391.0 1.8211799e-15 1e-20
5392.5 1.80122e-15 1e-20
5394.0 1.8295899e-15 1e-20
5395.5 1.8742101e-15 1e-20
5397.0 1.89793e-15 1e-20
5398.5 1.8835501e-15 1e-20
5400.0 1.86068e-15 1e-20
5401.5 1.8427699e-15 1e-20
5403.0 1.8751399e-15 1e-20
5404.5 1.8866399e-15 1e-20
5406.0 1.87486e-15 1e-20
5407.5 1.88515e-15 1e-20
5409.0 1.85086e-15 1e-20
5410.5 1.82313e-15 1e-20
5412.0 1.84691e-15 1e-20
5413.5 1.87643e-15 1e-20
5415.0 1.9056501e-15 1e-20
5416.5 1.90893e-15 1e-20
5418.0 1.91733e-15 1e-20
5419.5 1.9586301e-15 1e-20
5421.0 1.9415801e-15 1e-20
5422.5 1.9891e-15 1e-20
5424.0 1.9562402e-15 1e-20
5425.5 1.9310001e-15 1e-20
5427.0 1.97147e-15 1e-20
5428.5 2.00104e-15 1e-20
5430.0 2.0181898e-15 1e-20
5431.5 2.0165301e-15 1e-20
5433.0 1.98023e-15 1e-20
5434.5 1.9445401e-15 1e-20
5436.0 1.9971999e-15 1e-20
5437.5 2.0515202e-15 1e-20
5439.0 2.0621199e-15 1e-20
5440.5 2.0782002e-15 1e-20
5442.0 2.0411501e-15 1e-20
5443.5 2.0740701e-15 1e-20
5445.0 2.0113202e-15 1e-20
5446.5 2.0771401e-15 1e-20
5448.0 2.03389e-15 1e-20
5449.5 2.04663e-15 1e-20
5451.0 2.0551501e-15 1e-20
5452.5 2.0146001e-15 1e-20
5454.0 2.0226399e-15 1e-20
5455.5 2.0211699e-15 1e-20
5457.0 2.0146998e-15 1e-20
5458.5 2.0275301e-15 1e-20
5460.0 2.00546e-15 1e-20
5461.5 2.0106201e-15 1e-20
5463.0 2.0268099e-15 1e-20
5464.5 2.0300301e-15 1e-20
5466.0 2.01578e-15 1e-20
5467.5 2.0354299e-15 1e-20
5469.0 2.06993e-15 1e-20
5470.5 2.0049702e-15 1e-20
5472.0 1.96521e-15 1e-20
5473.5 1.9918899e-15 1e-20
5475.0 2.02982e-15 1e-20
5476.5 2.0097599e-15 1e-20
5478.0 2.0144201e-15 1e-20
5479.5 2.0030601e-15 1e-20
5481.0 1.9509e-15 1e-20
5482.5 1.9401601e-15 1e-20
5484.0 1.9684599e-15 1e-20
5485.5 1.9268801e-15 1e-20
5487.0 1.89762e-15 1e-20
5488.5 1.9274499e-15 1e-20
5490.0 1.9137699e-15 1e-20
5491.5 1.88196e-15 1e-20
5493.0 1.8526201e-15 1e-20
5494.5 1.8684101e-15 1e-20
5496.0 1.8757801e-15 1e-20
5497.5 1.8197101e-15 1e-20
5499.0 1.76494e-15 1e-20
5500.5 1.7956201e-15 1e-20
5502.0 1.8087201e-15 1e-20
5503.5 1.8317901e-15 1e-20
5505.0 1.80905e-15 1e-20
5506.5 1.7631101e-15 1e-20
5508.0 1.72258e-15 1e-20
5509.5 1.6947599e-15 1e-20
5511.0 1.72609e-15 1e-20
5512.5 1.75097e-15 1e-20
5514.0 1.7421499e-15 1e-20
5515.5 1.72278e-15 1e-20
5517.0 1.68294e-15 1e-20
5518.5 1.6482801e-15 1e-20
5520.0 1.67621e-15 1e-20
5521.5 1.6337e-15 1e-20
5523.0 1.6291601e-15 1e-20
5524.5 1.64309e-15 1e-20
5526.0 1.62664e-15 1e-20
5527.5 1.6576901e-15 1e-20
5529.0 1.6869399e-15 1e-20
5530.5 1.60671e-15 1e-20
5532.0 1.59184e-15 1e-20
5533.5 1.63241e-15 1e-20
5535.0 1.61914e-15 1e-20
5536.5 1.5986901e-15 1e-20
5538.0 1.59041e-15 1e-20
5539.5 1.54434e-15 1e-20
5541.0 1.5321601e-15 1e-20
5542.5 1.60262e-15 1e-20
5544.0 1.6169699e-15 1e-20
5545.5 1.5720299e-15 1e-20
5547.0 1.58213e-15 1e-20
5548.5 1.59567e-15 1e-20
5550.0 1.60497e-15 1e-20
5551.5 1.59026e-15 1e-20
5553.0 1.5814399e-15 1e-20
5554.5 1.6235799e-15 1e-20
5556.0 1.63235e-15 1e-20
5557.5 1.64736e-15 1e-20
5559.0 1.67187e-15 1e-20
5560.5 1.65782e-15 1e-20
5562.0 1.67159e-15 1e-20
5563.5 1.6861e-15 1e-20
5565.0 1.7318601e-15 1e-20
5566.5 1.7229001e-15 1e-20
5568.0 1.77584e-15 1e-20
5569.5 1.83463e-15 1e-20
5571.0 1.7978101e-15 1e-20
5572.5 1.74469e-15 1e-20
5574.0 1.7724e-15 1e-20
5575.5 1.8057601e-15 1e-20
5577.0 1.9318901e-15 1e-20
5578.5 1.90244e-15 1e-20
5580.0 1.8967399e-15 1e-20
5581.5 1.9105701e-15 1e-20
5583.0 1.9080899e-15 1e-20
5584.5 1.9643101e-15 1e-20
5586.0 1.9751701e-15 1e-20
5587.5 1.9820101e-15 1e-20
5589.0 2.03603e-15 1e-20
5590.5 1.99159e-15 1e-20
5592.0 2.0620301e-15 1e-20
5593.5 2.0825902e-15 1e-20
5595.0 2.0757502e-15 1e-20
5596.5 2.0689599e-15 1e-20
5598.0 2.0752299e-15 1e-20
5599.5 2.1078099e-15 1e-20
5601.0 2.1434099e-15 1e-20
5602.5 2.17956e-15 1e-20
5604.0 2.2107501e-15 1e-20
5605.5 2.1884202e-15 1e-20
5607.0 2.2112801e-15 1e-20
5608.5 2.2307e-15 1e-20
5610.0 2.2407501e-15 1e-20
5611.5 2.2406198e-15 1e-20
5613.0 2.2319701e-15 1e-20
5614.5 2.25244e-15 1e-20
5616.0 2.2630999e-15 1e-20
5617.5 2.2786201e-15 1e-20
5619.0 2.33385e-15 1e-20
5620.5 2.3464898e-15 1e-20
5622.0 2.32885e-15 1e-20
5623.5 2.3292e-15 1e-20
5625.0 2.3217101e-15 1e-20
5626.5 2.3479499e-15 1e-20
5628.0 2.3887301e-15 1e-20
5629.5 2.3693699e-15 1e-20
5631.0 2.39055e-15 1e-20
5632.5 2.44411e-15 1e-20
5634.0 2.44693e-15 1e-20
5635.5 2.46611e-15 1e-20
5637.0 2.4554001e-15 1e-20
5638.5 2.41902e-15 1e-20
5640.0 2.43976e-15 1e-20
5641.5 2.4402901e-15 1e-20
5643.0 2.4130001e-15 1e-20
5644.5 2.4027701e-15 1e-20
5646.0 2.40945e-15 1e-20
5647.5 2.4107699e-15 1e-20
5649.0 2.4126001e-15 1e-20
5650.5 2.4555299e-15 1e-20
5652.0 2.4151599e-15 1e-20
5653.5 2.3524201e-15 1e-20
5655.0 2.36451e-15 1e-20
5656.5 2.4307201e-15 1e-20
5658.0 2.48399e-15 1e-20
5659.5 2.44575e-15 1e-20
5661.0 2.3986199e-15 1e-20
5662.5 2.38125e-15 1e-20
5664.0 2.43149e-15 1e-20
5665.5 2.40968e-15 1e-20
5667.0 2.39837e-15 1e-20
5668.5 2.41357e-15 1e-20
5670.0 2.4098901e-15 1e-20
5671.5 2.3745999e-15 1e-20
5673.0 2.39939e-15 1e-20
5674.5 2.39493e-15 1e-20
5676.0 2.3565901e-15 1e-20
5677.5 2.40436e-15 1e-20
5679.0 2.45872e-15 1e-20
5680.5 2.4351399e-15 1e-20
5682.0 2.4109198e-15 1e-20
5683.5 2.4538301e-15 1e-20
5685.0 2.4983499e-15 1e-20
5686.5 2.4487401e-15 1e-20
5688.0 2.39341e-15 1e-20
5689.5 2.4342302e-15 1e-20
5691.0 2.4457901e-15 1e-20
5692.5 2.4237498e-15 1e-20
5694.0 2.4358101e-15 1e-20
5695.5 2.4230299e-15 1e-20
5697.0 2.3908898e-15 1e-20
5698.5 2.3804201e-15 1e-20
5700.0 2.41169e-15 1e-20
5701.5 2.4330299e-15 1e-20
5703.0 2.4380802e-15 1e-20
5704.5 2.4228101e-15 1e-20
5706.0 2.4064801e-15 1e-20
5707.5 2.41463e-15 1e-20
5709.0 2.4202499e-15 1e-20
5710.5 2.4131001e-15 1e-20
5712.0 2.4223899e-15 1e-20
5713.5 2.4302002e-15 1e-20
5715.0 2.4316499e-15 1e-20
5716.5 2.4137299e-15 1e-20
5718.0 2.4331701e-15 1e-20
5719.5 2.43422e-15 1e-20
5721.0 2.3778701e-15 1e-20
5722.5 2.3621299e-15 1e-20
5724.0 2.4418799e-15 1e-20
5725.5 2.4459099e-15 1e-20
5727.0 2.4015701e-15 1e-20
5728.5 2.3986002e-15 1e-20
5730.0 2.4595599e-15 1e-20
5731.5 2.4007999e-15 1e-20
5733.0 2.42541e-15 1e-20
5734.5 2.40381e-15 1e-20
5736.0 2.4207399e-15 1e-20
5737.5 2.42439e-15 1e-20
5739.0 2.39411e-15 1e-20
5740.5 2.4432e-15 1e-20
5742.0 2.3977101e-15 1e-20
5743.5 2.32643e-15 1e-20
5745.0 2.3647999e-15 1e-20
5746.5 2.3561202e-15 1e-20
5748.0 2.3420402e-15 1e-20
5749.5 2.2904101e-15 1e-20
5751.0 2.2422e-15 1e-20
5752.5 2.29736e-15 1e-20
5754.0 2.2886e-15 1e-20
5755.5 2.29912e-15 1e-20
5757.0 2.2991699e-15 1e-20
5758.5 2.28217e-15 1e-20
5760.0 2.2546501e-15 1e-20
5761.5 2.2576001e-15 1e-20
5763.0 2.2624299e-15 1e-20
5764.5 2.2699399e-15 1e-20
5766.0 2.2788301e-15 1e-20
5767.5 2.25001e-15 1e-20
5769.0 2.26933e-15 1e-20
5770.5 2.25212e-15 1e-20
5772.0 2.1965599e-15 1e-20
5773.5 2.1761898e-15 1e-20
5775.0 2.15251e-15 1e-20
5776.5 2.1501099e-15 1e-20
5778.0 2.1975601e-15 1e-20
5779.5 2.1738802e-15 1e-20
5781.0 2.1690299e-15 1e-20
5782.5 2.1794101e-15 1e-20
5784.0 2.18332e-15 1e-20
5785.5 2.17853e-15 1e-20
5787.0 2.1744498e-15 1e-20
5788.5 2.18572e-15 1e-20
5790.0 2.18223e-15 1e-20
5791.5 2.17714e-15 1e-20
5793.0 2.1377398e-15 1e-20
5794.5 2.07177e-15 1e-20
5796.0 2.1499901e-15 1e-20
5797.5 2.16466e-15 1e-20
5799.0 2.2004199e-15 1e-20
5800.5 2.18403e-15 1e-20
5802.0 2.18465e-15 1e-20
5803.5 2.1605202e-15 1e-20
5805.0 2.1504701e-15 1e-20
5806.5 2.14821e-15 1e-20
5808.0 2.1040999e-15 1e-20
5809.5 2.16028e-15 1e-20
5811.0 2.1900001e-15 1e-20
5812.5 2.1533001e-15 1e-20
5814.0 2.1430099e-15 1e-20
5815.5 2.1855599e-15 1e-20
5817.0 2.1036502e-15 1e-20
5818.5 2.0950799e-15 1e-20
5820.0 2.1374199e-15 1e-20
5821.5 2.1443501e-15 1e-20
5823.0 2.1477399e-15 1e-20
5824.5 2.17683e-15 1e-20
5826.0 2.1537098e-15 1e-20
5827.5 2.1252101e-15 1e-20
5829.0 2.1291399e-15 1e-20
5830.5 2.12992e-15 1e-20
5832.0 2.1665e-15 1e-20
5833.5 2.17361e-15 1e-20
5835.0 2.1313001e-15 1e-20
5836.5 2.11581e-15 1e-20
5838.0 2.1023701e-15 1e-20
5839.5 2.0819699e-15 1e-20
5841.0 2.0754099e-15 1e-20
5842.5 2.05688e-15 1e-20
5844.0 2.0288601e-15 1e-20
5845.5 2.0262201e-15 1e-20
5847.0 2.08281e-15 1e-20
5848.5 2.11035e-15 1e-20
5850.0 2.1077699e-15 1e-20
5851.5 2.1187e-15 1e-20
5853.0 2.1204e-15 1e-20
5854.5 2.0938699e-15 1e-20
5856.0 2.0949399e-15 1e-20
5857.5 2.0998002e-15 1e-20
5859.0 2.09827e-15 1e-20
5860.5 2.1160101e-15 1e-20
5862.0 2.13507e-15 1e-20
5863.5 2.0948601e-15 1e-20
5865.0 2.07757e-15 1e-20
5866.5 2.1348701e-15 1e-20
5868.0 2.1452302e-15 1e-20
5869.5 2.1049199e-15 1e-20
5871.0 2.0851501e-15 1e-20
5872.5 2.0984e-15 1e-20
5874.0 2.09576e-15 1e-20
5875.5 2.05366e-15 1e-20
5877.0 2.03264e-15 1e-20
5878.5 2.11415e-15 1e-20
5880.0 2.155e-15 1e-20
5881.5 2.1181099e-15 1e-20
5883.0 2.1044599e-15 1e-20
5884.5 2.12568e-15 1e-20
5886.0 2.06992e-15 1e-20
5887.5 1.99436e-15 1e-20
5889.0 1.97e-15 1e-20
5890.5 2.0071799e-15 1e-20
5892.0 2.01708e-15 1e-20
5893.5 2.0197302e-15 1e-20
5895.0 2.1266501e-15 1e-20
5896.5 2.1805502e-15 1e-20
5898.0 2.1553099e-15 1e-20
5899.5 2.11706e-15 1e-20
5901.0 2.16368e-15 1e-20
5902.5 2.17782e-15 1e-20
5904.0 2.20911e-15 1e-20
5905.5 2.23861e-15 1e-20
5907.0 2.21998e-15 1e-20
5908.5 2.1925499e-15 1e-20
5910.0 2.19895e-15 1e-20
5911.5 2.1957601e-15 1e-20
5913.0 2.17487e-15 1e-20
5914.5 2.15998e-15 1e-20
5916.0 2.1394602e-15 1e-20
5917.5 2.16015e-15 1e-20
5919.0 2.2028e-15 1e-20
5920.5 2.2087199e-15 1e-20
5922.0 2.2112401e-15 1e-20
5923.5 2.2320599e-15 1e-20
5925.0 2.2091801e-15 1e-20
5926.5 2.21761e-15 1e-20
5928.0 2.2562599e-15 1e-20
5929.5 2.23965e-15 1e-20
5931.0 2.1852902e-15 1e-20
5932.5 2.2261601e-15 1e-20
5934.0 2.2277401e-15 1e-20
5935.5 2.1457701e-15 1e-20
5937.0 2.2100599e-15 1e-20
5938.5 2.16623e-15 1e-20
5940.0 2.13551e-15 1e-20
5941.5 2.20142e-15 1e-20
5943.0 2.1720701e-15 1e-20
5944.5 2.21787e-15 1e-20
5946.0 2.1593e-15 1e-20
5947.5 2.1753399e-15 1e-20
5949.0 2.18644e-15 1e-20
5950.5 2.1786302e-15 1e-20
5952.0 2.22703e-15 1e-20
5953.5 2.2219502e-15 1e-20
5955.0 2.18661e-15 1e-20
5956.5 2.2012601e-15 1e-20
5958.0 2.19135e-15 1e-20
5959.5 2.17733e-15 1e-20
5961.0 2.16816e-15 1e-20
5962.5 2.19721e-15 1e-20
5964.0 2.1797e-15 1e-20
5965.5 2.1391599e-15 1e-20
5967.0 2.1626898e-15 1e-20
5968.5 2.18872e-15 1e-20
5970.0 2.15755e-15 1e-20
5971.5 2.15639e-15 1e-20
5973.0 2.1437299e-15 1e-20
5974.5 2.1841801e-15 1e-20
5976.0 2.1961099e-15 1e-20
5977.5 2.17013e-15 1e-20
5979.0 2.13467e-15 1e-20
5980.5 2.06585e-15 1e-20
5982.0 1.9933999e-15 1e-20
5983.5 1.9430701e-15 1e-20
5985.0 1.9451301e-15 1e-20
5986.5 1.97684e-15 1e-20
5988.0 1.97184e-15 1e-20
5989.5 1.9623701e-15 1e-20
5991.0 2.00926e-15 1e-20
5992.5 2.0593201e-15 1e-20
5994.0 2.10758e-15 1e-20
5995.5 2.1463201e-15 1e-20
5997.0 2.1979402e-15 1e-20
5998.5 2.24976e-15 1e-20
6000.0 2.1747402e-15 1e-20
6001.5 2.1518701e-15 1e-20
6003.0 2.2119901e-15 1e-20
6004.5 2.2148599e-15 1e-20
6006.0 2.18509e-15 1e-20
6007.5 2.1713501e-15 1e-20
6009.0 2.1864601e-15 1e-20
6010.5 2.1993501e-15 1e-20
6012.0 2.21174e-15 1e-20
6013.5 2.17687e-15 1e-20
6015.0 2.22654e-15 1e-20
6016.5 2.18711e-15 1e-20
6018.0 2.23294e-15 1e-20
6019.5 2.26074e-15 1e-20
6021.0 2.2056401e-15 1e-20
6022.5 2.1091199e-15 1e-20
6024.0 2.0843501e-15 1e-20
6025.5 2.1609699e-15 1e-20
6027.0 2.1518499e-15 1e-20
6028.5 2.14799e-15 1e-20
6030.0 2.2072101e-15 1e-20
6031.5 2.17007e-15 1e-20
6033.0 2.2121602e-15 1e-20
6034.5 2.20218e-15 1e-20
6036.0 2.1672498e-15 1e-20
6037.5 2.1629901e-15 1e-20
6039.0 2.1235899e-15 1e-20
6040.5 2.15399e-15 1e-20
6042.0 2.16685e-15 1e-20
6043.5 2.1733301e-15 1e-20
6045.0 2.1693799e-15 1e-20
6046.5 2.16542e-15 1e-20
6048.0 2.1614699e-15 1e-20
6049.5 2.15752e-15 1e-20
6051.0 2.15752e-15 1e-20
6052.5 2.1265601e-15 1e-20
6054.0 2.08508e-15 1e-20
6055.5 2.0586801e-15 1e-20
6057.0 2.03725e-15 1e-20
6058.5 2.0693e-15 1e-20
6060.0 2.0929202e-15 1e-20
6061.5 2.0734702e-15 1e-20
6063.0 2.0608301e-15 1e-20
6064.5 2.0402502e-15 1e-20
6066.0 2.0029398e-15 1e-20
6067.5 2.00058e-15 1e-20
6069.0 1.9825899e-15 1e-20
6070.5 1.9409099e-15 1e-20
6072.0 1.8980501e-15 1e-20
6073.5 1.85492e-15 1e-20
6075.0 1.88791e-15 1e-20
6076.5 1.93621e-15 1e-20
6078.0 1.88321e-15 1e-20
6079.5 1.8204801e-15 1e-20
6081.0 1.79523e-15 1e-20
6082.5 1.7830401e-15 1e-20
6084.0 1.7492301e-15 1e-20
6085.5 1.70858e-15 1e-20
6087.0 1.70017e-15 1e-20
6088.5 1.65442e-15 1e-20
6090.0 1.6186399e-15 1e-20
6091.5 1.6142101e-15 1e-20
6093.0 1.60258e-15 1e-20
6094.5 1.57761e-15 1e-20
6096.0 1.4919301e-15 1e-20
6097.5 1.45187e-15 1e-20
6099.0 1.43355e-15 1e-20
6100.5 1.35842e-15 1e-20
6102.0 1.30485e-15 1e-20
6103.5 1.28004e-15 1e-20
6105.0 1.2757501e-15 1e-20
6106.5 1.27665e-15 1e-20
6108.0 1.2605701e-15 1e-20
6109.5 1.2227301e-15 1e-20
6111.0 1.1559e-15 1e-20
6112.5 1.1352e-15 1e-20
6114.0 1.1184e-15 1e-20
6115.5 1.07359e-15 1e-20
6117.0 1.0264e-15 1e-20
6118.5 9.9111802e-16 1e-20
6120.0 1.0313999e-15 1e-20
6121.5 1.0072e-15 1e-20
6123.0 9.5003099e-16 1e-20
6124.5 9.3319706e-16 1e-20
6126.0 9.0919701e-16 1e-20
6127.5 8.9412999e-16 1e-20
6129.0 9.0710696e-16 1e-20
6130.5 8.68456e-16 1e-20
6132.0 8.3317898e-16 1e-20
6133.5 8.4493898e-16 1e-20
6135.0 8.4346202e-16 1e-20
6136.5 8.22217e-16 1e-20
6138.0 8.2204902e-16 1e-20
6139.5 8.2242399e-16 1e-20
6141.0 7.9827397e-16 1e-20
6142.5 7.8091101e-16 1e-20
6144.0 7.5060804e-16 1e-20
6145.5 7.5592603e-16 1e-20
6147.0 7.3079096e-16 1e-20
6148.5 6.7599301e-16 1e-20
6150.0 6.90456e-16 1e-20
6151.5 6.9053202e-16 1e-20
6153.0 7.0637799e-16 1e-20
6154.5 7.01883e-16 1e-20
6156.0 6.9527201e-16 1e-20
6157.5 6.8404798e-16 1e-20
6159.0 6.6894199e-16 1e-20
6160.5 6.6724999e-16 1e-20
6162.0 6.8144298e-16 1e-20
6163.5 6.80586e-16 1e-20
6165.0 6.2194596e-16 1e-20
6166.5 5.9648198e-16 1e-20
6168.0 6.4634803e-16 1e-20
6169.5 6.3653896e-16 1e-20
6171.0 6.0432704e-16 1e-20
6172.5 6.0382099e-16 1e-20
6174.0 6.0117899e-16 1e-20
6175.5 6.0339202e-16 1e-20
6177.0 6.1536001e-16 1e-20
6178.5 6.1412504e-16 1e-20
6180.0 6.3693103e-16 1e-20
6181.5 6.1621599e-16 1e-20
6183.0 5.8344799e-16 1e-20
6184.5 6.1998598e-16 1e-20
6186.0 6.1307101e-16 1e-20
6187.5 6.3235403e-16 1e-20
6189.0 6.1111802e-16 1e-20
6190.5 6.0577901e-16 1e-20
6192.0 5.98928e-16 1e-20
6193.5 5.9269103e-16 1e-20
6195.0 6.0935598e-16 1e-20
6196.5 6.2106102e-16 1e-20
6198.0 6.1199401e-16 1e-20
6199.5 6.11322e-16 1e-20
6201.0 6.39413e-16 1e-20
6202.5 6.4858403e-16 1e-20
6204.0 6.3959802e-16 1e-20
6205.5 6.68265e-16 1e-20
6207.0 7.2142299e-16 1e-20
6208.5 7.1473402e-16 1e-20
6210.0 6.58041e-16 1e-20
6211.5 6.5338899e-16 1e-20
6213.0 6.65994e-16 1e-20
6214.5 6.7545499e-16 1e-20
6216.0 6.7906801e-16 1e-20
6217.5 6.8514002e-16 1e-20
6219.0 7.3757999e-16 1e-20
6220.5 7.4497903e-16 1e-20
6222.0 7.3886298e-16 1e-20
6223.5 7.3654698e-16 1e-20
6225.0 7.4439002e-16 1e-20
6226.5 7.31557e-16 1e-20
6228.0 7.6416099e-16 1e-20
6229.5 7.4516501e-16 1e-20
6231.0 7.75335e-16 1e-20
6232.5 7.6538098e-16 1e-20
6234.0 8.03246e-16 1e-20
6235.5 7.9142396e-16 1e-20
6237.0 7.7358201e-16 1e-20
6238.5 8.5291601e-16 1e-20
6240.0 8.2487001e-16 1e-20
6241.5 8.1910902e-16 1e-20
6243.0 8.0848802e-16 1e-20
6244.5 8.4821805e-16 1e-20
6246.0 8.9905898e-16 1e-20
6247.5 9.4309697e-16 1e-20
6249.0 9.2026805e-16 1e-20
6250.5 9.0695396e-16 1e-20
6252.0 9.46903e-16 1e-20
6253.5 9.3824495e-16 1e-20
6255.0 9.7939201e-16 1e-20
6256.5 9.7524102e-16 1e-20
6258.0 9.8166005e-16 1e-20
6259.5 1.03127e-15 1e-20
6261.0 1.0404201e-15 1e-20
6262.5 1.03523e-15 1e-20
6264.0 1.04674e-15 1e-20
6265.5 1.05851e-15 1e-20
6267.0 1.07697e-15 1e-20
6268.5 1.11455e-15 1e-20
6270.0 1.13674e-15 1e-20
6271.5 1.12885e-15 1e-20
6273.0 1.13871e-15 1e-20
6274.5 1.13992e-15 1e-20
6276.0 1.16717e-15 1e-20
6277.5 1.20549e-15 1e-20
6279.0 1.2184e-15 1e-20
6280.5 1.2238701e-15 1e-20
6282.0 1.24882e-15 1e-20
6283.5 1.2652299e-15 1e-20
6285.0 1.29083e-15 1e-20
6286.5 1.33505e-15 1e-20
6288.0 1.32471e-15 1e-20
6289.5 1.3207e-15 1e-20
6291.0 1.35058e-15 1e-20
6292.5 1.3763501e-15 1e-20
6294.0 1.40444e-15 1e-20
6295.5 1.43752e-15 1e-20
6297.0 1.44303e-15 1e-20
6298.5 1.4599e-15 1e-20
6300.0 1.49322e-15 1e-20
6301.5 1.4886001e-15 1e-20
6303.0 1.54733e-15 1e-20
6304.5 1.61867e-15 1e-20
6306.0 1.6210999e-15 1e-20
6307.5 1.6086499e-15 1e-20
6309.0 1.5860699e-15 1e-20
6310.5 1.61315e-15 1e-20
6312.0 1.67827e-15 1e-20
6313.5 1.69698e-15 1e-20
6315.0 1.6166499e-15 1e-20
6316.5 1.59863e-15 1e-20
6318.0 1.6619399e-15 1e-20
6319.5 1.6942101e-15 1e-20
6321.0 1.75209e-15 1e-20
6322.5 1.78002e-15 1e-20
6324.0 1.77456e-15 1e-20
6325.5 1.72438e-15 1e-20
6327.0 1.71346e-15 1e-20
6328.5 1.75093e-15 1e-20
6330.0 1.7744301e-15 1e-20
6331.5 1.8214099e-15 1e-20
6333.0 1.82336e-15 1e-20
6334.5 1.7788799e-15 1e-20
6336.0 1.78646e-15 1e-20
6337.5 1.8433701e-15 1e-20
6339.0 1.85077e-15 1e-20
6340.5 1.8541699e-15 1e-20
6342.0 1.8795699e-15 1e-20
6343.5 1.88649e-15 1e-20
6345.0 1.9018501e-15 1e-20
6346.5 1.93853e-15 1e-20
6348.0 1.94667e-15 1e-20
6349.5 1.95932e-15 1e-20
6351.0 1.9661799e-15 1e-20
6352.5 1.9630399e-15 1e-20
6354.0 1.997e-15 1e-20
6355.5 2.02553e-15 1e-20
6357.0 2.0004699e-15 1e-20
6358.5 2.0027001e-15 1e-20
6360.0 2.0044999e-15 1e-20
6361.5 1.98323e-15 1e-20
6363.0 1.9900101e-15 1e-20
6364.5 2.0120599e-15 1e-20
6366.0 2.00398e-15 1e-20
6367.5 1.9989501e-15 1e-20
6369.0 2.0206901e-15 1e-20
6370.5 2.00108e-15 1e-20
6372.0 1.9954199e-15 1e-20
6373.5 2.0288502e-15 1e-20
6375.0 2.06211e-15 1e-20
6376.5 2.0920801e-15 1e-20
6378.0 2.1147399e-15 1e-20
6379.5 2.08088e-15 1e-20
6381.0 2.11285e-15 1e-20
6382.5 2.0662799e-15 1e-20
6384.0 2.0304201e-15 1e-20
6385.5 2.0663299e-15 1e-20
6387.0 1.9997499e-15 1e-20
6388.5 2.0932801e-15 1e-20
6390.0 2.1112298e-15 1e-20
6391.5 2.1714202e-15 1e-20
6393.0 2.1453299e-15 1e-20
6394.5 2.11097e-15 1e-20
6396.0 2.09036e-15 1e-20
6397.5 2.0663401e-15 1e-20
6399.0 2.0713301e-15 1e-20
6400.5 2.09081e-15 1e-20
6402.0 2.0946801e-15 1e-20
6403.5 2.0978401e-15 1e-20
6405.0 2.0948999e-15 1e-20
6406.5 2.1294798e-15 1e-20
6408.0 2.1136199e-15 1e-20
6409.5 2.10235e-15 1e-20
6411.0 2.1022699e-15 1e-20
6412.5 2.09323e-15 1e-20
6414.0 2.1055001e-15 1e-20
6415.5 2.09581e-15 1e-20
6417.0 2.0808402e-15 1e-20
6418.5 2.06519e-15 1e-20
6420.0 2.0902399e-15 1e-20
6421.5 2.0993199e-15 1e-20
6423.0 2.11768e-15 1e-20
6424.5 2.13059e-15 1e-20
6426.0 2.0925701e-15 1e-20
6427.5 2.12224e-15 1e-20
6429.0 2.14487e-15 1e-20
6430.5 2.08885e-15 1e-20
6432.0 2.09044e-15 1e-20
6433.5 2.1310599e-15 1e-20
6435.0 2.1175e-15 1e-20
6436.5 2.10909e-15 1e-20
6438.0 2.1064001e-15 1e-20
6439.5 2.0418898e-15 1e-20
6441.0 2.04909e-15 1e-20
6442.5 2.0850699e-15 1e-20
6444.0 2.10725e-15 1e-20
6445.5 2.0862e-15 1e-20
6447.0 2.1038302e-15 1e-20
6448.5 2.1112199e-15 1e-20
6450.0 2.1132301e-15 1e-20
6451.5 2.0791499e-15 1e-20
6453.0 2.08267e-15 1e-20
6454.5 2.08794e-15 1e-20
6456.0 2.08165e-15 1e-20
6457.5 2.0501202e-15 1e-20
6459.0 2.02388e-15 1e-20
6460.5 2.03439e-15 1e-20
6462.0 2.0684299e-15 1e-20
6463.5 2.06144e-15 1e-20
6465.0 2.09814e-15 1e-20
6466.5 2.0760801e-15 1e-20
6468.0 2.0681201e-15 1e-20
6469.5 2.07963e-15 1e-20
6471.0 2.09675e-15 1e-20
6472.5 2.1099701e-15 1e-20
6474.0 2.0902802e-15 1e-20
6475.5 2.07378e-15 1e-20
6477.0 2.0842499e-15 1e-20
6478.5 2.09385e-15 1e-20
6480.0 2.0853e-15 1e-20
6481.5 2.04336e-15 1e-20
6483.0 2.0342199e-15 1e-20
6484.5 2.00862e-15 1e-20
6486.0 2.03e-15 1e-20
6487.5 2.0478101e-15 1e-20
6489.0 2.0540801e-15 1e-20
6490.5 2.02634e-15 1e-20
6492.0 2.01677e-15 1e-20
6493.5 2.052e-15 1e-20
6495.0 2.04694e-15 1e-20
6496.5 2.0076398e-15 1e-20
6498.0 1.99727e-15 1e-20
6499.5 2.02369e-15 1e-20
6501.0 2.0313301e-15 1e-20
6502.5 2.00917e-15 1e-20
6504.0 2.0150799e-15 1e-20
6505.5 2.0248301e-15 1e-20
6507.0 2.0257799e-15 1e-20
6508.5 1.9979201e-15 1e-20
6510.0 1.9672101e-15 1e-20
6511.5 1.97635e-15 1e-20
6513.0 1.9701199e-15 1e-20
6514.5 1.9592001e-15 1e-20
6516.0 1.9875501e-15 1e-20
6517.5 1.98154e-15 1e-20
6519.0 1.96768e-15 1e-20
6520.5 2.00215e-15 1e-20
6522.0 1.9977501e-15 1e-20
6523.5 1.9826301e-15 1e-20
6525.0 1.9262101e-15 1e-20
6526.5 1.9071099e-15 1e-20
6528.0 1.9223999e-15 1e-20
6529.5 1.9130301e-15 1e-20
6531.0 1.9099701e-15 1e-20
6532.5 1.9327699e-15 1e-20
6534.0 1.9623299e-15 1e-20
6535.5 1.9222301e-15 1e-20
6537.0 1.9123501e-15 1e-20
6538.5 1.9215099e-15 1e-20
6540.0 1.8766701e-15 1e-20
6541.5 1.8721201e-15 1e-20
6543.0 1.86336e-15 1e-20
6544.5 1.84709e-15 1e-20
6546.0 1.9008501e-15 1e-20
6547.5 1.88161e-15 1e-20
6549.0 1.88245e-15 1e-20
6550.5 1.8772499e-15 1e-20
6552.0 1.86243e-15 1e-20
6553.5 1.83109e-15 1e-20
6555.0 1.8024499e-15 1e-20
6556.5 1.8243099e-15 1e-20
6558.0 1.83081e-15 1e-20
6559.5 1.8650499e-15 1e-20
6561.0 1.8626799e-15 1e-20
6562.5 1.8411301e-15 1e-20
6564.0 1.8377301e-15 1e-20
6565.5 1.8401001e-15 1e-20
6567.0 1.84745e-15 1e-20
6568.5 1.8559701e-15 1e-20
6570.0 1.83811e-15 1e-20
6571.5 1.8162999e-15 1e-20
6573.0 1.80801e-15 1e-20
6574.5 1.8089799e-15 1e-20
6576.0 1.7980199e-15 1e-20
6577.5 1.79102e-15 1e-20
6579.0 1.8373599e-15 1e-20
6580.5 1.81879e-15 1e-20
6582.0 1.80132e-15 1e-20
6583.5 1.74618e-15 1e-20
6585.0 1.72981e-15 1e-20
6586.5 1.7738499e-15 1e-20
6588.0 1.7802401e-15 1e-20
6589.5 1.70206e-15 1e-20
6591.0 1.71389e-15 1e-20
6592.5 1.70395e-15 1e-20
6594.0 1.69953e-15 1e-20
6595.5 1.7453099e-15 1e-20
6597.0 1.73135e-15 1e-20
6598.5 1.7049001e-15 1e-20
6600.0 1.74345e-15 1e-20
6601.5 1.7617199e-15 1e-20
6603.0 1.74227e-15 1e-20
6604.5 1.73935e-15 1e-20
6606.0 1.7307699e-15 1e-20
6607.5 1.71978e-15 1e-20
6609.0 1.71245e-15 1e-20
6610.5 1.68645e-15 1e-20
6612.0 1.6749701e-15 1e-20
6613.5 1.69333e-15 1e-20
6615.0 1.6497199e-15 1e-20
6616.5 1.6868e-15 1e-20
6618.0 1.66354e-15 1e-20
6619.5 1.6518199e-15 1e-20
6621.0 1.63562e-15 1e-20
6622.5 1.6748e-15 1e-20
6624.0 1.69776e-15 1e-20
6625.5 1.63256e-15 1e-20
6627.0 1.6390999e-15 1e-20
6628.5 1.68239e-15 1e-20
6630.0 1.6898e-15 1e-20
6631.5 1.65467e-15 1e-20
6633.0 1.65196e-15 1e-20
6634.5 1.66617e-15 1e-20
6636.0 1.6637501e-15 1e-20
6637.5 1.6582201e-15 1e-20
6639.0 1.65249e-15 1e-20
6640.5 1.63095e-15 1e-20
6642.0 1.6214e-15 1e-20
6643.5 1.62372e-15 1e-20
6645.0 1.6137101e-15 1e-20
6646.5 1.6106301e-15 1e-20
6648.0 1.6441899e-15 1e-20
6649.5 1.6280201e-15 1e-20
6651.0 1.6045001e-15 1e-20
6652.5 1.63441e-15 1e-20
6654.0 1.5747599e-15 1e-20
6655.5 1.5259101e-15 1e-20
6657.0 1.56782e-15 1e-20
6658.5 1.57958e-15 1e-20
6660.0 1.54113e-15 1e-20
6661.5 1.53449e-15 1e-20
6663.0 1.5348901e-15 1e-20
6664.5 1.51863e-15 1e-20
6666.0 1.47454e-15 1e-20
6667.5 1.46946e-15 1e-20
6669.0 1.44118e-15 1e-20
6670.5 1.4463201e-15 1e-20
6672.0 1.39405e-15 1e-20
6673.5 1.45792e-15 1e-20
6675.0 1.53593e-15 1e-20
6676.5 1.527e-15 1e-20
6678.0 1.4855501e-15 1e-20
6679.5 1.4830101e-15 1e-20
6681.0 1.50382e-15 1e-20
6682.5 1.5443301e-15 1e-20
6684.0 1.51032e-15 1e-20
6685.5 1.45461e-15 1e-20
6687.0 1.4951201e-15 1e-20
6688.5 1.46379e-15 1e-20
6690.0 1.47225e-15 1e-20
6691.5 1.44584e-15 1e-20
6693.0 1.40607e-15 1e-20
6694.5 1.4078799e-15 1e-20
6696.0 1.39637e-15 1e-20
6697.5 1.41853e-15 1e-20
6699.0 1.4849e-15 1e-20
6700.5 1.48875e-15 1e-20
6702.0 1.45994e-15 1e-20
6703.5 1.46983e-15 1e-20
6705.0 1.4723001e-15 1e-20
6706.5 1.4325301e-15 1e-20
6708.0 1.43077e-15 1e-20
6709.5 1.43579e-15 1e-20
6711.0 1.4266099e-15 1e-20
6712.5 1.4362201e-15 1e-20
6714.0 1.41224e-15 1e-20
6715.5 1.41748e-15 1e-20
6717.0 1.42842e-15 1e-20
6718.5 1.4184999e-15 1e-20
6720.0 1.4085799e-15 1e-20
6721.5 1.4167e-15 1e-20
6723.0 1.4116599e-15 1e-20
6724.5 1.37543e-15 1e-20
6726.0 1.3692699e-15 1e-20
6727.5 1.3653899e-15 1e-20
6729.0 1.3871e-15 1e-20
6730.5 1.3890701e-15 1e-20
6732.0 1.39501e-15 1e-20
6733.5 1.39517e-15 1e-20
6735.0 1.38059e-15 1e-20
6736.5 1.34689e-15 1e-20
6738.0 1.3349399e-15 1e-20
6739.5 1.3367899e-15 1e-20
6741.0 1.32522e-15 1e-20
6742.5 1.34204e-15 1e-20
6744.0 1.37593e-15 1e-20
6745.5 1.3891601e-15 1e-20
6747.0 1.37245e-15 1e-20
6748.5 1.32898e-15 1e-20
6750.0 1.31042e-15 1e-20
6751.5 1.3470499e-15 1e-20
6753.0 1.351e-15 1e-20
6754.5 1.31031e-15 1e-20
6756.0 1.29922e-15 1e-20
6757.5 1.28248e-15 1e-20
6759.0 1.26723e-15 1e-20
6760.5 1.31609e-15 1e-20
6762.0 1.3348e-15 1e-20
6763.5 1.37116e-15 1e-20
6765.0 1.3518e-15 1e-20
6766.5 1.2843401e-15 1e-20
6768.0 1.30935e-15 1e-20
6769.5 1.28015e-15 1e-20
6771.0 1.2833801e-15 1e-20
6772.5 1.33517e-15 1e-20
6774.0 1.33094e-15 1e-20
6775.5 1.29201e-15 1e-20
6777.0 1.28386e-15 1e-20
6778.5 1.2933299e-15 1e-20
6780.0 1.2985801e-15 1e-20
6781.5 1.28942e-15 1e-20
6783.0 1.2848901e-15 1e-20
6784.5 1.29167e-15 1e-20
6786.0 1.29144e-15 1e-20
6787.5 1.27508e-15 1e-20
6789.0 1.2650599e-15 1e-20
6790.5 1.2813099e-15 1e-20
6792.0 1.2873e-15 1e-20
6793.5 1.29194e-15 1e-20
6795.0 1.2594301e-15 1e-20
6796.5 1.2447701e-15 1e-20
6798.0 1.25033e-15 1e-20
6799.5 1.2363401e-15 1e-20
6801.0 1.2232701e-15 1e-20
6802.5 1.2147799e-15 1e-20
6804.0 1.20616e-15 1e-20
6805.5 1.2341e-15 1e-20
6807.0 1.24282e-15 1e-20
6808.5 1.22511e-15 1e-20
6810.0 1.17664e-15 1e-20
6811.5 1.22158e-15 1e-20
6813.0 1.26274e-15 1e-20
6814.5 1.20391e-15 1e-20
6816.0 1.22737e-15 1e-20
6817.5 1.22438e-15 1e-20
6819.0 1.2132099e-15 1e-20
6820.5 1.22464e-15 1e-20
6822.0 1.2220401e-15 1e-20
6823.5 1.2290699e-15 1e-20
6825.0 1.2433601e-15 1e-20
6826.5 1.21594e-15 1e-20
6828.0 1.2319899e-15 1e-20
6829.5 1.15337e-15 1e-20
6831.0 1.1850801e-15 1e-20
6832.5 1.20321e-15 1e-20
6834.0 1.21677e-15 1e-20
6835.5 1.2656999e-15 1e-20
6837.0 1.23042e-15 1e-20
6838.5 1.17345e-15 1e-20
6840.0 1.14204e-15 1e-20
6841.5 1.1705101e-15 1e-20
6843.0 1.17515e-15 1e-20
6844.5 1.19804e-15 1e-20
6846.0 1.19556e-15 1e-20
6847.5 1.1796599e-15 1e-20
6849.0 1.1724799e-15 1e-20
6850.5 1.17696e-15 1e-20
6852.0 1.17349e-15 1e-20
6853.5 1.1466101e-15 1e-20
6855.0 1.1793199e-15 1e-20
6856.5 1.1611001e-15 1e-20
6858.0 1.1562999e-15 1e-20
6859.5 1.15348e-15 1e-20
6861.0 1.15114e-15 1e-20
6862.5 1.17557e-15 1e-20
6864.0 1.14609e-15 1e-20
6865.5 1.0677299e-15 1e-20
6867.0 1.0564899e-15 1e-20
6868.5 1.12892e-15 1e-20
6870.0 1.1503701e-15 1e-20
6871.5 1.1310199e-15 1e-20
6873.0 1.1157499e-15 1e-20
6874.5 1.13254e-15 1e-20
6876.0 1.1118999e-15 1e-20
6877.5 1.1224299e-15 1e-20
6879.0 1.1137901e-15 1e-20
6880.5 1.10589e-15 1e-20
6882.0 1.1573401e-15 1e-20
6883.5 1.10028e-15 1e-20
6885.0 1.0755201e-15 1e-20
6886.5 1.1169e-15 1e-20
6888.0 1.13409e-15 1e-20
6889.5 1.1331101e-15 1e-20
6891.0 1.0887199e-15 1e-20
6892.5 1.07175e-15 1e-20
6894.0 1.08021e-15 1e-20
6895.5 1.05034e-15 1e-20
6897.0 1.14156e-15 1e-20
6898.5 1.11924e-15 1e-20
6900.0 1.15215e-15 1e-20
6901.5 1.1561801e-15 1e-20
6903.0 1.1282199e-15 1e-20
6904.5 1.0951901e-15 1e-20
6906.0 1.07945e-15 1e-20
6907.5 1.05775e-15 1e-20
6909.0 1.06117e-15 1e-20
6910.5 1.08064e-15 1e-20
6912.0 1.1267199e-15 1e-20
6913.5 1.13064e-15 1e-20
6915.0 1.09794e-15 1e-20
6916.5 1.10415e-15 1e-20
6918.0 1.13424e-15 1e-20
6919.5 1.1524201e-15 1e-20
6921.0 1.11209e-15 1e-20
6922.5 1.07994e-15 1e-20
6924.0 1.0807101e-15 1e-20
6925.5 1.08222e-15 1e-20
6927.0 1.12452e-15 1e-20
6928.5 1.13273e-15 1e-20
6930.0 1.1009001e-15 1e-20
6931.5 1.0814701e-15 1e-20
6933.0 1.12479e-15 1e-20
6934.5 1.12888e-15 1e-20
6936.0 1.0852999e-15 1e-20
6937.5 1.09338e-15 1e-20
6939.0 1.09539e-15 1e-20
6940.5 1.09418e-15 1e-20
6942.0 1.08661e-15 1e-20
6943.5 1.05509e-15 1e-20
6945.0 1.06005e-15 1e-20
6946.5 1.08231e-15 1e-20
6948.0 1.11068e-15 1e-20
6949.5 1.08568e-15 1e-20
6951.0 1.03253e-15 1e-20
6952.5 1.0482399e-15 1e-20
6954.0 1.0959e-15 1e-20
6955.5 1.06528e-15 1e-20
6957.0 1.03906e-15 1e-20
6958.5 1.0759701e-15 1e-20
6960.0 1.07907e-15 1e-20
6961.5 1.04485e-15 1e-20
6963.0 1.04247e-15 1e-20
6964.5 1.07621e-15 1e-20
6966.0 1.0841301e-15 1e-20
6967.5 1.0553499e-15 1e-20
6969.0 1.03077e-15 1e-20
6970.5 1.04504e-15 1e-20
6972.0 1.0566501e-15 1e-20
6973.5 9.8979199e-16 1e-20
6975.0 9.7413501e-16 1e-20
6976.5 1.0221401e-15 1e-20
6978.0 1.01199e-15 1e-20
6979.5 1.0091701e-15 1e-20
6981.0 1.0237599e-15 1e-20
6982.5 1.00894e-15 1e-20
6984.0 1.01455e-15 1e-20
6985.5 1.01198e-15 1e-20
6987.0 9.9875899e-16 1e-20
6988.5 1.0057799e-15 1e-20
6990.0 1.02489e-15 1e-20
6991.5 1.04706e-15 1e-20
6993.0 1.05126e-15 1e-20
6994.5 1.03779e-15 1e-20
6996.0 1.02979e-15 1e-20
6997.5 1.04795e-15 1e-20
6999.0 1.06409e-15 1e-20
7000.5 1.0456801e-15 1e-20
7002.0 1.03831e-15 1e-20
7003.5 1.02566e-15 1e-20
7005.0 1.02926e-15 1e-20
7006.5 1.03438e-15 1e-20
7008.0 9.8182003e-16 1e-20
7009.5 9.8330096e-16 1e-20
7011.0 9.9487302e-16 1e-20
7012.5 9.9440302e-16 1e-20
7014.0 9.8669396e-16 1e-20
7015.5 9.90464e-16 1e-20
7017.0 1.00878e-15 1e-20
7018.5 9.9635204e-16 1e-20
7020.0 9.6399094e-16 1e-20
7021.5 9.9456396e-16 1e-20
7023.0 9.9772794e-16 1e-20
7024.5 9.8590495e-16 1e-20
7026.0 1.0016299e-15 1e-20
7027.5 1.06865e-15 1e-20
7029.0 1.08356e-15 1e-20
7030.5 1.0248099e-15 1e-20
7032.0 1.03089e-15 1e-20
7033.5 1.01676e-15 1e-20
7035.0 9.8450798e-16 1e-20
7036.5 9.8911097e-16 1e-20
7038.0 9.8006699e-16 1e-20
7039.5 9.6918399e-16 1e-20
7041.0 9.8475203e-16 1e-20
7042.5 9.5179599e-16 1e-20
7044.0 9.6770401e-16 1e-20
7045.5 9.7928497e-16 1e-20
7047.0 9.60961e-16 1e-20
7048.5 9.5812301e-16 1e-20
7050.0 9.4427296e-16 1e-20
7051.5 9.6042006e-16 1e-20
7053.0 9.8589203e-16 1e-20
7054.5 9.6577299e-16 1e-20
7056.0 9.7333202e-16 1e-20
7057.5 9.8465198e-16 1e-20
7059.0 9.7377502e-16 1e-20
7060.5 9.8308994e-16 1e-20
7062.0 9.6861902e-16 1e-20
7063.5 9.57678e-16 1e-20
7065.0 9.5272604e-16 1e-20
7066.5 9.3254897e-16 1e-20
7068.0 9.6321802e-16 1e-20
7069.5 9.7567099e-16 1e-20
7071.0 9.5259305e-16 1e-20
7072.5 9.4374696e-16 1e-20
7074.0 9.5663901e-16 1e-20
7075.5 9.51371e-16 1e-20
7077.0 9.5545803e-16 1e-20
7078.5 9.8036599e-16 1e-20
7080.0 9.6213901e-16 1e-20
7081.5 9.4929799e-16 1e-20
7083.0 9.42876e-16 1e-20
7084.5 9.2711007e-16 1e-20
7086.0 9.4240197e-16 1e-20
7087.5 9.4679998e-16 1e-20
7089.0 9.6448095e-16 1e-20
7090.5 9.3280001e-16 1e-20
7092.0 8.8360603e-16 1e-20
7093.5 9.0338997e-16 1e-20
7095.0 9.4025401e-16 1e-20
7096.5 9.1641903e-16 1e-20
7098.0 9.6128403e-16 1e-20
7099.5 1.02747e-15 1e-20
7101.0 9.4150899e-16 1e-20
7102.5 9.3259503e-16 1e-20
7104.0 9.7815005e-16 1e-20
7105.5 9.8027102e-16 1e-20
7107.0 9.4473894e-16 1e-20
7108.5 9.3908499e-16 1e-20
7110.0 9.51544e-16 1e-20
7111.5 9.2827802e-16 1e-20
7113.0 9.4114297e-16 1e-20
7114.5 9.5787695e-16 1e-20
7116.0 9.2433201e-16 1e-20
7117.5 8.8016898e-16 1e-20
7119.0 8.9609902e-16 1e-20
7120.5 9.3465798e-16 1e-20
7122.0 9.51308e-16 1e-20
7123.5 9.4456498e-16 1e-20
7125.0 8.8949005e-16 1e-20
7126.5 9.0152406e-16 1e-20
7128.0 9.5945e-16 1e-20
7129.5 9.5035699e-16 1e-20
7131.0 9.3995797e-16 1e-20
7132.5 9.2953904e-16 1e-20
7134.0 8.9634403e-16 1e-20
7135.5 8.6962596e-16 1e-20
7137.0 8.6192003e-16 1e-20
7138.5 8.8906304e-16 1e-20
7140.0 9.1044903e-16 1e-20
7141.5 8.9596096e-16 1e-20
7143.0 8.77793e-16 1e-20
7144.5 9.0665104e-16 1e-20
7146.0 9.1482004e-16 1e-20
7147.5 9.0866497e-16 1e-20
7149.0 9.1929502e-16 1e-20
7150.5 9.3746695e-16 1e-20
7152.0 9.3062801e-16 1e-20
7153.5 9.3156101e-16 1e-20
7155.0 9.5205201e-16 1e-20
7156.5 9.2545899e-16 1e-20
7158.0 8.87799e-16 1e-20
7159.5 8.8204198e-16 1e-20
7161.0 8.8676001e-16 1e-20
7162.5 9.0137e-16 1e-20
7164.0 9.1597899e-16 1e-20
7165.5 9.3058798e-16 1e-20
7167.0 9.3058798e-16 1e-20
7168.5 9.3359897e-16 1e-20
7170.0 9.3557997e-16 1e-20
7171.5 9.3632102e-16 1e-20
7173.0 9.4521899e-16 1e-20
7174.5 9.5906597e-16 1e-20
7176.0 9.2356799e-16 1e-20
7177.5 8.7761804e-16 1e-20
7179.0 9.0089704e-16 1e-20
7180.5 8.8885806e-16 1e-20
7182.0 8.6429696e-16 1e-20
7183.5 8.4960099e-16 1e-20
7185.0 8.5523101e-16 1e-20
7186.5 9.6648196e-16 1e-20
7188.0 9.3568998e-16 1e-20
7189.5 9.0579596e-16 1e-20
7191.0 9.18468e-16 1e-20
7192.5 9.06146e-16 1e-20
7194.0 9.0181099e-16 1e-20
7195.5 8.8438302e-16 1e-20
7197.0 8.8805099e-16 1e-20
7198.5 9.1686605e-16 1e-20
7200.0 9.00718e-16 1e-20
7201.5 8.8636799e-16 1e-20
7203.0 8.7642404e-16 1e-20
7204.5 9.0327795e-16 1e-20
7206.0 9.2752003e-16 1e-20
7207.5 8.8983098e-16 1e-20
7209.0 8.5968402e-16 1e-20
7210.5 8.5746903e-16 1e-20
7212.0 8.6516798e-16 1e-20
7213.5 8.7157599e-16 1e-20
7215.0 8.5673497e-16 1e-20
7216.5 8.7273902e-16 1e-20
7218.0 8.8052098e-16 1e-20
7219.5 8.6928805e-16 1e-20
7221.0 8.7304004e-16 1e-20
7222.5 8.8171704e-16 1e-20
7224.0 8.5949704e-16 1e-20
7225.5 8.83918e-16 1e-20
7227.0 8.8251299e-16 1e-20
7228.5 8.3533902e-16 1e-20
7230.0 8.5164499e-16 1e-20
7231.5 8.52189e-16 1e-20
7233.0 8.2337998e-16 1e-20
7234.5 8.44291e-16 1e-20
7236.0 8.9836801e-16 1e-20
7237.5 8.9510503e-16 1e-20
7239.0 8.5624898e-16 1e-20
7240.5 8.18444e-16 1e-20
7242.0 8.4226103e-16 1e-20
7243.5 8.48237e-16 1e-20
7245.0 8.4347303e-16 1e-20
7246.5 8.8236301e-16 1e-20
7248.0 8.4804499e-16 1e-20
7249.5 8.3989802e-16 1e-20
7251.0 8.4904301e-16 1e-20
7252.5 8.0619902e-16 1e-20
7254.0 8.3308099e-16 1e-20
7255.5 8.6740801e-16 1e-20
7257.0 7.92362e-16 1e-20
7258.5 7.7001298e-16 1e-20
7260.0 8.1150103e-16 1e-20
7261.5 8.0637404e-16 1e-20
7263.0 8.0942701e-16 1e-20
7264.5 8.5876001e-16 1e-20
7266.0 8.77133e-16 1e-20
7267.5 8.7346202e-16 1e-20
7269.0 8.4955605e-16 1e-20
7270.5 8.4803896e-16 1e-20
7272.0 8.6731102e-16 1e-20
7273.5 8.6511398e-16 1e-20
7275.0 8.6598997e-16 1e-20
7276.5 8.7227898e-16 1e-20
7278.0 8.5875599e-16 1e-20
7279.5 8.5047301e-16 1e-20
7281.0 8.3457796e-16 1e-20
7282.5 8.1753301e-16 1e-20
7284.0 8.3773703e-16 1e-20
7285.5 8.3108401e-16 1e-20
7287.0 8.2800298e-16 1e-20
7288.5 8.2978804e-16 1e-20
7290.0 8.2857197e-16 1e-20
7291.5 8.4247797e-16 1e-20
7293.0 8.4516e-16 1e-20
7294.5 8.2642802e-16 1e-20
7296.0 8.2239599e-16 1e-20
7297.5 8.24036e-16 1e-20
7299.0 8.2705599e-16 1e-20
7300.5 8.4356398e-16 1e-20
7302.0 8.56613e-16 1e-20
7303.5 8.4353301e-16 1e-20
7305.0 8.2619001e-16 1e-20
7306.5 8.0530699e-16 1e-20
7308.0 7.6857197e-16 1e-20
7309.5 7.6355303e-16 1e-20
7311.0 8.1743301e-16 1e-20
7312.5 8.5163101e-16 1e-20
7314.0 8.1740601e-16 1e-20
7315.5 7.9955601e-16 1e-20
7317.0 7.7514103e-16 1e-20
7318.5 7.5709599e-16 1e-20
7320.0 7.88969e-16 1e-20
7321.5 8.0998097e-16 1e-20
7323.0 7.9345801e-16 1e-20
7324.5 8.1528901e-16 1e-20
7326.0 8.3213697e-16 1e-20
7327.5 8.1092102e-16 1e-20
7329.0 8.1633504e-16 1e-20
7330.5 8.1644897e-16 1e-20
7332.0 7.8926699e-16 1e-20
7333.5 7.8924698e-16 1e-20
7335.0 7.6980101e-16 1e-20
7336.5 7.8307598e-16 1e-20
7338.0 8.0080904e-16 1e-20
7339.5 8.5536701e-16 1e-20
7341.0 8.3916401e-16 1e-20
7342.5 8.2424998e-16 1e-20
7344.0 8.27447e-16 1e-20
7345.5 8.0034401e-16 1e-20
7347.0 7.7204501e-16 1e-20
7348.5 7.4712801e-16 1e-20
7350.0 7.5061e-16 1e-20
7351.5 7.7570097e-16 1e-20
7353.0 8.1234997e-16 1e-20
7354.5 7.8181999e-16 1e-20
7356.0 7.12549e-16 1e-20
7357.5 7.3260801e-16 1e-20
7359.0 7.9584299e-16 1e-20
7360.5 7.8953704e-16 1e-20
7362.0 7.6580699e-16 1e-20
7363.5 7.6496101e-16 1e-20
7365.0 7.9578502e-16 1e-20
7366.5 8.3213104e-16 1e-20
7368.0 8.0620802e-16 1e-20
7369.5 7.7581601e-16 1e-20
7371.0 7.52926e-16 1e-20
7372.5 7.6123899e-16 1e-20
7374.0 7.6347204e-16 1e-20
7375.5 7.6822601e-16 1e-20
7377.0 7.5267501e-16 1e-20
7378.5 7.5764196e-16 1e-20
7380.0 7.1826705e-16 1e-20
7381.5 7.1954401e-16 1e-20
7383.0 7.6112999e-16 1e-20
7384.5 7.9539501e-16 1e-20
7386.0 7.7527502e-16 1e-20
7387.5 8.0503202e-16 1e-20
7389.0 8.1981201e-16 1e-20
7390.5 8.0350398e-16 1e-20
7392.0 7.2004497e-16 1e-20
7393.5 7.4368402e-16 1e-20
7395.0 7.3897701e-16 1e-20
7396.5 7.25441e-16 1e-20
7398.0 7.3345102e-16 1e-20
7399.5 6.9484701e-16 1e-20
7401.0 6.6588802e-16 1e-20
7402.5 6.8837002e-16 1e-20
7404.0 7.0358098e-16 1e-20
7405.5 7.0301998e-16 1e-20
7407.0 6.8911398e-16 1e-20
7408.5 6.8196899e-16 1e-20
7410.0 6.9988003e-16 1e-20
7411.5 6.9598103e-16 1e-20
7413.0 6.9648496e-16 1e-20
7414.5 7.1025401e-16 1e-20
7416.0 7.20411e-16 1e-20
7417.5 6.8923801e-16 1e-20
7419.0 6.6175402e-16 1e-20
7420.5 6.86703e-16 1e-20
7422.0 6.6896899e-16 1e-20
7423.5 6.3440301e-16 1e-20
7425.0 6.3137502e-16 1e-20
7426.5 6.6154602e-16 1e-20
7428.0 6.7148002e-16 1e-20
7429.5 6.91687e-16 1e-20
7431.0 7.0032605e-16 1e-20
7432.5 6.7072997e-16 1e-20
7434.0 6.6732803e-16 1e-20
7435.5 6.5803703e-16 1e-20
7437.0 6.4979603e-16 1e-20
7438.5 6.38418e-16 1e-20
7440.0 6.2895203e-16 1e-20
7441.5 6.3031697e-16 1e-20
7443.0 6.3265505e-16 1e-20
7444.5 6.4065496e-16 1e-20
7446.0 6.5804502e-16 1e-20
7447.5 6.4183699e-16 1e-20
7449.0 6.3565201e-16 1e-20
7450.5 6.2598403e-16 1e-20
7452.0 6.1706398e-16 1e-20
7453.5 6.2858701e-16 1e-20
7455.0 6.2596502e-16 1e-20
7456.5 6.0387896e-16 1e-20
7458.0 6.1179797e-16 1e-20
7459.5 6.5524298e-16 1e-20
7461.0 6.5246e-16 1e-20
7462.5 6.5362605e-16 1e-20
7464.0 5.76464e-16 1e-20
7465.5 5.8796903e-16 1e-20
7467.0 6.1805998e-16 1e-20
7468.5 6.5491905e-16 1e-20
7470.0 6.3358599e-16 1e-20
7471.5 5.8294602e-16 1e-20
7473.0 6.0265304e-16 1e-20
7474.5 6.0102398e-16 1e-20
7476.0 6.0129598e-16 1e-20
7477.5 6.0277602e-16 1e-20
7479.0 5.83956e-16 1e-20
7480.5 5.5602197e-16 1e-20
7482.0 5.5613902e-16 1e-20
7483.5 5.8489901e-16 1e-20
7485.0 5.5763504e-16 1e-20
7486.5 5.4113102e-16 1e-20
7488.0 5.2934901e-16 1e-20
7489.5 5.5585997e-16 1e-20
7491.0 5.4689799e-16 1e-20
7492.5 5.6930604e-16 1e-20
7494.0 5.6053104e-16 1e-20
7495.5 5.3944802e-16 1e-20
7497.0 5.1827198e-16 1e-20
7498.5 5.4472001e-16 1e-20
7500.0 5.4057399e-16 1e-20
7501.5 4.9558802e-16 1e-20
7503.0 4.9831901e-16 1e-20
7504.5 5.0949196e-16 1e-20
7506.0 5.1133399e-16 1e-20
7507.5 4.84194e-16 1e-20
7509.0 4.7050801e-16 1e-20
7510.5 4.9277301e-16 1e-20
7512.0 4.9682702e-16 1e-20
7513.5 4.9466999e-16 1e-20
7515.0 5.0263899e-16 1e-20
7516.5 5.1203105e-16 1e-20
7518.0 5.05853e-16 1e-20
7519.5 5.2301002e-16 1e-20
7521.0 5.5448201e-16 1e-20
7522.5 5.5234097e-16 1e-20
7524.0 5.1626097e-16 1e-20
7525.5 4.8985101e-16 1e-20
7527.0 4.9415299e-16 1e-20
7528.5 4.8860201e-16 1e-20
7530.0 4.9202402e-16 1e-20
7531.5 4.8587303e-16 1e-20
7533.0 4.6769199e-16 1e-20
7534.5 4.7936697e-16 1e-20
7536.0 5.3314901e-16 1e-20
7537.5 5.0740302e-16 1e-20
7539.0 5.1301202e-16 1e-20
7540.5 5.3065799e-16 1e-20
