3321.360882 3.956429487e-16 1e-20
3324.269615 4.311103358e-16 1e-20
3327.178348 4.430872228e-16 1e-20
3330.087082 4.689081752e-16 1e-20
3332.995815 4.979175184e-16 1e-20
3335.904549 5.19580386e-16 1e-20
3338.813282 5.178627091e-16 1e-20
3341.722015 5.013637778e-16 1e-20
3344.630749 5.196739302e-16 1e-20
3347.539482 5.552987595e-16 1e-20
3350.448216 5.647175012e-16 1e-20
3353.356949 5.382938849e-16 1e-20
3356.265682 5.164868629e-16 1e-20
3359.174416 5.166858097e-16 1e-20
3362.083149 5.267582491e-16 1e-20
3364.991883 5.541283718e-16 1e-20
3367.900616 6.017598402e-16 1e-20
3370.809349 6.521017611e-16 1e-20
3373.718083 6.864637172e-16 1e-20
3376.626816 6.745390815e-16 1e-20
3379.53555 6.420000462e-16 1e-20
3382.444283 6.550117428e-16 1e-20
3385.353016 6.758854404e-16 1e-20
3388.26175 6.624860144e-16 1e-20
3391.170483 6.647581274e-16 1e-20
3394.079217 6.770018828e-16 1e-20
3396.98795 7.121552853e-16 1e-20
3399.896683 7.680343665e-16 1e-20
3402.805417 7.963877885e-16 1e-20
3405.71415 8.135676814e-16 1e-20
3408.622884 8.216584871e-16 1e-20
3411.531617 8.179561591e-16 1e-20
3414.44035 8.369824778e-16 1e-20
3417.349084 8.610218552e-16 1e-20
3420.257817 8.711618984e-16 1e-20
3423.166551 8.925347101e-16 1e-20
3426.075284 9.176158851e-16 1e-20
3428.984017 9.210572741e-16 1e-20
3431.892751 9.214752849e-16 1e-20
3434.801484 9.461730715e-16 1e-20
3437.710218 9.859071753e-16 1e-20
3440.618951 1.019064492e-15 1e-20
3443.527684 1.035372311e-15 1e-20
3446.436418 1.050654162e-15 1e-20
3449.345151 1.089805084e-15 1e-20
3452.253885 1.131447659e-15 1e-20
3455.162618 1.159040074e-15 1e-20
3458.071351 1.178002919e-15 1e-20
3460.980085 1.195005729e-15 1e-20
3463.888818 1.213622242e-15 1e-20
3466.797551 1.248036132e-15 1e-20
3469.706285 1.287186736e-15 1e-20
3472.615018 1.306312211e-15 1e-20
3475.523752 1.322160621e-15 1e-20
3478.432485 1.348255271e-15 1e-20
3481.341218 1.374884928e-15 1e-20
3484.249952 1.395032983e-15 1e-20
3487.158685 1.421459987e-15 1e-20
3490.067419 1.470573181e-15 1e-20
3492.976152 1.519226224e-15 1e-20
3495.884885 1.534002078e-15 1e-20
3498.793619 1.517856254e-15 1e-20
3501.702352 1.499576542e-15 1e-20
3504.611086 1.51235361e-15 1e-20
3507.519819 1.543589856e-15 1e-20
3510.428552 1.559454571e-15 1e-20
3513.337286 1.564879712e-15 1e-20
3516.246019 1.565691169e-15 1e-20
3519.154753 1.550172361e-15 1e-20
3522.063486 1.526579741e-15 1e-20
3524.972219 1.509066381e-15 1e-20
3527.880953 1.493335497e-15 1e-20
3530.789686 1.469548377e-15 1e-20
3533.69842 1.426920067e-15 1e-20
3536.607153 1.388202827e-15 1e-20
3539.515886 1.361217628e-15 1e-20
3542.42462 1.332604749e-15 1e-20
3545.333353 1.315558105e-15 1e-20
3548.242087 1.304053703e-15 1e-20
3551.15082 1.281078464e-15 1e-20
3554.059553 1.257137713e-15 1e-20
3556.968287 1.233904976e-15 1e-20
3559.87702 1.199021512e-15 1e-20
3562.785754 1.159036686e-15 1e-20
3565.694487 1.109674783e-15 1e-20
3568.60322 1.049975689e-15 1e-20
3571.511954 1.012706133e-15 1e-20
3574.420687 9.914075955e-16 1e-20
3577.329421 9.505896072e-16 1e-20
3580.238154 8.97227908e-16 1e-20
3583.146887 8.581866242e-16 1e-20
3586.055621 8.30452542e-16 1e-20
3588.964354 7.970420686e-16 1e-20
3591.873088 7.689498503e-16 1e-20
3594.781821 7.481020401e-16 1e-20
3597.690554 7.198368683e-16 1e-20
3600.599288 6.81939926e-16 1e-20
3603.508021 6.543645567e-16 1e-20
3606.416755 6.371247363e-16 1e-20
3609.325488 6.179506103e-16 1e-20
3612.234221 6.031992668e-16 1e-20
3615.142955 5.954030697e-16 1e-20
3618.051688 5.840571692e-16 1e-20
3620.960422 5.677404559e-16 1e-20
3623.869155 5.593967049e-16 1e-20
3626.777888 5.571991309e-16 1e-20
3629.686622 5.600886779e-16 1e-20
3632.595355 5.690453631e-16 1e-20
3635.504089 5.723838376e-16 1e-20
3638.412822 5.660621131e-16 1e-20
3641.321555 5.631404847e-16 1e-20
3644.230289 5.709357818e-16 1e-20
3647.139022 5.818538777e-16 1e-20
3650.047756 5.848514744e-16 1e-20
3652.956489 5.758839366e-16 1e-20
3655.865222 5.653463702e-16 1e-20
3658.773956 5.630508051e-16 1e-20
3661.682689 5.693732178e-16 1e-20
3664.591422 5.85098755e-16 1e-20
3667.500156 6.072928182e-16 1e-20
3670.408889 6.214680734e-16 1e-20
3673.317623 6.308879797e-16 1e-20
3676.226356 6.47061121e-16 1e-20
3679.135089 6.610582345e-16 1e-20
3682.043823 6.761700435e-16 1e-20
3684.952556 6.996212623e-16 1e-20
3687.86129 7.16676959e-16 1e-20
3690.770023 7.251764581e-16 1e-20
3693.678756 7.490267354e-16 1e-20
3696.58749 7.894369832e-16 1e-20
3699.496223 8.176020463e-16 1e-20
3702.404957 8.303911851e-16 1e-20
3705.31369 8.434475097e-16 1e-20
3708.222423 8.618025549e-16 1e-20
3711.131157 8.838350465e-16 1e-20
3714.03989 9.055064903e-16 1e-20
3716.948624 9.320574792e-16 1e-20
3719.857357 9.706549707e-16 1e-20
3722.76609 1.00909629e-15 1e-20
3725.674824 1.039849516e-15 1e-20
3728.583557 1.065130802e-15 1e-20
3731.492291 1.084590325e-15 1e-20
3734.401024 1.112022334e-15 1e-20
3737.309757 1.152834076e-15 1e-20
3740.218491 1.190621804e-15 1e-20
3743.127224 1.226887202e-15 1e-20
3746.035958 1.26644364e-15 1e-20
3748.944691 1.307241512e-15 1e-20
3751.853424 1.357546481e-15 1e-20
3754.762158 1.404744004e-15 1e-20
3757.670891 1.447683174e-15 1e-20
3760.579625 1.500350201e-15 1e-20
3763.488358 1.552632462e-15 1e-20
3766.397091 1.598854733e-15 1e-20
3769.305825 1.651230803e-15 1e-20
3772.214558 1.713172734e-15 1e-20
3775.123292 1.771460142e-15 1e-20
3778.032025 1.814884345e-15 1e-20
3780.940758 1.859747233e-15 1e-20
3783.849492 1.925309277e-15 1e-20
3786.758225 1.998558781e-15 1e-20
3789.666959 2.056836553e-15 1e-20
3792.575692 2.095816586e-15 1e-20
3795.484425 2.146100909e-15 1e-20
3798.393159 2.219139077e-15 1e-20
3801.301892 2.283998084e-15 1e-20
3804.210626 2.338685708e-15 1e-20
3807.119359 2.402954968e-15 1e-20
3810.028092 2.472282709e-15 1e-20
3812.936826 2.542916151e-15 1e-20
3815.845559 2.626383836e-15 1e-20
3818.754293 2.709134932e-15 1e-20
3821.663026 2.775376932e-15 1e-20
3824.571759 2.836340646e-15 1e-20
3827.480493 2.90265062e-15 1e-20
3830.389226 2.965838007e-15 1e-20
3833.29796 3.023170068e-15 1e-20
3836.206693 3.09041559e-15 1e-20
3839.115426 3.178198696e-15 1e-20
3842.02416 3.263783541e-15 1e-20
3844.932893 3.32234994e-15 1e-20
3847.841627 3.370781166e-15 1e-20
3850.75036 3.425091225e-15 1e-20
3853.659093 3.49106895e-15 1e-20
3856.567827 3.587197661e-15 1e-20
3859.47656 3.704817079e-15 1e-20
3862.385293 3.805697009e-15 1e-20
3865.294027 3.881913034e-15 1e-20
3868.20276 3.946559435e-15 1e-20
3871.111494 3.999654425e-15 1e-20
3874.020227 4.038340537e-15 1e-20
3876.92896 4.068755796e-15 1e-20
3879.837694 4.108494347e-15 1e-20
3882.746427 4.159099484e-15 1e-20
3885.655161 4.190334671e-15 1e-20
3888.563894 4.204849427e-15 1e-20
3891.472627 4.232988285e-15 1e-20
3894.381361 4.266555354e-15 1e-20
3897.290094 4.280497516e-15 1e-20
3900.198828 4.273429026e-15 1e-20
3903.107561 4.271278409e-15 1e-20
3906.016294 4.296451382e-15 1e-20
3908.925028 4.336829442e-15 1e-20
3911.833761 4.369831963e-15 1e-20
3914.742495 4.38998203e-15 1e-20
3917.651228 4.399870293e-15 1e-20
3920.559961 4.402907753e-15 1e-20
3923.468695 4.40683248e-15 1e-20
3926.377428 4.416125702e-15 1e-20
3929.286162 4.424108141e-15 1e-20
3932.194895 4.424543516e-15 1e-20
3935.103628 4.429528304e-15 1e-20
3938.012362 4.447072474e-15 1e-20
3940.921095 4.470658954e-15 1e-20
3943.829829 4.504422111e-15 1e-20
3946.738562 4.541149036e-15 1e-20
3949.647295 4.565865034e-15 1e-20
3952.556029 4.577541806e-15 1e-20
3955.464762 4.58305472e-15 1e-20
3958.373496 4.585172726e-15 1e-20
3961.282229 4.586359843e-15 1e-20
3964.190962 4.592647368e-15 1e-20
3967.099696 4.593039968e-15 1e-20
3970.008429 4.588092449e-15 1e-20
3972.917163 4.600121164e-15 1e-20
3975.825896 4.621505357e-15 1e-20
3978.734629 4.623997752e-15 1e-20
3981.643363 4.608920565e-15 1e-20
3984.552096 4.585240489e-15 1e-20
3987.46083 4.546902931e-15 1e-20
3990.369563 4.5059311e-15 1e-20
3993.278296 4.476232854e-15 1e-20
3996.18703 4.449885894e-15 1e-20
3999.095763 4.42146921e-15 1e-20
4002.004497 4.401486855e-15 1e-20
4004.91323 4.402867942e-15 1e-20
4007.821963 4.41554252e-15 1e-20
4010.730697 4.419109376e-15 1e-20
4013.63943 4.416687285e-15 1e-20
4016.548164 4.425505321e-15 1e-20
4019.456897 4.442314267e-15 1e-20
4022.36563 4.45191962e-15 1e-20
4025.274364 4.469250338e-15 1e-20
4028.183097 4.50432089e-15 1e-20
4031.091831 4.532049784e-15 1e-20
4034.000564 4.550477833e-15 1e-20
4036.909297 4.583605292e-15 1e-20
4039.818031 4.63295936e-15 1e-20
4042.726764 4.679418271e-15 1e-20
4045.635497 4.724267395e-15 1e-20
4048.544231 4.780501488e-15 1e-20
4051.452964 4.843485164e-15 1e-20
4054.361698 4.912788129e-15 1e-20
4057.270431 4.982446848e-15 1e-20
4060.179164 5.034901058e-15 1e-20
4063.087898 5.081216819e-15 1e-20
4065.996631 5.138261947e-15 1e-20
4068.905365 5.186042652e-15 1e-20
4071.814098 5.207942266e-15 1e-20
4074.722831 5.226843382e-15 1e-20
4077.631565 5.256852066e-15 1e-20
4080.540298 5.280524942e-15 1e-20
4083.449032 5.288407008e-15 1e-20
4086.357765 5.292518929e-15 1e-20
4089.266498 5.301306896e-15 1e-20
4092.175232 5.310630611e-15 1e-20
4095.083965 5.314986478e-15 1e-20
4097.992699 5.317669455e-15 1e-20
4100.901432 5.317640232e-15 1e-20
4103.810165 5.299184655e-15 1e-20
4106.718899 5.273098581e-15 1e-20
4109.627632 5.258512674e-15 1e-20
4112.536366 5.239852114e-15 1e-20
4115.445099 5.206652658e-15 1e-20
4118.353832 5.175582642e-15 1e-20
4121.262566 5.14259198e-15 1e-20
4124.171299 5.099003664e-15 1e-20
4127.080033 5.068590523e-15 1e-20
4129.988766 5.055715622e-15 1e-20
4132.897499 5.032688184e-15 1e-20
4135.806233 4.99642501e-15 1e-20
4138.714966 4.963090875e-15 1e-20
4141.6237 4.934101596e-15 1e-20
4144.532433 4.899499877e-15 1e-20
4147.441166 4.860787506e-15 1e-20
4150.3499 4.841143118e-15 1e-20
4153.258633 4.847548805e-15 1e-20
4156.167367 4.853675818e-15 1e-20
4159.0761 4.845127985e-15 1e-20
4161.984833 4.83897302e-15 1e-20
4164.893567 4.849921344e-15 1e-20
4167.8023 4.860404647e-15 1e-20
4170.711034 4.854797713e-15 1e-20
4173.619767 4.848107423e-15 1e-20
4176.5285 4.847983756e-15 1e-20
4179.437234 4.83686052e-15 1e-20
4182.345967 4.808548867e-15 1e-20
4185.254701 4.782861746e-15 1e-20
4188.163434 4.755555098e-15 1e-20
4191.072167 4.708803114e-15 1e-20
4193.980901 4.654361342e-15 1e-20
4196.889634 4.591691492e-15 1e-20
4199.798368 4.509427652e-15 1e-20
4202.707101 4.429759121e-15 1e-20
4205.615834 4.368601225e-15 1e-20
4208.524568 4.308946388e-15 1e-20
4211.433301 4.243008685e-15 1e-20
4214.342035 4.173773059e-15 1e-20
4217.250768 4.101294991e-15 1e-20
4220.159501 4.035913364e-15 1e-20
4223.068235 3.981505897e-15 1e-20
4225.976968 3.92502447e-15 1e-20
4228.885702 3.862207659e-15 1e-20
4231.794435 3.795657551e-15 1e-20
4234.703168 3.722534467e-15 1e-20
4237.611902 3.641395064e-15 1e-20
4240.520635 3.554876577e-15 1e-20
4243.429368 3.472995173e-15 1e-20
4246.338102 3.406541627e-15 1e-20
4249.246835 3.344560838e-15 1e-20
4252.155569 3.272990577e-15 1e-20
4255.064302 3.210507498e-15 1e-20
4257.973035 3.161055808e-15 1e-20
4260.881769 3.102793282e-15 1e-20
4263.790502 3.03390134e-15 1e-20
4266.699236 2.964580587e-15 1e-20
4269.607969 2.903233167e-15 1e-20
4272.516702 2.846727811e-15 1e-20
4275.425436 2.79052061e-15 1e-20
4278.334169 2.749498805e-15 1e-20
4281.242903 2.727266519e-15 1e-20
4284.151636 2.701279548e-15 1e-20
4287.060369 2.666314664e-15 1e-20
4289.969103 2.639765263e-15 1e-20
4292.877836 2.628917735e-15 1e-20
4295.78657 2.616418705e-15 1e-20
4298.695303 2.591784023e-15 1e-20
4301.604036 2.58177527e-15 1e-20
4304.51277 2.594506175e-15 1e-20
4307.421503 2.597503825e-15 1e-20
4310.330237 2.585567648e-15 1e-20
4313.23897 2.57920876e-15 1e-20
4316.147703 2.577511729e-15 1e-20
4319.056437 2.572496236e-15 1e-20
4321.96517 2.565692232e-15 1e-20
4324.873904 2.561377022e-15 1e-20
4327.782637 2.563837018e-15 1e-20
4330.69137 2.56600881e-15 1e-20
4333.600104 2.565609011e-15 1e-20
4336.508837 2.579062647e-15 1e-20
4339.417571 2.614486623e-15 1e-20
4342.326304 2.659133518e-15 1e-20
4345.235037 2.701852778e-15 1e-20
4348.143771 2.747312824e-15 1e-20
4351.052504 2.79857907e-15 1e-20
4353.961238 2.855608316e-15 1e-20
4356.869971 2.91949027e-15 1e-20
4359.778704 2.980258743e-15 1e-20
4362.687438 3.030392929e-15 1e-20
4365.596171 3.073274608e-15 1e-20
4368.504905 3.112376825e-15 1e-20
4371.413638 3.146934922e-15 1e-20
4374.322371 3.174212559e-15 1e-20
4377.231105 3.201257686e-15 1e-20
4380.139838 3.23685954e-15 1e-20
4383.048572 3.271772544e-15 1e-20
4385.957305 3.29710624e-15 1e-20
4388.866038 3.318711933e-15 1e-20
4391.774772 3.344453688e-15 1e-20
4394.683505 3.388088167e-15 1e-20
4397.592239 3.440531788e-15 1e-20
4400.500972 3.462731463e-15 1e-20
4403.409705 3.459108915e-15 1e-20
4406.318439 3.462514834e-15 1e-20
4409.227172 3.477081683e-15 1e-20
4412.135906 3.49588645e-15 1e-20
4415.044639 3.512838121e-15 1e-20
4417.953372 3.522824004e-15 1e-20
4420.862106 3.535327269e-15 1e-20
4423.770839 3.559828756e-15 1e-20
4426.679572 3.592587331e-15 1e-20
4429.588306 3.626057415e-15 1e-20
4432.497039 3.665253441e-15 1e-20
4435.405773 3.717509868e-15 1e-20
4438.314506 3.771724635e-15 1e-20
4441.223239 3.817074356e-15 1e-20
4444.131973 3.868337213e-15 1e-20
4447.040706 3.940603947e-15 1e-20
4449.94944 4.006860134e-15 1e-20
4452.858173 4.040778298e-15 1e-20
4455.766906 4.064498609e-15 1e-20
4458.67564 4.103593415e-15 1e-20
4461.584373 4.151988642e-15 1e-20
4464.493107 4.207676823e-15 1e-20
4467.40184 4.262968169e-15 1e-20
4470.310573 4.303187835e-15 1e-20
4473.219307 4.324663932e-15 1e-20
4476.12804 4.346000268e-15 1e-20
4479.036774 4.378711833e-15 1e-20
4481.945507 4.408786585e-15 1e-20
4484.85424 4.415323562e-15 1e-20
4487.762974 4.404097834e-15 1e-20
4490.671707 4.40276164e-15 1e-20
4493.580441 4.411940512e-15 1e-20
4496.489174 4.399260429e-15 1e-20
4499.397907 4.355289678e-15 1e-20
4502.306641 4.313681726e-15 1e-20
4505.215374 4.29240087e-15 1e-20
4508.124108 4.269953226e-15 1e-20
4511.032841 4.242408139e-15 1e-20
4513.941574 4.224117733e-15 1e-20
4516.850308 4.208947796e-15 1e-20
4519.759041 4.193905761e-15 1e-20
4522.667775 4.184730277e-15 1e-20
4525.576508 4.173812022e-15 1e-20
4528.485241 4.15468136e-15 1e-20
4531.393975 4.130183896e-15 1e-20
4534.302708 4.10274257e-15 1e-20
4537.211442 4.091978899e-15 1e-20
4540.120175 4.105495851e-15 1e-20
4543.028908 4.110407795e-15 1e-20
4545.937642 4.103050043e-15 1e-20
4548.846375 4.094805448e-15 1e-20
4551.755109 4.061984615e-15 1e-20
4554.663842 4.011616224e-15 1e-20
4557.572575 3.98171215e-15 1e-20
4560.481309 3.975411072e-15 1e-20
4563.390042 3.970438988e-15 1e-20
4566.298776 3.945961007e-15 1e-20
4569.207509 3.901261384e-15 1e-20
4572.116242 3.863719613e-15 1e-20
4575.024976 3.857733208e-15 1e-20
4577.933709 3.864511589e-15 1e-20
4580.842443 3.850476676e-15 1e-20
4583.751176 3.814008096e-15 1e-20
4586.659909 3.774752778e-15 1e-20
4589.568643 3.749478162e-15 1e-20
4592.477376 3.735116295e-15 1e-20
4595.38611 3.723479756e-15 1e-20
4598.294843 3.707530973e-15 1e-20
4601.203576 3.692093797e-15 1e-20
4604.11231 3.686861675e-15 1e-20
4607.021043 3.672204617e-15 1e-20
4609.929777 3.637284836e-15 1e-20
4612.83851 3.605424963e-15 1e-20
4615.747243 3.578203865e-15 1e-20
4618.655977 3.555075207e-15 1e-20
4621.56471 3.537403347e-15 1e-20
4624.473443 3.525267694e-15 1e-20
4627.382177 3.518958569e-15 1e-20
4630.29091 3.510783642e-15 1e-20
4633.199644 3.502402251e-15 1e-20
4636.108377 3.490111168e-15 1e-20
4639.01711 3.462266654e-15 1e-20
4641.925844 3.430002322e-15 1e-20
4644.834577 3.399555722e-15 1e-20
4647.743311 3.358005156e-15 1e-20
4650.652044 3.311820897e-15 1e-20
4653.560777 3.277290963e-15 1e-20
4656.469511 3.264261479e-15 1e-20
4659.378244 3.251870869e-15 1e-20
4662.286978 3.215619553e-15 1e-20
4665.195711 3.173298399e-15 1e-20
4668.104444 3.137437565e-15 1e-20
4671.013178 3.108139543e-15 1e-20
4673.921911 3.091506568e-15 1e-20
4676.830645 3.067697107e-15 1e-20
4679.739378 3.026576623e-15 1e-20
4682.648111 2.993420577e-15 1e-20
4685.556845 2.975204498e-15 1e-20
4688.465578 2.961657265e-15 1e-20
4691.374312 2.946609301e-15 1e-20
4694.283045 2.927212035e-15 1e-20
4697.191778 2.906307473e-15 1e-20
4700.100512 2.888734928e-15 1e-20
4703.009245 2.879330321e-15 1e-20
4705.917979 2.872184751e-15 1e-20
4708.826712 2.859047905e-15 1e-20
4711.735445 2.848702456e-15 1e-20
4714.644179 2.847861564e-15 1e-20
4717.552912 2.851009774e-15 1e-20
4720.461646 2.84718055e-15 1e-20
4723.370379 2.831857512e-15 1e-20
4726.279112 2.816257071e-15 1e-20
4729.187846 2.81091907e-15 1e-20
4732.096579 2.806111099e-15 1e-20
4735.005313 2.792939736e-15 1e-20
4737.914046 2.784945651e-15 1e-20
4740.822779 2.787005212e-15 1e-20
4743.731513 2.790684935e-15 1e-20
4746.640246 2.782611228e-15 1e-20
4749.54898 2.764357245e-15 1e-20
4752.457713 2.756942107e-15 1e-20
4755.366446 2.753593362e-15 1e-20
4758.27518 2.739304128e-15 1e-20
4761.183913 2.726167494e-15 1e-20
4764.092647 2.732781339e-15 1e-20
4767.00138 2.747615003e-15 1e-20
4769.910113 2.762607275e-15 1e-20
4772.818847 2.781648999e-15 1e-20
4775.72758 2.792939101e-15 1e-20
4778.636314 2.802326767e-15 1e-20
4781.545047 2.820515741e-15 1e-20
4784.45378 2.839569535e-15 1e-20
4787.362514 2.868763373e-15 1e-20
4790.271247 2.894164832e-15 1e-20
4793.179981 2.898956498e-15 1e-20
4796.088714 2.899149198e-15 1e-20
4798.997447 2.905901321e-15 1e-20
4801.906181 2.911770624e-15 1e-20
4804.814914 2.91087891e-15 1e-20
4807.723647 2.895742431e-15 1e-20
4810.632381 2.869833599e-15 1e-20
4813.541114 2.838968989e-15 1e-20
4816.449848 2.802908467e-15 1e-20
4819.358581 2.76418678e-15 1e-20
4822.267314 2.721861178e-15 1e-20
4825.176048 2.672691128e-15 1e-20
4828.084781 2.622517343e-15 1e-20
4830.993515 2.578159286e-15 1e-20
4833.902248 2.537592125e-15 1e-20
4836.810981 2.488913989e-15 1e-20
4839.719715 2.432428115e-15 1e-20
4842.628448 2.382317857e-15 1e-20
4845.537182 2.336430694e-15 1e-20
4848.445915 2.287183987e-15 1e-20
4851.354648 2.239679415e-15 1e-20
4854.263382 2.19872516e-15 1e-20
4857.172115 2.170392967e-15 1e-20
4860.080849 2.147618792e-15 1e-20
4862.989582 2.119926955e-15 1e-20
4865.898315 2.102023855e-15 1e-20
4868.807049 2.09850761e-15 1e-20
4871.715782 2.093095493e-15 1e-20
4874.624516 2.079024793e-15 1e-20
4877.533249 2.064546247e-15 1e-20
4880.441982 2.059982434e-15 1e-20
4883.350716 2.066282029e-15 1e-20
4886.259449 2.081464248e-15 1e-20
4889.168183 2.094542013e-15 1e-20
4892.076916 2.108416625e-15 1e-20
4894.985649 2.130464045e-15 1e-20
4897.894383 2.148337711e-15 1e-20
4900.803116 2.158127294e-15 1e-20
4903.71185 2.174807914e-15 1e-20
4906.620583 2.196859782e-15 1e-20
4909.529316 2.222091411e-15 1e-20
4912.43805 2.261341647e-15 1e-20
4915.346783 2.297503178e-15 1e-20
4918.255517 2.308980474e-15 1e-20
4921.16425 2.313626238e-15 1e-20
4924.072983 2.333035151e-15 1e-20
4926.981717 2.363211335e-15 1e-20
4929.89045 2.390509936e-15 1e-20
4932.799184 2.420303261e-15 1e-20
4935.707917 2.445491268e-15 1e-20
4938.61665 2.461959071e-15 1e-20
4941.525384 2.486581684e-15 1e-20
4944.434117 2.516715304e-15 1e-20
4947.342851 2.539710343e-15 1e-20
4950.251584 2.552149657e-15 1e-20
4953.160317 2.563982284e-15 1e-20
4956.069051 2.575215635e-15 1e-20
4958.977784 2.581268532e-15 1e-20
4961.886518 2.579233112e-15 1e-20
4964.795251 2.586475667e-15 1e-20
4967.703984 2.60633986e-15 1e-20
4970.612718 2.627193388e-15 1e-20
4973.521451 2.645588191e-15 1e-20
4976.430185 2.656723286e-15 1e-20
4979.338918 2.667380019e-15 1e-20
4982.247651 2.677680575e-15 1e-20
4985.156385 2.690900854e-15 1e-20
4988.065118 2.704498697e-15 1e-20
4990.973852 2.720362142e-15 1e-20
4993.882585 2.745258134e-15 1e-20
4996.791318 2.778869249e-15 1e-20
4999.700052 2.813316385e-15 1e-20
5002.608785 2.840812133e-15 1e-20
5005.517518 2.859197195e-15 1e-20
5008.426252 2.876918818e-15 1e-20
5011.334985 2.911817846e-15 1e-20
5014.243719 2.954775545e-15 1e-20
5017.152452 2.973935007e-15 1e-20
5020.061185 2.97950806e-15 1e-20
5022.969919 2.994129543e-15 1e-20
5025.878652 3.003594501e-15 1e-20
5028.787386 3.019449476e-15 1e-20
5031.696119 3.050860422e-15 1e-20
5034.604852 3.070683534e-15 1e-20
5037.513586 3.07788289e-15 1e-20
5040.422319 3.089780527e-15 1e-20
5043.331053 3.103437663e-15 1e-20
5046.239786 3.114404834e-15 1e-20
5049.148519 3.135278478e-15 1e-20
5052.057253 3.162502117e-15 1e-20
5054.965986 3.190849134e-15 1e-20
5057.87472 3.229681571e-15 1e-20
5060.783453 3.266288217e-15 1e-20
5063.692186 3.29798059e-15 1e-20
5066.60092 3.322424902e-15 1e-20
5069.509653 3.342083266e-15 1e-20
5072.418387 3.370374167e-15 1e-20
5075.32712 3.397476256e-15 1e-20
5078.235853 3.409429797e-15 1e-20
5081.144587 3.41813052e-15 1e-20
5084.05332 3.443742255e-15 1e-20
5086.962054 3.477210856e-15 1e-20
5089.870787 3.512790687e-15 1e-20
5092.77952 3.544292901e-15 1e-20
5095.688254 3.558519243e-15 1e-20
5098.596987 3.574332924e-15 1e-20
5101.505721 3.590528194e-15 1e-20
5104.414454 3.58395183e-15 1e-20
5107.323187 3.576333616e-15 1e-20
5110.231921 3.595593875e-15 1e-20
5113.140654 3.621843849e-15 1e-20
5116.049388 3.635593312e-15 1e-20
5118.958121 3.645975394e-15 1e-20
5121.866854 3.649209366e-15 1e-20
5124.775588 3.649929768e-15 1e-20
5127.684321 3.649174638e-15 1e-20
5130.593055 3.639091981e-15 1e-20
5133.501788 3.626102307e-15 1e-20
5136.410521 3.609637257e-15 1e-20
5139.319255 3.598300569e-15 1e-20
5142.227988 3.588958219e-15 1e-20
5145.136722 3.572480887e-15 1e-20
5148.045455 3.557493909e-15 1e-20
5150.954188 3.54823838e-15 1e-20
5153.862922 3.535288941e-15 1e-20
5156.771655 3.519045601e-15 1e-20
5159.680389 3.506001082e-15 1e-20
5162.589122 3.488189038e-15 1e-20
5165.497855 3.470590235e-15 1e-20
5168.406589 3.461321577e-15 1e-20
5171.315322 3.467694653e-15 1e-20
5174.224056 3.48642488e-15 1e-20
5177.132789 3.49303809e-15 1e-20
5180.041522 3.489272817e-15 1e-20
5182.950256 3.49205532e-15 1e-20
5185.858989 3.511766836e-15 1e-20
5188.767723 3.547451698e-15 1e-20
5191.676456 3.571561856e-15 1e-20
5194.585189 3.580601392e-15 1e-20
5197.493923 3.59491159e-15 1e-20
5200.402656 3.61120808e-15 1e-20
5203.311389 3.628970784e-15 1e-20
5206.220123 3.641260386e-15 1e-20
5209.128856 3.64146325e-15 1e-20
5212.03759 3.647947711e-15 1e-20
5214.946323 3.66199787e-15 1e-20
5217.855056 3.663306536e-15 1e-20
5220.76379 3.650878868e-15 1e-20
5223.672523 3.637589768e-15 1e-20
5226.581257 3.61688193e-15 1e-20
5229.48999 3.582846876e-15 1e-20
5232.398723 3.547022041e-15 1e-20
5235.307457 3.508779139e-15 1e-20
5238.21619 3.457045543e-15 1e-20
5241.124924 3.402292909e-15 1e-20
5244.033657 3.363167399e-15 1e-20
5246.94239 3.330533337e-15 1e-20
5249.851124 3.287399455e-15 1e-20
5252.759857 3.233756011e-15 1e-20
5255.668591 3.179978524e-15 1e-20
5258.577324 3.136369668e-15 1e-20
5261.486057 3.093385711e-15 1e-20
5264.394791 3.047567793e-15 1e-20
5267.303524 3.001307089e-15 1e-20
5270.212258 2.960315564e-15 1e-20
5273.120991 2.936289898e-15 1e-20
5276.029724 2.918220356e-15 1e-20
5278.938458 2.901461174e-15 1e-20
5281.847191 2.89198584e-15 1e-20
5284.755925 2.882026003e-15 1e-20
5287.664658 2.873680399e-15 1e-20
5290.573391 2.860678232e-15 1e-20
5293.482125 2.842433354e-15 1e-20
5296.390858 2.835890024e-15 1e-20
5299.299592 2.842268182e-15 1e-20
5302.208325 2.853386972e-15 1e-20
5305.117058 2.8582428e-15 1e-20
5308.025792 2.851167958e-15 1e-20
5310.934525 2.845984539e-15 1e-20
5313.843259 2.840947023e-15 1e-20
5316.751992 2.828201083e-15 1e-20
5319.660725 2.819978299e-15 1e-20
5322.569459 2.818155696e-15 1e-20
5325.478192 2.817217395e-15 1e-20
5328.386926 2.819059268e-15 1e-20
5331.295659 2.827264688e-15 1e-20
5334.204392 2.833489533e-15 1e-20
5337.113126 2.832910586e-15 1e-20
5340.021859 2.835971128e-15 1e-20
5342.930593 2.848438394e-15 1e-20
5345.839326 2.867408332e-15 1e-20
5348.748059 2.88181361e-15 1e-20
5351.656793 2.884743285e-15 1e-20
5354.565526 2.880712679e-15 1e-20
5357.47426 2.875443922e-15 1e-20
5360.382993 2.8730843e-15 1e-20
5363.291726 2.867833331e-15 1e-20
5366.20046 2.854124738e-15 1e-20
5369.109193 2.836621014e-15 1e-20
5372.017927 2.822068988e-15 1e-20
5374.92666 2.813005312e-15 1e-20
5377.835393 2.807205254e-15 1e-20
5380.744127 2.7935496e-15 1e-20
5383.65286 2.771282798e-15 1e-20
5386.561593 2.757367106e-15 1e-20
5389.470327 2.752254415e-15 1e-20
5392.37906 2.74498179e-15 1e-20
5395.287794 2.73114593e-15 1e-20
5398.196527 2.71347534e-15 1e-20
5401.10526 2.696119e-15 1e-20
5404.013994 2.681494341e-15 1e-20
5406.922727 2.666402967e-15 1e-20
5409.831461 2.647363148e-15 1e-20
5412.740194 2.625278458e-15 1e-20
5415.648927 2.603645449e-15 1e-20
5418.557661 2.585636258e-15 1e-20
5421.466394 2.571233309e-15 1e-20
5424.375128 2.553816406e-15 1e-20
5427.283861 2.53101555e-15 1e-20
5430.192594 2.509090314e-15 1e-20
5433.101328 2.488682537e-15 1e-20
5436.010061 2.465137774e-15 1e-20
5438.918795 2.434863334e-15 1e-20
5441.827528 2.401656466e-15 1e-20
5444.736261 2.375471078e-15 1e-20
5447.644995 2.357330173e-15 1e-20
5450.553728 2.337738937e-15 1e-20
5453.462462 2.316177078e-15 1e-20
5456.371195 2.302704595e-15 1e-20
5459.279928 2.291162501e-15 1e-20
5462.188662 2.276392575e-15 1e-20
5465.097395 2.26857552e-15 1e-20
5468.006129 2.269358814e-15 1e-20
5470.914862 2.271637756e-15 1e-20
5473.823595 2.270771877e-15 1e-20
5476.732329 2.271280732e-15 1e-20
5479.641062 2.277655925e-15 1e-20
5482.549796 2.28877535e-15 1e-20
5485.458529 2.302147671e-15 1e-20
5488.367262 2.318036315e-15 1e-20
5491.275996 2.339833649e-15 1e-20
5494.184729 2.364495437e-15 1e-20
5497.093463 2.385420539e-15 1e-20
5500.002196 2.401439626e-15 1e-20
5502.910929 2.410237757e-15 1e-20
5505.819663 2.419207624e-15 1e-20
5508.728396 2.432438279e-15 1e-20
5511.63713 2.445434305e-15 1e-20
5514.545863 2.457033363e-15 1e-20
5517.454596 2.466653116e-15 1e-20
5520.36333 2.477582806e-15 1e-20
5523.272063 2.489776904e-15 1e-20
5526.180797 2.497804447e-15 1e-20
5529.08953 2.495650865e-15 1e-20
5531.998263 2.485759426e-15 1e-20
5534.906997 2.479380633e-15 1e-20
5537.81573 2.480121363e-15 1e-20
5540.724464 2.481933379e-15 1e-20
5543.633197 2.473187552e-15 1e-20
5546.54193 2.45103637e-15 1e-20
5549.450664 2.42685612e-15 1e-20
5552.359397 2.40710437e-15 1e-20
5555.268131 2.392054501e-15 1e-20
5558.176864 2.379299243e-15 1e-20
5561.085597 2.365289107e-15 1e-20
5563.994331 2.369552012e-15 1e-20
5566.903064 2.41199535e-15 1e-20
5569.811798 2.472915654e-15 1e-20
5572.720531 2.526152098e-15 1e-20
5575.629264 2.581115855e-15 1e-20
5578.537998 2.662806888e-15 1e-20
5581.446731 2.762580805e-15 1e-20
5584.355464 2.83510059e-15 1e-20
5587.264198 2.865285667e-15 1e-20
5590.172931 2.851472889e-15 1e-20
5593.081665 2.795521493e-15 1e-20
5595.990398 2.742687389e-15 1e-20
5598.899131 2.714897932e-15 1e-20
5601.807865 2.696133611e-15 1e-20
5604.716598 2.680290072e-15 1e-20
5607.625332 2.670275813e-15 1e-20
5610.534065 2.66092097e-15 1e-20
5613.442798 2.650153275e-15 1e-20
5616.351532 2.641661981e-15 1e-20
5619.260265 2.634886353e-15 1e-20
5622.168999 2.629804155e-15 1e-20
5625.077732 2.62413814e-15 1e-20
5627.986465 2.61656016e-15 1e-20
5630.895199 2.616002601e-15 1e-20
5633.803932 2.61807889e-15 1e-20
5636.712666 2.614975997e-15 1e-20
5639.621399 2.609838318e-15 1e-20
5642.530132 2.599756297e-15 1e-20
5645.438866 2.586213511e-15 1e-20
5648.347599 2.577308441e-15 1e-20
5651.256333 2.575023147e-15 1e-20
5654.165066 2.575782723e-15 1e-20
5657.073799 2.576370564e-15 1e-20
5659.982533 2.57419369e-15 1e-20
5662.891266 2.565917331e-15 1e-20
5665.8 2.557144822e-15 1e-20
5668.708733 2.551998462e-15 1e-20
5671.617466 2.549496115e-15 1e-20
5674.5262 2.553437571e-15 1e-20
5677.434933 2.557022849e-15 1e-20
5680.343667 2.553723021e-15 1e-20
5683.2524 2.549526396e-15 1e-20
5686.161133 2.546052079e-15 1e-20
5689.069867 2.536646625e-15 1e-20
5691.9786 2.523348419e-15 1e-20
5694.887334 2.512941773e-15 1e-20
5697.796067 2.505043402e-15 1e-20
5700.7048 2.496321716e-15 1e-20
5703.613534 2.484674165e-15 1e-20
5706.522267 2.468566775e-15 1e-20
5709.431001 2.452488819e-15 1e-20
5712.339734 2.444090276e-15 1e-20
5715.248467 2.438170574e-15 1e-20
5718.157201 2.426834097e-15 1e-20
5721.065934 2.4150002e-15 1e-20
5723.974668 2.407877712e-15 1e-20
5726.883401 2.401038556e-15 1e-20
5729.792134 2.392327457e-15 1e-20
5732.700868 2.384861497e-15 1e-20
5735.609601 2.375601733e-15 1e-20
5738.518335 2.36008536e-15 1e-20
5741.427068 2.341632747e-15 1e-20
5744.335801 2.323393375e-15 1e-20
5747.244535 2.306190347e-15 1e-20
5750.153268 2.291537736e-15 1e-20
5753.062002 2.277558516e-15 1e-20
5755.970735 2.260583976e-15 1e-20
5758.879468 2.241841254e-15 1e-20
5761.788202 2.222814565e-15 1e-20
5764.696935 2.20212388e-15 1e-20
5767.605668 2.183222128e-15 1e-20
5770.514402 2.16890113e-15 1e-20
5773.423135 2.152530736e-15 1e-20
5776.331869 2.130959983e-15 1e-20
5779.240602 2.114869957e-15 1e-20
5782.149335 2.110444845e-15 1e-20
5785.058069 2.109113944e-15 1e-20
5787.966802 2.108500693e-15 1e-20
5790.875536 2.11500527e-15 1e-20
5793.784269 2.123610278e-15 1e-20
5796.693002 2.127784245e-15 1e-20
5799.601736 2.129829829e-15 1e-20
5802.510469 2.134334774e-15 1e-20
5805.419203 2.148116635e-15 1e-20
5808.327936 2.165060259e-15 1e-20
5811.236669 2.174669212e-15 1e-20
5814.145403 2.181916638e-15 1e-20
5817.054136 2.189601768e-15 1e-20
5819.96287 2.196331445e-15 1e-20
5822.871603 2.204237015e-15 1e-20
5825.780336 2.212807083e-15 1e-20
5828.68907 2.221429878e-15 1e-20
5831.597803 2.229219193e-15 1e-20
5834.506537 2.235234186e-15 1e-20
5837.41527 2.239410058e-15 1e-20
5840.324003 2.244598347e-15 1e-20
5843.232737 2.252613396e-15 1e-20
5846.14147 2.255807557e-15 1e-20
5849.050204 2.251509712e-15 1e-20
5851.958937 2.247515952e-15 1e-20
5854.86767 2.250346736e-15 1e-20
5857.776404 2.258872758e-15 1e-20
5860.685137 2.262591444e-15 1e-20
5863.593871 2.255158095e-15 1e-20
5866.502604 2.243350455e-15 1e-20
5869.411337 2.233206601e-15 1e-20
5872.320071 2.226018891e-15 1e-20
5875.228804 2.221399808e-15 1e-20
5878.137538 2.217093916e-15 1e-20
5881.046271 2.219193923e-15 1e-20
5883.955004 2.230155376e-15 1e-20
5886.863738 2.240236127e-15 1e-20
5889.772471 2.248706033e-15 1e-20
5892.681205 2.267983232e-15 1e-20
5895.589938 2.304883164e-15 1e-20
5898.498671 2.348947512e-15 1e-20
5901.407405 2.380483607e-15 1e-20
5904.316138 2.382920309e-15 1e-20
5907.224872 2.353436998e-15 1e-20
5910.133605 2.306960724e-15 1e-20
5913.042338 2.256826961e-15 1e-20
5915.951072 2.209322177e-15 1e-20
5918.859805 2.170111328e-15 1e-20
5921.768539 2.138932681e-15 1e-20
5924.677272 2.10628676e-15 1e-20
5927.586005 2.067170355e-15 1e-20
5930.494739 2.022462262e-15 1e-20
5933.403472 1.976941441e-15 1e-20
5936.312206 1.932929186e-15 1e-20
5939.220939 1.89027663e-15 1e-20
5942.129672 1.850154373e-15 1e-20
5945.038406 1.812509688e-15 1e-20
5947.947139 1.769369029e-15 1e-20
5950.855873 1.719939045e-15 1e-20
5953.764606 1.676195829e-15 1e-20
5956.673339 1.637057613e-15 1e-20
5959.582073 1.595713299e-15 1e-20
5962.490806 1.553192563e-15 1e-20
5965.399539 1.511753382e-15 1e-20
5968.308273 1.473525514e-15 1e-20
5971.217006 1.437255775e-15 1e-20
5974.12574 1.396796929e-15 1e-20
5977.034473 1.355968458e-15 1e-20
5979.943206 1.321894652e-15 1e-20
5982.85194 1.290583868e-15 1e-20
5985.760673 1.259823231e-15 1e-20
5988.669407 1.232488419e-15 1e-20
5991.57814 1.209149273e-15 1e-20
5994.486873 1.185356859e-15 1e-20
5997.395607 1.160230473e-15 1e-20
6000.30434 1.138201052e-15 1e-20
6003.213074 1.119795238e-15 1e-20
6006.121807 1.102339054e-15 1e-20
6009.03054 1.086024246e-15 1e-20
6011.939274 1.070070381e-15 1e-20
6014.848007 1.05695704e-15 1e-20
6017.756741 1.049629146e-15 1e-20
6020.665474 1.043456711e-15 1e-20
6023.574207 1.033911179e-15 1e-20
6026.482941 1.02311405e-15 1e-20
6029.391674 1.014185476e-15 1e-20
6032.300408 1.008770606e-15 1e-20
6035.209141 1.006089429e-15 1e-20
6038.117874 1.003998423e-15 1e-20
6041.026608 1.001569238e-15 1e-20
6043.935341 9.984938732e-16 1e-20
6046.844075 9.97840599e-16 1e-20
6049.752808 1.001549227e-15 1e-20
6052.661541 1.004533959e-15 1e-20
6055.570275 1.005600691e-15 1e-20
6058.479008 1.007846705e-15 1e-20
6061.387742 1.009985887e-15 1e-20
6064.296475 1.010659384e-15 1e-20
6067.205208 1.010317924e-15 1e-20
6070.113942 1.009808857e-15 1e-20
6073.022675 1.00885351e-15 1e-20
6075.931409 1.00749868e-15 1e-20
6078.840142 1.007817694e-15 1e-20
6081.748875 1.01161579e-15 1e-20
6084.657609 1.017306369e-15 1e-20
6087.566342 1.021023679e-15 1e-20
6090.475076 1.020108248e-15 1e-20
6093.383809 1.02008252e-15 1e-20
6096.292542 1.027497764e-15 1e-20
6099.201276 1.036313259e-15 1e-20
6102.110009 1.042558221e-15 1e-20
6105.018743 1.048994401e-15 1e-20
6107.927476 1.055705231e-15 1e-20
6110.836209 1.058930627e-15 1e-20
6113.744943 1.060081427e-15 1e-20
6116.653676 1.067021591e-15 1e-20
6119.56241 1.07943793e-15 1e-20
6122.471143 1.089322381e-15 1e-20
6125.379876 1.096737095e-15 1e-20
6128.28861 1.103752116e-15 1e-20
6131.197343 1.10727895e-15 1e-20
6134.106077 1.109644925e-15 1e-20
6137.01481 1.115129781e-15 1e-20
6139.923543 1.125261565e-15 1e-20
6142.832277 1.141937209e-15 1e-20
6145.74101 1.1593665e-15 1e-20
6148.649743 1.172050077e-15 1e-20
6151.558477 1.184644504e-15 1e-20
6154.46721 1.201974057e-15 1e-20
6157.375944 1.221326536e-15 1e-20
6160.284677 1.239893816e-15 1e-20
6163.19341 1.262016623e-15 1e-20
6166.102144 1.289375681e-15 1e-20
6169.010877 1.31518001e-15 1e-20
6171.919611 1.335889119e-15 1e-20
6174.828344 1.354410977e-15 1e-20
6177.737077 1.37383143e-15 1e-20
6180.645811 1.39936365e-15 1e-20
6183.554544 1.430816419e-15 1e-20
6186.463278 1.461995913e-15 1e-20
6189.372011 1.492113017e-15 1e-20
6192.280744 1.521816027e-15 1e-20
6195.189478 1.549750221e-15 1e-20
6198.098211 1.577032834e-15 1e-20
6201.006945 1.605482977e-15 1e-20
6203.915678 1.640121331e-15 1e-20
6206.824411 1.67697764e-15 1e-20
6209.733145 1.712678808e-15 1e-20
6212.641878 1.745896582e-15 1e-20
6215.550612 1.771149598e-15 1e-20
6218.459345 1.796150517e-15 1e-20
6221.368078 1.820698802e-15 1e-20
6224.276812 1.842208145e-15 1e-20
6227.185545 1.875187373e-15 1e-20
6230.094279 1.91296229e-15 1e-20
6233.003012 1.946019868e-15 1e-20
6235.911745 1.980002618e-15 1e-20
6238.820479 2.013150406e-15 1e-20
6241.729212 2.039527647e-15 1e-20
6244.637946 2.069510284e-15 1e-20
6247.546679 2.105943712e-15 1e-20
6250.455412 2.135656781e-15 1e-20
6253.364146 2.15134489e-15 1e-20
6256.272879 2.16172909e-15 1e-20
6259.181613 2.176110439e-15 1e-20
6262.090346 2.189425373e-15 1e-20
6264.999079 2.198444368e-15 1e-20
6267.907813 2.206380644e-15 1e-20
6270.816546 2.213563483e-15 1e-20
6273.72528 2.217445859e-15 1e-20
6276.634013 2.213546754e-15 1e-20
6279.542746 2.206199802e-15 1e-20
6282.45148 2.208540578e-15 1e-20
6285.360213 2.226299682e-15 1e-20
6288.268947 2.252365851e-15 1e-20
6291.17768 2.281559265e-15 1e-20
6294.086413 2.307754182e-15 1e-20
6296.995147 2.330498923e-15 1e-20
6299.90388 2.353152819e-15 1e-20
6302.812614 2.378864716e-15 1e-20
6305.721347 2.397828301e-15 1e-20
6308.63008 2.402099041e-15 1e-20
6311.538814 2.395722365e-15 1e-20
6314.447547 2.389882285e-15 1e-20
6317.356281 2.394255092e-15 1e-20
6320.265014 2.400883761e-15 1e-20
6323.173747 2.404729502e-15 1e-20
6326.082481 2.405859232e-15 1e-20
6328.991214 2.410371165e-15 1e-20
6331.899948 2.41609986e-15 1e-20
6334.808681 2.417507417e-15 1e-20
6337.717414 2.415477079e-15 1e-20
6340.626148 2.408832529e-15 1e-20
6343.534881 2.398369767e-15 1e-20
6346.443614 2.395952758e-15 1e-20
6349.352348 2.402304023e-15 1e-20
6352.261081 2.400473161e-15 1e-20
6355.169815 2.393483445e-15 1e-20
6358.078548 2.382706857e-15 1e-20
6360.987281 2.375099231e-15 1e-20
6363.896015 2.379660715e-15 1e-20
6366.804748 2.388035753e-15 1e-20
6369.713482 2.389303126e-15 1e-20
6372.622215 2.388077258e-15 1e-20
6375.530948 2.390523701e-15 1e-20
6378.439682 2.395563123e-15 1e-20
6381.348415 2.397571862e-15 1e-20
6384.257149 2.400101949e-15 1e-20
6387.165882 2.40823643e-15 1e-20
6390.074615 2.415976405e-15 1e-20
6392.983349 2.419614835e-15 1e-20
6395.892082 2.415384965e-15 1e-20
6398.800816 2.41330804e-15 1e-20
6401.709549 2.417083054e-15 1e-20
6404.618282 2.419659305e-15 1e-20
6407.527016 2.420617299e-15 1e-20
6410.435749 2.423135528e-15 1e-20
6413.344483 2.421376876e-15 1e-20
6416.253216 2.413044189e-15 1e-20
6419.161949 2.405924665e-15 1e-20
6422.070683 2.403316863e-15 1e-20
6424.979416 2.395057656e-15 1e-20
6427.88815 2.383593065e-15 1e-20
6430.796883 2.371472236e-15 1e-20
6433.705616 2.361058389e-15 1e-20
6436.61435 2.353307614e-15 1e-20
6439.523083 2.346071835e-15 1e-20
6442.431817 2.332720902e-15 1e-20
6445.34055 2.319350487e-15 1e-20
6448.249283 2.312351242e-15 1e-20
6451.158017 2.303672119e-15 1e-20
6454.06675 2.294205043e-15 1e-20
6456.975484 2.290861169e-15 1e-20
6459.884217 2.294587267e-15 1e-20
6462.79295 2.29530068e-15 1e-20
6465.701684 2.289440271e-15 1e-20
6468.610417 2.281824386e-15 1e-20
6471.519151 2.273851688e-15 1e-20
6474.427884 2.26025448e-15 1e-20
6477.336617 2.248668975e-15 1e-20
6480.245351 2.239269662e-15 1e-20
6483.154084 2.230073637e-15 1e-20
6486.062818 2.229615393e-15 1e-20
6488.971551 2.234282544e-15 1e-20
6491.880284 2.226912299e-15 1e-20
6494.789018 2.21910922e-15 1e-20
6497.697751 2.217703568e-15 1e-20
6500.606485 2.216262977e-15 1e-20
6503.515218 2.217489693e-15 1e-20
6506.423951 2.21726904e-15 1e-20
6509.332685 2.209931194e-15 1e-20
6512.241418 2.19229385e-15 1e-20
6515.150152 2.175841506e-15 1e-20
6518.058885 2.169872888e-15 1e-20
6520.967618 2.16539039e-15 1e-20
6523.876352 2.153634208e-15 1e-20
6526.785085 2.141680667e-15 1e-20
6529.693819 2.138438437e-15 1e-20
6532.602552 2.138594714e-15 1e-20
6535.511285 2.139312151e-15 1e-20
6538.420019 2.141826145e-15 1e-20
6541.328752 2.146108744e-15 1e-20
6544.237485 2.152708189e-15 1e-20
6547.146219 2.154987978e-15 1e-20
6550.054952 2.14614326e-15 1e-20
6552.963686 2.137487219e-15 1e-20
6555.872419 2.137921112e-15 1e-20
6558.781152 2.13795224e-15 1e-20
6561.689886 2.136014864e-15 1e-20
6564.598619 2.13260958e-15 1e-20
6567.507353 2.130947066e-15 1e-20
6570.416086 2.129952649e-15 1e-20
6573.324819 2.121825791e-15 1e-20
6576.233553 2.116623739e-15 1e-20
6579.142286 2.121331124e-15 1e-20
6582.05102 2.119023171e-15 1e-20
6584.959753 2.106200998e-15 1e-20
6587.868486 2.091926587e-15 1e-20
6590.77722 2.080584393e-15 1e-20
6593.685953 2.079657738e-15 1e-20
6596.594687 2.075235379e-15 1e-20
6599.50342 2.064488437e-15 1e-20
6602.412153 2.055404644e-15 1e-20
6605.320887 2.047153484e-15 1e-20
6608.22962 2.041825435e-15 1e-20
6611.138354 2.037291903e-15 1e-20
6614.047087 2.030914169e-15 1e-20
6616.95582 2.017417969e-15 1e-20
6619.864554 1.998437443e-15 1e-20
6622.773287 1.985757784e-15 1e-20
6625.682021 1.981737342e-15 1e-20
6628.590754 1.979940997e-15 1e-20
6631.499487 1.977625844e-15 1e-20
6634.408221 1.97585258e-15 1e-20
6637.316954 1.967858919e-15 1e-20
6640.225688 1.953336115e-15 1e-20
6643.134421 1.944620781e-15 1e-20
6646.043154 1.94178068e-15 1e-20
6648.951888 1.940036427e-15 1e-20
6651.860621 1.936750151e-15 1e-20
6654.769355 1.93551793e-15 1e-20
6657.678088 1.938885945e-15 1e-20
6660.586821 1.935992904e-15 1e-20
6663.495555 1.926650977e-15 1e-20
6666.404288 1.917807742e-15 1e-20
6669.313022 1.916324799e-15 1e-20
6672.221755 1.915639549e-15 1e-20
6675.130488 1.913678668e-15 1e-20
6678.039222 1.915600374e-15 1e-20
6680.947955 1.913072192e-15 1e-20
6683.856689 1.903424487e-15 1e-20
6686.765422 1.895015144e-15 1e-20
6689.674155 1.887457916e-15 1e-20
6692.582889 1.880843224e-15 1e-20
6695.491622 1.876921673e-15 1e-20
6698.400356 1.876207624e-15 1e-20
6701.309089 1.872969629e-15 1e-20
6704.217822 1.864252601e-15 1e-20
6707.126556 1.855489622e-15 1e-20
6710.035289 1.852506372e-15 1e-20
6712.944023 1.853013109e-15 1e-20
6715.852756 1.848000157e-15 1e-20
6718.761489 1.839199484e-15 1e-20
6721.670223 1.831684396e-15 1e-20
6724.578956 1.825150384e-15 1e-20
6727.487689 1.821113637e-15 1e-20
6730.396423 1.818865823e-15 1e-20
6733.305156 1.810285591e-15 1e-20
6736.21389 1.795517572e-15 1e-20
6739.122623 1.783393566e-15 1e-20
6742.031356 1.776369545e-15 1e-20
6744.94009 1.768106209e-15 1e-20
6747.848823 1.755751175e-15 1e-20
6750.757557 1.747533473e-15 1e-20
6753.66629 1.745393868e-15 1e-20
6756.575023 1.746583631e-15 1e-20
6759.483757 1.749500707e-15 1e-20
6762.39249 1.746425977e-15 1e-20
6765.301224 1.738530783e-15 1e-20
6768.209957 1.732141931e-15 1e-20
6771.11869 1.721432258e-15 1e-20
6774.027424 1.702935812e-15 1e-20
6776.936157 1.692692219e-15 1e-20
6779.844891 1.694820707e-15 1e-20
6782.753624 1.692901648e-15 1e-20
6785.662357 1.687128589e-15 1e-20
6788.571091 1.683193062e-15 1e-20
6791.479824 1.678378103e-15 1e-20
6794.388558 1.671689719e-15 1e-20
6797.297291 1.665346078e-15 1e-20
6800.206024 1.659629558e-15 1e-20
6803.114758 1.652262913e-15 1e-20
6806.023491 1.639717508e-15 1e-20
6808.932225 1.624589288e-15 1e-20
6811.840958 1.612607159e-15 1e-20
6814.749691 1.60888572e-15 1e-20
6817.658425 1.614987004e-15 1e-20
6820.567158 1.620919306e-15 1e-20
6823.475892 1.619502537e-15 1e-20
6826.384625 1.621218626e-15 1e-20
6829.293358 1.632929068e-15 1e-20
6832.202092 1.643964213e-15 1e-20
6835.110825 1.647507034e-15 1e-20
6838.019559 1.646720776e-15 1e-20
6840.928292 1.642889434e-15 1e-20
6843.837025 1.634452457e-15 1e-20
6846.745759 1.624269956e-15 1e-20
6849.654492 1.614269356e-15 1e-20
6852.563226 1.603835498e-15 1e-20
6855.471959 1.587524714e-15 1e-20
6858.380692 1.558174916e-15 1e-20
6861.289426 1.522775821e-15 1e-20
6864.198159 1.484518731e-15 1e-20
6867.106893 1.436754755e-15 1e-20
6870.015626 1.388481606e-15 1e-20
6872.924359 1.355558177e-15 1e-20
6875.833093 1.351879936e-15 1e-20
6878.741826 1.371541583e-15 1e-20
6881.65056 1.39213973e-15 1e-20
6884.559293 1.402700643e-15 1e-20
6887.468026 1.407758488e-15 1e-20
6890.37676 1.410425689e-15 1e-20
6893.285493 1.411298345e-15 1e-20
6896.194227 1.415853264e-15 1e-20
6899.10296 1.424745099e-15 1e-20
6902.011693 1.43607427e-15 1e-20
6904.920427 1.446123151e-15 1e-20
6907.82916 1.458198559e-15 1e-20
6910.737894 1.477069182e-15 1e-20
6913.646627 1.495423222e-15 1e-20
6916.55536 1.505328213e-15 1e-20
6919.464094 1.509823417e-15 1e-20
6922.372827 1.515426117e-15 1e-20
6925.28156 1.521765417e-15 1e-20
6928.190294 1.52486651e-15 1e-20
6931.099027 1.524959366e-15 1e-20
6934.007761 1.52515069e-15 1e-20
6936.916494 1.5273444e-15 1e-20
6939.825227 1.531935318e-15 1e-20
6942.733961 1.53931594e-15 1e-20
6945.642694 1.549951391e-15 1e-20
6948.551428 1.557707354e-15 1e-20
6951.460161 1.557716142e-15 1e-20
6954.368894 1.556846134e-15 1e-20
6957.277628 1.558913106e-15 1e-20
6960.186361 1.561448487e-15 1e-20
6963.095095 1.563736958e-15 1e-20
6966.003828 1.567695143e-15 1e-20
6968.912561 1.57139096e-15 1e-20
6971.821295 1.570792849e-15 1e-20
6974.730028 1.567537172e-15 1e-20
6977.638762 1.562516701e-15 1e-20
6980.547495 1.552899807e-15 1e-20
6983.456228 1.544165097e-15 1e-20
6986.364962 1.540854151e-15 1e-20
6989.273695 1.53447504e-15 1e-20
6992.182429 1.522756234e-15 1e-20
6995.091162 1.513813048e-15 1e-20
6997.999895 1.508806872e-15 1e-20
7000.908629 1.504082651e-15 1e-20
7003.817362 1.496862013e-15 1e-20
7006.726096 1.490858138e-15 1e-20
7009.634829 1.490122384e-15 1e-20
7012.543562 1.491135012e-15 1e-20
7015.452296 1.489422523e-15 1e-20
7018.361029 1.48904284e-15 1e-20
7021.269763 1.489895167e-15 1e-20
7024.178496 1.489018064e-15 1e-20
7027.087229 1.485528183e-15 1e-20
7029.995963 1.483312768e-15 1e-20
7032.904696 1.482146827e-15 1e-20
7035.81343 1.482979143e-15 1e-20
7038.722163 1.48899043e-15 1e-20
7041.630896 1.499873321e-15 1e-20
7044.53963 1.509600965e-15 1e-20
7047.448363 1.512780939e-15 1e-20
7050.357097 1.507427902e-15 1e-20
7053.26583 1.501597668e-15 1e-20
7056.174563 1.499978883e-15 1e-20
7059.083297 1.498954184e-15 1e-20
7061.99203 1.500354753e-15 1e-20
7064.900764 1.505105444e-15 1e-20
7067.809497 1.508627407e-15 1e-20
7070.71823 1.510309191e-15 1e-20
7073.626964 1.507761845e-15 1e-20
7076.535697 1.505098667e-15 1e-20
7079.444431 1.503787249e-15 1e-20
7082.353164 1.498864081e-15 1e-20
7085.261897 1.496598268e-15 1e-20
7088.170631 1.499787559e-15 1e-20
7091.079364 1.504240517e-15 1e-20
7093.988098 1.505766765e-15 1e-20
7096.896831 1.504181542e-15 1e-20
7099.805564 1.503771578e-15 1e-20
7102.714298 1.501750875e-15 1e-20
7105.623031 1.497028773e-15 1e-20
7108.531764 1.494573012e-15 1e-20
7111.440498 1.498011649e-15 1e-20
7114.349231 1.502868324e-15 1e-20
7117.257965 1.505133607e-15 1e-20
7120.166698 1.509267658e-15 1e-20
7123.075431 1.515339507e-15 1e-20
7125.984165 1.517452961e-15 1e-20
7128.892898 1.515012235e-15 1e-20
7131.801632 1.512387915e-15 1e-20
7134.710365 1.507985567e-15 1e-20
7137.619098 1.50445704e-15 1e-20
7140.527832 1.507356116e-15 1e-20
7143.436565 1.514753361e-15 1e-20
7146.345299 1.521465885e-15 1e-20
7149.254032 1.52524884e-15 1e-20
7152.162765 1.525480821e-15 1e-20
7155.071499 1.518128999e-15 1e-20
7157.980232 1.504167672e-15 1e-20
7160.888966 1.489633328e-15 1e-20
7163.797699 1.474966211e-15 1e-20
7166.706432 1.460101736e-15 1e-20
7169.615166 1.446671605e-15 1e-20
7172.523899 1.434136894e-15 1e-20
7175.432633 1.423170994e-15 1e-20
7178.341366 1.411708944e-15 1e-20
7181.250099 1.397387311e-15 1e-20
7184.158833 1.382857837e-15 1e-20
7187.067566 1.376256909e-15 1e-20
7189.9763 1.374638547e-15 1e-20
7192.885033 1.373359421e-15 1e-20
7195.793766 1.373077465e-15 1e-20
7198.7025 1.372984927e-15 1e-20
7201.611233 1.373719622e-15 1e-20
7204.519967 1.378291165e-15 1e-20
7207.4287 1.384959749e-15 1e-20
7210.337433 1.390353761e-15 1e-20
7213.246167 1.394287064e-15 1e-20
7216.1549 1.391001424e-15 1e-20
7219.063634 1.378502605e-15 1e-20
7221.972367 1.365169142e-15 1e-20
7224.8811 1.355251127e-15 1e-20
7227.789834 1.349140632e-15 1e-20
7230.698567 1.347040625e-15 1e-20
7233.607301 1.350816381e-15 1e-20
7236.516034 1.360561918e-15 1e-20
7239.424767 1.372387345e-15 1e-20
7242.333501 1.381721966e-15 1e-20
7245.242234 1.383649707e-15 1e-20
7248.150968 1.376851103e-15 1e-20
7251.059701 1.364765107e-15 1e-20
7253.968434 1.351371928e-15 1e-20
7256.877168 1.340781369e-15 1e-20
7259.785901 1.333308421e-15 1e-20
7262.694635 1.328148297e-15 1e-20
7265.603368 1.327943844e-15 1e-20
7268.512101 1.335076179e-15 1e-20
7271.420835 1.348055265e-15 1e-20
7274.329568 1.360897873e-15 1e-20
7277.238302 1.36955942e-15 1e-20
7280.147035 1.375174295e-15 1e-20
7283.055768 1.37703618e-15 1e-20
7285.964502 1.371796328e-15 1e-20
7288.873235 1.359699427e-15 1e-20
7291.781969 1.345847685e-15 1e-20
7294.690702 1.333681539e-15 1e-20
7297.599435 1.323991694e-15 1e-20
7300.508169 1.318484498e-15 1e-20
7303.416902 1.3168745e-15 1e-20
7306.325635 1.316856606e-15 1e-20
7309.234369 1.315372922e-15 1e-20
7312.143102 1.311730998e-15 1e-20
7315.051836 1.31162226e-15 1e-20
7317.960569 1.314898266e-15 1e-20
7320.869302 1.31519801e-15 1e-20
7323.778036 1.311481335e-15 1e-20
7326.686769 1.308839122e-15 1e-20
7329.595503 1.312137362e-15 1e-20
7332.504236 1.320404404e-15 1e-20
7335.412969 1.327294805e-15 1e-20
7338.321703 1.329290415e-15 1e-20
7341.230436 1.325713289e-15 1e-20
7344.13917 1.314762741e-15 1e-20
7347.047903 1.30082259e-15 1e-20
7349.956636 1.294289531e-15 1e-20
7352.86537 1.296037595e-15 1e-20
7355.774103 1.296276988e-15 1e-20
7358.682837 1.292953336e-15 1e-20
7361.59157 1.292292545e-15 1e-20
7364.500303 1.293724983e-15 1e-20
7367.409037 1.293244186e-15 1e-20
7370.31777 1.289351223e-15 1e-20
7373.226504 1.279919723e-15 1e-20
7376.135237 1.265385908e-15 1e-20
7379.04397 1.252704448e-15 1e-20
7381.952704 1.246318667e-15 1e-20
7384.861437 1.244349527e-15 1e-20
7387.770171 1.246329784e-15 1e-20
7390.678904 1.250253876e-15 1e-20
7393.587637 1.252601746e-15 1e-20
7396.496371 1.254786349e-15 1e-20
7399.405104 1.257137078e-15 1e-20
7402.313838 1.25630455e-15 1e-20
7405.222571 1.253195833e-15 1e-20
7408.131304 1.250818953e-15 1e-20
7411.040038 1.248088754e-15 1e-20
7413.948771 1.243342723e-15 1e-20
7416.857505 1.240510668e-15 1e-20
7419.766238 1.243610703e-15 1e-20
7422.674971 1.248938858e-15 1e-20
7425.583705 1.25104617e-15 1e-20
7428.492438 1.249176027e-15 1e-20
7431.401172 1.244618037e-15 1e-20
7434.309905 1.240861022e-15 1e-20
7437.218638 1.241696408e-15 1e-20
7440.127372 1.245184384e-15 1e-20
7443.036105 1.246996505e-15 1e-20
7445.944839 1.246524496e-15 1e-20
7448.853572 1.24513695e-15 1e-20
7451.762305 1.243854436e-15 1e-20
7454.671039 1.243155317e-15 1e-20
7457.579772 1.241893343e-15 1e-20
7460.488506 1.24128655e-15 1e-20
7463.397239 1.245039647e-15 1e-20
7466.305972 1.25002613e-15 1e-20
7469.214706 1.252623345e-15 1e-20
7472.123439 1.255026483e-15 1e-20
7475.032173 1.257581135e-15 1e-20
7477.940906 1.259517664e-15 1e-20
7480.849639 1.258839508e-15 1e-20
7483.758373 1.250133492e-15 1e-20
7486.667106 1.233827578e-15 1e-20
7489.575839 1.215936548e-15 1e-20
7492.484573 1.197684153e-15 1e-20
7495.393306 1.176753863e-15 1e-20
7498.30204 1.154080591e-15 1e-20
7501.210773 1.134454414e-15 1e-20
7504.119506 1.12171525e-15 1e-20
7507.02824 1.117193047e-15 1e-20
7509.936973 1.116770695e-15 1e-20
7512.845707 1.115440218e-15 1e-20
7515.75444 1.115323539e-15 1e-20
7518.663173 1.119688088e-15 1e-20
7521.571907 1.126164291e-15 1e-20
7524.48064 1.13081916e-15 1e-20
7527.389374 1.135765727e-15 1e-20
7530.298107 1.139987021e-15 1e-20
7533.20684 1.141933079e-15 1e-20
7536.115574 1.148495997e-15 1e-20
7539.024307 1.158548584e-15 1e-20
7541.933041 1.157754914e-15 1e-20
7544.841774 1.144108895e-15 1e-20
7547.750507 1.135600132e-15 1e-20
7550.659241 1.138301108e-15 1e-20
7553.567974 1.141332851e-15 1e-20
7556.476708 1.14324471e-15 1e-20
7559.385441 1.150056125e-15 1e-20
7562.294174 1.159014558e-15 1e-20
7565.202908 1.165801727e-15 1e-20
7568.111641 1.170774975e-15 1e-20
7571.020375 1.171221361e-15 1e-20
7573.929108 1.163122138e-15 1e-20
7576.837841 1.147178754e-15 1e-20
7579.746575 1.123004964e-15 1e-20
7582.655308 1.085336879e-15 1e-20
7585.564042 1.026961168e-15 1e-20
7588.472775 9.376592257e-16 1e-20
7591.381508 8.203207574e-16 1e-20
7594.290242 6.988141458e-16 1e-20
7597.198975 5.952356218e-16 1e-20
7600.107709 5.213068509e-16 1e-20
7603.016442 4.833879387e-16 1e-20
7605.925175 4.827272001e-16 1e-20
7608.833909 5.105634556e-16 1e-20
7611.742642 5.537671651e-16 1e-20
7614.651376 6.000214639e-16 1e-20
7617.560109 6.357286142e-16 1e-20
7620.468842 6.51337208e-16 1e-20
7623.377576 6.504820223e-16 1e-20
7626.286309 6.452552997e-16 1e-20
7629.195043 6.441817913e-16 1e-20
7632.103776 6.514383755e-16 1e-20
7635.012509 6.697105173e-16 1e-20
7637.921243 6.943840047e-16 1e-20
7640.829976 7.216043614e-16 1e-20
7643.73871 7.565536819e-16 1e-20
7646.647443 8.018519981e-16 1e-20
7649.556176 8.499871864e-16 1e-20
7652.46491 8.904491033e-16 1e-20
7655.373643 9.217185951e-16 1e-20
7658.282377 9.545652622e-16 1e-20
7661.19111 9.883060785e-16 1e-20
7664.099843 1.014033751e-15 1e-20
7667.008577 1.032267936e-15 1e-20
7669.91731 1.046335141e-15 1e-20
7672.826044 1.057098283e-15 1e-20
7675.734777 1.066273026e-15 1e-20
7678.64351 1.073668047e-15 1e-20
7681.552244 1.077135271e-15 1e-20
7684.460977 1.076444939e-15 1e-20
7687.36971 1.073787691e-15 1e-20
7690.278444 1.069242935e-15 1e-20
7693.187177 1.064357673e-15 1e-20
7696.095911 1.060676468e-15 1e-20
7699.004644 1.05785246e-15 1e-20
7701.913377 1.059400095e-15 1e-20
7704.822111 1.063735421e-15 1e-20
7707.730844 1.0694476e-15 1e-20
7710.639578 1.07293907e-15 1e-20
7713.548311 1.072084837e-15 1e-20
7716.457044 1.07260428e-15 1e-20
7719.365778 1.073077242e-15 1e-20
7722.274511 1.064993477e-15 1e-20
7725.183245 1.046648014e-15 1e-20
7728.091978 1.024485397e-15 1e-20
7731.000711 1.006432372e-15 1e-20
7733.909445 9.928115526e-16 1e-20
7736.818178 9.806540887e-16 1e-20
7739.726912 9.708016133e-16 1e-20
7742.635645 9.643379048e-16 1e-20
7745.544378 9.580828842e-16 1e-20
7748.453112 9.458132943e-16 1e-20
7751.361845 9.26675326e-16 1e-20
7754.270579 9.108881142e-16 1e-20
7757.179312 8.998075468e-16 1e-20
7760.088045 8.84198953e-16 1e-20
7762.996779 8.618180132e-16 1e-20
7765.905512 8.370618342e-16 1e-20
7768.814246 8.112306645e-16 1e-20
7771.722979 7.865264722e-16 1e-20
7774.631712 7.639781904e-16 1e-20
7777.540446 7.424894939e-16 1e-20
7780.449179 7.199175482e-16 1e-20
7783.357913 6.958303134e-16 1e-20
7786.266646 6.715525492e-16 1e-20
7789.175379 6.504529056e-16 1e-20
7792.084113 6.307468429e-16 1e-20
7794.992846 6.064260917e-16 1e-20
7797.90158 5.800645206e-16 1e-20
7800.810313 5.558421312e-16 1e-20
7803.719046 5.331690179e-16 1e-20
7806.62778 5.116507812e-16 1e-20
7809.536513 4.929390822e-16 1e-20
7812.445247 4.74713739e-16 1e-20
7815.35398 4.556761441e-16 1e-20
7818.262713 4.382277948e-16 1e-20
7821.171447 4.210874743e-16 1e-20
7824.08018 4.009943705e-16 1e-20
7826.988914 3.766716606e-16 1e-20
7829.897647 3.486914095e-16 1e-20
7832.80638 3.233130318e-16 1e-20
7835.715114 3.071824276e-16 1e-20
7838.623847 2.9587692e-16 1e-20
7841.532581 2.834558436e-16 1e-20
7844.441314 2.728793667e-16 1e-20
7847.350047 2.701321476e-16 1e-20
7850.258781 2.69423234e-16 1e-20
7853.167514 2.663660539e-16 1e-20
7856.076248 2.615689622e-16 1e-20
7858.984981 2.54799819e-16 1e-20
7861.893714 2.472843603e-16 1e-20
7864.802448 2.372876775e-16 1e-20
7867.711181 2.244351966e-16 1e-20
7870.619914 2.123398176e-16 1e-20
7873.528648 2.039556605e-16 1e-20
7876.437381 1.989895063e-16 1e-20
7879.346115 1.945567711e-16 1e-20
7882.254848 1.877690858e-16 1e-20
7885.163581 1.790817174e-16 1e-20
7888.072315 1.711118388e-16 1e-20
7890.981048 1.654189039e-16 1e-20
7893.889782 1.613333861e-16 1e-20
7896.798515 1.582030435e-16 1e-20
7899.707248 1.550591219e-16 1e-20
7902.615982 1.516217828e-16 1e-20
7905.524715 1.499162025e-16 1e-20
7908.433449 1.510823816e-16 1e-20
7911.342182 1.563237553e-16 1e-20
7914.250915 1.615178275e-16 1e-20
7917.159649 1.622927038e-16 1e-20
7920.068382 1.635229795e-16 1e-20
7922.977116 1.653276229e-16 1e-20
7925.885849 1.626545722e-16 1e-20
7928.794582 1.574397212e-16 1e-20
7931.703316 1.528919351e-16 1e-20
7934.612049 1.468175972e-16 1e-20
7937.520783 1.390042079e-16 1e-20
7940.429516 1.34940885e-16 1e-20
7943.338249 1.356330962e-16 1e-20
7946.246983 1.372179081e-16 1e-20
7949.155716 1.402257618e-16 1e-20
7952.06445 1.447964972e-16 1e-20
7954.973183 1.467098255e-16 1e-20
7957.881916 1.452671563e-16 1e-20
7960.79065 1.487713581e-16 1e-20
7963.699383 1.541134493e-16 1e-20
7966.608117 1.543177828e-16 1e-20
7969.51685 1.512198789e-16 1e-20
7972.425583 1.500183494e-16 1e-20
7975.334317 1.515493085e-16 1e-20
7978.24305 1.517665063e-16 1e-20
7981.151784 1.527245403e-16 1e-20
7984.060517 1.571244529e-16 1e-20
7986.96925 1.626386241e-16 1e-20
7989.877984 1.665833492e-16 1e-20
7992.786717 1.701621428e-16 1e-20
7995.695451 1.716999973e-16 1e-20
7998.604184 1.710101155e-16 1e-20
8001.512917 1.713039433e-16 1e-20
8004.421651 1.726107695e-16 1e-20
8007.330384 1.721328973e-16 1e-20
8010.239118 1.734719241e-16 1e-20
8013.147851 1.780162029e-16 1e-20
8016.056584 1.852018878e-16 1e-20
8018.965318 1.944261957e-16 1e-20
8021.874051 2.0423939e-16 1e-20
8024.782785 2.12571309e-16 1e-20
8027.691518 2.14976962e-16 1e-20
8030.600251 2.121784578e-16 1e-20
8033.508985 2.076957874e-16 1e-20
8036.417718 2.045033996e-16 1e-20
8039.326452 2.046162271e-16 1e-20
8042.235185 2.064301216e-16 1e-20
8045.143918 2.108477558e-16 1e-20
8048.052652 2.167470888e-16 1e-20
8050.961385 2.21457439e-16 1e-20
8053.870119 2.261976869e-16 1e-20
8056.778852 2.318508906e-16 1e-20
8059.687585 2.3774579e-16 1e-20
8062.596319 2.409499568e-16 1e-20
8065.505052 2.398443935e-16 1e-20
8068.413785 2.382496687e-16 1e-20
8071.322519 2.403645247e-16 1e-20
8074.231252 2.447696254e-16 1e-20
8077.139986 2.468511824e-16 1e-20
8080.048719 2.495356151e-16 1e-20
8082.957452 2.568368009e-16 1e-20
8085.866186 2.667843029e-16 1e-20
8088.774919 2.77558112e-16 1e-20
8091.683653 2.871956528e-16 1e-20
8094.592386 2.955556298e-16 1e-20
8097.501119 3.08531804e-16 1e-20
8100.409853 3.204668953e-16 1e-20
8103.318586 3.253156295e-16 1e-20
8106.22732 3.316623415e-16 1e-20
8109.136053 3.368581739e-16 1e-20
8112.044786 3.396920815e-16 1e-20
8114.95352 3.46252934e-16 1e-20
8117.862253 3.54254219e-16 1e-20
8120.770987 3.605373505e-16 1e-20
8123.67972 3.715133358e-16 1e-20
8126.588453 3.812872225e-16 1e-20
8129.497187 3.892597349e-16 1e-20
8132.40592 3.995427942e-16 1e-20
8135.314654 4.090823175e-16 1e-20
8138.223387 4.168467774e-16 1e-20
8141.13212 4.219582242e-16 1e-20
8144.040854 4.275407272e-16 1e-20
8146.949587 4.391094237e-16 1e-20
8149.858321 4.455382185e-16 1e-20
8152.767054 4.43309066e-16 1e-20
8155.675787 4.40375738e-16 1e-20
8158.584521 4.437393588e-16 1e-20
8161.493254 4.524692774e-16 1e-20
8164.401988 4.620232267e-16 1e-20
8167.310721 4.717003134e-16 1e-20
8170.219454 4.798221418e-16 1e-20
8173.128188 4.88415291e-16 1e-20
8176.036921 5.037624163e-16 1e-20
8178.945655 5.24639555e-16 1e-20
8181.854388 5.41468882e-16 1e-20
8184.763121 5.504137088e-16 1e-20
8187.671855 5.576313295e-16 1e-20
8190.580588 5.642878967e-16 1e-20
8193.489322 5.716837119e-16 1e-20
8196.398055 5.840950739e-16 1e-20
8199.306788 5.911910395e-16 1e-20
8202.215522 5.897192139e-16 1e-20
8205.124255 5.876497006e-16 1e-20
8208.032989 5.87754521e-16 1e-20
8210.941722 5.910936837e-16 1e-20
8213.850455 5.932986163e-16 1e-20
8216.759189 5.921676685e-16 1e-20
8219.667922 5.901860879e-16 1e-20
8222.576656 5.903915463e-16 1e-20
8225.485389 5.929948491e-16 1e-20
8228.394122 5.95936171e-16 1e-20
8231.302856 6.028407072e-16 1e-20
8234.211589 6.145607844e-16 1e-20
8237.120323 6.221856162e-16 1e-20
8240.029056 6.294182717e-16 1e-20
8242.937789 6.395283511e-16 1e-20
8245.846523 6.429853572e-16 1e-20
8248.755256 6.435165528e-16 1e-20
8251.66399 6.444709471e-16 1e-20
8254.572723 6.413433309e-16 1e-20
8257.481456 6.343970255e-16 1e-20
8260.39019 6.292145073e-16 1e-20
8263.298923 6.300911864e-16 1e-20
8266.207656 6.399271448e-16 1e-20
8269.11639 6.549904611e-16 1e-20
8272.025123 6.707517325e-16 1e-20
8274.933857 6.834835377e-16 1e-20
8277.84259 6.988626385e-16 1e-20
8280.751323 7.238131057e-16 1e-20
8283.660057 7.515651343e-16 1e-20
8286.56879 7.755568661e-16 1e-20
8289.477524 7.978330915e-16 1e-20
8292.386257 8.251636153e-16 1e-20
8295.29499 8.549166005e-16 1e-20
8298.203724 8.800572266e-16 1e-20
8301.112457 8.955719585e-16 1e-20
8304.021191 8.965292116e-16 1e-20
8306.929924 8.91079084e-16 1e-20
8309.838657 8.835826307e-16 1e-20
8312.747391 8.679030979e-16 1e-20
8315.656124 8.496972365e-16 1e-20
8318.564858 8.381229018e-16 1e-20
8321.473591 8.327756887e-16 1e-20
8324.382324 8.332891495e-16 1e-20
8327.291058 8.500292204e-16 1e-20
8330.199791 8.843954117e-16 1e-20
8333.108525 9.110652499e-16 1e-20
8336.017258 9.276111915e-16 1e-20
8338.925991 9.473532002e-16 1e-20
8341.834725 9.752573242e-16 1e-20
8344.743458 1.006724386e-15 1e-20
8347.652192 1.032159092e-15 1e-20
8350.560925 1.045881026e-15 1e-20
8353.469658 1.04930865e-15 1e-20
8356.378392 1.038491616e-15 1e-20
8359.287125 1.011126946e-15 1e-20
8362.195859 9.809536208e-16 1e-20
8365.104592 9.582367265e-16 1e-20
8368.013325 9.427261768e-16 1e-20
8370.922059 9.374398442e-16 1e-20
8373.830792 9.334038381e-16 1e-20
8376.739526 9.318046399e-16 1e-20
8379.648259 9.425513704e-16 1e-20
8382.556992 9.616773744e-16 1e-20
8385.465726 9.811545793e-16 1e-20
8388.374459 1.000646819e-15 1e-20
8391.283193 1.019857632e-15 1e-20
8394.191926 1.043938567e-15 1e-20
8397.100659 1.073584191e-15 1e-20
8400.009393 1.090289587e-15 1e-20
8402.918126 1.087473202e-15 1e-20
8405.82686 1.077567363e-15 1e-20
8408.735593 1.068746998e-15 1e-20
8411.644326 1.0642339e-15 1e-20
8414.55306 1.064087258e-15 1e-20
8417.461793 1.064754296e-15 1e-20
8420.370527 1.070774371e-15 1e-20
8423.27926 1.088880759e-15 1e-20
8426.187993 1.112305032e-15 1e-20
8429.096727 1.136438271e-15 1e-20
8432.00546 1.153590582e-15 1e-20
8434.914194 1.156983902e-15 1e-20
8437.822927 1.156654618e-15 1e-20
8440.73166 1.160832396e-15 1e-20
8443.640394 1.1622336e-15 1e-20
8446.549127 1.162117345e-15 1e-20
8449.45786 1.168553843e-15 1e-20
8452.366594 1.182161109e-15 1e-20
8455.275327 1.198462364e-15 1e-20
8458.184061 1.213786249e-15 1e-20
8461.092794 1.226581211e-15 1e-20
8464.001527 1.235882056e-15 1e-20
8466.910261 1.242393305e-15 1e-20
8469.818994 1.241638175e-15 1e-20
8472.727728 1.232608803e-15 1e-20
8475.636461 1.22032852e-15 1e-20
8478.545194 1.202871171e-15 1e-20
8481.453928 1.187680588e-15 1e-20
8484.362661 1.190137407e-15 1e-20
8487.271395 1.208819883e-15 1e-20
8490.180128 1.229940226e-15 1e-20
8493.088861 1.246606446e-15 1e-20
8495.997595 1.262939465e-15 1e-20
8498.906328 1.282003106e-15 1e-20
8501.815062 1.298846674e-15 1e-20
8504.723795 1.306006855e-15 1e-20
8507.632528 1.304509089e-15 1e-20
8510.541262 1.292486304e-15 1e-20
8513.449995 1.27647791e-15 1e-20
8516.358729 1.259843983e-15 1e-20
8519.267462 1.242574358e-15 1e-20
8522.176195 1.224582637e-15 1e-20
8525.084929 1.215888691e-15 1e-20
8527.993662 1.220438422e-15 1e-20
8530.902396 1.233706558e-15 1e-20
8533.811129 1.245137903e-15 1e-20
8536.719862 1.260309428e-15 1e-20
8539.628596 1.278862838e-15 1e-20
8542.537329 1.2941323e-15 1e-20
8545.446063 1.301416466e-15 1e-20
8548.354796 1.303404664e-15 1e-20
8551.263529 1.301114711e-15 1e-20
8554.172263 1.294194663e-15 1e-20
8557.080996 1.282899479e-15 1e-20
8559.98973 1.263535882e-15 1e-20
8562.898463 1.24116553e-15 1e-20
8565.807196 1.226271409e-15 1e-20
8568.71593 1.223672182e-15 1e-20
8571.624663 1.233478706e-15 1e-20
8574.533397 1.24373924e-15 1e-20
8577.44213 1.243519329e-15 1e-20
8580.350863 1.241084427e-15 1e-20
8583.259597 1.246714867e-15 1e-20
8586.16833 1.258756816e-15 1e-20
8589.077064 1.266527814e-15 1e-20
8591.985797 1.260926174e-15 1e-20
8594.89453 1.250980948e-15 1e-20
8597.803264 1.24405476e-15 1e-20
8600.711997 1.228094965e-15 1e-20
8603.620731 1.209268599e-15 1e-20
8606.529464 1.198914786e-15 1e-20
8609.438197 1.189817864e-15 1e-20
8612.346931 1.18488612e-15 1e-20
8615.255664 1.188827788e-15 1e-20
8618.164398 1.185107725e-15 1e-20
8621.073131 1.182478217e-15 1e-20
8623.981864 1.188220571e-15 1e-20
8626.890598 1.199710679e-15 1e-20
8629.799331 1.215833634e-15 1e-20
8632.708065 1.221883884e-15 1e-20
8635.616798 1.216786122e-15 1e-20
8638.525531 1.214937261e-15 1e-20
8641.434265 1.215660945e-15 1e-20
8644.342998 1.216438415e-15 1e-20
8647.251731 1.223691664e-15 1e-20
8650.160465 1.232715741e-15 1e-20
8653.069198 1.232921253e-15 1e-20
8655.977932 1.22960226e-15 1e-20
8658.886665 1.234046748e-15 1e-20
8661.795398 1.239703869e-15 1e-20
8664.704132 1.238812685e-15 1e-20
8667.612865 1.239822136e-15 1e-20
8670.521599 1.245270358e-15 1e-20
8673.430332 1.250773319e-15 1e-20
8676.339065 1.250179126e-15 1e-20
8679.247799 1.243348864e-15 1e-20
8682.156532 1.236173436e-15 1e-20
8685.065266 1.230219324e-15 1e-20
8687.973999 1.22624801e-15 1e-20
8690.882732 1.222134288e-15 1e-20
8693.791466 1.217177981e-15 1e-20
8696.700199 1.214270752e-15 1e-20
8699.608933 1.210156713e-15 1e-20
8702.517666 1.196199833e-15 1e-20
8705.426399 1.173255405e-15 1e-20
8708.335133 1.152100757e-15 1e-20
8711.243866 1.138797469e-15 1e-20
8714.1526 1.129079143e-15 1e-20
8717.061333 1.122195941e-15 1e-20
8719.970066 1.120568685e-15 1e-20
8722.8788 1.123313072e-15 1e-20
8725.787533 1.123783599e-15 1e-20
8728.696267 1.119900058e-15 1e-20
8731.605 1.117871944e-15 1e-20
8734.513733 1.120458253e-15 1e-20
8737.422467 1.12240717e-15 1e-20
8740.3312 1.117039628e-15 1e-20
8743.239934 1.107746089e-15 1e-20
8746.148667 1.10080063e-15 1e-20
8749.0574 1.09263375e-15 1e-20
8751.966134 1.082311171e-15 1e-20
8754.874867 1.080999223e-15 1e-20
8757.783601 1.091225981e-15 1e-20
8760.692334 1.107870073e-15 1e-20
8763.601067 1.123073573e-15 1e-20
8766.509801 1.130983273e-15 1e-20
8769.418534 1.137487533e-15 1e-20
8772.327268 1.145594379e-15 1e-20
8775.236001 1.159941953e-15 1e-20
8778.144734 1.182577426e-15 1e-20
8781.053468 1.202026997e-15 1e-20
8783.962201 1.204229176e-15 1e-20
8786.870935 1.19219485e-15 1e-20
8789.779668 1.174834168e-15 1e-20
8792.688401 1.154641115e-15 1e-20
8795.597135 1.130334022e-15 1e-20
8798.505868 1.102595811e-15 1e-20
8801.414602 1.071754812e-15 1e-20
8804.323335 1.035520013e-15 1e-20
8807.232068 1.005586504e-15 1e-20
8810.140802 9.99732553e-16 1e-20
8813.049535 1.016809584e-15 1e-20
8815.958269 1.040682149e-15 1e-20
8818.867002 1.055054181e-15 1e-20
8821.775735 1.067336476e-15 1e-20
8824.684469 1.094130457e-15 1e-20
8827.593202 1.131708651e-15 1e-20
8830.501935 1.169391241e-15 1e-20
8833.410669 1.199173343e-15 1e-20
8836.319402 1.217049973e-15 1e-20
8839.228136 1.217755128e-15 1e-20
8842.136869 1.194438111e-15 1e-20
8845.045602 1.155058914e-15 1e-20
8847.954336 1.112872332e-15 1e-20
8850.863069 1.076928277e-15 1e-20
8853.771803 1.050085591e-15 1e-20
8856.680536 1.024524149e-15 1e-20
8859.589269 9.981388605e-16 1e-20
8862.498003 9.726663563e-16 1e-20
8865.406736 9.543248107e-16 1e-20
8868.31547 9.485564105e-16 1e-20
8871.224203 9.537056297e-16 1e-20
8874.132936 9.699160403e-16 1e-20
8877.04167 9.943266828e-16 1e-20
8879.950403 1.017056918e-15 1e-20
8882.859137 1.038272023e-15 1e-20
8885.76787 1.061434668e-15 1e-20
8888.676603 1.077442955e-15 1e-20
8891.585337 1.075430511e-15 1e-20
8894.49407 1.049998559e-15 1e-20
8897.402804 1.011177874e-15 1e-20
8900.311537 9.798815947e-16 1e-20
8903.22027 9.629139366e-16 1e-20
8906.129004 9.552362182e-16 1e-20
8909.037737 9.478390795e-16 1e-20
8911.946471 9.362858677e-16 1e-20
8914.855204 9.288821645e-16 1e-20
8917.763937 9.299628726e-16 1e-20
8920.672671 9.310615802e-16 1e-20
8923.581404 9.249575432e-16 1e-20
8926.490138 9.107314131e-16 1e-20
8929.398871 8.947836885e-16 1e-20
8932.307604 8.833077685e-16 1e-20
8935.216338 8.754704373e-16 1e-20
8938.125071 8.680803396e-16 1e-20
8941.033805 8.618674058e-16 1e-20
8943.942538 8.629175679e-16 1e-20
8946.851271 8.66249372e-16 1e-20
8949.760005 8.612030144e-16 1e-20
8952.668738 8.564403069e-16 1e-20
8955.577472 8.621039927e-16 1e-20
8958.486205 8.662312666e-16 1e-20
8961.394938 8.569385211e-16 1e-20
8964.303672 8.375477135e-16 1e-20
8967.212405 8.137168121e-16 1e-20
8970.121139 7.916769619e-16 1e-20
8973.029872 7.775410408e-16 1e-20
8975.938605 7.677278464e-16 1e-20
8978.847339 7.593322147e-16 1e-20
8981.756072 7.600341932e-16 1e-20
8984.664806 7.711221192e-16 1e-20
8987.573539 7.856619692e-16 1e-20
8990.482272 8.004767872e-16 1e-20
8993.391006 8.158117363e-16 1e-20
8996.299739 8.304110903e-16 1e-20
8999.208473 8.442806196e-16 1e-20
9002.117206 8.553700279e-16 1e-20
9005.025939 8.561004879e-16 1e-20
9007.934673 8.466404534e-16 1e-20
9010.843406 8.326017293e-16 1e-20
9013.75214 8.144398077e-16 1e-20
9016.660873 7.959072032e-16 1e-20
9019.569606 7.870974253e-16 1e-20
9022.47834 7.874921956e-16 1e-20
9025.387073 7.929025656e-16 1e-20
9028.295806 8.062550342e-16 1e-20
9031.20454 8.244954122e-16 1e-20
9034.113273 8.453807566e-16 1e-20
9037.022007 8.689750181e-16 1e-20
9039.93074 8.871853794e-16 1e-20
9042.839473 8.941791187e-16 1e-20
9045.748207 8.959629701e-16 1e-20
9048.65694 8.972236728e-16 1e-20
9051.565674 8.920690538e-16 1e-20
9054.474407 8.785155208e-16 1e-20
9057.38314 8.61722722e-16 1e-20
9060.291874 8.456931529e-16 1e-20
9063.200607 8.279201253e-16 1e-20
9066.109341 8.066987736e-16 1e-20
9069.018074 7.906515226e-16 1e-20
9071.926807 7.822824665e-16 1e-20
9074.835541 7.750862334e-16 1e-20
9077.744274 7.70926084e-16 1e-20
9080.653008 7.728345022e-16 1e-20
9083.561741 7.761477775e-16 1e-20
9086.470474 7.808566983e-16 1e-20
9089.379208 7.901103215e-16 1e-20
9092.287941 7.99168386e-16 1e-20
9095.196675 8.022375569e-16 1e-20
9098.105408 7.997687735e-16 1e-20
9101.014141 7.940941821e-16 1e-20
9103.922875 7.842312246e-16 1e-20
9106.831608 7.753231379e-16 1e-20
9109.740342 7.717518353e-16 1e-20
9112.649075 7.677633159e-16 1e-20
9115.557808 7.620069859e-16 1e-20
9118.466542 7.581175694e-16 1e-20
9121.375275 7.528947643e-16 1e-20
9124.284009 7.453469066e-16 1e-20
9127.192742 7.400595152e-16 1e-20
9130.101475 7.37170127e-16 1e-20
9133.010209 7.328006017e-16 1e-20
9135.918942 7.336607107e-16 1e-20
9138.827676 7.462327443e-16 1e-20
9141.736409 7.582843291e-16 1e-20
9144.645142 7.626036677e-16 1e-20
9147.553876 7.620876129e-16 1e-20
9150.462609 7.598989327e-16 1e-20
9153.371343 7.575759977e-16 1e-20
9156.280076 7.56118254e-16 1e-20
9159.188809 7.569911215e-16 1e-20
9162.097543 7.580444599e-16 1e-20
9165.006276 7.562183098e-16 1e-20
9167.91501 7.532430536e-16 1e-20
9170.823743 7.528173137e-16 1e-20
9173.732476 7.538070188e-16 1e-20
9176.64121 7.556338571e-16 1e-20
9179.549943 7.585016459e-16 1e-20
9182.458677 7.611464004e-16 1e-20
9185.36741 7.632854233e-16 1e-20
9188.276143 7.70024788e-16 1e-20
9191.184877 7.808090527e-16 1e-20
9194.09361 7.857309494e-16 1e-20
9197.002344 7.825857043e-16 1e-20
9199.911077 7.773006422e-16 1e-20
9202.81981 7.71533089e-16 1e-20
9205.728544 7.66335589e-16 1e-20
9208.637277 7.652455105e-16 1e-20
9211.54601 7.646187591e-16 1e-20
9214.454744 7.586878344e-16 1e-20
9217.363477 7.532257424e-16 1e-20
9220.272211 7.552219873e-16 1e-20
9223.180944 7.566205446e-16 1e-20
9226.089677 7.567432585e-16 1e-20
9228.998411 7.553472423e-16 1e-20
9231.907144 7.513597288e-16 1e-20
9234.815878 7.451587065e-16 1e-20
9237.724611 7.409386825e-16 1e-20
9240.633344 7.449011555e-16 1e-20
9243.542078 7.538599054e-16 1e-20
9246.450811 7.562013692e-16 1e-20
9249.359545 7.473058821e-16 1e-20
9252.268278 7.323497684e-16 1e-20
9255.177011 7.190571215e-16 1e-20
9258.085745 7.101109713e-16 1e-20
9260.994478 6.994381444e-16 1e-20
9263.903212 6.841019247e-16 1e-20
9266.811945 6.697514925e-16 1e-20
9269.720678 6.589435109e-16 1e-20
9272.629412 6.469504773e-16 1e-20
9275.538145 6.316576151e-16 1e-20
9278.446879 6.185893261e-16 1e-20
9281.355612 6.073702158e-16 1e-20
9284.264345 5.938379116e-16 1e-20
9287.173079 5.80035245e-16 1e-20
9290.081812 5.710183146e-16 1e-20
9292.990546 5.675887311e-16 1e-20
9295.899279 5.673915842e-16 1e-20
9298.808012 5.694226634e-16 1e-20
9301.716746 5.710257791e-16 1e-20
9304.625479 5.706574256e-16 1e-20
9307.534213 5.722904522e-16 1e-20
9310.442946 5.761936859e-16 1e-20
9313.351679 5.771384982e-16 1e-20
9316.260413 5.77309493e-16 1e-20
9319.169146 5.774205602e-16 1e-20
9322.07788 5.71731781e-16 1e-20
9324.986613 5.597688171e-16 1e-20
9327.895346 5.388525031e-16 1e-20
9330.80408 5.09161669e-16 1e-20
9333.712813 4.79967355e-16 1e-20
9336.621547 4.557990698e-16 1e-20
9339.53028 4.342980913e-16 1e-20
9342.439013 4.203964542e-16 1e-20
9345.347747 4.148207275e-16 1e-20
9348.25648 4.121131338e-16 1e-20
9351.165214 4.071428238e-16 1e-20
9354.073947 3.999814779e-16 1e-20
9356.98268 3.93780535e-16 1e-20
9359.891414 3.933538157e-16 1e-20
9362.800147 4.000748368e-16 1e-20
9365.708881 4.093030225e-16 1e-20
9368.617614 4.191843236e-16 1e-20
9371.526347 4.379622235e-16 1e-20
9374.435081 4.695642022e-16 1e-20
9377.343814 5.017241374e-16 1e-20
9380.252548 5.29503377e-16 1e-20
9383.161281 5.547408295e-16 1e-20
9386.070014 5.684178705e-16 1e-20
9388.978748 5.696975255e-16 1e-20
9391.887481 5.664389898e-16 1e-20
9394.796215 5.648176099e-16 1e-20
9397.704948 5.594963901e-16 1e-20
9400.613681 5.522294827e-16 1e-20
9403.522415 5.493884283e-16 1e-20
9406.431148 5.504158264e-16 1e-20
9409.339881 5.50484489e-16 1e-20
9412.248615 5.431018027e-16 1e-20
9415.157348 5.278151344e-16 1e-20
9418.066082 5.065328493e-16 1e-20
9420.974815 4.76610881e-16 1e-20
9423.883548 4.427529889e-16 1e-20
9426.792282 4.130354203e-16 1e-20
9429.701015 3.867279269e-16 1e-20
9432.609749 3.682321684e-16 1e-20
9435.518482 3.682861403e-16 1e-20
9438.427215 3.836846699e-16 1e-20
9441.335949 4.038761089e-16 1e-20
9444.244682 4.228227536e-16 1e-20
9447.153416 4.381647438e-16 1e-20
9450.062149 4.525577923e-16 1e-20
9452.970882 4.670049451e-16 1e-20
9455.879616 4.754887741e-16 1e-20
9458.788349 4.789289455e-16 1e-20
9461.697083 4.847859137e-16 1e-20
9464.605816 4.949103926e-16 1e-20
9467.514549 5.003180097e-16 1e-20
9470.423283 4.981258355e-16 1e-20
9473.332016 4.889761327e-16 1e-20
9476.24075 4.776658076e-16 1e-20
9479.149483 4.701252556e-16 1e-20
9482.058216 4.622180972e-16 1e-20
9484.96695 4.472529838e-16 1e-20
9487.875683 4.271980759e-16 1e-20
9490.784417 4.112521512e-16 1e-20
9493.69315 4.04803213e-16 1e-20
9496.601883 4.07180755e-16 1e-20
9499.510617 4.199910696e-16 1e-20
9502.41935 4.37834348e-16 1e-20
9505.328084 4.533457447e-16 1e-20
9508.236817 4.689732379e-16 1e-20
9511.14555 4.847704024e-16 1e-20
9514.054284 4.938549366e-16 1e-20
9516.963017 4.889287518e-16 1e-20
9519.871751 4.772708256e-16 1e-20
9522.780484 4.667067895e-16 1e-20
9525.689217 4.559374008e-16 1e-20
9528.597951 4.451634064e-16 1e-20
9531.506684 4.364709691e-16 1e-20
9534.415418 4.252251773e-16 1e-20
9537.324151 4.102576022e-16 1e-20
9540.232884 4.003211116e-16 1e-20
9543.141618 3.977560841e-16 1e-20
9546.050351 4.007300962e-16 1e-20
9548.959085 4.099411295e-16 1e-20
9551.867818 4.228230448e-16 1e-20
9554.776551 4.432284126e-16 1e-20
9557.685285 4.665664467e-16 1e-20
9560.594018 4.822091865e-16 1e-20
9563.502752 4.978024807e-16 1e-20
9566.411485 5.127863347e-16 1e-20
9569.320218 5.215199326e-16 1e-20
9572.228952 5.179951109e-16 1e-20
9575.137685 5.076215513e-16 1e-20
9578.046419 4.891019171e-16 1e-20
9580.955152 4.658721444e-16 1e-20
9583.863885 4.470223791e-16 1e-20
9586.772619 4.365996916e-16 1e-20
9589.681352 4.310185121e-16 1e-20
9592.590086 4.300352657e-16 1e-20
9595.498819 4.374218959e-16 1e-20
9598.407552 4.487573143e-16 1e-20
9601.316286 4.576200847e-16 1e-20
9604.225019 4.649038799e-16 1e-20
9607.133752 4.730151203e-16 1e-20
9610.042486 4.812500276e-16 1e-20
9612.951219 4.888728476e-16 1e-20
9615.859953 4.980300679e-16 1e-20
9618.768686 5.05917374e-16 1e-20
9621.677419 5.096390779e-16 1e-20
9624.586153 5.083765753e-16 1e-20
9627.494886 5.007499965e-16 1e-20
9630.40362 4.95119398e-16 1e-20
9633.312353 4.982039743e-16 1e-20
9636.221086 4.996087255e-16 1e-20
9639.12982 4.983284352e-16 1e-20
9642.038553 4.997630973e-16 1e-20
9644.947287 5.00896745e-16 1e-20
9647.85602 5.022201281e-16 1e-20
9650.764753 5.067998764e-16 1e-20
9653.673487 5.109488026e-16 1e-20
9656.58222 5.116773039e-16 1e-20
9659.490954 5.125901937e-16 1e-20
9662.399687 5.165450964e-16 1e-20
9665.30842 5.239094655e-16 1e-20
9668.217154 5.332976611e-16 1e-20
9671.125887 5.438472447e-16 1e-20
9674.034621 5.537893998e-16 1e-20
9676.943354 5.626824516e-16 1e-20
9679.852087 5.742142229e-16 1e-20
9682.760821 5.86907541e-16 1e-20
9685.669554 5.990750104e-16 1e-20
9688.578288 6.107507243e-16 1e-20
9691.487021 6.223931393e-16 1e-20
9694.395754 6.303226382e-16 1e-20
9697.304488 6.33654707e-16 1e-20
9700.213221 6.364022172e-16 1e-20
9703.121955 6.395234806e-16 1e-20
9706.030688 6.409159499e-16 1e-20
9708.939421 6.469405776e-16 1e-20
9711.848155 6.621216315e-16 1e-20
9714.756888 6.736495381e-16 1e-20
9717.665622 6.758475357e-16 1e-20
9720.574355 6.784569795e-16 1e-20
9723.483088 6.910295425e-16 1e-20
9726.391822 6.981627775e-16 1e-20
9729.300555 6.932154169e-16 1e-20
9732.209289 6.850944885e-16 1e-20
9735.118022 6.853732153e-16 1e-20
9738.026755 6.916770992e-16 1e-20
9740.935489 6.938133692e-16 1e-20
9743.844222 6.88927842e-16 1e-20
9746.752956 6.926275231e-16 1e-20
9749.661689 7.023189564e-16 1e-20
9752.570422 6.998943246e-16 1e-20
9755.479156 6.890326094e-16 1e-20
9758.387889 6.776819973e-16 1e-20
9761.296623 6.626167222e-16 1e-20
9764.205356 6.46954236e-16 1e-20
9767.114089 6.386124438e-16 1e-20
9770.022823 6.350654933e-16 1e-20
9772.931556 6.374859958e-16 1e-20
9775.84029 6.394123605e-16 1e-20
9778.749023 6.498973049e-16 1e-20
9781.657756 6.807572033e-16 1e-20
9784.56649 7.100660256e-16 1e-20
9787.475223 7.336333939e-16 1e-20
9790.383956 7.683463923e-16 1e-20
9793.29269 8.108379059e-16 1e-20
9796.201423 8.432928733e-16 1e-20
9799.110157 8.576275295e-16 1e-20
9802.01889 8.571338681e-16 1e-20
9804.927623 8.481337195e-16 1e-20
9807.836357 8.332602445e-16 1e-20
9810.74509 8.158343945e-16 1e-20
9813.653824 7.976450501e-16 1e-20
9816.562557 7.788694002e-16 1e-20
9819.47129 7.656701387e-16 1e-20
9822.380024 7.518375613e-16 1e-20
9825.288757 7.354349271e-16 1e-20
9828.197491 7.307279121e-16 1e-20
9831.106224 7.350376157e-16 1e-20
9834.014957 7.448090407e-16 1e-20
9836.923691 7.577951146e-16 1e-20
9839.832424 7.654872855e-16 1e-20
9842.741158 7.74034642e-16 1e-20
9845.649891 7.85367837e-16 1e-20
9848.558624 7.910980678e-16 1e-20
9851.467358 7.935653689e-16 1e-20
9854.376091 7.998369596e-16 1e-20
9857.284825 8.076997018e-16 1e-20
9860.193558 8.096002849e-16 1e-20
9863.102291 8.091139821e-16 1e-20
9866.011025 8.13567152e-16 1e-20
9868.919758 8.212955865e-16 1e-20
9871.828492 8.294212794e-16 1e-20
9874.737225 8.275608774e-16 1e-20
9877.645958 8.195048529e-16 1e-20
9880.554692 8.151777851e-16 1e-20
9883.463425 8.15734974e-16 1e-20
9886.372159 8.204540592e-16 1e-20
9889.280892 8.226371808e-16 1e-20
9892.189625 8.233083485e-16 1e-20
9895.098359 8.176668973e-16 1e-20
9898.007092 8.201642151e-16 1e-20
9900.915826 8.399570458e-16 1e-20
9903.824559 8.527014506e-16 1e-20
9906.733292 8.529190321e-16 1e-20
9909.642026 8.561486629e-16 1e-20
9912.550759 8.638409397e-16 1e-20
9915.459493 8.607465695e-16 1e-20
9918.368226 8.405474807e-16 1e-20
9921.276959 8.212730871e-16 1e-20
9924.185693 8.015302314e-16 1e-20
9927.094426 7.799072803e-16 1e-20
9930.00316 7.687899199e-16 1e-20
9932.911893 7.772902131e-16 1e-20
9935.820626 7.954040657e-16 1e-20
9938.72936 8.128110692e-16 1e-20
9941.638093 8.418117303e-16 1e-20
9944.546827 8.868866415e-16 1e-20
9947.45556 9.251036564e-16 1e-20
9950.364293 9.492377426e-16 1e-20
9953.273027 9.696372606e-16 1e-20
9956.18176 9.850592953e-16 1e-20
9959.090494 9.958951761e-16 1e-20
9961.999227 1.004909301e-15 1e-20
9964.90796 9.958402248e-16 1e-20
9967.816694 9.645049821e-16 1e-20
9970.725427 9.364412982e-16 1e-20
9973.634161 9.136732644e-16 1e-20
9976.542894 8.920731831e-16 1e-20
9979.451627 8.68633505e-16 1e-20
9982.360361 8.528188705e-16 1e-20
9985.269094 8.482549511e-16 1e-20
9988.177827 8.483982055e-16 1e-20
9991.086561 8.542113927e-16 1e-20
9993.995294 8.670957167e-16 1e-20
9996.904028 8.817125408e-16 1e-20
9999.812761 8.914279557e-16 1e-20
