3708.800593 4.174453e-17 1e-20
3711.76901 6.733856e-17 1e-20
3714.737427 4.207079e-17 1e-20
3717.705844 4.068634e-17 1e-20
3720.674261 6.313085e-17 1e-20
3723.642677 3.257111e-17 1e-20
3726.611094 5.148965e-17 1e-20
3729.579511 5.476688e-17 1e-20
3732.547928 2.61566e-17 1e-20
3735.516345 2.924005e-17 1e-20
3738.484762 6.291086e-17 1e-20
3741.453178 3.207195e-17 1e-20
3744.421595 9.16717e-18 1e-20
3747.390012 1.882242e-17 1e-20
3750.358429 4.00968e-17 1e-20
3753.326846 6.553249e-17 1e-20
3756.295262 6.230094e-17 1e-20
3759.263679 6.244425e-17 1e-20
3762.232096 8.174261e-17 1e-20
3765.200513 7.741489e-17 1e-20
3768.16893 6.60225e-17 1e-20
3771.137347 6.862802e-17 1e-20
3774.105763 6.518179e-17 1e-20
3777.07418 5.492324e-17 1e-20
3780.042597 6.390632e-17 1e-20
3783.011014 6.832239e-17 1e-20
3785.979431 6.205043e-17 1e-20
3788.947847 5.466211e-17 1e-20
3791.916264 6.124547e-17 1e-20
3794.884681 5.891397e-17 1e-20
3797.853098 9.148148e-17 1e-20
3800.821515 7.602845e-17 1e-20
3803.789931 6.580496e-17 1e-20
3806.758348 7.083083e-17 1e-20
3809.726765 7.163108e-17 1e-20
3812.695182 6.19967e-17 1e-20
3815.663599 5.827706e-17 1e-20
3818.632016 6.352314e-17 1e-20
3821.600432 6.377173e-17 1e-20
3824.568849 5.804893e-17 1e-20
3827.537266 6.02768e-17 1e-20
3830.505683 6.016737e-17 1e-20
3833.4741 1.014381e-16 1e-20
3836.442516 7.235912e-17 1e-20
3839.410933 8.117941e-17 1e-20
3842.37935 1.000598e-16 1e-20
3845.347767 1.083525e-16 1e-20
3848.316184 9.935689e-17 1e-20
3851.284601 1.111852e-16 1e-20
3854.253017 1.226634e-16 1e-20
3857.221434 1.04564e-16 1e-20
3860.189851 1.222226e-16 1e-20
3863.158268 1.159126e-16 1e-20
3866.126685 1.269212e-16 1e-20
3869.095101 9.705953e-17 1e-20
3872.063518 1.109292e-16 1e-20
3875.031935 1.416756e-16 1e-20
3878.000352 1.207261e-16 1e-20
3880.968769 1.372689e-16 1e-20
3883.937186 1.546883e-16 1e-20
3886.905602 1.275241e-16 1e-20
3889.874019 1.228776e-16 1e-20
3892.842436 1.442863e-16 1e-20
3895.810853 1.314939e-16 1e-20
3898.77927 1.297529e-16 1e-20
3901.747686 1.118124e-16 1e-20
3904.716103 1.24023e-16 1e-20
3907.68452 1.382871e-16 1e-20
3910.652937 1.318178e-16 1e-20
3913.621354 1.197846e-16 1e-20
3916.58977 1.330655e-16 1e-20
3919.558187 1.265427e-16 1e-20
3922.526604 1.186e-16 1e-20
3925.495021 1.145321e-16 1e-20
3928.463438 1.038919e-16 1e-20
3931.431855 9.408291e-17 1e-20
3934.400271 9.046228e-17 1e-20
3937.368688 9.044479e-17 1e-20
3940.337105 8.948079e-17 1e-20
3943.305522 1.088677e-16 1e-20
3946.273939 9.338401e-17 1e-20
3949.242355 1.052089e-16 1e-20
3952.210772 1.150758e-16 1e-20
3955.179189 1.293766e-16 1e-20
3958.147606 1.092848e-16 1e-20
3961.116023 1.018162e-16 1e-20
3964.08444 1.107126e-16 1e-20
3967.052856 9.01696e-17 1e-20
3970.021273 1.014881e-16 1e-20
3972.98969 1.265297e-16 1e-20
3975.958107 1.154543e-16 1e-20
3978.926524 1.146493e-16 1e-20
3981.89494 1.338041e-16 1e-20
3984.863357 1.220368e-16 1e-20
3987.831774 1.587982e-16 1e-20
3990.800191 1.324578e-16 1e-20
3993.768608 1.340042e-16 1e-20
3996.737024 1.335369e-16 1e-20
3999.705441 1.420563e-16 1e-20
4002.673858 1.52608e-16 1e-20
4005.642275 1.581235e-16 1e-20
4008.610692 1.403082e-16 1e-20
4011.579109 1.528924e-16 1e-20
4014.547525 1.432595e-16 1e-20
4017.515942 1.614525e-16 1e-20
4020.484359 1.685197e-16 1e-20
4023.452776 1.620661e-16 1e-20
4026.421193 1.702839e-16 1e-20
4029.389609 1.570901e-16 1e-20
4032.358026 1.566228e-16 1e-20
4035.326443 1.671465e-16 1e-20
4038.29486 1.682437e-16 1e-20
4041.263277 1.694037e-16 1e-20
4044.231694 1.717275e-16 1e-20
4047.20011 1.718133e-16 1e-20
4050.168527 1.807062e-16 1e-20
4053.136944 1.742037e-16 1e-20
4056.105361 1.582798e-16 1e-20
4059.073778 1.668895e-16 1e-20
4062.042194 1.717075e-16 1e-20
4065.010611 1.784592e-16 1e-20
4067.979028 1.771957e-16 1e-20
4070.947445 1.695722e-16 1e-20
4073.915862 1.579003e-16 1e-20
4076.884278 1.707229e-16 1e-20
4079.852695 1.688782e-16 1e-20
4082.821112 1.584169e-16 1e-20
4085.789529 1.809318e-16 1e-20
4088.757946 1.888532e-16 1e-20
4091.726363 1.717716e-16 1e-20
4094.694779 1.813593e-16 1e-20
4097.663196 1.855884e-16 1e-20
4100.631613 1.668305e-16 1e-20
4103.60003 1.802415e-16 1e-20
4106.568447 1.802313e-16 1e-20
4109.536863 1.719977e-16 1e-20
4112.50528 1.881827e-16 1e-20
4115.473697 1.462819e-16 1e-20
4118.442114 1.203978e-16 1e-20
4121.410531 1.670598e-16 1e-20
4124.378948 1.813753e-16 1e-20
4127.347364 1.705524e-16 1e-20
4130.315781 1.885474e-16 1e-20
4133.284198 1.785358e-16 1e-20
4136.252615 1.619801e-16 1e-20
4139.221032 1.726237e-16 1e-20
4142.189448 1.664032e-16 1e-20
4145.157865 1.701029e-16 1e-20
4148.126282 1.664174e-16 1e-20
4151.094699 1.664365e-16 1e-20
4154.063116 1.679607e-16 1e-20
4157.031533 1.777454e-16 1e-20
4159.999949 1.781792e-16 1e-20
4162.968366 1.877539e-16 1e-20
4165.936783 1.767106e-16 1e-20
4168.9052 1.862226e-16 1e-20
4171.873617 1.655956e-16 1e-20
4174.842033 1.517358e-16 1e-20
4177.81045 1.490026e-16 1e-20
4180.778867 1.692944e-16 1e-20
4183.747284 1.738303e-16 1e-20
4186.715701 1.738329e-16 1e-20
4189.684117 1.571102e-16 1e-20
4192.652534 1.5017e-16 1e-20
4195.620951 1.558968e-16 1e-20
4198.589368 1.50616e-16 1e-20
4201.557785 1.613744e-16 1e-20
4204.526202 1.489272e-16 1e-20
4207.494618 1.506788e-16 1e-20
4210.463035 1.559424e-16 1e-20
4213.431452 1.463264e-16 1e-20
4216.399869 1.371025e-16 1e-20
4219.368286 1.468866e-16 1e-20
4222.336702 1.452957e-16 1e-20
4225.305119 1.377997e-16 1e-20
4228.273536 1.454853e-16 1e-20
4231.241953 1.418641e-16 1e-20
4234.21037 1.442757e-16 1e-20
4237.178787 1.41672e-16 1e-20
4240.147203 1.480288e-16 1e-20
4243.11562 1.448504e-16 1e-20
4246.084037 1.367801e-16 1e-20
4249.052454 1.372778e-16 1e-20
4252.020871 1.307659e-16 1e-20
4254.989287 1.114901e-16 1e-20
4257.957704 1.198061e-16 1e-20
4260.926121 1.366912e-16 1e-20
4263.894538 1.442359e-16 1e-20
4266.862955 1.299663e-16 1e-20
4269.831371 1.184887e-16 1e-20
4272.799788 1.284023e-16 1e-20
4275.768205 1.315905e-16 1e-20
4278.736622 1.286371e-16 1e-20
4281.705039 1.220923e-16 1e-20
4284.673456 1.189179e-16 1e-20
4287.641872 1.292698e-16 1e-20
4290.610289 1.192844e-16 1e-20
4293.578706 1.202622e-16 1e-20
4296.547123 1.139465e-16 1e-20
4299.51554 1.138956e-16 1e-20
4302.483956 1.236036e-16 1e-20
4305.452373 1.205288e-16 1e-20
4308.42079 1.286136e-16 1e-20
4311.389207 1.278303e-16 1e-20
4314.357624 1.448819e-16 1e-20
4317.326041 1.408425e-16 1e-20
4320.294457 1.359992e-16 1e-20
4323.262874 1.349571e-16 1e-20
4326.231291 1.360197e-16 1e-20
4329.199708 1.389349e-16 1e-20
4332.168125 1.459234e-16 1e-20
4335.136541 1.384629e-16 1e-20
4338.104958 1.407529e-16 1e-20
4341.073375 1.477526e-16 1e-20
4344.041792 1.510963e-16 1e-20
4347.010209 1.476014e-16 1e-20
4349.978625 1.59927e-16 1e-20
4352.947042 1.546111e-16 1e-20
4355.915459 1.511854e-16 1e-20
4358.883876 1.424732e-16 1e-20
4361.852293 1.547651e-16 1e-20
4364.82071 1.582582e-16 1e-20
4367.789126 1.555375e-16 1e-20
4370.757543 1.607357e-16 1e-20
4373.72596 1.581648e-16 1e-20
4376.694377 1.488726e-16 1e-20
4379.662794 1.494183e-16 1e-20
4382.63121 1.395162e-16 1e-20
4385.599627 1.59289e-16 1e-20
4388.568044 1.58832e-16 1e-20
4391.536461 1.713915e-16 1e-20
4394.504878 1.797152e-16 1e-20
4397.473295 1.608613e-16 1e-20
4400.441711 1.602849e-16 1e-20
4403.410128 1.578084e-16 1e-20
4406.378545 1.697239e-16 1e-20
4409.346962 1.546064e-16 1e-20
4412.315379 1.638658e-16 1e-20
4415.283795 1.540658e-16 1e-20
4418.252212 1.620139e-16 1e-20
4421.220629 1.638632e-16 1e-20
4424.189046 1.562935e-16 1e-20
4427.157463 1.670212e-16 1e-20
4430.125879 1.682907e-16 1e-20
4433.094296 1.603303e-16 1e-20
4436.062713 1.737929e-16 1e-20
4439.03113 1.741351e-16 1e-20
4441.999547 1.825307e-16 1e-20
4444.967964 1.915707e-16 1e-20
4447.93638 1.829369e-16 1e-20
4450.904797 1.786662e-16 1e-20
4453.873214 1.767495e-16 1e-20
4456.841631 1.742534e-16 1e-20
4459.810048 1.844898e-16 1e-20
4462.778464 1.986856e-16 1e-20
4465.746881 1.842101e-16 1e-20
4468.715298 2.072175e-16 1e-20
4471.683715 2.198999e-16 1e-20
4474.652132 2.108044e-16 1e-20
4477.620549 2.163725e-16 1e-20
4480.588965 2.139863e-16 1e-20
4483.557382 2.081157e-16 1e-20
4486.525799 2.052912e-16 1e-20
4489.494216 2.174122e-16 1e-20
4492.462633 2.179479e-16 1e-20
4495.431049 2.10554e-16 1e-20
4498.399466 2.154801e-16 1e-20
4501.367883 2.229815e-16 1e-20
4504.3363 2.140624e-16 1e-20
4507.304717 2.137528e-16 1e-20
4510.273134 2.277043e-16 1e-20
4513.24155 2.107166e-16 1e-20
4516.209967 2.025112e-16 1e-20
4519.178384 2.196753e-16 1e-20
4522.146801 2.072771e-16 1e-20
4525.115218 2.174515e-16 1e-20
4528.083634 2.205268e-16 1e-20
4531.052051 2.028506e-16 1e-20
4534.020468 2.057436e-16 1e-20
4536.988885 2.244125e-16 1e-20
4539.957302 2.124281e-16 1e-20
4542.925718 2.176096e-16 1e-20
4545.894135 2.121528e-16 1e-20
4548.862552 2.047274e-16 1e-20
4551.830969 2.161254e-16 1e-20
4554.799386 2.250996e-16 1e-20
4557.767803 2.262487e-16 1e-20
4560.736219 2.14329e-16 1e-20
4563.704636 2.14759e-16 1e-20
4566.673053 2.098447e-16 1e-20
4569.64147 2.100864e-16 1e-20
4572.609887 2.151952e-16 1e-20
4575.578303 2.307239e-16 1e-20
4578.54672 2.149222e-16 1e-20
4581.515137 2.14082e-16 1e-20
4584.483554 2.174572e-16 1e-20
4587.451971 2.232351e-16 1e-20
4590.420388 2.25726e-16 1e-20
4593.388804 2.246319e-16 1e-20
4596.357221 2.237697e-16 1e-20
4599.325638 2.130846e-16 1e-20
4602.294055 2.029373e-16 1e-20
4605.262472 2.176687e-16 1e-20
4608.230888 2.249599e-16 1e-20
4611.199305 2.048922e-16 1e-20
4614.167722 2.062916e-16 1e-20
4617.136139 2.138168e-16 1e-20
4620.104556 2.153858e-16 1e-20
4623.072972 2.113387e-16 1e-20
4626.041389 2.070936e-16 1e-20
4629.009806 2.099862e-16 1e-20
4631.978223 2.040432e-16 1e-20
4634.94664 1.869805e-16 1e-20
4637.915057 1.963447e-16 1e-20
4640.883473 2.07491e-16 1e-20
4643.85189 2.094748e-16 1e-20
4646.820307 1.908923e-16 1e-20
4649.788724 1.986559e-16 1e-20
4652.757141 2.075252e-16 1e-20
4655.725557 1.956047e-16 1e-20
4658.693974 2.000384e-16 1e-20
4661.662391 1.9604e-16 1e-20
4664.630808 1.85964e-16 1e-20
4667.599225 1.874451e-16 1e-20
4670.567642 1.909977e-16 1e-20
4673.536058 2.034506e-16 1e-20
4676.504475 1.997879e-16 1e-20
4679.472892 2.03346e-16 1e-20
4682.441309 1.898043e-16 1e-20
4685.409726 1.849476e-16 1e-20
4688.378142 1.878451e-16 1e-20
4691.346559 1.822061e-16 1e-20
4694.314976 2.005463e-16 1e-20
4697.283393 1.890078e-16 1e-20
4700.25181 1.790448e-16 1e-20
4703.220226 1.818673e-16 1e-20
4706.188643 1.899273e-16 1e-20
4709.15706 1.982419e-16 1e-20
4712.125477 1.888838e-16 1e-20
4715.093894 1.88736e-16 1e-20
4718.062311 1.896688e-16 1e-20
4721.030727 1.861188e-16 1e-20
4723.999144 1.85496e-16 1e-20
4726.967561 1.87644e-16 1e-20
4729.935978 1.824881e-16 1e-20
4732.904395 1.843468e-16 1e-20
4735.872811 1.81214e-16 1e-20
4738.841228 1.852499e-16 1e-20
4741.809645 1.923635e-16 1e-20
4744.778062 1.933366e-16 1e-20
4747.746479 1.834112e-16 1e-20
4750.714896 1.844106e-16 1e-20
4753.683312 1.786726e-16 1e-20
4756.651729 1.6989e-16 1e-20
4759.620146 1.68582e-16 1e-20
4762.588563 1.692941e-16 1e-20
4765.55698 1.693361e-16 1e-20
4768.525396 1.696705e-16 1e-20
4771.493813 1.886918e-16 1e-20
4774.46223 1.792523e-16 1e-20
4777.430647 1.737923e-16 1e-20
4780.399064 1.757618e-16 1e-20
4783.367481 1.76286e-16 1e-20
4786.335897 1.754985e-16 1e-20
4789.304314 1.774091e-16 1e-20
4792.272731 1.719313e-16 1e-20
4795.241148 1.881691e-16 1e-20
4798.209565 1.739252e-16 1e-20
4801.177981 1.586415e-16 1e-20
4804.146398 1.797268e-16 1e-20
4807.114815 1.648299e-16 1e-20
4810.083232 1.778415e-16 1e-20
4813.051649 1.6455e-16 1e-20
4816.020065 1.817706e-16 1e-20
4818.988482 1.714204e-16 1e-20
4821.956899 1.727965e-16 1e-20
4824.925316 1.660269e-16 1e-20
4827.893733 1.693836e-16 1e-20
4830.86215 1.787784e-16 1e-20
4833.830566 1.740738e-16 1e-20
4836.798983 1.689383e-16 1e-20
4839.7674 1.760969e-16 1e-20
4842.735817 1.684312e-16 1e-20
4845.704234 1.760169e-16 1e-20
4848.67265 1.733203e-16 1e-20
4851.641067 1.648875e-16 1e-20
4854.609484 1.767493e-16 1e-20
4857.577901 1.601824e-16 1e-20
4860.546318 1.582465e-16 1e-20
4863.514735 1.653835e-16 1e-20
4866.483151 1.674498e-16 1e-20
4869.451568 1.641219e-16 1e-20
4872.419985 1.648746e-16 1e-20
4875.388402 1.713274e-16 1e-20
4878.356819 1.763179e-16 1e-20
4881.325235 1.86389e-16 1e-20
4884.293652 1.76009e-16 1e-20
4887.262069 1.816335e-16 1e-20
4890.230486 1.680135e-16 1e-20
4893.198903 1.76742e-16 1e-20
4896.167319 1.848184e-16 1e-20
4899.135736 2.00883e-16 1e-20
4902.104153 1.998675e-16 1e-20
4905.07257 1.850619e-16 1e-20
4908.040987 1.774495e-16 1e-20
4911.009404 1.88878e-16 1e-20
4913.97782 1.92647e-16 1e-20
4916.946237 1.843698e-16 1e-20
4919.914654 1.822865e-16 1e-20
4922.883071 1.79146e-16 1e-20
4925.851488 1.974184e-16 1e-20
4928.819904 1.956523e-16 1e-20
4931.788321 1.89809e-16 1e-20
4934.756738 1.841885e-16 1e-20
4937.725155 1.93322e-16 1e-20
4940.693572 2.020875e-16 1e-20
4943.661989 1.93576e-16 1e-20
4946.630405 1.945825e-16 1e-20
4949.598822 1.971067e-16 1e-20
4952.567239 1.961731e-16 1e-20
4955.535656 1.882559e-16 1e-20
4958.504073 1.878584e-16 1e-20
4961.472489 1.915931e-16 1e-20
4964.440906 1.953703e-16 1e-20
4967.409323 1.897764e-16 1e-20
4970.37774 1.968917e-16 1e-20
4973.346157 1.997739e-16 1e-20
4976.314573 1.864806e-16 1e-20
4979.28299 1.88301e-16 1e-20
4982.251407 1.873095e-16 1e-20
4985.219824 1.834955e-16 1e-20
4988.188241 1.916105e-16 1e-20
4991.156658 1.951607e-16 1e-20
4994.125074 2.018818e-16 1e-20
4997.093491 2.036548e-16 1e-20
5000.061908 2.038369e-16 1e-20
5003.030325 1.934626e-16 1e-20
5005.998742 1.916157e-16 1e-20
5008.967158 1.951183e-16 1e-20
5011.935575 2.044288e-16 1e-20
5014.903992 2.033826e-16 1e-20
5017.872409 2.008952e-16 1e-20
5020.840826 2.012174e-16 1e-20
5023.809243 2.156641e-16 1e-20
5026.777659 2.183734e-16 1e-20
5029.746076 2.229405e-16 1e-20
5032.714493 2.186232e-16 1e-20
5035.68291 2.153399e-16 1e-20
5038.651327 2.14733e-16 1e-20
5041.619743 2.221919e-16 1e-20
5044.58816 2.178505e-16 1e-20
5047.556577 2.162846e-16 1e-20
5050.524994 2.240627e-16 1e-20
5053.493411 2.289096e-16 1e-20
5056.461828 2.303278e-16 1e-20
5059.430244 2.410351e-16 1e-20
5062.398661 2.383963e-16 1e-20
5065.367078 2.372989e-16 1e-20
5068.335495 2.344288e-16 1e-20
5071.303912 2.389318e-16 1e-20
5074.272328 2.409317e-16 1e-20
5077.240745 2.265869e-16 1e-20
5080.209162 2.288283e-16 1e-20
5083.177579 2.232618e-16 1e-20
5086.145996 2.465691e-16 1e-20
5089.114412 2.471017e-16 1e-20
5092.082829 2.412147e-16 1e-20
5095.051246 2.437365e-16 1e-20
5098.019663 2.509515e-16 1e-20
5100.98808 2.458183e-16 1e-20
5103.956497 2.462873e-16 1e-20
5106.924913 2.497077e-16 1e-20
5109.89333 2.493444e-16 1e-20
5112.861747 2.488757e-16 1e-20
5115.830164 2.522959e-16 1e-20
5118.798581 2.607415e-16 1e-20
5121.766997 2.586884e-16 1e-20
5124.735414 2.445424e-16 1e-20
5127.703831 2.329918e-16 1e-20
5130.672248 2.365682e-16 1e-20
5133.640665 2.496297e-16 1e-20
5136.609082 2.456748e-16 1e-20
5139.577498 2.42028e-16 1e-20
5142.545915 2.361624e-16 1e-20
5145.514332 2.353466e-16 1e-20
5148.482749 2.477692e-16 1e-20
5151.451166 2.433319e-16 1e-20
5154.419582 2.353149e-16 1e-20
5157.387999 2.427663e-16 1e-20
5160.356416 2.428837e-16 1e-20
5163.324833 2.442298e-16 1e-20
5166.29325 2.38692e-16 1e-20
5169.261666 2.27018e-16 1e-20
5172.230083 2.228949e-16 1e-20
5175.1985 2.268236e-16 1e-20
5178.166917 2.289185e-16 1e-20
5181.135334 2.287957e-16 1e-20
5184.103751 2.308186e-16 1e-20
5187.072167 2.338628e-16 1e-20
5190.040584 2.18887e-16 1e-20
5193.009001 2.088616e-16 1e-20
5195.977418 2.325277e-16 1e-20
5198.945835 2.208438e-16 1e-20
5201.914251 2.181553e-16 1e-20
5204.882668 2.236981e-16 1e-20
5207.851085 2.191803e-16 1e-20
5210.819502 2.181541e-16 1e-20
5213.787919 2.13321e-16 1e-20
5216.756336 2.142737e-16 1e-20
5219.724752 2.174567e-16 1e-20
5222.693169 2.105356e-16 1e-20
5225.661586 1.942493e-16 1e-20
5228.630003 2.000008e-16 1e-20
5231.59842 2.030681e-16 1e-20
5234.566836 1.939387e-16 1e-20
5237.535253 2.001554e-16 1e-20
5240.50367 2.07811e-16 1e-20
5243.472087 2.047271e-16 1e-20
5246.440504 1.926915e-16 1e-20
5249.40892 1.990543e-16 1e-20
5252.377337 2.089931e-16 1e-20
5255.345754 2.022754e-16 1e-20
5258.314171 1.964977e-16 1e-20
5261.282588 1.902076e-16 1e-20
5264.251005 1.878843e-16 1e-20
5267.219421 1.891321e-16 1e-20
5270.187838 1.966555e-16 1e-20
5273.156255 2.102693e-16 1e-20
5276.124672 1.998824e-16 1e-20
5279.093089 2.032105e-16 1e-20
5282.061505 2.089277e-16 1e-20
5285.029922 2.10676e-16 1e-20
5287.998339 2.19409e-16 1e-20
5290.966756 2.213099e-16 1e-20
5293.935173 2.056541e-16 1e-20
5296.90359 2.072101e-16 1e-20
5299.872006 2.034171e-16 1e-20
5302.840423 2.25788e-16 1e-20
5305.80884 2.367172e-16 1e-20
5308.777257 2.267718e-16 1e-20
5311.745674 2.289746e-16 1e-20
5314.71409 2.200498e-16 1e-20
5317.682507 2.154189e-16 1e-20
5320.650924 2.090797e-16 1e-20
5323.619341 2.059679e-16 1e-20
5326.587758 2.225452e-16 1e-20
5329.556174 2.260838e-16 1e-20
5332.524591 2.271236e-16 1e-20
5335.493008 2.211935e-16 1e-20
5338.461425 2.390234e-16 1e-20
5341.429842 2.301938e-16 1e-20
5344.398259 2.240413e-16 1e-20
5347.366675 2.231964e-16 1e-20
5350.335092 2.245894e-16 1e-20
5353.303509 2.297058e-16 1e-20
5356.271926 2.287543e-16 1e-20
5359.240343 2.294282e-16 1e-20
5362.208759 2.314897e-16 1e-20
5365.177176 2.272914e-16 1e-20
5368.145593 2.242752e-16 1e-20
5371.11401 2.352276e-16 1e-20
5374.082427 2.193092e-16 1e-20
5377.050844 2.191105e-16 1e-20
5380.01926 2.190969e-16 1e-20
5382.987677 2.181078e-16 1e-20
5385.956094 2.285768e-16 1e-20
5388.924511 2.177002e-16 1e-20
5391.892928 2.186669e-16 1e-20
5394.861344 2.19266e-16 1e-20
5397.829761 2.07396e-16 1e-20
5400.798178 2.044377e-16 1e-20
5403.766595 2.040215e-16 1e-20
5406.735012 2.02188e-16 1e-20
5409.703429 2.135863e-16 1e-20
5412.671845 2.073892e-16 1e-20
5415.640262 2.020439e-16 1e-20
5418.608679 2.010185e-16 1e-20
5421.577096 2.056032e-16 1e-20
5424.545513 2.056768e-16 1e-20
5427.513929 2.083305e-16 1e-20
5430.482346 2.119726e-16 1e-20
5433.450763 2.001886e-16 1e-20
5436.41918 2.188807e-16 1e-20
5439.387597 2.376209e-16 1e-20
5442.356013 2.161022e-16 1e-20
5445.32443 1.944154e-16 1e-20
5448.292847 1.946023e-16 1e-20
5451.261264 2.053888e-16 1e-20
5454.229681 2.007049e-16 1e-20
5457.198098 2.101737e-16 1e-20
5460.166514 2.0322e-16 1e-20
5463.134931 2.214195e-16 1e-20
5466.103348 2.263445e-16 1e-20
5469.071765 2.183737e-16 1e-20
5472.040182 2.212991e-16 1e-20
5475.008598 2.214642e-16 1e-20
5477.977015 2.254789e-16 1e-20
5480.945432 2.21902e-16 1e-20
5483.913849 2.270508e-16 1e-20
5486.882266 2.399933e-16 1e-20
5489.850683 2.437976e-16 1e-20
5492.819099 2.449143e-16 1e-20
5495.787516 2.530043e-16 1e-20
5498.755933 2.634233e-16 1e-20
5501.72435 2.603799e-16 1e-20
5504.692767 2.517094e-16 1e-20
5507.661183 2.513224e-16 1e-20
5510.6296 2.525942e-16 1e-20
5513.598017 2.657039e-16 1e-20
5516.566434 2.74628e-16 1e-20
5519.534851 2.720455e-16 1e-20
5522.503267 2.673398e-16 1e-20
5525.471684 2.624837e-16 1e-20
5528.440101 2.534442e-16 1e-20
5531.408518 2.653477e-16 1e-20
5534.376935 2.729971e-16 1e-20
5537.345352 2.775422e-16 1e-20
5540.313768 2.866412e-16 1e-20
5543.282185 2.748288e-16 1e-20
5546.250602 2.851854e-16 1e-20
5549.219019 2.887057e-16 1e-20
5552.187436 2.696111e-16 1e-20
5555.155852 2.806152e-16 1e-20
5558.124269 2.99507e-16 1e-20
5561.092686 2.917932e-16 1e-20
5564.061103 2.849991e-16 1e-20
5567.02952 2.768227e-16 1e-20
5569.997937 2.771582e-16 1e-20
5572.966353 2.943382e-16 1e-20
5575.93477 2.854657e-16 1e-20
5578.903187 2.884858e-16 1e-20
5581.871604 2.818502e-16 1e-20
5584.840021 2.739573e-16 1e-20
5587.808437 2.970791e-16 1e-20
5590.776854 2.909903e-16 1e-20
5593.745271 2.723394e-16 1e-20
5596.713688 2.803279e-16 1e-20
5599.682105 3.03468e-16 1e-20
5602.650521 2.923682e-16 1e-20
5605.618938 3.006494e-16 1e-20
5608.587355 2.909215e-16 1e-20
5611.555772 2.85933e-16 1e-20
5614.524189 2.975337e-16 1e-20
5617.492606 2.913199e-16 1e-20
5620.461022 2.810314e-16 1e-20
5623.429439 2.848023e-16 1e-20
5626.397856 2.940067e-16 1e-20
5629.366273 2.967662e-16 1e-20
5632.33469 3.04221e-16 1e-20
5635.303106 2.985511e-16 1e-20
5638.271523 2.864338e-16 1e-20
5641.23994 2.853323e-16 1e-20
5644.208357 2.84303e-16 1e-20
5647.176774 2.742143e-16 1e-20
5650.145191 2.81687e-16 1e-20
5653.113607 2.598514e-16 1e-20
5656.082024 2.769288e-16 1e-20
5659.050441 2.779751e-16 1e-20
5662.018858 2.832088e-16 1e-20
5664.987275 2.912996e-16 1e-20
5667.955691 2.835807e-16 1e-20
5670.924108 2.733824e-16 1e-20
5673.892525 2.766505e-16 1e-20
5676.860942 2.814274e-16 1e-20
5679.829359 2.837582e-16 1e-20
5682.797776 2.730121e-16 1e-20
5685.766192 2.78142e-16 1e-20
5688.734609 2.905206e-16 1e-20
5691.703026 2.862331e-16 1e-20
5694.671443 2.831017e-16 1e-20
5697.63986 2.843846e-16 1e-20
5700.608276 2.855457e-16 1e-20
5703.576693 2.660835e-16 1e-20
5706.54511 2.717739e-16 1e-20
5709.513527 2.809727e-16 1e-20
5712.481944 2.670586e-16 1e-20
5715.45036 2.681123e-16 1e-20
5718.418777 2.848084e-16 1e-20
5721.387194 2.978856e-16 1e-20
5724.355611 2.68166e-16 1e-20
5727.324028 2.80198e-16 1e-20
5730.292445 2.889414e-16 1e-20
5733.260861 2.774555e-16 1e-20
5736.229278 2.762687e-16 1e-20
5739.197695 2.938338e-16 1e-20
5742.166112 2.860182e-16 1e-20
5745.134529 2.879733e-16 1e-20
5748.102945 2.689321e-16 1e-20
5751.071362 2.820422e-16 1e-20
5754.039779 2.750097e-16 1e-20
5757.008196 2.646375e-16 1e-20
5759.976613 2.729681e-16 1e-20
5762.94503 2.802829e-16 1e-20
5765.913446 2.771803e-16 1e-20
5768.881863 2.801623e-16 1e-20
5771.85028 2.748888e-16 1e-20
5774.818697 2.569323e-16 1e-20
5777.787114 2.664383e-16 1e-20
5780.75553 2.725186e-16 1e-20
5783.723947 2.986724e-16 1e-20
5786.692364 2.844278e-16 1e-20
5789.660781 2.82296e-16 1e-20
5792.629198 2.825299e-16 1e-20
5795.597614 2.93809e-16 1e-20
5798.566031 2.812414e-16 1e-20
5801.534448 2.943877e-16 1e-20
5804.502865 3.005438e-16 1e-20
5807.471282 2.999203e-16 1e-20
5810.439699 2.976986e-16 1e-20
5813.408115 2.9505e-16 1e-20
5816.376532 3.07212e-16 1e-20
5819.344949 3.080666e-16 1e-20
5822.313366 2.933713e-16 1e-20
5825.281783 2.958475e-16 1e-20
5828.250199 2.9914e-16 1e-20
5831.218616 3.129233e-16 1e-20
5834.187033 3.136848e-16 1e-20
5837.15545 3.026996e-16 1e-20
5840.123867 3.035594e-16 1e-20
5843.092284 3.041814e-16 1e-20
5846.0607 3.011776e-16 1e-20
5849.029117 2.977117e-16 1e-20
5851.997534 2.881365e-16 1e-20
5854.965951 2.955009e-16 1e-20
5857.934368 3.067149e-16 1e-20
5860.902784 3.094228e-16 1e-20
5863.871201 2.948367e-16 1e-20
5866.839618 3.104797e-16 1e-20
5869.808035 3.090421e-16 1e-20
5872.776452 3.015991e-16 1e-20
5875.744868 2.996372e-16 1e-20
5878.713285 2.895503e-16 1e-20
5881.681702 2.957112e-16 1e-20
5884.650119 2.821312e-16 1e-20
5887.618536 2.541263e-16 1e-20
5890.586953 2.471138e-16 1e-20
5893.555369 2.538561e-16 1e-20
5896.523786 2.685895e-16 1e-20
5899.492203 2.908579e-16 1e-20
5902.46062 2.974172e-16 1e-20
5905.429037 2.898685e-16 1e-20
5908.397453 2.989723e-16 1e-20
5911.36587 3.047325e-16 1e-20
5914.334287 3.015872e-16 1e-20
5917.302704 2.995451e-16 1e-20
5920.271121 2.970246e-16 1e-20
5923.239538 2.951188e-16 1e-20
5926.207954 2.951479e-16 1e-20
5929.176371 2.750936e-16 1e-20
5932.144788 2.513347e-16 1e-20
5935.113205 2.523532e-16 1e-20
5938.081622 2.566329e-16 1e-20
5941.050038 2.626647e-16 1e-20
5944.018455 2.497859e-16 1e-20
5946.986872 2.374155e-16 1e-20
5949.955289 2.389124e-16 1e-20
5952.923706 2.383066e-16 1e-20
5955.892123 2.285601e-16 1e-20
5958.860539 2.155373e-16 1e-20
5961.828956 2.157171e-16 1e-20
5964.797373 2.119087e-16 1e-20
5967.76579 2.04589e-16 1e-20
5970.734207 2.215397e-16 1e-20
5973.702623 2.051327e-16 1e-20
5976.67104 1.891141e-16 1e-20
5979.639457 1.972683e-16 1e-20
5982.607874 1.972724e-16 1e-20
5985.576291 1.945545e-16 1e-20
5988.544707 1.855133e-16 1e-20
5991.513124 1.898332e-16 1e-20
5994.481541 1.932772e-16 1e-20
5997.449958 1.824543e-16 1e-20
6000.418375 1.789676e-16 1e-20
6003.386792 1.856862e-16 1e-20
6006.355208 1.823299e-16 1e-20
6009.323625 1.688741e-16 1e-20
6012.292042 1.599925e-16 1e-20
6015.260459 1.737669e-16 1e-20
6018.228876 1.697671e-16 1e-20
6021.197292 1.564191e-16 1e-20
6024.165709 1.592069e-16 1e-20
6027.134126 1.648221e-16 1e-20
6030.102543 1.664346e-16 1e-20
6033.07096 1.65494e-16 1e-20
6036.039377 1.687574e-16 1e-20
6039.007793 1.633816e-16 1e-20
6041.97621 1.627762e-16 1e-20
6044.944627 1.655883e-16 1e-20
6047.913044 1.687473e-16 1e-20
6050.881461 1.550496e-16 1e-20
6053.849877 1.61579e-16 1e-20
6056.818294 1.645256e-16 1e-20
6059.786711 1.574441e-16 1e-20
6062.755128 1.59593e-16 1e-20
6065.723545 1.562968e-16 1e-20
6068.691961 1.65496e-16 1e-20
6071.660378 1.613226e-16 1e-20
6074.628795 1.572018e-16 1e-20
6077.597212 1.588389e-16 1e-20
6080.565629 1.480709e-16 1e-20
6083.534046 1.532823e-16 1e-20
6086.502462 1.586441e-16 1e-20
6089.470879 1.636462e-16 1e-20
6092.439296 1.568417e-16 1e-20
6095.407713 1.618985e-16 1e-20
6098.37613 1.580375e-16 1e-20
6101.344546 1.597512e-16 1e-20
6104.312963 1.72447e-16 1e-20
6107.28138 1.788808e-16 1e-20
6110.249797 1.80368e-16 1e-20
6113.218214 1.785911e-16 1e-20
6116.186631 1.8351e-16 1e-20
6119.155047 1.766204e-16 1e-20
6122.123464 1.779767e-16 1e-20
6125.091881 1.818775e-16 1e-20
6128.060298 1.766516e-16 1e-20
6131.028715 1.755044e-16 1e-20
6133.997131 1.885633e-16 1e-20
6136.965548 1.946865e-16 1e-20
6139.933965 1.965653e-16 1e-20
6142.902382 2.006766e-16 1e-20
6145.870799 1.924196e-16 1e-20
6148.839215 2.027852e-16 1e-20
6151.807632 1.987418e-16 1e-20
6154.776049 1.953079e-16 1e-20
6157.744466 2.061019e-16 1e-20
6160.712883 2.021174e-16 1e-20
6163.6813 2.106562e-16 1e-20
6166.649716 2.192428e-16 1e-20
6169.618133 2.243174e-16 1e-20
6172.58655 2.22842e-16 1e-20
6175.554967 2.34699e-16 1e-20
6178.523384 2.563711e-16 1e-20
6181.4918 2.339367e-16 1e-20
6184.460217 2.353732e-16 1e-20
6187.428634 2.50042e-16 1e-20
6190.397051 2.584015e-16 1e-20
6193.365468 2.642214e-16 1e-20
6196.333885 2.646144e-16 1e-20
6199.302301 2.511911e-16 1e-20
6202.270718 2.583919e-16 1e-20
6205.239135 2.734188e-16 1e-20
6208.207552 2.788715e-16 1e-20
6211.175969 2.885661e-16 1e-20
6214.144385 2.757596e-16 1e-20
6217.112802 2.603221e-16 1e-20
6220.081219 2.683908e-16 1e-20
6223.049636 2.655801e-16 1e-20
6226.018053 2.810995e-16 1e-20
6228.986469 2.848707e-16 1e-20
6231.954886 2.658554e-16 1e-20
6234.923303 2.802519e-16 1e-20
6237.89172 2.847836e-16 1e-20
6240.860137 2.969227e-16 1e-20
6243.828554 2.969784e-16 1e-20
6246.79697 2.911907e-16 1e-20
6249.765387 2.751466e-16 1e-20
6252.733804 2.771766e-16 1e-20
6255.702221 2.968281e-16 1e-20
6258.670638 3.152691e-16 1e-20
6261.639054 2.981573e-16 1e-20
6264.607471 2.766802e-16 1e-20
6267.575888 2.976484e-16 1e-20
6270.544305 3.013107e-16 1e-20
6273.512722 3.016566e-16 1e-20
6276.481139 3.118929e-16 1e-20
6279.449555 2.93334e-16 1e-20
6282.417972 2.999326e-16 1e-20
6285.386389 3.175059e-16 1e-20
6288.354806 3.101541e-16 1e-20
6291.323223 3.176606e-16 1e-20
6294.291639 3.212457e-16 1e-20
6297.260056 3.210306e-16 1e-20
6300.228473 3.155698e-16 1e-20
6303.19689 3.122764e-16 1e-20
6306.165307 3.114244e-16 1e-20
6309.133724 3.151632e-16 1e-20
6312.10214 3.123669e-16 1e-20
6315.070557 3.167043e-16 1e-20
6318.038974 3.110243e-16 1e-20
6321.007391 3.113747e-16 1e-20
6323.975808 3.127643e-16 1e-20
6326.944224 3.129282e-16 1e-20
6329.912641 3.069092e-16 1e-20
6332.881058 3.120485e-16 1e-20
6335.849475 3.15014e-16 1e-20
6338.817892 3.150046e-16 1e-20
6341.786308 2.785095e-16 1e-20
6344.754725 3.059285e-16 1e-20
6347.723142 3.189657e-16 1e-20
6350.691559 3.213817e-16 1e-20
6353.659976 3.180654e-16 1e-20
6356.628393 3.115911e-16 1e-20
6359.596809 3.1306e-16 1e-20
6362.565226 3.175424e-16 1e-20
6365.533643 3.156473e-16 1e-20
6368.50206 3.157518e-16 1e-20
6371.470477 3.293669e-16 1e-20
6374.438893 3.180313e-16 1e-20
6377.40731 3.096289e-16 1e-20
6380.375727 3.137834e-16 1e-20
6383.344144 3.159088e-16 1e-20
6386.312561 3.153914e-16 1e-20
6389.280978 3.147833e-16 1e-20
6392.249394 3.108344e-16 1e-20
6395.217811 3.118915e-16 1e-20
6398.186228 3.116883e-16 1e-20
6401.154645 3.291176e-16 1e-20
6404.123062 3.339466e-16 1e-20
6407.091478 3.306526e-16 1e-20
6410.059895 2.868696e-16 1e-20
6413.028312 3.166598e-16 1e-20
6415.996729 3.162666e-16 1e-20
6418.965146 3.133543e-16 1e-20
6421.933562 3.089115e-16 1e-20
6424.901979 3.137784e-16 1e-20
6427.870396 3.015777e-16 1e-20
6430.838813 3.01037e-16 1e-20
6433.80723 3.048254e-16 1e-20
6436.775647 3.009968e-16 1e-20
6439.744063 3.013556e-16 1e-20
6442.71248 2.907585e-16 1e-20
6445.680897 2.964772e-16 1e-20
6448.649314 3.089065e-16 1e-20
6451.617731 2.972275e-16 1e-20
6454.586147 2.838766e-16 1e-20
6457.554564 2.898693e-16 1e-20
6460.522981 2.82692e-16 1e-20
6463.491398 2.780521e-16 1e-20
6466.459815 2.950331e-16 1e-20
6469.428232 2.936127e-16 1e-20
6472.396648 2.869085e-16 1e-20
6475.365065 2.745202e-16 1e-20
6478.333482 2.939905e-16 1e-20
6481.301899 2.838598e-16 1e-20
6484.270316 2.717147e-16 1e-20
6487.238732 2.714465e-16 1e-20
6490.207149 2.728388e-16 1e-20
6493.175566 2.627544e-16 1e-20
6496.143983 2.615803e-16 1e-20
6499.1124 2.740409e-16 1e-20
6502.080816 2.767733e-16 1e-20
6505.049233 2.735158e-16 1e-20
6508.01765 2.789248e-16 1e-20
6510.986067 2.713121e-16 1e-20
6513.954484 2.668907e-16 1e-20
6516.922901 2.696263e-16 1e-20
6519.891317 2.68309e-16 1e-20
6522.859734 2.735971e-16 1e-20
6525.828151 2.886495e-16 1e-20
6528.796568 2.839199e-16 1e-20
6531.764985 2.787956e-16 1e-20
6534.733401 2.803428e-16 1e-20
6537.701818 2.608835e-16 1e-20
6540.670235 2.675232e-16 1e-20
6543.638652 2.829668e-16 1e-20
6546.607069 2.72101e-16 1e-20
6549.575486 2.5795e-16 1e-20
6552.543902 2.663694e-16 1e-20
6555.512319 2.621411e-16 1e-20
6558.480736 2.57039e-16 1e-20
6561.449153 2.555513e-16 1e-20
6564.41757 2.577913e-16 1e-20
6567.385986 2.543813e-16 1e-20
6570.354403 2.455781e-16 1e-20
6573.32282 2.453787e-16 1e-20
6576.291237 2.604961e-16 1e-20
6579.259654 2.794893e-16 1e-20
6582.228071 2.616557e-16 1e-20
6585.196487 2.545477e-16 1e-20
6588.164904 2.561579e-16 1e-20
6591.133321 2.60945e-16 1e-20
6594.101738 2.547362e-16 1e-20
6597.070155 2.48041e-16 1e-20
6600.038571 2.456705e-16 1e-20
6603.006988 2.566747e-16 1e-20
6605.975405 2.568486e-16 1e-20
6608.943822 2.538967e-16 1e-20
6611.912239 2.475905e-16 1e-20
6614.880655 2.438222e-16 1e-20
6617.849072 2.621609e-16 1e-20
6620.817489 2.549237e-16 1e-20
6623.785906 2.459288e-16 1e-20
6626.754323 2.374887e-16 1e-20
6629.72274 2.461834e-16 1e-20
6632.691156 2.500952e-16 1e-20
6635.659573 2.428435e-16 1e-20
6638.62799 2.442124e-16 1e-20
6641.596407 2.341881e-16 1e-20
6644.564824 2.364602e-16 1e-20
6647.53324 2.390516e-16 1e-20
6650.501657 2.380527e-16 1e-20
6653.470074 2.446714e-16 1e-20
6656.438491 2.462861e-16 1e-20
6659.406908 2.386359e-16 1e-20
6662.375325 2.300214e-16 1e-20
6665.343741 2.463218e-16 1e-20
6668.312158 2.376283e-16 1e-20
6671.280575 2.347019e-16 1e-20
6674.248992 2.405261e-16 1e-20
6677.217409 2.241307e-16 1e-20
6680.185825 2.269871e-16 1e-20
6683.154242 2.41821e-16 1e-20
6686.122659 2.330352e-16 1e-20
6689.091076 2.280013e-16 1e-20
6692.059493 2.343724e-16 1e-20
6695.027909 2.225923e-16 1e-20
6697.996326 2.188091e-16 1e-20
6700.964743 2.079154e-16 1e-20
6703.93316 1.968412e-16 1e-20
6706.901577 2.039633e-16 1e-20
6709.869994 2.218047e-16 1e-20
6712.83841 2.12898e-16 1e-20
6715.806827 2.082905e-16 1e-20
6718.775244 2.13559e-16 1e-20
6721.743661 2.177529e-16 1e-20
6724.712078 2.199292e-16 1e-20
6727.680494 2.187524e-16 1e-20
6730.648911 2.287237e-16 1e-20
6733.617328 2.252487e-16 1e-20
6736.585745 2.249155e-16 1e-20
6739.554162 2.187045e-16 1e-20
6742.522579 2.059469e-16 1e-20
6745.490995 2.033442e-16 1e-20
6748.459412 2.149677e-16 1e-20
6751.427829 2.114169e-16 1e-20
6754.396246 1.991218e-16 1e-20
6757.364663 2.088334e-16 1e-20
6760.333079 2.139857e-16 1e-20
6763.301496 2.099469e-16 1e-20
6766.269913 2.242177e-16 1e-20
6769.23833 2.198101e-16 1e-20
6772.206747 2.086261e-16 1e-20
6775.175163 2.127639e-16 1e-20
6778.14358 2.297032e-16 1e-20
6781.111997 2.202242e-16 1e-20
6784.080414 2.127744e-16 1e-20
6787.048831 2.128785e-16 1e-20
6790.017248 2.062792e-16 1e-20
6792.985664 2.130224e-16 1e-20
6795.954081 2.144942e-16 1e-20
6798.922498 2.145807e-16 1e-20
6801.890915 2.248981e-16 1e-20
6804.859332 2.207372e-16 1e-20
6807.827748 2.216411e-16 1e-20
6810.796165 2.075726e-16 1e-20
6813.764582 2.101929e-16 1e-20
6816.732999 2.139534e-16 1e-20
6819.701416 2.017723e-16 1e-20
6822.669833 2.122486e-16 1e-20
6825.638249 2.075982e-16 1e-20
6828.606666 2.008052e-16 1e-20
6831.575083 2.125171e-16 1e-20
6834.5435 1.933494e-16 1e-20
6837.511917 1.943673e-16 1e-20
6840.480333 2.034621e-16 1e-20
6843.44875 2.077842e-16 1e-20
6846.417167 2.071871e-16 1e-20
6849.385584 2.079651e-16 1e-20
6852.354001 2.082027e-16 1e-20
6855.322418 2.033936e-16 1e-20
6858.290834 2.170871e-16 1e-20
6861.259251 2.141775e-16 1e-20
6864.227668 2.130907e-16 1e-20
6867.196085 2.146377e-16 1e-20
6870.164502 2.124182e-16 1e-20
6873.132918 2.011243e-16 1e-20
6876.101335 2.113572e-16 1e-20
6879.069752 2.087442e-16 1e-20
6882.038169 2.011392e-16 1e-20
6885.006586 2.117033e-16 1e-20
6887.975002 1.972113e-16 1e-20
6890.943419 2.095262e-16 1e-20
6893.911836 2.152033e-16 1e-20
6896.880253 2.169736e-16 1e-20
6899.84867 2.085708e-16 1e-20
6902.817087 2.171034e-16 1e-20
6905.785503 2.182109e-16 1e-20
6908.75392 2.163453e-16 1e-20
6911.722337 2.108695e-16 1e-20
6914.690754 2.168049e-16 1e-20
6917.659171 2.1055e-16 1e-20
6920.627587 2.110734e-16 1e-20
6923.596004 2.148923e-16 1e-20
6926.564421 2.126252e-16 1e-20
6929.532838 2.124415e-16 1e-20
6932.501255 2.100395e-16 1e-20
6935.469672 2.096418e-16 1e-20
6938.438088 2.122265e-16 1e-20
6941.406505 2.028661e-16 1e-20
6944.374922 2.029957e-16 1e-20
6947.343339 2.008089e-16 1e-20
6950.311756 2.134778e-16 1e-20
6953.280172 2.099226e-16 1e-20
6956.248589 2.104671e-16 1e-20
6959.217006 2.061881e-16 1e-20
6962.185423 2.105583e-16 1e-20
6965.15384 2.040247e-16 1e-20
6968.122256 2.059945e-16 1e-20
6971.090673 2.009179e-16 1e-20
6974.05909 1.971629e-16 1e-20
6977.027507 2.002203e-16 1e-20
6979.995924 2.038622e-16 1e-20
6982.964341 2.11089e-16 1e-20
6985.932757 2.1736e-16 1e-20
6988.901174 2.192729e-16 1e-20
6991.869591 1.961494e-16 1e-20
6994.838008 1.981353e-16 1e-20
6997.806425 1.958244e-16 1e-20
7000.774841 1.977764e-16 1e-20
7003.743258 2.027396e-16 1e-20
7006.711675 2.032052e-16 1e-20
7009.680092 1.916516e-16 1e-20
7012.648509 2.038467e-16 1e-20
7015.616926 2.01079e-16 1e-20
7018.585342 1.662382e-16 1e-20
7021.553759 1.817843e-16 1e-20
7024.522176 1.9852e-16 1e-20
7027.490593 1.935256e-16 1e-20
7030.45901 2.032667e-16 1e-20
7033.427426 1.996405e-16 1e-20
7036.395843 2.065363e-16 1e-20
7039.36426 2.002785e-16 1e-20
7042.332677 2.052103e-16 1e-20
7045.301094 2.099509e-16 1e-20
7048.26951 2.01307e-16 1e-20
7051.237927 1.9303e-16 1e-20
7054.206344 1.894975e-16 1e-20
7057.174761 2.001195e-16 1e-20
7060.143178 1.958146e-16 1e-20
7063.111595 1.822595e-16 1e-20
7066.080011 1.85074e-16 1e-20
7069.048428 2.129611e-16 1e-20
7072.016845 2.010926e-16 1e-20
7074.985262 1.996734e-16 1e-20
7077.953679 1.85872e-16 1e-20
7080.922095 1.987508e-16 1e-20
7083.890512 1.971696e-16 1e-20
7086.858929 1.987351e-16 1e-20
7089.827346 1.949633e-16 1e-20
7092.795763 1.918604e-16 1e-20
7095.76418 1.949413e-16 1e-20
7098.732596 1.811822e-16 1e-20
7101.701013 1.76063e-16 1e-20
7104.66943 1.765805e-16 1e-20
7107.637847 1.771469e-16 1e-20
7110.606264 1.746441e-16 1e-20
7113.57468 1.886884e-16 1e-20
7116.543097 1.894262e-16 1e-20
7119.511514 1.804475e-16 1e-20
7122.479931 1.784181e-16 1e-20
7125.448348 1.882664e-16 1e-20
7128.416764 1.810422e-16 1e-20
7131.385181 1.725512e-16 1e-20
7134.353598 1.79467e-16 1e-20
7137.322015 1.722265e-16 1e-20
7140.290432 1.753901e-16 1e-20
7143.258849 1.695304e-16 1e-20
7146.227265 1.762501e-16 1e-20
7149.195682 1.65435e-16 1e-20
7152.164099 1.733041e-16 1e-20
7155.132516 1.761476e-16 1e-20
7158.100933 1.802421e-16 1e-20
7161.069349 1.821708e-16 1e-20
7164.037766 1.78546e-16 1e-20
7167.006183 1.777256e-16 1e-20
7169.9746 1.831266e-16 1e-20
7172.943017 1.911177e-16 1e-20
7175.911434 1.829685e-16 1e-20
7178.87985 1.804905e-16 1e-20
7181.848267 1.82843e-16 1e-20
7184.816684 1.859494e-16 1e-20
7187.785101 1.969716e-16 1e-20
7190.753518 2.004174e-16 1e-20
7193.721934 1.624694e-16 1e-20
7196.690351 1.748521e-16 1e-20
7199.658768 1.923764e-16 1e-20
7202.627185 1.908952e-16 1e-20
7205.595602 1.846879e-16 1e-20
7208.564019 1.822889e-16 1e-20
7211.532435 1.678174e-16 1e-20
7214.500852 1.818768e-16 1e-20
7217.469269 1.929896e-16 1e-20
7220.437686 1.914004e-16 1e-20
7223.406103 1.879358e-16 1e-20
7226.374519 1.779639e-16 1e-20
7229.342936 1.780552e-16 1e-20
7232.311353 1.805209e-16 1e-20
7235.27977 1.8806e-16 1e-20
7238.248187 1.885664e-16 1e-20
7241.216603 1.791758e-16 1e-20
7244.18502 1.784892e-16 1e-20
7247.153437 1.861734e-16 1e-20
7250.121854 1.818233e-16 1e-20
7253.090271 1.890453e-16 1e-20
7256.058688 1.881283e-16 1e-20
7259.027104 1.819389e-16 1e-20
7261.995521 1.817787e-16 1e-20
7264.963938 1.720356e-16 1e-20
7267.932355 1.722566e-16 1e-20
7270.900772 1.74875e-16 1e-20
7273.869188 1.726459e-16 1e-20
7276.837605 1.730199e-16 1e-20
7279.806022 1.683056e-16 1e-20
7282.774439 1.701044e-16 1e-20
7285.742856 1.687971e-16 1e-20
7288.711273 1.71606e-16 1e-20
7291.679689 1.758901e-16 1e-20
7294.648106 1.703045e-16 1e-20
7297.616523 1.638456e-16 1e-20
7300.58494 1.656578e-16 1e-20
7303.553357 1.593381e-16 1e-20
7306.521773 1.782737e-16 1e-20
7309.49019 1.85552e-16 1e-20
7312.458607 1.688755e-16 1e-20
7315.427024 1.668771e-16 1e-20
7318.395441 1.700404e-16 1e-20
7321.363857 1.65761e-16 1e-20
7324.332274 1.654432e-16 1e-20
7327.300691 1.618836e-16 1e-20
7330.269108 1.667673e-16 1e-20
7333.237525 1.682372e-16 1e-20
7336.205942 1.636354e-16 1e-20
7339.174358 1.663587e-16 1e-20
7342.142775 1.684706e-16 1e-20
7345.111192 1.567322e-16 1e-20
7348.079609 1.599505e-16 1e-20
7351.048026 1.487e-16 1e-20
7354.016442 1.518031e-16 1e-20
7356.984859 1.683364e-16 1e-20
7359.953276 1.70554e-16 1e-20
7362.921693 1.645331e-16 1e-20
7365.89011 1.547285e-16 1e-20
7368.858527 1.613271e-16 1e-20
7371.826943 1.627575e-16 1e-20
7374.79536 1.553885e-16 1e-20
7377.763777 1.600832e-16 1e-20
7380.732194 1.629494e-16 1e-20
7383.700611 1.545273e-16 1e-20
7386.669027 1.682209e-16 1e-20
7389.637444 1.647956e-16 1e-20
7392.605861 1.624498e-16 1e-20
7395.574278 1.552312e-16 1e-20
7398.542695 1.682375e-16 1e-20
7401.511111 1.693939e-16 1e-20
7404.479528 1.664065e-16 1e-20
7407.447945 1.542779e-16 1e-20
7410.416362 1.482468e-16 1e-20
7413.384779 1.22783e-16 1e-20
7416.353196 1.140776e-16 1e-20
7419.321612 1.084033e-16 1e-20
7422.290029 1.086915e-16 1e-20
7425.258446 1.241204e-16 1e-20
7428.226863 1.312857e-16 1e-20
7431.19528 1.491166e-16 1e-20
7434.163696 1.50873e-16 1e-20
7437.132113 1.45278e-16 1e-20
7440.10053 1.349987e-16 1e-20
7443.068947 1.309756e-16 1e-20
7446.037364 1.317447e-16 1e-20
7449.005781 1.451012e-16 1e-20
7451.974197 1.426151e-16 1e-20
7454.942614 1.552397e-16 1e-20
7457.911031 1.462898e-16 1e-20
7460.879448 1.45157e-16 1e-20
7463.847865 1.552446e-16 1e-20
7466.816281 1.606673e-16 1e-20
7469.784698 1.594145e-16 1e-20
7472.753115 1.5451e-16 1e-20
7475.721532 1.638772e-16 1e-20
7478.689949 1.706524e-16 1e-20
7481.658366 1.621497e-16 1e-20
7484.626782 1.74215e-16 1e-20
7487.595199 1.597112e-16 1e-20
7490.563616 1.661041e-16 1e-20
7493.532033 1.778516e-16 1e-20
7496.50045 1.827028e-16 1e-20
7499.468866 1.752129e-16 1e-20
7502.437283 1.846438e-16 1e-20
7505.4057 1.767356e-16 1e-20
7508.374117 1.797032e-16 1e-20
7511.342534 1.758966e-16 1e-20
7514.31095 1.684732e-16 1e-20
7517.279367 1.763166e-16 1e-20
7520.247784 1.761574e-16 1e-20
7523.216201 1.569806e-16 1e-20
7526.184618 1.565934e-16 1e-20
7529.153035 1.76353e-16 1e-20
7532.121451 1.748664e-16 1e-20
7535.089868 1.675165e-16 1e-20
7538.058285 1.694434e-16 1e-20
7541.026702 2.029053e-16 1e-20
7543.995119 1.955705e-16 1e-20
7546.963535 1.65868e-16 1e-20
7549.931952 1.601437e-16 1e-20
7552.900369 1.707242e-16 1e-20
7555.868786 1.579817e-16 1e-20
7558.837203 1.806884e-16 1e-20
7561.80562 1.869328e-16 1e-20
7564.774036 1.768744e-16 1e-20
7567.742453 1.695132e-16 1e-20
7570.71087 1.765001e-16 1e-20
7573.679287 1.741177e-16 1e-20
7576.647704 1.698399e-16 1e-20
7579.61612 1.614751e-16 1e-20
7582.584537 1.632072e-16 1e-20
7585.552954 1.690421e-16 1e-20
7588.521371 1.713583e-16 1e-20
7591.489788 1.817153e-16 1e-20
7594.458204 1.769071e-16 1e-20
7597.426621 1.595277e-16 1e-20
7600.395038 1.816681e-16 1e-20
7603.363455 1.807679e-16 1e-20
7606.331872 1.682061e-16 1e-20
7609.300289 1.673446e-16 1e-20
7612.268705 1.92115e-16 1e-20
7615.237122 1.715481e-16 1e-20
7618.205539 1.592895e-16 1e-20
7621.173956 1.642157e-16 1e-20
7624.142373 1.767177e-16 1e-20
7627.110789 1.822191e-16 1e-20
7630.079206 1.737239e-16 1e-20
7633.047623 1.532158e-16 1e-20
7636.01604 1.606413e-16 1e-20
7638.984457 1.708917e-16 1e-20
7641.952874 1.662604e-16 1e-20
7644.92129 1.767853e-16 1e-20
7647.889707 1.770364e-16 1e-20
7650.858124 1.606539e-16 1e-20
7653.826541 1.53709e-16 1e-20
7656.794958 1.700429e-16 1e-20
7659.763374 1.591662e-16 1e-20
7662.731791 1.540838e-16 1e-20
7665.700208 1.741399e-16 1e-20
7668.668625 1.526426e-16 1e-20
7671.637042 1.72212e-16 1e-20
7674.605458 1.684715e-16 1e-20
7677.573875 1.727569e-16 1e-20
7680.542292 1.583815e-16 1e-20
7683.510709 1.64672e-16 1e-20
7686.479126 1.747314e-16 1e-20
7689.447543 1.721508e-16 1e-20
7692.415959 1.780712e-16 1e-20
7695.384376 1.687418e-16 1e-20
7698.352793 1.671269e-16 1e-20
7701.32121 1.69969e-16 1e-20
7704.289627 1.667478e-16 1e-20
7707.258043 1.671503e-16 1e-20
7710.22646 1.7736e-16 1e-20
7713.194877 1.719426e-16 1e-20
7716.163294 1.641126e-16 1e-20
7719.131711 1.827368e-16 1e-20
7722.100128 1.844533e-16 1e-20
7725.068544 1.788938e-16 1e-20
7728.036961 1.840546e-16 1e-20
7731.005378 2.001897e-16 1e-20
7733.973795 1.861843e-16 1e-20
7736.942212 1.863078e-16 1e-20
7739.910628 1.787253e-16 1e-20
7742.879045 1.694855e-16 1e-20
7745.847462 1.834137e-16 1e-20
7748.815879 1.859594e-16 1e-20
7751.784296 1.770886e-16 1e-20
7754.752713 1.954732e-16 1e-20
7757.721129 1.856988e-16 1e-20
7760.689546 1.75982e-16 1e-20
7763.657963 1.799118e-16 1e-20
7766.62638 1.850776e-16 1e-20
7769.594797 1.937714e-16 1e-20
7772.563213 1.782775e-16 1e-20
7775.53163 1.867011e-16 1e-20
7778.500047 1.82495e-16 1e-20
7781.468464 1.780345e-16 1e-20
7784.436881 1.786543e-16 1e-20
7787.405297 1.807257e-16 1e-20
7790.373714 1.868401e-16 1e-20
7793.342131 1.705085e-16 1e-20
7796.310548 1.788569e-16 1e-20
7799.278965 1.878508e-16 1e-20
7802.247382 1.657249e-16 1e-20
7805.215798 1.77743e-16 1e-20
7808.184215 1.797993e-16 1e-20
7811.152632 1.807753e-16 1e-20
7814.121049 1.937804e-16 1e-20
7817.089466 1.888784e-16 1e-20
7820.057882 1.884485e-16 1e-20
7823.026299 1.652985e-16 1e-20
7825.994716 1.900397e-16 1e-20
7828.963133 1.86102e-16 1e-20
7831.93155 1.740516e-16 1e-20
7834.899967 1.591137e-16 1e-20
7837.868383 1.749626e-16 1e-20
7840.8368 1.916647e-16 1e-20
7843.805217 1.927655e-16 1e-20
7846.773634 1.901658e-16 1e-20
7849.742051 2.017643e-16 1e-20
7852.710467 1.906712e-16 1e-20
7855.678884 1.933923e-16 1e-20
7858.647301 2.025165e-16 1e-20
7861.615718 1.847846e-16 1e-20
7864.584135 1.963691e-16 1e-20
7867.552551 1.944764e-16 1e-20
7870.520968 1.939594e-16 1e-20
7873.489385 1.821601e-16 1e-20
7876.457802 1.879502e-16 1e-20
7879.426219 1.929195e-16 1e-20
7882.394636 1.84603e-16 1e-20
7885.363052 1.756179e-16 1e-20
7888.331469 1.858596e-16 1e-20
7891.299886 1.740826e-16 1e-20
7894.268303 1.72765e-16 1e-20
7897.23672 1.859432e-16 1e-20
7900.205136 1.732415e-16 1e-20
7903.173553 1.706479e-16 1e-20
7906.14197 1.756494e-16 1e-20
7909.110387 1.67285e-16 1e-20
7912.078804 1.707729e-16 1e-20
7915.047221 1.758662e-16 1e-20
7918.015637 1.859795e-16 1e-20
7920.984054 1.803978e-16 1e-20
7923.952471 1.756936e-16 1e-20
7926.920888 1.906709e-16 1e-20
7929.889305 1.868462e-16 1e-20
7932.857721 1.749214e-16 1e-20
7935.826138 1.72412e-16 1e-20
7938.794555 1.770256e-16 1e-20
7941.762972 1.683431e-16 1e-20
7944.731389 1.95704e-16 1e-20
7947.699805 1.900209e-16 1e-20
7950.668222 1.806592e-16 1e-20
7953.636639 1.819116e-16 1e-20
7956.605056 1.785479e-16 1e-20
7959.573473 1.737745e-16 1e-20
7962.54189 1.813876e-16 1e-20
7965.510306 1.846097e-16 1e-20
7968.478723 1.647321e-16 1e-20
7971.44714 1.626694e-16 1e-20
7974.415557 1.697898e-16 1e-20
7977.383974 1.783791e-16 1e-20
7980.35239 1.848739e-16 1e-20
7983.320807 1.685013e-16 1e-20
7986.289224 1.731322e-16 1e-20
7989.257641 1.795788e-16 1e-20
7992.226058 1.620652e-16 1e-20
7995.194475 1.649977e-16 1e-20
7998.162891 1.612666e-16 1e-20
8001.131308 1.618939e-16 1e-20
8004.099725 1.700792e-16 1e-20
8007.068142 1.770174e-16 1e-20
8010.036559 1.655426e-16 1e-20
8013.004975 1.631199e-16 1e-20
8015.973392 1.673865e-16 1e-20
8018.941809 1.504692e-16 1e-20
8021.910226 1.466368e-16 1e-20
8024.878643 1.574289e-16 1e-20
8027.847059 1.601547e-16 1e-20
8030.815476 1.521532e-16 1e-20
8033.783893 1.578327e-16 1e-20
8036.75231 1.544537e-16 1e-20
8039.720727 1.423947e-16 1e-20
8042.689144 1.439488e-16 1e-20
8045.65756 1.38723e-16 1e-20
8048.625977 1.371497e-16 1e-20
8051.594394 1.595242e-16 1e-20
8054.562811 1.56368e-16 1e-20
8057.531228 1.579519e-16 1e-20
8060.499644 1.465461e-16 1e-20
8063.468061 1.321441e-16 1e-20
8066.436478 1.48898e-16 1e-20
8069.404895 1.52407e-16 1e-20
8072.373312 1.384329e-16 1e-20
8075.341729 1.399084e-16 1e-20
8078.310145 1.486768e-16 1e-20
8081.278562 1.326429e-16 1e-20
8084.246979 1.213461e-16 1e-20
8087.215396 1.320924e-16 1e-20
8090.183813 1.687492e-16 1e-20
8093.152229 1.545584e-16 1e-20
8096.120646 1.421393e-16 1e-20
8099.089063 1.362822e-16 1e-20
8102.05748 1.314603e-16 1e-20
8105.025897 1.405571e-16 1e-20
8107.994314 1.398565e-16 1e-20
8110.96273 1.393319e-16 1e-20
8113.931147 1.286995e-16 1e-20
8116.899564 1.256485e-16 1e-20
8119.867981 1.374527e-16 1e-20
8122.836398 1.340555e-16 1e-20
8125.804814 1.372476e-16 1e-20
8128.773231 1.427041e-16 1e-20
8131.741648 1.435531e-16 1e-20
8134.710065 1.429069e-16 1e-20
8137.678482 1.373616e-16 1e-20
8140.646898 1.24161e-16 1e-20
8143.615315 1.296525e-16 1e-20
8146.583732 1.465408e-16 1e-20
8149.552149 1.400455e-16 1e-20
8152.520566 1.338763e-16 1e-20
8155.488983 1.185166e-16 1e-20
8158.457399 1.348132e-16 1e-20
8161.425816 1.313637e-16 1e-20
8164.394233 1.251874e-16 1e-20
8167.36265 1.458337e-16 1e-20
8170.331067 1.42052e-16 1e-20
8173.299483 1.371607e-16 1e-20
8176.2679 1.345405e-16 1e-20
8179.236317 1.307187e-16 1e-20
8182.204734 1.318679e-16 1e-20
8185.173151 1.397277e-16 1e-20
8188.141568 1.247848e-16 1e-20
8191.109984 1.295471e-16 1e-20
8194.078401 1.27802e-16 1e-20
8197.046818 1.16086e-16 1e-20
8200.015235 1.330063e-16 1e-20
8202.983652 1.364745e-16 1e-20
8205.952068 1.353175e-16 1e-20
8208.920485 1.339466e-16 1e-20
8211.888902 9.926482e-17 1e-20
8214.857319 1.202462e-16 1e-20
8217.825736 1.403175e-16 1e-20
8220.794152 1.386422e-16 1e-20
8223.762569 1.159362e-16 1e-20
8226.730986 1.448732e-16 1e-20
8229.699403 1.347777e-16 1e-20
8232.66782 1.288969e-16 1e-20
8235.636237 1.452606e-16 1e-20
8238.604653 1.390576e-16 1e-20
8241.57307 1.410088e-16 1e-20
8244.541487 1.424689e-16 1e-20
8247.509904 1.420683e-16 1e-20
8250.478321 1.420814e-16 1e-20
8253.446737 1.313056e-16 1e-20
8256.415154 1.539633e-16 1e-20
8259.383571 1.452126e-16 1e-20
8262.351988 1.533054e-16 1e-20
8265.320405 1.3414e-16 1e-20
8268.288822 1.421577e-16 1e-20
8271.257238 1.435918e-16 1e-20
8274.225655 1.503462e-16 1e-20
8277.194072 1.411945e-16 1e-20
8280.162489 1.528669e-16 1e-20
8283.130906 1.599285e-16 1e-20
8286.099322 1.375267e-16 1e-20
8289.067739 1.432435e-16 1e-20
8292.036156 1.645198e-16 1e-20
8295.004573 1.434592e-16 1e-20
8297.97299 1.573651e-16 1e-20
8300.941406 1.484296e-16 1e-20
8303.909823 1.281497e-16 1e-20
8306.87824 1.413144e-16 1e-20
8309.846657 1.491892e-16 1e-20
8312.815074 1.482372e-16 1e-20
8315.783491 1.411989e-16 1e-20
8318.751907 1.5591e-16 1e-20
8321.720324 1.668953e-16 1e-20
8324.688741 1.441272e-16 1e-20
8327.657158 1.344115e-16 1e-20
8330.625575 1.541553e-16 1e-20
8333.593991 1.623171e-16 1e-20
8336.562408 1.501301e-16 1e-20
8339.530825 1.449844e-16 1e-20
8342.499242 1.582501e-16 1e-20
8345.467659 1.636646e-16 1e-20
8348.436076 1.629112e-16 1e-20
8351.404492 1.673172e-16 1e-20
8354.372909 1.632258e-16 1e-20
8357.341326 1.66238e-16 1e-20
8360.309743 1.750687e-16 1e-20
8363.27816 1.725355e-16 1e-20
8366.246576 1.821874e-16 1e-20
8369.214993 1.714913e-16 1e-20
8372.18341 1.719078e-16 1e-20
8375.151827 1.698745e-16 1e-20
8378.120244 1.783887e-16 1e-20
8381.088661 1.783231e-16 1e-20
8384.057077 1.714645e-16 1e-20
8387.025494 1.776697e-16 1e-20
8389.993911 1.875959e-16 1e-20
8392.962328 1.984664e-16 1e-20
8395.930745 1.874569e-16 1e-20
8398.899161 1.886463e-16 1e-20
8401.867578 2.110857e-16 1e-20
8404.835995 1.730112e-16 1e-20
8407.804412 1.75527e-16 1e-20
8410.772829 1.910617e-16 1e-20
8413.741245 1.769302e-16 1e-20
8416.709662 2.010558e-16 1e-20
8419.678079 1.739171e-16 1e-20
8422.646496 1.596675e-16 1e-20
8425.614913 1.778985e-16 1e-20
8428.58333 1.612054e-16 1e-20
8431.551746 1.698943e-16 1e-20
8434.520163 1.860723e-16 1e-20
8437.48858 1.731993e-16 1e-20
8440.456997 1.908439e-16 1e-20
8443.425414 2.080479e-16 1e-20
8446.39383 1.621464e-16 1e-20
8449.362247 1.897276e-16 1e-20
8452.330664 1.774701e-16 1e-20
8455.299081 1.74321e-16 1e-20
8458.267498 1.769366e-16 1e-20
8461.235915 1.887667e-16 1e-20
8464.204331 1.93347e-16 1e-20
8467.172748 2.042447e-16 1e-20
8470.141165 1.97704e-16 1e-20
8473.109582 1.934941e-16 1e-20
8476.077999 1.839689e-16 1e-20
8479.046415 1.759867e-16 1e-20
8482.014832 2.298764e-16 1e-20
8484.983249 1.918213e-16 1e-20
8487.951666 1.767584e-16 1e-20
8490.920083 1.732898e-16 1e-20
8493.888499 1.800906e-16 1e-20
8496.856916 1.772036e-16 1e-20
8499.825333 1.862439e-16 1e-20
8502.79375 1.805679e-16 1e-20
8505.762167 1.864328e-16 1e-20
8508.730584 2.035522e-16 1e-20
8511.699 1.712786e-16 1e-20
8514.667417 1.637609e-16 1e-20
8517.635834 1.755484e-16 1e-20
8520.604251 1.895608e-16 1e-20
8523.572668 1.928334e-16 1e-20
8526.541084 1.895749e-16 1e-20
8529.509501 1.736614e-16 1e-20
8532.477918 1.708199e-16 1e-20
8535.446335 1.795374e-16 1e-20
8538.414752 1.731444e-16 1e-20
8541.383169 1.805925e-16 1e-20
8544.351585 1.635644e-16 1e-20
8547.320002 1.721414e-16 1e-20
8550.288419 2.1215e-16 1e-20
8553.256836 1.72274e-16 1e-20
8556.225253 1.659368e-16 1e-20
8559.193669 1.65571e-16 1e-20
8562.162086 1.974556e-16 1e-20
8565.130503 1.884963e-16 1e-20
8568.09892 1.930419e-16 1e-20
8571.067337 1.651071e-16 1e-20
8574.035753 1.894585e-16 1e-20
8577.00417 1.936357e-16 1e-20
8579.972587 1.790079e-16 1e-20
8582.941004 2.077738e-16 1e-20
8585.909421 2.013539e-16 1e-20
8588.877838 2.065403e-16 1e-20
8591.846254 1.818207e-16 1e-20
8594.814671 1.814668e-16 1e-20
8597.783088 1.939887e-16 1e-20
8600.751505 2.045277e-16 1e-20
8603.719922 2.024019e-16 1e-20
8606.688338 1.927065e-16 1e-20
8609.656755 1.937448e-16 1e-20
8612.625172 2.125617e-16 1e-20
8615.593589 2.1045e-16 1e-20
8618.562006 2.183588e-16 1e-20
8621.530423 2.114415e-16 1e-20
8624.498839 1.782713e-16 1e-20
8627.467256 1.792074e-16 1e-20
8630.435673 1.817187e-16 1e-20
8633.40409 1.658775e-16 1e-20
8636.372507 1.931496e-16 1e-20
8639.340923 1.945751e-16 1e-20
8642.30934 1.778042e-16 1e-20
8645.277757 1.708621e-16 1e-20
8648.246174 1.772953e-16 1e-20
8651.214591 1.839714e-16 1e-20
8654.183008 1.573705e-16 1e-20
8657.151424 1.717114e-16 1e-20
8660.119841 1.850414e-16 1e-20
8663.088258 1.622894e-16 1e-20
8666.056675 1.5797e-16 1e-20
8669.025092 2.01845e-16 1e-20
8671.993508 1.774093e-16 1e-20
8674.961925 1.811071e-16 1e-20
8677.930342 1.836039e-16 1e-20
8680.898759 1.728721e-16 1e-20
8683.867176 1.68875e-16 1e-20
8686.835592 1.708909e-16 1e-20
8689.804009 1.671941e-16 1e-20
8692.772426 1.972405e-16 1e-20
8695.740843 1.866727e-16 1e-20
8698.70926 1.728481e-16 1e-20
8701.677677 1.980863e-16 1e-20
8704.646093 1.676703e-16 1e-20
8707.61451 1.301382e-16 1e-20
8710.582927 1.67601e-16 1e-20
8713.551344 1.740817e-16 1e-20
8716.519761 1.969862e-16 1e-20
8719.488177 1.962374e-16 1e-20
8722.456594 1.841434e-16 1e-20
8725.425011 2.033773e-16 1e-20
8728.393428 1.820335e-16 1e-20
8731.361845 1.906119e-16 1e-20
8734.330262 2.012839e-16 1e-20
8737.298678 1.5933e-16 1e-20
8740.267095 1.360122e-16 1e-20
8743.235512 1.447734e-16 1e-20
8746.203929 1.511087e-16 1e-20
8749.172346 1.380905e-16 1e-20
8752.140762 1.483247e-16 1e-20
8755.109179 1.557904e-16 1e-20
8758.077596 1.62758e-16 1e-20
8761.046013 1.495433e-16 1e-20
8764.01443 1.716607e-16 1e-20
8766.982846 1.775741e-16 1e-20
8769.951263 1.5446e-16 1e-20
8772.91968 1.339766e-16 1e-20
8775.888097 1.366578e-16 1e-20
8778.856514 1.695728e-16 1e-20
8781.824931 1.750349e-16 1e-20
8784.793347 1.418606e-16 1e-20
8787.761764 1.486618e-16 1e-20
8790.730181 1.674757e-16 1e-20
8793.698598 1.678147e-16 1e-20
8796.667015 1.562348e-16 1e-20
8799.635431 1.737332e-16 1e-20
8802.603848 1.720981e-16 1e-20
8805.572265 1.474632e-16 1e-20
8808.540682 1.469574e-16 1e-20
8811.509099 1.501569e-16 1e-20
8814.477516 1.587865e-16 1e-20
8817.445932 1.467717e-16 1e-20
8820.414349 1.522437e-16 1e-20
8823.382766 1.780163e-16 1e-20
8826.351183 1.799129e-16 1e-20
8829.3196 1.805861e-16 1e-20
8832.288016 1.499258e-16 1e-20
8835.256433 1.768023e-16 1e-20
8838.22485 1.589673e-16 1e-20
8841.193267 1.747101e-16 1e-20
8844.161684 1.72246e-16 1e-20
8847.1301 1.527829e-16 1e-20
8850.098517 1.504333e-16 1e-20
8853.066934 1.619962e-16 1e-20
8856.035351 1.571869e-16 1e-20
8859.003768 1.514897e-16 1e-20
8861.972185 1.358776e-16 1e-20
8864.940601 1.341902e-16 1e-20
8867.909018 1.570482e-16 1e-20
8870.877435 1.534798e-16 1e-20
8873.845852 1.538346e-16 1e-20
8876.814269 1.36933e-16 1e-20
8879.782685 1.45394e-16 1e-20
8882.751102 1.160591e-16 1e-20
8885.719519 1.830273e-16 1e-20
8888.687936 2.106263e-16 1e-20
8891.656353 1.788675e-16 1e-20
8894.62477 1.234656e-16 1e-20
8897.593186 1.390081e-16 1e-20
8900.561603 1.69264e-16 1e-20
8903.53002 1.517041e-16 1e-20
8906.498437 1.420573e-16 1e-20
8909.466854 1.319009e-16 1e-20
8912.43527 1.334113e-16 1e-20
8915.403687 1.214382e-16 1e-20
8918.372104 1.278609e-16 1e-20
8921.340521 1.515616e-16 1e-20
8924.308938 1.475679e-16 1e-20
8927.277354 1.278304e-16 1e-20
8930.245771 1.403479e-16 1e-20
8933.214188 1.493045e-16 1e-20
8936.182605 1.622946e-16 1e-20
8939.151022 1.402561e-16 1e-20
8942.119439 1.340923e-16 1e-20
8945.087855 1.341319e-16 1e-20
8948.056272 1.163221e-16 1e-20
8951.024689 1.499287e-16 1e-20
8953.993106 1.870329e-16 1e-20
8956.961523 1.645183e-16 1e-20
8959.929939 1.396917e-16 1e-20
8962.898356 1.462455e-16 1e-20
8965.866773 1.210416e-16 1e-20
8968.83519 1.420781e-16 1e-20
8971.803607 1.477346e-16 1e-20
8974.772024 1.386893e-16 1e-20
8977.74044 1.431482e-16 1e-20
8980.708857 1.676465e-16 1e-20
8983.677274 1.525003e-16 1e-20
8986.645691 1.331377e-16 1e-20
8989.614108 1.53875e-16 1e-20
8992.582524 1.335583e-16 1e-20
8995.550941 1.280615e-16 1e-20
8998.519358 1.401922e-16 1e-20
9001.487775 1.269523e-16 1e-20
9004.456192 1.179346e-16 1e-20
9007.424609 1.202927e-16 1e-20
9010.393025 1.452683e-16 1e-20
9013.361442 1.485844e-16 1e-20
