3110.0 1.06382 1e-20
3112.0 1.04323 1e-20
3114.0 2.27696 1e-20
3116.0 1.53719 1e-20
3118.0 1.66179 1e-20
3120.0 2.09328 1e-20
3122.0 2.27953 1e-20
3124.0 2.39107 1e-20
3126.0 1.7643 1e-20
3128.0 2.37888 1e-20
3130.0 2.56571 1e-20
3132.0 1.67046 1e-20
3134.0 0.693231 1e-20
3136.0 1.77166 1e-20
3138.0 1.81124 1e-20
3140.0 1.5454 1e-20
3142.0 1.35238 1e-20
3144.0 1.20951 1e-20
3146.0 1.60431 1e-20
3148.0 1.11122 1e-20
3150.0 1.26518 1e-20
3152.0 2.16822 1e-20
3154.0 2.90498 1e-20
3156.0 2.42272 1e-20
3158.0 2.00171 1e-20
3160.0 1.71757 1e-20
3162.0 1.5971 1e-20
3164.0 1.6275 1e-20
3166.0 1.83889 1e-20
3168.0 2.00748 1e-20
3170.0 1.9818 1e-20
3172.0 1.74442 1e-20
3174.0 1.53589 1e-20
3176.0 1.85016 1e-20
3178.0 2.03852 1e-20
3180.0 2.23343 1e-20
3182.0 2.3076 1e-20
3184.0 2.12693 1e-20
3186.0 1.67484 1e-20
3188.0 1.37477 1e-20
3190.0 1.59978 1e-20
3192.0 1.90305 1e-20
3194.0 1.96899 1e-20
3196.0 1.86081 1e-20
3198.0 1.67486 1e-20
3200.0 1.84452 1e-20
3202.0 1.76883 1e-20
3204.0 1.56816 1e-20
3206.0 1.85311 1e-20
3208.0 1.91356 1e-20
3210.0 1.91714 1e-20
3212.0 1.76311 1e-20
3214.0 1.60155 1e-20
3216.0 1.66243 1e-20
3218.0 1.84662 1e-20
3220.0 1.73144 1e-20
3222.0 1.63701 1e-20
3224.0 1.65672 1e-20
3226.0 1.71026 1e-20
3228.0 1.66982 1e-20
3230.0 1.72364 1e-20
3232.0 1.5836 1e-20
3234.0 1.43794 1e-20
3236.0 1.4671 1e-20
3238.0 1.38894 1e-20
3240.0 1.34356 1e-20
3242.0 1.61098 1e-20
3244.0 1.78946 1e-20
3246.0 1.6846 1e-20
3248.0 1.79626 1e-20
3250.0 1.47921 1e-20
3252.0 1.36362 1e-20
3254.0 1.38249 1e-20
3256.0 1.41774 1e-20
3258.0 1.45299 1e-20
3260.0 1.48824 1e-20
3262.0 1.48824 1e-20
3264.0 1.56325 1e-20
3266.0 1.42285 1e-20
3268.0 1.29975 1e-20
3270.0 1.59097 1e-20
3272.0 1.528 1e-20
3274.0 1.46258 1e-20
3276.0 1.51198 1e-20
3278.0 1.49961 1e-20
3280.0 1.42997 1e-20
3282.0 1.50466 1e-20
3284.0 1.32448 1e-20
3286.0 1.13633 1e-20
3288.0 1.37064 1e-20
3290.0 1.50655 1e-20
3292.0 1.15863 1e-20
3294.0 1.12066 1e-20
3296.0 1.23193 1e-20
3298.0 1.09226 1e-20
3300.0 1.16694 1e-20
3302.0 1.11865 1e-20
3304.0 1.30002 1e-20
3306.0 1.48228 1e-20
3308.0 1.4229 1e-20
3310.0 1.35807 1e-20
3312.0 1.35343 1e-20
3314.0 1.20659 1e-20
3316.0 1.06242 1e-20
3318.0 1.01827 1e-20
3320.0 0.918621 1e-20
3322.0 0.861414 1e-20
3324.0 0.947058 1e-20
3326.0 1.11657 1e-20
3328.0 1.27519 1e-20
3330.0 1.34581 1e-20
3332.0 1.14335 1e-20
3334.0 1.02501 1e-20
3336.0 1.07206 1e-20
3338.0 1.16635 1e-20
3340.0 1.11368 1e-20
3342.0 1.17198 1e-20
3344.0 1.09464 1e-20
3346.0 1.10144 1e-20
3348.0 1.19573 1e-20
3350.0 1.21935 1e-20
3352.0 1.34809 1e-20
3354.0 1.23472 1e-20
3356.0 1.10021 1e-20
3358.0 1.06769 1e-20
3360.0 1.12023 1e-20
3362.0 1.13354 1e-20
3364.0 1.05851 1e-20
3366.0 1.04722 1e-20
3368.0 1.12759 1e-20
3370.0 1.21928 1e-20
3372.0 1.16677 1e-20
3374.0 1.14825 1e-20
3376.0 1.01501 1e-20
3378.0 0.999257 1e-20
3380.0 1.19371 1e-20
3382.0 1.14275 1e-20
3384.0 1.15164 1e-20
3386.0 1.10677 1e-20
3388.0 1.09747 1e-20
3390.0 1.18229 1e-20
3392.0 1.27836 1e-20
3394.0 1.2546 1e-20
3396.0 1.25042 1e-20
3398.0 1.27083 1e-20
3400.0 1.3021 1e-20
3402.0 1.34256 1e-20
3404.0 1.33856 1e-20
3406.0 1.31201 1e-20
3408.0 1.30389 1e-20
3410.0 1.29562 1e-20
3412.0 1.23514 1e-20
3414.0 1.24148 1e-20
3416.0 1.3829 1e-20
3418.0 1.45297 1e-20
3420.0 1.38555 1e-20
3422.0 1.28629 1e-20
3424.0 1.34979 1e-20
3426.0 1.45006 1e-20
3428.0 1.47844 1e-20
3430.0 1.44597 1e-20
3432.0 1.4346 1e-20
3434.0 1.49107 1e-20
3436.0 1.47001 1e-20
3438.0 1.40911 1e-20
3440.0 1.32908 1e-20
3442.0 1.26786 1e-20
3444.0 1.32134 1e-20
3446.0 1.49494 1e-20
3448.0 1.49809 1e-20
3450.0 1.42401 1e-20
3452.0 1.42449 1e-20
3454.0 1.44462 1e-20
3456.0 1.30312 1e-20
3458.0 1.34498 1e-20
3460.0 1.42553 1e-20
3462.0 1.43273 1e-20
3464.0 1.52362 1e-20
3466.0 1.55542 1e-20
3468.0 1.50722 1e-20
3470.0 1.50039 1e-20
3472.0 1.55003 1e-20
3474.0 1.52066 1e-20
3476.0 1.44179 1e-20
3478.0 1.44962 1e-20
3480.0 1.48868 1e-20
3482.0 1.50329 1e-20
3484.0 1.49061 1e-20
3486.0 1.54293 1e-20
3488.0 1.58105 1e-20
3490.0 1.62912 1e-20
3492.0 1.62278 1e-20
3494.0 1.50936 1e-20
3496.0 1.59114 1e-20
3498.0 1.64603 1e-20
3500.0 1.66203 1e-20
3502.0 1.67254 1e-20
3504.0 1.70156 1e-20
3506.0 1.66284 1e-20
3508.0 1.71669 1e-20
3510.0 1.76177 1e-20
3512.0 1.79598 1e-20
3514.0 1.83557 1e-20
3516.0 1.81062 1e-20
3518.0 1.85227 1e-20
3520.0 1.86781 1e-20
3522.0 1.84994 1e-20
3524.0 1.82935 1e-20
3526.0 1.83909 1e-20
3528.0 1.93158 1e-20
3530.0 1.90084 1e-20
3532.0 1.88446 1e-20
3534.0 1.97475 1e-20
3536.0 2.04444 1e-20
3538.0 1.96856 1e-20
3540.0 2.00168 1e-20
3542.0 2.01134 1e-20
3544.0 1.99821 1e-20
3546.0 2.15848 1e-20
3548.0 2.18102 1e-20
3550.0 2.17118 1e-20
3552.0 2.12595 1e-20
3554.0 2.09402 1e-20
3556.0 2.14634 1e-20
3558.0 2.16697 1e-20
3560.0 2.20656 1e-20
3562.0 2.22168 1e-20
3564.0 2.22589 1e-20
3566.0 2.25494 1e-20
3568.0 2.22722 1e-20
3570.0 2.24888 1e-20
3572.0 2.31953 1e-20
3574.0 2.40177 1e-20
3576.0 2.44847 1e-20
3578.0 2.43816 1e-20
3580.0 2.44023 1e-20
3582.0 2.49196 1e-20
3584.0 2.52331 1e-20
3586.0 2.49232 1e-20
3588.0 2.53349 1e-20
3590.0 2.65473 1e-20
3592.0 2.62263 1e-20
3594.0 2.58529 1e-20
3596.0 2.65431 1e-20
3598.0 2.6192 1e-20
3600.0 2.71894 1e-20
3602.0 2.89251 1e-20
3604.0 2.9977 1e-20
3606.0 2.9532 1e-20
3608.0 2.82349 1e-20
3610.0 3.01371 1e-20
3612.0 2.97699 1e-20
3614.0 2.93969 1e-20
3616.0 3.04104 1e-20
3618.0 3.12288 1e-20
3620.0 2.98079 1e-20
3622.0 2.98695 1e-20
3624.0 3.03097 1e-20
3626.0 3.0628 1e-20
3628.0 3.12322 1e-20
3630.0 3.04491 1e-20
3632.0 3.14505 1e-20
3634.0 3.25075 1e-20
3636.0 3.27621 1e-20
3638.0 3.25003 1e-20
3640.0 3.21536 1e-20
3642.0 3.26764 1e-20
3644.0 3.33787 1e-20
3646.0 3.35664 1e-20
3648.0 3.34852 1e-20
3650.0 3.59544 1e-20
3652.0 3.62014 1e-20
3654.0 3.6857 1e-20
3656.0 3.69314 1e-20
3658.0 3.56285 1e-20
3660.0 3.6258 1e-20
3662.0 3.61855 1e-20
3664.0 3.642 1e-20
3666.0 3.64666 1e-20
3668.0 3.60928 1e-20
3670.0 3.63097 1e-20
3672.0 3.63113 1e-20
3674.0 3.66931 1e-20
3676.0 3.74509 1e-20
3678.0 3.79478 1e-20
3680.0 3.71677 1e-20
3682.0 3.61727 1e-20
3684.0 3.65672 1e-20
3686.0 3.6531 1e-20
3688.0 3.55953 1e-20
3690.0 3.54815 1e-20
3692.0 3.70629 1e-20
3694.0 3.69723 1e-20
3696.0 3.66992 1e-20
3698.0 3.68522 1e-20
3700.0 3.67079 1e-20
3702.0 3.62249 1e-20
3704.0 3.5862 1e-20
3706.0 3.59116 1e-20
3708.0 3.63126 1e-20
3710.0 3.68431 1e-20
3712.0 3.78613 1e-20
3714.0 3.64137 1e-20
3716.0 3.61214 1e-20
3718.0 3.6557 1e-20
3720.0 3.57859 1e-20
3722.0 3.48039 1e-20
3724.0 3.47644 1e-20
3726.0 3.53299 1e-20
3728.0 3.57502 1e-20
3730.0 3.54628 1e-20
3732.0 3.468 1e-20
3734.0 3.41009 1e-20
3736.0 3.34934 1e-20
3738.0 3.31732 1e-20
3740.0 3.31994 1e-20
3742.0 3.29609 1e-20
3744.0 3.18604 1e-20
3746.0 3.11005 1e-20
3748.0 3.05884 1e-20
3750.0 2.98409 1e-20
3752.0 2.84797 1e-20
3754.0 2.72898 1e-20
3756.0 2.60575 1e-20
3758.0 2.53336 1e-20
3760.0 2.53822 1e-20
3762.0 2.58448 1e-20
3764.0 2.53537 1e-20
3766.0 2.39777 1e-20
3768.0 2.28736 1e-20
3770.0 2.26865 1e-20
3772.0 2.31637 1e-20
3774.0 2.30959 1e-20
3776.0 2.18696 1e-20
3778.0 2.10603 1e-20
3780.0 2.07461 1e-20
3782.0 2.0124 1e-20
3784.0 1.97046 1e-20
3786.0 1.91215 1e-20
3788.0 1.81278 1e-20
3790.0 1.78331 1e-20
3792.0 1.86644 1e-20
3794.0 1.72835 1e-20
3796.0 1.67954 1e-20
3798.0 1.66592 1e-20
3800.0 1.65503 1e-20
3802.0 1.621 1e-20
3804.0 1.54001 1e-20
3806.0 1.53313 1e-20
3808.0 1.51797 1e-20
3810.0 1.5092 1e-20
3812.0 1.50627 1e-20
3814.0 1.44111 1e-20
3816.0 1.40836 1e-20
3818.0 1.41442 1e-20
3820.0 1.42245 1e-20
3822.0 1.41042 1e-20
3824.0 1.39381 1e-20
3826.0 1.37173 1e-20
3828.0 1.39668 1e-20
3830.0 1.43424 1e-20
3832.0 1.44037 1e-20
3834.0 1.40513 1e-20
3836.0 1.47316 1e-20
3838.0 1.56701 1e-20
3840.0 1.59153 1e-20
3842.0 1.57973 1e-20
3844.0 1.63387 1e-20
3846.0 1.66005 1e-20
3848.0 1.63362 1e-20
3850.0 1.67909 1e-20
3852.0 1.78662 1e-20
3854.0 1.85968 1e-20
3856.0 1.83799 1e-20
3858.0 2.15327 1e-20
3860.0 1.93168 1e-20
3862.0 1.65852 1e-20
3864.0 1.98685 1e-20
3866.0 2.01956 1e-20
3868.0 2.02129 1e-20
3870.0 2.05315 1e-20
3872.0 2.05463 1e-20
3874.0 1.99177 1e-20
3876.0 1.99567 1e-20
3878.0 1.89889 1e-20
3880.0 1.89779 1e-20
3882.0 1.94351 1e-20
3884.0 1.95329 1e-20
3886.0 1.92876 1e-20
3888.0 1.89117 1e-20
3890.0 1.91161 1e-20
3892.0 1.87991 1e-20
3894.0 1.81011 1e-20
3896.0 1.88708 1e-20
3898.0 1.88689 1e-20
3900.0 1.86019 1e-20
3902.0 1.82665 1e-20
3904.0 1.81512 1e-20
3906.0 1.84512 1e-20
3908.0 1.81553 1e-20
3910.0 1.83748 1e-20
3912.0 1.86207 1e-20
3914.0 1.87376 1e-20
3916.0 1.89127 1e-20
3918.0 1.88426 1e-20
3920.0 1.90684 1e-20
3922.0 1.92315 1e-20
3924.0 1.92801 1e-20
3926.0 1.93401 1e-20
3928.0 1.92835 1e-20
3930.0 1.91837 1e-20
3932.0 1.89672 1e-20
3934.0 1.90131 1e-20
3936.0 1.96539 1e-20
3938.0 2.06072 1e-20
3940.0 2.10125 1e-20
3942.0 2.16937 1e-20
3944.0 2.23838 1e-20
3946.0 2.26302 1e-20
3948.0 2.25053 1e-20
3950.0 2.30144 1e-20
3952.0 2.35812 1e-20
3954.0 2.46579 1e-20
3956.0 2.60578 1e-20
3958.0 2.63475 1e-20
3960.0 2.62953 1e-20
3962.0 2.67435 1e-20
3964.0 2.74427 1e-20
3966.0 2.8109 1e-20
3968.0 2.88279 1e-20
3970.0 3.00903 1e-20
3972.0 3.11905 1e-20
3974.0 3.19237 1e-20
3976.0 3.23942 1e-20
3978.0 3.28792 1e-20
3980.0 3.33895 1e-20
3982.0 3.37561 1e-20
3984.0 3.39699 1e-20
3986.0 3.40233 1e-20
3988.0 3.3958 1e-20
3990.0 3.40522 1e-20
3992.0 3.43894 1e-20
3994.0 3.46845 1e-20
3996.0 3.49159 1e-20
3998.0 3.50702 1e-20
4000.0 3.44541 1e-20
4002.0 3.45812 1e-20
4004.0 3.49739 1e-20
4006.0 3.49405 1e-20
4008.0 3.42986 1e-20
4010.0 3.41951 1e-20
4012.0 3.45362 1e-20
4014.0 3.41343 1e-20
4016.0 3.34482 1e-20
4018.0 3.3414 1e-20
4020.0 3.44647 1e-20
4022.0 3.43765 1e-20
4024.0 3.41723 1e-20
4026.0 3.41102 1e-20
4028.0 3.41711 1e-20
4030.0 3.42581 1e-20
4032.0 3.49952 1e-20
4034.0 3.52949 1e-20
4036.0 3.52531 1e-20
4038.0 3.52989 1e-20
4040.0 3.57946 1e-20
4042.0 3.63622 1e-20
4044.0 3.67035 1e-20
4046.0 3.65985 1e-20
4048.0 3.64341 1e-20
4050.0 3.68981 1e-20
4052.0 3.74244 1e-20
4054.0 3.74778 1e-20
4056.0 3.74347 1e-20
4058.0 3.70623 1e-20
4060.0 3.61058 1e-20
4062.0 3.64994 1e-20
4064.0 3.68007 1e-20
4066.0 3.60172 1e-20
4068.0 3.52248 1e-20
4070.0 3.57128 1e-20
4072.0 3.55248 1e-20
4074.0 3.52344 1e-20
4076.0 3.44278 1e-20
4078.0 3.36083 1e-20
4080.0 3.32237 1e-20
4082.0 3.25037 1e-20
4084.0 3.24606 1e-20
4086.0 3.2031 1e-20
4088.0 3.11204 1e-20
4090.0 3.03951 1e-20
4092.0 3.10443 1e-20
4094.0 3.06914 1e-20
4096.0 2.99117 1e-20
4098.0 2.95036 1e-20
4100.0 2.96317 1e-20
4102.0 2.94731 1e-20
4104.0 2.92112 1e-20
4106.0 2.87884 1e-20
4108.0 2.87739 1e-20
4110.0 2.90771 1e-20
4112.0 2.88792 1e-20
4114.0 2.8769 1e-20
4116.0 2.95732 1e-20
4118.0 3.04864 1e-20
4120.0 3.09043 1e-20
4122.0 3.08505 1e-20
4124.0 3.09599 1e-20
4126.0 3.15307 1e-20
4128.0 3.16048 1e-20
4130.0 3.12003 1e-20
4132.0 3.11062 1e-20
4134.0 3.17675 1e-20
4136.0 3.21689 1e-20
4138.0 3.24518 1e-20
4140.0 3.26075 1e-20
4142.0 3.26108 1e-20
4144.0 3.27022 1e-20
4146.0 3.29385 1e-20
4148.0 3.32742 1e-20
4150.0 3.39839 1e-20
4152.0 3.50559 1e-20
4154.0 3.55689 1e-20
4156.0 3.57901 1e-20
4158.0 3.62123 1e-20
4160.0 3.65507 1e-20
4162.0 3.65583 1e-20
4164.0 3.65912 1e-20
4166.0 3.63007 1e-20
4168.0 3.6546 1e-20
4170.0 3.67438 1e-20
4172.0 3.66488 1e-20
4174.0 3.69881 1e-20
4176.0 3.72312 1e-20
4178.0 3.70413 1e-20
4180.0 3.70459 1e-20
4182.0 3.72523 1e-20
4184.0 3.69245 1e-20
4186.0 3.69188 1e-20
4188.0 3.66506 1e-20
4190.0 3.66216 1e-20
4192.0 3.68156 1e-20
4194.0 3.67748 1e-20
4196.0 3.70345 1e-20
4198.0 3.66814 1e-20
4200.0 3.61558 1e-20
4202.0 3.57154 1e-20
4204.0 3.5374 1e-20
4206.0 3.51603 1e-20
4208.0 3.52101 1e-20
4210.0 3.48638 1e-20
4212.0 3.46348 1e-20
4214.0 3.50457 1e-20
4216.0 3.46696 1e-20
4218.0 3.37075 1e-20
4220.0 3.35126 1e-20
4222.0 3.39419 1e-20
4224.0 3.43218 1e-20
4226.0 3.45808 1e-20
4228.0 3.40441 1e-20
4230.0 3.39066 1e-20
4232.0 3.32838 1e-20
4234.0 3.20797 1e-20
4236.0 3.26119 1e-20
4238.0 3.29733 1e-20
4240.0 3.21299 1e-20
4242.0 3.16954 1e-20
4244.0 3.20945 1e-20
4246.0 3.13926 1e-20
4248.0 3.20645 1e-20
4250.0 3.21817 1e-20
4252.0 3.19316 1e-20
4254.0 3.15227 1e-20
4256.0 3.08588 1e-20
4258.0 3.0897 1e-20
4260.0 3.10725 1e-20
4262.0 3.09378 1e-20
4264.0 3.06478 1e-20
4266.0 3.07123 1e-20
4268.0 3.07091 1e-20
4270.0 3.13324 1e-20
4272.0 3.18092 1e-20
4274.0 3.18068 1e-20
4276.0 3.16065 1e-20
4278.0 3.21354 1e-20
4280.0 3.20756 1e-20
4282.0 3.17168 1e-20
4284.0 3.1499 1e-20
4286.0 3.16679 1e-20
4288.0 3.18364 1e-20
4290.0 3.2188 1e-20
4292.0 3.22101 1e-20
4294.0 3.18703 1e-20
4296.0 3.14938 1e-20
4298.0 3.16306 1e-20
4300.0 3.10617 1e-20
4302.0 3.04078 1e-20
4304.0 2.99815 1e-20
4306.0 2.97675 1e-20
4308.0 2.94086 1e-20
4310.0 2.92478 1e-20
4312.0 2.8365 1e-20
4314.0 2.7873 1e-20
4316.0 2.8164 1e-20
4318.0 2.80615 1e-20
4320.0 2.76161 1e-20
4322.0 2.75778 1e-20
4324.0 2.78658 1e-20
4326.0 2.79457 1e-20
4328.0 2.72029 1e-20
4330.0 2.60227 1e-20
4332.0 2.59384 1e-20
4334.0 2.59 1e-20
4336.0 2.55637 1e-20
4338.0 2.5445 1e-20
4340.0 2.5608 1e-20
4342.0 2.55322 1e-20
4344.0 2.50489 1e-20
4346.0 2.44032 1e-20
4348.0 2.39346 1e-20
4350.0 2.33371 1e-20
4352.0 2.32146 1e-20
4354.0 2.33095 1e-20
4356.0 2.29258 1e-20
4358.0 2.19255 1e-20
4360.0 2.21086 1e-20
4362.0 2.24856 1e-20
4364.0 2.23229 1e-20
4366.0 2.19197 1e-20
4368.0 2.16982 1e-20
4370.0 2.12811 1e-20
4372.0 2.13651 1e-20
4374.0 2.167 1e-20
4376.0 2.16351 1e-20
4378.0 2.10232 1e-20
4380.0 2.02721 1e-20
4382.0 2.01786 1e-20
4384.0 2.02732 1e-20
4386.0 2.0201 1e-20
4388.0 1.9866 1e-20
4390.0 1.94765 1e-20
4392.0 1.9127 1e-20
4394.0 1.84888 1e-20
4396.0 1.84197 1e-20
4398.0 1.87058 1e-20
4400.0 1.82133 1e-20
4402.0 1.8613 1e-20
4404.0 1.82406 1e-20
4406.0 1.81701 1e-20
4408.0 1.84479 1e-20
4410.0 1.82211 1e-20
4412.0 1.77771 1e-20
4414.0 1.78138 1e-20
4416.0 1.81892 1e-20
4418.0 1.85573 1e-20
4420.0 1.8608 1e-20
4422.0 1.83912 1e-20
4424.0 1.81607 1e-20
4426.0 1.83368 1e-20
4428.0 1.86567 1e-20
4430.0 1.86992 1e-20
4432.0 1.8594 1e-20
4434.0 1.89617 1e-20
4436.0 1.90988 1e-20
4438.0 1.89083 1e-20
4440.0 1.87105 1e-20
4442.0 1.90542 1e-20
4444.0 1.92161 1e-20
4446.0 1.93969 1e-20
4448.0 1.96949 1e-20
4450.0 1.99034 1e-20
4452.0 1.94902 1e-20
4454.0 1.99785 1e-20
4456.0 2.03667 1e-20
4458.0 2.0653 1e-20
4460.0 2.07801 1e-20
4462.0 2.048 1e-20
4464.0 2.094 1e-20
4466.0 2.12435 1e-20
4468.0 2.13251 1e-20
4470.0 2.13558 1e-20
4472.0 2.15399 1e-20
4474.0 2.17347 1e-20
4476.0 2.22272 1e-20
4478.0 2.19453 1e-20
4480.0 2.1376 1e-20
4482.0 2.1816 1e-20
4484.0 2.20023 1e-20
4486.0 2.211 1e-20
4488.0 2.24304 1e-20
4490.0 2.27283 1e-20
4492.0 2.27301 1e-20
4494.0 2.32203 1e-20
4496.0 2.34068 1e-20
4498.0 2.32663 1e-20
4500.0 2.33038 1e-20
4502.0 2.38174 1e-20
4504.0 2.39568 1e-20
4506.0 2.42326 1e-20
4508.0 2.43966 1e-20
4510.0 2.43192 1e-20
4512.0 2.42806 1e-20
4514.0 2.51883 1e-20
4516.0 2.50442 1e-20
4518.0 2.44769 1e-20
4520.0 2.40199 1e-20
4522.0 2.39517 1e-20
4524.0 2.41377 1e-20
4526.0 2.45142 1e-20
4528.0 2.41135 1e-20
4530.0 2.36021 1e-20
4532.0 2.33922 1e-20
4534.0 2.31163 1e-20
4536.0 2.29421 1e-20
4538.0 2.29586 1e-20
4540.0 2.27993 1e-20
4542.0 2.24844 1e-20
4544.0 2.23514 1e-20
4546.0 2.17616 1e-20
4548.0 2.20062 1e-20
4550.0 2.26501 1e-20
4552.0 2.28433 1e-20
4554.0 2.21433 1e-20
4556.0 2.2262 1e-20
4558.0 2.26472 1e-20
4560.0 2.28486 1e-20
4562.0 2.29514 1e-20
4564.0 2.32464 1e-20
4566.0 2.35348 1e-20
4568.0 2.36912 1e-20
4570.0 2.35217 1e-20
4572.0 2.37736 1e-20
4574.0 2.47377 1e-20
4576.0 2.4541 1e-20
4578.0 2.46755 1e-20
4580.0 2.5019 1e-20
4582.0 2.52329 1e-20
4584.0 2.51717 1e-20
4586.0 2.52307 1e-20
4588.0 2.63026 1e-20
4590.0 2.64823 1e-20
4592.0 2.62134 1e-20
4594.0 2.64751 1e-20
4596.0 2.77082 1e-20
4598.0 2.77133 1e-20
4600.0 2.74257 1e-20
4602.0 2.74988 1e-20
4604.0 2.78567 1e-20
4606.0 2.77548 1e-20
4608.0 2.77065 1e-20
4610.0 2.77483 1e-20
4612.0 2.77844 1e-20
4614.0 2.7873 1e-20
4616.0 2.81675 1e-20
4618.0 2.84589 1e-20
4620.0 2.80187 1e-20
4622.0 2.78554 1e-20
4624.0 2.80802 1e-20
4626.0 2.81123 1e-20
4628.0 2.81121 1e-20
4630.0 2.80809 1e-20
4632.0 2.81961 1e-20
4634.0 2.8092 1e-20
4636.0 2.75731 1e-20
4638.0 2.79507 1e-20
4640.0 2.82884 1e-20
4642.0 2.83978 1e-20
4644.0 2.81437 1e-20
4646.0 2.75869 1e-20
4648.0 2.70339 1e-20
4650.0 2.72704 1e-20
4652.0 2.74107 1e-20
4654.0 2.71327 1e-20
4656.0 2.67644 1e-20
4658.0 2.72731 1e-20
4660.0 2.79991 1e-20
4662.0 2.81967 1e-20
4664.0 2.77475 1e-20
4666.0 2.70129 1e-20
4668.0 2.66242 1e-20
4670.0 2.6724 1e-20
4672.0 2.64745 1e-20
4674.0 2.62597 1e-20
4676.0 2.61954 1e-20
4678.0 2.58899 1e-20
4680.0 2.59957 1e-20
4682.0 2.6145 1e-20
4684.0 2.62639 1e-20
4686.0 2.62236 1e-20
4688.0 2.59476 1e-20
4690.0 2.60654 1e-20
4692.0 2.59021 1e-20
4694.0 2.59219 1e-20
4696.0 2.63017 1e-20
4698.0 2.67501 1e-20
4700.0 2.63401 1e-20
4702.0 2.63895 1e-20
4704.0 2.63926 1e-20
4706.0 2.63584 1e-20
4708.0 2.65132 1e-20
4710.0 2.66671 1e-20
4712.0 2.67883 1e-20
4714.0 2.66069 1e-20
4716.0 2.66787 1e-20
4718.0 2.7281 1e-20
4720.0 2.72358 1e-20
4722.0 2.73222 1e-20
4724.0 2.70833 1e-20
4726.0 2.68031 1e-20
4728.0 2.67972 1e-20
4730.0 2.69514 1e-20
4732.0 2.64528 1e-20
4734.0 2.63365 1e-20
4736.0 2.65853 1e-20
4738.0 2.6775 1e-20
4740.0 2.64624 1e-20
4742.0 2.62193 1e-20
4744.0 2.58549 1e-20
4746.0 2.57002 1e-20
4748.0 2.58107 1e-20
4750.0 2.58222 1e-20
4752.0 2.53245 1e-20
4754.0 2.50004 1e-20
4756.0 2.47034 1e-20
4758.0 2.4429 1e-20
4760.0 2.43349 1e-20
4762.0 2.42049 1e-20
4764.0 2.41242 1e-20
4766.0 2.40114 1e-20
4768.0 2.35864 1e-20
4770.0 2.27584 1e-20
4772.0 2.25251 1e-20
4774.0 2.27893 1e-20
4776.0 2.27709 1e-20
4778.0 2.23747 1e-20
4780.0 2.1976 1e-20
4782.0 2.19783 1e-20
4784.0 2.16544 1e-20
4786.0 2.10691 1e-20
4788.0 2.07214 1e-20
4790.0 2.0848 1e-20
4792.0 2.07358 1e-20
4794.0 2.03315 1e-20
4796.0 2.01875 1e-20
4798.0 2.0102 1e-20
4800.0 2.00287 1e-20
4802.0 2.05962 1e-20
4804.0 2.04607 1e-20
4806.0 2.06758 1e-20
4808.0 2.07589 1e-20
4810.0 2.05032 1e-20
4812.0 2.05455 1e-20
4814.0 2.05647 1e-20
4816.0 2.05112 1e-20
4818.0 2.04257 1e-20
4820.0 2.02142 1e-20
4822.0 1.97559 1e-20
4824.0 1.99576 1e-20
4826.0 2.05583 1e-20
4828.0 2.08387 1e-20
4830.0 2.06119 1e-20
4832.0 2.0269 1e-20
4834.0 2.02301 1e-20
4836.0 2.02882 1e-20
4838.0 2.01705 1e-20
4840.0 1.9946 1e-20
4842.0 1.98802 1e-20
4844.0 2.0039 1e-20
4846.0 2.00228 1e-20
4848.0 1.99721 1e-20
4850.0 1.97678 1e-20
4852.0 1.93548 1e-20
4854.0 1.92204 1e-20
4856.0 1.93861 1e-20
4858.0 2.05982 1e-20
4860.0 2.1915 1e-20
4862.0 2.17853 1e-20
4864.0 1.90128 1e-20
4866.0 1.85496 1e-20
4868.0 1.86815 1e-20
4870.0 1.86228 1e-20
4872.0 1.81659 1e-20
4874.0 1.76598 1e-20
4876.0 1.80945 1e-20
4878.0 1.82125 1e-20
4880.0 1.78286 1e-20
4882.0 1.73221 1e-20
4884.0 1.72923 1e-20
4886.0 1.71942 1e-20
4888.0 1.70742 1e-20
4890.0 1.71625 1e-20
4892.0 1.74077 1e-20
4894.0 1.74507 1e-20
4896.0 1.7055 1e-20
4898.0 1.70046 1e-20
4900.0 1.74002 1e-20
4902.0 1.78099 1e-20
4904.0 1.77097 1e-20
4906.0 1.77954 1e-20
4908.0 1.79347 1e-20
4910.0 1.80381 1e-20
4912.0 1.82754 1e-20
4914.0 1.87183 1e-20
4916.0 1.84964 1e-20
4918.0 1.81966 1e-20
4920.0 1.81304 1e-20
4922.0 1.83525 1e-20
4924.0 1.86749 1e-20
4926.0 1.87403 1e-20
4928.0 1.87145 1e-20
4930.0 1.84351 1e-20
4932.0 1.80743 1e-20
4934.0 1.79168 1e-20
4936.0 1.81697 1e-20
4938.0 1.79041 1e-20
4940.0 1.77761 1e-20
4942.0 1.78642 1e-20
4944.0 1.78394 1e-20
4946.0 1.71441 1e-20
4948.0 1.72286 1e-20
4950.0 1.73426 1e-20
4952.0 1.71053 1e-20
4954.0 1.6607 1e-20
4956.0 1.63622 1e-20
4958.0 1.62333 1e-20
4960.0 1.63382 1e-20
4962.0 1.63325 1e-20
4964.0 1.60888 1e-20
4966.0 1.58172 1e-20
4968.0 1.58453 1e-20
4970.0 1.5675 1e-20
4972.0 1.53977 1e-20
4974.0 1.51341 1e-20
4976.0 1.4936 1e-20
4978.0 1.47134 1e-20
4980.0 1.48205 1e-20
4982.0 1.47092 1e-20
4984.0 1.43859 1e-20
4986.0 1.414 1e-20
4988.0 1.3712 1e-20
4990.0 1.37047 1e-20
4992.0 1.38423 1e-20
4994.0 1.37647 1e-20
4996.0 1.33831 1e-20
4998.0 1.32886 1e-20
5000.0 1.35765 1e-20
5002.0 1.35864 1e-20
5004.0 1.34238 1e-20
5006.0 1.3497 1e-20
5008.0 1.41055 1e-20
5010.0 1.39469 1e-20
5012.0 1.37386 1e-20
5014.0 1.39808 1e-20
5016.0 1.44735 1e-20
5018.0 1.41898 1e-20
5020.0 1.43569 1e-20
5022.0 1.43119 1e-20
5024.0 1.44196 1e-20
5026.0 1.4725 1e-20
5028.0 1.46905 1e-20
5030.0 1.47614 1e-20
5032.0 1.4743 1e-20
5034.0 1.46562 1e-20
5036.0 1.46249 1e-20
5038.0 1.47678 1e-20
5040.0 1.4791 1e-20
5042.0 1.50691 1e-20
5044.0 1.50995 1e-20
5046.0 1.49187 1e-20
5048.0 1.49309 1e-20
5050.0 1.48425 1e-20
5052.0 1.46551 1e-20
5054.0 1.47605 1e-20
5056.0 1.49875 1e-20
5058.0 1.49715 1e-20
5060.0 1.5003 1e-20
5062.0 1.48118 1e-20
5064.0 1.46771 1e-20
5066.0 1.46356 1e-20
5068.0 1.46008 1e-20
5070.0 1.4538 1e-20
5072.0 1.44827 1e-20
5074.0 1.43621 1e-20
5076.0 1.45495 1e-20
5078.0 1.50172 1e-20
5080.0 1.47256 1e-20
5082.0 1.4542 1e-20
5084.0 1.43955 1e-20
5086.0 1.4463 1e-20
5088.0 1.45837 1e-20
5090.0 1.41331 1e-20
5092.0 1.43488 1e-20
5094.0 1.43183 1e-20
5096.0 1.42029 1e-20
5098.0 1.41908 1e-20
5100.0 1.41878 1e-20
5102.0 1.39545 1e-20
5104.0 1.385 1e-20
5106.0 1.3669 1e-20
5108.0 1.35127 1e-20
5110.0 1.37289 1e-20
5112.0 1.3898 1e-20
5114.0 1.39 1e-20
5116.0 1.40624 1e-20
5118.0 1.43124 1e-20
5120.0 1.42782 1e-20
5122.0 1.3769 1e-20
5124.0 1.38953 1e-20
5126.0 1.44136 1e-20
5128.0 1.46608 1e-20
5130.0 1.41713 1e-20
5132.0 1.35683 1e-20
5134.0 1.36509 1e-20
5136.0 1.40321 1e-20
5138.0 1.44786 1e-20
5140.0 1.49092 1e-20
5142.0 1.54205 1e-20
5144.0 1.53391 1e-20
5146.0 1.50339 1e-20
5148.0 1.47457 1e-20
5150.0 1.47413 1e-20
5152.0 1.53777 1e-20
5154.0 1.55606 1e-20
5156.0 1.57452 1e-20
5158.0 1.59606 1e-20
5160.0 1.60869 1e-20
5162.0 1.5992 1e-20
5164.0 1.60501 1e-20
5166.0 1.6104 1e-20
5168.0 1.61925 1e-20
5170.0 1.63787 1e-20
5172.0 1.66316 1e-20
5174.0 1.61566 1e-20
5176.0 1.59625 1e-20
5178.0 1.6356 1e-20
5180.0 1.69367 1e-20
5182.0 1.69925 1e-20
5184.0 1.70996 1e-20
5186.0 1.72223 1e-20
5188.0 1.74928 1e-20
5190.0 1.7733 1e-20
5192.0 1.77028 1e-20
5194.0 1.78442 1e-20
5196.0 1.82942 1e-20
5198.0 1.84311 1e-20
5200.0 1.8482 1e-20
5202.0 1.87355 1e-20
5204.0 1.92142 1e-20
5206.0 1.94689 1e-20
5208.0 1.97875 1e-20
5210.0 1.98545 1e-20
5212.0 1.96462 1e-20
5214.0 2.00009 1e-20
5216.0 2.04797 1e-20
5218.0 2.05904 1e-20
5220.0 2.04347 1e-20
5222.0 2.07365 1e-20
5224.0 2.11533 1e-20
5226.0 2.14016 1e-20
5228.0 2.13449 1e-20
5230.0 2.111 1e-20
5232.0 2.10969 1e-20
5234.0 2.15383 1e-20
5236.0 2.16682 1e-20
5238.0 2.14101 1e-20
5240.0 2.11859 1e-20
5242.0 2.11358 1e-20
5244.0 2.11661 1e-20
5246.0 2.1293 1e-20
5248.0 2.14186 1e-20
5250.0 2.15712 1e-20
5252.0 2.18674 1e-20
5254.0 2.20578 1e-20
5256.0 2.2101 1e-20
5258.0 2.19469 1e-20
5260.0 2.17537 1e-20
5262.0 2.1645 1e-20
5264.0 2.17779 1e-20
5266.0 2.18645 1e-20
5268.0 2.18646 1e-20
5270.0 2.17544 1e-20
5272.0 2.15483 1e-20
5274.0 2.12359 1e-20
5276.0 2.08541 1e-20
5278.0 2.10492 1e-20
5280.0 2.12183 1e-20
5282.0 2.09543 1e-20
5284.0 2.11057 1e-20
5286.0 2.1002 1e-20
5288.0 2.04642 1e-20
5290.0 1.98257 1e-20
5292.0 1.95653 1e-20
5294.0 1.95352 1e-20
5296.0 1.94424 1e-20
5298.0 1.92905 1e-20
5300.0 1.93523 1e-20
5302.0 1.97301 1e-20
5304.0 2.01257 1e-20
5306.0 2.02891 1e-20
5308.0 2.03345 1e-20
5310.0 2.0323 1e-20
5312.0 2.01756 1e-20
5314.0 2.00802 1e-20
5316.0 1.99749 1e-20
5318.0 1.99171 1e-20
5320.0 1.9934 1e-20
5322.0 2.00106 1e-20
5324.0 2.01639 1e-20
5326.0 2.05257 1e-20
5328.0 2.06303 1e-20
5330.0 2.04898 1e-20
5332.0 2.044 1e-20
5334.0 2.06247 1e-20
5336.0 2.08593 1e-20
5338.0 2.08269 1e-20
5340.0 2.05758 1e-20
5342.0 2.04402 1e-20
5344.0 2.03377 1e-20
5346.0 2.02078 1e-20
5348.0 2.00588 1e-20
5350.0 1.98791 1e-20
5352.0 1.96236 1e-20
5354.0 1.92709 1e-20
5356.0 1.91331 1e-20
5358.0 1.92098 1e-20
5360.0 1.91862 1e-20
5362.0 1.90706 1e-20
5364.0 1.89571 1e-20
5366.0 1.89468 1e-20
5368.0 1.89947 1e-20
5370.0 1.87062 1e-20
5372.0 1.8036 1e-20
5374.0 1.75791 1e-20
5376.0 1.72108 1e-20
5378.0 1.68804 1e-20
5380.0 1.65798 1e-20
5382.0 1.63116 1e-20
5384.0 1.6051 1e-20
5386.0 1.58051 1e-20
5388.0 1.55815 1e-20
5390.0 1.5455 1e-20
5392.0 1.52074 1e-20
5394.0 1.47349 1e-20
5396.0 1.42121 1e-20
5398.0 1.39064 1e-20
5400.0 1.37268 1e-20
5402.0 1.35817 1e-20
5404.0 1.35987 1e-20
5406.0 1.34802 1e-20
5408.0 1.31729 1e-20
5410.0 1.28521 1e-20
5412.0 1.26592 1e-20
5414.0 1.25234 1e-20
5416.0 1.25126 1e-20
5418.0 1.27049 1e-20
5420.0 1.27799 1e-20
5422.0 1.27851 1e-20
5424.0 1.27541 1e-20
5426.0 1.26561 1e-20
5428.0 1.25181 1e-20
5430.0 1.26138 1e-20
5432.0 1.29985 1e-20
5434.0 1.31633 1e-20
5436.0 1.32711 1e-20
5438.0 1.32577 1e-20
5440.0 1.30668 1e-20
5442.0 1.27714 1e-20
5444.0 1.25277 1e-20
5446.0 1.21358 1e-20
5448.0 1.21784 1e-20
5450.0 1.26331 1e-20
5452.0 1.30484 1e-20
5454.0 1.35161 1e-20
5456.0 1.38713 1e-20
5458.0 1.37591 1e-20
5460.0 1.32364 1e-20
5462.0 1.29245 1e-20
5464.0 1.24887 1e-20
5466.0 1.23456 1e-20
5468.0 1.25868 1e-20
5470.0 1.28722 1e-20
5472.0 1.29248 1e-20
5474.0 1.28677 1e-20
5476.0 1.30124 1e-20
5478.0 1.32917 1e-20
5480.0 1.35791 1e-20
5482.0 1.40098 1e-20
5484.0 1.43097 1e-20
5486.0 1.43179 1e-20
5488.0 1.41599 1e-20
5490.0 1.41112 1e-20
5492.0 1.4067 1e-20
5494.0 1.40426 1e-20
5496.0 1.4005 1e-20
5498.0 1.40333 1e-20
5500.0 1.41805 1e-20
5502.0 1.43634 1e-20
5504.0 1.44325 1e-20
5506.0 1.44484 1e-20
5508.0 1.44051 1e-20
5510.0 1.42189 1e-20
5512.0 1.41452 1e-20
5514.0 1.42159 1e-20
5516.0 1.43267 1e-20
5518.0 1.43855 1e-20
5520.0 1.44281 1e-20
5522.0 1.45035 1e-20
5524.0 1.46688 1e-20
5526.0 1.46931 1e-20
5528.0 1.45298 1e-20
5530.0 1.43886 1e-20
5532.0 1.44143 1e-20
5534.0 1.45281 1e-20
5536.0 1.45425 1e-20
5538.0 1.44568 1e-20
5540.0 1.44904 1e-20
5542.0 1.46438 1e-20
5544.0 1.47643 1e-20
5546.0 1.48307 1e-20
5548.0 1.48434 1e-20
5550.0 1.46897 1e-20
5552.0 1.42795 1e-20
5554.0 1.41305 1e-20
5556.0 1.41809 1e-20
5558.0 1.41588 1e-20
5560.0 1.40112 1e-20
5562.0 1.38357 1e-20
5564.0 1.37416 1e-20
5566.0 1.37193 1e-20
5568.0 1.35583 1e-20
5570.0 1.32591 1e-20
5572.0 1.30241 1e-20
5574.0 1.2863 1e-20
5576.0 1.27029 1e-20
5578.0 1.2484 1e-20
5580.0 1.22286 1e-20
5582.0 1.20332 1e-20
5584.0 1.18717 1e-20
5586.0 1.17237 1e-20
5588.0 1.16041 1e-20
5590.0 1.14862 1e-20
5592.0 1.13554 1e-20
5594.0 1.12211 1e-20
5596.0 1.10949 1e-20
5598.0 1.09484 1e-20
5600.0 1.08633 1e-20
5602.0 1.08271 1e-20
5604.0 1.08095 1e-20
5606.0 1.0798 1e-20
5608.0 1.08086 1e-20
5610.0 1.08734 1e-20
5612.0 1.10276 1e-20
5614.0 1.10571 1e-20
5616.0 1.09998 1e-20
5618.0 1.09386 1e-20
5620.0 1.0813 1e-20
5622.0 1.07395 1e-20
5624.0 1.09038 1e-20
5626.0 1.12742 1e-20
5628.0 1.14713 1e-20
5630.0 1.16163 1e-20
5632.0 1.17158 1e-20
5634.0 1.17295 1e-20
5636.0 1.17502 1e-20
5638.0 1.184 1e-20
5640.0 1.19671 1e-20
5642.0 1.21416 1e-20
5644.0 1.23832 1e-20
5646.0 1.26158 1e-20
5648.0 1.28959 1e-20
5650.0 1.3124 1e-20
5652.0 1.32573 1e-20
5654.0 1.33295 1e-20
5656.0 1.33793 1e-20
5658.0 1.33043 1e-20
5660.0 1.34299 1e-20
5662.0 1.37431 1e-20
5664.0 1.40046 1e-20
5666.0 1.41968 1e-20
5668.0 1.43378 1e-20
5670.0 1.43788 1e-20
5672.0 1.42742 1e-20
5674.0 1.43728 1e-20
5676.0 1.46903 1e-20
5678.0 1.48486 1e-20
5680.0 1.47599 1e-20
5682.0 1.46925 1e-20
5684.0 1.49298 1e-20
5686.0 1.53904 1e-20
5688.0 1.55055 1e-20
5690.0 1.53198 1e-20
5692.0 1.52929 1e-20
5694.0 1.54152 1e-20
5696.0 1.54916 1e-20
5698.0 1.53746 1e-20
5700.0 1.51605 1e-20
5702.0 1.52163 1e-20
5704.0 1.55698 1e-20
5706.0 1.56927 1e-20
5708.0 1.57202 1e-20
5710.0 1.56792 1e-20
5712.0 1.55441 1e-20
5714.0 1.53576 1e-20
5716.0 1.52494 1e-20
5718.0 1.51442 1e-20
5720.0 1.51486 1e-20
5722.0 1.52649 1e-20
5724.0 1.53918 1e-20
5726.0 1.55478 1e-20
5728.0 1.57002 1e-20
5730.0 1.57817 1e-20
5732.0 1.58112 1e-20
5734.0 1.58527 1e-20
5736.0 1.58856 1e-20
5738.0 1.59099 1e-20
5740.0 1.5886 1e-20
5742.0 1.59059 1e-20
5744.0 1.60692 1e-20
5746.0 1.63367 1e-20
5748.0 1.64586 1e-20
5750.0 1.65276 1e-20
5752.0 1.65191 1e-20
5754.0 1.63996 1e-20
5756.0 1.62699 1e-20
5758.0 1.61411 1e-20
5760.0 1.6021 1e-20
5762.0 1.60705 1e-20
5764.0 1.63732 1e-20
5766.0 1.64312 1e-20
5768.0 1.63532 1e-20
5770.0 1.62486 1e-20
5772.0 1.61182 1e-20
5774.0 1.59715 1e-20
5776.0 1.58635 1e-20
5778.0 1.57618 1e-20
5780.0 1.57176 1e-20
5782.0 1.57497 1e-20
5784.0 1.57544 1e-20
5786.0 1.57193 1e-20
5788.0 1.56861 1e-20
5790.0 1.57004 1e-20
5792.0 1.57559 1e-20
5794.0 1.57213 1e-20
5796.0 1.56343 1e-20
5798.0 1.55119 1e-20
5800.0 1.5306 1e-20
5802.0 1.51262 1e-20
5804.0 1.50423 1e-20
5806.0 1.50168 1e-20
5808.0 1.50235 1e-20
5810.0 1.51047 1e-20
5812.0 1.51507 1e-20
5814.0 1.52128 1e-20
5816.0 1.52304 1e-20
5818.0 1.51651 1e-20
5820.0 1.50588 1e-20
5822.0 1.50081 1e-20
5824.0 1.49927 1e-20
5826.0 1.49497 1e-20
5828.0 1.48896 1e-20
5830.0 1.48368 1e-20
5832.0 1.47687 1e-20
5834.0 1.47285 1e-20
5836.0 1.48033 1e-20
5838.0 1.4995 1e-20
5840.0 1.50781 1e-20
5842.0 1.51398 1e-20
5844.0 1.51326 1e-20
5846.0 1.50246 1e-20
5848.0 1.49004 1e-20
5850.0 1.48269 1e-20
5852.0 1.47702 1e-20
5854.0 1.4764 1e-20
5856.0 1.48016 1e-20
5858.0 1.48678 1e-20
5860.0 1.49957 1e-20
5862.0 1.51095 1e-20
5864.0 1.51674 1e-20
5866.0 1.51969 1e-20
5868.0 1.5239 1e-20
5870.0 1.53107 1e-20
5872.0 1.5305 1e-20
5874.0 1.52857 1e-20
5876.0 1.51628 1e-20
5878.0 1.48562 1e-20
5880.0 1.44845 1e-20
5882.0 1.43008 1e-20
5884.0 1.42483 1e-20
5886.0 1.41377 1e-20
5888.0 1.39837 1e-20
5890.0 1.39152 1e-20
5892.0 1.39657 1e-20
5894.0 1.40542 1e-20
5896.0 1.40922 1e-20
5898.0 1.41076 1e-20
5900.0 1.41834 1e-20
5902.0 1.43921 1e-20
5904.0 1.44232 1e-20
5906.0 1.42667 1e-20
5908.0 1.4061 1e-20
5910.0 1.38658 1e-20
5912.0 1.36484 1e-20
5914.0 1.3578 1e-20
5916.0 1.36684 1e-20
5918.0 1.36824 1e-20
5920.0 1.36813 1e-20
5922.0 1.36563 1e-20
5924.0 1.35899 1e-20
5926.0 1.35017 1e-20
5928.0 1.34558 1e-20
5930.0 1.3417 1e-20
5932.0 1.34275 1e-20
5934.0 1.35574 1e-20
5936.0 1.3572 1e-20
5938.0 1.3344 1e-20
5940.0 1.30924 1e-20
5942.0 1.31754 1e-20
5944.0 1.35363 1e-20
5946.0 1.36984 1e-20
5948.0 1.38136 1e-20
5950.0 1.38763 1e-20
5952.0 1.3879 1e-20
5954.0 1.38393 1e-20
5956.0 1.37542 1e-20
5958.0 1.36073 1e-20
5960.0 1.36096 1e-20
5962.0 1.37805 1e-20
5964.0 1.38347 1e-20
5966.0 1.37731 1e-20
5968.0 1.37304 1e-20
5970.0 1.37722 1e-20
5972.0 1.38613 1e-20
5974.0 1.39855 1e-20
5976.0 1.4243 1e-20
5978.0 1.43192 1e-20
5980.0 1.42389 1e-20
5982.0 1.41702 1e-20
5984.0 1.41645 1e-20
5986.0 1.41711 1e-20
5988.0 1.4133 1e-20
5990.0 1.40262 1e-20
5992.0 1.40429 1e-20
5994.0 1.41855 1e-20
5996.0 1.4276 1e-20
5998.0 1.43029 1e-20
6000.0 1.42966 1e-20
6002.0 1.42628 1e-20
6004.0 1.41849 1e-20
6006.0 1.41586 1e-20
6008.0 1.41732 1e-20
6010.0 1.41666 1e-20
6012.0 1.41468 1e-20
6014.0 1.41151 1e-20
6016.0 1.40702 1e-20
6018.0 1.40131 1e-20
6020.0 1.39349 1e-20
6022.0 1.37679 1e-20
6024.0 1.37423 1e-20
6026.0 1.38738 1e-20
6028.0 1.39862 1e-20
6030.0 1.39928 1e-20
6032.0 1.39586 1e-20
6034.0 1.39954 1e-20
6036.0 1.40951 1e-20
6038.0 1.41425 1e-20
6040.0 1.41907 1e-20
6042.0 1.41865 1e-20
6044.0 1.40816 1e-20
6046.0 1.39545 1e-20
6048.0 1.39543 1e-20
6050.0 1.40409 1e-20
6052.0 1.41194 1e-20
6054.0 1.4295 1e-20
6056.0 1.43423 1e-20
6058.0 1.42084 1e-20
6060.0 1.40402 1e-20
6062.0 1.39757 1e-20
6064.0 1.39551 1e-20
6066.0 1.39606 1e-20
6068.0 1.40241 1e-20
6070.0 1.40634 1e-20
6072.0 1.40616 1e-20
6074.0 1.40949 1e-20
6076.0 1.42507 1e-20
6078.0 1.44775 1e-20
6080.0 1.44549 1e-20
6082.0 1.41512 1e-20
6084.0 1.4044 1e-20
6086.0 1.40312 1e-20
6088.0 1.40525 1e-20
6090.0 1.41116 1e-20
6092.0 1.41931 1e-20
6094.0 1.42114 1e-20
6096.0 1.42109 1e-20
6098.0 1.41437 1e-20
6100.0 1.39505 1e-20
6102.0 1.38434 1e-20
6104.0 1.38641 1e-20
6106.0 1.3934 1e-20
6108.0 1.39775 1e-20
6110.0 1.40393 1e-20
6112.0 1.40398 1e-20
6114.0 1.39703 1e-20
6116.0 1.39346 1e-20
6118.0 1.39321 1e-20
6120.0 1.39372 1e-20
6122.0 1.39328 1e-20
6124.0 1.39258 1e-20
6126.0 1.39374 1e-20
6128.0 1.39848 1e-20
6130.0 1.39897 1e-20
6132.0 1.39462 1e-20
6134.0 1.39114 1e-20
6136.0 1.39114 1e-20
6138.0 1.39301 1e-20
6140.0 1.39584 1e-20
6142.0 1.40284 1e-20
6144.0 1.40425 1e-20
6146.0 1.40184 1e-20
6148.0 1.39859 1e-20
6150.0 1.39389 1e-20
6152.0 1.38916 1e-20
6154.0 1.3884 1e-20
6156.0 1.38593 1e-20
6158.0 1.40037 1e-20
6160.0 1.4503 1e-20
6162.0 1.46394 1e-20
6164.0 1.42369 1e-20
6166.0 1.37301 1e-20
6168.0 1.3569 1e-20
6170.0 1.35757 1e-20
6172.0 1.36052 1e-20
6174.0 1.38082 1e-20
6176.0 1.38616 1e-20
6178.0 1.37676 1e-20
6180.0 1.36413 1e-20
6182.0 1.35378 1e-20
6184.0 1.34282 1e-20
6186.0 1.33819 1e-20
6188.0 1.34138 1e-20
6190.0 1.33959 1e-20
6192.0 1.33654 1e-20
6194.0 1.33074 1e-20
6196.0 1.32057 1e-20
6198.0 1.30776 1e-20
6200.0 1.29736 1e-20
6202.0 1.28655 1e-20
6204.0 1.27885 1e-20
6206.0 1.27905 1e-20
6208.0 1.27053 1e-20
6210.0 1.24585 1e-20
6212.0 1.21777 1e-20
6214.0 1.20569 1e-20
6216.0 1.20481 1e-20
6218.0 1.19842 1e-20
6220.0 1.19281 1e-20
6222.0 1.18487 1e-20
6224.0 1.17487 1e-20
6226.0 1.16286 1e-20
6228.0 1.14839 1e-20
6230.0 1.13144 1e-20
6232.0 1.11483 1e-20
6234.0 1.0971 1e-20
6236.0 1.0799 1e-20
6238.0 1.06446 1e-20
6240.0 1.04694 1e-20
6242.0 1.02462 1e-20
6244.0 0.999248 1e-20
6246.0 0.975693 1e-20
6248.0 0.951084 1e-20
6250.0 0.929245 1e-20
6252.0 0.911419 1e-20
6254.0 0.891346 1e-20
6256.0 0.86467 1e-20
6258.0 0.837041 1e-20
6260.0 0.821363 1e-20
6262.0 0.818609 1e-20
6264.0 0.803769 1e-20
6266.0 0.779729 1e-20
6268.0 0.76037 1e-20
6270.0 0.749465 1e-20
6272.0 0.738825 1e-20
6274.0 0.718159 1e-20
6276.0 0.689092 1e-20
6278.0 0.670474 1e-20
6280.0 0.660229 1e-20
6282.0 0.646012 1e-20
6284.0 0.625454 1e-20
6286.0 0.608008 1e-20
6288.0 0.601026 1e-20
6290.0 0.601129 1e-20
6292.0 0.601099 1e-20
6294.0 0.610741 1e-20
6296.0 0.606145 1e-20
6298.0 0.585411 1e-20
6300.0 0.567655 1e-20
6302.0 0.56101 1e-20
6304.0 0.559825 1e-20
6306.0 0.558852 1e-20
6308.0 0.562666 1e-20
6310.0 0.561891 1e-20
6312.0 0.559708 1e-20
6314.0 0.555012 1e-20
6316.0 0.544224 1e-20
6318.0 0.533469 1e-20
6320.0 0.535368 1e-20
6322.0 0.547015 1e-20
6324.0 0.557908 1e-20
6326.0 0.574645 1e-20
6328.0 0.587307 1e-20
6330.0 0.59567 1e-20
6332.0 0.60175 1e-20
6334.0 0.605974 1e-20
6336.0 0.607276 1e-20
6338.0 0.614078 1e-20
6340.0 0.623894 1e-20
6342.0 0.635815 1e-20
6344.0 0.651381 1e-20
6346.0 0.667234 1e-20
6348.0 0.680501 1e-20
6350.0 0.692824 1e-20
6352.0 0.710409 1e-20
6354.0 0.734453 1e-20
6356.0 0.753758 1e-20
6358.0 0.770082 1e-20
6360.0 0.786581 1e-20
6362.0 0.806346 1e-20
6364.0 0.825545 1e-20
6366.0 0.833084 1e-20
6368.0 0.822639 1e-20
6370.0 0.83582 1e-20
6372.0 0.871386 1e-20
6374.0 0.896635 1e-20
6376.0 0.906308 1e-20
6378.0 0.910448 1e-20
6380.0 0.917714 1e-20
6382.0 0.923607 1e-20
6384.0 0.933563 1e-20
6386.0 0.947376 1e-20
6388.0 0.960378 1e-20
6390.0 0.975257 1e-20
6392.0 0.987155 1e-20
6394.0 0.989702 1e-20
6396.0 0.984877 1e-20
6398.0 0.99092 1e-20
6400.0 1.00336 1e-20
6402.0 1.01678 1e-20
6404.0 1.03512 1e-20
6406.0 1.05132 1e-20
6408.0 1.06182 1e-20
6410.0 1.06886 1e-20
6412.0 1.07424 1e-20
6414.0 1.07517 1e-20
6416.0 1.07891 1e-20
6418.0 1.08186 1e-20
6420.0 1.08813 1e-20
6422.0 1.10106 1e-20
6424.0 1.11568 1e-20
6426.0 1.12187 1e-20
6428.0 1.12249 1e-20
6430.0 1.12257 1e-20
6432.0 1.11881 1e-20
6434.0 1.11638 1e-20
6436.0 1.11417 1e-20
6438.0 1.11394 1e-20
6440.0 1.11858 1e-20
6442.0 1.12681 1e-20
6444.0 1.13866 1e-20
6446.0 1.16332 1e-20
6448.0 1.17202 1e-20
6450.0 1.16119 1e-20
6452.0 1.15018 1e-20
6454.0 1.15207 1e-20
6456.0 1.16023 1e-20
6458.0 1.1641 1e-20
6460.0 1.16818 1e-20
6462.0 1.16964 1e-20
6464.0 1.16942 1e-20
6466.0 1.1669 1e-20
6468.0 1.15978 1e-20
6470.0 1.15092 1e-20
6472.0 1.1508 1e-20
6474.0 1.16086 1e-20
6476.0 1.16116 1e-20
6478.0 1.15621 1e-20
6480.0 1.15018 1e-20
6482.0 1.14135 1e-20
6484.0 1.13308 1e-20
6486.0 1.13292 1e-20
6488.0 1.1396 1e-20
6490.0 1.14322 1e-20
6492.0 1.14679 1e-20
6494.0 1.15065 1e-20
6496.0 1.15648 1e-20
6498.0 1.16049 1e-20
6500.0 1.15832 1e-20
6502.0 1.15138 1e-20
6504.0 1.14722 1e-20
6506.0 1.14314 1e-20
6508.0 1.13975 1e-20
6510.0 1.13755 1e-20
6512.0 1.13504 1e-20
6514.0 1.13091 1e-20
6516.0 1.12606 1e-20
6518.0 1.12401 1e-20
6520.0 1.12261 1e-20
6522.0 1.12488 1e-20
6524.0 1.13299 1e-20
6526.0 1.13875 1e-20
6528.0 1.14039 1e-20
6530.0 1.13928 1e-20
6532.0 1.13482 1e-20
6534.0 1.12537 1e-20
6536.0 1.11884 1e-20
6538.0 1.11266 1e-20
6540.0 1.10729 1e-20
6542.0 1.1023 1e-20
6544.0 1.09852 1e-20
6546.0 1.09778 1e-20
6548.0 1.10073 1e-20
6550.0 1.09754 1e-20
6552.0 1.08614 1e-20
6554.0 1.08274 1e-20
6556.0 1.09061 1e-20
6558.0 1.0969 1e-20
6560.0 1.09091 1e-20
6562.0 1.0774 1e-20
6564.0 1.07245 1e-20
6566.0 1.07249 1e-20
6568.0 1.07125 1e-20
6570.0 1.07074 1e-20
6572.0 1.06953 1e-20
6574.0 1.06689 1e-20
6576.0 1.06333 1e-20
6578.0 1.05942 1e-20
6580.0 1.05371 1e-20
6582.0 1.0506 1e-20
6584.0 1.0502 1e-20
6586.0 1.04856 1e-20
6588.0 1.04461 1e-20
6590.0 1.03987 1e-20
6592.0 1.03624 1e-20
6594.0 1.03338 1e-20
6596.0 1.02928 1e-20
6598.0 1.02528 1e-20
6600.0 1.01924 1e-20
6602.0 1.00874 1e-20
6604.0 0.999297 1e-20
6606.0 0.997719 1e-20
6608.0 1.00228 1e-20
6610.0 0.999963 1e-20
6612.0 0.993153 1e-20
6614.0 0.987893 1e-20
6616.0 0.982643 1e-20
6618.0 0.97853 1e-20
6620.0 0.976695 1e-20
6622.0 0.976486 1e-20
6624.0 0.975742 1e-20
6626.0 0.975534 1e-20
6628.0 0.974826 1e-20
6630.0 0.973163 1e-20
6632.0 0.972492 1e-20
6634.0 0.973614 1e-20
6636.0 0.975749 1e-20
6638.0 0.977951 1e-20
6640.0 0.984245 1e-20
6642.0 0.980053 1e-20
6644.0 0.964917 1e-20
6646.0 0.952884 1e-20
6648.0 0.944806 1e-20
6650.0 0.939009 1e-20
6652.0 0.936019 1e-20
6654.0 0.936327 1e-20
6656.0 0.935597 1e-20
6658.0 0.935625 1e-20
6660.0 0.935142 1e-20
6662.0 0.934222 1e-20
6664.0 0.933036 1e-20
6666.0 0.931783 1e-20
6668.0 0.930443 1e-20
6670.0 0.92768 1e-20
6672.0 0.923503 1e-20
6674.0 0.919339 1e-20
6676.0 0.914309 1e-20
6678.0 0.909867 1e-20
6680.0 0.906699 1e-20
6682.0 0.904385 1e-20
6684.0 0.902793 1e-20
6686.0 0.901977 1e-20
6688.0 0.901917 1e-20
6690.0 0.904252 1e-20
6692.0 0.904472 1e-20
6694.0 0.900654 1e-20
6696.0 0.895392 1e-20
6698.0 0.893163 1e-20
6700.0 0.893968 1e-20
6702.0 0.889767 1e-20
6704.0 0.878869 1e-20
6706.0 0.873619 1e-20
6708.0 0.875883 1e-20
6710.0 0.880471 1e-20
6712.0 0.8826 1e-20
6714.0 0.884195 1e-20
6716.0 0.886631 1e-20
6718.0 0.892121 1e-20
6720.0 0.892342 1e-20
6722.0 0.887328 1e-20
6724.0 0.88017 1e-20
6726.0 0.871019 1e-20
6728.0 0.859715 1e-20
6730.0 0.858363 1e-20
6732.0 0.870162 1e-20
6734.0 0.870782 1e-20
6736.0 0.862877 1e-20
6738.0 0.855365 1e-20
6740.0 0.850793 1e-20
6742.0 0.847541 1e-20
6744.0 0.846618 1e-20
6746.0 0.848012 1e-20
6748.0 0.850361 1e-20
6750.0 0.856511 1e-20
6752.0 0.859533 1e-20
6754.0 0.857296 1e-20
6756.0 0.853418 1e-20
6758.0 0.852637 1e-20
6760.0 0.85345 1e-20
6762.0 0.853496 1e-20
6764.0 0.855005 1e-20
6766.0 0.853485 1e-20
6768.0 0.84752 1e-20
6770.0 0.841214 1e-20
6772.0 0.838538 1e-20
6774.0 0.838018 1e-20
6776.0 0.835008 1e-20
6778.0 0.829831 1e-20
6780.0 0.826407 1e-20
6782.0 0.824624 1e-20
6784.0 0.822831 1e-20
6786.0 0.820173 1e-20
6788.0 0.817164 1e-20
6790.0 0.814443 1e-20
6792.0 0.81109 1e-20
6794.0 0.809434 1e-20
6796.0 0.809419 1e-20
6798.0 0.80943 1e-20
6800.0 0.809305 1e-20
6802.0 0.809035 1e-20
6804.0 0.807734 1e-20
6806.0 0.805209 1e-20
6808.0 0.803738 1e-20
6810.0 0.80419 1e-20
6812.0 0.801994 1e-20
6814.0 0.795054 1e-20
6816.0 0.787828 1e-20
6818.0 0.785685 1e-20
6820.0 0.786361 1e-20
6822.0 0.789647 1e-20
6824.0 0.803163 1e-20
6826.0 0.803526 1e-20
6828.0 0.787412 1e-20
6830.0 0.770237 1e-20
6832.0 0.762331 1e-20
6834.0 0.758576 1e-20
6836.0 0.758711 1e-20
6838.0 0.76694 1e-20
6840.0 0.769847 1e-20
6842.0 0.7687 1e-20
6844.0 0.768291 1e-20
6846.0 0.77116 1e-20
6848.0 0.775221 1e-20
6850.0 0.775845 1e-20
6852.0 0.773857 1e-20
6854.0 0.772352 1e-20
6856.0 0.771901 1e-20
6858.0 0.768321 1e-20
6860.0 0.759922 1e-20
6862.0 0.749303 1e-20
6864.0 0.739748 1e-20
6866.0 0.726973 1e-20
6868.0 0.725838 1e-20
6870.0 0.736636 1e-20
6872.0 0.744594 1e-20
6874.0 0.751558 1e-20
6876.0 0.755971 1e-20
6878.0 0.754165 1e-20
6880.0 0.747224 1e-20
6882.0 0.740783 1e-20
6884.0 0.728783 1e-20
6886.0 0.724513 1e-20
6888.0 0.730167 1e-20
6890.0 0.734551 1e-20
6892.0 0.730851 1e-20
6894.0 0.722849 1e-20
6896.0 0.715752 1e-20
6898.0 0.70137 1e-20
6900.0 0.700865 1e-20
6902.0 0.715433 1e-20
6904.0 0.726855 1e-20
6906.0 0.730055 1e-20
6908.0 0.72898 1e-20
6910.0 0.724329 1e-20
6912.0 0.713635 1e-20
6914.0 0.705689 1e-20
6916.0 0.69543 1e-20
6918.0 0.689763 1e-20
6920.0 0.690145 1e-20
6922.0 0.693721 1e-20
6924.0 0.698566 1e-20
6926.0 0.708544 1e-20
6928.0 0.7048 1e-20
6930.0 0.685664 1e-20
6932.0 0.674683 1e-20
6934.0 0.670123 1e-20
6936.0 0.66949 1e-20
6938.0 0.67348 1e-20
6940.0 0.682415 1e-20
6942.0 0.684312 1e-20
6944.0 0.682231 1e-20
6946.0 0.679365 1e-20
6948.0 0.674528 1e-20
6950.0 0.668982 1e-20
6952.0 0.662041 1e-20
6954.0 0.654677 1e-20
6956.0 0.654422 1e-20
6958.0 0.663292 1e-20
6960.0 0.665231 1e-20
6962.0 0.663951 1e-20
6964.0 0.662262 1e-20
6966.0 0.660587 1e-20
6968.0 0.658578 1e-20
6970.0 0.656511 1e-20
6972.0 0.654016 1e-20
6974.0 0.652299 1e-20
6976.0 0.65015 1e-20
6978.0 0.650048 1e-20
6980.0 0.653086 1e-20
6982.0 0.656718 1e-20
6984.0 0.658308 1e-20
6986.0 0.659178 1e-20
6988.0 0.657955 1e-20
6990.0 0.654061 1e-20
6992.0 0.650708 1e-20
6994.0 0.646947 1e-20
6996.0 0.643808 1e-20
6998.0 0.642675 1e-20
7000.0 0.642856 1e-20
7002.0 0.639804 1e-20
7004.0 0.632887 1e-20
7006.0 0.629381 1e-20
7008.0 0.626676 1e-20
7010.0 0.626874 1e-20
7012.0 0.632654 1e-20
7014.0 0.64093 1e-20
7016.0 0.642028 1e-20
7018.0 0.638446 1e-20
7020.0 0.634352 1e-20
7022.0 0.62445 1e-20
7024.0 0.62025 1e-20
7026.0 0.625576 1e-20
7028.0 0.633831 1e-20
7030.0 0.636217 1e-20
7032.0 0.635801 1e-20
7034.0 0.635502 1e-20
7036.0 0.63397 1e-20
7038.0 0.632502 1e-20
7040.0 0.631754 1e-20
7042.0 0.629987 1e-20
7044.0 0.625066 1e-20
7046.0 0.6175 1e-20
7048.0 0.613534 1e-20
7050.0 0.612312 1e-20
7052.0 0.609905 1e-20
7054.0 0.605652 1e-20
7056.0 0.603157 1e-20
7058.0 0.605104 1e-20
7060.0 0.609674 1e-20
7062.0 0.610782 1e-20
7064.0 0.611989 1e-20
7066.0 0.608614 1e-20
7068.0 0.598894 1e-20
7070.0 0.591211 1e-20
7072.0 0.587472 1e-20
7074.0 0.58604 1e-20
7076.0 0.586865 1e-20
7078.0 0.591339 1e-20
7080.0 0.593586 1e-20
7082.0 0.597198 1e-20
7084.0 0.596939 1e-20
7086.0 0.590777 1e-20
7088.0 0.583106 1e-20
7090.0 0.578669 1e-20
7092.0 0.574644 1e-20
7094.0 0.576623 1e-20
7096.0 0.587716 1e-20
7098.0 0.592698 1e-20
7100.0 0.592349 1e-20
7102.0 0.589893 1e-20
7104.0 0.587025 1e-20
7106.0 0.582917 1e-20
7108.0 0.577007 1e-20
7110.0 0.565858 1e-20
7112.0 0.561315 1e-20
7114.0 0.561671 1e-20
7116.0 0.564179 1e-20
7118.0 0.569527 1e-20
7120.0 0.576392 1e-20
7122.0 0.576094 1e-20
7124.0 0.56672 1e-20
7126.0 0.566467 1e-20
7128.0 0.57343 1e-20
7130.0 0.577742 1e-20
7132.0 0.578162 1e-20
7134.0 0.57604 1e-20
7136.0 0.570527 1e-20
7138.0 0.559758 1e-20
7140.0 0.554827 1e-20
7142.0 0.55171 1e-20
7144.0 0.552068 1e-20
7146.0 0.557236 1e-20
7148.0 0.564059 1e-20
7150.0 0.570093 1e-20
7152.0 0.577293 1e-20
7154.0 0.577076 1e-20
7156.0 0.5691 1e-20
7158.0 0.563418 1e-20
7160.0 0.556661 1e-20
7162.0 0.55262 1e-20
7164.0 0.555134 1e-20
7166.0 0.56191 1e-20
7168.0 0.563264 1e-20
7170.0 0.562898 1e-20
7172.0 0.559819 1e-20
7174.0 0.551552 1e-20
7176.0 0.545447 1e-20
7178.0 0.543006 1e-20
7180.0 0.543419 1e-20
7182.0 0.549082 1e-20
7184.0 0.562561 1e-20
7186.0 0.56991 1e-20
7188.0 0.575637 1e-20
7190.0 0.578946 1e-20
7192.0 0.579962 1e-20
7194.0 0.578451 1e-20
7196.0 0.573393 1e-20
7198.0 0.563823 1e-20
7200.0 0.558388 1e-20
7202.0 0.554561 1e-20
7204.0 0.551624 1e-20
7206.0 0.550637 1e-20
7208.0 0.549381 1e-20
7210.0 0.545379 1e-20
7212.0 0.53953 1e-20
7214.0 0.537352 1e-20
7216.0 0.539581 1e-20
7218.0 0.537806 1e-20
7220.0 0.530703 1e-20
7222.0 0.5263 1e-20
7224.0 0.528726 1e-20
7226.0 0.535153 1e-20
7228.0 0.541115 1e-20
7230.0 0.549844 1e-20
7232.0 0.555845 1e-20
7234.0 0.561896 1e-20
7236.0 0.564795 1e-20
7238.0 0.563628 1e-20
7240.0 0.559523 1e-20
7242.0 0.553516 1e-20
7244.0 0.543329 1e-20
7246.0 0.537632 1e-20
7248.0 0.534769 1e-20
7250.0 0.531696 1e-20
7252.0 0.52683 1e-20
7254.0 0.523822 1e-20
7256.0 0.527383 1e-20
7258.0 0.536612 1e-20
7260.0 0.541776 1e-20
7262.0 0.548927 1e-20
7264.0 0.549058 1e-20
7266.0 0.54111 1e-20
7268.0 0.531128 1e-20
7270.0 0.520971 1e-20
7272.0 0.509635 1e-20
7274.0 0.510241 1e-20
7276.0 0.524225 1e-20
7278.0 0.531848 1e-20
7280.0 0.539611 1e-20
7282.0 0.543398 1e-20
7284.0 0.539907 1e-20
7286.0 0.532622 1e-20
7288.0 0.530707 1e-20
7290.0 0.531189 1e-20
7292.0 0.532381 1e-20
7294.0 0.536195 1e-20
7296.0 0.538628 1e-20
7298.0 0.538057 1e-20
7300.0 0.537341 1e-20
7302.0 0.54133 1e-20
7304.0 0.551202 1e-20
7306.0 0.549337 1e-20
7308.0 0.535204 1e-20
7310.0 0.527299 1e-20
7312.0 0.525374 1e-20
7314.0 0.525835 1e-20
7316.0 0.527955 1e-20
7318.0 0.532975 1e-20
7320.0 0.528964 1e-20
7322.0 0.51393 1e-20
7324.0 0.507009 1e-20
7326.0 0.506168 1e-20
7328.0 0.506915 1e-20
7330.0 0.507744 1e-20
7332.0 0.509408 1e-20
7334.0 0.509797 1e-20
7336.0 0.508469 1e-20
7338.0 0.509437 1e-20
7340.0 0.51181 1e-20
7342.0 0.514934 1e-20
7344.0 0.519915 1e-20
7346.0 0.524916 1e-20
7348.0 0.524896 1e-20
7350.0 0.522658 1e-20
7352.0 0.514507 1e-20
7354.0 0.493802 1e-20
7356.0 0.483284 1e-20
7358.0 0.486072 1e-20
7360.0 0.494446 1e-20
7362.0 0.5022 1e-20
7364.0 0.513193 1e-20
7366.0 0.518879 1e-20
7368.0 0.522005 1e-20
7370.0 0.522609 1e-20
7372.0 0.518847 1e-20
7374.0 0.515023 1e-20
7376.0 0.514555 1e-20
7378.0 0.515802 1e-20
7380.0 0.516488 1e-20
7382.0 0.520057 1e-20
7384.0 0.517812 1e-20
7386.0 0.507845 1e-20
7388.0 0.500415 1e-20
7390.0 0.500331 1e-20
7392.0 0.503888 1e-20
7394.0 0.505306 1e-20
7396.0 0.505452 1e-20
7398.0 0.50882 1e-20
7400.0 0.518956 1e-20
7402.0 0.522125 1e-20
7404.0 0.512479 1e-20
7406.0 0.499236 1e-20
7408.0 0.49691 1e-20
7410.0 0.502272 1e-20
7412.0 0.502193 1e-20
7414.0 0.499384 1e-20
7416.0 0.498038 1e-20
7418.0 0.499227 1e-20
7420.0 0.499918 1e-20
7422.0 0.496726 1e-20
7424.0 0.490489 1e-20
7426.0 0.488302 1e-20
7428.0 0.489371 1e-20
7430.0 0.488789 1e-20
7432.0 0.485996 1e-20
7434.0 0.484559 1e-20
7436.0 0.487481 1e-20
7438.0 0.492943 1e-20
7440.0 0.493171 1e-20
7442.0 0.488016 1e-20
7444.0 0.487083 1e-20
7446.0 0.48963 1e-20
7448.0 0.490766 1e-20
7450.0 0.489168 1e-20
7452.0 0.485885 1e-20
7454.0 0.481064 1e-20
7456.0 0.473146 1e-20
7458.0 0.468194 1e-20
7460.0 0.461721 1e-20
7462.0 0.461367 1e-20
7464.0 0.471329 1e-20
7466.0 0.483361 1e-20
7468.0 0.486131 1e-20
7470.0 0.483506 1e-20
7472.0 0.480998 1e-20
7474.0 0.475539 1e-20
7476.0 0.471134 1e-20
7478.0 0.467635 1e-20
7480.0 0.464252 1e-20
7482.0 0.460433 1e-20
7484.0 0.456371 1e-20
7486.0 0.45346 1e-20
7488.0 0.451067 1e-20
7490.0 0.449714 1e-20
7492.0 0.450087 1e-20
7494.0 0.450146 1e-20
7496.0 0.44887 1e-20
7498.0 0.446947 1e-20
7500.0 0.445269 1e-20
7502.0 0.442464 1e-20
7504.0 0.442108 1e-20
7506.0 0.445559 1e-20
7508.0 0.446125 1e-20
7510.0 0.441096 1e-20
7512.0 0.4342 1e-20
7514.0 0.431293 1e-20
7516.0 0.430112 1e-20
7518.0 0.430463 1e-20
7520.0 0.435889 1e-20
7522.0 0.436071 1e-20
7524.0 0.429018 1e-20
7526.0 0.420113 1e-20
7528.0 0.414348 1e-20
7530.0 0.409395 1e-20
7532.0 0.40635 1e-20
7534.0 0.404551 1e-20
7536.0 0.40495 1e-20
7538.0 0.410006 1e-20
7540.0 0.413444 1e-20
7542.0 0.410258 1e-20
7544.0 0.403044 1e-20
7546.0 0.399527 1e-20
7548.0 0.398611 1e-20
7550.0 0.395066 1e-20
7552.0 0.387202 1e-20
7554.0 0.382973 1e-20
7556.0 0.386277 1e-20
7558.0 0.393474 1e-20
7560.0 0.3977 1e-20
7562.0 0.403068 1e-20
7564.0 0.403687 1e-20
7566.0 0.397386 1e-20
7568.0 0.395411 1e-20
7570.0 0.402289 1e-20
7572.0 0.409983 1e-20
7574.0 0.406645 1e-20
7576.0 0.394392 1e-20
7578.0 0.388603 1e-20
7580.0 0.382297 1e-20
7582.0 0.381894 1e-20
7584.0 0.39024 1e-20
7586.0 0.399534 1e-20
7588.0 0.403471 1e-20
7590.0 0.405313 1e-20
7592.0 0.400746 1e-20
7594.0 0.381332 1e-20
7596.0 0.378719 1e-20
7598.0 0.394994 1e-20
7600.0 0.408967 1e-20
7602.0 0.409018 1e-20
7604.0 0.402399 1e-20
7606.0 0.400626 1e-20
7608.0 0.401051 1e-20
7610.0 0.398762 1e-20
7612.0 0.395538 1e-20
7614.0 0.390306 1e-20
7616.0 0.381173 1e-20
7618.0 0.370953 1e-20
7620.0 0.366254 1e-20
7622.0 0.363001 1e-20
7624.0 0.367778 1e-20
7626.0 0.387889 1e-20
7628.0 0.396033 1e-20
7630.0 0.387335 1e-20
7632.0 0.373471 1e-20
7634.0 0.365567 1e-20
7636.0 0.358485 1e-20
7638.0 0.354827 1e-20
7640.0 0.354374 1e-20
7642.0 0.355195 1e-20
7644.0 0.358768 1e-20
7646.0 0.362282 1e-20
7648.0 0.363914 1e-20
7650.0 0.364641 1e-20
7652.0 0.361912 1e-20
7654.0 0.353955 1e-20
7656.0 0.349418 1e-20
7658.0 0.347297 1e-20
7660.0 0.344898 1e-20
7662.0 0.340559 1e-20
7664.0 0.335784 1e-20
7666.0 0.334628 1e-20
7668.0 0.33844 1e-20
7670.0 0.337004 1e-20
7672.0 0.332438 1e-20
7674.0 0.327353 1e-20
7676.0 0.320356 1e-20
7678.0 0.314125 1e-20
7680.0 0.31548 1e-20
7682.0 0.325331 1e-20
7684.0 0.325055 1e-20
7686.0 0.317537 1e-20
7688.0 0.31162 1e-20
7690.0 0.305563 1e-20
7692.0 0.301589 1e-20
7694.0 0.304008 1e-20
7696.0 0.312101 1e-20
7698.0 0.313001 1e-20
7700.0 0.307563 1e-20
7702.0 0.306565 1e-20
7704.0 0.309722 1e-20
7706.0 0.312872 1e-20
7708.0 0.313126 1e-20
7710.0 0.312211 1e-20
7712.0 0.315978 1e-20
7714.0 0.32675 1e-20
7716.0 0.32992 1e-20
7718.0 0.325945 1e-20
7720.0 0.324126 1e-20
7722.0 0.328595 1e-20
7724.0 0.33496 1e-20
7726.0 0.335346 1e-20
7728.0 0.331193 1e-20
7730.0 0.328788 1e-20
7732.0 0.323915 1e-20
7734.0 0.323235 1e-20
7736.0 0.330198 1e-20
7738.0 0.337977 1e-20
7740.0 0.336811 1e-20
7742.0 0.328699 1e-20
7744.0 0.326892 1e-20
7746.0 0.328614 1e-20
7748.0 0.32937 1e-20
7750.0 0.329613 1e-20
7752.0 0.329588 1e-20
7754.0 0.328888 1e-20
7756.0 0.327557 1e-20
7758.0 0.32865 1e-20
7760.0 0.332233 1e-20
7762.0 0.334745 1e-20
7764.0 0.336955 1e-20
7766.0 0.338894 1e-20
7768.0 0.340557 1e-20
7770.0 0.341931 1e-20
7772.0 0.342832 1e-20
7774.0 0.343732 1e-20
7776.0 0.343241 1e-20
7778.0 0.3417 1e-20
7780.0 0.339304 1e-20
7782.0 0.335105 1e-20
7784.0 0.330719 1e-20
7786.0 0.329988 1e-20
7788.0 0.332353 1e-20
7790.0 0.333334 1e-20
7792.0 0.335234 1e-20
7794.0 0.335344 1e-20
7796.0 0.331939 1e-20
7798.0 0.328968 1e-20
7800.0 0.331094 1e-20
7802.0 0.336818 1e-20
7804.0 0.341365 1e-20
7806.0 0.349114 1e-20
7808.0 0.351223 1e-20
7810.0 0.347812 1e-20
7812.0 0.342106 1e-20
7814.0 0.334313 1e-20
7816.0 0.324333 1e-20
7818.0 0.323655 1e-20
7820.0 0.330519 1e-20
7822.0 0.337557 1e-20
7824.0 0.350719 1e-20
7826.0 0.35918 1e-20
7828.0 0.357718 1e-20
7830.0 0.35118 1e-20
7832.0 0.348358 1e-20
7834.0 0.346206 1e-20
7836.0 0.343806 1e-20
7838.0 0.339408 1e-20
7840.0 0.338799 1e-20
7842.0 0.344752 1e-20
7844.0 0.352267 1e-20
7846.0 0.354196 1e-20
7848.0 0.35336 1e-20
7850.0 0.350396 1e-20
7852.0 0.339833 1e-20
7854.0 0.337674 1e-20
7856.0 0.348274 1e-20
7858.0 0.358208 1e-20
7860.0 0.355067 1e-20
7862.0 0.343691 1e-20
7864.0 0.337426 1e-20
7866.0 0.331373 1e-20
7868.0 0.326913 1e-20
7870.0 0.322823 1e-20
7872.0 0.321469 1e-20
7874.0 0.324408 1e-20
7876.0 0.330616 1e-20
7878.0 0.337724 1e-20
7880.0 0.350541 1e-20
7882.0 0.35573 1e-20
7884.0 0.356225 1e-20
7886.0 0.354344 1e-20
7888.0 0.349014 1e-20
7890.0 0.342279 1e-20
7892.0 0.340694 1e-20
7894.0 0.343645 1e-20
7896.0 0.342767 1e-20
7898.0 0.338701 1e-20
7900.0 0.3371 1e-20
7902.0 0.34018 1e-20
7904.0 0.343051 1e-20
7906.0 0.339543 1e-20
7908.0 0.33115 1e-20
7910.0 0.326315 1e-20
7912.0 0.318846 1e-20
7914.0 0.319489 1e-20
7916.0 0.330515 1e-20
7918.0 0.342892 1e-20
7920.0 0.35072 1e-20
7922.0 0.356975 1e-20
7924.0 0.360991 1e-20
7926.0 0.361639 1e-20
7928.0 0.363363 1e-20
7930.0 0.367627 1e-20
7932.0 0.367875 1e-20
7934.0 0.358917 1e-20
7936.0 0.34576 1e-20
7938.0 0.343422 1e-20
7940.0 0.349082 1e-20
7942.0 0.352965 1e-20
7944.0 0.360612 1e-20
7946.0 0.364628 1e-20
7948.0 0.362345 1e-20
7950.0 0.35796 1e-20
7952.0 0.357524 1e-20
7954.0 0.35923 1e-20
7956.0 0.359858 1e-20
7958.0 0.36032 1e-20
7960.0 0.360907 1e-20
7962.0 0.362229 1e-20
7964.0 0.362914 1e-20
7966.0 0.360578 1e-20
7968.0 0.355236 1e-20
7970.0 0.358208 1e-20
7972.0 0.366263 1e-20
7974.0 0.377767 1e-20
7976.0 0.398849 1e-20
7978.0 0.415177 1e-20
7980.0 0.416191 1e-20
7982.0 0.408159 1e-20
7984.0 0.408575 1e-20
7986.0 0.414961 1e-20
7988.0 0.415018 1e-20
7990.0 0.410432 1e-20
7992.0 0.405573 1e-20
7994.0 0.400849 1e-20
7996.0 0.396428 1e-20
7998.0 0.395534 1e-20
8000.0 0.39917 1e-20
8002.0 0.398264 1e-20
8004.0 0.391752 1e-20
8006.0 0.390699 1e-20
8008.0 0.398524 1e-20
8010.0 0.408324 1e-20
8012.0 0.411687 1e-20
8014.0 0.411538 1e-20
8016.0 0.411768 1e-20
8018.0 0.410641 1e-20
8020.0 0.409663 1e-20
8022.0 0.408976 1e-20
8024.0 0.407817 1e-20
8026.0 0.404967 1e-20
8028.0 0.400714 1e-20
8030.0 0.401385 1e-20
8032.0 0.407602 1e-20
8034.0 0.410403 1e-20
8036.0 0.410659 1e-20
8038.0 0.41121 1e-20
8040.0 0.41351 1e-20
8042.0 0.416494 1e-20
8044.0 0.418004 1e-20
8046.0 0.418809 1e-20
8048.0 0.418959 1e-20
8050.0 0.416499 1e-20
8052.0 0.416819 1e-20
8054.0 0.423114 1e-20
8056.0 0.43061 1e-20
8058.0 0.430604 1e-20
8060.0 0.425619 1e-20
8062.0 0.419948 1e-20
8064.0 0.407027 1e-20
8066.0 0.402388 1e-20
8068.0 0.409745 1e-20
8070.0 0.419337 1e-20
8072.0 0.421573 1e-20
8074.0 0.420493 1e-20
8076.0 0.417824 1e-20
8078.0 0.412177 1e-20
8080.0 0.406139 1e-20
8082.0 0.397036 1e-20
8084.0 0.390269 1e-20
8086.0 0.390115 1e-20
8088.0 0.394319 1e-20
8090.0 0.39697 1e-20
8092.0 0.401278 1e-20
8094.0 0.403425 1e-20
8096.0 0.405173 1e-20
8098.0 0.404419 1e-20
8100.0 0.399138 1e-20
8102.0 0.391649 1e-20
8104.0 0.388494 1e-20
8106.0 0.387561 1e-20
8108.0 0.387565 1e-20
8110.0 0.391041 1e-20
8112.0 0.391854 1e-20
8114.0 0.388394 1e-20
8116.0 0.38351 1e-20
8118.0 0.380618 1e-20
8120.0 0.378531 1e-20
8122.0 0.376011 1e-20
8124.0 0.373714 1e-20
8126.0 0.370839 1e-20
8128.0 0.366409 1e-20
8130.0 0.362795 1e-20
8132.0 0.362554 1e-20
8134.0 0.364813 1e-20
8136.0 0.364955 1e-20
8138.0 0.363565 1e-20
8140.0 0.363727 1e-20
8142.0 0.366375 1e-20
8144.0 0.367587 1e-20
8146.0 0.365143 1e-20
8148.0 0.360459 1e-20
8150.0 0.355937 1e-20
8152.0 0.347821 1e-20
8154.0 0.345871 1e-20
8156.0 0.349188 1e-20
8158.0 0.352629 1e-20
8160.0 0.357274 1e-20
8162.0 0.360634 1e-20
8164.0 0.353379 1e-20
8166.0 0.334109 1e-20
8168.0 0.324769 1e-20
8170.0 0.317976 1e-20
8172.0 0.315603 1e-20
8174.0 0.317803 1e-20
8176.0 0.324124 1e-20
8178.0 0.336237 1e-20
8180.0 0.357284 1e-20
8182.0 0.35882 1e-20
8184.0 0.343406 1e-20
8186.0 0.331711 1e-20
8188.0 0.316673 1e-20
8190.0 0.307729 1e-20
8192.0 0.3165 1e-20
8194.0 0.337859 1e-20
8196.0 0.339217 1e-20
8198.0 0.324873 1e-20
8200.0 0.317393 1e-20
8202.0 0.309071 1e-20
8204.0 0.305979 1e-20
8206.0 0.31345 1e-20
8208.0 0.326286 1e-20
8210.0 0.329033 1e-20
8212.0 0.325699 1e-20
8214.0 0.322397 1e-20
8216.0 0.314219 1e-20
8218.0 0.30986 1e-20
8220.0 0.311532 1e-20
8222.0 0.315908 1e-20
8224.0 0.319309 1e-20
8226.0 0.323889 1e-20
8228.0 0.32618 1e-20
8230.0 0.327694 1e-20
8232.0 0.327155 1e-20
8234.0 0.324364 1e-20
8236.0 0.319984 1e-20
8238.0 0.313967 1e-20
8240.0 0.305699 1e-20
8242.0 0.30203 1e-20
8244.0 0.302049 1e-20
8246.0 0.301443 1e-20
8248.0 0.299626 1e-20
8250.0 0.300021 1e-20
8252.0 0.306081 1e-20
8254.0 0.315568 1e-20
8256.0 0.317059 1e-20
8258.0 0.313605 1e-20
8260.0 0.308473 1e-20
8262.0 0.296245 1e-20
8264.0 0.289157 1e-20
8266.0 0.292277 1e-20
8268.0 0.300286 1e-20
8270.0 0.304661 1e-20
8272.0 0.308895 1e-20
8274.0 0.311977 1e-20
8276.0 0.314249 1e-20
8278.0 0.315613 1e-20
8280.0 0.316179 1e-20
8282.0 0.315732 1e-20
8284.0 0.313253 1e-20
8286.0 0.307431 1e-20
8288.0 0.309466 1e-20
8290.0 0.319246 1e-20
8292.0 0.326084 1e-20
8294.0 0.332824 1e-20
8296.0 0.336071 1e-20
8298.0 0.330762 1e-20
8300.0 0.318643 1e-20
8302.0 0.315198 1e-20
8304.0 0.319238 1e-20
8306.0 0.317589 1e-20
8308.0 0.309617 1e-20
8310.0 0.304441 1e-20
8312.0 0.307448 1e-20
8314.0 0.314487 1e-20
8316.0 0.315491 1e-20
8318.0 0.309223 1e-20
8320.0 0.312545 1e-20
8322.0 0.327572 1e-20
8324.0 0.334552 1e-20
8326.0 0.324924 1e-20
8328.0 0.310987 1e-20
8330.0 0.312892 1e-20
8332.0 0.325229 1e-20
8334.0 0.335885 1e-20
8336.0 0.351845 1e-20
8338.0 0.363531 1e-20
8340.0 0.372332 1e-20
8342.0 0.376567 1e-20
8344.0 0.371241 1e-20
8346.0 0.355805 1e-20
8348.0 0.354507 1e-20
8350.0 0.367267 1e-20
8352.0 0.369369 1e-20
8354.0 0.360953 1e-20
8356.0 0.351703 1e-20
8358.0 0.346329 1e-20
8360.0 0.342373 1e-20
8362.0 0.343368 1e-20
8364.0 0.351721 1e-20
8366.0 0.355403 1e-20
8368.0 0.357345 1e-20
8370.0 0.357914 1e-20
8372.0 0.355951 1e-20
8374.0 0.353075 1e-20
8376.0 0.355212 1e-20
8378.0 0.36309 1e-20
8380.0 0.365368 1e-20
8382.0 0.364812 1e-20
8384.0 0.363292 1e-20
8386.0 0.360192 1e-20
8388.0 0.356712 1e-20
8390.0 0.355318 1e-20
8392.0 0.355097 1e-20
8394.0 0.355449 1e-20
8396.0 0.356336 1e-20
8398.0 0.358455 1e-20
8400.0 0.363539 1e-20
8402.0 0.367542 1e-20
8404.0 0.365652 1e-20
8406.0 0.359295 1e-20
8408.0 0.360595 1e-20
8410.0 0.373094 1e-20
8412.0 0.372373 1e-20
8414.0 0.358059 1e-20
8416.0 0.343695 1e-20
8418.0 0.334478 1e-20
8420.0 0.32769 1e-20
8422.0 0.328346 1e-20
8424.0 0.344779 1e-20
8426.0 0.342852 1e-20
8428.0 0.323128 1e-20
8430.0 0.310797 1e-20
8432.0 0.314254 1e-20
8434.0 0.323799 1e-20
8436.0 0.326699 1e-20
8438.0 0.32986 1e-20
8440.0 0.324632 1e-20
8442.0 0.306513 1e-20
8444.0 0.29653 1e-20
8446.0 0.296844 1e-20
8448.0 0.301405 1e-20
8450.0 0.306246 1e-20
8452.0 0.314538 1e-20
8454.0 0.315414 1e-20
8456.0 0.309135 1e-20
8458.0 0.30584 1e-20
8460.0 0.30581 1e-20
8462.0 0.304818 1e-20
8464.0 0.299866 1e-20
8466.0 0.292387 1e-20
8468.0 0.286278 1e-20
8470.0 0.277463 1e-20
8472.0 0.274901 1e-20
8474.0 0.280688 1e-20
8476.0 0.283747 1e-20
8478.0 0.277447 1e-20
8480.0 0.267771 1e-20
8482.0 0.269214 1e-20
8484.0 0.281029 1e-20
8486.0 0.286472 1e-20
8488.0 0.291572 1e-20
8490.0 0.29343 1e-20
8492.0 0.288754 1e-20
8494.0 0.283252 1e-20
8496.0 0.287855 1e-20
8498.0 0.302197 1e-20
8500.0 0.305227 1e-20
8502.0 0.298926 1e-20
8504.0 0.297212 1e-20
8506.0 0.301027 1e-20
8508.0 0.305724 1e-20
8510.0 0.307462 1e-20
8512.0 0.30756 1e-20
8514.0 0.310778 1e-20
8516.0 0.319991 1e-20
8518.0 0.321047 1e-20
8520.0 0.312849 1e-20
8522.0 0.304655 1e-20
8524.0 0.3012 1e-20
8526.0 0.299865 1e-20
8528.0 0.300283 1e-20
8530.0 0.304912 1e-20
8532.0 0.305975 1e-20
8534.0 0.30387 1e-20
8536.0 0.303215 1e-20
8538.0 0.306152 1e-20
8540.0 0.31029 1e-20
8542.0 0.31111 1e-20
8544.0 0.308734 1e-20
8546.0 0.309745 1e-20
8548.0 0.311461 1e-20
8550.0 0.315844 1e-20
8552.0 0.326288 1e-20
8554.0 0.336077 1e-20
8556.0 0.334852 1e-20
8558.0 0.324721 1e-20
8560.0 0.320382 1e-20
8562.0 0.315116 1e-20
8564.0 0.315098 1e-20
8566.0 0.324043 1e-20
8568.0 0.331554 1e-20
8570.0 0.328761 1e-20
8572.0 0.319597 1e-20
8574.0 0.312735 1e-20
8576.0 0.301087 1e-20
8578.0 0.298089 1e-20
8580.0 0.304423 1e-20
8582.0 0.310638 1e-20
8584.0 0.312344 1e-20
8586.0 0.312572 1e-20
8588.0 0.31511 1e-20
8590.0 0.318187 1e-20
8592.0 0.323164 1e-20
8594.0 0.332575 1e-20
8596.0 0.338241 1e-20
8598.0 0.337696 1e-20
8600.0 0.334241 1e-20
8602.0 0.332003 1e-20
8604.0 0.328858 1e-20
8606.0 0.327154 1e-20
8608.0 0.327161 1e-20
8610.0 0.325907 1e-20
8612.0 0.322303 1e-20
8614.0 0.319046 1e-20
8616.0 0.31902 1e-20
8618.0 0.321161 1e-20
8620.0 0.323553 1e-20
8622.0 0.328717 1e-20
8624.0 0.330695 1e-20
8626.0 0.329249 1e-20
8628.0 0.327391 1e-20
8630.0 0.326271 1e-20
8632.0 0.325307 1e-20
8634.0 0.328266 1e-20
8636.0 0.334389 1e-20
8638.0 0.341847 1e-20
8640.0 0.354309 1e-20
8642.0 0.363267 1e-20
8644.0 0.363862 1e-20
8646.0 0.361094 1e-20
8648.0 0.36615 1e-20
8650.0 0.379485 1e-20
8652.0 0.383127 1e-20
8654.0 0.38235 1e-20
8656.0 0.377579 1e-20
8658.0 0.364378 1e-20
8660.0 0.35112 1e-20
8662.0 0.352931 1e-20
8664.0 0.367423 1e-20
8666.0 0.372289 1e-20
8668.0 0.372069 1e-20
8670.0 0.374495 1e-20
8672.0 0.380985 1e-20
8674.0 0.38647 1e-20
8676.0 0.386181 1e-20
8678.0 0.381829 1e-20
8680.0 0.381373 1e-20
8682.0 0.383647 1e-20
8684.0 0.383813 1e-20
8686.0 0.380653 1e-20
8688.0 0.379751 1e-20
8690.0 0.384987 1e-20
8692.0 0.393615 1e-20
8694.0 0.397464 1e-20
8696.0 0.396306 1e-20
8698.0 0.400785 1e-20
8700.0 0.412392 1e-20
8702.0 0.418662 1e-20
8704.0 0.414259 1e-20
8706.0 0.405939 1e-20
8708.0 0.405138 1e-20
8710.0 0.408763 1e-20
8712.0 0.410839 1e-20
8714.0 0.415799 1e-20
8716.0 0.41602 1e-20
8718.0 0.410238 1e-20
8720.0 0.401661 1e-20
8722.0 0.392376 1e-20
8724.0 0.379752 1e-20
8726.0 0.376813 1e-20
8728.0 0.381655 1e-20
8730.0 0.387054 1e-20
8732.0 0.395274 1e-20
8734.0 0.403539 1e-20
8736.0 0.410767 1e-20
8738.0 0.417681 1e-20
8740.0 0.414788 1e-20
8742.0 0.397738 1e-20
8744.0 0.391495 1e-20
8746.0 0.391752 1e-20
8748.0 0.394062 1e-20
8750.0 0.398234 1e-20
8752.0 0.403707 1e-20
8754.0 0.404364 1e-20
8756.0 0.398936 1e-20
8758.0 0.400321 1e-20
8760.0 0.409015 1e-20
8762.0 0.412722 1e-20
8764.0 0.408065 1e-20
8766.0 0.400321 1e-20
8768.0 0.396145 1e-20
8770.0 0.393812 1e-20
8772.0 0.388269 1e-20
8774.0 0.375749 1e-20
8776.0 0.37237 1e-20
8778.0 0.381311 1e-20
8780.0 0.392559 1e-20
8782.0 0.39698 1e-20
8784.0 0.398211 1e-20
8786.0 0.402253 1e-20
8788.0 0.411379 1e-20
8790.0 0.412029 1e-20
8792.0 0.401938 1e-20
8794.0 0.393034 1e-20
8796.0 0.393053 1e-20
8798.0 0.397348 1e-20
8800.0 0.394954 1e-20
8802.0 0.387295 1e-20
8804.0 0.382566 1e-20
8806.0 0.37681 1e-20
8808.0 0.374691 1e-20
8810.0 0.378841 1e-20
8812.0 0.386143 1e-20
8814.0 0.390427 1e-20
8816.0 0.395662 1e-20
8818.0 0.395183 1e-20
8820.0 0.387579 1e-20
8822.0 0.382847 1e-20
8824.0 0.38076 1e-20
8826.0 0.381451 1e-20
8828.0 0.388535 1e-20
8830.0 0.404443 1e-20
8832.0 0.403211 1e-20
8834.0 0.383065 1e-20
8836.0 0.375138 1e-20
8838.0 0.378811 1e-20
8840.0 0.386113 1e-20
8842.0 0.39343 1e-20
8844.0 0.402869 1e-20
8846.0 0.406363 1e-20
8848.0 0.408494 1e-20
8850.0 0.403287 1e-20
8852.0 0.385135 1e-20
8854.0 0.371895 1e-20
8856.0 0.373844 1e-20
8858.0 0.383096 1e-20
8860.0 0.382354 1e-20
8862.0 0.373111 1e-20
8864.0 0.372038 1e-20
8866.0 0.378011 1e-20
8868.0 0.380399 1e-20
8870.0 0.375423 1e-20
8872.0 0.368408 1e-20
8874.0 0.367255 1e-20
8876.0 0.370108 1e-20
8878.0 0.370838 1e-20
8880.0 0.370571 1e-20
8882.0 0.371628 1e-20
8884.0 0.374039 1e-20
8886.0 0.377419 1e-20
8888.0 0.38259 1e-20
8890.0 0.39055 1e-20
8892.0 0.388987 1e-20
8894.0 0.376711 1e-20
8896.0 0.370185 1e-20
8898.0 0.367772 1e-20
8900.0 0.366623 1e-20
8902.0 0.36616 1e-20
8904.0 0.366651 1e-20
8906.0 0.363528 1e-20
8908.0 0.355211 1e-20
8910.0 0.352207 1e-20
8912.0 0.34988 1e-20
8914.0 0.353373 1e-20
8916.0 0.369964 1e-20
8918.0 0.390607 1e-20
8920.0 0.38777 1e-20
8922.0 0.361354 1e-20
8924.0 0.351876 1e-20
8926.0 0.347599 1e-20
8928.0 0.347101 1e-20
8930.0 0.353404 1e-20
8932.0 0.36077 1e-20
8934.0 0.358255 1e-20
8936.0 0.346468 1e-20
8938.0 0.348254 1e-20
8940.0 0.363664 1e-20
8942.0 0.370438 1e-20
8944.0 0.368531 1e-20
8946.0 0.363566 1e-20
8948.0 0.357108 1e-20
8950.0 0.34724 1e-20
8952.0 0.351938 1e-20
8954.0 0.372445 1e-20
8956.0 0.385354 1e-20
8958.0 0.398618 1e-20
8960.0 0.404444 1e-20
8962.0 0.394546 1e-20
8964.0 0.375359 1e-20
8966.0 0.372647 1e-20
8968.0 0.383358 1e-20
8970.0 0.386601 1e-20
8972.0 0.391903 1e-20
8974.0 0.389606 1e-20
8976.0 0.372867 1e-20
8978.0 0.351332 1e-20
8980.0 0.344814 1e-20
8982.0 0.348134 1e-20
8984.0 0.350046 1e-20
8986.0 0.357847 1e-20
8988.0 0.360264 1e-20
8990.0 0.354989 1e-20
8992.0 0.347716 1e-20
8994.0 0.343483 1e-20
8996.0 0.339014 1e-20
8998.0 0.342645 1e-20
9000.0 0.359593 1e-20
9002.0 0.365174 1e-20
9004.0 0.358122 1e-20
9006.0 0.350315 1e-20
9008.0 0.348527 1e-20
9010.0 0.349269 1e-20
9012.0 0.355635 1e-20
9014.0 0.371965 1e-20
9016.0 0.380529 1e-20
9018.0 0.386042 1e-20
9020.0 0.387388 1e-20
9022.0 0.382643 1e-20
9024.0 0.373917 1e-20
9026.0 0.368352 1e-20
9028.0 0.363635 1e-20
9030.0 0.358562 1e-20
9032.0 0.354451 1e-20
9034.0 0.348594 1e-20
9036.0 0.33868 1e-20
9038.0 0.328717 1e-20
9040.0 0.325821 1e-20
9042.0 0.328855 1e-20
9044.0 0.328615 1e-20
9046.0 0.327931 1e-20
9048.0 0.326994 1e-20
9050.0 0.323486 1e-20
9052.0 0.322439 1e-20
9054.0 0.330364 1e-20
9056.0 0.345701 1e-20
9058.0 0.352237 1e-20
9060.0 0.356853 1e-20
9062.0 0.354785 1e-20
9064.0 0.342957 1e-20
9066.0 0.331224 1e-20
9068.0 0.324758 1e-20
9070.0 0.320683 1e-20
9072.0 0.318832 1e-20
9074.0 0.32078 1e-20
9076.0 0.321454 1e-20
9078.0 0.324882 1e-20
9080.0 0.323918 1e-20
9082.0 0.313507 1e-20
9084.0 0.300029 1e-20
9086.0 0.298011 1e-20
9088.0 0.30488 1e-20
9090.0 0.308266 1e-20
9092.0 0.312147 1e-20
9094.0 0.315929 1e-20
9096.0 0.321145 1e-20
9098.0 0.324789 1e-20
9100.0 0.321848 1e-20
9102.0 0.313012 1e-20
9104.0 0.307757 1e-20
9106.0 0.301603 1e-20
9108.0 0.298976 1e-20
9110.0 0.301789 1e-20
9112.0 0.304267 1e-20
9114.0 0.301087 1e-20
9116.0 0.29447 1e-20
9118.0 0.293846 1e-20
9120.0 0.298986 1e-20
9122.0 0.300207 1e-20
9124.0 0.298353 1e-20
9126.0 0.296879 1e-20
9128.0 0.297405 1e-20
9130.0 0.29875 1e-20
9132.0 0.299006 1e-20
9134.0 0.299201 1e-20
9136.0 0.298172 1e-20
9138.0 0.296911 1e-20
9140.0 0.293609 1e-20
9142.0 0.287017 1e-20
9144.0 0.279091 1e-20
9146.0 0.27308 1e-20
9148.0 0.266219 1e-20
9150.0 0.265637 1e-20
9152.0 0.272871 1e-20
9154.0 0.276735 1e-20
9156.0 0.275321 1e-20
9158.0 0.274262 1e-20
9160.0 0.279234 1e-20
9162.0 0.288548 1e-20
9164.0 0.294523 1e-20
9166.0 0.303205 1e-20
9168.0 0.303491 1e-20
9170.0 0.29236 1e-20
9172.0 0.281768 1e-20
9174.0 0.279528 1e-20
9176.0 0.28143 1e-20
9178.0 0.280765 1e-20
9180.0 0.279079 1e-20
9182.0 0.279016 1e-20
9184.0 0.279743 1e-20
9186.0 0.281657 1e-20
9188.0 0.286542 1e-20
9190.0 0.291994 1e-20
9192.0 0.289918 1e-20
9194.0 0.278148 1e-20
9196.0 0.276995 1e-20
9198.0 0.28498 1e-20
9200.0 0.288738 1e-20
9202.0 0.278828 1e-20
9204.0 0.272986 1e-20
9206.0 0.287967 1e-20
9208.0 0.288493 1e-20
9210.0 0.288253 1e-20
9212.0 0.288014 1e-20
9214.0 0.287774 1e-20
9216.0 0.287535 1e-20
9218.0 0.287295 1e-20
9220.0 0.287056 1e-20
9222.0 0.286816 1e-20
9224.0 0.286577 1e-20
9226.0 0.286577 1e-20
9228.0 0.290553 1e-20
9230.0 0.284404 1e-20
9232.0 0.28159 1e-20
9234.0 0.28894 1e-20
9236.0 0.301321 1e-20
9238.0 0.301102 1e-20
9240.0 0.291408 1e-20
9242.0 0.28307 1e-20
9244.0 0.267651 1e-20
9246.0 0.259749 1e-20
9248.0 0.266112 1e-20
9250.0 0.277862 1e-20
9252.0 0.279398 1e-20
9254.0 0.27461 1e-20
9256.0 0.273282 1e-20
9258.0 0.272263 1e-20
9260.0 0.271954 1e-20
9262.0 0.271776 1e-20
9264.0 0.272883 1e-20
9266.0 0.277449 1e-20
9268.0 0.285725 1e-20
9270.0 0.288516 1e-20
9272.0 0.288767 1e-20
9274.0 0.286604 1e-20
9276.0 0.279212 1e-20
9278.0 0.273217 1e-20
9280.0 0.273767 1e-20
9282.0 0.278314 1e-20
9284.0 0.282058 1e-20
9286.0 0.291285 1e-20
9288.0 0.290794 1e-20
9290.0 0.276814 1e-20
9292.0 0.268912 1e-20
9294.0 0.277384 1e-20
9296.0 0.293113 1e-20
9298.0 0.297364 1e-20
9300.0 0.298861 1e-20
9302.0 0.291019 1e-20
9304.0 0.265739 1e-20
9306.0 0.251534 1e-20
9308.0 0.259263 1e-20
9310.0 0.27091 1e-20
9312.0 0.258083 1e-20
9314.0 0.220018 1e-20
9316.0 0.221949 1e-20
9318.0 0.255699 1e-20
9320.0 0.284038 1e-20
9322.0 0.317675 1e-20
9324.0 0.340534 1e-20
9326.0 0.329103 1e-20
9328.0 0.290124 1e-20
9330.0 0.270593 1e-20
9332.0 0.252977 1e-20
9334.0 0.243371 1e-20
9336.0 0.237361 1e-20
9338.0 0.242989 1e-20
9340.0 0.27156 1e-20
9342.0 0.315058 1e-20
9344.0 0.327846 1e-20
9346.0 0.317646 1e-20
9348.0 0.312711 1e-20
9350.0 0.300964 1e-20
9352.0 0.294118 1e-20
9354.0 0.299012 1e-20
9356.0 0.307326 1e-20
9358.0 0.301629 1e-20
9360.0 0.283915 1e-20
9362.0 0.273703 1e-20
9364.0 0.253408 1e-20
9366.0 0.256843 1e-20
9368.0 0.301347 1e-20
9370.0 0.351256 1e-20
9372.0 0.361486 1e-20
9374.0 0.350499 1e-20
9376.0 0.322613 1e-20
9378.0 0.250812 1e-20
9380.0 0.214168 1e-20
9382.0 0.213919 1e-20
9384.0 0.222693 1e-20
9386.0 0.223177 1e-20
9388.0 0.223714 1e-20
9390.0 0.228185 1e-20
9392.0 0.240046 1e-20
9394.0 0.243766 1e-20
9396.0 0.23804 1e-20
9398.0 0.235314 1e-20
9400.0 0.240783 1e-20
9402.0 0.250987 1e-20
9404.0 0.263707 1e-20
9406.0 0.288138 1e-20
9408.0 0.294948 1e-20
9410.0 0.288191 1e-20
9412.0 0.280846 1e-20
9414.0 0.273831 1e-20
9416.0 0.266874 1e-20
9418.0 0.263588 1e-20
9420.0 0.261308 1e-20
9422.0 0.266018 1e-20
9424.0 0.284872 1e-20
9426.0 0.290982 1e-20
9428.0 0.277214 1e-20
9430.0 0.262654 1e-20
9432.0 0.267727 1e-20
9434.0 0.28621 1e-20
9436.0 0.291226 1e-20
9438.0 0.294629 1e-20
9440.0 0.286898 1e-20
9442.0 0.262906 1e-20
9444.0 0.239109 1e-20
9446.0 0.223777 1e-20
9448.0 0.212625 1e-20
9450.0 0.215141 1e-20
9452.0 0.238334 1e-20
9454.0 0.247968 1e-20
9456.0 0.250004 1e-20
9458.0 0.252253 1e-20
9460.0 0.259475 1e-20
9462.0 0.266403 1e-20
9464.0 0.25995 1e-20
9466.0 0.234237 1e-20
9468.0 0.231578 1e-20
9470.0 0.247472 1e-20
9472.0 0.2581 1e-20
9474.0 0.261811 1e-20
9476.0 0.261518 1e-20
9478.0 0.254415 1e-20
9480.0 0.234552 1e-20
9482.0 0.244146 1e-20
9484.0 0.292936 1e-20
9486.0 0.310216 1e-20
9488.0 0.290329 1e-20
9490.0 0.264154 1e-20
9492.0 0.254228 1e-20
9494.0 0.25019 1e-20
9496.0 0.246737 1e-20
9498.0 0.248166 1e-20
9500.0 0.246392 1e-20
9502.0 0.238968 1e-20
9504.0 0.236388 1e-20
9506.0 0.247867 1e-20
9508.0 0.266178 1e-20
9510.0 0.264011 1e-20
9512.0 0.240754 1e-20
9514.0 0.231658 1e-20
9516.0 0.222677 1e-20
9518.0 0.224354 1e-20
9520.0 0.246777 1e-20
9522.0 0.274983 1e-20
9524.0 0.276491 1e-20
9526.0 0.257419 1e-20
9528.0 0.247223 1e-20
9530.0 0.229948 1e-20
9532.0 0.225834 1e-20
9534.0 0.240313 1e-20
9536.0 0.260308 1e-20
9538.0 0.272461 1e-20
9540.0 0.282917 1e-20
9542.0 0.289068 1e-20
9544.0 0.289448 1e-20
9546.0 0.291274 1e-20
9548.0 0.299866 1e-20
9550.0 0.299937 1e-20
9552.0 0.275731 1e-20
9554.0 0.234711 1e-20
9556.0 0.221754 1e-20
9558.0 0.224998 1e-20
9560.0 0.232542 1e-20
9562.0 0.254805 1e-20
9564.0 0.272071 1e-20
9566.0 0.279257 1e-20
9568.0 0.278753 1e-20
9570.0 0.26135 1e-20
9572.0 0.213478 1e-20
9574.0 0.197949 1e-20
9576.0 0.201268 1e-20
9578.0 0.208351 1e-20
9580.0 0.221735 1e-20
9582.0 0.235967 1e-20
9584.0 0.236136 1e-20
9586.0 0.224709 1e-20
9588.0 0.220881 1e-20
9590.0 0.216951 1e-20
9592.0 0.217919 1e-20
9594.0 0.225657 1e-20
9596.0 0.23504 1e-20
9598.0 0.242035 1e-20
9600.0 0.248996 1e-20
9602.0 0.250023 1e-20
9604.0 0.242089 1e-20
9606.0 0.241097 1e-20
9608.0 0.2462 1e-20
9610.0 0.251884 1e-20
9612.0 0.25763 1e-20
9614.0 0.263208 1e-20
9616.0 0.255497 1e-20
9618.0 0.2306 1e-20
9620.0 0.217148 1e-20
9622.0 0.205863 1e-20
9624.0 0.200513 1e-20
9626.0 0.203824 1e-20
9628.0 0.212319 1e-20
9630.0 0.2187 1e-20
9632.0 0.228348 1e-20
9634.0 0.230438 1e-20
9636.0 0.224084 1e-20
9638.0 0.221487 1e-20
9640.0 0.223081 1e-20
9642.0 0.227482 1e-20
9644.0 0.236579 1e-20
9646.0 0.253593 1e-20
9648.0 0.251357 1e-20
9650.0 0.22357 1e-20
9652.0 0.216666 1e-20
9654.0 0.23417 1e-20
9656.0 0.253326 1e-20
9658.0 0.259717 1e-20
9660.0 0.260612 1e-20
9662.0 0.251232 1e-20
9664.0 0.224821 1e-20
9666.0 0.208655 1e-20
9668.0 0.191505 1e-20
9670.0 0.186281 1e-20
9672.0 0.205245 1e-20
9674.0 0.23714 1e-20
9676.0 0.244202 1e-20
9678.0 0.235407 1e-20
9680.0 0.227649 1e-20
9682.0 0.210694 1e-20
9684.0 0.199133 1e-20
9686.0 0.194341 1e-20
9688.0 0.195366 1e-20
9690.0 0.205819 1e-20
9692.0 0.227918 1e-20
9694.0 0.243777 1e-20
9696.0 0.270561 1e-20
9698.0 0.273688 1e-20
9700.0 0.240326 1e-20
9702.0 0.203004 1e-20
9704.0 0.195821 1e-20
9706.0 0.206151 1e-20
9708.0 0.209247 1e-20
9710.0 0.215047 1e-20
9712.0 0.217874 1e-20
9714.0 0.221089 1e-20
9716.0 0.218937 1e-20
9718.0 0.202838 1e-20
9720.0 0.177869 1e-20
9722.0 0.179736 1e-20
9724.0 0.210007 1e-20
9726.0 0.22203 1e-20
9728.0 0.22839 1e-20
9730.0 0.227965 1e-20
9732.0 0.214746 1e-20
9734.0 0.196876 1e-20
9736.0 0.200682 1e-20
9738.0 0.229695 1e-20
9740.0 0.23099 1e-20
9742.0 0.210023 1e-20
9744.0 0.197145 1e-20
9746.0 0.197817 1e-20
9748.0 0.201799 1e-20
9750.0 0.198397 1e-20
9752.0 0.18946 1e-20
9754.0 0.190493 1e-20
9756.0 0.200555 1e-20
9758.0 0.207443 1e-20
9760.0 0.216542 1e-20
9762.0 0.218849 1e-20
9764.0 0.201883 1e-20
9766.0 0.169321 1e-20
9768.0 0.158549 1e-20
9770.0 0.15911 1e-20
9772.0 0.164128 1e-20
9774.0 0.179737 1e-20
9776.0 0.194087 1e-20
9778.0 0.201073 1e-20
9780.0 0.204555 1e-20
9782.0 0.208218 1e-20
9784.0 0.21128 1e-20
9786.0 0.211898 1e-20
9788.0 0.211357 1e-20
9790.0 0.207597 1e-20
9792.0 0.197727 1e-20
9794.0 0.186198 1e-20
9796.0 0.183534 1e-20
9798.0 0.190902 1e-20
9800.0 0.184433 1e-20
9802.0 0.161272 1e-20
9804.0 0.151565 1e-20
9806.0 0.159993 1e-20
9808.0 0.173959 1e-20
9810.0 0.182573 1e-20
9812.0 0.191626 1e-20
9814.0 0.192864 1e-20
9816.0 0.183785 1e-20
9818.0 0.180589 1e-20
9820.0 0.182688 1e-20
9822.0 0.185455 1e-20
9824.0 0.186859 1e-20
9826.0 0.187975 1e-20
9828.0 0.185479 1e-20
9830.0 0.175892 1e-20
9832.0 0.174423 1e-20
9834.0 0.184867 1e-20
9836.0 0.187444 1e-20
9838.0 0.169168 1e-20
9840.0 0.142797 1e-20
9842.0 0.141038 1e-20
9844.0 0.157374 1e-20
9846.0 0.17094 1e-20
9848.0 0.199674 1e-20
9850.0 0.210435 1e-20
9852.0 0.190201 1e-20
9854.0 0.16103 1e-20
9856.0 0.154934 1e-20
9858.0 0.162598 1e-20
9860.0 0.164079 1e-20
9862.0 0.16575 1e-20
9864.0 0.167338 1e-20
9866.0 0.171342 1e-20
9868.0 0.172318 1e-20
9870.0 0.163575 1e-20
9872.0 0.146974 1e-20
9874.0 0.13729 1e-20
9876.0 0.122787 1e-20
9878.0 0.125208 1e-20
9880.0 0.151826 1e-20
9882.0 0.174062 1e-20
9884.0 0.17437 1e-20
9886.0 0.163463 1e-20
9888.0 0.162295 1e-20
9890.0 0.16375 1e-20
9892.0 0.166753 1e-20
9894.0 0.177653 1e-20
9896.0 0.180018 1e-20
9898.0 0.164395 1e-20
9900.0 0.142521 1e-20
9902.0 0.138465 1e-20
9904.0 0.146131 1e-20
9906.0 0.15228 1e-20
9908.0 0.159703 1e-20
9910.0 0.172063 1e-20
9912.0 0.193942 1e-20
9914.0 0.216044 1e-20
9916.0 0.226426 1e-20
9918.0 0.231113 1e-20
9920.0 0.223652 1e-20
9922.0 0.191824 1e-20
9924.0 0.179809 1e-20
9926.0 0.189006 1e-20
9928.0 0.202114 1e-20
9930.0 0.209273 1e-20
9932.0 0.215641 1e-20
9934.0 0.212833 1e-20
9936.0 0.195164 1e-20
9938.0 0.190459 1e-20
9940.0 0.193047 1e-20
9942.0 0.201085 1e-20
9944.0 0.221625 1e-20
9946.0 0.246291 1e-20
9948.0 0.234017 1e-20
9950.0 0.179937 1e-20
9952.0 0.154085 1e-20
9954.0 0.124641 1e-20
9956.0 0.122436 1e-20
9958.0 0.167594 1e-20
9960.0 0.228058 1e-20
9962.0 0.24776 1e-20
9964.0 0.247784 1e-20
9966.0 0.234336 1e-20
9968.0 0.188949 1e-20
9970.0 0.160996 1e-20
9972.0 0.151832 1e-20
9974.0 0.150983 1e-20
9976.0 0.153421 1e-20
9978.0 0.162775 1e-20
9980.0 0.165884 1e-20
9982.0 0.166776 1e-20
9984.0 0.166412 1e-20
9986.0 0.160364 1e-20
9988.0 0.159001 1e-20
9990.0 0.170375 1e-20
9992.0 0.18996 1e-20
9994.0 0.204147 1e-20
9996.0 0.223603 1e-20
9998.0 0.228734 1e-20
10000.0 0.220888 1e-20
10002.0 0.21018 1e-20
10004.0 0.198719 1e-20
10006.0 0.185392 1e-20
10008.0 0.173197 1e-20
10010.0 0.160844 1e-20
10012.0 0.148958 1e-20
10014.0 0.13935 1e-20
10016.0 0.126267 1e-20
10018.0 0.102246 1e-20
10020.0 0.0815646 1e-20
10022.0 0.0871691 1e-20
10024.0 0.114305 1e-20
10026.0 0.134084 1e-20
10028.0 0.163162 1e-20
10030.0 0.17875 1e-20
10032.0 0.178133 1e-20
10034.0 0.173484 1e-20
10036.0 0.174953 1e-20
10038.0 0.17841 1e-20
10040.0 0.171796 1e-20
10042.0 0.152914 1e-20
10044.0 0.141951 1e-20
10046.0 0.133536 1e-20
10048.0 0.130392 1e-20
10050.0 0.135915 1e-20
10052.0 0.14732 1e-20
10054.0 0.153597 1e-20
10056.0 0.166841 1e-20
10058.0 0.159545 1e-20
10060.0 0.124305 1e-20
10062.0 0.103711 1e-20
10064.0 0.110373 1e-20
10066.0 0.129237 1e-20
10068.0 0.142682 1e-20
10070.0 0.160222 1e-20
10072.0 0.169934 1e-20
10074.0 0.177113 1e-20
10076.0 0.177002 1e-20
10078.0 0.169645 1e-20
10080.0 0.155431 1e-20
10082.0 0.130002 1e-20
10084.0 0.088191 1e-20
10086.0 0.0864565 1e-20
10088.0 0.134543 1e-20
10090.0 0.144534 1e-20
10092.0 0.103064 1e-20
10094.0 0.0750233 1e-20
10096.0 0.111154 1e-20
10098.0 0.186194 1e-20
10100.0 0.214631 1e-20
10102.0 0.212891 1e-20
10104.0 0.224192 1e-20
10106.0 0.247268 1e-20
10108.0 0.257414 1e-20
10110.0 0.243352 1e-20
10112.0 0.21486 1e-20
10114.0 0.188397 1e-20
10116.0 0.146387 1e-20
10118.0 0.131571 1e-20
10120.0 0.145685 1e-20
10122.0 0.147387 1e-20
10124.0 0.128017 1e-20
10126.0 0.10143 1e-20
10128.0 0.0805453 1e-20
10130.0 0.0559491 1e-20
10132.0 0.0502144 1e-20
10134.0 0.0696486 1e-20
10136.0 0.0736615 1e-20
10138.0 0.0475821 1e-20
10140.0 0.0323151 1e-20
10142.0 0.075528 1e-20
10144.0 0.165309 1e-20
10146.0 0.177134 1e-20
10148.0 0.125788 1e-20
10150.0 0.0965347 1e-20
10152.0 0.0572177 1e-20
10154.0 0.0463446 1e-20
10156.0 0.100304 1e-20
10158.0 0.194449 1e-20
10160.0 0.233397 1e-20
10162.0 0.257393 1e-20
10164.0 0.245109 1e-20
10166.0 0.180772 1e-20
10168.0 0.123378 1e-20
10170.0 0.080061 1e-20
10172.0 0.0495733 1e-20
10174.0 0.0604157 1e-20
10176.0 0.114712 1e-20
10178.0 0.157107 1e-20
10180.0 0.22832 1e-20
10182.0 0.258992 1e-20
10184.0 0.231396 1e-20
10186.0 0.184432 1e-20
10188.0 0.158732 1e-20
10190.0 0.133289 1e-20
10192.0 0.133563 1e-20
10194.0 0.17336 1e-20
10196.0 0.184611 1e-20
10198.0 0.162462 1e-20
10200.0 0.140135 1e-20
10202.0 0.141369 1e-20
10204.0 0.155069 1e-20
10206.0 0.162088 1e-20
10208.0 0.168475 1e-20
10210.0 0.175822 1e-20
10212.0 0.184561 1e-20
10214.0 0.192623 1e-20
10216.0 0.205452 1e-20
10218.0 0.216276 1e-20
10220.0 0.190781 1e-20
10222.0 0.112198 1e-20
10224.0 0.0842502 1e-20
10226.0 0.0857068 1e-20
10228.0 0.0896714 1e-20
10230.0 0.0858763 1e-20
10232.0 0.0897687 1e-20
10234.0 0.127009 1e-20
10236.0 0.201827 1e-20
10238.0 0.242486 1e-20
10240.0 0.284908 1e-20
10242.0 0.288657 1e-20
10244.0 0.232898 1e-20
10246.0 0.168621 1e-20
10248.0 0.149954 1e-20
10250.0 0.15652 1e-20
10252.0 0.150101 1e-20
10254.0 0.135858 1e-20
10256.0 0.137275 1e-20
10258.0 0.158733 1e-20
10260.0 0.179365 1e-20
10262.0 0.188813 1e-20
10264.0 0.192498 1e-20
10266.0 0.182409 1e-20
10268.0 0.150226 1e-20
10270.0 0.132921 1e-20
10272.0 0.122811 1e-20
10274.0 0.114431 1e-20
10276.0 0.106546 1e-20
10278.0 0.0999813 1e-20
10280.0 0.0943685 1e-20
10282.0 0.0932902 1e-20
10284.0 0.0830787 1e-20
10286.0 0.0303936 1e-20
10288.0 0.0431734 1e-20
10290.0 0.166125 1e-20
10292.0 0.313242 1e-20
10294.0 0.373315 1e-20
10296.0 0.395429 1e-20
10298.0 0.362739 1e-20
10300.0 0.224558 1e-20
10302.0 0.1524 1e-20
10304.0 0.142592 1e-20
10306.0 0.157476 1e-20
10308.0 0.184267 1e-20
10310.0 0.233342 1e-20
10312.0 0.229832 1e-20
10314.0 0.155271 1e-20
10316.0 0.150739 1e-20
10318.0 0.216017 1e-20
10320.0 0.27491 1e-20
10322.0 0.293289 1e-20
10324.0 0.292544 1e-20
10326.0 0.287168 1e-20
10328.0 0.267995 1e-20
10330.0 0.248367 1e-20
10332.0 0.2167 1e-20
10334.0 0.194195 1e-20
10336.0 0.185344 1e-20
10338.0 0.185503 1e-20
10340.0 0.1936 1e-20
10342.0 0.217898 1e-20
10344.0 0.222533 1e-20
10346.0 0.229788 1e-20
10348.0 0.206588 1e-20
10350.0 0.121547 1e-20
10352.0 0.0432452 1e-20
10354.0 0.0600872 1e-20
10356.0 0.148699 1e-20
10358.0 0.185431 1e-20
10360.0 0.218939 1e-20
10362.0 0.223067 1e-20
10364.0 0.178131 1e-20
10366.0 0.141047 1e-20
10368.0 0.155442 1e-20
10370.0 0.199253 1e-20
10372.0 0.218045 1e-20
10374.0 0.219581 1e-20
10376.0 0.240312 1e-20
10378.0 0.284015 1e-20
10380.0 0.316952 1e-20
10382.0 0.323269 1e-20
10384.0 0.316978 1e-20
10386.0 0.3236 1e-20
10388.0 0.343526 1e-20
10390.0 0.339754 1e-20
10392.0 0.304847 1e-20
10394.0 0.291521 1e-20
10396.0 0.31313 1e-20
10398.0 0.34751 1e-20
10400.0 0.369095 1e-20
