3359.7508 1.29694e-15 1e-20
3362.7308 1.2796e-15 1e-20
3365.7107 1.42966e-15 1e-20
3368.6906 1.43639e-15 1e-20
3371.6705 1.31173e-15 1e-20
3374.6505 1.35198e-15 1e-20
3377.6304 1.31612e-15 1e-20
3380.6103 1.40875e-15 1e-20
3383.5902 1.30168e-15 1e-20
3386.5702 1.36613e-15 1e-20
3389.5501 1.45891e-15 1e-20
3392.53 1.37338e-15 1e-20
3395.5099 1.43986e-15 1e-20
3398.4899 1.5902e-15 1e-20
3401.4698 1.40541e-15 1e-20
3404.4497 1.4441e-15 1e-20
3407.4296 1.59318e-15 1e-20
3410.4096 1.558e-15 1e-20
3413.3895 1.57044e-15 1e-20
3416.3694 1.47637e-15 1e-20
3419.3493 1.62886e-15 1e-20
3422.3293 1.5541e-15 1e-20
3425.3092 1.63039e-15 1e-20
3428.2891 1.80166e-15 1e-20
3431.269 1.77021e-15 1e-20
3434.249 1.70478e-15 1e-20
3437.2289 1.73298e-15 1e-20
3440.2088 1.81218e-15 1e-20
3443.1887 1.72587e-15 1e-20
3446.1687 1.7075e-15 1e-20
3449.1486 1.8922e-15 1e-20
3452.1285 1.81308e-15 1e-20
3455.1085 1.7275e-15 1e-20
3458.0884 1.68126e-15 1e-20
3461.0683 1.79278e-15 1e-20
3464.0482 1.86468e-15 1e-20
3467.0281 1.93177e-15 1e-20
3470.0081 1.95014e-15 1e-20
3472.988 1.84258e-15 1e-20
3475.9679 1.8822e-15 1e-20
3478.9479 1.94441e-15 1e-20
3481.9278 1.90631e-15 1e-20
3484.9077 1.83324e-15 1e-20
3487.8876 1.98805e-15 1e-20
3490.8675 1.89663e-15 1e-20
3493.8475 1.8664e-15 1e-20
3496.8274 1.84272e-15 1e-20
3499.8073 1.72729e-15 1e-20
3502.7873 1.8157e-15 1e-20
3505.7672 1.86642e-15 1e-20
3508.7471 1.73393e-15 1e-20
3511.727 1.84926e-15 1e-20
3514.7069 1.80414e-15 1e-20
3517.6869 1.76347e-15 1e-20
3520.6668 1.80245e-15 1e-20
3523.6467 1.79464e-15 1e-20
3526.6266 1.61036e-15 1e-20
3529.6066 1.64974e-15 1e-20
3532.5865 1.70257e-15 1e-20
3535.5664 1.60207e-15 1e-20
3538.5463 1.63396e-15 1e-20
3541.5263 1.57841e-15 1e-20
3544.5062 1.54823e-15 1e-20
3547.4861 1.3914e-15 1e-20
3550.466 1.30934e-15 1e-20
3553.446 1.36983e-15 1e-20
3556.4259 1.24062e-15 1e-20
3559.4058 1.18287e-15 1e-20
3562.3858 1.20014e-15 1e-20
3565.3657 1.10457e-15 1e-20
3568.3456 1.02003e-15 1e-20
3571.3255 9.58247e-16 1e-20
3574.3054 9.78932e-16 1e-20
3577.2854 8.98533e-16 1e-20
3580.2653 8.26421e-16 1e-20
3583.2452 7.40937e-16 1e-20
3586.2252 7.79719e-16 1e-20
3589.2051 7.67039e-16 1e-20
3592.185 7.03359e-16 1e-20
3595.1649 6.05785e-16 1e-20
3598.1448 5.84663e-16 1e-20
3601.1248 5.90003e-16 1e-20
3604.1047 5.49941e-16 1e-20
3607.0846 4.98622e-16 1e-20
3610.0646 4.81943e-16 1e-20
3613.0445 4.40533e-16 1e-20
3616.0244 4.10363e-16 1e-20
3619.0043 4.02564e-16 1e-20
3621.9842 4.37004e-16 1e-20
3624.9642 4.35567e-16 1e-20
3627.9441 4.02915e-16 1e-20
3630.924 3.9632e-16 1e-20
3633.904 3.39612e-16 1e-20
3636.8839 3.20434e-16 1e-20
3639.8638 3.44625e-16 1e-20
3642.8437 3.21263e-16 1e-20
3645.8237 3.71834e-16 1e-20
3648.8036 3.46763e-16 1e-20
3651.7835 4.05959e-16 1e-20
3654.7634 3.39982e-16 1e-20
3657.7434 3.46397e-16 1e-20
3660.7233 3.83414e-16 1e-20
3663.7032 3.82647e-16 1e-20
3666.6831 3.99415e-16 1e-20
3669.6631 3.66471e-16 1e-20
3672.643 3.89071e-16 1e-20
3675.6229 4.19426e-16 1e-20
3678.6028 4.30933e-16 1e-20
3681.5828 4.35017e-16 1e-20
3684.5627 4.32065e-16 1e-20
3687.5426 4.03065e-16 1e-20
3690.5225 4.17992e-16 1e-20
3693.5025 4.29085e-16 1e-20
3696.4824 5.25258e-16 1e-20
3699.4623 4.85768e-16 1e-20
3702.4422 4.75027e-16 1e-20
3705.4222 4.91463e-16 1e-20
3708.4021 5.23885e-16 1e-20
3711.382 6.14811e-16 1e-20
3714.3619 6.16269e-16 1e-20
3717.3419 6.1078e-16 1e-20
3720.3218 6.4147e-16 1e-20
3723.3017 6.64862e-16 1e-20
3726.2816 6.98084e-16 1e-20
3729.2616 7.49198e-16 1e-20
3732.2415 7.52051e-16 1e-20
3735.2214 7.91399e-16 1e-20
3738.2013 8.66159e-16 1e-20
3741.1813 9.06831e-16 1e-20
3744.1612 9.07724e-16 1e-20
3747.1411 9.37644e-16 1e-20
3750.121 1.0034e-15 1e-20
3753.101 1.04952e-15 1e-20
3756.0809 1.06452e-15 1e-20
3759.0608 1.12149e-15 1e-20
3762.0407 1.11752e-15 1e-20
3765.0207 1.16777e-15 1e-20
3768.0006 1.18334e-15 1e-20
3770.9805 1.15509e-15 1e-20
3773.9604 1.15048e-15 1e-20
3776.9404 1.21046e-15 1e-20
3779.9203 1.3055e-15 1e-20
3782.9002 1.34424e-15 1e-20
3785.8801 1.31753e-15 1e-20
3788.8601 1.32626e-15 1e-20
3791.84 1.33551e-15 1e-20
3794.8199 1.40296e-15 1e-20
3797.7998 1.5129e-15 1e-20
3800.7798 1.50427e-15 1e-20
3803.7597 1.55364e-15 1e-20
3806.7396 1.65049e-15 1e-20
3809.7195 1.67029e-15 1e-20
3812.6995 1.74087e-15 1e-20
3815.6794 1.77089e-15 1e-20
3818.6593 1.81577e-15 1e-20
3821.6392 1.87878e-15 1e-20
3824.6192 1.89223e-15 1e-20
3827.5991 1.9742e-15 1e-20
3830.579 2.11059e-15 1e-20
3833.5589 2.09482e-15 1e-20
3836.5389 2.21263e-15 1e-20
3839.5188 2.28506e-15 1e-20
3842.4987 2.31373e-15 1e-20
3845.4786 2.31186e-15 1e-20
3848.4586 2.40626e-15 1e-20
3851.4385 2.43291e-15 1e-20
3854.4184 2.45561e-15 1e-20
3857.3983 2.49268e-15 1e-20
3860.3783 2.5105e-15 1e-20
3863.3582 2.49917e-15 1e-20
3866.3381 2.53122e-15 1e-20
3869.318 2.55698e-15 1e-20
3872.298 2.63892e-15 1e-20
3875.2779 2.68058e-15 1e-20
3878.2578 2.64187e-15 1e-20
3881.2377 2.70352e-15 1e-20
3884.2177 2.72151e-15 1e-20
3887.1976 2.71156e-15 1e-20
3890.1775 2.77419e-15 1e-20
3893.1574 2.80946e-15 1e-20
3896.1374 2.75899e-15 1e-20
3899.1173 2.70169e-15 1e-20
3902.0972 2.67957e-15 1e-20
3905.0771 2.70927e-15 1e-20
3908.0571 2.64423e-15 1e-20
3911.037 2.52026e-15 1e-20
3914.0169 2.49238e-15 1e-20
3916.9968 2.46249e-15 1e-20
3919.9768 2.43844e-15 1e-20
3922.9567 2.41298e-15 1e-20
3925.9366 2.39628e-15 1e-20
3928.9165 2.30678e-15 1e-20
3931.8965 2.25481e-15 1e-20
3934.8764 2.31302e-15 1e-20
3937.8563 2.3042e-15 1e-20
3940.8362 2.27488e-15 1e-20
3943.8162 2.30351e-15 1e-20
3946.7961 2.34465e-15 1e-20
3949.776 2.25891e-15 1e-20
3952.7559 2.22111e-15 1e-20
3955.7359 2.27945e-15 1e-20
3958.7158 2.22775e-15 1e-20
3961.6957 2.2135e-15 1e-20
3964.6756 2.208e-15 1e-20
3967.6556 2.2048e-15 1e-20
3970.6355 2.22279e-15 1e-20
3973.6154 2.23302e-15 1e-20
3976.5953 2.2324e-15 1e-20
3979.5753 2.2016e-15 1e-20
3982.5552 2.24363e-15 1e-20
3985.5351 2.32503e-15 1e-20
3988.515 2.31423e-15 1e-20
3991.495 2.3537e-15 1e-20
3994.4749 2.36023e-15 1e-20
3997.4548 2.40795e-15 1e-20
4000.4347 2.3921e-15 1e-20
4003.4147 2.45606e-15 1e-20
4006.3946 2.42113e-15 1e-20
4009.3745 2.4554e-15 1e-20
4012.3544 2.55259e-15 1e-20
4015.3344 2.60592e-15 1e-20
4018.3143 2.63182e-15 1e-20
4021.2942 2.57231e-15 1e-20
4024.2741 2.65359e-15 1e-20
4027.2541 2.67253e-15 1e-20
4030.234 2.73265e-15 1e-20
4033.2139 2.69908e-15 1e-20
4036.1938 2.7364e-15 1e-20
4039.1738 2.74035e-15 1e-20
4042.1537 2.81673e-15 1e-20
4045.1336 2.86579e-15 1e-20
4048.1135 2.9085e-15 1e-20
4051.0935 2.86051e-15 1e-20
4054.0734 2.81112e-15 1e-20
4057.0533 2.86582e-15 1e-20
4060.0333 2.86548e-15 1e-20
4063.0132 2.86519e-15 1e-20
4065.9931 2.85133e-15 1e-20
4068.973 2.87101e-15 1e-20
4071.9529 2.92553e-15 1e-20
4074.9329 2.77902e-15 1e-20
4077.9128 2.83399e-15 1e-20
4080.8927 2.77502e-15 1e-20
4083.8727 2.77869e-15 1e-20
4086.8526 2.78426e-15 1e-20
4089.8325 2.74952e-15 1e-20
4092.8124 2.66505e-15 1e-20
4095.7923 2.68276e-15 1e-20
4098.7723 2.63584e-15 1e-20
4101.7522 2.65736e-15 1e-20
4104.7321 2.57065e-15 1e-20
4107.7121 2.47966e-15 1e-20
4110.692 2.52744e-15 1e-20
4113.6719 2.50779e-15 1e-20
4116.6518 2.47338e-15 1e-20
4119.6317 2.42175e-15 1e-20
4122.6117 2.44799e-15 1e-20
4125.5916 2.45595e-15 1e-20
4128.5715 2.45235e-15 1e-20
4131.5515 2.46123e-15 1e-20
4134.5314 2.41824e-15 1e-20
4137.5113 2.38097e-15 1e-20
4140.4912 2.39782e-15 1e-20
4143.4712 2.34809e-15 1e-20
4146.4511 2.40145e-15 1e-20
4149.431 2.31778e-15 1e-20
4152.4109 2.34557e-15 1e-20
4155.3908 2.35288e-15 1e-20
4158.3708 2.26579e-15 1e-20
4161.3507 2.25821e-15 1e-20
4164.3306 2.19699e-15 1e-20
4167.3106 2.17669e-15 1e-20
4170.2905 2.16389e-15 1e-20
4173.2704 2.12671e-15 1e-20
4176.2503 2.09891e-15 1e-20
4179.2302 2.09994e-15 1e-20
4182.2102 2.14075e-15 1e-20
4185.1901 2.06852e-15 1e-20
4188.17 1.95632e-15 1e-20
4191.15 2.02128e-15 1e-20
4194.1299 2.01462e-15 1e-20
4197.1098 1.92903e-15 1e-20
4200.0897 1.9388e-15 1e-20
4203.0696 1.93624e-15 1e-20
4206.0496 1.89388e-15 1e-20
4209.0295 1.88859e-15 1e-20
4212.0094 1.78374e-15 1e-20
4214.9894 1.77443e-15 1e-20
4217.9693 1.76582e-15 1e-20
4220.9492 1.74432e-15 1e-20
4223.9291 1.72983e-15 1e-20
4226.909 1.70515e-15 1e-20
4229.889 1.66615e-15 1e-20
4232.8689 1.65694e-15 1e-20
4235.8488 1.60101e-15 1e-20
4238.8288 1.52563e-15 1e-20
4241.8087 1.47361e-15 1e-20
4244.7886 1.45659e-15 1e-20
4247.7685 1.43991e-15 1e-20
4250.7485 1.42048e-15 1e-20
4253.7284 1.37583e-15 1e-20
4256.7083 1.3516e-15 1e-20
4259.6882 1.35994e-15 1e-20
4262.6682 1.3215e-15 1e-20
4265.6481 1.33897e-15 1e-20
4268.628 1.34409e-15 1e-20
4271.6079 1.32185e-15 1e-20
4274.5879 1.32071e-15 1e-20
4277.5678 1.36331e-15 1e-20
4280.5477 1.3293e-15 1e-20
4283.5276 1.35379e-15 1e-20
4286.5076 1.39133e-15 1e-20
4289.4875 1.39931e-15 1e-20
4292.4674 1.39922e-15 1e-20
4295.4473 1.36434e-15 1e-20
4298.4273 1.39669e-15 1e-20
4301.4072 1.45116e-15 1e-20
4304.3871 1.42673e-15 1e-20
4307.367 1.42485e-15 1e-20
4310.347 1.47347e-15 1e-20
4313.3269 1.46661e-15 1e-20
4316.3068 1.44698e-15 1e-20
4319.2867 1.46766e-15 1e-20
4322.2667 1.51311e-15 1e-20
4325.2466 1.50905e-15 1e-20
4328.2265 1.51114e-15 1e-20
4331.2064 1.56468e-15 1e-20
4334.1864 1.62051e-15 1e-20
4337.1663 1.61212e-15 1e-20
4340.1462 1.64487e-15 1e-20
4343.1261 1.63586e-15 1e-20
4346.1061 1.65284e-15 1e-20
4349.086 1.65358e-15 1e-20
4352.0659 1.69678e-15 1e-20
4355.0458 1.68102e-15 1e-20
4358.0258 1.6511e-15 1e-20
4361.0057 1.68292e-15 1e-20
4363.9856 1.71928e-15 1e-20
4366.9655 1.72768e-15 1e-20
4369.9455 1.67081e-15 1e-20
4372.9254 1.64592e-15 1e-20
4375.9053 1.63892e-15 1e-20
4378.8852 1.64138e-15 1e-20
4381.8652 1.65028e-15 1e-20
4384.8451 1.66569e-15 1e-20
4387.825 1.67533e-15 1e-20
4390.8049 1.60919e-15 1e-20
4393.7849 1.56321e-15 1e-20
4396.7648 1.61024e-15 1e-20
4399.7447 1.54844e-15 1e-20
4402.7246 1.59197e-15 1e-20
4405.7046 1.59467e-15 1e-20
4408.6845 1.59685e-15 1e-20
4411.6644 1.59886e-15 1e-20
4414.6443 1.60256e-15 1e-20
4417.6243 1.6548e-15 1e-20
4420.6042 1.72151e-15 1e-20
4423.5841 1.68495e-15 1e-20
4426.564 1.77197e-15 1e-20
4429.544 1.80328e-15 1e-20
4432.5239 1.78307e-15 1e-20
4435.5038 1.84577e-15 1e-20
4438.4837 1.81276e-15 1e-20
4441.4637 1.87825e-15 1e-20
4444.4436 1.93837e-15 1e-20
4447.4235 1.93172e-15 1e-20
4450.4034 1.9482e-15 1e-20
4453.3834 1.97205e-15 1e-20
4456.3633 2.01914e-15 1e-20
4459.3432 2.00583e-15 1e-20
4462.3231 2.06296e-15 1e-20
4465.3031 2.08773e-15 1e-20
4468.283 2.08221e-15 1e-20
4471.2629 2.1297e-15 1e-20
4474.2428 2.17804e-15 1e-20
4477.2228 2.12926e-15 1e-20
4480.2027 2.13359e-15 1e-20
4483.1826 2.12994e-15 1e-20
4486.1625 2.15974e-15 1e-20
4489.1425 2.18314e-15 1e-20
4492.1224 2.15455e-15 1e-20
4495.1023 2.13409e-15 1e-20
4498.0822 2.20776e-15 1e-20
4501.0622 2.16276e-15 1e-20
4504.0421 2.11233e-15 1e-20
4507.022 2.1269e-15 1e-20
4510.0019 2.0869e-15 1e-20
4512.9819 2.08674e-15 1e-20
4515.9618 2.0751e-15 1e-20
4518.9417 2.07751e-15 1e-20
4521.9216 2.05088e-15 1e-20
4524.9016 2.06351e-15 1e-20
4527.8815 2.11005e-15 1e-20
4530.8614 2.0804e-15 1e-20
4533.8413 2.06374e-15 1e-20
4536.8213 2.0716e-15 1e-20
4539.8012 2.08184e-15 1e-20
4542.7811 2.04321e-15 1e-20
4545.761 2.05361e-15 1e-20
4548.741 2.11306e-15 1e-20
4551.7209 2.08377e-15 1e-20
4554.7008 2.07217e-15 1e-20
4557.6807 2.04457e-15 1e-20
4560.6607 2.02814e-15 1e-20
4563.6406 2.07653e-15 1e-20
4566.6205 1.98039e-15 1e-20
4569.6004 2.01146e-15 1e-20
4572.5804 2.03791e-15 1e-20
4575.5603 1.96504e-15 1e-20
4578.5402 1.9474e-15 1e-20
4581.5201 1.8571e-15 1e-20
4584.5001 1.87466e-15 1e-20
4587.48 1.81236e-15 1e-20
4590.4599 1.81435e-15 1e-20
4593.4398 1.75391e-15 1e-20
4596.4198 1.7134e-15 1e-20
4599.3997 1.69951e-15 1e-20
4602.3796 1.66503e-15 1e-20
4605.3595 1.63371e-15 1e-20
4608.3395 1.62821e-15 1e-20
4611.3194 1.6234e-15 1e-20
4614.2993 1.5796e-15 1e-20
4617.2792 1.57415e-15 1e-20
4620.2592 1.62103e-15 1e-20
4623.2391 1.58058e-15 1e-20
4626.219 1.55923e-15 1e-20
4629.1989 1.58541e-15 1e-20
4632.1789 1.54811e-15 1e-20
4635.1588 1.49727e-15 1e-20
4638.1387 1.55025e-15 1e-20
4641.1186 1.54661e-15 1e-20
4644.0986 1.51178e-15 1e-20
4647.0785 1.47562e-15 1e-20
4650.0584 1.49777e-15 1e-20
4653.0383 1.46928e-15 1e-20
4656.0183 1.5101e-15 1e-20
4658.9982 1.45256e-15 1e-20
4661.9781 1.47516e-15 1e-20
4664.9581 1.4631e-15 1e-20
4667.938 1.46346e-15 1e-20
4670.9179 1.4351e-15 1e-20
4673.8978 1.47602e-15 1e-20
4676.8777 1.45314e-15 1e-20
4679.8577 1.4232e-15 1e-20
4682.8376 1.38192e-15 1e-20
4685.8175 1.38514e-15 1e-20
4688.7975 1.37397e-15 1e-20
4691.7774 1.36421e-15 1e-20
4694.7573 1.34644e-15 1e-20
4697.7372 1.36436e-15 1e-20
4700.7171 1.31657e-15 1e-20
4703.6971 1.30117e-15 1e-20
4706.677 1.32003e-15 1e-20
4709.6569 1.30248e-15 1e-20
4712.6369 1.30629e-15 1e-20
4715.6168 1.29405e-15 1e-20
4718.5967 1.3063e-15 1e-20
4721.5766 1.29249e-15 1e-20
4724.5565 1.3064e-15 1e-20
4727.5365 1.32709e-15 1e-20
4730.5164 1.28383e-15 1e-20
4733.4963 1.27116e-15 1e-20
4736.4763 1.29483e-15 1e-20
4739.4562 1.29032e-15 1e-20
4742.4361 1.29846e-15 1e-20
4745.416 1.29983e-15 1e-20
4748.396 1.31838e-15 1e-20
4751.3759 1.34657e-15 1e-20
4754.3558 1.33883e-15 1e-20
4757.3357 1.29176e-15 1e-20
4760.3157 1.29631e-15 1e-20
4763.2956 1.31596e-15 1e-20
4766.2755 1.25432e-15 1e-20
4769.2554 1.22639e-15 1e-20
4772.2354 1.21566e-15 1e-20
4775.2153 1.1793e-15 1e-20
4778.1952 1.17046e-15 1e-20
4781.1751 1.12884e-15 1e-20
4784.1551 1.10815e-15 1e-20
4787.135 1.101e-15 1e-20
4790.1149 1.07473e-15 1e-20
4793.0948 1.0447e-15 1e-20
4796.0748 1.04802e-15 1e-20
4799.0547 1.0364e-15 1e-20
4802.0346 9.77684e-16 1e-20
4805.0145 9.63037e-16 1e-20
4807.9944 9.77838e-16 1e-20
4810.9744 9.52698e-16 1e-20
4813.9543 9.52224e-16 1e-20
4816.9342 9.45445e-16 1e-20
4819.9142 9.474e-16 1e-20
4822.8941 9.32869e-16 1e-20
4825.874 9.35027e-16 1e-20
4828.8539 9.44851e-16 1e-20
4831.8338 9.26279e-16 1e-20
4834.8138 9.55981e-16 1e-20
4837.7937 9.37513e-16 1e-20
4840.7736 9.27447e-16 1e-20
4843.7536 9.65933e-16 1e-20
4846.7335 9.78909e-16 1e-20
4849.7134 9.55442e-16 1e-20
4852.6933 1.00553e-15 1e-20
4855.6733 9.93632e-16 1e-20
4858.6532 1.0369e-15 1e-20
4861.6331 1.0121e-15 1e-20
4864.613 1.04158e-15 1e-20
4867.593 1.06541e-15 1e-20
4870.5729 1.08052e-15 1e-20
4873.5528 1.07565e-15 1e-20
4876.5327 1.06331e-15 1e-20
4879.5127 1.09289e-15 1e-20
4882.4926 1.06003e-15 1e-20
4885.4725 1.09906e-15 1e-20
4888.4524 1.10833e-15 1e-20
4891.4324 1.12208e-15 1e-20
4894.4123 1.12795e-15 1e-20
4897.3922 1.15129e-15 1e-20
4900.3721 1.1668e-15 1e-20
4903.3521 1.2201e-15 1e-20
4906.332 1.20281e-15 1e-20
4909.3119 1.17698e-15 1e-20
4912.2918 1.15632e-15 1e-20
4915.2718 1.19066e-15 1e-20
4918.2517 1.16294e-15 1e-20
4921.2316 1.1857e-15 1e-20
4924.2115 1.15642e-15 1e-20
4927.1915 1.15795e-15 1e-20
4930.1714 1.19112e-15 1e-20
4933.1513 1.20625e-15 1e-20
4936.1312 1.21132e-15 1e-20
4939.1112 1.2095e-15 1e-20
4942.0911 1.211e-15 1e-20
4945.071 1.26696e-15 1e-20
4948.0509 1.22647e-15 1e-20
4951.0309 1.23695e-15 1e-20
4954.0108 1.23189e-15 1e-20
4956.9907 1.2259e-15 1e-20
4959.9706 1.23675e-15 1e-20
4962.9506 1.24082e-15 1e-20
4965.9305 1.22862e-15 1e-20
4968.9104 1.24742e-15 1e-20
4971.8903 1.23095e-15 1e-20
4974.8703 1.22343e-15 1e-20
4977.8502 1.23939e-15 1e-20
4980.8301 1.27462e-15 1e-20
4983.81 1.25459e-15 1e-20
4986.79 1.27607e-15 1e-20
4989.7699 1.27545e-15 1e-20
4992.7498 1.28697e-15 1e-20
4995.7297 1.32932e-15 1e-20
4998.7097 1.33129e-15 1e-20
5001.6896 1.32733e-15 1e-20
5004.6695 1.34881e-15 1e-20
5007.6494 1.34841e-15 1e-20
5010.6294 1.38122e-15 1e-20
5013.6093 1.38329e-15 1e-20
5016.5892 1.40373e-15 1e-20
5019.5691 1.40905e-15 1e-20
5022.5491 1.42696e-15 1e-20
5025.529 1.44489e-15 1e-20
5028.5089 1.4604e-15 1e-20
5031.4888 1.46346e-15 1e-20
5034.4688 1.48909e-15 1e-20
5037.4487 1.49515e-15 1e-20
5040.4286 1.49617e-15 1e-20
5043.4085 1.5182e-15 1e-20
5046.3885 1.50235e-15 1e-20
5049.3684 1.50507e-15 1e-20
5052.3483 1.52097e-15 1e-20
5055.3282 1.52016e-15 1e-20
5058.3082 1.53828e-15 1e-20
5061.2881 1.56459e-15 1e-20
5064.268 1.54601e-15 1e-20
5067.2479 1.52092e-15 1e-20
5070.2279 1.52996e-15 1e-20
5073.2078 1.54856e-15 1e-20
5076.1877 1.56684e-15 1e-20
5079.1676 1.5899e-15 1e-20
5082.1476 1.56346e-15 1e-20
5085.1275 1.55196e-15 1e-20
5088.1074 1.56426e-15 1e-20
5091.0873 1.54267e-15 1e-20
5094.0673 1.51576e-15 1e-20
5097.0472 1.49081e-15 1e-20
5100.0271 1.53604e-15 1e-20
5103.007 1.53162e-15 1e-20
5105.987 1.49688e-15 1e-20
5108.9669 1.46202e-15 1e-20
5111.9468 1.47162e-15 1e-20
5114.9267 1.46411e-15 1e-20
5117.9067 1.47805e-15 1e-20
5120.8866 1.49642e-15 1e-20
5123.8665 1.48037e-15 1e-20
5126.8464 1.46854e-15 1e-20
5129.8264 1.48925e-15 1e-20
5132.8063 1.47666e-15 1e-20
5135.7862 1.47175e-15 1e-20
5138.7661 1.50829e-15 1e-20
5141.7461 1.51867e-15 1e-20
5144.726 1.5288e-15 1e-20
5147.7059 1.54758e-15 1e-20
5150.6858 1.54483e-15 1e-20
5153.6658 1.48089e-15 1e-20
5156.6457 1.50509e-15 1e-20
5159.6256 1.50626e-15 1e-20
5162.6055 1.50351e-15 1e-20
5165.5855 1.49276e-15 1e-20
5168.5654 1.45552e-15 1e-20
5171.5453 1.43158e-15 1e-20
5174.5252 1.41709e-15 1e-20
5177.5052 1.39442e-15 1e-20
5180.4851 1.35879e-15 1e-20
5183.465 1.33295e-15 1e-20
5186.4449 1.27732e-15 1e-20
5189.4249 1.24759e-15 1e-20
5192.4048 1.2298e-15 1e-20
5195.3847 1.21881e-15 1e-20
5198.3646 1.19271e-15 1e-20
5201.3446 1.17098e-15 1e-20
5204.3245 1.12896e-15 1e-20
5207.3044 1.11822e-15 1e-20
5210.2843 1.10555e-15 1e-20
5213.2643 1.07441e-15 1e-20
5216.2442 1.07801e-15 1e-20
5219.2241 1.06878e-15 1e-20
5222.204 1.02545e-15 1e-20
5225.184 1.01952e-15 1e-20
5228.1639 1.03143e-15 1e-20
5231.1438 1.01854e-15 1e-20
5234.1237 1.01685e-15 1e-20
5237.1037 1.01536e-15 1e-20
5240.0836 1.01569e-15 1e-20
5243.0635 9.9089e-16 1e-20
5246.0434 9.79241e-16 1e-20
5249.0234 1.02239e-15 1e-20
5252.0033 9.8973e-16 1e-20
5254.9832 1.00848e-15 1e-20
5257.9631 1.01966e-15 1e-20
5260.9431 9.87293e-16 1e-20
5263.923 9.97434e-16 1e-20
5266.9029 1.00964e-15 1e-20
5269.8829 1.00934e-15 1e-20
5272.8628 9.99511e-16 1e-20
5275.8427 1.00748e-15 1e-20
5278.8226 9.99426e-16 1e-20
5281.8025 1.01595e-15 1e-20
5284.7825 1.07052e-15 1e-20
5287.7624 1.04835e-15 1e-20
5290.7423 1.03498e-15 1e-20
5293.7223 1.07046e-15 1e-20
5296.7022 1.0567e-15 1e-20
5299.6821 1.08237e-15 1e-20
5302.662 1.1023e-15 1e-20
5305.6419 1.10567e-15 1e-20
5308.6219 1.11418e-15 1e-20
5311.6018 1.10483e-15 1e-20
5314.5817 1.08755e-15 1e-20
5317.5617 1.12452e-15 1e-20
5320.5416 1.12478e-15 1e-20
5323.5215 1.12734e-15 1e-20
5326.5014 1.10092e-15 1e-20
5329.4813 1.11602e-15 1e-20
5332.4613 1.09335e-15 1e-20
5335.4412 1.12748e-15 1e-20
5338.4211 1.09042e-15 1e-20
5341.4011 1.08411e-15 1e-20
5344.381 1.08317e-15 1e-20
5347.3609 1.10968e-15 1e-20
5350.3408 1.08299e-15 1e-20
5353.3208 1.07494e-15 1e-20
5356.3007 1.04445e-15 1e-20
5359.2806 1.05139e-15 1e-20
5362.2605 1.0305e-15 1e-20
5365.2405 1.02055e-15 1e-20
5368.2204 1.00327e-15 1e-20
5371.2003 1.00263e-15 1e-20
5374.1802 9.62541e-16 1e-20
5377.1602 9.73445e-16 1e-20
5380.1401 9.56109e-16 1e-20
5383.12 9.72678e-16 1e-20
5386.0999 9.53214e-16 1e-20
5389.0799 9.10682e-16 1e-20
5392.0598 8.94131e-16 1e-20
5395.0397 9.01306e-16 1e-20
5398.0196 8.78248e-16 1e-20
5400.9996 8.52984e-16 1e-20
5403.9795 8.76623e-16 1e-20
5406.9594 8.87838e-16 1e-20
5409.9393 8.86532e-16 1e-20
5412.9193 8.70474e-16 1e-20
5415.8992 8.57607e-16 1e-20
5418.8791 8.72849e-16 1e-20
5421.859 8.86896e-16 1e-20
5424.839 8.91239e-16 1e-20
5427.8189 9.05855e-16 1e-20
5430.7988 9.22386e-16 1e-20
5433.7787 9.40833e-16 1e-20
5436.7587 9.58358e-16 1e-20
5439.7386 9.59771e-16 1e-20
5442.7185 9.50628e-16 1e-20
5445.6984 9.76584e-16 1e-20
5448.6784 1.00433e-15 1e-20
5451.6583 1.00864e-15 1e-20
5454.6382 1.0302e-15 1e-20
5457.6181 1.0514e-15 1e-20
5460.5981 1.08435e-15 1e-20
5463.578 1.11025e-15 1e-20
5466.5579 1.13511e-15 1e-20
5469.5378 1.11531e-15 1e-20
5472.5178 1.15731e-15 1e-20
5475.4977 1.19588e-15 1e-20
5478.4776 1.19604e-15 1e-20
5481.4575 1.26579e-15 1e-20
5484.4375 1.29681e-15 1e-20
5487.4174 1.28635e-15 1e-20
5490.3973 1.26661e-15 1e-20
5493.3772 1.28343e-15 1e-20
5496.3572 1.27949e-15 1e-20
5499.3371 1.29773e-15 1e-20
5502.317 1.34636e-15 1e-20
5505.2969 1.35073e-15 1e-20
5508.2769 1.33714e-15 1e-20
5511.2568 1.32459e-15 1e-20
5514.2367 1.30972e-15 1e-20
5517.2166 1.32763e-15 1e-20
5520.1966 1.33697e-15 1e-20
5523.1765 1.30167e-15 1e-20
5526.1564 1.30169e-15 1e-20
5529.1363 1.31202e-15 1e-20
5532.1163 1.33029e-15 1e-20
5535.0962 1.30541e-15 1e-20
5538.0761 1.31207e-15 1e-20
5541.056 1.30184e-15 1e-20
5544.036 1.28739e-15 1e-20
5547.0159 1.25997e-15 1e-20
5549.9958 1.28684e-15 1e-20
5552.9757 1.26099e-15 1e-20
5555.9557 1.24968e-15 1e-20
5558.9356 1.25738e-15 1e-20
5561.9155 1.25935e-15 1e-20
5564.8954 1.26513e-15 1e-20
5567.8754 1.2921e-15 1e-20
5570.8553 1.27005e-15 1e-20
5573.8352 1.27966e-15 1e-20
5576.8151 1.30237e-15 1e-20
5579.7951 1.30304e-15 1e-20
5582.775 1.31331e-15 1e-20
5585.7549 1.33478e-15 1e-20
5588.7348 1.30079e-15 1e-20
5591.7148 1.33856e-15 1e-20
5594.6947 1.31621e-15 1e-20
5597.6746 1.32101e-15 1e-20
5600.6545 1.34799e-15 1e-20
5603.6345 1.32454e-15 1e-20
5606.6144 1.32515e-15 1e-20
5609.5943 1.31892e-15 1e-20
5612.5742 1.32166e-15 1e-20
5615.5542 1.35599e-15 1e-20
5618.5341 1.36442e-15 1e-20
5621.514 1.35844e-15 1e-20
5624.4939 1.32369e-15 1e-20
5627.4739 1.33422e-15 1e-20
5630.4538 1.35146e-15 1e-20
5633.4337 1.33975e-15 1e-20
5636.4136 1.34169e-15 1e-20
5639.3936 1.33954e-15 1e-20
5642.3735 1.3194e-15 1e-20
5645.3534 1.32164e-15 1e-20
5648.3333 1.29605e-15 1e-20
5651.3133 1.27145e-15 1e-20
5654.2932 1.28603e-15 1e-20
5657.2731 1.27407e-15 1e-20
5660.253 1.25981e-15 1e-20
5663.233 1.24007e-15 1e-20
5666.2129 1.22009e-15 1e-20
5669.1928 1.18001e-15 1e-20
5672.1727 1.17323e-15 1e-20
5675.1527 1.17121e-15 1e-20
5678.1326 1.15587e-15 1e-20
5681.1125 1.13121e-15 1e-20
5684.0924 1.11822e-15 1e-20
5687.0724 1.11379e-15 1e-20
5690.0523 1.12128e-15 1e-20
5693.0322 1.14104e-15 1e-20
5696.0121 1.10927e-15 1e-20
5698.9921 1.11776e-15 1e-20
5701.972 1.13573e-15 1e-20
5704.9519 1.1494e-15 1e-20
5707.9318 1.12337e-15 1e-20
5710.9118 1.10236e-15 1e-20
5713.8917 1.11789e-15 1e-20
5716.8716 1.11145e-15 1e-20
5719.8515 1.08927e-15 1e-20
5722.8315 1.1174e-15 1e-20
5725.8114 1.11569e-15 1e-20
5728.7913 1.07887e-15 1e-20
5731.7712 1.12568e-15 1e-20
5734.7512 1.10146e-15 1e-20
5737.7311 1.08955e-15 1e-20
5740.711 1.12467e-15 1e-20
5743.6909 1.091e-15 1e-20
5746.6709 1.11007e-15 1e-20
5749.6508 1.11925e-15 1e-20
5752.6307 1.16027e-15 1e-20
5755.6106 1.12914e-15 1e-20
5758.5906 1.16622e-15 1e-20
5761.5705 1.16102e-15 1e-20
5764.5504 1.16632e-15 1e-20
5767.5303 1.16314e-15 1e-20
5770.5103 1.15613e-15 1e-20
5773.4902 1.17867e-15 1e-20
5776.4701 1.16263e-15 1e-20
5779.45 1.17843e-15 1e-20
5782.43 1.22209e-15 1e-20
5785.4099 1.19395e-15 1e-20
5788.3898 1.13123e-15 1e-20
5791.3697 1.1417e-15 1e-20
5794.3497 1.15156e-15 1e-20
5797.3296 1.18094e-15 1e-20
5800.3095 1.23055e-15 1e-20
5803.2894 1.24041e-15 1e-20
5806.2694 1.20681e-15 1e-20
5809.2493 1.22162e-15 1e-20
5812.2292 1.21599e-15 1e-20
5815.2091 1.26801e-15 1e-20
5818.1891 1.23234e-15 1e-20
5821.169 1.20751e-15 1e-20
5824.1489 1.22303e-15 1e-20
5827.1288 1.2546e-15 1e-20
5830.1088 1.26433e-15 1e-20
5833.0887 1.24114e-15 1e-20
5836.0686 1.2233e-15 1e-20
5839.0485 1.24942e-15 1e-20
5842.0285 1.25814e-15 1e-20
5845.0084 1.24512e-15 1e-20
5847.9883 1.23557e-15 1e-20
5850.9682 1.25319e-15 1e-20
5853.9482 1.23562e-15 1e-20
5856.9281 1.24072e-15 1e-20
5859.908 1.24441e-15 1e-20
5862.8879 1.24154e-15 1e-20
5865.8679 1.22889e-15 1e-20
5868.8478 1.23908e-15 1e-20
5871.8277 1.25027e-15 1e-20
5874.8077 1.29393e-15 1e-20
5877.7876 1.27727e-15 1e-20
5880.7675 1.28061e-15 1e-20
5883.7474 1.27198e-15 1e-20
5886.7273 1.25492e-15 1e-20
5889.7073 1.25523e-15 1e-20
5892.6872 1.24453e-15 1e-20
5895.6671 1.23817e-15 1e-20
5898.6471 1.24251e-15 1e-20
5901.627 1.23163e-15 1e-20
5904.6069 1.2396e-15 1e-20
5907.5868 1.24686e-15 1e-20
5910.5667 1.19873e-15 1e-20
5913.5467 1.19317e-15 1e-20
5916.5266 1.19923e-15 1e-20
5919.5065 1.18179e-15 1e-20
5922.4865 1.14914e-15 1e-20
5925.4664 1.14949e-15 1e-20
5928.4463 1.119e-15 1e-20
5931.4262 1.06612e-15 1e-20
5934.4061 1.06732e-15 1e-20
5937.3861 1.07603e-15 1e-20
5940.366 1.03726e-15 1e-20
5943.3459 1.0333e-15 1e-20
5946.3259 1.02711e-15 1e-20
5949.3058 9.90358e-16 1e-20
5952.2857 9.85576e-16 1e-20
5955.2656 9.70546e-16 1e-20
5958.2456 9.54815e-16 1e-20
5961.2255 9.49188e-16 1e-20
5964.2054 9.19908e-16 1e-20
5967.1853 8.81443e-16 1e-20
5970.1653 8.69688e-16 1e-20
5973.1452 8.57335e-16 1e-20
5976.1251 8.53679e-16 1e-20
5979.105 8.10459e-16 1e-20
5982.085 8.09106e-16 1e-20
5985.0649 7.77094e-16 1e-20
5988.0448 7.73794e-16 1e-20
5991.0247 7.2848e-16 1e-20
5994.0047 7.1385e-16 1e-20
5996.9846 6.95729e-16 1e-20
5999.9645 6.74374e-16 1e-20
6002.9444 6.75411e-16 1e-20
6005.9244 6.57429e-16 1e-20
6008.9043 6.18204e-16 1e-20
6011.8842 5.86385e-16 1e-20
6014.8641 5.88552e-16 1e-20
6017.8441 5.93739e-16 1e-20
6020.824 5.52374e-16 1e-20
6023.8039 5.36643e-16 1e-20
6026.7838 5.23381e-16 1e-20
6029.7638 4.86922e-16 1e-20
6032.7437 4.84924e-16 1e-20
6035.7236 4.73226e-16 1e-20
6038.7035 4.83239e-16 1e-20
6041.6835 4.56892e-16 1e-20
6044.6634 4.40502e-16 1e-20
6047.6433 4.47297e-16 1e-20
6050.6232 4.40461e-16 1e-20
6053.6032 4.35981e-16 1e-20
6056.5831 4.23871e-16 1e-20
6059.563 4.11575e-16 1e-20
6062.5429 4.39996e-16 1e-20
6065.5229 4.33907e-16 1e-20
6068.5028 4.27534e-16 1e-20
6071.4827 4.18123e-16 1e-20
6074.4626 4.27705e-16 1e-20
6077.4426 4.42898e-16 1e-20
6080.4225 4.22901e-16 1e-20
6083.4024 4.04835e-16 1e-20
6086.3823 4.22457e-16 1e-20
6089.3623 4.44105e-16 1e-20
6092.3422 4.5014e-16 1e-20
6095.3221 4.17593e-16 1e-20
6098.302 4.32412e-16 1e-20
6101.282 4.56902e-16 1e-20
6104.2619 4.51876e-16 1e-20
6107.2418 4.80848e-16 1e-20
6110.2217 5.09742e-16 1e-20
6113.2017 4.83003e-16 1e-20
6116.1816 5.01637e-16 1e-20
6119.1615 5.05435e-16 1e-20
6122.1414 5.02853e-16 1e-20
6125.1214 5.2089e-16 1e-20
6128.1013 5.45202e-16 1e-20
6131.0812 5.4271e-16 1e-20
6134.0611 5.74601e-16 1e-20
6137.0411 5.97482e-16 1e-20
6140.021 6.23828e-16 1e-20
6143.0009 6.3653e-16 1e-20
6145.9808 6.57164e-16 1e-20
6148.9608 6.69665e-16 1e-20
6151.9407 6.98774e-16 1e-20
6154.9206 7.04128e-16 1e-20
6157.9005 7.03878e-16 1e-20
6160.8805 7.37235e-16 1e-20
6163.8604 7.77777e-16 1e-20
6166.8403 7.65631e-16 1e-20
6169.8202 7.66954e-16 1e-20
6172.8002 7.95137e-16 1e-20
6175.7801 7.95703e-16 1e-20
6178.76 8.20308e-16 1e-20
6181.7399 8.43812e-16 1e-20
6184.7199 8.69942e-16 1e-20
6187.6998 8.92014e-16 1e-20
6190.6797 9.00565e-16 1e-20
6193.6596 9.04957e-16 1e-20
6196.6396 9.14633e-16 1e-20
6199.6195 9.3672e-16 1e-20
6202.5994 9.35021e-16 1e-20
6205.5793 9.82269e-16 1e-20
6208.5593 9.62629e-16 1e-20
6211.5392 9.76934e-16 1e-20
6214.5191 9.91402e-16 1e-20
6217.499 1.01584e-15 1e-20
6220.479 1.01579e-15 1e-20
6223.4589 1.0259e-15 1e-20
6226.4388 1.05165e-15 1e-20
6229.4187 1.05704e-15 1e-20
6232.3987 1.05928e-15 1e-20
6235.3786 1.08102e-15 1e-20
6238.3585 1.10056e-15 1e-20
6241.3384 1.0909e-15 1e-20
6244.3184 1.09466e-15 1e-20
6247.2983 1.12187e-15 1e-20
6250.2782 1.11156e-15 1e-20
6253.2581 1.11514e-15 1e-20
6256.2381 1.11737e-15 1e-20
6259.218 1.14867e-15 1e-20
6262.1979 1.163e-15 1e-20
6265.1778 1.11246e-15 1e-20
6268.1578 1.12752e-15 1e-20
6271.1377 1.12457e-15 1e-20
6274.1176 1.14767e-15 1e-20
6277.0975 1.17348e-15 1e-20
6280.0775 1.18133e-15 1e-20
6283.0574 1.14594e-15 1e-20
6286.0373 1.13708e-15 1e-20
6289.0172 1.15657e-15 1e-20
6291.9972 1.17814e-15 1e-20
6294.9771 1.16994e-15 1e-20
6297.957 1.17428e-15 1e-20
6300.9369 1.14888e-15 1e-20
6303.9169 1.16013e-15 1e-20
6306.8968 1.16116e-15 1e-20
6309.8767 1.18867e-15 1e-20
6312.8566 1.18256e-15 1e-20
6315.8366 1.15675e-15 1e-20
6318.8165 1.1652e-15 1e-20
6321.7964 1.18263e-15 1e-20
6324.7763 1.17628e-15 1e-20
6327.7563 1.13944e-15 1e-20
6330.7362 1.19598e-15 1e-20
6333.7161 1.19733e-15 1e-20
6336.696 1.19674e-15 1e-20
6339.676 1.16755e-15 1e-20
6342.6559 1.1547e-15 1e-20
6345.6358 1.16059e-15 1e-20
6348.6157 1.145e-15 1e-20
6351.5957 1.14116e-15 1e-20
6354.5756 1.13223e-15 1e-20
6357.5555 1.15449e-15 1e-20
6360.5354 1.1573e-15 1e-20
6363.5154 1.12725e-15 1e-20
6366.4953 1.11712e-15 1e-20
6369.4752 1.11089e-15 1e-20
6372.4551 1.0891e-15 1e-20
6375.4351 1.11071e-15 1e-20
6378.415 1.10626e-15 1e-20
6381.3949 1.0802e-15 1e-20
6384.3748 1.07355e-15 1e-20
6387.3548 1.08011e-15 1e-20
6390.3347 1.06704e-15 1e-20
6393.3146 1.06837e-15 1e-20
6396.2945 1.09616e-15 1e-20
6399.2745 1.07196e-15 1e-20
6402.2544 1.05587e-15 1e-20
6405.2343 1.05714e-15 1e-20
6408.2142 1.06882e-15 1e-20
6411.1942 1.05016e-15 1e-20
6414.1741 1.04208e-15 1e-20
6417.154 1.0483e-15 1e-20
6420.1339 1.03934e-15 1e-20
6423.1139 1.01365e-15 1e-20
6426.0938 1.00694e-15 1e-20
6429.0737 1.00938e-15 1e-20
6432.0536 1.00515e-15 1e-20
6435.0336 1.02623e-15 1e-20
6438.0135 1.03807e-15 1e-20
6440.9934 1.00806e-15 1e-20
6443.9733 1.0035e-15 1e-20
6446.9533 1.00136e-15 1e-20
6449.9332 9.92725e-16 1e-20
6452.9131 9.72921e-16 1e-20
6455.893 9.86736e-16 1e-20
6458.873 9.75628e-16 1e-20
6461.8529 9.89144e-16 1e-20
6464.8328 1.00016e-15 1e-20
6467.8127 9.52306e-16 1e-20
6470.7927 9.67021e-16 1e-20
6473.7726 9.82412e-16 1e-20
6476.7525 9.6888e-16 1e-20
6479.7325 9.71967e-16 1e-20
6482.7124 9.55689e-16 1e-20
6485.6923 9.57739e-16 1e-20
6488.6722 9.47607e-16 1e-20
6491.6521 9.55889e-16 1e-20
6494.6321 9.34968e-16 1e-20
6497.612 9.39693e-16 1e-20
6500.5919 9.46012e-16 1e-20
6503.5719 9.21013e-16 1e-20
6506.5518 9.15294e-16 1e-20
6509.5317 9.25449e-16 1e-20
6512.5116 9.1649e-16 1e-20
6515.4915 9.29012e-16 1e-20
6518.4715 9.2514e-16 1e-20
6521.4514 9.24319e-16 1e-20
6524.4313 9.1702e-16 1e-20
6527.4113 8.89807e-16 1e-20
6530.3912 8.79229e-16 1e-20
6533.3711 9.0452e-16 1e-20
6536.351 9.09764e-16 1e-20
6539.3309 9.13911e-16 1e-20
6542.3109 8.91578e-16 1e-20
6545.2908 8.43036e-16 1e-20
6548.2707 8.60456e-16 1e-20
6551.2507 8.71708e-16 1e-20
6554.2306 8.30493e-16 1e-20
6557.2105 8.31168e-16 1e-20
6560.1904 7.79993e-16 1e-20
6563.1704 7.88923e-16 1e-20
6566.1503 8.39796e-16 1e-20
6569.1302 8.45621e-16 1e-20
6572.1101 8.1166e-16 1e-20
6575.0901 8.1721e-16 1e-20
6578.07 8.36954e-16 1e-20
6581.0499 8.31528e-16 1e-20
6584.0298 8.25241e-16 1e-20
6587.0098 8.47332e-16 1e-20
6589.9897 8.76265e-16 1e-20
6592.9696 8.35444e-16 1e-20
6595.9495 8.29564e-16 1e-20
6598.9295 8.21375e-16 1e-20
6601.9094 8.07586e-16 1e-20
6604.8893 8.34461e-16 1e-20
6607.8692 8.09415e-16 1e-20
6610.8492 8.13684e-16 1e-20
6613.8291 8.33348e-16 1e-20
6616.809 8.21931e-16 1e-20
6619.7889 8.18938e-16 1e-20
6622.7689 8.06841e-16 1e-20
6625.7488 7.99063e-16 1e-20
6628.7287 8.16965e-16 1e-20
6631.7086 8.2136e-16 1e-20
6634.6886 7.76801e-16 1e-20
6637.6685 7.84035e-16 1e-20
6640.6484 7.78989e-16 1e-20
6643.6283 7.84283e-16 1e-20
6646.6083 7.66777e-16 1e-20
6649.5882 7.82822e-16 1e-20
6652.5681 7.70541e-16 1e-20
6655.548 7.60956e-16 1e-20
6658.528 7.69975e-16 1e-20
6661.5079 7.58537e-16 1e-20
6664.4878 7.56446e-16 1e-20
6667.4677 7.68382e-16 1e-20
6670.4477 7.52799e-16 1e-20
6673.4276 7.50857e-16 1e-20
6676.4075 7.37014e-16 1e-20
6679.3874 7.48885e-16 1e-20
6682.3674 7.2511e-16 1e-20
6685.3473 7.26788e-16 1e-20
6688.3272 7.38641e-16 1e-20
6691.3071 7.52202e-16 1e-20
6694.2871 7.45611e-16 1e-20
6697.267 7.18405e-16 1e-20
6700.2469 6.93011e-16 1e-20
6703.2268 7.12786e-16 1e-20
6706.2068 7.32643e-16 1e-20
6709.1867 7.18025e-16 1e-20
6712.1666 7.01212e-16 1e-20
6715.1465 6.98622e-16 1e-20
6718.1265 6.95608e-16 1e-20
6721.1064 6.87603e-16 1e-20
6724.0863 7.18975e-16 1e-20
6727.0662 6.97363e-16 1e-20
6730.0462 6.79914e-16 1e-20
6733.0261 6.91033e-16 1e-20
6736.006 7.0321e-16 1e-20
6738.9859 6.87254e-16 1e-20
6741.9659 6.81863e-16 1e-20
6744.9458 6.97755e-16 1e-20
6747.9257 6.7707e-16 1e-20
6750.9056 6.66847e-16 1e-20
6753.8856 6.91103e-16 1e-20
6756.8655 6.94818e-16 1e-20
6759.8454 6.51637e-16 1e-20
6762.8253 6.7445e-16 1e-20
6765.8053 6.5186e-16 1e-20
6768.7852 6.58441e-16 1e-20
6771.7651 6.63644e-16 1e-20
6774.745 6.64278e-16 1e-20
6777.725 6.77301e-16 1e-20
6780.7049 6.77918e-16 1e-20
6783.6848 6.71552e-16 1e-20
6786.6647 6.44265e-16 1e-20
6789.6447 6.68172e-16 1e-20
6792.6246 6.70918e-16 1e-20
6795.6045 6.52976e-16 1e-20
6798.5844 6.62403e-16 1e-20
6801.5644 6.7128e-16 1e-20
6804.5443 6.77837e-16 1e-20
6807.5242 6.68108e-16 1e-20
6810.5041 6.43526e-16 1e-20
6813.4841 6.44591e-16 1e-20
6816.464 6.4761e-16 1e-20
6819.4439 6.81686e-16 1e-20
6822.4238 6.69417e-16 1e-20
6825.4038 6.38933e-16 1e-20
6828.3837 6.37966e-16 1e-20
6831.3636 6.67223e-16 1e-20
6834.3435 6.75922e-16 1e-20
6837.3235 6.51607e-16 1e-20
6840.3034 6.45732e-16 1e-20
6843.2833 6.44865e-16 1e-20
6846.2632 6.35377e-16 1e-20
6849.2432 6.32941e-16 1e-20
6852.2231 6.58015e-16 1e-20
6855.203 6.45551e-16 1e-20
6858.1829 6.36277e-16 1e-20
6861.1629 6.27115e-16 1e-20
6864.1428 6.3325e-16 1e-20
6867.1227 6.50993e-16 1e-20
6870.1026 6.63381e-16 1e-20
6873.0826 6.51855e-16 1e-20
6876.0625 6.62143e-16 1e-20
6879.0424 6.37843e-16 1e-20
6882.0223 6.31179e-16 1e-20
6885.0023 6.35016e-16 1e-20
6887.9822 6.16908e-16 1e-20
6890.9621 6.45995e-16 1e-20
6893.942 6.11568e-16 1e-20
6896.922 6.04298e-16 1e-20
6899.9019 6.00765e-16 1e-20
6902.8818 6.12564e-16 1e-20
6905.8617 5.91179e-16 1e-20
6908.8417 6.34743e-16 1e-20
6911.8216 6.08305e-16 1e-20
6914.8015 6.19003e-16 1e-20
6917.7814 6.42846e-16 1e-20
6920.7614 6.00736e-16 1e-20
6923.7413 5.83265e-16 1e-20
6926.7212 6.00964e-16 1e-20
6929.7011 6.1412e-16 1e-20
6932.6811 6.27198e-16 1e-20
6935.661 6.19403e-16 1e-20
6938.6409 6.06428e-16 1e-20
6941.6208 6.20786e-16 1e-20
6944.6008 6.29775e-16 1e-20
6947.5807 6.11423e-16 1e-20
6950.5606 6.11795e-16 1e-20
6953.5405 5.95777e-16 1e-20
6956.5205 5.9667e-16 1e-20
6959.5004 5.89359e-16 1e-20
6962.4803 5.97114e-16 1e-20
6965.4602 5.97047e-16 1e-20
6968.4402 6.06243e-16 1e-20
6971.4201 6.02358e-16 1e-20
6974.4 6.0668e-16 1e-20
6977.3799 6.05836e-16 1e-20
6980.3599 5.88658e-16 1e-20
6983.3398 5.86036e-16 1e-20
6986.3197 5.89386e-16 1e-20
6989.2996 5.95368e-16 1e-20
6992.2796 5.90268e-16 1e-20
6995.2595 5.85769e-16 1e-20
6998.2394 5.78034e-16 1e-20
7001.2193 5.74485e-16 1e-20
7004.1993 5.93609e-16 1e-20
7007.1792 5.91967e-16 1e-20
7010.1591 6.02198e-16 1e-20
7013.139 6.04619e-16 1e-20
7016.119 6.11806e-16 1e-20
7019.0989 5.82861e-16 1e-20
7022.0788 5.69681e-16 1e-20
7025.0587 5.8795e-16 1e-20
7028.0387 5.80042e-16 1e-20
7031.0186 5.73978e-16 1e-20
7033.9985 5.69204e-16 1e-20
7036.9784 5.61977e-16 1e-20
7039.9584 5.85479e-16 1e-20
7042.9383 5.70761e-16 1e-20
7045.9182 5.70204e-16 1e-20
7048.8981 5.71829e-16 1e-20
7051.8781 5.47805e-16 1e-20
7054.858 5.82233e-16 1e-20
7057.8379 5.71186e-16 1e-20
7060.8178 5.78134e-16 1e-20
7063.7978 5.64454e-16 1e-20
7066.7777 5.56315e-16 1e-20
7069.7576 5.74757e-16 1e-20
7072.7375 5.3581e-16 1e-20
7075.7175 5.74656e-16 1e-20
7078.6974 5.66294e-16 1e-20
7081.6773 5.50602e-16 1e-20
7084.6573 5.38411e-16 1e-20
7087.6372 5.50215e-16 1e-20
7090.6171 5.81423e-16 1e-20
7093.597 5.81414e-16 1e-20
7096.5769 5.72998e-16 1e-20
7099.5569 5.40319e-16 1e-20
7102.5368 5.69716e-16 1e-20
7105.5167 5.42692e-16 1e-20
7108.4967 5.39031e-16 1e-20
7111.4766 5.47142e-16 1e-20
7114.4565 5.53234e-16 1e-20
7117.4364 5.43624e-16 1e-20
7120.4163 5.36871e-16 1e-20
7123.3963 5.45381e-16 1e-20
7126.3762 5.56646e-16 1e-20
7129.3561 5.44357e-16 1e-20
7132.3361 5.27303e-16 1e-20
7135.316 5.2685e-16 1e-20
7138.2959 5.48612e-16 1e-20
7141.2758 5.43842e-16 1e-20
7144.2557 5.49521e-16 1e-20
7147.2357 5.50497e-16 1e-20
7150.2156 5.2897e-16 1e-20
7153.1955 5.24147e-16 1e-20
7156.1755 5.63131e-16 1e-20
7159.1554 5.35318e-16 1e-20
7162.1353 5.36452e-16 1e-20
7165.1152 5.3382e-16 1e-20
7168.0952 5.42113e-16 1e-20
7171.0751 5.33285e-16 1e-20
7174.055 5.21766e-16 1e-20
7177.0349 5.10203e-16 1e-20
7180.0149 5.10676e-16 1e-20
7182.9948 5.23662e-16 1e-20
7185.9747 5.21324e-16 1e-20
7188.9546 5.13133e-16 1e-20
7191.9346 5.20913e-16 1e-20
7194.9145 5.50005e-16 1e-20
7197.8944 5.43178e-16 1e-20
7200.8743 5.19379e-16 1e-20
7203.8543 5.42414e-16 1e-20
7206.8342 5.29903e-16 1e-20
7209.8141 5.31729e-16 1e-20
7212.794 5.46695e-16 1e-20
7215.774 5.18362e-16 1e-20
7218.7539 5.02018e-16 1e-20
7221.7338 5.1475e-16 1e-20
7224.7137 5.20868e-16 1e-20
7227.6937 5.265e-16 1e-20
7230.6736 5.28191e-16 1e-20
7233.6535 5.05043e-16 1e-20
7236.6334 5.0976e-16 1e-20
7239.6134 4.7496e-16 1e-20
7242.5933 4.90755e-16 1e-20
7245.5732 5.00205e-16 1e-20
7248.5531 4.93055e-16 1e-20
7251.5331 4.97144e-16 1e-20
7254.513 4.79074e-16 1e-20
7257.4929 5.00177e-16 1e-20
7260.4728 4.8577e-16 1e-20
7263.4528 4.84178e-16 1e-20
7266.4327 4.7735e-16 1e-20
7269.4126 4.81635e-16 1e-20
7272.3925 4.79835e-16 1e-20
7275.3725 4.59404e-16 1e-20
7278.3524 4.72637e-16 1e-20
7281.3323 4.67482e-16 1e-20
7284.3122 4.70856e-16 1e-20
7287.2922 4.9348e-16 1e-20
7290.2721 4.95797e-16 1e-20
7293.252 4.73872e-16 1e-20
7296.2319 4.80165e-16 1e-20
7299.2119 4.59746e-16 1e-20
7302.1918 4.65289e-16 1e-20
7305.1717 4.63418e-16 1e-20
7308.1516 4.39536e-16 1e-20
7311.1316 4.1963e-16 1e-20
7314.1115 4.52378e-16 1e-20
7317.0914 4.2015e-16 1e-20
7320.0713 4.38696e-16 1e-20
7323.0513 4.15606e-16 1e-20
7326.0312 4.17708e-16 1e-20
7329.0111 4.3039e-16 1e-20
7331.991 4.26503e-16 1e-20
7334.971 4.04656e-16 1e-20
7337.9509 4.25123e-16 1e-20
7340.9308 4.29935e-16 1e-20
7343.9107 4.08695e-16 1e-20
7346.8907 4.00744e-16 1e-20
7349.8706 3.88184e-16 1e-20
7352.8505 3.69672e-16 1e-20
7355.8304 3.3826e-16 1e-20
7358.8104 3.78847e-16 1e-20
7361.7903 3.75907e-16 1e-20
7364.7702 3.38779e-16 1e-20
7367.7501 3.46917e-16 1e-20
7370.7301 3.20035e-16 1e-20
7373.71 3.0582e-16 1e-20
7376.6899 3.33511e-16 1e-20
7379.6698 3.51403e-16 1e-20
7382.6498 3.17791e-16 1e-20
7385.6297 3.19902e-16 1e-20
7388.6096 3.01407e-16 1e-20
7391.5895 3.00338e-16 1e-20
7394.5695 2.81379e-16 1e-20
7397.5494 3.12979e-16 1e-20
7400.5293 2.98028e-16 1e-20
7403.5092 3.14611e-16 1e-20
7406.4892 3.30182e-16 1e-20
7409.4691 3.29047e-16 1e-20
7412.449 3.48694e-16 1e-20
7415.4289 3.3862e-16 1e-20
7418.4089 3.53157e-16 1e-20
7421.3888 3.47046e-16 1e-20
7424.3687 3.39558e-16 1e-20
7427.3486 3.31506e-16 1e-20
7430.3286 3.24613e-16 1e-20
7433.3085 3.29714e-16 1e-20
7436.2884 3.1257e-16 1e-20
7439.2683 3.41611e-16 1e-20
7442.2483 3.37292e-16 1e-20
7445.2282 3.36688e-16 1e-20
7448.2081 3.67978e-16 1e-20
7451.188 3.54689e-16 1e-20
7454.168 3.50018e-16 1e-20
7457.1479 3.56507e-16 1e-20
7460.1278 3.35462e-16 1e-20
7463.1077 3.05255e-16 1e-20
7466.0877 3.31871e-16 1e-20
7469.0676 3.13479e-16 1e-20
7472.0475 3.25561e-16 1e-20
7475.0274 2.48682e-16 1e-20
7478.0074 2.98612e-16 1e-20
7480.9873 3.16609e-16 1e-20
7483.9672 3.43119e-16 1e-20
7486.9471 3.33679e-16 1e-20
7489.9271 3.35151e-16 1e-20
7492.907 3.86042e-16 1e-20
7495.8869 3.42161e-16 1e-20
7498.8668 3.03423e-16 1e-20
7501.8468 3.14642e-16 1e-20
7504.8267 3.31073e-16 1e-20
7507.8066 3.63143e-16 1e-20
7510.7865 3.81007e-16 1e-20
7513.7665 3.78452e-16 1e-20
7516.7464 3.55503e-16 1e-20
7519.7263 3.90612e-16 1e-20
7522.7062 3.87314e-16 1e-20
7525.6862 3.82972e-16 1e-20
7528.6661 3.62163e-16 1e-20
7531.646 3.99073e-16 1e-20
7534.6259 4.32175e-16 1e-20
7537.6059 4.15545e-16 1e-20
7540.5858 3.95507e-16 1e-20
7543.5657 4.26501e-16 1e-20
7546.5456 3.9425e-16 1e-20
7549.5256 4.02484e-16 1e-20
7552.5055 4.09847e-16 1e-20
7555.4854 3.97325e-16 1e-20
7558.4653 4.20851e-16 1e-20
7561.4453 4.36322e-16 1e-20
7564.4252 4.34306e-16 1e-20
7567.4051 4.12269e-16 1e-20
7570.385 4.30619e-16 1e-20
7573.365 4.30307e-16 1e-20
7576.3449 3.93754e-16 1e-20
7579.3248 4.02412e-16 1e-20
7582.3047 4.19946e-16 1e-20
7585.2847 4.45973e-16 1e-20
7588.2646 4.46084e-16 1e-20
7591.2445 4.52807e-16 1e-20
7594.2244 4.28069e-16 1e-20
7597.2044 4.34618e-16 1e-20
7600.1843 4.47527e-16 1e-20
7603.1642 4.57028e-16 1e-20
7606.1442 4.49364e-16 1e-20
7609.1241 4.57431e-16 1e-20
7612.104 5.01718e-16 1e-20
7615.0839 4.97255e-16 1e-20
7618.0638 4.28995e-16 1e-20
7621.0438 4.51502e-16 1e-20
7624.0237 4.67639e-16 1e-20
7627.0036 4.53812e-16 1e-20
7629.9835 4.48473e-16 1e-20
7632.9635 4.63557e-16 1e-20
7635.9434 4.41633e-16 1e-20
7638.9233 4.47665e-16 1e-20
7641.9032 4.70281e-16 1e-20
7644.8832 4.52048e-16 1e-20
7647.8631 4.40935e-16 1e-20
7650.843 4.6089e-16 1e-20
7653.8229 4.29487e-16 1e-20
7656.8029 4.13735e-16 1e-20
7659.7828 4.40465e-16 1e-20
7662.7627 4.51247e-16 1e-20
7665.7426 4.64134e-16 1e-20
7668.7226 4.65529e-16 1e-20
7671.7025 4.62838e-16 1e-20
7674.6824 4.64517e-16 1e-20
7677.6623 4.77652e-16 1e-20
7680.6423 4.66944e-16 1e-20
7683.6222 4.30237e-16 1e-20
7686.6021 4.47313e-16 1e-20
7689.5821 4.43661e-16 1e-20
7692.562 4.30394e-16 1e-20
7695.5419 4.41689e-16 1e-20
7698.5218 4.45761e-16 1e-20
7701.5017 4.38904e-16 1e-20
7704.4817 4.40419e-16 1e-20
7707.4616 4.44717e-16 1e-20
7710.4415 4.38403e-16 1e-20
7713.4215 5.13964e-16 1e-20
7716.4014 5.0192e-16 1e-20
7719.3813 4.79887e-16 1e-20
7722.3612 4.80917e-16 1e-20
7725.3411 4.6974e-16 1e-20
7728.3211 4.67978e-16 1e-20
7731.301 4.37408e-16 1e-20
7734.2809 4.46774e-16 1e-20
7737.2609 4.11841e-16 1e-20
7740.2408 4.07308e-16 1e-20
7743.2207 4.33292e-16 1e-20
7746.2006 4.44759e-16 1e-20
7749.1805 4.1678e-16 1e-20
7752.1605 4.34217e-16 1e-20
7755.1404 4.31034e-16 1e-20
7758.1203 4.2754e-16 1e-20
7761.1003 4.08614e-16 1e-20
7764.0802 4.35106e-16 1e-20
7767.0601 4.61279e-16 1e-20
7770.04 4.53717e-16 1e-20
7773.02 4.10822e-16 1e-20
7775.9999 4.69369e-16 1e-20
7778.9798 4.29909e-16 1e-20
7781.9597 4.10054e-16 1e-20
7784.9397 3.86969e-16 1e-20
7787.9196 4.21549e-16 1e-20
7790.8995 3.80678e-16 1e-20
7793.8794 3.85732e-16 1e-20
7796.8594 4.12379e-16 1e-20
7799.8393 3.89228e-16 1e-20
7802.8192 3.64705e-16 1e-20
7805.7991 3.57639e-16 1e-20
7808.7791 3.66767e-16 1e-20
7811.759 3.88442e-16 1e-20
7814.7389 3.78386e-16 1e-20
7817.7188 3.61573e-16 1e-20
7820.6988 3.31699e-16 1e-20
7823.6787 3.07488e-16 1e-20
7826.6586 3.6457e-16 1e-20
7829.6385 3.62162e-16 1e-20
7832.6185 3.65389e-16 1e-20
7835.5984 3.33004e-16 1e-20
7838.5783 3.22319e-16 1e-20
7841.5582 3.07007e-16 1e-20
7844.5382 2.92028e-16 1e-20
7847.5181 2.92921e-16 1e-20
7850.498 3.09775e-16 1e-20
7853.4779 3.42056e-16 1e-20
7856.4579 3.27793e-16 1e-20
7859.4378 3.0445e-16 1e-20
7862.4177 2.7616e-16 1e-20
7865.3976 2.93263e-16 1e-20
7868.3776 3.15293e-16 1e-20
7871.3575 3.07168e-16 1e-20
7874.3374 3.07933e-16 1e-20
7877.3173 2.57257e-16 1e-20
7880.2973 2.3432e-16 1e-20
7883.2772 2.45407e-16 1e-20
7886.2571 2.29644e-16 1e-20
7889.237 2.49725e-16 1e-20
7892.217 2.63364e-16 1e-20
7895.1969 2.79619e-16 1e-20
7898.1768 2.94157e-16 1e-20
7901.1567 2.79618e-16 1e-20
7904.1367 2.64393e-16 1e-20
7907.1166 2.7513e-16 1e-20
7910.0965 2.91893e-16 1e-20
7913.0764 2.81317e-16 1e-20
7916.0564 2.75749e-16 1e-20
7919.0363 2.36316e-16 1e-20
7922.0162 2.63491e-16 1e-20
7924.9961 2.75744e-16 1e-20
7927.9761 2.51111e-16 1e-20
7930.956 2.4739e-16 1e-20
7933.9359 2.69398e-16 1e-20
7936.9158 2.60942e-16 1e-20
7939.8958 2.73314e-16 1e-20
7942.8757 2.40692e-16 1e-20
7945.8556 2.43884e-16 1e-20
7948.8355 2.65117e-16 1e-20
7951.8155 2.31996e-16 1e-20
7954.7954 2.35962e-16 1e-20
7957.7753 2.13126e-16 1e-20
7960.7552 2.04289e-16 1e-20
7963.7352 2.34561e-16 1e-20
7966.7151 2.55079e-16 1e-20
7969.695 2.54313e-16 1e-20
7972.6749 2.78988e-16 1e-20
7975.6549 2.81614e-16 1e-20
7978.6348 2.64795e-16 1e-20
7981.6147 2.73095e-16 1e-20
7984.5946 2.73044e-16 1e-20
7987.5746 2.43421e-16 1e-20
7990.5545 2.44483e-16 1e-20
7993.5344 2.40595e-16 1e-20
7996.5143 2.51921e-16 1e-20
7999.4943 2.28136e-16 1e-20
8002.4742 2.55936e-16 1e-20
8005.4541 2.2941e-16 1e-20
8008.434 2.46949e-16 1e-20
8011.414 2.26505e-16 1e-20
8014.3939 2.23265e-16 1e-20
8017.3738 2.81315e-16 1e-20
8020.3537 2.52713e-16 1e-20
8023.3337 2.71957e-16 1e-20
8026.3136 2.66427e-16 1e-20
8029.2935 2.58664e-16 1e-20
8032.2734 2.56942e-16 1e-20
8035.2534 2.60463e-16 1e-20
8038.2333 2.27175e-16 1e-20
8041.2132 2.29067e-16 1e-20
8044.1931 2.42838e-16 1e-20
8047.1731 2.63976e-16 1e-20
8050.153 2.55546e-16 1e-20
8053.1329 2.38283e-16 1e-20
8056.1128 2.23235e-16 1e-20
8059.0928 2.5458e-16 1e-20
8062.0727 2.67489e-16 1e-20
8065.0526 2.78911e-16 1e-20
8068.0325 2.69817e-16 1e-20
8071.0125 2.48359e-16 1e-20
8073.9924 2.42884e-16 1e-20
8076.9723 2.15591e-16 1e-20
8079.9522 2.33074e-16 1e-20
8082.9322 2.25777e-16 1e-20
8085.9121 2.1536e-16 1e-20
8088.892 2.9205e-16 1e-20
8091.8719 2.61281e-16 1e-20
8094.8519 2.95656e-16 1e-20
8097.8318 2.56727e-16 1e-20
8100.8117 2.47144e-16 1e-20
8103.7916 2.68159e-16 1e-20
8106.7716 2.67972e-16 1e-20
8109.7515 2.46548e-16 1e-20
8112.7314 2.21389e-16 1e-20
8115.7113 2.29154e-16 1e-20
8118.6913 2.52983e-16 1e-20
8121.6712 2.41156e-16 1e-20
8124.6511 2.5415e-16 1e-20
8127.631 2.2004e-16 1e-20
8130.611 2.16242e-16 1e-20
8133.5909 1.90865e-16 1e-20
8136.5708 1.85319e-16 1e-20
8139.5507 1.98668e-16 1e-20
8142.5307 2.49597e-16 1e-20
8145.5106 1.91617e-16 1e-20
8148.4905 2.06913e-16 1e-20
8151.4704 2.11233e-16 1e-20
8154.4504 2.44539e-16 1e-20
8157.4303 2.89349e-16 1e-20
8160.4102 3.02637e-16 1e-20
8163.3901 2.61126e-16 1e-20
8166.3701 2.08668e-16 1e-20
8169.35 2.77919e-16 1e-20
8172.3299 2.7613e-16 1e-20
8175.3098 2.68885e-16 1e-20
8178.2898 2.87344e-16 1e-20
8181.2697 2.871e-16 1e-20
8184.2496 2.86255e-16 1e-20
8187.2295 2.6721e-16 1e-20
8190.2095 2.69787e-16 1e-20
8193.1894 2.8343e-16 1e-20
8196.1693 2.89876e-16 1e-20
8199.1492 2.69666e-16 1e-20
8202.1292 2.43677e-16 1e-20
8205.1091 2.44368e-16 1e-20
8208.089 2.61884e-16 1e-20
8211.069 2.78073e-16 1e-20
8214.0489 2.73402e-16 1e-20
8217.0288 2.30071e-16 1e-20
8220.0087 2.54411e-16 1e-20
8222.9886 2.60357e-16 1e-20
8225.9686 2.6887e-16 1e-20
8228.9485 2.41892e-16 1e-20
8231.9284 2.66795e-16 1e-20
8234.9084 2.71507e-16 1e-20
8237.8883 2.61728e-16 1e-20
8240.8682 3.03631e-16 1e-20
8243.8481 2.81224e-16 1e-20
8246.828 2.57976e-16 1e-20
8249.808 2.24709e-16 1e-20
8252.7879 2.58049e-16 1e-20
8255.7678 2.62737e-16 1e-20
8258.7478 3.15056e-16 1e-20
8261.7277 2.51207e-16 1e-20
8264.7076 2.49557e-16 1e-20
8267.6875 2.61004e-16 1e-20
8270.6674 2.69496e-16 1e-20
8273.6474 2.95914e-16 1e-20
8276.6273 2.84282e-16 1e-20
8279.6072 2.30674e-16 1e-20
8282.5871 2.6312e-16 1e-20
8285.5671 3.38447e-16 1e-20
8288.547 2.71638e-16 1e-20
8291.5269 2.63801e-16 1e-20
8294.5069 2.87317e-16 1e-20
8297.4868 2.96082e-16 1e-20
8300.4667 3.12855e-16 1e-20
8303.4466 3.19782e-16 1e-20
8306.4265 2.85449e-16 1e-20
8309.4065 3.04139e-16 1e-20
8312.3864 3.36524e-16 1e-20
8315.3663 2.859e-16 1e-20
8318.3463 3.29026e-16 1e-20
8321.3262 3.92529e-16 1e-20
8324.3061 3.36204e-16 1e-20
8327.286 3.25727e-16 1e-20
8330.2659 3.52419e-16 1e-20
8333.2459 3.28389e-16 1e-20
8336.2258 3.2645e-16 1e-20
8339.2057 3.32097e-16 1e-20
8342.1857 3.20404e-16 1e-20
8345.1656 2.77233e-16 1e-20
8348.1455 3.24112e-16 1e-20
8351.1254 3.53211e-16 1e-20
8354.1053 3.56978e-16 1e-20
8357.0853 3.84392e-16 1e-20
8360.0652 3.79022e-16 1e-20
8363.0451 3.43305e-16 1e-20
8366.0251 3.57065e-16 1e-20
8369.005 3.71937e-16 1e-20
8371.9849 4.10391e-16 1e-20
8374.9648 3.85266e-16 1e-20
8377.9448 3.70882e-16 1e-20
8380.9247 3.67797e-16 1e-20
8383.9046 3.49121e-16 1e-20
8386.8845 3.97579e-16 1e-20
8389.8645 4.20062e-16 1e-20
8392.8444 3.92105e-16 1e-20
8395.8243 4.20846e-16 1e-20
8398.8042 4.32785e-16 1e-20
8401.7842 3.72351e-16 1e-20
8404.7641 4.18457e-16 1e-20
8407.744 4.04325e-16 1e-20
8410.7239 3.94948e-16 1e-20
8413.7039 3.79567e-16 1e-20
8416.6838 3.97331e-16 1e-20
8419.6637 4.22919e-16 1e-20
8422.6436 3.99097e-16 1e-20
8425.6236 4.43877e-16 1e-20
8428.6035 4.20166e-16 1e-20
8431.5834 4.14406e-16 1e-20
8434.5633 4.02821e-16 1e-20
8437.5433 4.23135e-16 1e-20
8440.5232 4.85394e-16 1e-20
8443.5031 4.82963e-16 1e-20
8446.483 4.65537e-16 1e-20
8449.463 4.72945e-16 1e-20
8452.4429 4.74344e-16 1e-20
8455.4228 4.2266e-16 1e-20
8458.4027 4.20346e-16 1e-20
8461.3827 4.46547e-16 1e-20
8464.3626 4.51483e-16 1e-20
8467.3425 3.87202e-16 1e-20
8470.3224 4.2389e-16 1e-20
8473.3024 4.29209e-16 1e-20
8476.2823 3.7692e-16 1e-20
8479.2622 4.66984e-16 1e-20
8482.2421 4.66877e-16 1e-20
8485.2221 4.71068e-16 1e-20
8488.202 5.14928e-16 1e-20
8491.1819 4.51742e-16 1e-20
8494.1618 4.43255e-16 1e-20
8497.1418 4.03659e-16 1e-20
8500.1217 4.43323e-16 1e-20
8503.1016 4.33026e-16 1e-20
8506.0815 4.58962e-16 1e-20
8509.0615 5.3338e-16 1e-20
8512.0414 4.41277e-16 1e-20
8515.0213 4.17217e-16 1e-20
8518.0012 4.41925e-16 1e-20
8520.9812 4.26077e-16 1e-20
8523.9611 4.4454e-16 1e-20
8526.941 5.20058e-16 1e-20
8529.9209 4.28786e-16 1e-20
8532.9009 3.9594e-16 1e-20
8535.8808 4.41595e-16 1e-20
8538.8607 4.41863e-16 1e-20
8541.8406 4.49042e-16 1e-20
8544.8206 4.35399e-16 1e-20
8547.8005 4.27749e-16 1e-20
8550.7804 4.40821e-16 1e-20
8553.7603 4.68703e-16 1e-20
8556.7403 4.2392e-16 1e-20
8559.7202 4.32733e-16 1e-20
8562.7001 4.16095e-16 1e-20
8565.68 4.06246e-16 1e-20
8568.66 4.0334e-16 1e-20
8571.6399 4.19635e-16 1e-20
8574.6198 4.22639e-16 1e-20
8577.5997 4.08785e-16 1e-20
8580.5797 4.08947e-16 1e-20
8583.5596 4.00398e-16 1e-20
8586.5395 4.28171e-16 1e-20
8589.5194 4.09869e-16 1e-20
8592.4994 3.5428e-16 1e-20
8595.4793 4.00057e-16 1e-20
8598.4592 4.35987e-16 1e-20
8601.4391 3.69061e-16 1e-20
8604.4191 3.80264e-16 1e-20
8607.399 4.21572e-16 1e-20
8610.3789 4.22861e-16 1e-20
8613.3588 3.91924e-16 1e-20
8616.3388 3.07871e-16 1e-20
8619.3187 3.3403e-16 1e-20
8622.2986 4.46616e-16 1e-20
8625.2785 3.88889e-16 1e-20
8628.2585 3.14296e-16 1e-20
8631.2384 3.32137e-16 1e-20
8634.2183 3.59801e-16 1e-20
8637.1982 4.22416e-16 1e-20
8640.1782 3.70866e-16 1e-20
8643.1581 3.97581e-16 1e-20
8646.138 4.12051e-16 1e-20
8649.1179 3.86629e-16 1e-20
8652.0979 4.23733e-16 1e-20
8655.0778 3.90615e-16 1e-20
8658.0577 4.1138e-16 1e-20
8661.0376 4.16101e-16 1e-20
8664.0176 4.26178e-16 1e-20
8666.9975 3.97932e-16 1e-20
8669.9774 3.66078e-16 1e-20
8672.9573 3.56009e-16 1e-20
8675.9373 3.51908e-16 1e-20
8678.9172 3.47807e-16 1e-20
8681.8971 3.36282e-16 1e-20
8684.877 3.70848e-16 1e-20
8687.857 3.58061e-16 1e-20
8690.8369 4.3714e-16 1e-20
8693.8168 3.4344e-16 1e-20
8696.7967 3.60675e-16 1e-20
8699.7767 3.76716e-16 1e-20
8702.7566 3.61346e-16 1e-20
8705.7365 3.63629e-16 1e-20
8708.7164 3.75093e-16 1e-20
8711.6964 3.27591e-16 1e-20
8714.6763 3.03324e-16 1e-20
8717.6562 3.66005e-16 1e-20
8720.6361 3.6863e-16 1e-20
8723.6161 3.09902e-16 1e-20
8726.596 3.46068e-16 1e-20
8729.5759 3.81598e-16 1e-20
8732.5558 3.32745e-16 1e-20
8735.5358 2.95486e-16 1e-20
8738.5157 2.97772e-16 1e-20
8741.4956 3.33072e-16 1e-20
8744.4755 2.41851e-16 1e-20
8747.4555 2.50819e-16 1e-20
8750.4354 3.18591e-16 1e-20
8753.4153 2.67933e-16 1e-20
8756.3952 2.59461e-16 1e-20
8759.3752 2.67234e-16 1e-20
8762.3551 2.76045e-16 1e-20
8765.335 2.04639e-16 1e-20
8768.3149 1.96401e-16 1e-20
8771.2949 2.2381e-16 1e-20
8774.2748 2.78217e-16 1e-20
8777.2547 2.58735e-16 1e-20
8780.2346 2.46876e-16 1e-20
8783.2146 2.42769e-16 1e-20
8786.1945 2.36446e-16 1e-20
8789.1744 2.19324e-16 1e-20
8792.1543 2.73846e-16 1e-20
8795.1343 2.68334e-16 1e-20
8798.1142 2.80684e-16 1e-20
8801.0941 2.60384e-16 1e-20
8804.074 2.21346e-16 1e-20
8807.054 1.62944e-16 1e-20
8810.0339 2.24993e-16 1e-20
8813.0138 2.23336e-16 1e-20
8815.9938 2.37078e-16 1e-20
8818.9737 2.61318e-16 1e-20
8821.9536 2.32661e-16 1e-20
8824.9335 2.43461e-16 1e-20
8827.9134 2.36504e-16 1e-20
8830.8934 2.59405e-16 1e-20
8833.8733 3.3758e-16 1e-20
8836.8532 2.95245e-16 1e-20
8839.8332 2.54026e-16 1e-20
8842.8131 1.68098e-16 1e-20
8845.793 1.77697e-16 1e-20
8848.7729 2.71502e-16 1e-20
8851.7528 3.58582e-16 1e-20
8854.7328 2.86177e-16 1e-20
8857.7127 2.45726e-16 1e-20
8860.6926 2.80848e-16 1e-20
8863.6726 2.46556e-16 1e-20
8866.6525 2.65126e-16 1e-20
8869.6324 2.52193e-16 1e-20
8872.6123 2.55427e-16 1e-20
8875.5922 2.62659e-16 1e-20
8878.5722 2.757e-16 1e-20
8881.5521 2.71153e-16 1e-20
8884.532 2.53453e-16 1e-20
8887.512 2.28243e-16 1e-20
8890.4919 2.31125e-16 1e-20
8893.4718 2.37838e-16 1e-20
8896.4517 2.34968e-16 1e-20
8899.4317 2.1898e-16 1e-20
8902.4116 2.74622e-16 1e-20
8905.3915 3.01116e-16 1e-20
8908.3714 2.2635e-16 1e-20
8911.3513 3.16968e-16 1e-20
8914.3313 2.86562e-16 1e-20
8917.3112 2.63751e-16 1e-20
8920.2911 2.6939e-16 1e-20
8923.2711 2.41674e-16 1e-20
8926.251 2.88758e-16 1e-20
8929.2309 2.73029e-16 1e-20
8932.2108 2.705e-16 1e-20
8935.1907 2.7086e-16 1e-20
8938.1707 2.95537e-16 1e-20
8941.1506 2.53599e-16 1e-20
8944.1305 2.68159e-16 1e-20
8947.1105 2.87979e-16 1e-20
8950.0904 2.84914e-16 1e-20
8953.0703 2.61413e-16 1e-20
8956.0502 2.32099e-16 1e-20
8959.0301 2.58542e-16 1e-20
8962.0101 2.43872e-16 1e-20
8964.99 2.11145e-16 1e-20
8967.9699 2.50976e-16 1e-20
8970.9499 2.60261e-16 1e-20
8973.9298 2.63664e-16 1e-20
8976.9097 2.87103e-16 1e-20
8979.8896 2.58136e-16 1e-20
8982.8696 2.28006e-16 1e-20
8985.8495 2.64116e-16 1e-20
8988.8294 2.36405e-16 1e-20
8991.8093 2.15022e-16 1e-20
8994.7893 2.43572e-16 1e-20
8997.7692 2.70036e-16 1e-20
9000.7491 1.9082e-16 1e-20
9003.729 1.93318e-16 1e-20
9006.709 2.34911e-16 1e-20
9009.6889 2.35628e-16 1e-20
9012.6688 2.16667e-16 1e-20
9015.6487 2.3641e-16 1e-20
9018.6287 2.66802e-16 1e-20
9021.6086 2.58941e-16 1e-20
9024.5885 2.78267e-16 1e-20
9027.5684 2.47058e-16 1e-20
9030.5484 2.42233e-16 1e-20
9033.5283 2.81516e-16 1e-20
9036.5082 2.33315e-16 1e-20
9039.4881 2.27348e-16 1e-20
9042.4681 2.35753e-16 1e-20
9045.448 2.59667e-16 1e-20
9048.4279 2.4769e-16 1e-20
9051.4078 2.27508e-16 1e-20
9054.3878 2.14797e-16 1e-20
9057.3677 1.59483e-16 1e-20
9060.3476 2.06764e-16 1e-20
9063.3275 2.25425e-16 1e-20
9066.3075 2.29403e-16 1e-20
9069.2874 2.01736e-16 1e-20
9072.2673 2.38586e-16 1e-20
9075.2472 2.76969e-16 1e-20
9078.2272 2.68267e-16 1e-20
9081.2071 2.29085e-16 1e-20
9084.187 2.04468e-16 1e-20
9087.1669 2.3456e-16 1e-20
9090.1469 2.21794e-16 1e-20
9093.1268 1.94727e-16 1e-20
9096.1067 2.14819e-16 1e-20
9099.0866 2.25096e-16 1e-20
9102.0666 2.84588e-16 1e-20
9105.0465 2.6269e-16 1e-20
9108.0264 2.03221e-16 1e-20
9111.0063 1.99547e-16 1e-20
9113.9863 2.56394e-16 1e-20
9116.9662 2.21033e-16 1e-20
9119.9461 1.97757e-16 1e-20
9122.926 1.49953e-16 1e-20
9125.906 2.41077e-16 1e-20
9128.8859 2.53319e-16 1e-20
9131.8658 2.31527e-16 1e-20
9134.8457 2.51715e-16 1e-20
9137.8257 2.38522e-16 1e-20
9140.8056 2.75741e-16 1e-20
9143.7855 1.92026e-16 1e-20
9146.7654 2.05697e-16 1e-20
9149.7454 2.1337e-16 1e-20
9152.7253 1.56061e-16 1e-20
9155.7052 1.83776e-16 1e-20
9158.6851 1.34927e-16 1e-20
9161.6651 1.43896e-16 1e-20
9164.645 1.52866e-16 1e-20
9167.6249 1.61836e-16 1e-20
9170.6048 1.70805e-16 1e-20
9173.5848 1.79777e-16 1e-20
9176.5647 1.88747e-16 1e-20
9179.5446 1.97717e-16 1e-20
9182.5245 2.06686e-16 1e-20
9185.5045 2.01685e-16 1e-20
9188.4844 1.39483e-16 1e-20
9191.4643 2.18926e-16 1e-20
9194.4442 1.82608e-16 1e-20
9197.4242 1.99654e-16 1e-20
9200.4041 1.37365e-16 1e-20
9203.384 1.6858e-16 1e-20
9206.3639 1.66891e-16 1e-20
9209.3439 1.85023e-16 1e-20
9212.3238 1.96155e-16 1e-20
9215.3037 2.07288e-16 1e-20
9218.2836 2.18421e-16 1e-20
9221.2636 2.29558e-16 1e-20
9224.2435 2.40691e-16 1e-20
9227.2234 2.66926e-16 1e-20
9230.2033 2.64954e-16 1e-20
9233.1833 2.26841e-16 1e-20
9236.1632 1.87171e-16 1e-20
9239.1431 1.95089e-16 1e-20
9242.123 2.25923e-16 1e-20
9245.103 2.2611e-16 1e-20
9248.0829 1.34828e-16 1e-20
9251.0628 1.95385e-16 1e-20
9254.0427 9.98162e-17 1e-20
9257.0227 1.96448e-16 1e-20
9260.0026 2.39635e-16 1e-20
9262.9825 2.1553e-16 1e-20
9265.9624 1.52608e-16 1e-20
9268.9424 1.68885e-16 1e-20
9271.9223 3.10756e-16 1e-20
9274.9022 2.83567e-16 1e-20
9277.8821 1.68794e-16 1e-20
9280.8621 1.03854e-16 1e-20
9283.842 5.72211e-17 1e-20
9286.8219 2.01217e-16 1e-20
9289.8018 2.61801e-16 1e-20
9292.7818 2.2662e-16 1e-20
9295.7617 1.64257e-16 1e-20
9298.7416 1.56658e-16 1e-20
9301.7215 6.417e-17 1e-20
9304.7015 7.63948e-17 1e-20
9307.6814 1.73879e-16 1e-20
9310.6613 2.5918e-16 1e-20
9313.6412 2.34796e-16 1e-20
9316.6212 1.06518e-16 1e-20
9319.6011 1.5359e-16 1e-20
9322.581 1.94824e-16 1e-20
9325.5609 1.6612e-16 1e-20
9328.5409 1.75983e-16 1e-20
9331.5208 1.51347e-16 1e-20
9334.5007 1.42046e-16 1e-20
9337.4806 1.65029e-16 1e-20
9340.4606 1.67131e-16 1e-20
9343.4405 1.83481e-16 1e-20
9346.4204 1.49935e-16 1e-20
9349.4003 1.85443e-16 1e-20
9352.3803 1.3831e-16 1e-20
9355.3602 1.00967e-16 1e-20
9358.3401 1.9527e-16 1e-20
9361.32 2.49942e-16 1e-20
9364.3 2.15533e-16 1e-20
9367.2799 1.75791e-16 1e-20
9370.2598 2.00288e-16 1e-20
9373.2397 1.54867e-16 1e-20
9376.2197 1.05848e-16 1e-20
9379.1996 8.86139e-17 1e-20
9382.1795 7.85452e-17 1e-20
9385.1594 1.67526e-16 1e-20
9388.1394 1.98557e-16 1e-20
9391.1193 2.38961e-16 1e-20
9394.0992 1.44226e-16 1e-20
9397.0791 1.45082e-16 1e-20
9400.0591 1.12209e-16 1e-20
9403.039 2.16796e-16 1e-20
9406.0189 1.98161e-16 1e-20
9408.9988 1.46371e-16 1e-20
9411.9788 2.29649e-16 1e-20
9414.9587 1.55561e-16 1e-20
9417.9386 9.09104e-17 1e-20
9420.9186 9.17282e-17 1e-20
9423.8985 1.15284e-16 1e-20
9426.8784 1.34844e-16 1e-20
9429.8583 1.28833e-16 1e-20
9432.8382 1.2906e-16 1e-20
9435.8182 1.17812e-16 1e-20
9438.7981 1.68835e-16 1e-20
9441.778 1.47373e-16 1e-20
9444.758 1.55003e-16 1e-20
9447.7379 1.94297e-16 1e-20
9450.7178 1.20496e-16 1e-20
9453.6977 1.57768e-16 1e-20
9456.6776 1.23457e-16 1e-20
9459.6576 1.01633e-16 1e-20
