3478.0 1.7310346e-17 1e-20
3479.47 3.9425284e-16 1e-20
3480.94 -2.2616656e-16 1e-20
3482.41 -6.2212177e-16 1e-20
3483.88 -9.4334906e-17 1e-20
3485.35 1.3711489e-16 1e-20
3486.82 -2.9493663e-16 1e-20
3488.29 -3.4251246e-16 1e-20
3489.76 -1.9549453e-17 1e-20
3491.23 3.634968e-16 1e-20
3492.7 4.3938826e-16 1e-20
3494.17 -1.5281577e-16 1e-20
3495.64 -2.8025567e-17 1e-20
3497.11 -2.0328686e-16 1e-20
3498.58 2.5128043e-17 1e-20
3500.05 2.2406729e-16 1e-20
3501.52 -3.0263444e-16 1e-20
3502.99 2.7562037e-17 1e-20
3504.46 2.3331883e-16 1e-20
3505.93 2.3005677e-16 1e-20
3507.4 6.3061365e-17 1e-20
3508.87 2.4986757e-16 1e-20
3510.34 2.650949e-16 1e-20
3511.81 -1.3420935e-16 1e-20
3513.28 2.8235102e-16 1e-20
3514.75 7.9893676e-17 1e-20
3516.22 -2.6592822e-16 1e-20
3517.69 3.9971871e-16 1e-20
3519.16 4.9064685e-16 1e-20
3520.63 5.4880694e-17 1e-20
3522.1 -3.7713655e-16 1e-20
3523.57 -3.3716086e-16 1e-20
3525.04 -1.4361756e-16 1e-20
3526.51 3.4912803e-16 1e-20
3527.98 6.326713e-16 1e-20
3529.45 4.1062093e-16 1e-20
3530.92 -1.9668253e-16 1e-20
3532.39 -2.8688995e-16 1e-20
3533.86 2.9864584e-16 1e-20
3535.33 -2.5797169e-16 1e-20
3536.8 1.9135927e-17 1e-20
3538.27 -8.9692729e-17 1e-20
3539.74 -6.8468336e-16 1e-20
3541.21 -3.5432664e-16 1e-20
3542.68 -2.2652102e-16 1e-20
3544.15 -5.1130408e-16 1e-20
3545.62 1.7715202e-16 1e-20
3547.09 9.9834526e-17 1e-20
3548.56 5.2816064e-17 1e-20
3550.03 9.0254332e-17 1e-20
3551.5 -1.1302691e-16 1e-20
3552.97 -2.3171849e-16 1e-20
3554.44 4.0530391e-17 1e-20
3555.91 -3.7770147e-16 1e-20
3557.38 -1.6144894e-16 1e-20
3558.85 4.1173771e-16 1e-20
3560.32 6.1382148e-16 1e-20
3561.79 3.0137064e-16 1e-20
3563.26 -1.7075438e-16 1e-20
3564.73 3.2570098e-17 1e-20
3566.2 3.3056636e-16 1e-20
3567.67 8.3933474e-17 1e-20
3569.14 2.4114501e-16 1e-20
3570.61 1.2815005e-16 1e-20
3572.08 -1.522218e-16 1e-20
3573.55 3.5480331e-17 1e-20
3575.02 5.5424086e-17 1e-20
3576.49 -1.6121782e-16 1e-20
3577.96 -9.382889e-17 1e-20
3579.43 -2.5980279e-17 1e-20
3580.9 -2.0828241e-16 1e-20
3582.37 -4.5896507e-16 1e-20
3583.84 -8.485582e-17 1e-20
3585.31 1.2375514e-16 1e-20
3586.78 -1.6737956e-16 1e-20
3588.25 -8.2819321e-17 1e-20
3589.72 -2.5433429e-16 1e-20
3591.19 -9.5614383e-17 1e-20
3592.66 1.1720893e-17 1e-20
3594.13 4.3005475e-16 1e-20
3595.6 2.3475063e-16 1e-20
3597.07 1.6295751e-16 1e-20
3598.54 7.0118301e-17 1e-20
3600.01 2.3660357e-16 1e-20
3601.48 1.5436241e-16 1e-20
3602.95 1.8386866e-16 1e-20
3604.42 5.7210981e-17 1e-20
3605.89 7.3774353e-17 1e-20
3607.36 -1.0148443e-16 1e-20
3608.83 1.5799738e-18 1e-20
3610.3 -6.7142628e-17 1e-20
3611.77 8.304182e-17 1e-20
3613.24 1.2044397e-16 1e-20
3614.71 3.0048973e-16 1e-20
3616.18 2.2387319e-16 1e-20
3617.65 7.4723314e-17 1e-20
3619.12 1.870021e-16 1e-20
3620.59 1.0631101e-16 1e-20
3622.06 -8.9305448e-19 1e-20
3623.53 3.5705175e-17 1e-20
3625.0 1.5440208e-16 1e-20
3626.47 8.439432e-17 1e-20
3627.94 8.8075598e-17 1e-20
3629.41 9.1756889e-17 1e-20
3630.88 9.5438167e-17 1e-20
3632.35 9.9119458e-17 1e-20
3633.82 1.0280073e-16 1e-20
3635.29 1.0648202e-16 1e-20
3636.76 1.101633e-16 1e-20
3638.23 1.1384458e-16 1e-20
3639.7 1.1752586e-16 1e-20
3641.17 1.2120715e-16 1e-20
3642.64 1.2488843e-16 1e-20
3644.11 1.285697e-16 1e-20
3645.58 1.32251e-16 1e-20
3647.05 1.3593228e-16 1e-20
3648.52 1.3961356e-16 1e-20
3649.99 1.4329484e-16 1e-20
3651.46 1.4329484e-16 1e-20
3652.93 1.5142119e-16 1e-20
3654.4 1.4287229e-16 1e-20
3655.87 2.2502619e-16 1e-20
3657.34 2.2512082e-16 1e-20
3658.81 7.6745412e-18 1e-20
3660.28 2.0632939e-16 1e-20
3661.75 1.6077086e-16 1e-20
3663.22 1.0595116e-16 1e-20
3664.69 2.2102892e-16 1e-20
3666.16 1.5303813e-16 1e-20
3667.63 2.2478901e-17 1e-20
3669.1 9.0887826e-18 1e-20
3670.57 -7.6180681e-17 1e-20
3672.04 -5.3068034e-17 1e-20
3673.51 5.219532e-18 1e-20
3674.98 6.1410703e-17 1e-20
3676.45 1.0298512e-16 1e-20
3677.92 1.3733305e-16 1e-20
3679.39 3.2658448e-16 1e-20
3680.86 1.9950252e-16 1e-20
3682.33 -3.1411641e-17 1e-20
3683.8 1.9632254e-16 1e-20
3685.27 7.4230507e-17 1e-20
3686.74 -8.9360917e-17 1e-20
3688.21 2.0443936e-16 1e-20
3689.68 1.1620956e-16 1e-20
3691.15 1.5625199e-17 1e-20
3692.62 -2.1642354e-17 1e-20
3694.09 2.2097286e-16 1e-20
3695.56 2.810617e-16 1e-20
3697.03 -1.4574831e-17 1e-20
3698.5 -1.0866475e-16 1e-20
3699.97 -8.7052144e-17 1e-20
3701.44 2.4198921e-16 1e-20
3702.91 2.2450097e-16 1e-20
3704.38 -5.81593e-17 1e-20
3705.85 -7.6860412e-17 1e-20
3707.32 1.3226676e-16 1e-20
3708.79 -8.1091617e-18 1e-20
3710.26 -6.5040325e-17 1e-20
3711.73 2.4043382e-16 1e-20
3713.2 2.7443531e-16 1e-20
3714.67 -3.6147371e-18 1e-20
3716.14 -1.4213528e-16 1e-20
3717.61 8.9224049e-17 1e-20
3719.08 3.7029713e-17 1e-20
3720.55 7.7202606e-17 1e-20
3722.02 -1.0796826e-17 1e-20
3723.49 -8.8662041e-18 1e-20
3724.96 8.5374026e-17 1e-20
3726.43 -8.8476171e-17 1e-20
3727.9 -9.3376528e-17 1e-20
3729.37 8.9210106e-18 1e-20
3730.84 3.6251379e-17 1e-20
3732.31 3.7586346e-17 1e-20
3733.78 -6.8048265e-17 1e-20
3735.25 -1.0283059e-16 1e-20
3736.72 3.7376106e-17 1e-20
3738.19 1.2769395e-16 1e-20
3739.66 1.2197305e-16 1e-20
3741.13 1.5954335e-16 1e-20
3742.6 2.7089232e-17 1e-20
3744.07 -2.8081981e-17 1e-20
3745.54 4.110551e-17 1e-20
3747.01 9.0568581e-17 1e-20
3748.48 1.1191588e-16 1e-20
3749.95 1.0146547e-16 1e-20
3751.42 1.0647207e-16 1e-20
3752.89 -1.2422336e-17 1e-20
3754.36 9.2200211e-17 1e-20
3755.83 1.7374185e-16 1e-20
3757.3 5.3315751e-17 1e-20
3758.77 -1.2610042e-16 1e-20
3760.24 -8.9734214e-17 1e-20
3761.71 1.3930853e-16 1e-20
3763.18 1.087202e-16 1e-20
3764.65 3.7838361e-17 1e-20
3766.12 3.9710049e-17 1e-20
3767.59 9.8619378e-17 1e-20
3769.06 -4.4406642e-17 1e-20
3770.53 1.9276695e-16 1e-20
3772.0 2.7034131e-16 1e-20
3773.47 3.3509828e-17 1e-20
3774.94 4.2499081e-17 1e-20
3776.41 1.7533843e-16 1e-20
3777.88 9.6503331e-17 1e-20
3779.35 1.6146714e-16 1e-20
3780.82 -2.4936519e-17 1e-20
3782.29 -8.0189588e-17 1e-20
3783.76 4.559463e-18 1e-20
3785.23 -2.8663072e-17 1e-20
3786.7 9.1291173e-17 1e-20
3788.17 2.1212925e-16 1e-20
3789.64 9.1984244e-17 1e-20
3791.11 1.7896565e-16 1e-20
3792.58 8.7165064e-17 1e-20
3794.05 -1.7276858e-17 1e-20
3795.52 2.46048e-17 1e-20
3796.99 -3.5765986e-17 1e-20
3798.46 -5.3315668e-17 1e-20
3799.93 3.5624326e-17 1e-20
3801.4 4.4457937e-17 1e-20
3802.87 2.2840355e-18 1e-20
3804.34 1.390468e-16 1e-20
3805.81 2.2587652e-17 1e-20
3807.28 1.0873222e-16 1e-20
3808.75 9.79701e-17 1e-20
3810.22 2.869512e-17 1e-20
3811.69 5.746231e-18 1e-20
3813.16 1.1601284e-17 1e-20
3814.63 1.7456338e-17 1e-20
3816.1 2.3311389e-17 1e-20
3817.57 2.9166441e-17 1e-20
3819.04 3.5021494e-17 1e-20
3820.51 4.0876549e-17 1e-20
3821.98 4.6731602e-17 1e-20
3823.45 5.2586654e-17 1e-20
3824.92 5.8441707e-17 1e-20
3826.39 6.4296762e-17 1e-20
3827.86 6.4296762e-17 1e-20
3829.33 1.5737472e-16 1e-20
3830.8 1.9298059e-16 1e-20
3832.27 7.0400396e-17 1e-20
3833.74 -4.8859236e-17 1e-20
3835.21 1.5307251e-16 1e-20
3836.68 1.8463702e-16 1e-20
3838.15 8.3828905e-17 1e-20
3839.62 1.0051461e-16 1e-20
3841.09 2.2899395e-16 1e-20
3842.56 2.4393223e-16 1e-20
3844.03 7.4567957e-17 1e-20
3845.5 4.8802154e-17 1e-20
3846.97 1.5908418e-16 1e-20
3848.44 2.3543545e-16 1e-20
3849.91 1.2144582e-16 1e-20
3851.38 9.7343164e-17 1e-20
3852.85 -3.3148816e-17 1e-20
3854.32 4.6626133e-17 1e-20
3855.79 1.7749374e-16 1e-20
3857.26 9.6091348e-17 1e-20
3858.73 1.4276543e-16 1e-20
3860.2 1.2291532e-16 1e-20
3861.67 1.3532754e-16 1e-20
3863.14 1.0376396e-16 1e-20
3864.61 9.0950355e-17 1e-20
3866.08 1.340833e-16 1e-20
3867.55 -6.0402608e-17 1e-20
3869.02 8.3405448e-17 1e-20
3870.49 1.0897279e-16 1e-20
3871.96 7.1782025e-17 1e-20
3873.43 2.8539445e-17 1e-20
3874.9 1.0763902e-16 1e-20
3876.37 1.6216418e-16 1e-20
3877.84 1.3838178e-16 1e-20
3879.31 2.229634e-16 1e-20
3880.78 1.1830566e-16 1e-20
3882.25 8.6668239e-17 1e-20
3883.72 1.0439805e-16 1e-20
3885.19 1.3129765e-16 1e-20
3886.66 2.5626362e-16 1e-20
3888.13 9.857285e-17 1e-20
3889.6 7.6632573e-17 1e-20
3891.07 1.201949e-16 1e-20
3892.54 1.0656145e-16 1e-20
3894.01 1.7171011e-16 1e-20
3895.48 1.1342367e-16 1e-20
3896.95 1.1675519e-16 1e-20
3898.42 2.1037622e-16 1e-20
3899.89 1.8811994e-16 1e-20
3901.36 7.8002629e-17 1e-20
3902.83 4.1571699e-17 1e-20
3904.3 7.2256463e-17 1e-20
3905.77 1.303258e-16 1e-20
3907.24 5.0253638e-17 1e-20
3908.71 1.3747387e-16 1e-20
3910.18 1.2672854e-17 1e-20
3911.65 -2.6601235e-17 1e-20
3913.12 3.5026334e-17 1e-20
3914.59 1.6876904e-16 1e-20
3916.06 1.0243781e-16 1e-20
3917.53 7.4184575e-17 1e-20
3919.0 1.1284075e-16 1e-20
3920.47 1.1186059e-16 1e-20
3921.94 1.4000536e-16 1e-20
3923.41 6.6305395e-17 1e-20
3924.88 9.8659824e-17 1e-20
3926.35 1.6016958e-16 1e-20
3927.82 1.248688e-16 1e-20
3929.29 1.1330327e-16 1e-20
3930.76 8.5310392e-17 1e-20
3932.23 7.4488382e-17 1e-20
3933.7 4.9986339e-17 1e-20
3935.17 9.1834538e-17 1e-20
3936.64 1.6682031e-16 1e-20
3938.11 8.7707264e-17 1e-20
3939.58 5.1654686e-17 1e-20
3941.05 1.2447366e-16 1e-20
3942.52 1.7812366e-16 1e-20
3943.99 2.138645e-16 1e-20
3945.46 1.2188161e-16 1e-20
3946.93 8.5136049e-17 1e-20
3948.4 1.4562725e-16 1e-20
3949.87 7.0532797e-17 1e-20
3951.34 4.0960303e-17 1e-20
3952.81 1.0250497e-16 1e-20
3954.28 1.5256468e-16 1e-20
3955.75 1.6222276e-16 1e-20
3957.22 1.2188952e-16 1e-20
3958.69 2.6641479e-17 1e-20
3960.16 4.1216054e-17 1e-20
3961.63 1.1191419e-16 1e-20
3963.1 1.2369464e-16 1e-20
3964.57 8.2462601e-17 1e-20
3966.04 1.7944513e-16 1e-20
3967.51 1.0810797e-16 1e-20
3968.98 8.6408637e-17 1e-20
3970.45 2.1080208e-16 1e-20
3971.92 1.8684614e-16 1e-20
3973.39 1.2009455e-16 1e-20
3974.86 1.0860769e-16 1e-20
3976.33 1.3353055e-16 1e-20
3977.8 1.5402413e-16 1e-20
3979.27 1.6885802e-16 1e-20
3980.74 1.6944938e-16 1e-20
3982.21 2.4106576e-17 1e-20
3983.68 2.2376602e-17 1e-20
3985.15 1.3458673e-16 1e-20
3986.62 1.5370892e-16 1e-20
3988.09 1.2878502e-16 1e-20
3989.56 1.7731168e-16 1e-20
3991.03 1.2034341e-16 1e-20
3992.5 1.0108657e-16 1e-20
3993.97 1.6197333e-16 1e-20
3995.44 1.2723373e-16 1e-20
3996.91 5.0058559e-17 1e-20
3998.38 1.1841724e-16 1e-20
3999.85 1.5051024e-16 1e-20
4001.32 8.5756719e-17 1e-20
4002.79 1.0746455e-16 1e-20
4004.26 1.6000092e-16 1e-20
4005.73 1.2024328e-16 1e-20
4007.2 6.1134801e-17 1e-20
4008.67 9.2454884e-17 1e-20
4010.14 1.4191944e-16 1e-20
4011.61 1.2473137e-16 1e-20
4013.08 1.0890775e-16 1e-20
4014.55 1.7024142e-16 1e-20
4016.02 1.4389573e-16 1e-20
4017.49 5.3064116e-17 1e-20
4018.96 -1.5481851e-17 1e-20
4020.43 9.2952105e-17 1e-20
4021.9 1.6626035e-16 1e-20
4023.37 1.0457854e-16 1e-20
4024.84 3.6542441e-17 1e-20
4026.31 1.2713786e-18 1e-20
4027.78 4.6460862e-17 1e-20
4029.25 1.286629e-16 1e-20
4030.72 1.2608565e-16 1e-20
4032.19 6.6572945e-17 1e-20
4033.66 9.9109161e-17 1e-20
4035.13 7.8963025e-17 1e-20
4036.6 6.8682692e-17 1e-20
4038.07 1.2010449e-16 1e-20
4039.54 7.329967e-17 1e-20
4041.01 3.7727632e-17 1e-20
4042.48 5.0085131e-17 1e-20
4043.95 9.3038582e-17 1e-20
4045.42 9.0663925e-17 1e-20
4046.89 9.3420124e-17 1e-20
4048.36 1.5605956e-16 1e-20
4049.83 6.4098702e-17 1e-20
4051.3 5.4280803e-17 1e-20
4052.77 1.386775e-16 1e-20
4054.24 1.1007855e-16 1e-20
4055.71 2.923434e-17 1e-20
4057.18 6.4022178e-17 1e-20
4058.65 6.2488049e-17 1e-20
4060.12 5.4858354e-17 1e-20
4061.59 1.0217208e-16 1e-20
4063.06 8.8127273e-17 1e-20
4064.53 1.0052232e-16 1e-20
4066.0 1.257762e-16 1e-20
4067.47 8.2979483e-17 1e-20
4068.94 4.0507994e-17 1e-20
4070.41 8.3015496e-17 1e-20
4071.88 9.1370344e-17 1e-20
4073.35 7.9112844e-17 1e-20
4074.82 9.9234403e-17 1e-20
4076.29 8.6443769e-17 1e-20
4077.76 6.3309128e-17 1e-20
4079.23 9.2845611e-17 1e-20
4080.7 1.0887649e-16 1e-20
4082.17 6.1376795e-17 1e-20
4083.64 7.3540003e-17 1e-20
4085.11 1.3586412e-16 1e-20
4086.58 1.607343e-16 1e-20
4088.05 1.4649232e-16 1e-20
4089.52 1.1526127e-16 1e-20
4090.99 9.3595572e-17 1e-20
4092.46 9.6125455e-17 1e-20
4093.93 1.176375e-16 1e-20
4095.4 7.1025056e-17 1e-20
4096.87 9.2702356e-17 1e-20
4098.34 1.4005021e-16 1e-20
4099.81 1.4388779e-16 1e-20
4101.28 5.3519601e-17 1e-20
4102.75 6.5349512e-17 1e-20
4104.22 7.4235251e-17 1e-20
4105.69 9.765237e-17 1e-20
4107.16 9.6403255e-17 1e-20
4108.63 8.3939781e-17 1e-20
4110.1 1.2320344e-16 1e-20
4111.57 9.6526465e-17 1e-20
4113.04 5.5047159e-17 1e-20
4114.51 3.8097911e-17 1e-20
4115.98 3.8367896e-17 1e-20
4117.45 7.2557398e-17 1e-20
4118.92 1.3589156e-16 1e-20
4120.39 1.8614894e-16 1e-20
4121.86 1.2400421e-16 1e-20
4123.33 5.9156404e-17 1e-20
4124.8 8.5086531e-17 1e-20
4126.27 8.8014671e-17 1e-20
4127.74 8.3606334e-17 1e-20
4129.21 9.054499e-17 1e-20
4130.68 1.3785711e-16 1e-20
4132.15 1.7352768e-16 1e-20
4133.62 1.384126e-16 1e-20
4135.09 1.574154e-16 1e-20
4136.56 7.2290113e-17 1e-20
4138.03 4.326953e-17 1e-20
4139.5 1.0452357e-16 1e-20
4140.97 1.0883128e-16 1e-20
4142.44 1.1246734e-16 1e-20
4143.91 9.9701343e-17 1e-20
4145.38 1.2603767e-16 1e-20
4146.85 1.382484e-16 1e-20
4148.32 9.272737e-17 1e-20
4149.79 6.144954e-17 1e-20
4151.26 8.8085894e-17 1e-20
4152.73 6.1521452e-17 1e-20
4154.2 5.1748108e-17 1e-20
4155.67 9.0615618e-17 1e-20
4157.14 1.1437882e-16 1e-20
4158.61 1.1493796e-16 1e-20
4160.08 1.5460374e-16 1e-20
4161.55 9.2631986e-17 1e-20
4163.02 4.6547425e-17 1e-20
4164.49 1.0915035e-16 1e-20
4165.96 1.7982997e-16 1e-20
4167.43 1.7310022e-16 1e-20
4168.9 9.3687912e-17 1e-20
4170.37 6.6315493e-17 1e-20
4171.84 1.1068619e-16 1e-20
4173.31 1.1187298e-16 1e-20
4174.78 9.8245651e-17 1e-20
4176.25 1.2902885e-16 1e-20
4177.72 1.0981428e-16 1e-20
4179.19 1.3535645e-16 1e-20
4180.66 1.2497274e-16 1e-20
4182.13 8.9954714e-17 1e-20
4183.6 1.2601526e-16 1e-20
4185.07 1.3633445e-16 1e-20
4186.54 8.2155903e-17 1e-20
4188.01 1.173352e-16 1e-20
4189.48 1.10303e-16 1e-20
4190.95 8.0485282e-17 1e-20
4192.42 1.3215873e-16 1e-20
4193.89 1.1900837e-16 1e-20
4195.36 9.5392771e-17 1e-20
4196.83 1.0122131e-16 1e-20
4198.3 8.2051565e-17 1e-20
4199.77 6.9245546e-17 1e-20
4201.24 2.2472381e-17 1e-20
4202.71 1.7242325e-17 1e-20
4204.18 7.163091e-17 1e-20
4205.65 9.3735234e-17 1e-20
4207.12 5.7986003e-17 1e-20
4208.59 7.8554206e-17 1e-20
4210.06 9.76502e-17 1e-20
4211.53 1.0942692e-16 1e-20
4213.0 1.4703748e-16 1e-20
4214.47 1.2089475e-16 1e-20
4215.94 5.3315007e-17 1e-20
4217.41 6.9305731e-17 1e-20
4218.88 1.2172566e-16 1e-20
4220.35 1.3548831e-16 1e-20
4221.82 1.1671812e-16 1e-20
4223.29 1.2468727e-16 1e-20
4224.76 1.0386378e-16 1e-20
4226.23 9.3525758e-17 1e-20
4227.7 9.6605272e-17 1e-20
4229.17 7.0419361e-17 1e-20
4230.64 7.964038e-17 1e-20
4232.11 1.1859205e-16 1e-20
4233.58 1.467555e-16 1e-20
4235.05 1.3591017e-16 1e-20
4236.52 9.7952763e-17 1e-20
4237.99 1.1766518e-16 1e-20
4239.46 8.4559961e-17 1e-20
4240.93 5.4390037e-17 1e-20
4242.4 7.0665934e-17 1e-20
4243.87 1.2645016e-16 1e-20
4245.34 1.3474965e-16 1e-20
4246.81 1.0669097e-16 1e-20
4248.28 9.7218266e-17 1e-20
4249.75 6.9929988e-17 1e-20
4251.22 7.2142028e-17 1e-20
4252.69 8.5757493e-17 1e-20
4254.16 1.0081659e-16 1e-20
4255.63 6.5799862e-17 1e-20
4257.1 7.5966659e-17 1e-20
4258.57 1.0016713e-16 1e-20
4260.04 9.6397974e-17 1e-20
4261.51 5.5575407e-17 1e-20
4262.98 4.9637504e-17 1e-20
4264.45 8.4010402e-17 1e-20
4265.92 8.5362075e-17 1e-20
4267.39 3.5821116e-17 1e-20
4268.86 3.2848914e-17 1e-20
4270.33 6.7168972e-18 1e-20
4271.8 4.0286402e-17 1e-20
4273.27 4.8359136e-17 1e-20
4274.74 6.3240717e-17 1e-20
4276.21 9.6296271e-17 1e-20
4277.68 7.7819101e-17 1e-20
4279.15 8.9417066e-17 1e-20
4280.62 9.2406934e-17 1e-20
4282.09 4.8626487e-17 1e-20
4283.56 1.0150662e-16 1e-20
4285.03 7.4562616e-17 1e-20
4286.5 5.1743989e-17 1e-20
4287.97 1.1108424e-16 1e-20
4289.44 1.1763767e-16 1e-20
4290.91 1.0325142e-16 1e-20
4292.38 7.0649668e-17 1e-20
4293.85 6.0601846e-17 1e-20
4295.32 1.0338218e-16 1e-20
4296.79 7.1025618e-17 1e-20
4298.26 8.0941099e-17 1e-20
4299.73 8.6338796e-17 1e-20
4301.2 5.8280082e-17 1e-20
4302.67 9.3609495e-17 1e-20
4304.14 1.0390323e-16 1e-20
4305.61 9.888438e-17 1e-20
4307.08 6.8264351e-17 1e-20
4308.55 4.0211797e-17 1e-20
4310.02 7.9744426e-17 1e-20
4311.49 5.9951305e-17 1e-20
4312.96 1.0543988e-16 1e-20
4314.43 5.4132198e-17 1e-20
4315.9 8.8058875e-17 1e-20
4317.37 8.8671585e-17 1e-20
4318.84 6.9113918e-17 1e-20
4320.31 7.6846528e-17 1e-20
4321.78 9.6390516e-17 1e-20
4323.25 1.1554689e-16 1e-20
4324.72 9.2049406e-17 1e-20
4326.19 2.77144e-17 1e-20
4327.66 6.2480009e-17 1e-20
4329.13 8.6220721e-17 1e-20
4330.6 7.0643798e-17 1e-20
4332.07 5.2138362e-17 1e-20
4333.54 9.7386084e-17 1e-20
4335.01 1.386389e-16 1e-20
4336.48 1.1497838e-16 1e-20
4337.95 9.2637611e-17 1e-20
4339.42 7.5373915e-17 1e-20
4340.89 5.1059798e-17 1e-20
4342.36 6.8784746e-17 1e-20
4343.83 7.1028365e-17 1e-20
4345.3 6.4899506e-17 1e-20
4346.77 6.9024324e-17 1e-20
4348.24 5.5859937e-17 1e-20
4349.71 8.7383122e-17 1e-20
4351.18 7.0346589e-17 1e-20
4352.65 6.2905008e-17 1e-20
4354.12 9.1760767e-17 1e-20
4355.59 3.3497873e-17 1e-20
4357.06 3.8617463e-17 1e-20
4358.53 6.0928648e-17 1e-20
4360.0 6.9039101e-17 1e-20
4361.47 8.2667345e-17 1e-20
4362.94 6.2296937e-17 1e-20
4364.41 7.776812e-17 1e-20
4365.88 6.3534499e-17 1e-20
4367.35 6.4781311e-17 1e-20
4368.82 7.8373729e-17 1e-20
4370.29 6.038621e-17 1e-20
4371.76 4.0805478e-17 1e-20
4373.23 1.1787162e-17 1e-20
4374.7 3.0366293e-17 1e-20
4376.17 9.635502e-17 1e-20
4377.64 9.5822707e-17 1e-20
4379.11 8.2519174e-17 1e-20
4380.58 9.9693693e-17 1e-20
4382.05 8.2193146e-17 1e-20
4383.52 4.3227225e-17 1e-20
4384.99 7.1091601e-17 1e-20
4386.46 8.8389549e-17 1e-20
4387.93 6.9226659e-17 1e-20
4389.4 1.8559905e-17 1e-20
4390.87 3.0755015e-17 1e-20
4392.34 7.228607e-17 1e-20
4393.81 8.6911768e-17 1e-20
4395.28 5.9910237e-17 1e-20
4396.75 6.4188375e-17 1e-20
4398.22 9.3052611e-17 1e-20
4399.69 7.8054927e-17 1e-20
4401.16 6.3235893e-17 1e-20
4402.63 8.0470757e-17 1e-20
4404.1 9.597637e-17 1e-20
4405.57 4.9799155e-17 1e-20
4407.04 4.6053082e-17 1e-20
4408.51 9.3756264e-17 1e-20
4409.98 7.5692214e-17 1e-20
4411.45 5.6166543e-17 1e-20
4412.92 8.728568e-17 1e-20
4414.39 1.1043403e-16 1e-20
4415.86 1.1049886e-16 1e-20
4417.33 9.4087606e-17 1e-20
4418.8 7.9263484e-17 1e-20
4420.27 7.8873167e-17 1e-20
4421.74 7.9846236e-17 1e-20
4423.21 9.3091938e-17 1e-20
4424.68 9.1072844e-17 1e-20
4426.15 9.2318465e-17 1e-20
4427.62 9.7381684e-17 1e-20
4429.09 5.8156455e-17 1e-20
4430.56 6.7285412e-17 1e-20
4432.03 1.1558081e-16 1e-20
4433.5 1.2525518e-16 1e-20
4434.97 1.1858633e-16 1e-20
4436.44 6.824958e-17 1e-20
4437.91 3.6237605e-17 1e-20
4439.38 9.2573918e-17 1e-20
4440.85 1.371903e-16 1e-20
4442.32 1.0802412e-16 1e-20
4443.79 7.086056e-17 1e-20
4445.26 5.7935399e-17 1e-20
4446.73 1.7402691e-17 1e-20
4448.2 2.4699724e-17 1e-20
4449.67 6.949419e-17 1e-20
4451.14 8.4823964e-17 1e-20
4452.61 1.04581e-16 1e-20
4454.08 1.0080973e-16 1e-20
4455.55 1.01143e-16 1e-20
4457.02 9.8549497e-17 1e-20
4458.49 9.2478574e-17 1e-20
4459.96 1.1523984e-16 1e-20
4461.43 9.2746978e-17 1e-20
4462.9 5.3670489e-17 1e-20
4464.37 8.7369529e-17 1e-20
4465.84 1.0901399e-16 1e-20
4467.31 1.0770921e-16 1e-20
4468.78 1.2147978e-16 1e-20
4470.25 1.0928594e-16 1e-20
4471.72 1.0012097e-16 1e-20
4473.19 1.290449e-16 1e-20
4474.66 9.4976792e-17 1e-20
4476.13 8.9880532e-17 1e-20
4477.6 1.0773062e-16 1e-20
4479.07 9.6485576e-17 1e-20
4480.54 1.0461033e-16 1e-20
4482.01 8.6502413e-17 1e-20
4483.48 9.8485328e-17 1e-20
4484.95 1.0309549e-16 1e-20
4486.42 8.6058078e-17 1e-20
4487.89 6.6667164e-17 1e-20
4489.36 1.0379815e-16 1e-20
4490.83 1.1325543e-16 1e-20
4492.3 7.3527026e-17 1e-20
4493.77 8.1521071e-17 1e-20
4495.24 1.3438861e-16 1e-20
4496.71 1.4245196e-16 1e-20
4498.18 1.3082648e-16 1e-20
4499.65 1.1997488e-16 1e-20
4501.12 1.1149713e-16 1e-20
4502.59 1.0949222e-16 1e-20
4504.06 1.415801e-16 1e-20
4505.53 9.2427845e-17 1e-20
4507.0 7.2209261e-17 1e-20
4508.47 1.0712371e-16 1e-20
4509.94 1.3629822e-16 1e-20
4511.41 1.180775e-16 1e-20
4512.88 1.0688752e-16 1e-20
4514.35 1.2852967e-16 1e-20
4515.82 1.3593999e-16 1e-20
4517.29 1.5304897e-16 1e-20
4518.76 1.2757465e-16 1e-20
4520.23 8.8650098e-17 1e-20
4521.7 1.2420257e-16 1e-20
4523.17 9.475479e-17 1e-20
4524.64 1.183e-16 1e-20
4526.11 1.1342246e-16 1e-20
4527.58 7.0622391e-17 1e-20
4529.05 8.0191521e-17 1e-20
4530.52 9.5621172e-17 1e-20
4531.99 8.7581255e-17 1e-20
4533.46 1.0792356e-16 1e-20
4534.93 9.9787727e-17 1e-20
4536.4 1.0547407e-16 1e-20
4537.87 1.0822285e-16 1e-20
4539.34 8.7345045e-17 1e-20
4540.81 1.0863313e-16 1e-20
4542.28 9.2322925e-17 1e-20
4543.75 9.4671271e-17 1e-20
4545.22 9.3445495e-17 1e-20
4546.69 6.9143981e-17 1e-20
4548.16 1.1021837e-16 1e-20
4549.63 1.154722e-16 1e-20
4551.1 1.331758e-16 1e-20
4552.57 1.4472042e-16 1e-20
4554.04 1.2444129e-16 1e-20
4555.51 9.4277083e-17 1e-20
4556.98 6.1275098e-17 1e-20
4558.45 5.6658649e-17 1e-20
4559.92 7.7907007e-17 1e-20
4561.39 1.0266347e-16 1e-20
4562.86 9.3527882e-17 1e-20
4564.33 1.2814603e-16 1e-20
4565.8 1.354159e-16 1e-20
4567.27 1.1475981e-16 1e-20
4568.74 1.069022e-16 1e-20
4570.21 1.0611353e-16 1e-20
4571.68 9.4445768e-17 1e-20
4573.15 7.2308509e-17 1e-20
4574.62 1.1209809e-16 1e-20
4576.09 1.1190803e-16 1e-20
4577.56 9.2656689e-17 1e-20
4579.03 6.2461507e-17 1e-20
4580.5 7.1995696e-17 1e-20
4581.97 8.4974497e-17 1e-20
4583.44 1.0667427e-16 1e-20
4584.91 7.5527393e-17 1e-20
4586.38 7.6441302e-17 1e-20
4587.85 1.0863035e-16 1e-20
4589.32 1.3455897e-16 1e-20
4590.79 1.3109501e-16 1e-20
4592.26 1.0871369e-16 1e-20
4593.73 1.0826205e-16 1e-20
4595.2 8.2525745e-17 1e-20
4596.67 5.7320665e-17 1e-20
4598.14 5.9687599e-17 1e-20
4599.61 7.5963112e-17 1e-20
4601.08 1.2255206e-16 1e-20
4602.55 1.2759909e-16 1e-20
4604.02 1.0363477e-16 1e-20
4605.49 7.4192258e-17 1e-20
4606.96 5.7016117e-17 1e-20
4608.43 1.0130108e-16 1e-20
4609.9 1.0705834e-16 1e-20
4611.37 7.5947012e-17 1e-20
4612.84 9.4664965e-17 1e-20
4614.31 1.2584018e-16 1e-20
4615.78 1.4250611e-16 1e-20
4617.25 1.2897203e-16 1e-20
4618.72 1.2294149e-16 1e-20
4620.19 1.2314181e-16 1e-20
4621.66 1.3396418e-16 1e-20
4623.13 1.0666473e-16 1e-20
4624.6 8.1551717e-17 1e-20
4626.07 1.023932e-16 1e-20
4627.54 1.4317252e-16 1e-20
4629.01 1.294618e-16 1e-20
4630.48 1.2449085e-16 1e-20
4631.95 9.6324937e-17 1e-20
4633.42 8.3704074e-17 1e-20
4634.89 9.7213502e-17 1e-20
4636.36 1.1254588e-16 1e-20
4637.83 9.633223e-17 1e-20
4639.3 8.5580497e-17 1e-20
4640.77 9.7047344e-17 1e-20
4642.24 8.2168238e-17 1e-20
4643.71 1.0818691e-16 1e-20
4645.18 1.0545455e-16 1e-20
4646.65 7.2057265e-17 1e-20
4648.12 7.2020598e-17 1e-20
4649.59 9.1145219e-17 1e-20
4651.06 8.2895018e-17 1e-20
4652.53 7.8730098e-17 1e-20
4654.0 8.5901244e-17 1e-20
4655.47 1.0216613e-16 1e-20
4656.94 9.6218886e-17 1e-20
4658.41 1.1132162e-16 1e-20
4659.88 7.8248467e-17 1e-20
4661.35 1.4262583e-16 1e-20
4662.82 1.2053904e-16 1e-20
4664.29 5.7709586e-17 1e-20
4665.76 6.1271584e-17 1e-20
4667.23 7.46508e-17 1e-20
4668.7 9.8566557e-17 1e-20
4670.17 9.5517622e-17 1e-20
4671.64 1.140102e-16 1e-20
4673.11 1.3271585e-16 1e-20
4674.58 1.4164555e-16 1e-20
4676.05 1.1753404e-16 1e-20
4677.52 9.4352337e-17 1e-20
4678.99 8.3415295e-17 1e-20
4680.46 8.7863608e-17 1e-20
4681.93 1.117587e-16 1e-20
4683.4 1.1690513e-16 1e-20
4684.87 1.1932668e-16 1e-20
4686.34 1.0172972e-16 1e-20
4687.81 7.8177177e-17 1e-20
4689.28 7.7494852e-17 1e-20
4690.75 9.2850905e-17 1e-20
4692.22 1.0155561e-16 1e-20
4693.69 1.2851122e-16 1e-20
4695.16 1.0427454e-16 1e-20
4696.63 7.3237976e-17 1e-20
4698.1 8.6704225e-17 1e-20
4699.57 8.4207668e-17 1e-20
4701.04 8.1691835e-17 1e-20
4702.51 6.7800018e-17 1e-20
4703.98 7.0763667e-17 1e-20
4705.45 1.0688004e-16 1e-20
4706.92 1.1316592e-16 1e-20
4708.39 1.0286541e-16 1e-20
4709.86 9.1275814e-17 1e-20
4711.33 1.2012801e-16 1e-20
4712.8 1.2777432e-16 1e-20
4714.27 5.9599204e-17 1e-20
4715.74 6.6749995e-17 1e-20
4717.21 1.3531649e-16 1e-20
4718.68 1.1272972e-16 1e-20
4720.15 1.0825553e-16 1e-20
4721.62 1.0795203e-16 1e-20
4723.09 1.0159567e-16 1e-20
4724.56 8.4127842e-17 1e-20
4726.03 7.7783565e-17 1e-20
4727.5 9.9086152e-17 1e-20
4728.97 1.0601921e-16 1e-20
4730.44 8.2830313e-17 1e-20
4731.91 9.1890806e-17 1e-20
4733.38 1.0386515e-16 1e-20
4734.85 1.4076665e-16 1e-20
4736.32 1.1862865e-16 1e-20
4737.79 1.0339572e-16 1e-20
4739.26 9.1774425e-17 1e-20
4740.73 8.5035398e-17 1e-20
4742.2 9.4802938e-17 1e-20
4743.67 1.0388307e-16 1e-20
4745.14 1.0380421e-16 1e-20
4746.61 1.2569716e-16 1e-20
4748.08 1.1266851e-16 1e-20
4749.55 6.8994672e-17 1e-20
4751.02 9.2422193e-17 1e-20
4752.49 1.3286826e-16 1e-20
4753.96 1.1442599e-16 1e-20
4755.43 1.1027562e-16 1e-20
4756.9 9.2271792e-17 1e-20
4758.37 6.6039698e-17 1e-20
4759.84 7.3911943e-17 1e-20
4761.31 9.0279485e-17 1e-20
4762.78 9.5469461e-17 1e-20
4764.25 5.9858455e-17 1e-20
4765.72 4.7816608e-17 1e-20
4767.19 1.0595966e-16 1e-20
4768.66 1.0973829e-16 1e-20
4770.13 9.2105277e-17 1e-20
4771.6 9.534899e-17 1e-20
4773.07 1.0091873e-16 1e-20
4774.54 6.6259655e-17 1e-20
4776.01 7.752164e-17 1e-20
4777.48 1.0974653e-16 1e-20
4778.95 8.6192888e-17 1e-20
4780.42 6.987059e-17 1e-20
4781.89 8.1060596e-17 1e-20
4783.36 8.7962459e-17 1e-20
4784.83 8.4886618e-17 1e-20
4786.3 7.2849624e-17 1e-20
4787.77 5.7632969e-17 1e-20
4789.24 6.9989783e-17 1e-20
4790.71 8.0215899e-17 1e-20
4792.18 5.8810788e-17 1e-20
4793.65 6.0758534e-17 1e-20
4795.12 9.0583894e-17 1e-20
4796.59 1.1052683e-16 1e-20
4798.06 1.1417947e-16 1e-20
4799.53 1.296809e-16 1e-20
4801.0 1.1398008e-16 1e-20
4802.47 8.7691984e-17 1e-20
4803.94 9.7926836e-17 1e-20
4805.41 1.1225106e-16 1e-20
4806.88 1.1291289e-16 1e-20
4808.35 1.0541253e-16 1e-20
4809.82 9.5135816e-17 1e-20
4811.29 8.7734726e-17 1e-20
4812.76 8.7412417e-17 1e-20
4814.23 1.0169088e-16 1e-20
4815.7 1.0017642e-16 1e-20
4817.17 9.2389371e-17 1e-20
4818.64 6.8085256e-17 1e-20
4820.11 4.8350252e-17 1e-20
4821.58 7.4995655e-17 1e-20
4823.05 9.5798712e-17 1e-20
4824.52 8.4094457e-17 1e-20
4825.99 5.4528275e-17 1e-20
4827.46 8.5973771e-17 1e-20
4828.93 1.1892517e-16 1e-20
4830.4 1.1109333e-16 1e-20
4831.87 8.2827805e-17 1e-20
4833.34 8.6398333e-17 1e-20
4834.81 8.6632326e-17 1e-20
4836.28 9.9317247e-17 1e-20
4837.75 6.8055299e-17 1e-20
4839.22 6.306519e-17 1e-20
4840.69 8.3017997e-17 1e-20
4842.16 1.1370974e-16 1e-20
4843.63 8.8943416e-17 1e-20
4845.1 6.1574438e-17 1e-20
4846.57 4.9269842e-17 1e-20
4848.04 8.036914e-17 1e-20
4849.51 8.7789638e-17 1e-20
4850.98 7.5918107e-17 1e-20
4852.45 6.4086718e-17 1e-20
4853.92 3.2916074e-17 1e-20
4855.39 5.3693591e-17 1e-20
4856.86 6.8671979e-17 1e-20
4858.33 7.8139153e-17 1e-20
4859.8 9.2004904e-17 1e-20
4861.27 1.0103949e-16 1e-20
4862.74 9.9814713e-17 1e-20
4864.21 7.7454466e-17 1e-20
4865.68 5.6721383e-17 1e-20
4867.15 7.4760571e-17 1e-20
4868.62 9.0095162e-17 1e-20
4870.09 6.8662311e-17 1e-20
4871.56 5.6820737e-17 1e-20
4873.03 7.5204158e-17 1e-20
4874.5 8.0828086e-17 1e-20
4875.97 7.5182472e-17 1e-20
4877.44 8.9875265e-17 1e-20
4878.91 1.2093308e-16 1e-20
4880.38 1.1308075e-16 1e-20
4881.85 8.8608064e-17 1e-20
4883.32 9.0557047e-17 1e-20
4884.79 9.0722198e-17 1e-20
4886.26 4.8269096e-17 1e-20
4887.73 3.1157766e-17 1e-20
4889.2 5.2644957e-17 1e-20
4890.67 5.3434511e-17 1e-20
4892.14 5.4123218e-17 1e-20
4893.61 7.486146e-17 1e-20
4895.08 7.7866455e-17 1e-20
4896.55 6.2094728e-17 1e-20
4898.02 6.4288828e-17 1e-20
4899.49 7.0807646e-17 1e-20
4900.96 3.5995056e-17 1e-20
4902.43 4.8403595e-17 1e-20
4903.9 1.0430614e-16 1e-20
4905.37 9.289094e-17 1e-20
4906.84 6.7701914e-17 1e-20
4908.31 1.0477993e-16 1e-20
4909.78 1.2696293e-16 1e-20
4911.25 6.2565884e-17 1e-20
4912.72 2.1297431e-17 1e-20
4914.19 6.7123219e-17 1e-20
4915.66 1.0041402e-16 1e-20
4917.13 6.2156528e-17 1e-20
4918.6 7.8379883e-17 1e-20
4920.07 1.0102029e-16 1e-20
4921.54 7.5892379e-17 1e-20
4923.01 7.7485198e-17 1e-20
4924.48 8.6788313e-17 1e-20
4925.95 9.4252592e-17 1e-20
4927.42 7.8697255e-17 1e-20
4928.89 6.9552774e-17 1e-20
4930.36 4.9903393e-17 1e-20
4931.83 6.4057045e-17 1e-20
4933.3 7.8285128e-17 1e-20
4934.77 6.7668655e-17 1e-20
4936.24 9.7998681e-17 1e-20
4937.71 9.9612021e-17 1e-20
4939.18 5.626681e-17 1e-20
4940.65 7.0854577e-17 1e-20
4942.12 8.7810013e-17 1e-20
4943.59 7.9656752e-17 1e-20
4945.06 9.0768024e-17 1e-20
4946.53 6.1964166e-17 1e-20
4948.0 3.2163032e-17 1e-20
4949.47 5.7457977e-17 1e-20
4950.94 8.1257968e-17 1e-20
4952.41 7.2795778e-17 1e-20
4953.88 8.1071383e-17 1e-20
4955.35 1.0001659e-16 1e-20
4956.82 8.6764662e-17 1e-20
4958.29 3.0012816e-17 1e-20
4959.76 4.0988047e-17 1e-20
4961.23 6.4630784e-17 1e-20
4962.7 4.8415119e-17 1e-20
4964.17 7.9973052e-17 1e-20
4965.64 9.5012076e-17 1e-20
4967.11 9.6678898e-17 1e-20
4968.58 9.593562e-17 1e-20
4970.05 7.8289548e-17 1e-20
4971.52 6.9011586e-17 1e-20
4972.99 6.5798062e-17 1e-20
4974.46 3.685805e-17 1e-20
4975.93 6.2753402e-17 1e-20
4977.4 8.1609811e-17 1e-20
4978.87 3.9865712e-17 1e-20
4980.34 1.3471921e-17 1e-20
4981.81 4.5084186e-17 1e-20
4983.28 1.2251023e-16 1e-20
4984.75 1.709465e-16 1e-20
4986.22 1.4053489e-16 1e-20
4987.69 9.0586084e-17 1e-20
4989.16 5.9113834e-17 1e-20
4990.63 5.1053822e-17 1e-20
4992.1 7.5023468e-17 1e-20
4993.57 8.3823816e-17 1e-20
4995.04 9.6425595e-17 1e-20
4996.51 1.1261443e-16 1e-20
4997.98 8.7378013e-17 1e-20
4999.45 7.2057126e-17 1e-20
5000.92 6.6348071e-17 1e-20
5002.39 6.0302122e-17 1e-20
5003.86 6.4755431e-17 1e-20
5005.33 7.8268518e-17 1e-20
5006.8 1.0474196e-16 1e-20
5008.27 1.0759724e-16 1e-20
5009.74 1.2253331e-16 1e-20
5011.21 1.0240943e-16 1e-20
5012.68 8.7317152e-17 1e-20
5014.15 8.0837271e-17 1e-20
5015.62 6.8272563e-17 1e-20
5017.09 8.3966919e-17 1e-20
5018.56 7.8108938e-17 1e-20
5020.03 7.0054813e-17 1e-20
5021.5 7.2442301e-17 1e-20
5022.97 9.7823987e-17 1e-20
5024.44 7.3252342e-17 1e-20
5025.91 8.8998453e-17 1e-20
5027.38 9.1435261e-17 1e-20
5028.85 9.563274e-17 1e-20
5030.32 9.6561326e-17 1e-20
5031.79 7.4292816e-17 1e-20
5033.26 9.9627446e-17 1e-20
5034.73 1.1138984e-16 1e-20
5036.2 9.9412009e-17 1e-20
5037.67 9.3509843e-17 1e-20
5039.14 8.7912233e-17 1e-20
5040.61 7.5966315e-17 1e-20
5042.08 9.758204e-17 1e-20
5043.55 1.0568308e-16 1e-20
5045.02 1.0124954e-16 1e-20
5046.49 1.0864839e-16 1e-20
5047.96 9.0738649e-17 1e-20
5049.43 8.7899342e-17 1e-20
5050.9 8.5123324e-17 1e-20
5052.37 8.798832e-17 1e-20
5053.84 7.3222048e-17 1e-20
5055.31 1.0493937e-16 1e-20
5056.78 1.2431275e-16 1e-20
5058.25 8.205584e-17 1e-20
5059.72 4.8495968e-17 1e-20
5061.19 7.0949061e-17 1e-20
5062.66 1.1052744e-16 1e-20
5064.13 1.0691421e-16 1e-20
5065.6 7.8794439e-17 1e-20
5067.07 7.3916701e-17 1e-20
5068.54 1.0475978e-16 1e-20
5070.01 1.1700601e-16 1e-20
5071.48 8.3022351e-17 1e-20
5072.95 9.7246165e-17 1e-20
5074.42 1.0712944e-16 1e-20
5075.89 1.0048489e-16 1e-20
5077.36 1.2395041e-16 1e-20
5078.83 1.1181248e-16 1e-20
5080.3 9.2168778e-17 1e-20
5081.77 1.0022423e-16 1e-20
5083.24 1.200895e-16 1e-20
5084.71 9.7989867e-17 1e-20
5086.18 4.6394784e-17 1e-20
5087.65 6.1557941e-17 1e-20
5089.12 1.0492051e-16 1e-20
5090.59 1.1596838e-16 1e-20
5092.06 1.1059752e-16 1e-20
5093.53 9.6815654e-17 1e-20
5095.0 6.7266347e-17 1e-20
5096.47 7.2673991e-17 1e-20
5097.94 1.0939808e-16 1e-20
5099.41 1.123422e-16 1e-20
5100.88 7.6916488e-17 1e-20
5102.35 8.9460563e-17 1e-20
5103.82 1.1199654e-16 1e-20
5105.29 1.251743e-16 1e-20
5106.76 1.2460187e-16 1e-20
5108.23 1.0226834e-16 1e-20
5109.7 8.229027e-17 1e-20
5111.17 9.7015084e-17 1e-20
5112.64 1.1785039e-16 1e-20
5114.11 1.1158042e-16 1e-20
5115.58 1.0193063e-16 1e-20
5117.05 1.2054954e-16 1e-20
5118.52 9.2622312e-17 1e-20
5119.99 8.9569254e-17 1e-20
5121.46 9.6233167e-17 1e-20
5122.93 1.0690759e-16 1e-20
5124.4 1.1255621e-16 1e-20
5125.87 7.7662479e-17 1e-20
5127.34 7.2620098e-17 1e-20
5128.81 1.07008e-16 1e-20
5130.28 9.1267072e-17 1e-20
5131.75 9.0743282e-17 1e-20
5133.22 1.3341374e-16 1e-20
5134.69 1.2137379e-16 1e-20
5136.16 1.0799202e-16 1e-20
5137.63 1.052512e-16 1e-20
5139.1 1.0449069e-16 1e-20
5140.57 1.1986337e-16 1e-20
5142.04 1.2563803e-16 1e-20
5143.51 1.3375e-16 1e-20
5144.98 1.1582208e-16 1e-20
5146.45 1.1593067e-16 1e-20
5147.92 1.1733834e-16 1e-20
5149.39 1.0817822e-16 1e-20
5150.86 1.1211484e-16 1e-20
5152.33 7.90058e-17 1e-20
5153.8 7.9018248e-17 1e-20
5155.27 1.1807459e-16 1e-20
5156.74 1.2908135e-16 1e-20
5158.21 1.2124344e-16 1e-20
5159.68 1.2092523e-16 1e-20
5161.15 9.9758637e-17 1e-20
5162.62 8.8195095e-17 1e-20
5164.09 8.52834e-17 1e-20
5165.56 1.1020858e-16 1e-20
5167.03 1.3131172e-16 1e-20
5168.5 1.1147618e-16 1e-20
5169.97 1.0039316e-16 1e-20
5171.44 1.2255538e-16 1e-20
5172.91 1.2244853e-16 1e-20
5174.38 1.2186815e-16 1e-20
5175.85 1.2088281e-16 1e-20
5177.32 7.7571707e-17 1e-20
5178.79 9.2647577e-17 1e-20
5180.26 1.1993515e-16 1e-20
5181.73 9.6852606e-17 1e-20
5183.2 1.0868666e-16 1e-20
5184.67 9.7125126e-17 1e-20
5186.14 8.5914472e-17 1e-20
5187.61 1.1720521e-16 1e-20
5189.08 1.171636e-16 1e-20
5190.55 8.646112e-17 1e-20
5192.02 1.0370564e-16 1e-20
5193.49 1.0956001e-16 1e-20
5194.96 1.0604943e-16 1e-20
5196.43 1.2714767e-16 1e-20
5197.9 1.3049236e-16 1e-20
5199.37 1.2185313e-16 1e-20
5200.84 1.2029725e-16 1e-20
5202.31 1.1171811e-16 1e-20
5203.78 1.1471375e-16 1e-20
5205.25 1.148392e-16 1e-20
5206.72 1.1197754e-16 1e-20
5208.19 1.0967623e-16 1e-20
5209.66 1.3744907e-16 1e-20
5211.13 1.4632699e-16 1e-20
5212.6 1.0979591e-16 1e-20
5214.07 7.9645085e-17 1e-20
5215.54 9.6308533e-17 1e-20
5217.01 1.2791718e-16 1e-20
5218.48 8.985258e-17 1e-20
5219.95 1.0753362e-16 1e-20
5221.42 1.6183585e-16 1e-20
5222.89 1.6672758e-16 1e-20
5224.36 1.3408062e-16 1e-20
5225.83 1.1402525e-16 1e-20
5227.3 1.3264574e-16 1e-20
5228.77 1.093621e-16 1e-20
5230.24 9.7931091e-17 1e-20
5231.71 1.2257909e-16 1e-20
5233.18 1.4119317e-16 1e-20
5234.65 1.2303097e-16 1e-20
5236.12 1.0082104e-16 1e-20
5237.59 9.2524155e-17 1e-20
5239.06 1.0243592e-16 1e-20
5240.53 1.0260799e-16 1e-20
5242.0 1.0924629e-16 1e-20
5243.47 1.1458911e-16 1e-20
5244.94 1.0430881e-16 1e-20
5246.41 1.1838721e-16 1e-20
5247.88 1.2838883e-16 1e-20
5249.35 9.9011177e-17 1e-20
5250.82 9.6768948e-17 1e-20
5252.29 1.0721515e-16 1e-20
5253.76 9.9642421e-17 1e-20
5255.23 8.4695307e-17 1e-20
5256.7 7.8983453e-17 1e-20
5258.17 9.8017978e-17 1e-20
5259.64 1.0163215e-16 1e-20
5261.11 1.2540525e-16 1e-20
5262.58 1.4400755e-16 1e-20
5264.05 1.1865656e-16 1e-20
5265.52 1.0343977e-16 1e-20
5266.99 1.1775881e-16 1e-20
5268.46 1.1812935e-16 1e-20
5269.93 9.0678497e-17 1e-20
5271.4 7.4208001e-17 1e-20
5272.87 7.2106227e-17 1e-20
5274.34 7.5431507e-17 1e-20
5275.81 9.2358123e-17 1e-20
5277.28 9.6007168e-17 1e-20
5278.75 8.4553125e-17 1e-20
5280.22 9.1692812e-17 1e-20
5281.69 9.1348103e-17 1e-20
5283.16 1.0438714e-16 1e-20
5284.63 1.1533321e-16 1e-20
5286.1 9.6872723e-17 1e-20
5287.57 1.0598458e-16 1e-20
5289.04 1.0678532e-16 1e-20
5290.51 9.0524734e-17 1e-20
5291.98 8.2705184e-17 1e-20
5293.45 9.6238262e-17 1e-20
5294.92 1.2470566e-16 1e-20
5296.39 1.042354e-16 1e-20
5297.86 8.222749e-17 1e-20
5299.33 1.0315392e-16 1e-20
5300.8 9.0246821e-17 1e-20
5302.27 6.0375423e-17 1e-20
5303.74 7.5138175e-17 1e-20
5305.21 7.5007646e-17 1e-20
5306.68 7.9733772e-17 1e-20
5308.15 8.7152471e-17 1e-20
5309.62 7.1799972e-17 1e-20
5311.09 9.7657439e-17 1e-20
5312.56 1.1325712e-16 1e-20
5314.03 8.4965418e-17 1e-20
5315.5 6.3170539e-17 1e-20
5316.97 7.8323879e-17 1e-20
5318.44 9.5003857e-17 1e-20
5319.91 9.6019867e-17 1e-20
5321.38 1.1608764e-16 1e-20
5322.85 1.028968e-16 1e-20
5324.32 7.254822e-17 1e-20
5325.79 8.9005779e-17 1e-20
5327.26 1.1123722e-16 1e-20
5328.73 1.0758115e-16 1e-20
5330.2 8.4814832e-17 1e-20
5331.67 7.353631e-17 1e-20
5333.14 9.5017e-17 1e-20
5334.61 1.0771508e-16 1e-20
5336.08 8.765363e-17 1e-20
5337.55 7.7382402e-17 1e-20
5339.02 8.8301755e-17 1e-20
5340.49 9.5947055e-17 1e-20
5341.96 8.6153667e-17 1e-20
5343.43 8.5763482e-17 1e-20
5344.9 9.5512381e-17 1e-20
5346.37 7.5595613e-17 1e-20
5347.84 7.7118968e-17 1e-20
5349.31 9.651419e-17 1e-20
5350.78 7.7834751e-17 1e-20
5352.25 5.9923432e-17 1e-20
5353.72 8.0325153e-17 1e-20
5355.19 1.003042e-16 1e-20
5356.66 1.1367157e-16 1e-20
5358.13 1.1500696e-16 1e-20
5359.6 8.0294164e-17 1e-20
5361.07 7.3830952e-17 1e-20
5362.54 8.8182317e-17 1e-20
5364.01 1.0134352e-16 1e-20
5365.48 9.6569876e-17 1e-20
5366.95 6.8391147e-17 1e-20
5368.42 7.1886972e-17 1e-20
5369.89 9.407224e-17 1e-20
5371.36 1.000763e-16 1e-20
5372.83 8.7569085e-17 1e-20
5374.3 8.0325974e-17 1e-20
5375.77 9.6522773e-17 1e-20
5377.24 8.4475158e-17 1e-20
5378.71 6.3806965e-17 1e-20
5380.18 7.4025816e-17 1e-20
5381.65 6.7636004e-17 1e-20
5383.12 6.5547155e-17 1e-20
5384.59 8.8992577e-17 1e-20
5386.06 1.0395821e-16 1e-20
5387.53 1.1069182e-16 1e-20
5389.0 1.1260479e-16 1e-20
5390.47 1.1455337e-16 1e-20
5391.94 9.0515741e-17 1e-20
5393.41 7.6565293e-17 1e-20
5394.88 9.0959169e-17 1e-20
5396.35 7.7521283e-17 1e-20
5397.82 7.7312218e-17 1e-20
5399.29 7.991828e-17 1e-20
5400.76 8.5111611e-17 1e-20
5402.23 8.6330915e-17 1e-20
5403.7 8.8355721e-17 1e-20
5405.17 9.2388749e-17 1e-20
5406.64 6.7243795e-17 1e-20
5408.11 4.5347308e-17 1e-20
5409.58 6.4437039e-17 1e-20
5411.05 9.8918334e-17 1e-20
5412.52 1.2702004e-16 1e-20
5413.99 1.2407783e-16 1e-20
5415.46 7.4330496e-17 1e-20
5416.93 7.4686111e-17 1e-20
5418.4 9.8290623e-17 1e-20
5419.87 1.129224e-16 1e-20
5421.34 9.6250266e-17 1e-20
5422.81 8.8245103e-17 1e-20
5424.28 1.0042826e-16 1e-20
5425.75 8.1136644e-17 1e-20
5427.22 8.786732e-17 1e-20
5428.69 8.4334438e-17 1e-20
5430.16 9.32853e-17 1e-20
5431.63 1.163972e-16 1e-20
5433.1 1.0155897e-16 1e-20
5434.57 9.2656114e-17 1e-20
5436.04 9.1950873e-17 1e-20
5437.51 9.1231497e-17 1e-20
5438.98 9.8517409e-17 1e-20
5440.45 9.5836855e-17 1e-20
5441.92 9.846801e-17 1e-20
5443.39 9.1317921e-17 1e-20
5444.86 8.1759988e-17 1e-20
5446.33 7.0364211e-17 1e-20
5447.8 6.6864615e-17 1e-20
5449.27 7.8617773e-17 1e-20
5450.74 9.0155871e-17 1e-20
5452.21 9.7571916e-17 1e-20
5453.68 7.8473255e-17 1e-20
5455.15 5.1663878e-17 1e-20
5456.62 4.5426973e-17 1e-20
5458.09 5.6608066e-17 1e-20
5459.56 8.593089e-17 1e-20
5461.03 8.6141299e-17 1e-20
5462.5 6.2864714e-17 1e-20
5463.97 8.4515386e-17 1e-20
5465.44 1.2196993e-16 1e-20
5466.91 1.2272787e-16 1e-20
5468.38 1.0144389e-16 1e-20
5469.85 1.1060147e-16 1e-20
5471.32 9.639767e-17 1e-20
5472.79 6.412817e-17 1e-20
5474.26 5.3739449e-17 1e-20
5475.73 5.5462265e-17 1e-20
5477.2 8.1355979e-17 1e-20
5478.67 8.4841096e-17 1e-20
5480.14 7.881631e-17 1e-20
5481.61 9.3576236e-17 1e-20
5483.08 9.6187381e-17 1e-20
5484.55 6.3261384e-17 1e-20
5486.02 4.8384636e-17 1e-20
5487.49 6.9071143e-17 1e-20
5488.96 7.0683887e-17 1e-20
5490.43 8.6400504e-17 1e-20
5491.9 1.0586381e-16 1e-20
5493.37 9.234113e-17 1e-20
5494.84 8.8796853e-17 1e-20
5496.31 8.9860435e-17 1e-20
5497.78 8.7994852e-17 1e-20
5499.25 8.5724366e-17 1e-20
5500.72 7.3840408e-17 1e-20
5502.19 8.5700517e-17 1e-20
5503.66 8.8379563e-17 1e-20
5505.13 9.2124018e-17 1e-20
5506.6 9.0241295e-17 1e-20
5508.07 6.0430851e-17 1e-20
5509.54 7.3893824e-17 1e-20
5511.01 9.2892773e-17 1e-20
5512.48 8.1846385e-17 1e-20
5513.95 7.5580915e-17 1e-20
5515.42 8.5690611e-17 1e-20
5516.89 7.4047025e-17 1e-20
5518.36 8.203254e-17 1e-20
5519.83 1.0568974e-16 1e-20
5521.3 1.003672e-16 1e-20
5522.77 8.7693175e-17 1e-20
5524.24 9.2248929e-17 1e-20
5525.71 1.1213696e-16 1e-20
5527.18 1.0874116e-16 1e-20
5528.65 1.1559083e-16 1e-20
5530.12 1.1058261e-16 1e-20
5531.59 9.5797706e-17 1e-20
5533.06 1.0014649e-16 1e-20
5534.53 8.8055209e-17 1e-20
5536.0 7.2546711e-17 1e-20
5537.47 7.9312009e-17 1e-20
5538.94 1.0617556e-16 1e-20
5540.41 1.1717065e-16 1e-20
5541.88 1.0808387e-16 1e-20
5543.35 9.1900792e-17 1e-20
5544.82 8.2602818e-17 1e-20
5546.29 9.2828869e-17 1e-20
5547.76 9.1097765e-17 1e-20
5549.23 1.0151981e-16 1e-20
5550.7 1.116121e-16 1e-20
5552.17 8.888243e-17 1e-20
5553.64 8.8563892e-17 1e-20
5555.11 9.3192524e-17 1e-20
5556.58 6.852752e-17 1e-20
5558.05 8.2996259e-17 1e-20
5559.52 9.5575439e-17 1e-20
5560.99 9.4016991e-17 1e-20
5562.46 1.3297074e-16 1e-20
5563.93 1.3277436e-16 1e-20
5565.4 1.1134065e-16 1e-20
5566.87 1.2512434e-16 1e-20
5568.34 1.2191145e-16 1e-20
5569.81 7.8665148e-17 1e-20
5571.28 7.9992806e-17 1e-20
5572.75 1.2462563e-16 1e-20
5574.22 1.2522497e-16 1e-20
5575.69 1.0366406e-16 1e-20
5577.16 6.3665286e-17 1e-20
5578.63 4.9397274e-17 1e-20
5580.1 1.0907636e-16 1e-20
5581.57 1.6550297e-16 1e-20
5583.04 1.578606e-16 1e-20
5584.51 1.1663461e-16 1e-20
5585.98 1.0378455e-16 1e-20
5587.45 1.1648704e-16 1e-20
5588.92 1.2116604e-16 1e-20
5590.39 1.1888731e-16 1e-20
5591.86 1.1238842e-16 1e-20
5593.33 1.0622606e-16 1e-20
5594.8 9.4365393e-17 1e-20
5596.27 8.7735256e-17 1e-20
5597.74 1.2026356e-16 1e-20
5599.21 1.2905161e-16 1e-20
5600.68 1.030901e-16 1e-20
5602.15 1.1186014e-16 1e-20
5603.62 1.2839053e-16 1e-20
5605.09 1.3616572e-16 1e-20
5606.56 1.3329776e-16 1e-20
5608.03 1.1147586e-16 1e-20
5609.5 1.1392254e-16 1e-20
5610.97 1.2785606e-16 1e-20
5612.44 1.1304032e-16 1e-20
5613.91 8.9988734e-17 1e-20
5615.38 9.2361948e-17 1e-20
5616.85 1.0659987e-16 1e-20
5618.32 1.186924e-16 1e-20
5619.79 1.2715829e-16 1e-20
5621.26 1.1900156e-16 1e-20
5622.73 1.1708032e-16 1e-20
5624.2 1.3509024e-16 1e-20
5625.67 1.3143319e-16 1e-20
5627.14 1.0254184e-16 1e-20
5628.61 8.1969866e-17 1e-20
5630.08 8.5150118e-17 1e-20
5631.55 1.1071648e-16 1e-20
5633.02 1.1659827e-16 1e-20
5634.49 1.0562112e-16 1e-20
5635.96 1.1118205e-16 1e-20
5637.43 1.0418578e-16 1e-20
5638.9 1.0809077e-16 1e-20
5640.37 1.3124521e-16 1e-20
5641.84 1.3627578e-16 1e-20
5643.31 1.3258875e-16 1e-20
5644.78 1.0890707e-16 1e-20
5646.25 1.0120726e-16 1e-20
5647.72 1.1762308e-16 1e-20
5649.19 1.1577696e-16 1e-20
5650.66 1.0483959e-16 1e-20
5652.13 9.7109819e-17 1e-20
5653.6 1.0917743e-16 1e-20
5655.07 1.2904262e-16 1e-20
5656.54 1.3267781e-16 1e-20
5658.01 1.2120695e-16 1e-20
5659.48 9.5441495e-17 1e-20
5660.95 9.3884596e-17 1e-20
5662.42 1.2804384e-16 1e-20
5663.89 1.2660104e-16 1e-20
5665.36 1.0623895e-16 1e-20
5666.83 1.232153e-16 1e-20
5668.3 1.4315139e-16 1e-20
5669.77 1.4010638e-16 1e-20
5671.24 1.3857623e-16 1e-20
5672.71 1.2004736e-16 1e-20
5674.18 9.5485845e-17 1e-20
5675.65 1.0789449e-16 1e-20
5677.12 1.340672e-16 1e-20
5678.59 1.5579873e-16 1e-20
5680.06 1.6371074e-16 1e-20
5681.53 1.8928884e-16 1e-20
5683.0 1.6306321e-16 1e-20
5684.47 1.3824202e-16 1e-20
5685.94 1.5283374e-16 1e-20
5687.41 1.1657257e-16 1e-20
5688.88 8.0236056e-17 1e-20
5690.35 9.5031558e-17 1e-20
5691.82 1.5526432e-16 1e-20
5693.29 1.950043e-16 1e-20
5694.76 1.7295373e-16 1e-20
5696.23 1.3419839e-16 1e-20
5697.7 1.2454342e-16 1e-20
5699.17 1.3253855e-16 1e-20
5700.64 1.1442321e-16 1e-20
5702.11 9.5246466e-17 1e-20
5703.58 9.530685e-17 1e-20
5705.05 1.0984217e-16 1e-20
5706.52 1.2799487e-16 1e-20
5707.99 1.1479517e-16 1e-20
5709.46 9.9759894e-17 1e-20
5710.93 7.7775412e-17 1e-20
5712.4 7.7379021e-17 1e-20
5713.87 1.0833426e-16 1e-20
5715.34 1.0258295e-16 1e-20
5716.81 1.1215254e-16 1e-20
5718.28 1.3434427e-16 1e-20
5719.75 1.1848412e-16 1e-20
5721.22 1.1269313e-16 1e-20
5722.69 1.0900615e-16 1e-20
5724.16 1.3141692e-16 1e-20
5725.63 1.5524581e-16 1e-20
5727.1 1.2602054e-16 1e-20
5728.57 9.4257297e-17 1e-20
5730.04 9.5574857e-17 1e-20
5731.51 1.1930811e-16 1e-20
5732.98 1.2864076e-16 1e-20
5734.45 1.17996e-16 1e-20
5735.92 1.0952783e-16 1e-20
5737.39 1.0877973e-16 1e-20
5738.86 1.281854e-16 1e-20
5740.33 1.1126425e-16 1e-20
5741.8 8.4735601e-17 1e-20
5743.27 1.2910241e-16 1e-20
5744.74 1.164282e-16 1e-20
5746.21 7.7779515e-17 1e-20
5747.68 1.0251889e-16 1e-20
5749.15 1.4664337e-16 1e-20
5750.62 1.5297287e-16 1e-20
5752.09 1.2449504e-16 1e-20
5753.56 1.1110796e-16 1e-20
5755.03 9.1671788e-17 1e-20
5756.5 6.8891803e-17 1e-20
5757.97 7.5310235e-17 1e-20
5759.44 1.1099706e-16 1e-20
5760.91 1.302275e-16 1e-20
5762.38 1.1929866e-16 1e-20
5763.85 9.6392899e-17 1e-20
5765.32 8.5660634e-17 1e-20
5766.79 9.405436e-17 1e-20
5768.26 9.213816e-17 1e-20
5769.73 9.2509385e-17 1e-20
5771.2 1.2686719e-16 1e-20
5772.67 1.3818012e-16 1e-20
5774.14 9.165766e-17 1e-20
5775.61 5.9371782e-17 1e-20
5777.08 7.2645126e-17 1e-20
5778.55 9.8856315e-17 1e-20
5780.02 1.2639246e-16 1e-20
5781.49 9.2855292e-17 1e-20
5782.96 6.9859856e-17 1e-20
5784.43 9.1970831e-17 1e-20
5785.9 8.1008597e-17 1e-20
5787.37 9.5810888e-17 1e-20
5788.84 1.230759e-16 1e-20
5790.31 1.0411942e-16 1e-20
5791.78 8.3405991e-17 1e-20
5793.25 1.166567e-16 1e-20
5794.72 1.3583969e-16 1e-20
5796.19 1.0868767e-16 1e-20
5797.66 8.9311293e-17 1e-20
5799.13 8.9009968e-17 1e-20
5800.6 8.8787787e-17 1e-20
5802.07 8.6892577e-17 1e-20
5803.54 7.5051612e-17 1e-20
5805.01 9.0238278e-17 1e-20
5806.48 1.2984626e-16 1e-20
5807.95 1.4920235e-16 1e-20
5809.42 1.4388436e-16 1e-20
5810.89 1.0130324e-16 1e-20
5812.36 7.8611394e-17 1e-20
5813.83 9.5727151e-17 1e-20
5815.3 1.0214607e-16 1e-20
5816.77 9.970669e-17 1e-20
5818.24 7.3363416e-17 1e-20
5819.71 4.116019e-17 1e-20
5821.18 7.5786943e-17 1e-20
5822.65 1.0652369e-16 1e-20
5824.12 7.5980933e-17 1e-20
5825.59 7.8813358e-17 1e-20
5827.06 1.0264438e-16 1e-20
5828.53 7.80899e-17 1e-20
5830.0 5.2646982e-17 1e-20
5831.47 7.0639186e-17 1e-20
5832.94 1.0248676e-16 1e-20
5834.41 1.2196263e-16 1e-20
5835.88 1.2008271e-16 1e-20
5837.35 8.663725e-17 1e-20
5838.82 8.2410707e-17 1e-20
5840.29 1.1205342e-16 1e-20
5841.76 1.0216222e-16 1e-20
5843.23 8.8639106e-17 1e-20
5844.7 8.0325789e-17 1e-20
5846.17 7.1416537e-17 1e-20
5847.64 6.3854313e-17 1e-20
5849.11 6.2525431e-17 1e-20
5850.58 1.0821759e-16 1e-20
5852.05 1.141448e-16 1e-20
5853.52 6.2036739e-17 1e-20
5854.99 5.1157485e-17 1e-20
5856.46 6.9974781e-17 1e-20
5857.93 8.531603e-17 1e-20
5859.4 1.1119107e-16 1e-20
5860.87 1.0563323e-16 1e-20
5862.34 8.4542861e-17 1e-20
5863.81 1.306488e-16 1e-20
5865.28 1.5665054e-16 1e-20
5866.75 1.1025304e-16 1e-20
5868.22 1.0031122e-16 1e-20
5869.69 1.2120512e-16 1e-20
5871.16 1.2085379e-16 1e-20
5872.63 1.2287722e-16 1e-20
5874.1 1.3753307e-16 1e-20
5875.57 9.7972139e-17 1e-20
5877.04 8.5452317e-17 1e-20
5878.51 1.3738979e-16 1e-20
5879.98 1.3330217e-16 1e-20
5881.45 1.0254497e-16 1e-20
5882.92 1.177875e-16 1e-20
5884.39 1.3322793e-16 1e-20
5885.86 8.0147991e-17 1e-20
5887.33 9.1779997e-17 1e-20
5888.8 1.2511455e-16 1e-20
5890.27 8.4673338e-17 1e-20
5891.74 7.2513174e-17 1e-20
5893.21 6.0342223e-17 1e-20
5894.68 5.7598591e-17 1e-20
5896.15 1.0004144e-16 1e-20
5897.62 1.3039732e-16 1e-20
5899.09 1.1820355e-16 1e-20
5900.56 1.055789e-16 1e-20
5902.03 6.8898335e-17 1e-20
5903.5 6.4577183e-17 1e-20
5904.97 1.2019004e-16 1e-20
5906.44 1.3132052e-16 1e-20
5907.91 8.6489092e-17 1e-20
5909.38 8.7976607e-17 1e-20
5910.85 1.228665e-16 1e-20
5912.32 1.3213124e-16 1e-20
5913.79 1.2560274e-16 1e-20
5915.26 1.5178126e-16 1e-20
5916.73 1.6249201e-16 1e-20
5918.2 1.2418887e-16 1e-20
5919.67 1.0270661e-16 1e-20
5921.14 1.1413697e-16 1e-20
5922.61 1.3075641e-16 1e-20
5924.08 1.5388725e-16 1e-20
5925.55 1.2601898e-16 1e-20
5927.02 1.150035e-16 1e-20
5928.49 1.0523854e-16 1e-20
5929.96 8.7879212e-17 1e-20
5931.43 6.1269427e-17 1e-20
5932.9 1.1643482e-16 1e-20
5934.37 1.6300531e-16 1e-20
5935.84 1.0535346e-16 1e-20
5937.31 8.0534523e-17 1e-20
5938.78 1.2549201e-16 1e-20
5940.25 1.3563929e-16 1e-20
5941.72 1.2986136e-16 1e-20
5943.19 1.2310093e-16 1e-20
5944.66 9.2625614e-17 1e-20
5946.13 6.3579894e-17 1e-20
5947.6 7.5118839e-17 1e-20
5949.07 1.3908699e-16 1e-20
5950.54 1.404579e-16 1e-20
5952.01 7.7705545e-17 1e-20
5953.48 1.0506113e-16 1e-20
5954.95 1.6562127e-16 1e-20
5956.42 1.4232986e-16 1e-20
5957.89 1.1286478e-16 1e-20
5959.36 1.0278792e-16 1e-20
5960.83 1.3385132e-16 1e-20
5962.3 1.6775306e-16 1e-20
5963.77 1.47701e-16 1e-20
5965.24 1.2296817e-16 1e-20
5966.71 9.1502944e-17 1e-20
5968.18 9.2318022e-17 1e-20
5969.65 1.3396293e-16 1e-20
5971.12 1.3503185e-16 1e-20
5972.59 1.1942102e-16 1e-20
5974.06 1.0028073e-16 1e-20
5975.53 9.310972e-17 1e-20
5977.0 1.0852242e-16 1e-20
5978.47 1.1053012e-16 1e-20
5979.94 8.1622874e-17 1e-20
5981.41 1.0415093e-16 1e-20
5982.88 1.1733247e-16 1e-20
5984.35 9.3919986e-17 1e-20
5985.82 9.5808075e-17 1e-20
5987.29 1.0207617e-16 1e-20
5988.76 7.9051666e-17 1e-20
5990.23 6.3178599e-17 1e-20
5991.7 1.0579506e-16 1e-20
5993.17 1.1737841e-16 1e-20
5994.64 1.198154e-16 1e-20
5996.11 1.3427091e-16 1e-20
5997.58 1.3329889e-16 1e-20
5999.05 1.238647e-16 1e-20
6000.52 1.1803494e-16 1e-20
6001.99 9.1480869e-17 1e-20
6003.46 9.6085988e-17 1e-20
6004.93 9.7691566e-17 1e-20
6006.4 1.0420232e-16 1e-20
6007.87 1.3255561e-16 1e-20
6009.34 1.1850915e-16 1e-20
6010.81 9.8092596e-17 1e-20
6012.28 8.9580967e-17 1e-20
6013.75 6.7364537e-17 1e-20
6015.22 7.5805108e-17 1e-20
6016.69 1.0127696e-16 1e-20
6018.16 1.1512689e-16 1e-20
6019.63 1.1733401e-16 1e-20
6021.1 1.1238129e-16 1e-20
6022.57 1.1540292e-16 1e-20
6024.04 1.1965661e-16 1e-20
6025.51 1.009388e-16 1e-20
6026.98 7.0090117e-17 1e-20
6028.45 8.5314356e-17 1e-20
6029.92 1.1598286e-16 1e-20
6031.39 1.0229576e-16 1e-20
6032.86 8.9602639e-17 1e-20
6034.33 1.0278763e-16 1e-20
6035.8 1.2176443e-16 1e-20
6037.27 1.5084157e-16 1e-20
6038.74 1.3936328e-16 1e-20
6040.21 1.0916653e-16 1e-20
6041.68 1.2837479e-16 1e-20
6043.15 1.2572338e-16 1e-20
6044.62 1.0165081e-16 1e-20
6046.09 1.154846e-16 1e-20
6047.56 1.3176233e-16 1e-20
6049.03 1.2518309e-16 1e-20
6050.5 1.1477153e-16 1e-20
6051.97 1.1723771e-16 1e-20
6053.44 1.1582855e-16 1e-20
6054.91 9.8312441e-17 1e-20
6056.38 7.9860986e-17 1e-20
6057.85 7.8911078e-17 1e-20
6059.32 1.0131316e-16 1e-20
6060.79 1.0360548e-16 1e-20
6062.26 9.3839961e-17 1e-20
6063.73 1.0535937e-16 1e-20
6065.2 1.0685229e-16 1e-20
6066.67 1.0198472e-16 1e-20
6068.14 9.2115157e-17 1e-20
6069.61 8.4006233e-17 1e-20
6071.08 1.0320273e-16 1e-20
6072.55 1.3909473e-16 1e-20
6074.02 1.3169622e-16 1e-20
6075.49 9.9869684e-17 1e-20
6076.96 8.1866125e-17 1e-20
6078.43 9.3661131e-17 1e-20
6079.9 7.943068e-17 1e-20
6081.37 6.3276776e-17 1e-20
6082.84 7.9219782e-17 1e-20
6084.31 8.4756195e-17 1e-20
6085.78 8.5517181e-17 1e-20
6087.25 9.5112463e-17 1e-20
6088.72 8.9813762e-17 1e-20
6090.19 8.2937747e-17 1e-20
6091.66 9.8650513e-17 1e-20
6093.13 9.1803231e-17 1e-20
6094.6 8.572706e-17 1e-20
6096.07 8.5943053e-17 1e-20
6097.54 8.2898817e-17 1e-20
6099.01 7.1945734e-17 1e-20
6100.48 7.9382234e-17 1e-20
6101.95 9.4776409e-17 1e-20
6103.42 9.6121815e-17 1e-20
6104.89 1.1219344e-16 1e-20
6106.36 9.4419094e-17 1e-20
6107.83 7.4425595e-17 1e-20
6109.3 8.2264819e-17 1e-20
6110.77 9.6188724e-17 1e-20
6112.24 1.0110172e-16 1e-20
6113.71 5.7279915e-17 1e-20
6115.18 4.4688251e-17 1e-20
6116.65 7.4293233e-17 1e-20
6118.12 7.7449715e-17 1e-20
6119.59 6.7951081e-17 1e-20
6121.06 7.3219745e-17 1e-20
6122.53 1.0134962e-16 1e-20
6124.0 9.7677609e-17 1e-20
6125.47 7.4889081e-17 1e-20
6126.94 8.7441587e-17 1e-20
6128.41 7.379218e-17 1e-20
6129.88 5.993582e-17 1e-20
6131.35 4.4265948e-17 1e-20
6132.82 3.0660806e-17 1e-20
6134.29 5.7977771e-17 1e-20
6135.76 6.7339827e-17 1e-20
6137.23 5.51824e-17 1e-20
6138.7 3.1001975e-17 1e-20
6140.17 4.0393006e-17 1e-20
6141.64 5.4639448e-17 1e-20
6143.11 7.3799876e-17 1e-20
6144.58 5.5015157e-17 1e-20
6146.05 5.7100926e-17 1e-20
6147.52 9.3342521e-17 1e-20
6148.99 6.7773038e-17 1e-20
6150.46 4.9562118e-17 1e-20
6151.93 4.7471717e-17 1e-20
6153.4 3.8539999e-17 1e-20
6154.87 1.8967663e-17 1e-20
6156.34 3.3335981e-17 1e-20
6157.81 8.1069543e-17 1e-20
6159.28 7.7125381e-17 1e-20
6160.75 6.0695033e-17 1e-20
6162.22 9.6931188e-17 1e-20
6163.69 6.6656894e-17 1e-20
6165.16 2.6805608e-17 1e-20
6166.63 2.6345066e-17 1e-20
6168.1 6.01868e-17 1e-20
6169.57 8.2347531e-17 1e-20
6171.04 6.6410771e-17 1e-20
6172.51 2.9201778e-17 1e-20
6173.98 4.8785002e-17 1e-20
6175.45 7.9698117e-17 1e-20
6176.92 6.6478693e-17 1e-20
6178.39 4.0451124e-17 1e-20
6179.86 5.6073402e-17 1e-20
6181.33 7.029359e-17 1e-20
6182.8 5.5963844e-17 1e-20
6184.27 4.8754836e-17 1e-20
6185.74 4.2922958e-17 1e-20
6187.21 2.5694915e-17 1e-20
6188.68 4.3680884e-17 1e-20
6190.15 4.1394235e-17 1e-20
6191.62 4.5877319e-17 1e-20
6193.09 6.060487e-17 1e-20
6194.56 6.555403e-17 1e-20
6196.03 5.8831097e-17 1e-20
6197.5 4.4190711e-17 1e-20
6198.97 2.8022123e-17 1e-20
6200.44 3.2862281e-17 1e-20
6201.91 5.7516621e-17 1e-20
6203.38 8.1328954e-17 1e-20
6204.85 5.4266767e-17 1e-20
6206.32 5.4082845e-17 1e-20
6207.79 7.3813363e-17 1e-20
6209.26 3.8559239e-17 1e-20
6210.73 3.802143e-17 1e-20
6212.2 6.0530364e-17 1e-20
6213.67 6.1431098e-17 1e-20
6215.14 3.9621343e-17 1e-20
6216.61 3.6859327e-17 1e-20
6218.08 4.6643649e-17 1e-20
6219.55 4.0621897e-17 1e-20
6221.02 3.6831226e-17 1e-20
6222.49 4.1004382e-17 1e-20
6223.96 5.5514109e-17 1e-20
6225.43 6.1021524e-17 1e-20
6226.9 5.8516517e-17 1e-20
6228.37 5.4155217e-17 1e-20
6229.84 5.3539659e-17 1e-20
6231.31 6.5242534e-17 1e-20
6232.78 5.7421389e-17 1e-20
6234.25 6.3754813e-17 1e-20
6235.72 8.8842956e-17 1e-20
6237.19 6.6313759e-17 1e-20
6238.66 4.8864838e-17 1e-20
6240.13 4.9831878e-17 1e-20
6241.6 6.0897751e-17 1e-20
6243.07 9.5233767e-17 1e-20
6244.54 8.5866278e-17 1e-20
6246.01 6.9569159e-17 1e-20
6247.48 8.3959712e-17 1e-20
6248.95 7.6308596e-17 1e-20
6250.42 7.1511961e-17 1e-20
6251.89 8.446424e-17 1e-20
6253.36 8.7194022e-17 1e-20
6254.83 9.0755954e-17 1e-20
6256.3 8.075454e-17 1e-20
6257.77 9.3987418e-17 1e-20
6259.24 1.0418933e-16 1e-20
6260.71 7.6932026e-17 1e-20
6262.18 7.572773e-17 1e-20
6263.65 6.8833808e-17 1e-20
6265.12 5.4195812e-17 1e-20
6266.59 9.7544698e-17 1e-20
6268.06 1.0430911e-16 1e-20
6269.53 6.5861874e-17 1e-20
6271.0 5.5661553e-17 1e-20
6272.47 5.2643766e-17 1e-20
6273.94 5.6745973e-17 1e-20
6275.41 5.7846223e-17 1e-20
6276.88 7.1173108e-17 1e-20
6278.35 9.7165962e-17 1e-20
6279.82 1.062791e-16 1e-20
6281.29 6.7495066e-17 1e-20
6282.76 6.3250776e-17 1e-20
6284.23 6.4472416e-17 1e-20
6285.7 8.1577267e-17 1e-20
6287.17 1.0557281e-16 1e-20
6288.64 8.9532646e-17 1e-20
6290.11 7.2538174e-17 1e-20
6291.58 7.9745161e-17 1e-20
6293.05 9.6272316e-17 1e-20
6294.52 9.8947193e-17 1e-20
6295.99 8.2831683e-17 1e-20
6297.46 6.3751015e-17 1e-20
6298.93 9.2006704e-17 1e-20
6300.4 6.7303531e-17 1e-20
6301.87 8.8640449e-17 1e-20
6303.34 9.1304474e-17 1e-20
6304.81 4.8885087e-17 1e-20
6306.28 5.3304713e-17 1e-20
6307.75 1.0977766e-16 1e-20
6309.22 1.3977423e-16 1e-20
6310.69 1.3622827e-16 1e-20
6312.16 1.3797584e-16 1e-20
6313.63 9.6788946e-17 1e-20
6315.1 7.7616938e-17 1e-20
6316.57 1.0525202e-16 1e-20
6318.04 1.0754207e-16 1e-20
6319.51 9.7980894e-17 1e-20
6320.98 1.3112118e-16 1e-20
6322.45 1.5666756e-16 1e-20
6323.92 1.4270302e-16 1e-20
6325.39 1.19604e-16 1e-20
6326.86 1.2980211e-16 1e-20
6328.33 1.2752826e-16 1e-20
6329.8 9.9027026e-17 1e-20
6331.27 1.1442617e-16 1e-20
6332.74 1.1683935e-16 1e-20
6334.21 9.0068633e-17 1e-20
6335.68 1.164015e-16 1e-20
6337.15 1.501078e-16 1e-20
6338.62 1.3926925e-16 1e-20
6340.09 1.1093054e-16 1e-20
6341.56 1.3761366e-16 1e-20
6343.03 1.2629379e-16 1e-20
6344.5 1.0713103e-16 1e-20
6345.97 1.1391864e-16 1e-20
6347.44 1.1770236e-16 1e-20
6348.91 1.0824886e-16 1e-20
6350.38 1.1039004e-16 1e-20
6351.85 1.054725e-16 1e-20
6353.32 9.1228916e-17 1e-20
6354.79 8.6756423e-17 1e-20
6356.26 1.0278773e-16 1e-20
6357.73 1.1175521e-16 1e-20
6359.2 1.0288616e-16 1e-20
6360.67 8.513507e-17 1e-20
6362.14 1.0815686e-16 1e-20
6363.61 1.1261635e-16 1e-20
6365.08 1.1990208e-16 1e-20
6366.55 1.026332e-16 1e-20
6368.02 8.4768735e-17 1e-20
6369.49 1.1064024e-16 1e-20
6370.96 8.5178917e-17 1e-20
6372.43 8.9045748e-17 1e-20
6373.9 1.1897349e-16 1e-20
6375.37 1.2744178e-16 1e-20
6376.84 1.3166547e-16 1e-20
6378.31 1.2038476e-16 1e-20
6379.78 1.0001428e-16 1e-20
6381.25 1.1254863e-16 1e-20
6382.72 1.4509666e-16 1e-20
6384.19 1.4845109e-16 1e-20
6385.66 1.5048377e-16 1e-20
6387.13 1.2504283e-16 1e-20
6388.6 9.685659e-17 1e-20
6390.07 1.1110981e-16 1e-20
6391.54 9.8147647e-17 1e-20
6393.01 8.4541664e-17 1e-20
6394.48 1.0487043e-16 1e-20
6395.95 1.1581173e-16 1e-20
6397.42 1.2408982e-16 1e-20
6398.89 1.0933194e-16 1e-20
6400.36 1.1176156e-16 1e-20
6401.83 1.3326878e-16 1e-20
6403.3 1.0923842e-16 1e-20
6404.77 8.5536477e-17 1e-20
6406.24 9.0130784e-17 1e-20
6407.71 8.3254114e-17 1e-20
6409.18 1.0265775e-16 1e-20
6410.65 1.1035996e-16 1e-20
6412.12 1.1705543e-16 1e-20
6413.59 1.3271295e-16 1e-20
6415.06 8.9979992e-17 1e-20
6416.53 6.6714638e-17 1e-20
6418.0 1.0049363e-16 1e-20
6419.47 9.9915867e-17 1e-20
6420.94 9.9766062e-17 1e-20
6422.41 1.0924745e-16 1e-20
6423.88 1.069246e-16 1e-20
6425.35 1.2800624e-16 1e-20
6426.82 1.3719951e-16 1e-20
6428.29 1.1645042e-16 1e-20
6429.76 1.1870382e-16 1e-20
6431.23 1.29234e-16 1e-20
6432.7 1.292741e-16 1e-20
6434.17 1.1898623e-16 1e-20
6435.64 1.0142895e-16 1e-20
6437.11 1.1038968e-16 1e-20
6438.58 1.026158e-16 1e-20
6440.05 1.0684292e-16 1e-20
6441.52 1.2013779e-16 1e-20
6442.99 1.0565563e-16 1e-20
6444.46 1.0345414e-16 1e-20
6445.93 1.1955869e-16 1e-20
6447.4 1.2564785e-16 1e-20
6448.87 1.3387479e-16 1e-20
6450.34 1.2777029e-16 1e-20
6451.81 1.0224019e-16 1e-20
6453.28 8.8853637e-17 1e-20
6454.75 8.531251e-17 1e-20
6456.22 9.0461272e-17 1e-20
6457.69 1.076534e-16 1e-20
6459.16 1.2930667e-16 1e-20
6460.63 1.2645062e-16 1e-20
6462.1 1.2072729e-16 1e-20
6463.57 9.9359261e-17 1e-20
6465.04 1.0220072e-16 1e-20
6466.51 1.2698746e-16 1e-20
6467.98 1.2764273e-16 1e-20
6469.45 1.0106037e-16 1e-20
6470.92 1.2248683e-16 1e-20
6472.39 1.3201133e-16 1e-20
6473.86 1.2103345e-16 1e-20
6475.33 1.0197064e-16 1e-20
6476.8 9.7466685e-17 1e-20
6478.27 1.0181286e-16 1e-20
6479.74 7.3801206e-17 1e-20
6481.21 7.6045281e-17 1e-20
6482.68 1.2420229e-16 1e-20
6484.15 1.3376581e-16 1e-20
6485.62 1.0187005e-16 1e-20
6487.09 1.2639827e-16 1e-20
6488.56 1.2439703e-16 1e-20
6490.03 9.9945533e-17 1e-20
6491.5 1.0615181e-16 1e-20
6492.97 1.4244006e-16 1e-20
6494.44 1.4858665e-16 1e-20
6495.91 1.1010626e-16 1e-20
6497.38 7.2013365e-17 1e-20
6498.85 1.0888931e-16 1e-20
6500.32 1.3222951e-16 1e-20
6501.79 1.035945e-16 1e-20
6503.26 1.0262608e-16 1e-20
6504.73 8.1430644e-17 1e-20
6506.2 1.1696446e-16 1e-20
6507.67 1.0018395e-16 1e-20
6509.14 9.6190511e-17 1e-20
6510.61 1.0952916e-16 1e-20
6512.08 1.4199335e-16 1e-20
6513.55 1.4477876e-16 1e-20
6515.02 1.4001931e-16 1e-20
6516.49 1.2920213e-16 1e-20
6517.96 1.3161103e-16 1e-20
6519.43 1.1156546e-16 1e-20
6520.9 1.0573241e-16 1e-20
6522.37 1.0004953e-16 1e-20
6523.84 9.3996014e-17 1e-20
6525.31 1.0176116e-16 1e-20
6526.78 1.0277804e-16 1e-20
6528.25 1.1494584e-16 1e-20
6529.72 1.1531923e-16 1e-20
6531.19 1.3117012e-16 1e-20
6532.66 1.0608529e-16 1e-20
6534.13 9.9459006e-17 1e-20
6535.6 1.2241071e-16 1e-20
6537.07 1.5306351e-16 1e-20
6538.54 1.2030704e-16 1e-20
6540.01 1.2070648e-16 1e-20
6541.48 1.2193205e-16 1e-20
6542.95 1.1082816e-16 1e-20
6544.42 1.2716266e-16 1e-20
6545.89 1.285145e-16 1e-20
6547.36 9.456481e-17 1e-20
6548.83 9.6261972e-17 1e-20
6550.3 1.2018918e-16 1e-20
6551.77 8.450716e-17 1e-20
6553.24 8.2430963e-17 1e-20
6554.71 1.0814296e-16 1e-20
6556.18 1.2091677e-16 1e-20
6557.65 1.2793467e-16 1e-20
6559.12 1.1102142e-16 1e-20
6560.59 1.1087381e-16 1e-20
6562.06 1.0565935e-16 1e-20
6563.53 1.3048848e-16 1e-20
6565.0 1.3135988e-16 1e-20
6566.47 1.2102755e-16 1e-20
6567.94 1.3930925e-16 1e-20
6569.41 1.3381089e-16 1e-20
6570.88 8.5955262e-17 1e-20
6572.35 9.7934029e-17 1e-20
6573.82 1.1500117e-16 1e-20
6575.29 1.0971678e-16 1e-20
6576.76 1.0219264e-16 1e-20
6578.23 1.1497666e-16 1e-20
6579.7 1.2867411e-16 1e-20
6581.17 1.1161609e-16 1e-20
6582.64 9.7869297e-17 1e-20
6584.11 1.2170989e-16 1e-20
6585.58 1.1673995e-16 1e-20
6587.05 1.073541e-16 1e-20
6588.52 1.2324237e-16 1e-20
6589.99 1.2604413e-16 1e-20
6591.46 1.1262305e-16 1e-20
6592.93 8.6348537e-17 1e-20
6594.4 9.2004811e-17 1e-20
6595.87 1.1040184e-16 1e-20
6597.34 1.3022132e-16 1e-20
6598.81 1.3429043e-16 1e-20
6600.28 8.3109073e-17 1e-20
6601.75 7.4576758e-17 1e-20
6603.22 9.9190344e-17 1e-20
6604.69 1.2807116e-16 1e-20
6606.16 1.2863216e-16 1e-20
6607.63 1.2429357e-16 1e-20
6609.1 1.17288e-16 1e-20
6610.57 9.4785488e-17 1e-20
6612.04 7.4914764e-17 1e-20
6613.51 8.1032036e-17 1e-20
6614.98 9.9698266e-17 1e-20
6616.45 1.1411542e-16 1e-20
6617.92 1.2737922e-16 1e-20
6619.39 1.38219e-16 1e-20
6620.86 1.4667406e-16 1e-20
6622.33 1.5488053e-16 1e-20
6623.8 1.4099094e-16 1e-20
6625.27 1.1109241e-16 1e-20
6626.74 9.5774055e-17 1e-20
6628.21 1.0673465e-16 1e-20
6629.68 1.2337813e-16 1e-20
6631.15 1.3153694e-16 1e-20
6632.62 1.3559217e-16 1e-20
6634.09 9.9946122e-17 1e-20
6635.56 7.91958e-17 1e-20
6637.03 8.9080913e-17 1e-20
6638.5 1.0788454e-16 1e-20
6639.97 1.2882901e-16 1e-20
6641.44 1.4089261e-16 1e-20
6642.91 1.6969897e-16 1e-20
6644.38 1.715837e-16 1e-20
6645.85 1.5706936e-16 1e-20
6647.32 1.5420251e-16 1e-20
6648.79 1.6651731e-16 1e-20
6650.26 1.5256562e-16 1e-20
6651.73 1.4250666e-16 1e-20
6653.2 1.4978751e-16 1e-20
6654.67 1.2645224e-16 1e-20
6656.14 1.2105062e-16 1e-20
6657.61 1.3180456e-16 1e-20
6659.08 1.2114922e-16 1e-20
6660.55 9.8835073e-17 1e-20
6662.02 1.1982303e-16 1e-20
6663.49 1.1048878e-16 1e-20
6664.96 1.0393453e-16 1e-20
6666.43 1.4185895e-16 1e-20
6667.9 1.6394214e-16 1e-20
6669.37 1.4028516e-16 1e-20
6670.84 1.0739716e-16 1e-20
6672.31 1.0009709e-16 1e-20
6673.78 1.0601813e-16 1e-20
6675.25 1.3426996e-16 1e-20
6676.72 1.395847e-16 1e-20
6678.19 1.3609431e-16 1e-20
6679.66 9.9466292e-17 1e-20
6681.13 1.1564375e-16 1e-20
6682.6 1.3876893e-16 1e-20
6684.07 1.0442889e-16 1e-20
6685.54 7.9430647e-17 1e-20
6687.01 1.0262483e-16 1e-20
6688.48 1.1564967e-16 1e-20
6689.95 1.1144862e-16 1e-20
6691.42 1.0250906e-16 1e-20
6692.89 9.0998113e-17 1e-20
6694.36 7.4826368e-17 1e-20
6695.83 9.0460776e-17 1e-20
6697.3 1.2432166e-16 1e-20
6698.77 1.092768e-16 1e-20
6700.24 1.0812089e-16 1e-20
6701.71 1.0818922e-16 1e-20
6703.18 1.2480416e-16 1e-20
6704.65 1.2758537e-16 1e-20
6706.12 9.0085415e-17 1e-20
6707.59 1.0887577e-16 1e-20
6709.06 1.2059563e-16 1e-20
6710.53 1.2380508e-16 1e-20
6712.0 1.2375474e-16 1e-20
6713.47 1.2892577e-16 1e-20
6714.94 1.3163056e-16 1e-20
6716.41 1.560783e-16 1e-20
6717.88 1.2194806e-16 1e-20
6719.35 1.0858626e-16 1e-20
6720.82 1.2088676e-16 1e-20
6722.29 1.228064e-16 1e-20
6723.76 1.0934289e-16 1e-20
6725.23 1.1338746e-16 1e-20
6726.7 1.324518e-16 1e-20
6728.17 1.1952291e-16 1e-20
6729.64 9.3231732e-17 1e-20
6731.11 9.8787309e-17 1e-20
6732.58 1.2129685e-16 1e-20
6734.05 9.9276563e-17 1e-20
6735.52 1.0913604e-16 1e-20
6736.99 1.1778534e-16 1e-20
6738.46 1.2210413e-16 1e-20
6739.93 9.974789e-17 1e-20
6741.4 7.9191625e-17 1e-20
6742.87 1.0390598e-16 1e-20
6744.34 1.1525209e-16 1e-20
6745.81 1.033072e-16 1e-20
6747.28 1.1235311e-16 1e-20
6748.75 1.1264317e-16 1e-20
6750.22 1.1611138e-16 1e-20
6751.69 1.0082814e-16 1e-20
6753.16 1.1216053e-16 1e-20
6754.63 1.3912826e-16 1e-20
6756.1 1.1910059e-16 1e-20
6757.57 1.0277304e-16 1e-20
6759.04 1.2991318e-16 1e-20
6760.51 1.345002e-16 1e-20
6761.98 1.1108336e-16 1e-20
6763.45 1.0490354e-16 1e-20
6764.92 1.3952009e-16 1e-20
6766.39 1.2503123e-16 1e-20
6767.86 9.8820733e-17 1e-20
6769.33 9.5816943e-17 1e-20
6770.8 9.8026991e-17 1e-20
6772.27 1.0639621e-16 1e-20
6773.74 1.2254265e-16 1e-20
6775.21 9.4367365e-17 1e-20
6776.68 8.8172523e-17 1e-20
6778.15 1.0883809e-16 1e-20
6779.62 1.4208244e-16 1e-20
6781.09 1.2294291e-16 1e-20
6782.56 1.1538864e-16 1e-20
6784.03 9.4806585e-17 1e-20
6785.5 1.1547738e-16 1e-20
6786.97 1.161793e-16 1e-20
6788.44 1.1520167e-16 1e-20
6789.91 1.1148114e-16 1e-20
6791.38 1.0874569e-16 1e-20
6792.85 9.3781615e-17 1e-20
6794.32 8.5233259e-17 1e-20
6795.79 1.0861352e-16 1e-20
6797.26 8.6191399e-17 1e-20
6798.73 1.0589609e-16 1e-20
6800.2 1.0910337e-16 1e-20
6801.67 1.1230464e-16 1e-20
6803.14 1.1505057e-16 1e-20
6804.61 1.2782658e-16 1e-20
6806.08 1.2000034e-16 1e-20
6807.55 1.1205908e-16 1e-20
6809.02 9.9870445e-17 1e-20
6810.49 1.3934585e-16 1e-20
6811.96 1.3155625e-16 1e-20
6813.43 1.0079873e-16 1e-20
6814.9 9.1364203e-17 1e-20
6816.37 1.0191359e-16 1e-20
6817.84 1.2877896e-16 1e-20
6819.31 1.2878395e-16 1e-20
6820.78 1.0700765e-16 1e-20
6822.25 1.1529917e-16 1e-20
6823.72 9.9834499e-17 1e-20
6825.19 9.8404628e-17 1e-20
6826.66 1.0340873e-16 1e-20
6828.13 1.3641896e-16 1e-20
6829.6 1.4307305e-16 1e-20
6831.07 1.1741364e-16 1e-20
6832.54 1.1432372e-16 1e-20
6834.01 9.9642024e-17 1e-20
6835.48 9.3789536e-17 1e-20
6836.95 1.0877401e-16 1e-20
6838.42 1.2893966e-16 1e-20
6839.89 1.1835848e-16 1e-20
6841.36 1.0787703e-16 1e-20
6842.83 1.3216162e-16 1e-20
6844.3 1.1341333e-16 1e-20
6845.77 9.605658e-17 1e-20
6847.24 1.2414001e-16 1e-20
6848.71 1.3395261e-16 1e-20
6850.18 1.2506453e-16 1e-20
6851.65 1.1188776e-16 1e-20
6853.12 9.0413071e-17 1e-20
6854.59 9.4059336e-17 1e-20
6856.06 1.0626229e-16 1e-20
6857.53 1.0399525e-16 1e-20
6859.0 1.1121425e-16 1e-20
6860.47 1.1561952e-16 1e-20
6861.94 1.0224669e-16 1e-20
6863.41 7.6529341e-17 1e-20
6864.88 1.1058171e-16 1e-20
6866.35 1.3708612e-16 1e-20
6867.82 1.039703e-16 1e-20
6869.29 1.2550835e-16 1e-20
6870.76 1.2585842e-16 1e-20
6872.23 8.7638409e-17 1e-20
6873.7 8.0274477e-17 1e-20
6875.17 1.1829614e-16 1e-20
6876.64 1.166045e-16 1e-20
6878.11 7.6832115e-17 1e-20
6879.58 8.7815869e-17 1e-20
6881.05 1.0851844e-16 1e-20
6882.52 1.0745063e-16 1e-20
6883.99 9.2687427e-17 1e-20
6885.46 7.8698089e-17 1e-20
6886.93 9.2626937e-17 1e-20
6888.4 1.0922848e-16 1e-20
6889.87 8.5892271e-17 1e-20
6891.34 1.0530854e-16 1e-20
6892.81 1.0149324e-16 1e-20
6894.28 1.0205979e-16 1e-20
6895.75 1.1089193e-16 1e-20
6897.22 1.1681997e-16 1e-20
6898.69 7.6713789e-17 1e-20
6900.16 8.631003e-17 1e-20
6901.63 1.0778254e-16 1e-20
6903.1 1.0055326e-16 1e-20
6904.57 9.6848146e-17 1e-20
6906.04 7.4557693e-17 1e-20
6907.51 7.5983507e-17 1e-20
6908.98 1.0909161e-16 1e-20
6910.45 1.3287743e-16 1e-20
6911.92 1.4373662e-16 1e-20
6913.39 1.1126474e-16 1e-20
6914.86 9.1072142e-17 1e-20
6916.33 1.0382061e-16 1e-20
6917.8 8.8092326e-17 1e-20
6919.27 7.2817623e-17 1e-20
6920.74 1.0156525e-16 1e-20
6922.21 1.2738976e-16 1e-20
6923.68 1.3950218e-16 1e-20
6925.15 1.3238721e-16 1e-20
6926.62 1.2545667e-16 1e-20
6928.09 9.9773076e-17 1e-20
6929.56 8.3992793e-17 1e-20
6931.03 1.0949638e-16 1e-20
6932.5 1.1193607e-16 1e-20
6933.97 1.3789478e-16 1e-20
6935.44 1.36534e-16 1e-20
6936.91 1.1545157e-16 1e-20
6938.38 9.6832926e-17 1e-20
6939.85 1.0774372e-16 1e-20
6941.32 1.1717033e-16 1e-20
6942.79 1.1359665e-16 1e-20
6944.26 1.2185502e-16 1e-20
6945.73 1.2057109e-16 1e-20
6947.2 1.1634846e-16 1e-20
6948.67 8.9587988e-17 1e-20
6950.14 7.6956073e-17 1e-20
6951.61 9.8768369e-17 1e-20
6953.08 1.1200801e-16 1e-20
6954.55 1.1882555e-16 1e-20
6956.02 1.2205185e-16 1e-20
6957.49 1.2536821e-16 1e-20
6958.96 7.3112125e-17 1e-20
6960.43 1.0954309e-16 1e-20
6961.9 1.357955e-16 1e-20
6963.37 1.0959442e-16 1e-20
6964.84 1.1065098e-16 1e-20
6966.31 1.3104739e-16 1e-20
6967.78 1.151287e-16 1e-20
6969.25 1.0294918e-16 1e-20
6970.72 1.2264614e-16 1e-20
6972.19 8.2013978e-17 1e-20
6973.66 7.508916e-17 1e-20
6975.13 8.4154265e-17 1e-20
6976.6 9.6037582e-17 1e-20
6978.07 6.120619e-17 1e-20
6979.54 5.9844201e-17 1e-20
6981.01 7.3596522e-17 1e-20
6982.48 1.2503289e-16 1e-20
6983.95 1.2915828e-16 1e-20
6985.42 1.1242932e-16 1e-20
6986.89 1.0257435e-16 1e-20
6988.36 9.7814597e-17 1e-20
6989.83 1.0044094e-16 1e-20
6991.3 1.0181591e-16 1e-20
6992.77 1.1713595e-16 1e-20
6994.24 1.4059855e-16 1e-20
6995.71 9.5362199e-17 1e-20
6997.18 9.0897693e-17 1e-20
6998.65 9.917167e-17 1e-20
7000.12 9.9538422e-17 1e-20
7001.59 1.1036817e-16 1e-20
7003.06 1.0342574e-16 1e-20
7004.53 1.1152948e-16 1e-20
7006.0 7.56905e-17 1e-20
7007.47 7.3944779e-17 1e-20
7008.94 9.9290731e-17 1e-20
7010.41 1.1292566e-16 1e-20
7011.88 1.2130279e-16 1e-20
7013.35 9.9274412e-17 1e-20
7014.82 8.7563321e-17 1e-20
7016.29 6.3743802e-17 1e-20
7017.76 5.2153519e-17 1e-20
7019.23 7.1671958e-17 1e-20
7020.7 9.7668557e-17 1e-20
7022.17 9.4700514e-17 1e-20
7023.64 7.1242399e-17 1e-20
7025.11 8.4533326e-17 1e-20
7026.58 1.0648813e-16 1e-20
7028.05 1.2507098e-16 1e-20
7029.52 1.1482013e-16 1e-20
7030.99 9.6593784e-17 1e-20
7032.46 9.4311732e-17 1e-20
7033.93 1.0894579e-16 1e-20
7035.4 8.352662e-17 1e-20
7036.87 7.9128382e-17 1e-20
7038.34 9.4534264e-17 1e-20
7039.81 1.2520759e-16 1e-20
7041.28 1.0704425e-16 1e-20
7042.75 7.4544332e-17 1e-20
7044.22 7.8521933e-17 1e-20
7045.69 8.6078605e-17 1e-20
7047.16 9.6115853e-17 1e-20
7048.63 1.1194844e-16 1e-20
7050.1 9.9159566e-17 1e-20
7051.57 7.7984497e-17 1e-20
7053.04 8.7926381e-17 1e-20
7054.51 1.0249292e-16 1e-20
7055.98 9.9905392e-17 1e-20
7057.45 1.1484635e-16 1e-20
7058.92 9.094377e-17 1e-20
7060.39 1.0121114e-16 1e-20
7061.86 1.0036545e-16 1e-20
7063.33 8.9250009e-17 1e-20
7064.8 1.1181368e-16 1e-20
7066.27 1.1057174e-16 1e-20
7067.74 1.0866347e-16 1e-20
7069.21 1.0316824e-16 1e-20
7070.68 1.0617824e-16 1e-20
7072.15 9.456559e-17 1e-20
7073.62 7.7928765e-17 1e-20
7075.09 7.9040734e-17 1e-20
7076.56 8.0152703e-17 1e-20
7078.03 8.1264685e-17 1e-20
7079.5 8.2376654e-17 1e-20
7080.97 8.3488623e-17 1e-20
7082.44 8.4600599e-17 1e-20
7083.91 8.5712568e-17 1e-20
7085.38 8.6824537e-17 1e-20
7086.85 8.7936506e-17 1e-20
7088.32 8.9048481e-17 1e-20
7089.79 9.016045e-17 1e-20
7091.26 9.1272419e-17 1e-20
7092.73 9.2384388e-17 1e-20
7094.2 9.349637e-17 1e-20
7095.67 9.4608339e-17 1e-20
7097.14 9.5720308e-17 1e-20
7098.61 9.6832277e-17 1e-20
7100.08 9.7944253e-17 1e-20
7101.55 9.9056222e-17 1e-20
7103.02 9.9056222e-17 1e-20
7104.49 7.3340632e-17 1e-20
7105.96 5.7420132e-17 1e-20
7107.43 6.7493703e-17 1e-20
7108.9 6.7906307e-17 1e-20
7110.37 8.78252e-17 1e-20
7111.84 1.3144043e-16 1e-20
7113.31 1.2537207e-16 1e-20
7114.78 9.7246801e-17 1e-20
7116.25 7.2225156e-17 1e-20
7117.72 8.4803278e-17 1e-20
7119.19 1.0858088e-16 1e-20
7120.66 8.558088e-17 1e-20
7122.13 7.6647932e-17 1e-20
7123.6 8.4539884e-17 1e-20
7125.07 1.1881829e-16 1e-20
7126.54 1.2488921e-16 1e-20
7128.01 8.3178391e-17 1e-20
7129.48 5.3863646e-17 1e-20
7130.95 8.1268775e-17 1e-20
7132.42 1.0041038e-16 1e-20
7133.89 8.4024424e-17 1e-20
7135.36 1.1168139e-16 1e-20
7136.83 1.1106906e-16 1e-20
7138.3 1.0015322e-16 1e-20
7139.77 1.0744854e-16 1e-20
7141.24 6.7510538e-17 1e-20
7142.71 5.5128875e-17 1e-20
7144.18 9.3119666e-17 1e-20
7145.65 1.2902091e-16 1e-20
7147.12 1.3260204e-16 1e-20
7148.59 1.2023249e-16 1e-20
7150.06 8.1972262e-17 1e-20
7151.53 6.8992892e-17 1e-20
7153.0 1.0951005e-16 1e-20
7154.47 1.0800385e-16 1e-20
7155.94 6.7359276e-17 1e-20
7157.41 6.9633222e-17 1e-20
7158.88 1.2279495e-16 1e-20
7160.35 1.2758812e-16 1e-20
7161.82 1.2605135e-16 1e-20
7163.29 1.399516e-16 1e-20
7164.76 1.4776109e-16 1e-20
7166.23 1.2270017e-16 1e-20
7167.7 8.5397802e-17 1e-20
7169.17 9.2015115e-17 1e-20
7170.64 1.1373383e-16 1e-20
7172.11 1.1657058e-16 1e-20
7173.58 1.0610196e-16 1e-20
7175.05 1.0593781e-16 1e-20
7176.52 7.3822958e-17 1e-20
7177.99 6.7144322e-17 1e-20
7179.46 9.4912947e-17 1e-20
7180.93 1.1441014e-16 1e-20
7182.4 1.0719512e-16 1e-20
7183.87 9.0551601e-17 1e-20
7185.34 9.3164955e-17 1e-20
7186.81 1.010732e-16 1e-20
7188.28 1.1356222e-16 1e-20
7189.75 1.0743508e-16 1e-20
7191.22 1.32374e-16 1e-20
7192.69 1.3629692e-16 1e-20
7194.16 1.0183336e-16 1e-20
7195.63 8.8872993e-17 1e-20
7197.1 1.1030598e-16 1e-20
7198.57 1.2231268e-16 1e-20
7200.04 9.5228923e-17 1e-20
7201.51 1.0964738e-16 1e-20
7202.98 1.3137897e-16 1e-20
7204.45 1.0152686e-16 1e-20
7205.92 1.2070438e-16 1e-20
7207.39 1.3064386e-16 1e-20
7208.86 1.0778793e-16 1e-20
7210.33 9.1284291e-17 1e-20
7211.8 9.2997911e-17 1e-20
7213.27 7.547632e-17 1e-20
7214.74 7.76489e-17 1e-20
7216.21 1.0130735e-16 1e-20
7217.68 1.1941838e-16 1e-20
7219.15 1.0932164e-16 1e-20
7220.62 1.0610357e-16 1e-20
7222.09 1.2071135e-16 1e-20
7223.56 1.1603982e-16 1e-20
7225.03 8.6657261e-17 1e-20
7226.5 8.6791568e-17 1e-20
7227.97 1.2269402e-16 1e-20
7229.44 1.1577692e-16 1e-20
7230.91 9.7775177e-17 1e-20
7232.38 1.0910548e-16 1e-20
7233.85 9.0982668e-17 1e-20
7235.32 1.0697864e-16 1e-20
7236.79 1.0530918e-16 1e-20
7238.26 1.1026153e-16 1e-20
7239.73 1.0845559e-16 1e-20
7241.2 8.8605979e-17 1e-20
7242.67 8.1699193e-17 1e-20
7244.14 1.2382605e-16 1e-20
7245.61 1.1768962e-16 1e-20
7247.08 9.6607595e-17 1e-20
7248.55 1.2601333e-16 1e-20
7250.02 1.0224038e-16 1e-20
7251.49 7.5212257e-17 1e-20
7252.96 9.7997636e-17 1e-20
7254.43 1.1293421e-16 1e-20
7255.9 1.2514258e-16 1e-20
7257.37 1.3649497e-16 1e-20
7258.84 1.2770761e-16 1e-20
7260.31 1.2012674e-16 1e-20
7261.78 9.000762e-17 1e-20
7263.25 1.0648667e-16 1e-20
7264.72 1.0502158e-16 1e-20
7266.19 8.7620086e-17 1e-20
7267.66 9.100874e-17 1e-20
7269.13 9.7124556e-17 1e-20
7270.6 1.0108244e-16 1e-20
7272.07 8.7004591e-17 1e-20
7273.54 1.0644602e-16 1e-20
7275.01 1.1254179e-16 1e-20
7276.48 1.2286894e-16 1e-20
7277.95 5.8195921e-17 1e-20
7279.42 9.0285526e-17 1e-20
7280.89 1.1108092e-16 1e-20
7282.36 1.3116559e-16 1e-20
7283.83 1.6471734e-16 1e-20
7285.3 1.4236688e-16 1e-20
7286.77 8.2473328e-17 1e-20
7288.24 8.472273e-17 1e-20
7289.71 9.8366452e-17 1e-20
7291.18 8.4990532e-17 1e-20
7292.65 1.0682238e-16 1e-20
7294.12 1.002588e-16 1e-20
7295.59 9.4691911e-17 1e-20
7297.06 1.1451471e-16 1e-20
7298.53 1.2846761e-16 1e-20
7300.0 1.1444338e-16 1e-20
7301.47 9.8996235e-17 1e-20
7302.94 6.0269624e-17 1e-20
7304.41 9.7297259e-17 1e-20
7305.88 1.3146932e-16 1e-20
7307.35 1.168903e-16 1e-20
7308.82 8.9745755e-17 1e-20
7310.29 8.1074275e-17 1e-20
7311.76 9.9088138e-17 1e-20
7313.23 1.1439009e-16 1e-20
7314.7 9.1431886e-17 1e-20
7316.17 6.615588e-17 1e-20
7317.64 8.2306721e-17 1e-20
7319.11 1.081282e-16 1e-20
7320.58 9.4291827e-17 1e-20
7322.05 6.5410577e-17 1e-20
7323.52 1.2941517e-16 1e-20
7324.99 9.5272737e-17 1e-20
7326.46 1.0923279e-16 1e-20
7327.93 7.6880522e-17 1e-20
7329.4 8.2161891e-17 1e-20
7330.87 9.4420033e-17 1e-20
7332.34 1.0263093e-16 1e-20
7333.81 1.0565514e-16 1e-20
7335.28 1.2997013e-16 1e-20
7336.75 1.079362e-16 1e-20
7338.22 8.6732918e-17 1e-20
7339.69 9.5330038e-17 1e-20
7341.16 8.885815e-17 1e-20
7342.63 7.9883657e-17 1e-20
7344.1 7.7765241e-17 1e-20
7345.57 7.290222e-17 1e-20
7347.04 7.137537e-17 1e-20
7348.51 8.6533965e-17 1e-20
7349.98 8.4739294e-17 1e-20
7351.45 8.4308359e-17 1e-20
7352.92 9.8383704e-17 1e-20
7354.39 5.8270222e-17 1e-20
7355.86 7.2555817e-17 1e-20
7357.33 1.0368768e-16 1e-20
7358.8 1.0093077e-16 1e-20
7360.27 7.0841951e-17 1e-20
7361.74 1.4002666e-16 1e-20
7363.21 1.2204131e-16 1e-20
7364.68 1.0720535e-16 1e-20
7366.15 7.491661e-17 1e-20
7367.62 4.1524242e-17 1e-20
7369.09 9.4160021e-17 1e-20
7370.56 1.0123564e-16 1e-20
7372.03 1.0360263e-16 1e-20
7373.5 6.8536447e-17 1e-20
7374.97 1.1152368e-16 1e-20
7376.44 1.0124598e-16 1e-20
7377.91 1.0583256e-16 1e-20
7379.38 9.4686981e-17 1e-20
7380.85 1.1349637e-16 1e-20
7382.32 1.353297e-16 1e-20
7383.79 8.7155501e-17 1e-20
7385.26 1.0783119e-16 1e-20
7386.73 1.1374829e-16 1e-20
7388.2 9.0304611e-17 1e-20
7389.67 9.2545251e-17 1e-20
7391.14 1.1803085e-16 1e-20
7392.61 8.5583316e-17 1e-20
7394.08 7.2668048e-17 1e-20
7395.55 8.0807261e-17 1e-20
7397.02 1.2345161e-16 1e-20
7398.49 1.3018645e-16 1e-20
7399.96 1.1948877e-16 1e-20
7401.43 6.8866386e-17 1e-20
7402.9 6.9976429e-17 1e-20
7404.37 6.509296e-17 1e-20
7405.84 4.7380982e-17 1e-20
7407.31 7.9415295e-17 1e-20
7408.78 7.0545642e-17 1e-20
7410.25 8.4888795e-17 1e-20
7411.72 7.3160605e-17 1e-20
7413.19 6.3820697e-17 1e-20
7414.66 8.0274034e-17 1e-20
