3767.4518 1.42607e-15 1e-20
3770.4671 1.35514e-15 1e-20
3773.4825 1.41735e-15 1e-20
3776.4978 1.47506e-15 1e-20
3779.5132 1.50647e-15 1e-20
3782.5286 1.50749e-15 1e-20
3785.5439 1.64659e-15 1e-20
3788.5593 1.68774e-15 1e-20
3791.5746 1.74552e-15 1e-20
3794.59 1.76233e-15 1e-20
3797.6054 1.83702e-15 1e-20
3800.6207 1.8932e-15 1e-20
3803.6361 1.85807e-15 1e-20
3806.6514 1.85706e-15 1e-20
3809.6668 1.89527e-15 1e-20
3812.6822 2.0212e-15 1e-20
3815.6975 2.11039e-15 1e-20
3818.7129 2.10566e-15 1e-20
3821.7282 2.07479e-15 1e-20
3824.7436 2.20138e-15 1e-20
3827.759 2.31641e-15 1e-20
3830.7743 2.37964e-15 1e-20
3833.7897 2.4843e-15 1e-20
3836.805 2.52545e-15 1e-20
3839.8204 2.63325e-15 1e-20
3842.8357 2.76487e-15 1e-20
3845.8511 2.74147e-15 1e-20
3848.8665 2.93921e-15 1e-20
3851.8818 3.16773e-15 1e-20
3854.8972 3.1452e-15 1e-20
3857.9126 3.27785e-15 1e-20
3860.9279 3.40038e-15 1e-20
3863.9433 3.46907e-15 1e-20
3866.9586 3.58276e-15 1e-20
3869.974 3.64178e-15 1e-20
3872.9894 3.6369e-15 1e-20
3876.0047 3.80781e-15 1e-20
3879.0201 3.77672e-15 1e-20
3882.0354 3.92399e-15 1e-20
3885.0508 4.03058e-15 1e-20
3888.0661 3.98682e-15 1e-20
3891.0815 3.98617e-15 1e-20
3894.0969 4.20865e-15 1e-20
3897.1122 4.10256e-15 1e-20
3900.1276 3.7251e-15 1e-20
3903.1429 3.95046e-15 1e-20
3906.1583 4.16899e-15 1e-20
3909.1737 4.19177e-15 1e-20
3912.189 4.16658e-15 1e-20
3915.2044 4.24725e-15 1e-20
3918.2197 4.15088e-15 1e-20
3921.2351 4.32258e-15 1e-20
3924.2505 4.30438e-15 1e-20
3927.2658 4.21011e-15 1e-20
3930.2812 4.15067e-15 1e-20
3933.2965 3.96873e-15 1e-20
3936.3119 4.13282e-15 1e-20
3939.3273 4.41327e-15 1e-20
3942.3426 4.38712e-15 1e-20
3945.358 4.44053e-15 1e-20
3948.3733 4.36829e-15 1e-20
3951.3887 4.50017e-15 1e-20
3954.4041 4.62838e-15 1e-20
3957.4194 4.55117e-15 1e-20
3960.4348 4.46093e-15 1e-20
3963.4501 4.35117e-15 1e-20
3966.4655 4.26508e-15 1e-20
3969.4809 4.09855e-15 1e-20
3972.4962 4.0129e-15 1e-20
3975.5116 4.10401e-15 1e-20
3978.5269 4.05314e-15 1e-20
3981.5423 3.87066e-15 1e-20
3984.5576 3.88007e-15 1e-20
3987.573 3.78866e-15 1e-20
3990.5884 3.75286e-15 1e-20
3993.6037 3.69444e-15 1e-20
3996.6191 3.62382e-15 1e-20
3999.6344 3.65023e-15 1e-20
4002.6498 3.49893e-15 1e-20
4005.6652 3.48543e-15 1e-20
4008.6805 3.5359e-15 1e-20
4011.6959 3.53106e-15 1e-20
4014.7113 3.49684e-15 1e-20
4017.7266 3.45432e-15 1e-20
4020.742 3.55349e-15 1e-20
4023.7573 3.59199e-15 1e-20
4026.7727 3.4741e-15 1e-20
4029.788 3.57265e-15 1e-20
4032.8034 3.61225e-15 1e-20
4035.8188 3.70969e-15 1e-20
4038.8341 3.81254e-15 1e-20
4041.8495 3.81504e-15 1e-20
4044.8648 3.8973e-15 1e-20
4047.8802 3.93161e-15 1e-20
4050.8956 4.06559e-15 1e-20
4053.9109 4.07526e-15 1e-20
4056.9263 4.13516e-15 1e-20
4059.9416 4.16305e-15 1e-20
4062.957 4.08205e-15 1e-20
4065.9724 4.11729e-15 1e-20
4068.9877 4.20511e-15 1e-20
4072.0031 4.25503e-15 1e-20
4075.0184 4.2749e-15 1e-20
4078.0338 4.2586e-15 1e-20
4081.0492 4.26716e-15 1e-20
4084.0645 4.43944e-15 1e-20
4087.0799 4.2971e-15 1e-20
4090.0952 4.26558e-15 1e-20
4093.1106 4.34944e-15 1e-20
4096.126 4.36891e-15 1e-20
4099.1413 4.28816e-15 1e-20
4102.1567 4.27273e-15 1e-20
4105.172 4.31168e-15 1e-20
4108.1874 4.30558e-15 1e-20
4111.2028 4.20646e-15 1e-20
4114.2181 4.22796e-15 1e-20
4117.2335 4.23907e-15 1e-20
4120.2488 4.23175e-15 1e-20
4123.2642 4.02864e-15 1e-20
4126.2795 3.95894e-15 1e-20
4129.2949 3.98582e-15 1e-20
4132.3103 3.92844e-15 1e-20
4135.3256 3.7214e-15 1e-20
4138.341 3.78738e-15 1e-20
4141.3563 3.8242e-15 1e-20
4144.3717 3.79261e-15 1e-20
4147.3871 3.84173e-15 1e-20
4150.4024 3.76417e-15 1e-20
4153.4178 3.74518e-15 1e-20
4156.4331 3.72231e-15 1e-20
4159.4485 3.75661e-15 1e-20
4162.4639 3.66852e-15 1e-20
4165.4792 3.57472e-15 1e-20
4168.4946 3.60512e-15 1e-20
4171.5099 3.64857e-15 1e-20
4174.5253 3.60971e-15 1e-20
4177.5407 3.55215e-15 1e-20
4180.556 3.5648e-15 1e-20
4183.5714 3.58208e-15 1e-20
4186.5867 3.57555e-15 1e-20
4189.6021 3.5517e-15 1e-20
4192.6175 3.50216e-15 1e-20
4195.6328 3.44001e-15 1e-20
4198.6482 3.35538e-15 1e-20
4201.6635 3.36466e-15 1e-20
4204.6789 3.2499e-15 1e-20
4207.6943 3.21651e-15 1e-20
4210.7096 3.25586e-15 1e-20
4213.725 3.12796e-15 1e-20
4216.7403 3.11964e-15 1e-20
4219.7557 3.06345e-15 1e-20
4222.7711 3.00106e-15 1e-20
4225.7864 2.96434e-15 1e-20
4228.8018 2.96646e-15 1e-20
4231.8171 2.94721e-15 1e-20
4234.8325 2.89281e-15 1e-20
4237.8479 2.85905e-15 1e-20
4240.8632 2.82052e-15 1e-20
4243.8786 2.78124e-15 1e-20
4246.8939 2.70529e-15 1e-20
4249.9093 2.65089e-15 1e-20
4252.9246 2.65094e-15 1e-20
4255.94 2.63342e-15 1e-20
4258.9554 2.56951e-15 1e-20
4261.9707 2.54229e-15 1e-20
4264.9861 2.53388e-15 1e-20
4268.0014 2.57457e-15 1e-20
4271.0168 2.48199e-15 1e-20
4274.0322 2.40336e-15 1e-20
4277.0475 2.38795e-15 1e-20
4280.0629 2.37778e-15 1e-20
4283.0782 2.32652e-15 1e-20
4286.0936 2.25439e-15 1e-20
4289.109 2.21055e-15 1e-20
4292.1243 2.21895e-15 1e-20
4295.1397 2.18381e-15 1e-20
4298.155 2.13162e-15 1e-20
4301.1704 2.09709e-15 1e-20
4304.1858 2.09959e-15 1e-20
4307.2011 2.07518e-15 1e-20
4310.2165 2.04663e-15 1e-20
4313.2318 2.01157e-15 1e-20
4316.2472 2.06008e-15 1e-20
4319.2626 2.06283e-15 1e-20
4322.2779 2.02034e-15 1e-20
4325.2933 2.04505e-15 1e-20
4328.3086 2.03945e-15 1e-20
4331.324 1.97945e-15 1e-20
4334.3394 2.02663e-15 1e-20
4337.3547 2.06117e-15 1e-20
4340.3701 2.11395e-15 1e-20
4343.3854 2.11826e-15 1e-20
4346.4008 2.13403e-15 1e-20
4349.4162 2.20509e-15 1e-20
4352.4315 2.28936e-15 1e-20
4355.4469 2.27839e-15 1e-20
4358.4622 2.33168e-15 1e-20
4361.4776 2.33543e-15 1e-20
4364.493 2.3649e-15 1e-20
4367.5083 2.39088e-15 1e-20
4370.5237 2.40357e-15 1e-20
4373.539 2.3888e-15 1e-20
4376.5544 2.45137e-15 1e-20
4379.5698 2.44825e-15 1e-20
4382.5851 2.42473e-15 1e-20
4385.6005 2.42344e-15 1e-20
4388.6158 2.44457e-15 1e-20
4391.6312 2.48233e-15 1e-20
4394.6465 2.53534e-15 1e-20
4397.6619 2.45458e-15 1e-20
4400.6773 2.45386e-15 1e-20
4403.6926 2.47689e-15 1e-20
4406.708 2.47092e-15 1e-20
4409.7233 2.46821e-15 1e-20
4412.7387 2.50552e-15 1e-20
4415.7541 2.4947e-15 1e-20
4418.7694 2.46717e-15 1e-20
4421.7848 2.47893e-15 1e-20
4424.8001 2.4643e-15 1e-20
4427.8155 2.49155e-15 1e-20
4430.8309 2.50621e-15 1e-20
4433.8462 2.53544e-15 1e-20
4436.8616 2.55121e-15 1e-20
4439.8769 2.58595e-15 1e-20
4442.8923 2.56073e-15 1e-20
4445.9077 2.6263e-15 1e-20
4448.923 2.66315e-15 1e-20
4451.9384 2.70042e-15 1e-20
4454.9537 2.7859e-15 1e-20
4457.9691 2.86422e-15 1e-20
4460.9845 2.85957e-15 1e-20
4463.9998 2.89512e-15 1e-20
4467.0152 2.95216e-15 1e-20
4470.0305 2.97302e-15 1e-20
4473.0459 3.05833e-15 1e-20
4476.0612 3.16593e-15 1e-20
4479.0766 3.14589e-15 1e-20
4482.092 3.14442e-15 1e-20
4485.1073 3.20003e-15 1e-20
4488.1227 3.24587e-15 1e-20
4491.138 3.23132e-15 1e-20
4494.1534 3.20923e-15 1e-20
4497.1688 3.25017e-15 1e-20
4500.1841 3.29272e-15 1e-20
4503.1995 3.29158e-15 1e-20
4506.2149 3.34126e-15 1e-20
4509.2302 3.38456e-15 1e-20
4512.2456 3.29227e-15 1e-20
4515.2609 3.32162e-15 1e-20
4518.2763 3.42422e-15 1e-20
4521.2916 3.40948e-15 1e-20
4524.307 3.46876e-15 1e-20
4527.3224 3.47521e-15 1e-20
4530.3377 3.47187e-15 1e-20
4533.3531 3.47908e-15 1e-20
4536.3684 3.39403e-15 1e-20
4539.3838 3.40163e-15 1e-20
4542.3992 3.37147e-15 1e-20
4545.4145 3.31309e-15 1e-20
4548.4299 3.26278e-15 1e-20
4551.4452 3.23231e-15 1e-20
4554.4606 3.22011e-15 1e-20
4557.476 3.18517e-15 1e-20
4560.4913 3.19189e-15 1e-20
4563.5067 3.1651e-15 1e-20
4566.522 3.16185e-15 1e-20
4569.5374 3.15448e-15 1e-20
4572.5528 3.14907e-15 1e-20
4575.5681 3.19118e-15 1e-20
4578.5835 3.18521e-15 1e-20
4581.5988 3.13729e-15 1e-20
4584.6142 3.1417e-15 1e-20
4587.6296 3.10883e-15 1e-20
4590.6449 3.11222e-15 1e-20
4593.6603 3.06002e-15 1e-20
4596.6756 3.08819e-15 1e-20
4599.691 3.08457e-15 1e-20
4602.7064 3.07631e-15 1e-20
4605.7217 3.10312e-15 1e-20
4608.7371 3.11577e-15 1e-20
4611.7524 3.11944e-15 1e-20
4614.7678 3.08086e-15 1e-20
4617.7831 3.06753e-15 1e-20
4620.7985 3.07145e-15 1e-20
4623.8139 2.99742e-15 1e-20
4626.8292 2.94768e-15 1e-20
4629.8446 2.93005e-15 1e-20
4632.8599 2.90003e-15 1e-20
4635.8753 2.83714e-15 1e-20
4638.8907 2.76867e-15 1e-20
4641.906 2.71266e-15 1e-20
4644.9214 2.62885e-15 1e-20
4647.9367 2.61297e-15 1e-20
4650.9521 2.57862e-15 1e-20
4653.9675 2.5411e-15 1e-20
4656.9828 2.51238e-15 1e-20
4659.9982 2.48125e-15 1e-20
4663.0135 2.42491e-15 1e-20
4666.0289 2.41376e-15 1e-20
4669.0443 2.37392e-15 1e-20
4672.0596 2.35573e-15 1e-20
4675.075 2.36042e-15 1e-20
4678.0903 2.366e-15 1e-20
4681.1057 2.38155e-15 1e-20
4684.1211 2.36551e-15 1e-20
4687.1364 2.36801e-15 1e-20
4690.1518 2.38297e-15 1e-20
4693.1671 2.38487e-15 1e-20
4696.1825 2.39835e-15 1e-20
4699.1979 2.37552e-15 1e-20
4702.2132 2.40466e-15 1e-20
4705.2286 2.38013e-15 1e-20
4708.2439 2.384e-15 1e-20
4711.2593 2.38271e-15 1e-20
4714.2747 2.37258e-15 1e-20
4717.29 2.32127e-15 1e-20
4720.3054 2.32212e-15 1e-20
4723.3207 2.27113e-15 1e-20
4726.3361 2.25718e-15 1e-20
4729.3515 2.23126e-15 1e-20
4732.3668 2.1707e-15 1e-20
4735.3822 2.12798e-15 1e-20
4738.3975 2.14325e-15 1e-20
4741.4129 2.11024e-15 1e-20
4744.4283 2.07114e-15 1e-20
4747.4436 2.07437e-15 1e-20
4750.459 2.05941e-15 1e-20
4753.4743 2.05061e-15 1e-20
4756.4897 2.072e-15 1e-20
4759.505 2.04538e-15 1e-20
4762.5204 2.01916e-15 1e-20
4765.5358 2.02595e-15 1e-20
4768.5511 2.07974e-15 1e-20
4771.5665 2.10037e-15 1e-20
4774.5818 2.11273e-15 1e-20
4777.5972 2.15946e-15 1e-20
4780.6126 2.20421e-15 1e-20
4783.6279 2.24559e-15 1e-20
4786.6433 2.29497e-15 1e-20
4789.6586 2.27043e-15 1e-20
4792.674 2.31505e-15 1e-20
4795.6894 2.35452e-15 1e-20
4798.7047 2.38877e-15 1e-20
4801.7201 2.40613e-15 1e-20
4804.7354 2.37331e-15 1e-20
4807.7508 2.3486e-15 1e-20
4810.7662 2.36842e-15 1e-20
4813.7815 2.32855e-15 1e-20
4816.7969 2.2539e-15 1e-20
4819.8122 2.24324e-15 1e-20
4822.8276 2.21242e-15 1e-20
4825.843 2.14191e-15 1e-20
4828.8583 2.06314e-15 1e-20
4831.8737 2.03971e-15 1e-20
4834.889 1.95339e-15 1e-20
4837.9044 1.93148e-15 1e-20
4840.9198 1.89242e-15 1e-20
4843.9351 1.8458e-15 1e-20
4846.9505 1.82292e-15 1e-20
4849.9658 1.75695e-15 1e-20
4852.9812 1.72764e-15 1e-20
4855.9966 1.68896e-15 1e-20
4859.0119 1.67157e-15 1e-20
4862.0273 1.65816e-15 1e-20
4865.0426 1.63874e-15 1e-20
4868.058 1.63491e-15 1e-20
4871.0734 1.60223e-15 1e-20
4874.0887 1.61156e-15 1e-20
4877.1041 1.60974e-15 1e-20
4880.1194 1.62948e-15 1e-20
4883.1348 1.65496e-15 1e-20
4886.1501 1.65983e-15 1e-20
4889.1655 1.68176e-15 1e-20
4892.1809 1.68372e-15 1e-20
4895.1962 1.71976e-15 1e-20
4898.2116 1.73476e-15 1e-20
4901.2269 1.73973e-15 1e-20
4904.2423 1.77221e-15 1e-20
4907.2577 1.79892e-15 1e-20
4910.273 1.80027e-15 1e-20
4913.2884 1.84651e-15 1e-20
4916.3037 1.87403e-15 1e-20
4919.3191 1.85956e-15 1e-20
4922.3345 1.86937e-15 1e-20
4925.3498 1.86496e-15 1e-20
4928.3652 1.89371e-15 1e-20
4931.3805 1.94356e-15 1e-20
4934.3959 1.93561e-15 1e-20
4937.4113 1.94794e-15 1e-20
4940.4266 1.9814e-15 1e-20
4943.442 1.96069e-15 1e-20
4946.4573 1.96947e-15 1e-20
4949.4727 1.98202e-15 1e-20
4952.4881 2.01216e-15 1e-20
4955.5034 1.98896e-15 1e-20
4958.5188 1.96751e-15 1e-20
4961.5341 1.97526e-15 1e-20
4964.5495 1.95807e-15 1e-20
4967.5649 1.93298e-15 1e-20
4970.5802 1.93391e-15 1e-20
4973.5956 1.93579e-15 1e-20
4976.6109 1.94366e-15 1e-20
4979.6263 1.957e-15 1e-20
4982.6416 1.9417e-15 1e-20
4985.657 1.92612e-15 1e-20
4988.6724 1.96706e-15 1e-20
4991.6877 1.99384e-15 1e-20
4994.7031 2.00318e-15 1e-20
4997.7185 2.04754e-15 1e-20
5000.7338 2.04792e-15 1e-20
5003.7492 2.04308e-15 1e-20
5006.7645 2.07249e-15 1e-20
5009.7799 2.11352e-15 1e-20
5012.7953 2.11223e-15 1e-20
5015.8106 2.1539e-15 1e-20
5018.826 2.14305e-15 1e-20
5021.8413 2.17634e-15 1e-20
5024.8567 2.18831e-15 1e-20
5027.872 2.20058e-15 1e-20
5030.8874 2.18943e-15 1e-20
5033.9028 2.23405e-15 1e-20
5036.9181 2.25891e-15 1e-20
5039.9335 2.30556e-15 1e-20
5042.9488 2.29648e-15 1e-20
5045.9642 2.27465e-15 1e-20
5048.9796 2.3187e-15 1e-20
5051.9949 2.35654e-15 1e-20
5055.0103 2.38509e-15 1e-20
5058.0256 2.40115e-15 1e-20
5061.041 2.41246e-15 1e-20
5064.0564 2.44158e-15 1e-20
5067.0717 2.43322e-15 1e-20
5070.0871 2.4619e-15 1e-20
5073.1024 2.46409e-15 1e-20
5076.1178 2.49016e-15 1e-20
5079.1332 2.53974e-15 1e-20
5082.1485 2.56269e-15 1e-20
5085.1639 2.61416e-15 1e-20
5088.1792 2.63699e-15 1e-20
5091.1946 2.61887e-15 1e-20
5094.21 2.61649e-15 1e-20
5097.2253 2.68832e-15 1e-20
5100.2407 2.68824e-15 1e-20
5103.256 2.71371e-15 1e-20
5106.2714 2.74444e-15 1e-20
5109.2868 2.75432e-15 1e-20
5112.3021 2.75628e-15 1e-20
5115.3175 2.77635e-15 1e-20
5118.3328 2.79901e-15 1e-20
5121.3482 2.78137e-15 1e-20
5124.3635 2.76337e-15 1e-20
5127.3789 2.78562e-15 1e-20
5130.3943 2.72122e-15 1e-20
5133.4096 2.73815e-15 1e-20
5136.425 2.76382e-15 1e-20
5139.4403 2.68792e-15 1e-20
5142.4557 2.70154e-15 1e-20
5145.4711 2.67921e-15 1e-20
5148.4864 2.67733e-15 1e-20
5151.5018 2.6366e-15 1e-20
5154.5171 2.58372e-15 1e-20
5157.5325 2.56776e-15 1e-20
5160.5479 2.58747e-15 1e-20
5163.5632 2.5823e-15 1e-20
5166.5786 2.57809e-15 1e-20
5169.5939 2.6222e-15 1e-20
5172.6093 2.61228e-15 1e-20
5175.6247 2.65386e-15 1e-20
5178.64 2.66073e-15 1e-20
5181.6554 2.62375e-15 1e-20
5184.6707 2.68644e-15 1e-20
5187.6861 2.69202e-15 1e-20
5190.7015 2.71997e-15 1e-20
5193.7168 2.70817e-15 1e-20
5196.7322 2.70739e-15 1e-20
5199.7475 2.7646e-15 1e-20
5202.7629 2.76213e-15 1e-20
5205.7783 2.78247e-15 1e-20
5208.7936 2.77145e-15 1e-20
5211.809 2.79548e-15 1e-20
5214.8243 2.79409e-15 1e-20
5217.8397 2.73955e-15 1e-20
5220.8551 2.7149e-15 1e-20
5223.8704 2.71059e-15 1e-20
5226.8858 2.6571e-15 1e-20
5229.9011 2.57724e-15 1e-20
5232.9165 2.55897e-15 1e-20
5235.9319 2.51947e-15 1e-20
5238.9472 2.45129e-15 1e-20
5241.9626 2.41127e-15 1e-20
5244.9779 2.35215e-15 1e-20
5247.9933 2.28952e-15 1e-20
5251.0086 2.21057e-15 1e-20
5254.024 2.19665e-15 1e-20
5257.0394 2.1714e-15 1e-20
5260.0547 2.10515e-15 1e-20
5263.0701 2.05146e-15 1e-20
5266.0854 2.04231e-15 1e-20
5269.1008 2.027e-15 1e-20
5272.1162 2.00252e-15 1e-20
5275.1315 1.97316e-15 1e-20
5278.1469 1.96093e-15 1e-20
5281.1622 1.92454e-15 1e-20
5284.1776 1.97409e-15 1e-20
5287.193 1.91265e-15 1e-20
5290.2083 1.95278e-15 1e-20
5293.2237 1.96381e-15 1e-20
5296.239 1.94139e-15 1e-20
5299.2544 1.93528e-15 1e-20
5302.2698 1.94052e-15 1e-20
5305.2851 1.92205e-15 1e-20
5308.3005 1.92329e-15 1e-20
5311.3158 1.94559e-15 1e-20
5314.3312 1.96904e-15 1e-20
5317.3466 1.92045e-15 1e-20
5320.3619 1.92448e-15 1e-20
5323.3773 1.95065e-15 1e-20
5326.3926 1.98776e-15 1e-20
5329.408 1.96458e-15 1e-20
5332.4234 1.97479e-15 1e-20
5335.4387 2.00893e-15 1e-20
5338.4541 1.99411e-15 1e-20
5341.4694 2.02497e-15 1e-20
5344.4848 2.03929e-15 1e-20
5347.5002 2.082e-15 1e-20
5350.5155 2.10019e-15 1e-20
5353.5309 2.09487e-15 1e-20
5356.5462 2.07646e-15 1e-20
5359.5616 2.07083e-15 1e-20
5362.577 2.07422e-15 1e-20
5365.5923 2.06638e-15 1e-20
5368.6077 2.06482e-15 1e-20
5371.623 2.07393e-15 1e-20
5374.6384 2.10501e-15 1e-20
5377.6538 2.07055e-15 1e-20
5380.6691 2.0829e-15 1e-20
5383.6845 2.09551e-15 1e-20
5386.6998 2.05693e-15 1e-20
5389.7152 2.01554e-15 1e-20
5392.7305 2.01913e-15 1e-20
5395.7459 2.04577e-15 1e-20
5398.7613 2.01956e-15 1e-20
5401.7766 2.0146e-15 1e-20
5404.792 1.95737e-15 1e-20
5407.8073 1.9389e-15 1e-20
5410.8227 1.91995e-15 1e-20
5413.8381 1.9231e-15 1e-20
5416.8534 1.91418e-15 1e-20
5419.8688 1.90947e-15 1e-20
5422.8841 1.87969e-15 1e-20
5425.8995 1.84499e-15 1e-20
5428.9149 1.79967e-15 1e-20
5431.9302 1.7505e-15 1e-20
5434.9456 1.73424e-15 1e-20
5437.9609 1.70574e-15 1e-20
5440.9763 1.66179e-15 1e-20
5443.9917 1.66396e-15 1e-20
5447.007 1.66359e-15 1e-20
5450.0224 1.61504e-15 1e-20
5453.0377 1.59084e-15 1e-20
5456.0531 1.59022e-15 1e-20
5459.0685 1.58913e-15 1e-20
5462.0838 1.5607e-15 1e-20
5465.0992 1.56357e-15 1e-20
5468.1145 1.56201e-15 1e-20
5471.1299 1.55387e-15 1e-20
5474.1452 1.57958e-15 1e-20
5477.1606 1.59256e-15 1e-20
5480.176 1.62322e-15 1e-20
5483.1913 1.65577e-15 1e-20
5486.2067 1.69962e-15 1e-20
5489.2221 1.71685e-15 1e-20
5492.2374 1.76138e-15 1e-20
5495.2528 1.75132e-15 1e-20
5498.2681 1.80725e-15 1e-20
5501.2835 1.86264e-15 1e-20
5504.2989 1.88627e-15 1e-20
5507.3142 1.9133e-15 1e-20
5510.3296 1.97036e-15 1e-20
5513.3449 2.02664e-15 1e-20
5516.3603 2.02714e-15 1e-20
5519.3756 2.07502e-15 1e-20
5522.391 2.13115e-15 1e-20
5525.4064 2.16314e-15 1e-20
5528.4217 2.14406e-15 1e-20
5531.4371 2.15806e-15 1e-20
5534.4524 2.1835e-15 1e-20
5537.4678 2.22071e-15 1e-20
5540.4832 2.24992e-15 1e-20
5543.4985 2.24595e-15 1e-20
5546.5139 2.26284e-15 1e-20
5549.5292 2.29503e-15 1e-20
5552.5446 2.26119e-15 1e-20
5555.56 2.25134e-15 1e-20
5558.5753 2.25911e-15 1e-20
5561.5907 2.23204e-15 1e-20
5564.606 2.19455e-15 1e-20
5567.6214 2.21089e-15 1e-20
5570.6368 2.21986e-15 1e-20
5573.6521 2.21661e-15 1e-20
5576.6675 2.20963e-15 1e-20
5579.6828 2.17494e-15 1e-20
5582.6982 2.1939e-15 1e-20
5585.7136 2.22037e-15 1e-20
5588.7289 2.24935e-15 1e-20
5591.7443 2.23512e-15 1e-20
5594.7596 2.24146e-15 1e-20
5597.775 2.23192e-15 1e-20
5600.7904 2.23507e-15 1e-20
5603.8057 2.25947e-15 1e-20
5606.8211 2.24887e-15 1e-20
5609.8364 2.22948e-15 1e-20
5612.8518 2.26418e-15 1e-20
5615.8671 2.26538e-15 1e-20
5618.8825 2.25625e-15 1e-20
5621.8979 2.20176e-15 1e-20
5624.9132 2.21717e-15 1e-20
5627.9286 2.2558e-15 1e-20
5630.9439 2.23544e-15 1e-20
5633.9593 2.22853e-15 1e-20
5636.9747 2.25685e-15 1e-20
5639.99 2.25556e-15 1e-20
5643.0054 2.25942e-15 1e-20
5646.0208 2.25781e-15 1e-20
5649.0361 2.2573e-15 1e-20
5652.0515 2.2597e-15 1e-20
5655.0668 2.21732e-15 1e-20
5658.0822 2.19599e-15 1e-20
5661.0975 2.26675e-15 1e-20
5664.1129 2.29301e-15 1e-20
5667.1283 2.21677e-15 1e-20
5670.1436 2.22534e-15 1e-20
5673.159 2.2008e-15 1e-20
5676.1743 2.25172e-15 1e-20
5679.1897 2.24814e-15 1e-20
5682.2051 2.224e-15 1e-20
5685.2204 2.24755e-15 1e-20
5688.2358 2.23036e-15 1e-20
5691.2511 2.22042e-15 1e-20
5694.2665 2.23942e-15 1e-20
5697.2819 2.24613e-15 1e-20
5700.2972 2.22849e-15 1e-20
5703.3126 2.21893e-15 1e-20
5706.3279 2.20721e-15 1e-20
5709.3433 2.18377e-15 1e-20
5712.3587 2.15205e-15 1e-20
5715.374 2.13496e-15 1e-20
5718.3894 2.14112e-15 1e-20
5721.4047 2.11429e-15 1e-20
5724.4201 2.08297e-15 1e-20
5727.4355 2.05426e-15 1e-20
5730.4508 1.9934e-15 1e-20
5733.4662 1.96926e-15 1e-20
5736.4815 1.9996e-15 1e-20
5739.4969 2.00684e-15 1e-20
5742.5123 2.01396e-15 1e-20
5745.5276 1.93587e-15 1e-20
5748.543 1.91372e-15 1e-20
5751.5583 1.90686e-15 1e-20
5754.5737 1.92186e-15 1e-20
5757.589 1.87415e-15 1e-20
5760.6044 1.85632e-15 1e-20
5763.6198 1.84315e-15 1e-20
5766.6351 1.86448e-15 1e-20
5769.6505 1.84449e-15 1e-20
5772.6658 1.82847e-15 1e-20
5775.6812 1.79817e-15 1e-20
5778.6966 1.81451e-15 1e-20
5781.7119 1.80396e-15 1e-20
5784.7273 1.83324e-15 1e-20
5787.7426 1.80155e-15 1e-20
5790.758 1.83866e-15 1e-20
5793.7734 1.85436e-15 1e-20
5796.7887 1.83634e-15 1e-20
5799.8041 1.8733e-15 1e-20
5802.8194 1.88427e-15 1e-20
5805.8348 1.86796e-15 1e-20
5808.8502 1.91248e-15 1e-20
5811.8655 1.93075e-15 1e-20
5814.8809 1.92497e-15 1e-20
5817.8962 1.9266e-15 1e-20
5820.9116 1.94733e-15 1e-20
5823.927 1.95078e-15 1e-20
5826.9423 1.99587e-15 1e-20
5829.9577 2.02041e-15 1e-20
5832.973 2.01473e-15 1e-20
5835.9884 1.92348e-15 1e-20
5839.0038 1.73442e-15 1e-20
5842.0191 1.72565e-15 1e-20
5845.0345 1.77531e-15 1e-20
5848.0498 1.84657e-15 1e-20
5851.0652 2.00365e-15 1e-20
5854.0806 2.05065e-15 1e-20
5857.0959 2.04503e-15 1e-20
5860.1113 2.04136e-15 1e-20
5863.1266 2.06991e-15 1e-20
5866.142 2.07346e-15 1e-20
5869.1574 2.0573e-15 1e-20
5872.1727 2.0855e-15 1e-20
5875.1881 2.07792e-15 1e-20
5878.2034 2.07972e-15 1e-20
5881.2188 2.11111e-15 1e-20
5884.2341 2.10053e-15 1e-20
5887.2495 2.09682e-15 1e-20
5890.2649 2.04093e-15 1e-20
5893.2802 2.06174e-15 1e-20
5896.2956 2.13418e-15 1e-20
5899.3109 2.10009e-15 1e-20
5902.3263 2.11221e-15 1e-20
5905.3417 2.12329e-15 1e-20
5908.357 2.10133e-15 1e-20
5911.3724 2.08622e-15 1e-20
5914.3877 2.10329e-15 1e-20
5917.4031 2.13748e-15 1e-20
5920.4185 2.11789e-15 1e-20
5923.4338 2.08742e-15 1e-20
5926.4492 2.08835e-15 1e-20
5929.4645 2.11913e-15 1e-20
5932.4799 2.09899e-15 1e-20
5935.4953 2.1199e-15 1e-20
5938.5106 2.10711e-15 1e-20
5941.526 2.08512e-15 1e-20
5944.5413 2.06955e-15 1e-20
5947.5567 2.10449e-15 1e-20
5950.5721 2.09014e-15 1e-20
5953.5874 2.11189e-15 1e-20
5956.6028 2.10584e-15 1e-20
5959.6181 2.06215e-15 1e-20
5962.6335 2.08526e-15 1e-20
5965.6489 2.06728e-15 1e-20
5968.6642 2.04777e-15 1e-20
5971.6796 2.03371e-15 1e-20
5974.6949 2.01963e-15 1e-20
5977.7103 2.00009e-15 1e-20
5980.7257 1.98901e-15 1e-20
5983.741 1.98162e-15 1e-20
5986.7564 1.96259e-15 1e-20
5989.7717 1.92324e-15 1e-20
5992.7871 1.91928e-15 1e-20
5995.8025 1.91885e-15 1e-20
5998.8178 1.89824e-15 1e-20
6001.8332 1.86982e-15 1e-20
6004.8485 1.85034e-15 1e-20
6007.8639 1.81785e-15 1e-20
6010.8793 1.80878e-15 1e-20
6013.8946 1.78704e-15 1e-20
6016.91 1.76921e-15 1e-20
6019.9253 1.74385e-15 1e-20
6022.9407 1.73744e-15 1e-20
6025.956 1.74222e-15 1e-20
6028.9714 1.70544e-15 1e-20
6031.9868 1.68431e-15 1e-20
6035.0021 1.6552e-15 1e-20
6038.0175 1.63736e-15 1e-20
6041.0328 1.62244e-15 1e-20
6044.0482 1.58056e-15 1e-20
6047.0636 1.55947e-15 1e-20
6050.0789 1.54932e-15 1e-20
6053.0943 1.51797e-15 1e-20
6056.1096 1.48624e-15 1e-20
6059.125 1.44976e-15 1e-20
6062.1404 1.43326e-15 1e-20
6065.1557 1.40997e-15 1e-20
6068.1711 1.37892e-15 1e-20
6071.1864 1.34757e-15 1e-20
6074.2018 1.30217e-15 1e-20
6077.2172 1.24793e-15 1e-20
6080.2325 1.21497e-15 1e-20
6083.2479 1.20083e-15 1e-20
6086.2632 1.16025e-15 1e-20
6089.2786 1.14575e-15 1e-20
6092.294 1.07618e-15 1e-20
6095.3093 1.03753e-15 1e-20
6098.3247 1.03861e-15 1e-20
6101.34 9.7623e-16 1e-20
6104.3554 9.58192e-16 1e-20
6107.3707 9.32324e-16 1e-20
6110.3861 9.19433e-16 1e-20
6113.4015 8.89873e-16 1e-20
6116.4168 8.71318e-16 1e-20
6119.4322 8.49297e-16 1e-20
6122.4475 8.52007e-16 1e-20
6125.4629 8.56714e-16 1e-20
6128.4783 8.53478e-16 1e-20
6131.4936 8.54865e-16 1e-20
6134.509 8.58878e-16 1e-20
6137.5244 8.48266e-16 1e-20
6140.5397 8.42476e-16 1e-20
6143.5551 8.57567e-16 1e-20
6146.5704 8.62603e-16 1e-20
6149.5858 8.71458e-16 1e-20
6152.6011 8.94967e-16 1e-20
6155.6165 9.06981e-16 1e-20
6158.6319 9.35043e-16 1e-20
6161.6472 9.55403e-16 1e-20
6164.6626 9.70882e-16 1e-20
6167.6779 9.85035e-16 1e-20
6170.6933 1.01272e-15 1e-20
6173.7087 1.04279e-15 1e-20
6176.724 1.07862e-15 1e-20
6179.7394 1.09955e-15 1e-20
6182.7547 1.13478e-15 1e-20
6185.7701 1.16567e-15 1e-20
6188.7855 1.21395e-15 1e-20
6191.8008 1.22708e-15 1e-20
6194.8162 1.28436e-15 1e-20
6197.8315 1.3274e-15 1e-20
6200.8469 1.3217e-15 1e-20
6203.8623 1.3795e-15 1e-20
6206.8776 1.4369e-15 1e-20
6209.893 1.50886e-15 1e-20
6212.9083 1.50171e-15 1e-20
6215.9237 1.53596e-15 1e-20
6218.9391 1.57311e-15 1e-20
6221.9544 1.54604e-15 1e-20
6224.9698 1.56348e-15 1e-20
6227.9851 1.57979e-15 1e-20
6231.0005 1.62746e-15 1e-20
6234.0159 1.66751e-15 1e-20
6237.0312 1.72122e-15 1e-20
6240.0466 1.73501e-15 1e-20
6243.0619 1.78168e-15 1e-20
6246.0773 1.81838e-15 1e-20
6249.0926 1.82876e-15 1e-20
6252.108 1.86018e-15 1e-20
6255.1234 1.84722e-15 1e-20
6258.1387 1.90596e-15 1e-20
6261.1541 1.91361e-15 1e-20
6264.1694 1.93918e-15 1e-20
6267.1848 1.98261e-15 1e-20
6270.2002 2.00955e-15 1e-20
6273.2155 1.98623e-15 1e-20
6276.2309 2.01413e-15 1e-20
6279.2462 2.05478e-15 1e-20
6282.2616 2.08411e-15 1e-20
6285.277 2.09637e-15 1e-20
6288.2923 2.10352e-15 1e-20
6291.3077 2.09689e-15 1e-20
6294.323 2.09113e-15 1e-20
6297.3384 2.13007e-15 1e-20
6300.3538 2.17062e-15 1e-20
6303.3691 2.16377e-15 1e-20
6306.3845 2.16589e-15 1e-20
6309.3998 2.19393e-15 1e-20
6312.4152 2.22744e-15 1e-20
6315.4306 2.20276e-15 1e-20
6318.4459 2.20248e-15 1e-20
6321.4613 2.19139e-15 1e-20
6324.4766 2.1899e-15 1e-20
6327.492 2.19765e-15 1e-20
6330.5074 2.19962e-15 1e-20
6333.5227 2.22271e-15 1e-20
6336.5381 2.22604e-15 1e-20
6339.5534 2.23166e-15 1e-20
6342.5688 2.21267e-15 1e-20
6345.5842 2.18503e-15 1e-20
6348.5995 2.15798e-15 1e-20
6351.6149 2.19034e-15 1e-20
6354.6302 2.142e-15 1e-20
6357.6456 2.14654e-15 1e-20
6360.661 2.14124e-15 1e-20
6363.6763 2.15548e-15 1e-20
6366.6917 2.11933e-15 1e-20
6369.707 2.10084e-15 1e-20
6372.7224 2.10847e-15 1e-20
6375.7378 2.10509e-15 1e-20
6378.7531 2.11866e-15 1e-20
6381.7685 2.14299e-15 1e-20
6384.7838 2.10417e-15 1e-20
6387.7992 2.11812e-15 1e-20
6390.8145 2.11882e-15 1e-20
6393.8299 2.11312e-15 1e-20
6396.8453 2.11176e-15 1e-20
6399.8606 2.11798e-15 1e-20
6402.876 2.08279e-15 1e-20
6405.8913 2.09074e-15 1e-20
6408.9067 2.11262e-15 1e-20
6411.9221 2.08083e-15 1e-20
6414.9374 2.11005e-15 1e-20
6417.9528 2.07275e-15 1e-20
6420.9681 2.06492e-15 1e-20
6423.9835 2.04536e-15 1e-20
6426.9989 2.04109e-15 1e-20
6430.0142 2.01775e-15 1e-20
6433.0296 2.00159e-15 1e-20
6436.0449 2.01371e-15 1e-20
6439.0603 2.01739e-15 1e-20
6442.0757 1.99139e-15 1e-20
6445.091 2.00385e-15 1e-20
6448.1064 1.97127e-15 1e-20
6451.1217 1.95034e-15 1e-20
6454.1371 1.94401e-15 1e-20
6457.1525 1.95137e-15 1e-20
6460.1678 1.92758e-15 1e-20
6463.1832 1.93256e-15 1e-20
6466.1985 1.91295e-15 1e-20
6469.2139 1.91057e-15 1e-20
6472.2293 1.91922e-15 1e-20
6475.2446 1.90235e-15 1e-20
6478.26 1.89352e-15 1e-20
6481.2753 1.87827e-15 1e-20
6484.2907 1.88609e-15 1e-20
6487.3061 1.9044e-15 1e-20
6490.3214 1.89155e-15 1e-20
6493.3368 1.89159e-15 1e-20
6496.3521 1.89846e-15 1e-20
6499.3675 1.85222e-15 1e-20
6502.3829 1.87638e-15 1e-20
6505.3982 1.86726e-15 1e-20
6508.4136 1.86991e-15 1e-20
6511.4289 1.86974e-15 1e-20
6514.4443 1.86438e-15 1e-20
6517.4596 1.87769e-15 1e-20
6520.475 1.86274e-15 1e-20
6523.4904 1.85973e-15 1e-20
6526.5057 1.83105e-15 1e-20
6529.5211 1.83283e-15 1e-20
6532.5364 1.84373e-15 1e-20
6535.5518 1.81504e-15 1e-20
6538.5672 1.81114e-15 1e-20
6541.5825 1.81853e-15 1e-20
6544.5979 1.80886e-15 1e-20
6547.6132 1.80701e-15 1e-20
6550.6286 1.80372e-15 1e-20
6553.644 1.79996e-15 1e-20
6556.6593 1.7972e-15 1e-20
6559.6747 1.79569e-15 1e-20
6562.69 1.79671e-15 1e-20
6565.7054 1.80688e-15 1e-20
6568.7208 1.76983e-15 1e-20
6571.7361 1.80753e-15 1e-20
6574.7515 1.80542e-15 1e-20
6577.7668 1.81324e-15 1e-20
6580.7822 1.77906e-15 1e-20
6583.7976 1.75554e-15 1e-20
6586.8129 1.75294e-15 1e-20
6589.8283 1.77384e-15 1e-20
6592.8436 1.76558e-15 1e-20
6595.859 1.7589e-15 1e-20
6598.8744 1.74611e-15 1e-20
6601.8897 1.73634e-15 1e-20
6604.9051 1.76554e-15 1e-20
6607.9204 1.74567e-15 1e-20
6610.9358 1.7238e-15 1e-20
6613.9511 1.71502e-15 1e-20
6616.9665 1.71863e-15 1e-20
6619.9819 1.74234e-15 1e-20
6622.9972 1.70258e-15 1e-20
6626.0126 1.704e-15 1e-20
6629.028 1.68013e-15 1e-20
6632.0433 1.64996e-15 1e-20
6635.0587 1.65687e-15 1e-20
6638.074 1.67999e-15 1e-20
6641.0894 1.64794e-15 1e-20
6644.1048 1.64078e-15 1e-20
6647.1201 1.66009e-15 1e-20
6650.1355 1.65801e-15 1e-20
6653.1508 1.65323e-15 1e-20
6656.1662 1.64402e-15 1e-20
6659.1815 1.61588e-15 1e-20
6662.1969 1.6024e-15 1e-20
6665.2123 1.62325e-15 1e-20
6668.2276 1.62517e-15 1e-20
6671.243 1.59833e-15 1e-20
6674.2583 1.59526e-15 1e-20
6677.2737 1.60292e-15 1e-20
6680.2891 1.60211e-15 1e-20
6683.3044 1.584e-15 1e-20
6686.3198 1.59389e-15 1e-20
6689.3351 1.59881e-15 1e-20
6692.3505 1.61151e-15 1e-20
6695.3659 1.62108e-15 1e-20
6698.3812 1.59256e-15 1e-20
6701.3966 1.5739e-15 1e-20
6704.4119 1.58413e-15 1e-20
6707.4273 1.56533e-15 1e-20
6710.4427 1.55888e-15 1e-20
6713.458 1.57501e-15 1e-20
6716.4734 1.56016e-15 1e-20
6719.4887 1.56954e-15 1e-20
6722.5041 1.52697e-15 1e-20
6725.5195 1.50455e-15 1e-20
6728.5348 1.54157e-15 1e-20
6731.5502 1.52182e-15 1e-20
6734.5655 1.5284e-15 1e-20
6737.5809 1.53799e-15 1e-20
6740.5963 1.54145e-15 1e-20
6743.6116 1.51288e-15 1e-20
6746.627 1.49507e-15 1e-20
6749.6423 1.4657e-15 1e-20
6752.6577 1.46042e-15 1e-20
6755.673 1.46238e-15 1e-20
6758.6884 1.45483e-15 1e-20
6761.7038 1.46774e-15 1e-20
6764.7191 1.44644e-15 1e-20
6767.7345 1.42861e-15 1e-20
6770.7498 1.42917e-15 1e-20
6773.7652 1.41115e-15 1e-20
6776.7806 1.40018e-15 1e-20
6779.7959 1.41072e-15 1e-20
6782.8113 1.39387e-15 1e-20
6785.8266 1.41261e-15 1e-20
6788.842 1.42132e-15 1e-20
6791.8574 1.40993e-15 1e-20
6794.8727 1.41901e-15 1e-20
6797.8881 1.42275e-15 1e-20
6800.9034 1.39868e-15 1e-20
6803.9188 1.39453e-15 1e-20
6806.9342 1.39038e-15 1e-20
6809.9495 1.38623e-15 1e-20
6812.9649 1.38208e-15 1e-20
6815.9802 1.38181e-15 1e-20
6818.9956 1.38219e-15 1e-20
6822.011 1.38258e-15 1e-20
6825.0263 1.38296e-15 1e-20
6828.0417 1.3725e-15 1e-20
6831.057 1.40854e-15 1e-20
6834.0724 1.4267e-15 1e-20
6837.0878 1.41933e-15 1e-20
6840.1031 1.41696e-15 1e-20
6843.1185 1.41611e-15 1e-20
6846.1338 1.4598e-15 1e-20
6849.1492 1.45585e-15 1e-20
6852.1646 1.43223e-15 1e-20
6855.1799 1.4215e-15 1e-20
6858.1953 1.4191e-15 1e-20
6861.2106 1.42655e-15 1e-20
6864.226 1.43232e-15 1e-20
6867.2414 1.4083e-15 1e-20
6870.2567 1.39838e-15 1e-20
6873.2721 1.40476e-15 1e-20
6876.2874 1.39091e-15 1e-20
6879.3028 1.37803e-15 1e-20
6882.3181 1.4159e-15 1e-20
6885.3335 1.40536e-15 1e-20
6888.3489 1.37359e-15 1e-20
6891.3642 1.36814e-15 1e-20
6894.3796 1.35261e-15 1e-20
6897.3949 1.37796e-15 1e-20
6900.4103 1.37731e-15 1e-20
6903.4257 1.39215e-15 1e-20
6906.441 1.36805e-15 1e-20
6909.4564 1.34383e-15 1e-20
6912.4717 1.3541e-15 1e-20
6915.4871 1.34356e-15 1e-20
6918.5025 1.35763e-15 1e-20
6921.5178 1.34482e-15 1e-20
6924.5332 1.31351e-15 1e-20
6927.5485 1.33191e-15 1e-20
6930.5639 1.34946e-15 1e-20
6933.5793 1.34095e-15 1e-20
6936.5946 1.34466e-15 1e-20
6939.61 1.34492e-15 1e-20
6942.6253 1.34093e-15 1e-20
6945.6407 1.35118e-15 1e-20
6948.6561 1.34e-15 1e-20
6951.6714 1.33951e-15 1e-20
6954.6868 1.34311e-15 1e-20
6957.7021 1.35857e-15 1e-20
6960.7175 1.35951e-15 1e-20
6963.7329 1.349e-15 1e-20
6966.7482 1.34968e-15 1e-20
6969.7636 1.36339e-15 1e-20
6972.7789 1.37206e-15 1e-20
6975.7943 1.35719e-15 1e-20
6978.8097 1.32778e-15 1e-20
6981.825 1.32637e-15 1e-20
6984.8404 1.35875e-15 1e-20
6987.8557 1.34904e-15 1e-20
6990.8711 1.32616e-15 1e-20
6993.8865 1.35233e-15 1e-20
6996.9018 1.33586e-15 1e-20
6999.9172 1.31022e-15 1e-20
7002.9325 1.29463e-15 1e-20
7005.9479 1.28601e-15 1e-20
7008.9633 1.30152e-15 1e-20
7011.9786 1.31438e-15 1e-20
7014.994 1.32874e-15 1e-20
7018.0093 1.32528e-15 1e-20
7021.0247 1.29061e-15 1e-20
7024.04 1.30293e-15 1e-20
7027.0554 1.30705e-15 1e-20
7030.0708 1.31363e-15 1e-20
7033.0861 1.30062e-15 1e-20
7036.1015 1.28487e-15 1e-20
7039.1168 1.30786e-15 1e-20
7042.1322 1.33777e-15 1e-20
7045.1476 1.31649e-15 1e-20
7048.1629 1.28857e-15 1e-20
7051.1783 1.28777e-15 1e-20
7054.1936 1.3045e-15 1e-20
7057.209 1.2918e-15 1e-20
7060.2244 1.29013e-15 1e-20
7063.2397 1.2892e-15 1e-20
7066.2551 1.28575e-15 1e-20
7069.2704 1.29219e-15 1e-20
7072.2858 1.29491e-15 1e-20
7075.3012 1.29001e-15 1e-20
7078.3165 1.28652e-15 1e-20
7081.3319 1.27004e-15 1e-20
7084.3472 1.27869e-15 1e-20
7087.3626 1.29761e-15 1e-20
7090.378 1.31028e-15 1e-20
7093.3933 1.267e-15 1e-20
7096.4087 1.27396e-15 1e-20
7099.424 1.28967e-15 1e-20
7102.4394 1.29036e-15 1e-20
7105.4547 1.25941e-15 1e-20
7108.4701 1.25874e-15 1e-20
7111.4855 1.26324e-15 1e-20
7114.5008 1.28314e-15 1e-20
7117.5162 1.27595e-15 1e-20
7120.5316 1.24364e-15 1e-20
7123.5469 1.25389e-15 1e-20
7126.5623 1.28157e-15 1e-20
7129.5776 1.28334e-15 1e-20
7132.593 1.29477e-15 1e-20
7135.6084 1.27781e-15 1e-20
7138.6237 1.2598e-15 1e-20
7141.6391 1.26761e-15 1e-20
7144.6544 1.30123e-15 1e-20
7147.6698 1.30172e-15 1e-20
7150.6851 1.30091e-15 1e-20
7153.7005 1.27567e-15 1e-20
7156.7159 1.26943e-15 1e-20
7159.7312 1.26982e-15 1e-20
7162.7466 1.25308e-15 1e-20
7165.7619 1.26702e-15 1e-20
7168.7773 1.23246e-15 1e-20
7171.7927 1.24003e-15 1e-20
7174.808 1.27183e-15 1e-20
7177.8234 1.28926e-15 1e-20
7180.8387 1.29455e-15 1e-20
7183.8541 1.27515e-15 1e-20
7186.8695 1.22918e-15 1e-20
7189.8848 1.25419e-15 1e-20
7192.9002 1.26255e-15 1e-20
7195.9155 1.21553e-15 1e-20
7198.9309 1.22316e-15 1e-20
7201.9463 1.21759e-15 1e-20
7204.9616 1.23879e-15 1e-20
7207.977 1.23185e-15 1e-20
7210.9923 1.20955e-15 1e-20
7214.0077 1.23726e-15 1e-20
7217.0231 1.27065e-15 1e-20
7220.0384 1.26216e-15 1e-20
7223.0538 1.23095e-15 1e-20
7226.0691 1.23387e-15 1e-20
7229.0845 1.21706e-15 1e-20
7232.0999 1.24791e-15 1e-20
7235.1152 1.2184e-15 1e-20
7238.1306 1.19143e-15 1e-20
7241.1459 1.1816e-15 1e-20
7244.1613 1.19875e-15 1e-20
7247.1766 1.19947e-15 1e-20
7250.192 1.19393e-15 1e-20
7253.2074 1.17014e-15 1e-20
7256.2227 1.19307e-15 1e-20
7259.2381 1.16041e-15 1e-20
7262.2534 1.1626e-15 1e-20
7265.2688 1.16026e-15 1e-20
7268.2842 1.11655e-15 1e-20
7271.2995 1.12125e-15 1e-20
7274.3149 1.16391e-15 1e-20
7277.3302 1.1421e-15 1e-20
7280.3456 1.13826e-15 1e-20
7283.361 1.1474e-15 1e-20
7286.3763 1.15536e-15 1e-20
7289.3917 1.17003e-15 1e-20
7292.407 1.15215e-15 1e-20
7295.4224 1.15215e-15 1e-20
7298.4378 1.15892e-15 1e-20
7301.4531 1.14514e-15 1e-20
7304.4685 1.1476e-15 1e-20
7307.4838 1.1381e-15 1e-20
7310.4992 1.14002e-15 1e-20
7313.5146 1.12404e-15 1e-20
7316.5299 1.12386e-15 1e-20
7319.5453 1.12711e-15 1e-20
7322.5606 1.13093e-15 1e-20
7325.576 1.1087e-15 1e-20
7328.5914 1.12248e-15 1e-20
7331.6067 1.10785e-15 1e-20
7334.6221 1.09789e-15 1e-20
7337.6374 1.0888e-15 1e-20
7340.6528 1.10207e-15 1e-20
7343.6682 1.09314e-15 1e-20
7346.6835 1.09903e-15 1e-20
7349.6989 1.09833e-15 1e-20
7352.7142 1.09278e-15 1e-20
7355.7296 1.08618e-15 1e-20
7358.745 1.10114e-15 1e-20
7361.7603 1.09628e-15 1e-20
7364.7757 1.0805e-15 1e-20
7367.791 1.10614e-15 1e-20
7370.8064 1.07273e-15 1e-20
7373.8218 1.07387e-15 1e-20
7376.8371 1.05691e-15 1e-20
7379.8525 1.06952e-15 1e-20
7382.8678 1.09116e-15 1e-20
7385.8832 1.0977e-15 1e-20
7388.8985 1.07218e-15 1e-20
7391.9139 1.05887e-15 1e-20
7394.9293 1.07572e-15 1e-20
7397.9446 1.06382e-15 1e-20
7400.96 1.0372e-15 1e-20
7403.9753 1.05549e-15 1e-20
7406.9907 1.07125e-15 1e-20
7410.0061 1.05651e-15 1e-20
7413.0214 1.05878e-15 1e-20
7416.0368 1.09486e-15 1e-20
7419.0521 1.08149e-15 1e-20
7422.0675 1.08925e-15 1e-20
7425.0829 1.09712e-15 1e-20
7428.0982 1.06909e-15 1e-20
7431.1136 1.07509e-15 1e-20
7434.1289 1.09579e-15 1e-20
7437.1443 1.06567e-15 1e-20
7440.1597 1.06576e-15 1e-20
7443.175 1.0545e-15 1e-20
7446.1904 1.04096e-15 1e-20
7449.2057 1.06646e-15 1e-20
7452.2211 1.0592e-15 1e-20
7455.2365 1.04132e-15 1e-20
7458.2518 1.01498e-15 1e-20
7461.2672 1.00945e-15 1e-20
7464.2825 1.00909e-15 1e-20
7467.2979 9.97228e-16 1e-20
7470.3133 1.00961e-15 1e-20
7473.3286 9.97832e-16 1e-20
7476.344 9.86051e-16 1e-20
7479.3593 9.63563e-16 1e-20
7482.3747 9.62491e-16 1e-20
7485.3901 9.52063e-16 1e-20
7488.4054 9.38933e-16 1e-20
7491.4208 9.29499e-16 1e-20
7494.4361 9.47343e-16 1e-20
7497.4515 9.497e-16 1e-20
7500.4669 9.2348e-16 1e-20
7503.4822 9.28719e-16 1e-20
7506.4976 9.33664e-16 1e-20
7509.5129 9.4201e-16 1e-20
7512.5283 9.06977e-16 1e-20
7515.5436 9.15299e-16 1e-20
7518.559 9.16253e-16 1e-20
7521.5744 9.02984e-16 1e-20
7524.5897 8.96464e-16 1e-20
7527.6051 8.89945e-16 1e-20
7530.6204 8.63073e-16 1e-20
7533.6358 8.47586e-16 1e-20
7536.6512 8.42879e-16 1e-20
7539.6665 8.41164e-16 1e-20
7542.6819 8.39449e-16 1e-20
7545.6972 8.37734e-16 1e-20
7548.7126 8.36019e-16 1e-20
7551.728 8.51109e-16 1e-20
7554.7433 8.63696e-16 1e-20
7557.7587 8.66232e-16 1e-20
7560.774 9.64384e-16 1e-20
7563.7894 1.02036e-15 1e-20
7566.8048 1.05084e-15 1e-20
7569.8201 1.04336e-15 1e-20
7572.8355 1.08032e-15 1e-20
7575.8508 1.07244e-15 1e-20
7578.8662 1.0658e-15 1e-20
7581.8816 1.11708e-15 1e-20
7584.8969 1.07291e-15 1e-20
7587.9123 1.06208e-15 1e-20
7590.9276 1.10336e-15 1e-20
7593.943 1.08198e-15 1e-20
7596.9584 1.07206e-15 1e-20
7599.9737 1.08203e-15 1e-20
7602.9891 1.04335e-15 1e-20
7606.0044 1.08188e-15 1e-20
7609.0198 1.09583e-15 1e-20
7612.0352 1.09231e-15 1e-20
7615.0505 1.07128e-15 1e-20
7618.0659 1.0572e-15 1e-20
7621.0812 1.06193e-15 1e-20
7624.0966 1.07317e-15 1e-20
7627.112 1.08253e-15 1e-20
7630.1273 1.06886e-15 1e-20
7633.1427 1.10015e-15 1e-20
7636.158 1.05929e-15 1e-20
7639.1734 1.06679e-15 1e-20
7642.1888 1.08439e-15 1e-20
7645.2041 1.09997e-15 1e-20
7648.2195 1.13699e-15 1e-20
7651.2348 1.11421e-15 1e-20
7654.2502 1.14753e-15 1e-20
7657.2655 1.1385e-15 1e-20
7660.2809 1.13961e-15 1e-20
7663.2963 1.14872e-15 1e-20
7666.3116 1.12517e-15 1e-20
7669.327 1.14151e-15 1e-20
7672.3423 1.12659e-15 1e-20
7675.3577 1.12805e-15 1e-20
7678.3731 1.14021e-15 1e-20
7681.3884 1.15394e-15 1e-20
7684.4038 1.14148e-15 1e-20
7687.4191 1.17869e-15 1e-20
7690.4345 1.16326e-15 1e-20
7693.4499 1.14181e-15 1e-20
7696.4652 1.15922e-15 1e-20
7699.4806 1.16825e-15 1e-20
7702.4959 1.14766e-15 1e-20
7705.5113 1.13541e-15 1e-20
7708.5267 1.15535e-15 1e-20
7711.542 1.16081e-15 1e-20
7714.5574 1.15309e-15 1e-20
7717.5727 1.16053e-15 1e-20
7720.5881 1.16426e-15 1e-20
7723.6035 1.15804e-15 1e-20
7726.6188 1.14572e-15 1e-20
7729.6342 1.18171e-15 1e-20
7732.6495 1.17765e-15 1e-20
7735.6649 1.15286e-15 1e-20
7738.6802 1.16226e-15 1e-20
7741.6956 1.20232e-15 1e-20
7744.711 1.18122e-15 1e-20
7747.7263 1.16224e-15 1e-20
7750.7417 1.15766e-15 1e-20
7753.757 1.1488e-15 1e-20
7756.7724 1.178e-15 1e-20
7759.7878 1.21864e-15 1e-20
7762.8031 1.21339e-15 1e-20
7765.8185 1.16045e-15 1e-20
7768.8339 1.17541e-15 1e-20
7771.8492 1.15043e-15 1e-20
7774.8646 1.14567e-15 1e-20
7777.8799 1.19593e-15 1e-20
7780.8953 1.19153e-15 1e-20
7783.9106 1.1997e-15 1e-20
7786.926 1.17952e-15 1e-20
7789.9414 1.15559e-15 1e-20
7792.9567 1.17625e-15 1e-20
7795.9721 1.19935e-15 1e-20
7798.9874 1.17411e-15 1e-20
7802.0028 1.15885e-15 1e-20
7805.0182 1.15865e-15 1e-20
7808.0335 1.17463e-15 1e-20
7811.0489 1.15488e-15 1e-20
7814.0642 1.10469e-15 1e-20
7817.0796 1.09914e-15 1e-20
7820.095 1.10412e-15 1e-20
7823.1103 1.09968e-15 1e-20
7826.1257 1.07465e-15 1e-20
7829.141 1.07085e-15 1e-20
7832.1564 1.07671e-15 1e-20
7835.1718 1.06198e-15 1e-20
7838.1871 1.03878e-15 1e-20
7841.2025 1.02488e-15 1e-20
7844.2178 1.00572e-15 1e-20
7847.2332 9.87939e-16 1e-20
7850.2486 9.69809e-16 1e-20
7853.2639 9.75839e-16 1e-20
7856.2793 9.49016e-16 1e-20
7859.2946 9.10242e-16 1e-20
7862.31 9.11769e-16 1e-20
7865.3254 8.83534e-16 1e-20
7868.3407 8.15693e-16 1e-20
7871.3561 8.06399e-16 1e-20
7874.3714 7.87022e-16 1e-20
7877.3868 7.74271e-16 1e-20
7880.4021 7.73638e-16 1e-20
7883.4175 7.30825e-16 1e-20
7886.4329 7.05055e-16 1e-20
7889.4482 7.07551e-16 1e-20
7892.4636 6.55264e-16 1e-20
7895.4789 6.51428e-16 1e-20
7898.4943 6.54355e-16 1e-20
7901.5097 6.38368e-16 1e-20
7904.525 5.89802e-16 1e-20
7907.5404 5.88566e-16 1e-20
7910.5557 5.65328e-16 1e-20
7913.5711 5.38888e-16 1e-20
7916.5865 5.50316e-16 1e-20
7919.6018 5.33525e-16 1e-20
7922.6172 5.11373e-16 1e-20
7925.6325 5.01286e-16 1e-20
7928.6479 4.88391e-16 1e-20
7931.6633 4.71975e-16 1e-20
7934.6786 4.611e-16 1e-20
7937.694 4.55102e-16 1e-20
7940.7093 4.49577e-16 1e-20
7943.7247 4.35975e-16 1e-20
7946.7401 4.35039e-16 1e-20
7949.7554 4.18817e-16 1e-20
7952.7708 4.24906e-16 1e-20
7955.7861 4.22795e-16 1e-20
7958.8015 4.14069e-16 1e-20
7961.8169 4.081e-16 1e-20
7964.8322 3.97268e-16 1e-20
7967.8476 4.18872e-16 1e-20
7970.8629 4.15135e-16 1e-20
7973.8783 3.98599e-16 1e-20
7976.8937 3.92433e-16 1e-20
7979.909 3.96588e-16 1e-20
7982.9244 3.9073e-16 1e-20
7985.9397 4.04013e-16 1e-20
7988.9551 4.11442e-16 1e-20
7991.9705 3.90416e-16 1e-20
7994.9858 3.84313e-16 1e-20
7998.0012 3.90656e-16 1e-20
8001.0165 4.0443e-16 1e-20
8004.0319 4.09051e-16 1e-20
8007.0473 3.99463e-16 1e-20
8010.0626 4.10328e-16 1e-20
8013.078 4.10185e-16 1e-20
8016.0933 4.17633e-16 1e-20
8019.1087 3.91e-16 1e-20
8022.124 4.06834e-16 1e-20
8025.1394 4.20001e-16 1e-20
8028.1548 4.26972e-16 1e-20
8031.1701 4.07786e-16 1e-20
8034.1855 4.01559e-16 1e-20
8037.2008 4.07706e-16 1e-20
8040.2162 4.07447e-16 1e-20
8043.2316 4.44416e-16 1e-20
8046.2469 4.42279e-16 1e-20
8049.2623 4.32321e-16 1e-20
8052.2776 4.23778e-16 1e-20
8055.293 4.45822e-16 1e-20
8058.3084 4.56921e-16 1e-20
8061.3237 4.3306e-16 1e-20
8064.3391 4.48706e-16 1e-20
8067.3544 4.78059e-16 1e-20
8070.3698 4.57347e-16 1e-20
8073.3852 4.45903e-16 1e-20
8076.4005 4.57821e-16 1e-20
8079.4159 4.74455e-16 1e-20
8082.4312 4.85934e-16 1e-20
8085.4466 5.06716e-16 1e-20
8088.462 5.08427e-16 1e-20
8091.4773 5.05083e-16 1e-20
8094.4927 5.41304e-16 1e-20
8097.508 5.37229e-16 1e-20
8100.5234 5.35233e-16 1e-20
8103.5388 5.32991e-16 1e-20
8106.5541 5.36609e-16 1e-20
8109.5695 5.63056e-16 1e-20
8112.5848 5.54741e-16 1e-20
8115.6002 5.69853e-16 1e-20
8118.6156 5.62671e-16 1e-20
8121.6309 5.80062e-16 1e-20
8124.6463 5.81257e-16 1e-20
8127.6616 6.03776e-16 1e-20
8130.677 6.27913e-16 1e-20
8133.6924 6.41861e-16 1e-20
8136.7077 6.30359e-16 1e-20
8139.7231 6.22685e-16 1e-20
8142.7384 6.41795e-16 1e-20
8145.7538 6.34625e-16 1e-20
8148.7691 6.72379e-16 1e-20
8151.7845 6.71723e-16 1e-20
8154.7999 6.24749e-16 1e-20
8157.8152 6.23072e-16 1e-20
8160.8306 6.55629e-16 1e-20
8163.8459 6.74873e-16 1e-20
8166.8613 6.94476e-16 1e-20
8169.8767 6.69526e-16 1e-20
8172.892 6.8136e-16 1e-20
8175.9074 6.97197e-16 1e-20
8178.9227 6.68574e-16 1e-20
8181.9381 6.55668e-16 1e-20
8184.9535 6.59457e-16 1e-20
8187.9688 6.91883e-16 1e-20
8190.9842 7.12942e-16 1e-20
8193.9995 7.12143e-16 1e-20
8197.0149 6.81184e-16 1e-20
8200.0303 6.41238e-16 1e-20
8203.0456 6.46391e-16 1e-20
8206.061 6.54191e-16 1e-20
8209.0763 6.72815e-16 1e-20
8212.0917 6.58127e-16 1e-20
8215.1071 6.21299e-16 1e-20
8218.1224 5.99259e-16 1e-20
8221.1378 6.34791e-16 1e-20
8224.1531 6.34896e-16 1e-20
8227.1685 6.12253e-16 1e-20
8230.1839 6.27934e-16 1e-20
8233.1992 6.4796e-16 1e-20
8236.2146 6.52365e-16 1e-20
8239.2299 6.24808e-16 1e-20
8242.2453 6.34657e-16 1e-20
8245.2606 6.47802e-16 1e-20
8248.276 6.26682e-16 1e-20
8251.2914 6.52336e-16 1e-20
8254.3067 6.54857e-16 1e-20
8257.3221 6.45857e-16 1e-20
8260.3375 6.66408e-16 1e-20
8263.3528 6.62452e-16 1e-20
8266.3682 6.67428e-16 1e-20
8269.3835 6.6045e-16 1e-20
8272.3989 6.51354e-16 1e-20
8275.4143 6.57939e-16 1e-20
8278.4296 6.69501e-16 1e-20
8281.445 7.04875e-16 1e-20
8284.4603 7.20733e-16 1e-20
8287.4757 7.46907e-16 1e-20
8290.491 7.45482e-16 1e-20
8293.5064 7.43346e-16 1e-20
8296.5218 7.52804e-16 1e-20
8299.5371 7.32574e-16 1e-20
8302.5525 7.14282e-16 1e-20
8305.5678 7.42981e-16 1e-20
8308.5832 7.39637e-16 1e-20
8311.5986 7.47915e-16 1e-20
8314.6139 7.51811e-16 1e-20
8317.6293 7.52137e-16 1e-20
8320.6446 7.58696e-16 1e-20
8323.66 7.56792e-16 1e-20
8326.6754 7.80659e-16 1e-20
8329.6907 7.59001e-16 1e-20
8332.7061 7.30783e-16 1e-20
8335.7214 7.4612e-16 1e-20
8338.7368 7.68629e-16 1e-20
8341.7522 7.45726e-16 1e-20
8344.7675 7.53693e-16 1e-20
8347.7829 7.69337e-16 1e-20
8350.7982 7.68176e-16 1e-20
8353.8136 7.49197e-16 1e-20
8356.829 7.64948e-16 1e-20
8359.8443 7.74622e-16 1e-20
8362.8597 7.99274e-16 1e-20
8365.875 8.26834e-16 1e-20
8368.8904 7.92462e-16 1e-20
8371.9057 7.93952e-16 1e-20
8374.9211 7.6573e-16 1e-20
8377.9365 7.79382e-16 1e-20
8380.9518 8.17026e-16 1e-20
8383.9672 8.02377e-16 1e-20
8386.9825 8.09424e-16 1e-20
8389.9979 8.35989e-16 1e-20
8393.0133 8.70055e-16 1e-20
8396.0286 8.95678e-16 1e-20
8399.044 9.01579e-16 1e-20
8402.0593 8.7326e-16 1e-20
8405.0747 8.75588e-16 1e-20
8408.0901 8.85124e-16 1e-20
8411.1054 8.78044e-16 1e-20
8414.1208 8.94535e-16 1e-20
8417.1361 9.39677e-16 1e-20
8420.1515 9.25024e-16 1e-20
8423.1669 9.37331e-16 1e-20
8426.1822 9.32145e-16 1e-20
8429.1976 9.85512e-16 1e-20
8432.2129 1.00652e-15 1e-20
8435.2283 1.00016e-15 1e-20
8438.2437 9.97008e-16 1e-20
8441.259 9.92563e-16 1e-20
8444.2744 9.93301e-16 1e-20
8447.2897 1.01337e-15 1e-20
8450.3051 1.02781e-15 1e-20
8453.3205 1.0119e-15 1e-20
8456.3358 1.02546e-15 1e-20
8459.3512 1.0391e-15 1e-20
8462.3665 1.03079e-15 1e-20
8465.3819 1.04284e-15 1e-20
8468.3973 1.06173e-15 1e-20
8471.4126 1.02029e-15 1e-20
8474.428 1.05016e-15 1e-20
8477.4433 1.06839e-15 1e-20
8480.4587 1.10428e-15 1e-20
8483.4741 1.09608e-15 1e-20
8486.4894 1.09908e-15 1e-20
8489.5048 1.10747e-15 1e-20
8492.5201 1.09853e-15 1e-20
8495.5355 1.08887e-15 1e-20
8498.5509 1.07932e-15 1e-20
8501.5662 1.09381e-15 1e-20
8504.5816 1.12137e-15 1e-20
8507.5969 1.09675e-15 1e-20
8510.6123 1.04576e-15 1e-20
8513.6276 1.05418e-15 1e-20
8516.643 1.13136e-15 1e-20
8519.6584 1.14561e-15 1e-20
8522.6737 1.1097e-15 1e-20
8525.6891 1.09382e-15 1e-20
8528.7044 1.1424e-15 1e-20
8531.7198 1.14869e-15 1e-20
8534.7352 1.14787e-15 1e-20
8537.7505 1.12419e-15 1e-20
8540.7659 1.1139e-15 1e-20
8543.7812 1.10378e-15 1e-20
8546.7966 1.10431e-15 1e-20
8549.812 1.07676e-15 1e-20
8552.8273 1.11526e-15 1e-20
8555.8427 1.119e-15 1e-20
8558.858 1.09352e-15 1e-20
8561.8734 1.08288e-15 1e-20
8564.8888 1.10509e-15 1e-20
8567.9041 1.10224e-15 1e-20
8570.9195 1.08384e-15 1e-20
8573.9348 1.07421e-15 1e-20
8576.9502 1.10761e-15 1e-20
8579.9656 1.11798e-15 1e-20
8582.9809 1.11075e-15 1e-20
8585.9963 1.09965e-15 1e-20
8589.0116 1.13279e-15 1e-20
8592.027 1.16399e-15 1e-20
8595.0424 1.13523e-15 1e-20
8598.0577 1.06736e-15 1e-20
8601.0731 1.08351e-15 1e-20
8604.0884 1.11443e-15 1e-20
8607.1038 1.10101e-15 1e-20
8610.1192 1.0573e-15 1e-20
8613.1345 1.08278e-15 1e-20
8616.1499 1.09699e-15 1e-20
8619.1652 1.10111e-15 1e-20
8622.1806 1.15694e-15 1e-20
8625.196 1.14456e-15 1e-20
8628.2113 1.11916e-15 1e-20
8631.2267 1.08437e-15 1e-20
8634.242 1.10197e-15 1e-20
8637.2574 1.09894e-15 1e-20
8640.2728 1.06382e-15 1e-20
8643.2881 1.0816e-15 1e-20
8646.3035 1.12411e-15 1e-20
8649.3188 1.11563e-15 1e-20
8652.3342 1.06513e-15 1e-20
8655.3495 1.03775e-15 1e-20
8658.3649 1.05483e-15 1e-20
8661.3803 1.07791e-15 1e-20
8664.3956 1.07862e-15 1e-20
8667.411 1.09536e-15 1e-20
8670.4263 1.04563e-15 1e-20
8673.4417 1.01287e-15 1e-20
8676.4571 1.10088e-15 1e-20
8679.4724 1.07884e-15 1e-20
8682.4878 1.04999e-15 1e-20
8685.5031 1.07339e-15 1e-20
8688.5185 1.06413e-15 1e-20
8691.5339 1.0153e-15 1e-20
8694.5492 1.01285e-15 1e-20
8697.5646 1.01334e-15 1e-20
8700.5799 1.00364e-15 1e-20
8703.5953 9.99708e-16 1e-20
8706.6107 9.95457e-16 1e-20
8709.626 9.90457e-16 1e-20
8712.6414 1.0168e-15 1e-20
8715.6567 1.04163e-15 1e-20
8718.6721 1.03227e-15 1e-20
8721.6875 1.01742e-15 1e-20
8724.7028 1.03039e-15 1e-20
8727.7182 1.04685e-15 1e-20
8730.7335 1.00219e-15 1e-20
8733.7489 1.02129e-15 1e-20
8736.7642 1.00927e-15 1e-20
8739.7796 1.00433e-15 1e-20
8742.795 1.0052e-15 1e-20
8745.8103 1.01229e-15 1e-20
8748.8257 1.01418e-15 1e-20
8751.8411 9.65222e-16 1e-20
8754.8564 9.3778e-16 1e-20
8757.8718 9.76832e-16 1e-20
8760.8871 9.73243e-16 1e-20
8763.9025 9.38012e-16 1e-20
8766.9179 9.8197e-16 1e-20
8769.9332 1.01773e-15 1e-20
8772.9486 1.00085e-15 1e-20
8775.9639 1.01441e-15 1e-20
8778.9793 9.68638e-16 1e-20
8781.9946 9.73464e-16 1e-20
8785.01 1.01214e-15 1e-20
8788.0254 9.62803e-16 1e-20
8791.0407 9.39369e-16 1e-20
8794.0561 9.46842e-16 1e-20
8797.0714 9.77608e-16 1e-20
8800.0868 9.58978e-16 1e-20
8803.1022 8.97796e-16 1e-20
8806.1175 9.10323e-16 1e-20
8809.1329 9.68218e-16 1e-20
8812.1482 9.63689e-16 1e-20
8815.1636 9.15367e-16 1e-20
8818.179 9.13806e-16 1e-20
8821.1943 9.44837e-16 1e-20
8824.2097 9.16993e-16 1e-20
8827.225 9.17673e-16 1e-20
8830.2404 9.55035e-16 1e-20
8833.2558 9.14469e-16 1e-20
8836.2711 8.8184e-16 1e-20
8839.2865 8.71304e-16 1e-20
8842.3018 8.71064e-16 1e-20
8845.3172 8.92571e-16 1e-20
8848.3326 8.47877e-16 1e-20
8851.3479 8.40235e-16 1e-20
8854.3633 8.52953e-16 1e-20
8857.3786 8.20747e-16 1e-20
8860.394 8.26998e-16 1e-20
8863.4094 8.44033e-16 1e-20
8866.4247 8.18081e-16 1e-20
8869.4401 7.86578e-16 1e-20
8872.4554 7.95785e-16 1e-20
8875.4708 7.60288e-16 1e-20
8878.4861 7.91829e-16 1e-20
8881.5015 8.26082e-16 1e-20
8884.5169 7.74086e-16 1e-20
8887.5322 7.36158e-16 1e-20
8890.5476 7.70811e-16 1e-20
8893.5629 7.81112e-16 1e-20
8896.5783 8.00871e-16 1e-20
8899.5937 7.67669e-16 1e-20
8902.609 7.21536e-16 1e-20
8905.6244 7.14108e-16 1e-20
8908.6397 6.92605e-16 1e-20
8911.6551 7.21271e-16 1e-20
8914.6705 8.15388e-16 1e-20
8917.6858 7.77618e-16 1e-20
8920.7012 6.93712e-16 1e-20
8923.7165 6.94236e-16 1e-20
8926.7319 7.21016e-16 1e-20
8929.7473 7.43724e-16 1e-20
8932.7626 7.42531e-16 1e-20
8935.778 7.1639e-16 1e-20
8938.7933 6.73149e-16 1e-20
8941.8087 7.15976e-16 1e-20
8944.8241 6.96155e-16 1e-20
8947.8394 8.10372e-16 1e-20
8950.8548 7.65806e-16 1e-20
8953.8701 7.11358e-16 1e-20
8956.8855 7.32186e-16 1e-20
8959.9009 7.17215e-16 1e-20
8962.9162 7.21436e-16 1e-20
8965.9316 7.04528e-16 1e-20
8968.9469 7.43244e-16 1e-20
8971.9623 7.17303e-16 1e-20
8974.9777 7.37747e-16 1e-20
8977.993 7.06854e-16 1e-20
8981.0084 7.22557e-16 1e-20
8984.0237 7.44851e-16 1e-20
8987.0391 7.49511e-16 1e-20
8990.0545 7.27104e-16 1e-20
8993.0698 7.67956e-16 1e-20
8996.0852 8.08429e-16 1e-20
8999.1005 7.16869e-16 1e-20
9002.1159 7.31287e-16 1e-20
9005.1313 7.67462e-16 1e-20
9008.1466 7.64054e-16 1e-20
9011.162 7.34807e-16 1e-20
9014.1773 7.46807e-16 1e-20
9017.1927 7.49537e-16 1e-20
9020.208 7.61887e-16 1e-20
9023.2234 7.69135e-16 1e-20
9026.2388 7.24926e-16 1e-20
9029.2541 7.49459e-16 1e-20
9032.2695 7.2937e-16 1e-20
9035.2848 6.76616e-16 1e-20
9038.3002 6.71297e-16 1e-20
9041.3156 7.65617e-16 1e-20
9044.3309 7.65187e-16 1e-20
9047.3463 6.83333e-16 1e-20
9050.3616 6.69283e-16 1e-20
9053.377 7.25253e-16 1e-20
9056.3924 7.1822e-16 1e-20
9059.4077 7.42509e-16 1e-20
9062.4231 7.36093e-16 1e-20
9065.4384 6.68146e-16 1e-20
9068.4538 6.81693e-16 1e-20
9071.4692 6.9957e-16 1e-20
9074.4845 6.97531e-16 1e-20
9077.4999 7.3963e-16 1e-20
9080.5152 7.49691e-16 1e-20
9083.5306 7.1739e-16 1e-20
9086.546 7.0853e-16 1e-20
9089.5613 7.07696e-16 1e-20
9092.5767 6.43172e-16 1e-20
9095.592 6.84747e-16 1e-20
9098.6074 7.70089e-16 1e-20
9101.6228 7.39164e-16 1e-20
9104.6381 7.07474e-16 1e-20
9107.6535 7.49761e-16 1e-20
9110.6688 7.29124e-16 1e-20
9113.6842 6.90207e-16 1e-20
9116.6996 7.20413e-16 1e-20
9119.7149 7.41228e-16 1e-20
9122.7303 6.91672e-16 1e-20
9125.7456 6.74532e-16 1e-20
9128.761 6.72548e-16 1e-20
9131.7764 6.79303e-16 1e-20
9134.7917 7.232e-16 1e-20
9137.8071 7.63344e-16 1e-20
9140.8224 7.3279e-16 1e-20
9143.8378 6.72325e-16 1e-20
9146.8531 6.79121e-16 1e-20
9149.8685 7.52126e-16 1e-20
9152.8839 7.7639e-16 1e-20
9155.8992 7.69333e-16 1e-20
