3450.0 0.841387 0.181947
3452.0 1.09056 0.181593
3454.0 1.20291 0.181878
3456.0 1.10569 0.182177
3458.0 0.996929 0.181097
3460.0 0.852832 0.180815
3462.0 0.964551 0.181976
3464.0 0.733208 0.180843
3466.0 0.868583 0.180632
3468.0 0.770049 0.180211
3470.0 0.846442 0.181781
3472.0 1.06177 0.181405
3474.0 0.996915 0.17997
3476.0 0.686979 0.180271
3478.0 0.855003 0.181582
3480.0 0.900293 0.183435
3482.0 0.82756 0.183227
3484.0 0.720005 0.183746
3486.0 0.980382 0.184011
3488.0 0.859753 0.1839
3490.0 0.949957 0.184097
3492.0 0.966174 0.183412
3494.0 0.853461 0.183298
3496.0 1.09787 0.185023
3498.0 0.944275 0.183436
3500.0 1.11074 0.183615
3502.0 0.985832 0.183915
3504.0 0.873555 0.183829
3506.0 0.913526 0.183409
3508.0 1.28371 0.184361
3510.0 0.990041 0.183677
3512.0 0.917981 0.184298
3514.0 0.834901 0.183923
3516.0 1.14652 0.184028
3518.0 0.965014 0.182667
3520.0 1.11965 0.182783
3522.0 0.962635 0.18267
3524.0 0.915289 0.182109
3526.0 0.979631 0.180581
3528.0 1.02559 0.179642
3530.0 0.712306 0.17949
3532.0 1.16852 0.179501
3534.0 1.2898 0.180051
3536.0 1.17943 0.17834
3538.0 1.06596 0.177866
3540.0 1.16638 0.178961
3542.0 1.27259 0.178883
3544.0 0.992874 0.178089
3546.0 1.13809 0.177313
3548.0 1.04742 0.176539
3550.0 1.00458 0.174624
3552.0 1.09684 0.175382
3554.0 1.12627 0.174564
3556.0 1.29659 0.174745
3558.0 1.24808 0.172935
3560.0 1.10839 0.172328
3562.0 1.2115 0.171182
3564.0 1.22899 0.170154
3566.0 1.44451 0.171095
3568.0 1.25267 0.168947
3570.0 1.20107 0.167655
3572.0 1.10641 0.16662
3574.0 1.16904 0.16653
3576.0 1.08923 0.165376
3578.0 1.34477 0.164906
3580.0 1.16593 0.16312
3582.0 1.038 0.161337
3584.0 1.13079 0.158874
3586.0 1.08812 0.158768
3588.0 1.28392 0.158261
3590.0 1.0202 0.156911
3592.0 1.0328 0.156731
3594.0 0.902809 0.153881
3596.0 0.97397 0.153469
3598.0 0.828999 0.152692
3600.0 1.03285 0.152031
3602.0 1.13693 0.151571
3604.0 1.09034 0.150509
3606.0 0.969093 0.149049
3608.0 1.0176 0.14712
3610.0 0.969807 0.146541
3612.0 0.982358 0.146407
3614.0 1.19189 0.147348
3616.0 1.02537 0.145279
3618.0 1.07289 0.14435
3620.0 0.998064 0.141621
3622.0 0.898348 0.140977
3624.0 1.0116 0.140006
3626.0 0.808625 0.138608
3628.0 1.05681 0.138713
3630.0 1.12135 0.139762
3632.0 0.863927 0.138032
3634.0 0.814189 0.136734
3636.0 1.06169 0.135784
3638.0 0.869055 0.133915
3640.0 0.853417 0.13333
3642.0 0.90057 0.133253
3644.0 0.887814 0.134493
3646.0 1.10629 0.133199
3648.0 1.05 0.139057
3650.0 0.948948 0.1504
3652.0 1.07071 0.148884
3654.0 0.80946 0.141126
3656.0 1.00959 0.136249
3658.0 0.730269 0.129201
3660.0 0.96848 0.144639
3662.0 1.3639 0.141057
3664.0 1.17847 0.132087
3666.0 0.885419 0.125867
3668.0 0.950812 0.121935
3670.0 1.1074 0.121049
3672.0 1.15041 0.12033
3674.0 1.19474 0.118471
3676.0 1.47669 0.1193
3678.0 1.21181 0.117972
3680.0 1.26151 0.117842
3682.0 1.15731 0.116918
3684.0 1.36469 0.116231
3686.0 1.17874 0.114987
3688.0 1.5568 0.115192
3690.0 1.48934 0.115407
3692.0 1.49282 0.11439
3694.0 1.50569 0.114087
3696.0 1.65964 0.113889
3698.0 1.9394 0.114126
3700.0 1.68738 0.113551
3702.0 1.88998 0.114257
3704.0 1.82466 0.112916
3706.0 1.92056 0.113361
3708.0 2.03088 0.113514
3710.0 2.08258 0.112658
3712.0 1.9893 0.11141
3714.0 2.06735 0.11086
3716.0 2.04603 0.110739
3718.0 2.06277 0.110178
3720.0 2.14947 0.109955
3722.0 2.34097 0.109204
3724.0 2.14705 0.108782
3726.0 1.98954 0.107257
3728.0 1.92613 0.107182
3730.0 2.13559 0.10688
3732.0 1.96153 0.105771
3734.0 1.82021 0.104104
3736.0 1.79377 0.103403
3738.0 1.65001 0.101843
3740.0 1.6259 0.101188
3742.0 1.63681 0.0999838
3744.0 1.48894 0.0984263
3746.0 1.28157 0.0963279
3748.0 1.22836 0.0957697
3750.0 1.38431 0.0961702
3752.0 1.19612 0.094813
3754.0 0.98955 0.0934427
3756.0 1.04255 0.0929609
3758.0 1.05672 0.0924278
3760.0 1.0469 0.0909695
3762.0 0.799667 0.0898328
3764.0 0.876673 0.089564
3766.0 1.02913 0.089061
3768.0 1.02898 0.0884589
3770.0 0.922251 0.0879042
3772.0 0.98758 0.0875575
3774.0 0.821318 0.0859888
3776.0 0.805247 0.0856246
3778.0 0.779102 0.0850752
3780.0 0.659106 0.0846477
3782.0 0.785055 0.0841009
3784.0 0.821074 0.0833549
3786.0 0.656994 0.0824909
3788.0 0.77696 0.0821526
3790.0 0.690671 0.0818805
3792.0 0.867812 0.0824714
3794.0 0.664323 0.0814983
3796.0 0.700141 0.0808376
3798.0 0.559102 0.0797501
3800.0 0.806017 0.0802754
3802.0 0.737187 0.080135
3804.0 0.611499 0.0793494
3806.0 0.539725 0.0786483
3808.0 0.746103 0.0784409
3810.0 0.599729 0.0780933
3812.0 0.720862 0.0782825
3814.0 0.573021 0.0777092
3816.0 0.471566 0.0771181
3818.0 0.644525 0.076772
3820.0 0.668431 0.0765861
3822.0 0.613116 0.0767119
3824.0 0.528622 0.0763503
3826.0 0.699006 0.0756552
3828.0 0.621831 0.0756545
3830.0 0.73928 0.0766628
3832.0 0.834304 0.0767161
3834.0 0.881617 0.0759551
3836.0 0.798911 0.0755774
3838.0 0.771719 0.0748453
3840.0 0.615907 0.0744566
3842.0 0.647075 0.0739512
3844.0 0.761682 0.0748678
3846.0 0.851704 0.0742952
3848.0 0.928424 0.0739478
3850.0 0.907179 0.073946
3852.0 0.935365 0.0736679
3854.0 0.97336 0.0732169
3856.0 0.946218 0.0730269
3858.0 0.988065 0.0730228
3860.0 1.11924 0.0734492
3862.0 1.07427 0.0732005
3864.0 1.1161 0.0732846
3866.0 1.15937 0.0729381
3868.0 1.08634 0.0722475
3870.0 1.02777 0.07222
3872.0 1.24892 0.0724959
3874.0 1.33994 0.0729694
3876.0 1.4113 0.0737438
3878.0 1.33127 0.0727457
3880.0 1.30502 0.0721964
3882.0 1.31209 0.0720936
3884.0 1.48042 0.0724089
3886.0 1.4722 0.0722407
3888.0 1.64928 0.0724364
3890.0 1.52703 0.0719419
3892.0 1.67129 0.0723377
3894.0 1.46973 0.0720513
3896.0 1.67879 0.072291
3898.0 1.6171 0.0718086
3900.0 1.7685 0.0721847
3902.0 1.74222 0.0721978
3904.0 1.8584 0.0730532
3906.0 2.0121 0.0756886
3908.0 2.02142 0.0770622
3910.0 2.12617 0.0779101
3912.0 2.01923 0.0777567
3914.0 1.98626 0.0770011
3916.0 2.1697 0.0755091
3918.0 2.36259 0.0746584
3920.0 2.23753 0.0736383
3922.0 2.17874 0.0733304
3924.0 2.28675 0.0731353
3926.0 2.42731 0.0736839
3928.0 2.50709 0.0732548
3930.0 2.47682 0.0729435
3932.0 2.40979 0.0731826
3934.0 2.46864 0.073241
3936.0 2.69644 0.0737707
3938.0 2.73931 0.0738404
3940.0 2.76712 0.0735788
3942.0 2.79346 0.0746042
3944.0 2.90097 0.0749937
3946.0 2.85392 0.074408
3948.0 2.94971 0.0740974
3950.0 3.08519 0.0744637
3952.0 3.10303 0.0744783
3954.0 3.23109 0.0746045
3956.0 3.11436 0.0738975
3958.0 3.16653 0.0743257
3960.0 3.28961 0.0749838
3962.0 3.32525 0.0752411
3964.0 3.27228 0.0736567
3966.0 3.29235 0.0727554
3968.0 3.05097 0.0716069
3970.0 3.14227 0.071963
3972.0 3.24584 0.0718487
3974.0 3.07671 0.0712178
3976.0 3.11936 0.0707339
3978.0 3.10119 0.0708814
3980.0 3.25631 0.0715093
3982.0 3.19248 0.0710882
3984.0 3.23175 0.0711317
3986.0 3.29742 0.0714114
3988.0 3.28339 0.0713007
3990.0 3.18311 0.0713657
3992.0 3.4764 0.0718134
3994.0 3.20433 0.0710979
3996.0 3.38928 0.0724243
3998.0 3.53836 0.0727457
4000.0 3.54059 0.07194
4002.0 3.58382 0.0716294
4004.0 3.58981 0.0707438
4006.0 3.40445 0.0704615
4008.0 3.32361 0.0695869
4010.0 3.16914 0.0689746
4012.0 3.10596 0.0681901
4014.0 2.96811 0.067753
4016.0 2.64036 0.0656645
4018.0 2.69132 0.0668107
4020.0 2.6295 0.0690568
4022.0 2.50246 0.069624
4024.0 2.56 0.0684661
4026.0 2.36969 0.0665307
4028.0 2.37272 0.0647347
4030.0 2.23275 0.0638754
4032.0 2.29157 0.0635291
4034.0 2.30845 0.0626518
4036.0 2.22695 0.0621964
4038.0 2.35573 0.062241
4040.0 2.27186 0.0617375
4042.0 2.28376 0.0620773
4044.0 2.08053 0.0689338
4046.0 2.29226 0.085495
4048.0 1.94612 0.0837502
4050.0 2.1659 0.067406
4052.0 2.07207 0.0619631
4054.0 2.20838 0.0626606
4056.0 2.23488 0.0621391
4058.0 2.10871 0.0602302
4060.0 2.231 0.0598356
4062.0 2.12216 0.0591459
4064.0 2.19046 0.0594282
4066.0 2.22688 0.0589977
4068.0 2.17486 0.0584115
4070.0 2.12781 0.0581756
4072.0 2.19397 0.0579415
4074.0 2.09893 0.0577757
4076.0 2.1799 0.0605848
4078.0 2.063 0.061791
4080.0 2.06638 0.0607954
4082.0 2.21897 0.0603254
4084.0 2.18391 0.0596874
4086.0 2.25541 0.0594055
4088.0 2.19334 0.0585783
4090.0 2.41915 0.0576307
4092.0 2.43791 0.0573967
4094.0 2.5197 0.0580361
4096.0 2.57838 0.0581558
4098.0 2.55228 0.0581458
4100.0 2.6278 0.0581363
4102.0 2.61544 0.057768
4104.0 2.66775 0.0576137
4106.0 2.6148 0.0574268
4108.0 2.71975 0.057678
4110.0 2.77643 0.0580059
4112.0 2.81274 0.0581569
4114.0 2.95824 0.0586794
4116.0 2.87322 0.0583548
4118.0 3.00621 0.0581821
4120.0 2.85181 0.057115
4122.0 2.86244 0.0571753
4124.0 2.92563 0.0574926
4126.0 2.96081 0.0576119
4128.0 2.85303 0.0570157
4130.0 2.66979 0.0564967
4132.0 2.74034 0.0570415
4134.0 2.72255 0.0568369
4136.0 2.70644 0.0560346
4138.0 2.57601 0.0556524
4140.0 2.54613 0.0557164
4142.0 2.61663 0.0552395
4144.0 2.46065 0.053636
4146.0 2.33823 0.052914
4148.0 2.19385 0.0525579
4150.0 2.271 0.0530803
4152.0 2.33648 0.0537963
4154.0 2.22296 0.053178
4156.0 2.18415 0.0520505
4158.0 2.16012 0.0511358
4160.0 2.10168 0.0509492
4162.0 2.10978 0.0510207
4164.0 1.99498 0.0520118
4166.0 2.02441 0.0523942
4168.0 2.00797 0.0507286
4170.0 1.86015 0.0491359
4172.0 1.86543 0.0490104
4174.0 1.87887 0.0484063
4176.0 1.87226 0.0482233
4178.0 1.85079 0.0484345
4180.0 1.91207 0.048172
4182.0 1.8592 0.0478776
4184.0 1.9614 0.047828
4186.0 1.77878 0.047384
4188.0 1.87571 0.0474132
4190.0 1.90153 0.0475164
4192.0 1.88875 0.0473867
4194.0 1.93149 0.0469143
4196.0 1.87895 0.0471131
4198.0 1.86962 0.0464114
4200.0 1.82138 0.0464684
4202.0 1.87428 0.0463806
4204.0 1.91903 0.0467511
4206.0 2.01438 0.0468312
4208.0 1.91484 0.0469731
4210.0 2.056 0.0476005
4212.0 2.03009 0.0474192
4214.0 2.07279 0.0471736
4216.0 2.08402 0.0472582
4218.0 2.16612 0.0473741
4220.0 2.22327 0.0479765
4222.0 2.22791 0.0475529
4224.0 2.30646 0.0476906
4226.0 2.23729 0.0475491
4228.0 2.31363 0.0475823
4230.0 2.27175 0.0475285
4232.0 2.29878 0.0478388
4234.0 2.42369 0.0484922
4236.0 2.34745 0.0483424
4238.0 2.43005 0.0489692
4240.0 2.43802 0.0482394
4242.0 2.38786 0.0472047
4244.0 2.27871 0.0477067
4246.0 2.20078 0.0500037
4248.0 2.23644 0.0498602
4250.0 2.16401 0.0473005
4252.0 2.13434 0.0460677
4254.0 2.13741 0.0458731
4256.0 2.12419 0.0459481
4258.0 2.21196 0.0458583
4260.0 2.04371 0.0451512
4262.0 2.0029 0.0443943
4264.0 1.98386 0.044406
4266.0 1.99633 0.0443051
4268.0 1.98633 0.0441989
4270.0 1.99338 0.0439982
4272.0 1.91605 0.0439129
4274.0 1.99913 0.0442188
4276.0 1.98318 0.0443924
4278.0 2.07845 0.044244
4280.0 2.04816 0.0442182
4282.0 2.07763 0.0444359
4284.0 1.94835 0.0440788
4286.0 2.05997 0.0441242
4288.0 2.10017 0.0438882
4290.0 2.05382 0.0439759
4292.0 2.02229 0.0438162
4294.0 2.09405 0.0436063
4296.0 2.1216 0.043909
4298.0 1.97973 0.0431512
4300.0 2.0557 0.0432424
4302.0 2.0842 0.0432737
4304.0 1.98764 0.0429336
4306.0 1.95156 0.0432154
4308.0 1.89156 0.0429589
4310.0 1.94693 0.0428648
4312.0 2.02554 0.0442535
4314.0 1.96379 0.045117
4316.0 1.85206 0.0438944
4318.0 1.87655 0.0428736
4320.0 1.9001 0.0440084
4322.0 1.91067 0.0440574
4324.0 1.9445 0.043788
4326.0 2.00502 0.0434919
4328.0 1.94819 0.042421
4330.0 1.84213 0.0417743
4332.0 1.80395 0.0415223
4334.0 1.87343 0.0414257
4336.0 1.82746 0.0418379
4338.0 1.87447 0.0421286
4340.0 1.916 0.0424465
4342.0 1.97334 0.0424262
4344.0 1.83229 0.0421788
4346.0 1.82158 0.0427061
4348.0 1.75568 0.0427133
4350.0 1.68864 0.0420177
4352.0 1.61524 0.0408841
4354.0 1.74503 0.0417129
4356.0 1.67062 0.059406
4358.0 1.59757 0.0758333
4360.0 1.54579 0.0698364
4362.0 1.47539 0.0501557
4364.0 1.43497 0.0426636
4366.0 1.5208 0.0412508
4368.0 1.54766 0.0408362
4370.0 1.45331 0.0400832
4372.0 1.5213 0.0409015
4374.0 1.58523 0.0419325
4376.0 1.50058 0.0413345
4378.0 1.5827 0.0403497
4380.0 1.5191 0.0397993
4382.0 1.59703 0.0397074
4384.0 1.71202 0.0394771
4386.0 1.5723 0.0390731
4388.0 1.60802 0.0390678
4390.0 1.58921 0.0392661
4392.0 1.64152 0.0397484
4394.0 1.64824 0.0391934
4396.0 1.71882 0.0390418
4398.0 1.59272 0.0395389
4400.0 1.59372 0.0399072
4402.0 1.52266 0.0398991
4404.0 1.55263 0.0390332
4406.0 1.59411 0.0388827
4408.0 1.58024 0.0387867
4410.0 1.65332 0.0390937
4412.0 1.59836 0.0390005
4414.0 1.52428 0.0394495
4416.0 1.69534 0.0396015
4418.0 1.58509 0.0388346
4420.0 1.58743 0.038876
4422.0 1.54444 0.0385089
4424.0 1.61443 0.0385034
4426.0 1.64194 0.0384336
4428.0 1.67355 0.038406
4430.0 1.66786 0.0386403
4432.0 1.69378 0.0386873
4434.0 1.74076 0.0386613
4436.0 1.67179 0.0384741
4438.0 1.8041 0.0386231
4440.0 1.77776 0.0388691
4442.0 1.72572 0.0383856
4444.0 1.85141 0.0389018
4446.0 1.78604 0.0388599
4448.0 1.70248 0.0385209
4450.0 1.78607 0.0386555
4452.0 1.73503 0.0384515
4454.0 1.7663 0.0383689
4456.0 1.88795 0.0388303
4458.0 1.81266 0.0384362
4460.0 1.83793 0.0389045
4462.0 1.93222 0.0390789
4464.0 2.02651 0.0391305
4466.0 1.94996 0.0391557
4468.0 1.96919 0.0392076
4470.0 2.00602 0.0390935
4472.0 1.99639 0.0392484
4474.0 2.01923 0.0393818
4476.0 2.10462 0.0397198
4478.0 2.08008 0.0394633
4480.0 2.07087 0.0394116
4482.0 2.02928 0.0394602
4484.0 2.14992 0.0399062
4486.0 2.21393 0.0399864
4488.0 2.22011 0.0402902
4490.0 2.29283 0.0404772
4492.0 2.28592 0.0408155
4494.0 2.34129 0.0412577
4496.0 2.40484 0.0413829
4498.0 2.45642 0.0417856
4500.0 2.52112 0.0416599
4502.0 2.52817 0.0419657
4504.0 2.4597 0.0415355
4506.0 2.49896 0.0417446
4508.0 2.50259 0.0413988
4510.0 2.54031 0.041654
4512.0 2.50031 0.0414656
4514.0 2.58564 0.0416668
4516.0 2.61184 0.0415162
4518.0 2.5879 0.0415538
4520.0 2.67748 0.041855
4522.0 2.69851 0.0417195
4524.0 2.63188 0.041615
4526.0 2.72764 0.0417697
4528.0 2.76608 0.0420007
4530.0 2.78877 0.0420295
4532.0 2.88083 0.042561
4534.0 2.88946 0.0426252
4536.0 2.95005 0.0427512
4538.0 2.88541 0.0428682
4540.0 2.88857 0.0426661
4542.0 2.99877 0.0432195
4544.0 3.01574 0.0434397
4546.0 2.962 0.0432433
4548.0 3.17156 0.0432741
4550.0 2.98991 0.0427669
4552.0 2.97593 0.0427304
4554.0 3.07816 0.0428773
4556.0 3.01678 0.0429196
4558.0 3.03274 0.0428566
4560.0 3.00977 0.0427255
4562.0 3.10576 0.0428395
4564.0 3.07527 0.0427747
4566.0 3.09748 0.0424999
4568.0 3.06557 0.0425574
4570.0 3.15055 0.0428372
4572.0 3.18769 0.0430831
4574.0 3.18364 0.043097
4576.0 3.3119 0.0434929
4578.0 3.34437 0.0434512
4580.0 3.40925 0.0436947
4582.0 3.32535 0.0434922
4584.0 3.37949 0.0435215
4586.0 3.49618 0.0437253
4588.0 3.52001 0.0441369
4590.0 3.56399 0.0442623
4592.0 3.48596 0.0438976
4594.0 3.53514 0.0441663
4596.0 3.62355 0.0443314
4598.0 3.72367 0.0443935
4600.0 3.70645 0.0441485
4602.0 3.59479 0.0441362
4604.0 3.61197 0.0440643
4606.0 3.69149 0.0442108
4608.0 3.75461 0.0447907
4610.0 3.73738 0.0445522
4612.0 3.57928 0.0438927
4614.0 3.63065 0.0439899
4616.0 3.54839 0.0433779
4618.0 3.59284 0.0436063
4620.0 3.56849 0.0434382
4622.0 3.47652 0.0432634
4624.0 3.5345 0.0431188
4626.0 3.44986 0.0427817
4628.0 3.39594 0.0425794
4630.0 3.39649 0.0426168
4632.0 3.35492 0.0424377
4634.0 3.43368 0.0425226
4636.0 3.24916 0.041961
4638.0 3.31081 0.0419948
4640.0 3.26023 0.0417745
4642.0 3.31886 0.0418308
4644.0 3.24876 0.0416037
4646.0 3.1895 0.0413319
4648.0 3.27382 0.0419121
4650.0 3.2068 0.0415253
4652.0 3.21301 0.04161
4654.0 3.2167 0.0415234
4656.0 3.20543 0.0415424
4658.0 3.29894 0.0419189
4660.0 3.26723 0.0421638
4662.0 3.22378 0.042273
4664.0 3.30372 0.0425824
4666.0 3.18898 0.0426277
4668.0 3.3685 0.0433035
4670.0 3.38898 0.0435636
4672.0 3.32341 0.0433784
4674.0 3.27492 0.0428493
4676.0 3.31802 0.0425403
4678.0 3.34975 0.0423108
4680.0 3.28379 0.0422835
4682.0 3.32607 0.0420516
4684.0 3.28587 0.0420722
4686.0 3.43704 0.0417193
4688.0 3.3349 0.0416278
4690.0 3.22377 0.0412441
4692.0 3.26108 0.041269
4694.0 3.18936 0.0409709
4696.0 3.23738 0.0408653
4698.0 3.19569 0.0406539
4700.0 3.10173 0.0402654
4702.0 3.04649 0.0401825
4704.0 3.07618 0.0401678
4706.0 3.06499 0.0401656
4708.0 2.89597 0.0399549
4710.0 2.84254 0.0393811
4712.0 2.79938 0.0390261
4714.0 2.74325 0.0385558
4716.0 2.67664 0.038188
4718.0 2.57494 0.0377943
4720.0 2.50372 0.0376823
4722.0 2.42347 0.0372855
4724.0 2.56101 0.0373028
4726.0 2.39117 0.0373749
4728.0 2.31543 0.03782
4730.0 2.33946 0.0382385
4732.0 2.33362 0.0379342
4734.0 2.43545 0.038256
4736.0 2.21472 0.0383468
4738.0 2.26094 0.0385812
4740.0 2.28097 0.0388723
4742.0 2.23629 0.0393093
4744.0 2.16647 0.038843
4746.0 2.19001 0.0374239
4748.0 2.28231 0.0366021
4750.0 2.22715 0.0362854
4752.0 2.34054 0.0368306
4754.0 2.31155 0.0366492
4756.0 2.19227 0.0357379
4758.0 2.31349 0.0356498
4760.0 2.31053 0.0355828
4762.0 2.25213 0.0352818
4764.0 2.34916 0.0355425
4766.0 2.38415 0.035675
4768.0 2.31875 0.035326
4770.0 2.28565 0.0352248
4772.0 2.44385 0.0358285
4774.0 2.47406 0.0359746
4776.0 2.52539 0.0363685
4778.0 2.57643 0.0368747
4780.0 2.55144 0.0367969
4782.0 2.5824 0.0366286
4784.0 2.68903 0.036745
4786.0 2.71193 0.036641
4788.0 2.73867 0.0369638
4790.0 2.68219 0.0368848
4792.0 2.67016 0.0366823
4794.0 2.60331 0.0363824
4796.0 2.67436 0.036444
4798.0 2.64611 0.0362199
4800.0 2.55049 0.035894
4802.0 2.53144 0.0358412
4804.0 2.48192 0.0355523
4806.0 2.41574 0.0353098
4808.0 2.39481 0.0351499
4810.0 2.37238 0.0349946
4812.0 2.38015 0.0348299
4814.0 2.37156 0.0348272
4816.0 2.27197 0.0344916
4818.0 2.3321 0.0344666
4820.0 2.29222 0.0343227
4822.0 2.28656 0.0343786
4824.0 2.27785 0.0344649
4826.0 2.2285 0.0342369
4828.0 2.24473 0.0344635
4830.0 2.24153 0.0343683
4832.0 2.2339 0.0345274
4834.0 2.31151 0.0345568
4836.0 2.30058 0.0344216
4838.0 2.31258 0.0346979
4840.0 2.31106 0.0351581
4842.0 2.38497 0.0349521
4844.0 2.35249 0.0346135
4846.0 2.34719 0.0348149
4848.0 2.37651 0.0347741
4850.0 2.36268 0.0345933
4852.0 2.39843 0.0347263
4854.0 2.34057 0.0346126
4856.0 2.46516 0.0346628
4858.0 2.45742 0.0344961
4860.0 2.47311 0.0346787
4862.0 2.47306 0.0348358
4864.0 2.49443 0.0350065
4866.0 2.53927 0.0350021
4868.0 2.55339 0.035224
4870.0 2.58226 0.0352211
4872.0 2.5956 0.0349885
4874.0 2.61463 0.0350601
4876.0 2.68967 0.0354055
4878.0 2.69875 0.0356493
4880.0 2.65102 0.0354007
4882.0 2.6391 0.0352141
4884.0 2.5859 0.0349208
4886.0 2.615 0.0347337
4888.0 2.64 0.0347262
4890.0 2.52354 0.0342427
4892.0 2.3991 0.0341275
4894.0 2.38298 0.0338608
4896.0 2.27386 0.0333964
4898.0 2.25825 0.032851
4900.0 2.14164 0.032574
4902.0 2.13922 0.0323136
4904.0 2.05193 0.0320359
4906.0 1.96223 0.031611
4908.0 1.87183 0.0312987
4910.0 1.88429 0.0310581
4912.0 1.73947 0.0305714
4914.0 1.69086 0.030319
4916.0 1.71306 0.0303336
4918.0 1.70419 0.0302888
4920.0 1.62628 0.0301246
4922.0 1.60371 0.0297647
4924.0 1.58357 0.0296008
4926.0 1.6412 0.0294734
4928.0 1.61556 0.0292963
4930.0 1.57418 0.0291959
4932.0 1.65767 0.0293603
4934.0 1.62653 0.0294403
4936.0 1.57928 0.0293113
4938.0 1.63452 0.0295953
4940.0 1.56045 0.029547
4942.0 1.59282 0.0295789
4944.0 1.66333 0.0294517
4946.0 1.69379 0.0295993
4948.0 1.68731 0.0295927
4950.0 1.69931 0.0297181
4952.0 1.67635 0.0300843
4954.0 1.73811 0.0303716
4956.0 1.65578 0.030217
4958.0 1.76375 0.0301726
4960.0 1.80575 0.0303395
4962.0 1.84776 0.030467
4964.0 1.88788 0.0308058
4966.0 1.86642 0.0310429
4968.0 1.9067 0.031324
4970.0 1.81908 0.0314222
4972.0 1.92708 0.0319769
4974.0 1.97102 0.0328237
4976.0 2.06014 0.0334354
4978.0 2.03303 0.0347586
4980.0 2.1816 0.0360142
4982.0 2.20303 0.0367256
4984.0 2.03947 0.0363315
4986.0 2.06166 0.0359608
4988.0 2.14269 0.0351054
4990.0 2.11978 0.0344871
4992.0 2.2386 0.0342225
4994.0 2.11743 0.0334038
4996.0 2.20222 0.0328863
4998.0 2.16057 0.0324029
5000.0 2.22026 0.032304
5002.0 2.13668 0.0321856
5004.0 2.17893 0.0321027
5006.0 2.03303 0.0316753
5008.0 2.09952 0.0313988
5010.0 2.07938 0.0314462
5012.0 2.09895 0.0313511
5014.0 2.13382 0.0314195
5016.0 2.10663 0.0314511
5018.0 2.10358 0.0315542
5020.0 2.1431 0.0316708
5022.0 2.11982 0.0316459
5024.0 2.10347 0.0313581
5026.0 2.11405 0.0312147
5028.0 2.03111 0.0311096
5030.0 2.02751 0.0312843
5032.0 1.97588 0.0312347
5034.0 2.06221 0.0310482
5036.0 2.00449 0.0307009
5038.0 1.98638 0.0306543
5040.0 1.91999 0.0304103
5042.0 1.95076 0.0304027
5044.0 1.87264 0.0302039
5046.0 1.83506 0.0301999
5048.0 1.8721 0.0301658
5050.0 1.88023 0.03005
5052.0 1.78724 0.0298011
5054.0 1.75179 0.0297177
5056.0 1.76962 0.0297568
5058.0 1.72452 0.029621
5060.0 1.82259 0.0300653
5062.0 1.77653 0.0303062
5064.0 1.77035 0.0306103
5066.0 1.773 0.0306632
5068.0 1.73881 0.0311675
5070.0 1.80114 0.0313878
5072.0 1.85097 0.0311671
5074.0 1.83745 0.0309742
5076.0 1.78404 0.0305707
5078.0 1.83127 0.0307933
5080.0 1.89164 0.0326859
5082.0 1.94276 0.0345967
5084.0 1.91406 0.0355537
5086.0 1.79763 0.0355359
5088.0 1.9423 0.0349203
5090.0 1.96627 0.0331605
5092.0 1.93822 0.0319309
5094.0 2.05552 0.0315901
5096.0 1.98866 0.0321697
5098.0 2.04364 0.0329604
5100.0 2.02886 0.0333526
5102.0 2.0807 0.0327004
5104.0 2.03236 0.0317613
5106.0 2.0583 0.0317926
5108.0 2.08738 0.0316274
5110.0 2.06884 0.0317898
5112.0 2.05049 0.031907
5114.0 2.10736 0.0322001
5116.0 2.05065 0.0321575
5118.0 1.99731 0.031947
5120.0 2.13061 0.0320477
5122.0 2.11288 0.0317067
5124.0 2.15784 0.0318639
5126.0 2.14391 0.0319515
5128.0 2.11382 0.0318109
5130.0 2.16701 0.0320858
5132.0 2.19681 0.0320556
5134.0 2.21201 0.0323052
5136.0 2.18312 0.0323112
5138.0 2.199 0.0324626
5140.0 2.18913 0.0324043
5142.0 2.26073 0.0326619
5144.0 2.23207 0.0326928
5146.0 2.24217 0.0328995
5148.0 2.22698 0.0334388
5150.0 2.20305 0.0340594
5152.0 2.19217 0.0345086
5154.0 2.19915 0.0347315
5156.0 2.23647 0.0343306
5158.0 2.27885 0.0340779
5160.0 2.22232 0.0335074
5162.0 2.27038 0.0332459
5164.0 2.20642 0.0333517
5166.0 2.36059 0.0335299
5168.0 2.33918 0.033551
5170.0 2.33666 0.0335803
5172.0 2.38933 0.0338981
5174.0 2.38112 0.0338591
5176.0 2.36986 0.0340025
5178.0 2.40365 0.0340453
5180.0 2.40569 0.033967
5182.0 2.37319 0.0338795
5184.0 2.37701 0.033985
5186.0 2.4573 0.0344623
5188.0 2.4538 0.0343955
5190.0 2.37332 0.0343827
5192.0 2.40252 0.0344
5194.0 2.37962 0.0344542
5196.0 2.47313 0.0347723
5198.0 2.38604 0.0350895
5200.0 2.38319 0.034965
5202.0 2.40582 0.0349382
5204.0 2.36708 0.0346039
5206.0 2.42946 0.0348261
5208.0 2.46706 0.0352396
5210.0 2.48381 0.0356512
5212.0 2.40114 0.0353774
5214.0 2.42974 0.0353398
5216.0 2.37915 0.0354652
5218.0 2.36125 0.0355614
5220.0 2.4209 0.035598
5222.0 2.46655 0.0356438
5224.0 2.41432 0.0354195
5226.0 2.45311 0.0353828
5228.0 2.4273 0.035506
5230.0 2.39961 0.0356452
5232.0 2.57296 0.0361349
5234.0 2.45029 0.0359067
5236.0 2.42785 0.0359339
5238.0 2.43247 0.0361085
5240.0 2.36563 0.0360872
5242.0 2.42734 0.0362422
5244.0 2.4623 0.0363131
5246.0 2.39018 0.0360162
5248.0 2.39333 0.036292
5250.0 2.42957 0.0363769
5252.0 2.54107 0.0366287
5254.0 2.54973 0.0369563
5256.0 2.44616 0.037168
5258.0 2.46653 0.0374824
5260.0 2.45168 0.037422
5262.0 2.48893 0.0372317
5264.0 2.52961 0.0372422
5266.0 2.52769 0.0375357
5268.0 2.55208 0.0375072
5270.0 2.65547 0.0380816
5272.0 2.59767 0.0378131
5274.0 2.67038 0.0386019
5276.0 2.57312 0.0383481
5278.0 2.5639 0.0385456
5280.0 2.66424 0.0386405
5282.0 2.55292 0.0385557
5284.0 2.63077 0.038984
5286.0 2.62721 0.039484
5288.0 2.69644 0.0394786
5290.0 2.77699 0.03967
5292.0 2.6725 0.0397624
5294.0 2.74976 0.0400233
5296.0 2.72284 0.0402075
5298.0 2.80664 0.040449
5300.0 2.85395 0.0406479
5302.0 2.85668 0.0407293
5304.0 2.80209 0.0408545
5306.0 2.82591 0.0407714
5308.0 2.7604 0.0407379
5310.0 2.64202 0.0407417
5312.0 2.7546 0.0409898
5314.0 2.71643 0.0410919
5316.0 2.66911 0.0407596
5318.0 2.5365 0.0404938
5320.0 2.64695 0.0408082
5322.0 2.53097 0.0405959
5324.0 2.48683 0.0404818
5326.0 2.50504 0.0405656
5328.0 2.39952 0.0403533
5330.0 2.37897 0.0402824
5332.0 2.43792 0.0407447
5334.0 2.38738 0.0407431
5336.0 2.35668 0.0406953
5338.0 2.38189 0.0410868
5340.0 2.32925 0.0410756
5342.0 2.27172 0.0412438
5344.0 2.17429 0.0410585
5346.0 2.16714 0.0411593
5348.0 2.17291 0.0417117
5350.0 2.04827 0.0417256
5352.0 2.15354 0.0416054
5354.0 2.21461 0.0420606
5356.0 2.10968 0.0422395
5358.0 2.08498 0.0417379
5360.0 2.18527 0.041694
5362.0 2.17881 0.0414761
5364.0 2.12789 0.0235745
5366.0 2.10264 0.0233615
5368.0 2.08767 0.0234365
5370.0 2.10515 0.0234939
5372.0 2.05988 0.0237306
5374.0 2.03583 0.0239063
5376.0 2.02157 0.0241085
5378.0 2.03889 0.024065
5380.0 2.05149 0.0240685
5382.0 2.0379 0.0240977
5384.0 2.0264 0.0240388
5386.0 2.04589 0.0242609
5388.0 2.05844 0.0243314
5390.0 2.01813 0.0246156
5392.0 2.07085 0.0249051
5394.0 2.09817 0.0250172
5396.0 2.06981 0.024976
5398.0 2.04325 0.0248012
5400.0 2.03895 0.0249764
5402.0 2.04604 0.0250995
5404.0 2.05316 0.0252093
5406.0 2.04718 0.0252402
5408.0 2.08147 0.0255355
5410.0 2.06496 0.0257112
5412.0 2.0771 0.0259734
5414.0 2.10275 0.0263212
5416.0 2.06343 0.0267394
5418.0 2.02595 0.0270096
5420.0 2.06866 0.0271558
5422.0 2.10327 0.027201
5424.0 2.05568 0.0270883
5426.0 2.08776 0.0269871
5428.0 2.1489 0.02699
5430.0 2.10728 0.0270709
5432.0 2.1117 0.0272832
5434.0 2.16108 0.0274159
5436.0 2.14129 0.0276239
5438.0 2.12548 0.0276417
5440.0 2.14178 0.0276934
5442.0 2.21759 0.0279912
5444.0 2.2204 0.0281988
5446.0 2.14658 0.0282651
5448.0 2.12808 0.028305
5450.0 2.1504 0.0283721
5452.0 2.14334 0.0285469
5454.0 2.16076 0.0292321
5456.0 2.15029 0.030552
5458.0 2.15751 0.035463
5460.0 2.1376 0.0392515
5462.0 2.11291 0.0387982
5464.0 2.15973 0.035997
5466.0 2.11377 0.0336409
5468.0 2.12259 0.0314592
5470.0 2.10825 0.0299954
5472.0 2.08632 0.0296992
5474.0 2.12805 0.029431
5476.0 2.11732 0.0291867
5478.0 2.04172 0.0292279
5480.0 2.03411 0.0295392
5482.0 2.09003 0.0300465
5484.0 2.09884 0.030089
5486.0 2.07167 0.0297903
5488.0 2.05716 0.0294132
5490.0 2.04979 0.0292613
5492.0 2.02187 0.0291714
5494.0 1.98467 0.0227662
5496.0 1.93386 0.0224288
5498.0 1.91462 0.0222185
5500.0 1.92485 0.0221507
5502.0 1.92603 0.022072
5504.0 1.91885 0.0219841
5506.0 1.91224 0.0219258
5508.0 1.91512 0.0219231
5510.0 1.92143 0.0219609
5512.0 1.89851 0.0219898
5514.0 1.84403 0.0220573
5516.0 1.80588 0.0220581
5518.0 1.76243 0.0220337
5520.0 1.73578 0.0219528
5522.0 1.73632 0.0218054
5524.0 1.74437 0.0216071
5526.0 1.73619 0.0213635
5528.0 1.7207 0.0210569
5530.0 1.70833 0.0208168
5532.0 1.69952 0.0205826
5534.0 1.68187 0.0204193
5536.0 1.65269 0.0202169
5538.0 1.62561 0.0202362
5540.0 1.60378 0.0207987
5542.0 1.58663 0.0214869
5544.0 1.58296 0.0212555
5546.0 1.59604 0.0201352
5548.0 1.59555 0.0197113
5550.0 1.58709 0.0195917
5552.0 1.58175 0.0195646
5554.0 1.57822 0.0196215
5556.0 1.57748 0.0198226
5558.0 1.58192 0.0203325
5560.0 1.59036 0.021045
5562.0 1.59682 0.0209462
5564.0 1.60572 0.0195894
5566.0 1.60902 0.0196463
5568.0 1.59976 0.0203473
5570.0 1.60379 0.0217538
5572.0 1.63114 0.0243078
5574.0 1.66629 0.0267535
5576.0 1.69482 0.0275966
5578.0 1.73155 0.0275269
5580.0 1.7558 0.0273248
5582.0 1.78004 0.0261185
5584.0 1.80429 0.0258599
5586.0 1.82853 0.0267151
5588.0 1.85277 0.0274186
5590.0 1.87702 0.0275179
5592.0 1.90127 0.0272685
5594.0 1.92551 0.0264514
5596.0 1.94975 0.0248467
5598.0 1.974 0.0233924
5600.0 1.99825 0.0212389
5602.0 2.02249 0.0199431
5604.0 2.02249 0.0200809
5606.0 2.02739 0.0206086
5608.0 2.04365 0.0206586
5610.0 2.04624 0.0206222
5612.0 2.06793 0.0206713
5614.0 2.10365 0.0207673
5616.0 2.13354 0.0208455
5618.0 2.16727 0.0209402
5620.0 2.19183 0.0210015
5622.0 2.19899 0.0210023
5624.0 2.20053 0.0209805
5626.0 2.2161 0.020995
5628.0 2.24042 0.0210273
5630.0 2.25849 0.0210493
5632.0 2.27478 0.0210578
5634.0 2.29006 0.0210911
5636.0 2.30528 0.0211529
5638.0 2.31781 0.0212197
5640.0 2.32677 0.0212861
5642.0 2.33233 0.0213517
5644.0 2.33085 0.0213789
5646.0 2.31877 0.0213679
5648.0 2.31444 0.0213693
5650.0 2.3137 0.0213576
5652.0 2.31282 0.021364
5654.0 2.31185 0.0213815
5656.0 2.31072 0.0214241
5658.0 2.30932 0.0215005
5660.0 2.30806 0.0215979
5662.0 2.30154 0.0218401
5664.0 2.28631 0.0222299
5666.0 2.27963 0.0226058
5668.0 2.28286 0.0230529
5670.0 2.28184 0.0234343
5672.0 2.2714 0.0236349
5674.0 2.25625 0.0238149
5676.0 2.24082 0.0242751
5678.0 2.22263 0.0248349
5680.0 2.2057 0.0257608
5682.0 2.18454 0.0272711
5684.0 2.17229 0.0282946
5686.0 2.1692 0.0290834
5688.0 2.17113 0.0294418
5690.0 2.18062 0.0291168
5692.0 2.19494 0.0282477
5694.0 2.18214 0.0273006
5696.0 2.13717 0.0257832
5698.0 2.1163 0.0246926
5700.0 2.10034 0.0237645
5702.0 2.09732 0.023009
5704.0 2.11909 0.0224838
5706.0 2.14222 0.0221218
5708.0 2.1333 0.0218285
5710.0 2.10328 0.0216723
5712.0 2.08183 0.0214395
5714.0 2.05238 0.0211908
5716.0 2.03748 0.0209528
5718.0 2.03782 0.0207128
5720.0 2.03972 0.020491
5722.0 2.04088 0.0203029
5724.0 2.04065 0.0201343
5726.0 2.02659 0.0199533
5728.0 1.99769 0.0197661
5730.0 1.9798 0.0195993
5732.0 1.96188 0.0194206
5734.0 1.95358 0.0193054
5736.0 1.95979 0.0192853
5738.0 1.96739 0.0192766
5740.0 1.96557 0.0191608
5742.0 1.95948 0.0189948
5744.0 1.95532 0.0192126
5746.0 1.94828 0.0198913
5748.0 1.94751 0.0202266
5750.0 1.95161 0.0205491
5752.0 1.95747 0.0205684
5754.0 1.96517 0.0199873
5756.0 1.97412 0.0193035
5758.0 1.98414 0.0193888
5760.0 1.99875 0.0199674
5762.0 1.9925 0.0204855
5764.0 1.95888 0.0212698
5766.0 1.94472 0.0217975
5768.0 1.94608 0.0222576
5770.0 1.95246 0.0224374
5772.0 1.96224 0.0221432
5774.0 1.97481 0.0215377
5776.0 1.97875 0.0210635
5778.0 1.97816 0.0203904
5780.0 1.9733 0.0202038
5782.0 1.96166 0.0203872
5784.0 1.95052 0.0207082
5786.0 1.94106 0.0213218
5788.0 1.92994 0.0218775
5790.0 1.91498 0.0220425
5792.0 1.89725 0.0219811
5794.0 1.87393 0.0216765
5796.0 1.84268 0.0209128
5798.0 1.81451 0.0203763
5800.0 1.78911 0.0198861
5802.0 1.75973 0.0194879
5804.0 1.72136 0.0192192
5806.0 1.68146 0.019041
5808.0 1.65443 0.01889
5810.0 1.63947 0.0188068
5812.0 1.6071 0.0187078
5814.0 1.55949 0.0186178
5816.0 1.51893 0.0185421
5818.0 1.48309 0.0184749
5820.0 1.44988 0.0184291
5822.0 1.41743 0.0184167
5824.0 1.38752 0.0184292
5826.0 1.36943 0.0184415
5828.0 1.36628 0.0184646
5830.0 1.354 0.0184909
5832.0 1.33385 0.0185104
5834.0 1.32301 0.0185589
5836.0 1.32551 0.0186464
5838.0 1.3326 0.0187506
5840.0 1.33784 0.0188515
5842.0 1.34497 0.0189583
5844.0 1.34056 0.0190643
5846.0 1.32133 0.0191643
5848.0 1.31264 0.0192825
5850.0 1.30349 0.0194039
5852.0 1.30823 0.0195533
5854.0 1.33703 0.0197456
5856.0 1.37752 0.0199617
5858.0 1.40693 0.020172
5860.0 1.43673 0.0204019
5862.0 1.45261 0.0205773
5864.0 1.45081 0.0207278
5866.0 1.45666 0.0208369
5868.0 1.46561 0.0209285
5870.0 1.4819 0.0209515
5872.0 1.51561 0.0208033
5874.0 1.55996 0.0205525
5876.0 1.57536 0.0206526
5878.0 1.56457 0.0199538
5880.0 1.56577 0.0218481
5882.0 1.56158 0.0248182
5884.0 1.57005 0.028898
5886.0 1.60352 0.0344907
5888.0 1.63841 0.0396279
5890.0 1.64028 0.0429748
5892.0 1.61705 0.0458057
5894.0 1.63081 0.0457217
5896.0 1.66919 0.0425173
5898.0 1.70707 0.0393447
5900.0 1.75506 0.0346934
5902.0 1.79834 0.0300432
5904.0 1.82949 0.0264453
5906.0 1.85434 0.0236356
5908.0 1.87945 0.0218411
5910.0 1.90171 0.0218226
5912.0 1.92416 0.0215231
5914.0 1.94635 0.0217848
5916.0 1.96683 0.022028
5918.0 1.98756 0.0223931
5920.0 2.00428 0.0226541
5922.0 2.00941 0.0225102
5924.0 2.00661 0.0221034
5926.0 2.02674 0.0220687
5928.0 2.07207 0.0223307
5930.0 2.09909 0.0224144
5932.0 2.11398 0.0224549
5934.0 2.13251 0.0224362
5936.0 2.16208 0.0223369
5938.0 2.19098 0.0221933
5940.0 2.20196 0.0220559
5942.0 2.19849 0.02189
5944.0 2.20623 0.0217978
5946.0 2.22159 0.0217737
5948.0 2.22995 0.0217341
5950.0 2.22763 0.0217013
5952.0 2.23039 0.0216546
5954.0 2.24925 0.0215796
5956.0 2.27519 0.0214861
5958.0 2.28742 0.0213866
5960.0 2.29312 0.0212662
5962.0 2.29383 0.0211663
5964.0 2.28328 0.0210649
5966.0 2.27884 0.0209912
5968.0 2.28129 0.0209534
5970.0 2.28732 0.020931
5972.0 2.29849 0.0209145
5974.0 2.31506 0.0209109
5976.0 2.31026 0.0208474
5978.0 2.2783 0.0207241
5980.0 2.26852 0.0206207
5982.0 2.2729 0.0205094
5984.0 2.27987 0.0204125
5986.0 2.29231 0.0203429
5988.0 2.30277 0.0202837
5990.0 2.28974 0.0202081
5992.0 2.25519 0.0201252
5994.0 2.23793 0.0200432
5996.0 2.22709 0.019962
5998.0 2.2186 0.0198741
6000.0 2.21376 0.0197755
6002.0 2.21073 0.0196786
6004.0 2.21148 0.0195866
6006.0 2.21332 0.0195
6008.0 2.1964 0.0194449
6010.0 2.15333 0.0194409
6012.0 2.138 0.019381
6014.0 2.13557 0.0192848
6016.0 2.14287 0.0191867
6018.0 2.16705 0.0190723
6020.0 2.19295 0.0189722
6022.0 2.2014 0.0189377
6024.0 2.20009 0.0189538
6026.0 2.19748 0.0189278
6028.0 2.18482 0.0188877
6030.0 2.18171 0.0188415
6032.0 2.18776 0.0187881
6034.0 2.19228 0.0187255
6036.0 2.1926 0.018651
6038.0 2.19021 0.0185682
6040.0 2.1825 0.0184831
6042.0 2.16618 0.0183839
6044.0 2.1633 0.0183194
6046.0 2.17207 0.0182858
6048.0 2.17697 0.0182493
6050.0 2.18107 0.0182187
6052.0 2.18104 0.0181816
6054.0 2.17202 0.0181224
6056.0 2.15693 0.0180501
6058.0 2.14782 0.0180004
6060.0 2.14141 0.0179734
6062.0 2.13451 0.0179269
6064.0 2.124 0.0178565
6066.0 2.12153 0.0178099
6068.0 2.13456 0.0178033
6070.0 2.149 0.017808
6072.0 2.14661 0.0177961
6074.0 2.13415 0.0177839
6076.0 2.11979 0.0177283
6078.0 2.09502 0.0176207
6080.0 2.07885 0.0175328
6082.0 2.07269 0.0174455
6084.0 2.06305 0.0173722
6086.0 2.04291 0.017318
6088.0 2.01842 0.0172812
6090.0 1.99911 0.0172696
6092.0 1.97777 0.0172887
6094.0 1.97096 0.0173015
6096.0 1.98263 0.0173063
6098.0 1.98547 0.0173425
6100.0 1.98389 0.0173987
6102.0 1.97241 0.0174936
6104.0 1.93932 0.0176487
6106.0 1.89017 0.017852
6108.0 1.8645 0.0180732
6110.0 1.85374 0.0184265
6112.0 1.84123 0.0185549
6114.0 1.83594 0.0185028
6116.0 1.82526 0.018427
6118.0 1.80286 0.0183998
6120.0 1.77875 0.018308
6122.0 1.76813 0.0179655
6124.0 1.76828 0.017365
6126.0 1.75446 0.0170062
6128.0 1.73773 0.0167774
6130.0 1.70791 0.0165552
6132.0 1.66195 0.0163626
6134.0 1.612 0.016199
6136.0 1.55894 0.0160604
6138.0 1.50545 0.0159509
6140.0 1.47752 0.015878
6142.0 1.48148 0.0158767
6144.0 1.45317 0.0157969
6146.0 1.4003 0.0156084
6148.0 1.35724 0.0155333
6150.0 1.33106 0.0156042
6152.0 1.30311 0.0157321
6154.0 1.25429 0.0158774
6156.0 1.19171 0.0160652
6158.0 1.15433 0.0160725
6160.0 1.14126 0.0159993
6162.0 1.11191 0.015762
6164.0 1.07351 0.0153017
6166.0 1.03368 0.0148048
6168.0 0.990511 0.0142737
6170.0 0.948874 0.0137423
6172.0 0.922817 0.0133908
6174.0 0.910592 0.0131932
6176.0 0.889844 0.012971
6178.0 0.86432 0.0127733
6180.0 0.844245 0.0126297
6182.0 0.829767 0.0125593
6184.0 0.817 0.0125107
6186.0 0.804494 0.0124574
6188.0 0.792805 0.0124121
6190.0 0.779255 0.0123564
6192.0 0.761176 0.0122858
6194.0 0.752012 0.0122413
6196.0 0.752582 0.0122146
6198.0 0.748858 0.0121948
6200.0 0.736326 0.0121704
6202.0 0.724558 0.0121659
6204.0 0.725242 0.0122221
6206.0 0.735212 0.0123312
6208.0 0.729071 0.0123517
6210.0 0.702713 0.0123101
6212.0 0.69715 0.0122736
6214.0 0.711172 0.0122277
6216.0 0.723617 0.0121708
6218.0 0.727181 0.0120957
6220.0 0.727998 0.0120137
6222.0 0.730431 0.011951
6224.0 0.730353 0.0118784
6226.0 0.740335 0.011895
6228.0 0.76122 0.0119508
6230.0 0.778423 0.0121045
6232.0 0.793639 0.0124031
6234.0 0.806551 0.0127044
6236.0 0.814912 0.0129274
6238.0 0.820168 0.0131139
6240.0 0.830741 0.0132158
6242.0 0.844943 0.0132927
6244.0 0.858508 0.0132066
6246.0 0.869468 0.0128426
6248.0 0.887038 0.0126326
6250.0 0.916817 0.0126683
6252.0 0.948317 0.0128184
6254.0 0.967367 0.0130016
6256.0 0.978424 0.0132699
6258.0 0.994902 0.013423
6260.0 1.00901 0.013543
6262.0 1.03195 0.0135829
6264.0 1.06848 0.0135174
6266.0 1.10038 0.0134386
6268.0 1.11921 0.0133624
6270.0 1.13145 0.0132949
6272.0 1.14409 0.0133371
6274.0 1.15365 0.0135033
6276.0 1.1641 0.0135576
6278.0 1.16855 0.013523
6280.0 1.18427 0.0135494
6282.0 1.21957 0.0136618
6284.0 1.25234 0.0137755
6286.0 1.26056 0.0138081
6288.0 1.25453 0.0137988
6290.0 1.27215 0.0139436
6292.0 1.31307 0.0141631
6294.0 1.3347 0.0144854
6296.0 1.34612 0.0149928
6298.0 1.35394 0.0154041
6300.0 1.35547 0.0157223
6302.0 1.35674 0.0159205
6304.0 1.37003 0.0158498
6306.0 1.39055 0.015518
6308.0 1.41704 0.0152894
6310.0 1.46004 0.0150341
6312.0 1.4872 0.0147936
6314.0 1.49788 0.0145311
6316.0 1.50747 0.0143241
6318.0 1.52224 0.0142177
6320.0 1.53886 0.0141875
6322.0 1.55919 0.0142173
6324.0 1.58205 0.014334
6326.0 1.60952 0.0144506
6328.0 1.64982 0.0146495
6330.0 1.67656 0.0147594
6332.0 1.68247 0.014763
6334.0 1.68583 0.0147174
6336.0 1.70316 0.0146471
6338.0 1.72739 0.0145351
6340.0 1.74918 0.0145131
6342.0 1.77652 0.0145686
6344.0 1.79317 0.0145971
6346.0 1.79404 0.0145935
6348.0 1.80408 0.0146422
6350.0 1.83811 0.0148056
6352.0 1.87584 0.0149901
6354.0 1.88241 0.0150252
6356.0 1.86549 0.0149368
6358.0 1.8603 0.0149732
6360.0 1.84973 0.0150748
6362.0 1.85291 0.0151829
6364.0 1.8755 0.0153946
6366.0 1.89701 0.0154884
6368.0 1.90321 0.0152574
6370.0 1.90305 0.0148405
6372.0 1.91471 0.0147244
6374.0 1.93661 0.0148104
6376.0 1.95073 0.0148452
6378.0 1.95995 0.014915
6380.0 1.97138 0.0149857
6382.0 1.98292 0.0150639
6384.0 1.99906 0.0151358
6386.0 2.0022 0.0151979
6388.0 2.00533 0.0152664
6390.0 2.00847 0.0151502
6392.0 2.01161 0.0147075
6394.0 2.01474 0.0145966
6396.0 2.01788 0.0147971
6398.0 2.01788 0.0149867
6400.0 2.02714 0.0150721
6402.0 2.03081 0.0151226
6404.0 2.04434 0.0151505
6406.0 2.06454 0.0151459
6408.0 2.07779 0.0151365
6410.0 2.08914 0.0151054
6412.0 2.09594 0.0150787
6414.0 2.09516 0.0150565
6416.0 2.09473 0.0150319
6418.0 2.10277 0.0150049
6420.0 2.11459 0.0149747
6422.0 2.11184 0.0149197
6424.0 2.09196 0.0148255
6426.0 2.08557 0.0147659
6428.0 2.08679 0.0147171
6430.0 2.08704 0.0146866
6432.0 2.08558 0.0146841
6434.0 2.08318 0.0146914
6436.0 2.07978 0.0146847
6438.0 2.0763 0.0146748
6440.0 2.06458 0.0146537
6442.0 2.03906 0.0146107
6444.0 2.02629 0.014589
6446.0 2.02566 0.0145878
6448.0 2.02531 0.0145875
6450.0 2.02143 0.0145792
6452.0 2.016 0.0145699
6454.0 2.00633 0.0145671
6456.0 1.98886 0.0145527
6458.0 1.98394 0.0145952
6460.0 1.99107 0.014701
6462.0 1.99301 0.0147862
6464.0 1.98853 0.0148689
6466.0 1.98327 0.0149219
6468.0 1.98072 0.014912
6470.0 1.97924 0.0148547
6472.0 1.97833 0.0147816
6474.0 1.97978 0.0146604
6476.0 1.97811 0.0145616
6478.0 1.97441 0.0144602
6480.0 1.96977 0.0143739
6482.0 1.96503 0.0143069
6484.0 1.95878 0.0142553
6486.0 1.94821 0.0142124
6488.0 1.93311 0.0141709
6490.0 1.92303 0.0142027
6492.0 1.91183 0.0143074
6494.0 1.90941 0.0144118
6496.0 1.91929 0.0145475
6498.0 1.92835 0.014664
6500.0 1.93081 0.0147484
6502.0 1.92971 0.0148004
6504.0 1.92283 0.0147503
6506.0 1.90656 0.0145826
6508.0 1.89867 0.0144569
6510.0 1.89473 0.014304
6512.0 1.89212 0.0141871
6514.0 1.89451 0.0141079
6516.0 1.89398 0.0140602
6518.0 1.87926 0.0140512
6520.0 1.85427 0.0140804
6522.0 1.84576 0.0140862
6524.0 1.85285 0.0140705
6526.0 1.8486 0.0140954
6528.0 1.83571 0.0141717
6530.0 1.8248 0.0142273
6532.0 1.82078 0.0142534
6534.0 1.81745 0.01425
6536.0 1.80397 0.0141794
6538.0 1.77898 0.0140268
6540.0 1.77521 0.0139594
6542.0 1.79441 0.0139279
6544.0 1.79899 0.0139256
6546.0 1.7883 0.0139695
6548.0 1.77654 0.0140196
6550.0 1.77206 0.0140607
6552.0 1.76979 0.0140968
6554.0 1.761 0.0140774
6556.0 1.74783 0.014015
6558.0 1.73376 0.0139285
6560.0 1.71634 0.0137761
6562.0 1.69969 0.013661
6564.0 1.68052 0.0135887
6566.0 1.6658 0.0135511
6568.0 1.6664 0.0135575
6570.0 1.67913 0.0136067
6572.0 1.68495 0.0136646
6574.0 1.68919 0.0137905
6576.0 1.69492 0.0138253
6578.0 1.70734 0.0137877
6580.0 1.71066 0.0137221
6582.0 1.69301 0.013622
6584.0 1.66877 0.0135079
6586.0 1.66881 0.0134632
6588.0 1.68985 0.0134763
6590.0 1.68939 0.0134498
6592.0 1.67329 0.0133902
6594.0 1.66383 0.0133699
6596.0 1.66313 0.0134056
6598.0 1.66058 0.0134398
6600.0 1.64787 0.0134352
6602.0 1.62959 0.0134104
6604.0 1.61957 0.0133693
6606.0 1.61178 0.0132981
6608.0 1.61045 0.0132391
6610.0 1.62018 0.0131777
6612.0 1.62427 0.0131203
6614.0 1.61946 0.0130644
6616.0 1.61075 0.0130158
6618.0 1.60155 0.0129877
6620.0 1.58998 0.0129789
6622.0 1.58017 0.0129533
6624.0 1.57074 0.0129129
6626.0 1.56186 0.012889
6628.0 1.55438 0.0128845
6630.0 1.54599 0.0128765
6632.0 1.53303 0.0128527
6634.0 1.51992 0.0128237
6636.0 1.52027 0.0128083
6638.0 1.53432 0.012802
6640.0 1.53855 0.012794
6642.0 1.54226 0.0127992
6644.0 1.53889 0.0127826
6646.0 1.52601 0.0127327
6648.0 1.51027 0.0126813
6650.0 1.4945 0.0126501
6652.0 1.47726 0.0126289
6654.0 1.47765 0.0126446
6656.0 1.50273 0.0127267
6658.0 1.50664 0.0127441
6660.0 1.49549 0.0127156
6662.0 1.48637 0.0126869
6664.0 1.48326 0.0126654
6666.0 1.48145 0.0126451
6668.0 1.47748 0.0126281
6670.0 1.47255 0.0126129
6672.0 1.46792 0.0126041
6674.0 1.46049 0.0125963
6676.0 1.45887 0.0126022
6678.0 1.46295 0.0126312
6680.0 1.46942 0.0126542
6682.0 1.48097 0.0126609
6684.0 1.49341 0.0126549
6686.0 1.48349 0.0126153
6688.0 1.44544 0.0125139
6690.0 1.43607 0.0124927
6692.0 1.44913 0.0125392
6694.0 1.45269 0.0125651
6696.0 1.44401 0.012557
6698.0 1.43144 0.0125509
6700.0 1.41786 0.0125743
6702.0 1.40113 0.0126149
6704.0 1.40046 0.0126687
6706.0 1.42387 0.0127761
6708.0 1.42327 0.0128057
6710.0 1.39962 0.0127722
6712.0 1.38224 0.0127239
6714.0 1.38083 0.0126684
6716.0 1.38518 0.0126032
6718.0 1.38536 0.0125423
6720.0 1.38658 0.0124787
6722.0 1.38111 0.0124221
6724.0 1.36867 0.0123695
6726.0 1.35771 0.012321
6728.0 1.34345 0.0122666
6730.0 1.33489 0.0122311
6732.0 1.34113 0.0122389
6734.0 1.35584 0.012273
6736.0 1.35833 0.0122776
6738.0 1.35526 0.0122747
6740.0 1.34909 0.0122557
6742.0 1.3341 0.0121992
6744.0 1.32489 0.0121746
6746.0 1.32603 0.0122113
6748.0 1.32808 0.0122488
6750.0 1.3196 0.0122141
6752.0 1.3036 0.0121296
6754.0 1.304 0.0121032
6756.0 1.32258 0.0121236
6758.0 1.32772 0.0121122
6760.0 1.32352 0.0120771
6762.0 1.31742 0.012042
6764.0 1.31029 0.0120115
6766.0 1.30259 0.0119843
6768.0 1.29957 0.0119693
6770.0 1.30065 0.0119647
6772.0 1.29882 0.0119627
6774.0 1.29778 0.0119793
6776.0 1.29275 0.0119728
6778.0 1.27865 0.0119277
6780.0 1.26873 0.0118911
6782.0 1.27705 0.0119076
6784.0 1.29559 0.0119522
6786.0 1.29038 0.0119368
6788.0 1.25901 0.0118601
6790.0 1.25008 0.0118304
6792.0 1.25347 0.0118236
6794.0 1.2582 0.0118204
6796.0 1.26314 0.0118183
6798.0 1.26952 0.0118205
6800.0 1.27849 0.0118301
6802.0 1.29212 0.0118495
6804.0 1.28787 0.011846
6806.0 1.26547 0.0118262
6808.0 1.24927 0.0118028
6810.0 1.23168 0.0117584
6812.0 1.22042 0.0117318
6814.0 1.22031 0.0117309
6816.0 1.22737 0.0117574
6818.0 1.23591 0.0118483
6820.0 1.25245 0.0119821
6822.0 1.25748 0.012186
6824.0 1.25648 0.0124897
6826.0 1.25074 0.0127635
6828.0 1.23728 0.0130615
6830.0 1.22275 0.013283
6832.0 1.21278 0.0133314
6834.0 1.20472 0.0132558
6836.0 1.20085 0.0130945
6838.0 1.20836 0.0127486
6840.0 1.20035 0.0124883
6842.0 1.17659 0.0122375
6844.0 1.15765 0.0120121
6846.0 1.14773 0.0118073
6848.0 1.14244 0.0116393
6850.0 1.13996 0.0115316
6852.0 1.14071 0.0114488
6854.0 1.14677 0.011586
6856.0 1.16351 0.0118619
6858.0 1.17174 0.0123105
6860.0 1.17437 0.0130083
6862.0 1.17192 0.0136767
6864.0 1.1639 0.0142788
6866.0 1.15074 0.014799
6868.0 1.13332 0.0148565
6870.0 1.1059 0.0144881
6872.0 1.0901 0.0141374
6874.0 1.08118 0.0135238
6876.0 1.07401 0.013043
6878.0 1.06749 0.0127173
6880.0 1.0644 0.0125125
6882.0 1.06883 0.0124653
6884.0 1.07974 0.0125757
6886.0 1.07988 0.0125862
6888.0 1.06947 0.0125895
6890.0 1.06692 0.0125629
6892.0 1.06923 0.0124841
6894.0 1.07244 0.0124285
6896.0 1.0767 0.0124334
6898.0 1.0809 0.0124533
6900.0 1.07995 0.012416
6902.0 1.07189 0.0123325
6904.0 1.07936 0.0122996
6906.0 1.1027 0.0122972
6908.0 1.11872 0.0122944
6910.0 1.13346 0.0122979
6912.0 1.1396 0.0123011
6914.0 1.12739 0.0122896
6916.0 1.10392 0.0122749
6918.0 1.09663 0.0123147
6920.0 1.09923 0.0124618
6922.0 1.09927 0.0124475
6924.0 1.09793 0.0120414
6926.0 1.10245 0.0121449
6928.0 1.11868 0.0131877
6930.0 1.13445 0.0141632
6932.0 1.13466 0.0141307
6934.0 1.12469 0.0134623
6936.0 1.1179 0.0129722
6938.0 1.10119 0.0120706
6940.0 1.10319 0.0117617
6942.0 1.12862 0.0121122
6944.0 1.14836 0.012453
6946.0 1.15128 0.0126045
6948.0 1.14669 0.0126866
6950.0 1.14346 0.0126523
6952.0 1.13978 0.0125034
6954.0 1.12795 0.0123156
6956.0 1.10434 0.0119843
6958.0 1.08741 0.0117452
6960.0 1.07266 0.0115783
6962.0 1.06639 0.0114891
6964.0 1.07804 0.0115113
6966.0 1.10218 0.0116256
6968.0 1.11205 0.0117232
6970.0 1.11804 0.0118574
6972.0 1.1163 0.0119719
6974.0 1.10161 0.0121106
6976.0 1.09207 0.0121941
6978.0 1.09206 0.0122163
6980.0 1.09467 0.012184
6982.0 1.09401 0.0120797
6984.0 1.09311 0.0118943
6986.0 1.0869 0.0117508
6988.0 1.07233 0.0115876
6990.0 1.06455 0.0114761
6992.0 1.06252 0.0114143
6994.0 1.06146 0.0113768
6996.0 1.06072 0.0113538
6998.0 1.05989 0.0113523
7000.0 1.05366 0.0113778
7002.0 1.04137 0.0114317
7004.0 1.03455 0.0114978
7006.0 1.02694 0.0116066
7008.0 1.02693 0.0116795
7010.0 1.03727 0.0117206
7012.0 1.05041 0.011734
7014.0 1.06223 0.0117157
7016.0 1.07479 0.0116675
7018.0 1.07353 0.0115933
7020.0 1.05578 0.0114499
7022.0 1.04724 0.0113759
7024.0 1.04083 0.0113365
7026.0 1.03741 0.0113296
7028.0 1.03921 0.0113683
7030.0 1.04231 0.0114281
7032.0 1.03932 0.0114667
7034.0 1.03155 0.0115038
7036.0 1.03032 0.0115201
7038.0 1.03533 0.0115143
7040.0 1.03612 0.0115101
7042.0 1.03283 0.0114946
7044.0 1.02939 0.0114907
7046.0 1.02732 0.0115234
7048.0 1.02589 0.0115706
7050.0 1.02609 0.0115619
7052.0 1.02897 0.0115101
7054.0 1.02897 0.0114655
7056.0 1.0277 0.0113963
7058.0 1.02532 0.0113517
7060.0 1.01967 0.0113267
7062.0 1.01551 0.0113298
7064.0 1.01903 0.0113865
7066.0 1.02802 0.0114899
7068.0 1.03108 0.0115346
7070.0 1.02937 0.011551
7072.0 1.03171 0.0115564
7074.0 1.03785 0.011537
7076.0 1.04268 0.0115189
7078.0 1.04569 0.0115062
7080.0 1.04659 0.0114983
7082.0 1.04144 0.0115076
7084.0 1.02769 0.0115371
7086.0 1.02852 0.0115423
7088.0 1.04468 0.0115399
7090.0 1.05119 0.0115213
7092.0 1.04716 0.011473
7094.0 1.0428 0.0114306
7096.0 1.0448 0.0114235
7098.0 1.049 0.011433
7100.0 1.04589 0.0114089
7102.0 1.0383 0.0113612
7104.0 1.02816 0.0113172
7106.0 1.00695 0.0112604
7108.0 0.997847 0.0112154
7110.0 1.00904 0.0111792
7112.0 1.02392 0.0111592
7114.0 1.02396 0.0111707
7116.0 1.01571 0.0112087
7118.0 1.01586 0.0112537
7120.0 1.02411 0.0113323
7122.0 1.02353 0.0113776
7124.0 1.01604 0.0114026
7126.0 1.0062 0.0114119
7128.0 0.992057 0.0113987
7130.0 0.977812 0.0113742
7132.0 0.97847 0.0113705
7134.0 0.994039 0.0113798
7136.0 0.996519 0.0113805
7138.0 0.993847 0.011379
7140.0 0.988054 0.0113756
7142.0 0.975964 0.0113757
7144.0 0.964639 0.0113666
7146.0 0.95934 0.0113376
7148.0 0.957502 0.0112939
7150.0 0.959614 0.0112452
7152.0 0.967237 0.011154
7154.0 0.974446 0.0111368
7156.0 0.987324 0.0111839
7158.0 0.993313 0.0112293
7160.0 0.988125 0.0112587
7162.0 0.978939 0.011294
7164.0 0.972892 0.0113567
7166.0 0.965735 0.0114431
7168.0 0.968594 0.0115041
7170.0 0.986795 0.0115665
7172.0 0.991584 0.0115954
7174.0 0.981512 0.0115809
7176.0 0.9744 0.0115669
7178.0 0.979886 0.0115751
7180.0 0.989943 0.0115894
7182.0 0.990804 0.0115909
7184.0 0.98691 0.0115872
7186.0 0.981056 0.0115754
7188.0 0.967307 0.0115451
7190.0 0.961052 0.0115303
7192.0 0.964165 0.0115346
7194.0 0.970121 0.0115452
7196.0 0.974463 0.0115555
7198.0 0.979263 0.0115688
7200.0 0.984657 0.0115692
7202.0 0.995817 0.0115942
7204.0 0.995136 0.0115355
7206.0 0.981278 0.0113751
7208.0 0.970898 0.0112386
7210.0 0.96687 0.0111385
7212.0 0.966802 0.0110774
7214.0 0.972223 0.0111102
7216.0 0.984315 0.0112386
7218.0 0.99096 0.011299
7220.0 0.997027 0.0113359
7222.0 0.99924 0.011374
7224.0 0.999273 0.0113802
7226.0 0.994209 0.0114287
7228.0 0.977164 0.0114976
7230.0 0.955303 0.0116353
7232.0 0.958647 0.0121605
7234.0 0.986672 0.0130138
7236.0 0.998721 0.0137894
7238.0 1.01054 0.0147963
7240.0 1.01135 0.0154424
7242.0 0.994026 0.0157901
7244.0 0.974806 0.0158519
7246.0 0.972321 0.0155016
7248.0 0.979616 0.0147425
7250.0 0.970129 0.0141068
7252.0 0.939736 0.013263
7254.0 0.931557 0.0126823
7256.0 0.941247 0.0123375
7258.0 0.952578 0.0120847
7260.0 0.964143 0.0118861
7262.0 0.974631 0.0117819
7264.0 0.973516 0.0117684
7266.0 0.961489 0.0117725
7268.0 0.957732 0.0122156
7270.0 0.95877 0.0131428
7272.0 0.956782 0.0138538
7274.0 0.951348 0.0145599
7276.0 0.94597 0.0150215
7278.0 0.942149 0.0150534
7280.0 0.939248 0.0147847
7282.0 0.939329 0.0144257
7284.0 0.94163 0.0136623
7286.0 0.946276 0.0132917
7288.0 0.957763 0.013231
7290.0 0.962886 0.0131
7292.0 0.961043 0.0128197
7294.0 0.953152 0.012535
7296.0 0.934695 0.0123754
7298.0 0.904236 0.0122905
7300.0 0.901165 0.0122782
7302.0 0.919859 0.01223
7304.0 0.936531 0.0125045
7306.0 0.96163 0.0132219
7308.0 0.980803 0.013786
7310.0 0.990062 0.0140236
7312.0 0.991144 0.0140974
7314.0 0.978812 0.0140963
7316.0 0.95102 0.0139939
7318.0 0.927449 0.0137563
7320.0 0.891781 0.0132459
7322.0 0.875621 0.0128831
7324.0 0.882938 0.0126528
7326.0 0.897106 0.0125239
7328.0 0.908621 0.0124927
7330.0 0.921956 0.0125646
7332.0 0.930519 0.0127855
7334.0 0.938622 0.0131821
7336.0 0.939303 0.0135739
7338.0 0.936483 0.0142175
7340.0 0.924603 0.014508
7342.0 0.895677 0.0143301
7344.0 0.864834 0.0138808
7346.0 0.854577 0.013265
7348.0 0.856857 0.0122952
7350.0 0.861267 0.0118361
7352.0 0.878435 0.0117271
7354.0 0.884871 0.011732
7356.0 0.880414 0.0119623
7358.0 0.876855 0.0122397
7360.0 0.880201 0.0124806
7362.0 0.885654 0.0127408
7364.0 0.885634 0.0130689
7366.0 0.882077 0.0135473
7368.0 0.878709 0.0137183
7370.0 0.87112 0.0137632
7372.0 0.86923 0.0135819
7374.0 0.876096 0.0130436
7376.0 0.883352 0.0124123
7378.0 0.883645 0.0119334
7380.0 0.880297 0.0115001
7382.0 0.879671 0.0112719
7384.0 0.879289 0.0110061
7386.0 0.880233 0.0113883
7388.0 0.885773 0.0125669
7390.0 0.885983 0.0134251
7392.0 0.875813 0.0139105
7394.0 0.862768 0.0141014
7396.0 0.857489 0.0137002
7398.0 0.855646 0.0125369
7400.0 0.857765 0.0122202
7402.0 0.871085 0.0126498
7404.0 0.872093 0.0126565
7406.0 0.859635 0.0123045
7408.0 0.845987 0.0118868
7410.0 0.835681 0.0114943
7412.0 0.826882 0.0110971
7414.0 0.825954 0.0109134
7416.0 0.835466 0.0109439
7418.0 0.836327 0.0109232
7420.0 0.830324 0.0109189
7422.0 0.829015 0.0109657
7424.0 0.836669 0.0110839
7426.0 0.84334 0.0112246
7428.0 0.839515 0.011341
7430.0 0.829258 0.0114537
7432.0 0.815651 0.011572
7434.0 0.790451 0.0117293
7436.0 0.777641 0.0118036
7438.0 0.773765 0.0118591
7440.0 0.772734 0.0118037
7442.0 0.77375 0.011561
7444.0 0.776803 0.0112261
7446.0 0.779713 0.0109885
7448.0 0.784472 0.0107601
7450.0 0.784662 0.0106395
7452.0 0.780277 0.0106243
7454.0 0.777576 0.0106396
7456.0 0.777775 0.0107017
7458.0 0.775949 0.0107928
7460.0 0.768205 0.010874
7462.0 0.757013 0.0109753
7464.0 0.749369 0.0112469
7466.0 0.744958 0.0116348
7468.0 0.736036 0.012097
7470.0 0.72078 0.0129414
7472.0 0.71111 0.0132634
7474.0 0.709195 0.0127858
7476.0 0.710887 0.0121017
7478.0 0.712802 0.0119496
7480.0 0.716278 0.0120775
7482.0 0.722542 0.0119965
7484.0 0.734404 0.0118661
7486.0 0.741356 0.0116821
7488.0 0.748382 0.0113899
7490.0 0.748133 0.0111257
7492.0 0.733692 0.0109476
7494.0 0.713462 0.0108167
7496.0 0.706767 0.0107079
7498.0 0.709073 0.0106453
7500.0 0.706975 0.0105656
7502.0 0.704973 0.0104815
7504.0 0.701864 0.0104144
7506.0 0.69694 0.0103499
7508.0 0.692141 0.010318
7510.0 0.689547 0.0103271
7512.0 0.688025 0.0103759
7514.0 0.682481 0.0105767
7516.0 0.673133 0.0108637
7518.0 0.665244 0.011296
7520.0 0.659032 0.0120259
7522.0 0.649636 0.0125075
7524.0 0.632777 0.0127168
7526.0 0.616313 0.012715
7528.0 0.613117 0.01242
7530.0 0.62107 0.0117796
7532.0 0.613712 0.0113183
7534.0 0.593376 0.0108167
7536.0 0.579947 0.0104461
7538.0 0.571208 0.0102254
7540.0 0.563377 0.0100654
7542.0 0.557451 0.00994466
7544.0 0.551134 0.00986814
7546.0 0.532497 0.00975936
7548.0 0.496842 0.00960333
7550.0 0.483406 0.00958558
7552.0 0.493696 0.00971499
7554.0 0.487405 0.0097975
7556.0 0.455643 0.00984454
7558.0 0.424129 0.00985915
7560.0 0.413941 0.0097792
7562.0 0.415531 0.00962503
7564.0 0.41607 0.00980216
7566.0 0.424349 0.0102798
7568.0 0.425382 0.0106494
7570.0 0.422979 0.0111889
7572.0 0.417373 0.0114174
7574.0 0.404417 0.0111496
7576.0 0.391733 0.0106534
7578.0 0.39452 0.0102961
7580.0 0.409248 0.00988185
7582.0 0.419174 0.00973924
7584.0 0.431165 0.00978869
7586.0 0.440221 0.00998986
7588.0 0.445266 0.0101761
7590.0 0.450982 0.0107489
7592.0 0.462563 0.011587
7594.0 0.475367 0.0128108
7596.0 0.472591 0.0154374
7598.0 0.452526 0.0186969
7600.0 0.445477 0.0219013
7602.0 0.44175 0.0268095
7604.0 0.443348 0.0285609
7606.0 0.456762 0.026738
7608.0 0.467763 0.0234543
7610.0 0.456356 0.0206527
7612.0 0.428797 0.0171358
7614.0 0.433236 0.0149896
7616.0 0.464964 0.0145286
7618.0 0.486493 0.0141614
7620.0 0.50608 0.0144421
7622.0 0.525313 0.0150511
7624.0 0.54902 0.0161022
7626.0 0.569196 0.0172082
7628.0 0.566305 0.0175498
7630.0 0.541917 0.0174779
7632.0 0.529313 0.0170979
7634.0 0.514247 0.0160391
7636.0 0.508867 0.0152287
7638.0 0.515261 0.0146162
7640.0 0.524605 0.0141155
7642.0 0.531732 0.0137462
7644.0 0.539361 0.0135035
7646.0 0.548475 0.013207
7648.0 0.561782 0.0129036
7650.0 0.56832 0.012657
7652.0 0.569898 0.0124402
7654.0 0.570607 0.0122884
7656.0 0.570863 0.0122273
7658.0 0.569948 0.0122116
7660.0 0.56672 0.0122029
7662.0 0.560718 0.0122341
7664.0 0.562588 0.012121
7666.0 0.573829 0.0119127
7668.0 0.578176 0.0116325
7670.0 0.57966 0.0111908
7672.0 0.576657 0.0107854
7674.0 0.565768 0.0104902
7676.0 0.551562 0.0102738
7678.0 0.545597 0.0101736
7680.0 0.543022 0.0101984
7682.0 0.546215 0.0102636
7684.0 0.556119 0.0104464
7686.0 0.567603 0.010583
7688.0 0.583847 0.0106603
7690.0 0.598477 0.0107491
7692.0 0.605437 0.0108997
7694.0 0.607809 0.0110842
7696.0 0.612107 0.0112401
7698.0 0.612565 0.0114115
7700.0 0.621202 0.0115234
7702.0 0.638475 0.0114053
7704.0 0.653454 0.011608
7706.0 0.665364 0.0121719
7708.0 0.674472 0.0130032
7710.0 0.677892 0.0142047
7712.0 0.675613 0.0158042
7714.0 0.677451 0.0164235
7716.0 0.677299 0.0165963
7718.0 0.684679 0.0163491
7720.0 0.701411 0.0153804
7722.0 0.718255 0.0143422
7724.0 0.730691 0.0135647
7726.0 0.741991 0.0128909
7728.0 0.756443 0.0124111
7730.0 0.777376 0.0122014
7732.0 0.783733 0.0119281
7734.0 0.773209 0.0116385
7736.0 0.77191 0.0115071
7738.0 0.782399 0.0114657
7740.0 0.795413 0.0116582
7742.0 0.805977 0.0122257
7744.0 0.816555 0.0130563
7746.0 0.818111 0.0140059
7748.0 0.799916 0.0154438
7750.0 0.808371 0.0161371
7752.0 0.848793 0.0165403
7754.0 0.872922 0.0164947
7756.0 0.863566 0.0157449
7758.0 0.843157 0.0146434
7760.0 0.837994 0.0139579
7762.0 0.837089 0.0134261
7764.0 0.843836 0.0129663
7766.0 0.861634 0.0125863
7768.0 0.876314 0.0123998
7770.0 0.888771 0.0124363
7772.0 0.902262 0.0126023
7774.0 0.922531 0.0129275
7776.0 0.94374 0.0133362
7778.0 0.939715 0.0133915
7780.0 0.903268 0.0131209
7782.0 0.898937 0.0130504
7784.0 0.916148 0.0128613
7786.0 0.929398 0.013037
7788.0 0.941003 0.0137627
7790.0 0.947094 0.0145381
7792.0 0.936809 0.0150125
7794.0 0.91306 0.0153913
7796.0 0.909599 0.0152099
7798.0 0.918545 0.01421
7800.0 0.928867 0.0136837
7802.0 0.949604 0.0133719
7804.0 0.963185 0.0132325
7806.0 0.962224 0.0133337
7808.0 0.95467 0.0135613
7810.0 0.950419 0.0136204
7812.0 0.944674 0.0135067
7814.0 0.942783 0.0138759
7816.0 0.948709 0.0147237
7818.0 0.944911 0.0153265
7820.0 0.924642 0.015951
7822.0 0.909649 0.0162207
7824.0 0.916664 0.0157634
7826.0 0.935638 0.0147789
7828.0 0.942815 0.0140266
7830.0 0.946974 0.0129809
7832.0 0.946587 0.0125388
7834.0 0.937603 0.012655
7836.0 0.933083 0.0128544
7838.0 0.935896 0.013139
7840.0 0.940623 0.0134744
7842.0 0.942607 0.0136933
7844.0 0.943937 0.0138173
7846.0 0.943398 0.0144204
7848.0 0.938533 0.0154719
7850.0 0.938664 0.0162924
7852.0 0.940835 0.0172785
7854.0 0.947725 0.017796
7856.0 0.963393 0.0175133
7858.0 0.982545 0.01679
7860.0 0.991804 0.0162891
7862.0 0.995959 0.0156533
7864.0 0.996202 0.0153876
7866.0 0.988447 0.0155403
7868.0 0.984105 0.0155429
7870.0 0.982334 0.0153997
7872.0 0.982664 0.0152211
7874.0 0.98592 0.0150393
7876.0 0.99164 0.0148401
7878.0 0.996621 0.014748
7880.0 1.00385 0.0147264
7882.0 1.0069 0.0147605
7884.0 1.00497 0.0148924
7886.0 1.00548 0.0150122
7888.0 1.01113 0.0151815
7890.0 1.01754 0.0152681
7892.0 1.01939 0.0150172
7894.0 1.01843 0.0144788
7896.0 1.01813 0.0139788
7898.0 1.01566 0.0131376
7900.0 1.01653 0.012802
7902.0 1.01963 0.0128353
7904.0 1.02523 0.0132761
7906.0 1.03444 0.0141956
7908.0 1.04593 0.0153967
7910.0 1.05577 0.0165308
7912.0 1.07064 0.0180467
7914.0 1.0682 0.0185212
7916.0 1.04641 0.0183064
7918.0 1.03173 0.01786
7920.0 1.02507 0.0169379
7922.0 1.021 0.0159419
7924.0 1.01821 0.015404
7926.0 1.01752 0.0151279
7928.0 1.00859 0.0148557
7930.0 0.986645 0.0148019
7932.0 0.979514 0.0145654
7934.0 0.983101 0.0141825
7936.0 0.988869 0.0138212
7938.0 0.996336 0.0134496
7940.0 1.00481 0.0131647
7942.0 1.01076 0.0132596
7944.0 1.0169 0.0137196
7946.0 1.01465 0.0138693
7948.0 1.00308 0.0139508
7950.0 0.993702 0.0138875
7952.0 0.981439 0.0134791
7954.0 0.974619 0.0132464
7956.0 0.981246 0.0134952
7958.0 0.995033 0.0140393
7960.0 0.997672 0.0148017
7962.0 0.996792 0.0161638
7964.0 0.988298 0.0165664
7966.0 0.961252 0.0164
7968.0 0.951602 0.0160454
7970.0 0.971341 0.0152747
7972.0 0.993016 0.0145033
7974.0 0.988364 0.014408
7976.0 0.968253 0.0147635
7978.0 0.960237 0.0147935
7980.0 0.956618 0.0147355
7982.0 0.952618 0.0146583
7984.0 0.951536 0.0142895
7986.0 0.94743 0.0143236
7988.0 0.938083 0.0151718
7990.0 0.925665 0.0162357
7992.0 0.911438 0.0167127
7994.0 0.891065 0.0170727
7996.0 0.885568 0.0166696
7998.0 0.896167 0.0151379
8000.0 0.89872 0.0139984
8002.0 0.894174 0.0131124
8004.0 0.887409 0.0125479
8006.0 0.878883 0.0125401
8008.0 0.868963 0.0129645
8010.0 0.867873 0.0132581
8012.0 0.876916 0.0137228
8014.0 0.878683 0.0139657
8016.0 0.881299 0.0139427
8018.0 0.875984 0.0141404
8020.0 0.856825 0.0147137
8022.0 0.835625 0.0153209
8024.0 0.825842 0.0156941
8026.0 0.821222 0.0160105
8028.0 0.827663 0.0157423
8030.0 0.853755 0.0147166
8032.0 0.865176 0.0139412
8034.0 0.867103 0.0131488
8036.0 0.864707 0.0125146
8038.0 0.856385 0.0121659
8040.0 0.845767 0.012041
8042.0 0.84683 0.0120558
8044.0 0.858692 0.0122943
8046.0 0.860543 0.0125099
8048.0 0.85642 0.0128303
8050.0 0.853452 0.0130822
8052.0 0.849584 0.0132468
8054.0 0.848145 0.0134147
8056.0 0.854044 0.0136695
8058.0 0.864674 0.0139636
8060.0 0.866171 0.0140954
8062.0 0.862366 0.0142265
8064.0 0.85646 0.014057
8066.0 0.844985 0.0135167
8068.0 0.835257 0.0129995
8070.0 0.82686 0.0125179
8072.0 0.821508 0.012114
8074.0 0.824888 0.0120034
8076.0 0.836715 0.012163
8078.0 0.840673 0.0121741
8080.0 0.842273 0.0121603
8082.0 0.840609 0.0121557
8084.0 0.831115 0.0121177
8086.0 0.826009 0.0121403
8088.0 0.834174 0.0122871
8090.0 0.847705 0.0125005
8092.0 0.848473 0.0126693
8094.0 0.841569 0.0128549
8096.0 0.833612 0.0129714
8098.0 0.818865 0.0130471
8100.0 0.808593 0.0130804
8102.0 0.805882 0.0130909
8104.0 0.802378 0.0130352
8106.0 0.787665 0.0128389
8108.0 0.765801 0.0125238
8110.0 0.768977 0.0123714
8112.0 0.802705 0.0123086
8114.0 0.811938 0.0122759
8116.0 0.808603 0.0123673
8118.0 0.79873 0.0123654
8120.0 0.778457 0.0121518
8122.0 0.755814 0.0118926
8124.0 0.748908 0.0118635
8126.0 0.752973 0.0119949
8128.0 0.752487 0.0120499
8130.0 0.756988 0.0121063
8132.0 0.751779 0.0121546
8134.0 0.73096 0.0121842
8136.0 0.714914 0.0122259
8138.0 0.718757 0.0123137
8140.0 0.731538 0.0124178
8142.0 0.726132 0.0124355
8144.0 0.704474 0.0123854
8146.0 0.69656 0.0123396
8148.0 0.699888 0.0122733
8150.0 0.695542 0.0121959
8152.0 0.676959 0.0120789
8154.0 0.659009 0.0119823
8156.0 0.657492 0.0119863
8158.0 0.666539 0.0120625
8160.0 0.668011 0.0121036
8162.0 0.67277 0.0121507
8164.0 0.664748 0.0121858
8166.0 0.641159 0.0121674
8168.0 0.619692 0.0122201
8170.0 0.605608 0.0123141
8172.0 0.594589 0.0125275
8174.0 0.584674 0.0131006
8176.0 0.576583 0.013942
8178.0 0.570509 0.0147984
8180.0 0.572485 0.0159668
8182.0 0.563543 0.0166953
8184.0 0.540373 0.0170213
8186.0 0.51657 0.0172156
8188.0 0.498257 0.017399
8190.0 0.482985 0.0175169
8192.0 0.482812 0.0176355
8194.0 0.51073 0.0179642
8196.0 0.505724 0.0176808
8198.0 0.475129 0.016811
8200.0 0.449423 0.0158761
8202.0 0.430573 0.0148175
8204.0 0.41599 0.0137432
8206.0 0.408973 0.0130062
8208.0 0.409466 0.012541
8210.0 0.40328 0.0120577
8212.0 0.394694 0.0116836
8214.0 0.384817 0.0113634
8216.0 0.369789 0.0111052
8218.0 0.359236 0.0109414
8220.0 0.357688 0.0109201
8222.0 0.361254 0.0109845
8224.0 0.365459 0.0109854
8226.0 0.375095 0.0110087
8228.0 0.375455 0.010913
8230.0 0.369629 0.0106871
8232.0 0.36191 0.0104869
8234.0 0.351808 0.0102864
8236.0 0.339593 0.0101162
8238.0 0.324123 0.01002
8240.0 0.306133 0.00997889
8242.0 0.297985 0.00994455
8244.0 0.298834 0.00995282
8246.0 0.29708 0.00993953
8248.0 0.296003 0.00990956
8250.0 0.295437 0.00989963
8252.0 0.296027 0.00993991
8254.0 0.296493 0.00997654
8256.0 0.29451 0.00992821
8258.0 0.290626 0.00981842
8260.0 0.288008 0.00971724
8262.0 0.284984 0.00954544
8264.0 0.283665 0.00948328
8266.0 0.287059 0.00943201
8268.0 0.286434 0.00956791
8270.0 0.2748 0.00986685
8272.0 0.258612 0.0103906
8274.0 0.254443 0.0115536
8276.0 0.260691 0.0132858
8278.0 0.25849 0.0145071
8280.0 0.247593 0.0157252
8282.0 0.24582 0.0165854
8284.0 0.260878 0.0171982
8286.0 0.273294 0.0175046
8288.0 0.262206 0.0172977
8290.0 0.236244 0.0166409
8292.0 0.233288 0.0165128
8294.0 0.250792 0.0168153
8296.0 0.25441 0.0167962
8298.0 0.251712 0.0167971
8300.0 0.24598 0.0163986
8302.0 0.233587 0.0152136
8304.0 0.221639 0.0136648
8306.0 0.226393 0.0127786
8308.0 0.245538 0.0123061
8310.0 0.252849 0.0118731
8312.0 0.256867 0.0118303
8314.0 0.2567 0.0115335
8316.0 0.248998 0.0109372
8318.0 0.242485 0.0103385
8320.0 0.242641 0.00990399
8322.0 0.246044 0.00956547
8324.0 0.248097 0.00935832
8326.0 0.248638 0.00932135
8328.0 0.254601 0.00930823
8330.0 0.270599 0.00915354
8332.0 0.276944 0.00947526
8334.0 0.268599 0.00981577
8336.0 0.257046 0.0109982
8338.0 0.25188 0.0138766
8340.0 0.2485 0.0174172
8342.0 0.253214 0.0193291
8344.0 0.271251 0.0212533
8346.0 0.278395 0.0215615
8348.0 0.27812 0.0200919
8350.0 0.276147 0.0184222
8352.0 0.272204 0.0170139
8354.0 0.268077 0.0155906
8356.0 0.270755 0.0144188
8358.0 0.278537 0.0134569
8360.0 0.286102 0.0127329
8362.0 0.299022 0.012468
8364.0 0.305099 0.0121555
8366.0 0.303043 0.0118822
8368.0 0.299499 0.0115919
8370.0 0.297404 0.0110995
8372.0 0.295568 0.0105207
8374.0 0.299533 0.0106697
8376.0 0.310802 0.0114572
8378.0 0.317219 0.0121193
8380.0 0.324412 0.0132362
8382.0 0.326376 0.0137037
8384.0 0.318829 0.0132081
8386.0 0.310227 0.0124342
8388.0 0.310755 0.0120969
8390.0 0.316062 0.0117843
8392.0 0.326661 0.0128327
8394.0 0.354834 0.0152604
8396.0 0.359996 0.0167128
8398.0 0.342994 0.0181964
8400.0 0.323575 0.018742
8402.0 0.303877 0.0176815
8404.0 0.286296 0.0156164
8406.0 0.291946 0.0142301
8408.0 0.321056 0.01262
8410.0 0.335368 0.0122556
8412.0 0.34977 0.0135886
8414.0 0.354457 0.0141563
8416.0 0.346804 0.0139582
8418.0 0.334925 0.0136595
8420.0 0.322912 0.0134355
8422.0 0.308956 0.013222
8424.0 0.305367 0.0145366
8426.0 0.313559 0.0175795
8428.0 0.314324 0.0188216
8430.0 0.302975 0.0196748
8432.0 0.307866 0.0195693
8434.0 0.346832 0.0179354
8436.0 0.38916 0.0154546
8438.0 0.387813 0.0135531
8440.0 0.353397 0.0115237
8442.0 0.352686 0.0105815
8444.0 0.377262 0.0109816
8446.0 0.385587 0.0115823
8448.0 0.377742 0.0128807
8450.0 0.372499 0.0138886
8452.0 0.379729 0.0142172
8454.0 0.391919 0.0142404
8456.0 0.397056 0.0143158
8458.0 0.401171 0.0139317
8460.0 0.397398 0.0146843
8462.0 0.37712 0.0166907
8464.0 0.372427 0.017743
8466.0 0.388977 0.0180942
8468.0 0.410403 0.0178095
8470.0 0.425656 0.0164254
8472.0 0.440085 0.013778
8474.0 0.442611 0.0123129
8476.0 0.423708 0.0116573
8478.0 0.427868 0.0110993
8480.0 0.455251 0.0109987
8482.0 0.474118 0.0110565
8484.0 0.470251 0.0111565
8486.0 0.462919 0.0114342
8488.0 0.481898 0.0120756
8490.0 0.523695 0.0130882
8492.0 0.536207 0.0136127
8494.0 0.526862 0.0137872
8496.0 0.523999 0.0141517
8498.0 0.521494 0.0146691
8500.0 0.524155 0.0152014
8502.0 0.540767 0.0158346
8504.0 0.563652 0.0164381
8506.0 0.562055 0.0162487
8508.0 0.536932 0.015272
8510.0 0.526602 0.0144409
8512.0 0.514575 0.0131834
8514.0 0.515979 0.0122383
8516.0 0.538424 0.0118115
8518.0 0.565139 0.0116572
8520.0 0.579275 0.0115963
8522.0 0.588238 0.0117351
8524.0 0.591634 0.0117344
8526.0 0.582829 0.0116246
8528.0 0.584188 0.011676
8530.0 0.593611 0.0118338
8532.0 0.602898 0.0120722
8534.0 0.608502 0.0124096
8536.0 0.614278 0.0127976
8538.0 0.626088 0.0131255
8540.0 0.642992 0.0134233
8542.0 0.657982 0.0137689
8544.0 0.679479 0.0142301
8546.0 0.688064 0.0145129
8548.0 0.678269 0.0147074
8550.0 0.66884 0.0147049
8552.0 0.671432 0.01435
8554.0 0.680074 0.0137219
8556.0 0.693559 0.0132578
8558.0 0.720316 0.0127049
8560.0 0.732208 0.0124237
8562.0 0.734552 0.0124071
8564.0 0.735741 0.0124217
8566.0 0.734653 0.0124502
8568.0 0.734049 0.0125141
8570.0 0.739384 0.0126038
8572.0 0.74852 0.0127295
8574.0 0.759801 0.0128199
8576.0 0.778714 0.0128921
8578.0 0.789142 0.0129674
8580.0 0.79286 0.0130223
8582.0 0.79384 0.0131079
8584.0 0.789348 0.0132478
8586.0 0.7845 0.0134202
8588.0 0.79887 0.0136013
8590.0 0.835929 0.0138176
8592.0 0.845277 0.0139822
8594.0 0.831369 0.01415
8596.0 0.827567 0.0142386
8598.0 0.833975 0.0142577
8600.0 0.843805 0.0142046
8602.0 0.85668 0.0140338
8604.0 0.872568 0.0137658
8606.0 0.871148 0.0136796
8608.0 0.848408 0.0136453
8610.0 0.841718 0.0137883
8612.0 0.844849 0.0140842
8614.0 0.846295 0.0144835
8616.0 0.84302 0.015002
8618.0 0.839338 0.0155781
8620.0 0.8385 0.0161271
8622.0 0.837544 0.0166998
8624.0 0.849027 0.0171668
8626.0 0.880288 0.0176629
8628.0 0.89492 0.0179148
8630.0 0.894977 0.0179497
8632.0 0.891645 0.0178495
8634.0 0.88743 0.0176196
8636.0 0.882133 0.0172674
8638.0 0.884838 0.0168991
8640.0 0.893487 0.0163548
8642.0 0.902814 0.0161186
8644.0 0.919345 0.0160143
8646.0 0.928243 0.0161669
8648.0 0.922144 0.0166683
8650.0 0.919187 0.0172634
8652.0 0.940993 0.0177777
8654.0 0.979167 0.0182999
8656.0 0.982515 0.0185537
8658.0 0.949771 0.018585
8660.0 0.94295 0.0185917
8662.0 0.951566 0.0185204
8664.0 0.961315 0.0183811
8666.0 0.973959 0.0181653
8668.0 0.983584 0.0178856
8670.0 0.971476 0.0175672
8672.0 0.93871 0.0171738
8674.0 0.924627 0.0168456
8676.0 0.921685 0.0165516
8678.0 0.914645 0.016257
8680.0 0.90141 0.01596
8682.0 0.892792 0.0156785
8684.0 0.894725 0.0154154
8686.0 0.903748 0.0151741
8688.0 0.917559 0.0149971
8690.0 0.947617 0.0148899
8692.0 0.953523 0.0147846
8694.0 0.938748 0.0146978
8696.0 0.92831 0.0146425
8698.0 0.921474 0.0146179
8700.0 0.919239 0.0146263
8702.0 0.928961 0.0146893
8704.0 0.949276 0.014809
8706.0 0.951864 0.0148012
8708.0 0.942631 0.0147108
8710.0 0.932982 0.0145901
8712.0 0.915476 0.014373
8714.0 0.90322 0.0142008
8716.0 0.900894 0.0141305
8718.0 0.904381 0.0141122
8720.0 0.91102 0.0140919
8722.0 0.924635 0.0140801
8724.0 0.930392 0.0141321
8726.0 0.93518 0.0142961
8728.0 0.931869 0.0143669
8730.0 0.916806 0.0143375
8732.0 0.900807 0.0142846
8734.0 0.890164 0.0142372
8736.0 0.881896 0.0141844
8738.0 0.879999 0.0142079
8740.0 0.888968 0.0143455
8742.0 0.888187 0.0143635
8744.0 0.880109 0.0142555
8746.0 0.875032 0.0142377
8748.0 0.87018 0.0141413
8750.0 0.871829 0.0143242
8752.0 0.892339 0.0152719
8754.0 0.928702 0.016662
8756.0 0.958941 0.0184572
8758.0 1.0046 0.020857
8760.0 1.01879 0.0227386
8762.0 1.00608 0.024755
8764.0 0.979438 0.0260157
8766.0 0.931038 0.0261235
8768.0 0.875936 0.0255834
8770.0 0.870824 0.0251863
8772.0 0.909785 0.0244516
8774.0 0.921957 0.0241892
8776.0 0.933974 0.024552
8778.0 0.93048 0.0243542
8780.0 0.902873 0.0235168
8782.0 0.874144 0.0223768
8784.0 0.863299 0.0209969
8786.0 0.861156 0.0192774
8788.0 0.855238 0.0183616
8790.0 0.848071 0.0183188
8792.0 0.845603 0.0179402
8794.0 0.843466 0.0176372
8796.0 0.849402 0.0171892
8798.0 0.870335 0.0164173
8800.0 0.894078 0.0155789
8802.0 0.902215 0.0151274
8804.0 0.901486 0.0149361
8806.0 0.897581 0.0148157
8808.0 0.88686 0.0149453
8810.0 0.875167 0.0149619
8812.0 0.859223 0.0147222
8814.0 0.844829 0.0147567
8816.0 0.834582 0.0149702
8818.0 0.827108 0.0156321
8820.0 0.823815 0.018186
8822.0 0.829314 0.0220017
8824.0 0.822324 0.0249339
8826.0 0.801308 0.0286237
8828.0 0.790036 0.030404
8830.0 0.789244 0.0302939
8832.0 0.794805 0.029296
8834.0 0.806588 0.0279321
8836.0 0.825044 0.0258079
8838.0 0.837458 0.0240696
8840.0 0.846737 0.0222401
8842.0 0.857462 0.0206306
8844.0 0.873227 0.0190915
8846.0 0.880905 0.0179836
8848.0 0.874743 0.0176864
8850.0 0.862264 0.0177966
8852.0 0.853232 0.0175292
8854.0 0.842197 0.0171542
8856.0 0.839026 0.0168846
8858.0 0.843201 0.0162807
8860.0 0.846578 0.0165274
8862.0 0.847324 0.0177438
8864.0 0.852953 0.0190365
8866.0 0.871601 0.0202223
8868.0 0.896616 0.0213128
8870.0 0.903243 0.0213215
8872.0 0.903194 0.0202356
8874.0 0.885582 0.0194911
8876.0 0.836492 0.0178468
8878.0 0.806347 0.0176497
8880.0 0.796612 0.0194524
8882.0 0.803227 0.0218154
8884.0 0.837786 0.0240671
8886.0 0.901646 0.0266109
8888.0 0.89953 0.0270068
8890.0 0.829527 0.0257377
8892.0 0.801786 0.0242514
8894.0 0.797905 0.0211492
8896.0 0.800176 0.0187185
8898.0 0.808104 0.0185879
8900.0 0.81853 0.0196045
8902.0 0.815299 0.0201963
8904.0 0.801122 0.0212372
8906.0 0.794271 0.0212002
8908.0 0.789234 0.0198359
8910.0 0.785578 0.0193613
8912.0 0.787766 0.0193789
8914.0 0.785153 0.0203464
8916.0 0.763873 0.0229973
8918.0 0.733045 0.0263406
8920.0 0.737639 0.027641
8922.0 0.788084 0.0284593
8924.0 0.793288 0.0276086
8926.0 0.772514 0.0241848
8928.0 0.746859 0.0209813
8930.0 0.711959 0.0184702
8932.0 0.678039 0.0164887
8934.0 0.665924 0.0156433
8936.0 0.670108 0.016052
8938.0 0.658662 0.0167161
8940.0 0.633388 0.0184176
8942.0 0.622114 0.0193661
8944.0 0.619291 0.0200301
8946.0 0.624838 0.0203189
8948.0 0.647326 0.0197878
8950.0 0.674443 0.0190323
8952.0 0.667025 0.0199815
8954.0 0.629524 0.022094
8956.0 0.608809 0.0238271
8958.0 0.591604 0.0266261
8960.0 0.574858 0.0274282
8962.0 0.561947 0.0259978
8964.0 0.54559 0.0236746
8966.0 0.516066 0.0212238
8968.0 0.478179 0.0180309
8970.0 0.459662 0.0160747
8972.0 0.460262 0.015481
8974.0 0.448585 0.0148015
8976.0 0.42905 0.0145588
8978.0 0.413387 0.0146122
8980.0 0.401805 0.0149172
8982.0 0.395556 0.0155111
8984.0 0.402045 0.0164847
8986.0 0.42269 0.0178824
8988.0 0.424387 0.0185484
8990.0 0.40944 0.0187775
8992.0 0.404291 0.0190041
8994.0 0.40128 0.0188493
8996.0 0.408322 0.0191062
8998.0 0.4392 0.0204203
9000.0 0.479238 0.0220695
9002.0 0.477342 0.022614
9004.0 0.434822 0.0227759
9006.0 0.423197 0.022056
9008.0 0.430427 0.0198975
9010.0 0.428294 0.0179813
9012.0 0.410271 0.0162935
9014.0 0.393752 0.0148995
9016.0 0.39418 0.0142623
9018.0 0.404969 0.014347
9020.0 0.413085 0.0142185
9022.0 0.429292 0.0142756
9024.0 0.432206 0.0142493
9026.0 0.423443 0.0141376
9028.0 0.4133 0.0141315
9030.0 0.400766 0.0142439
9032.0 0.389766 0.014489
9034.0 0.393287 0.0149933
9036.0 0.410214 0.0157777
9038.0 0.416119 0.016247
9040.0 0.417062 0.0165135
9042.0 0.418109 0.0168659
9044.0 0.419727 0.0172602
9046.0 0.418945 0.0176935
9048.0 0.412469 0.0182916
9050.0 0.403013 0.018912
9052.0 0.401425 0.0188748
9054.0 0.408341 0.0183126
9056.0 0.40682 0.0176382
9058.0 0.392333 0.0163831
9060.0 0.39292 0.0154152
9062.0 0.416884 0.014894
9064.0 0.446125 0.0146315
9066.0 0.464437 0.0145547
9068.0 0.479467 0.0147326
9070.0 0.482648 0.0147526
9072.0 0.464651 0.0147147
9074.0 0.465574 0.0147386
9076.0 0.484385 0.0148076
9078.0 0.499493 0.0148931
9080.0 0.50325 0.0149952
9082.0 0.502533 0.0151063
9084.0 0.504072 0.015183
9086.0 0.506291 0.0151848
9088.0 0.50398 0.0154105
9090.0 0.49476 0.0158381
9092.0 0.490994 0.0162219
9094.0 0.493247 0.0165897
9096.0 0.496824 0.0169436
9098.0 0.499108 0.0172854
9100.0 0.50143 0.0176117
9102.0 0.504181 0.0178459
9104.0 0.504408 0.0181715
9106.0 0.511889 0.0180588
9108.0 0.527079 0.0175088
9110.0 0.540451 0.0169328
9112.0 0.552466 0.0162856
9114.0 0.561533 0.015682
9116.0 0.562503 0.0154311
9118.0 0.556196 0.0154613
9120.0 0.555579 0.0154165
9122.0 0.555911 0.0154115
9124.0 0.55894 0.0154501
9126.0 0.567963 0.0155428
9128.0 0.573391 0.0156588
9130.0 0.56805 0.0158287
9132.0 0.559451 0.0159968
9134.0 0.56497 0.0159627
9136.0 0.583517 0.0157376
9138.0 0.590415 0.01561
9140.0 0.592938 0.0154655
9142.0 0.591806 0.0153862
9144.0 0.586585 0.0153526
9146.0 0.578151 0.0153978
9148.0 0.56477 0.015557
9150.0 0.547347 0.0158099
9152.0 0.545452 0.0161309
9154.0 0.553013 0.0165788
9156.0 0.567928 0.0169604
9158.0 0.604768 0.0174431
9160.0 0.624017 0.0177057
9162.0 0.610386 0.0176497
9164.0 0.587151 0.0174343
9166.0 0.58361 0.0172296
9168.0 0.589844 0.0169423
9170.0 0.591404 0.0167311
9172.0 0.592583 0.0165012
9174.0 0.594381 0.0163988
9176.0 0.599912 0.0165083
9178.0 0.600763 0.0165556
9180.0 0.590406 0.0163782
9182.0 0.574425 0.0160926
9184.0 0.566746 0.0159042
9186.0 0.564018 0.0157329
9188.0 0.559183 0.0156068
9190.0 0.555191 0.0155176
9192.0 0.549549 0.0154693
9194.0 0.542893 0.0155091
9196.0 0.534042 0.0155325
9198.0 0.51877 0.0153999
9200.0 0.498112 0.0151601
9202.0 0.497408 0.0151565
9204.0 0.515245 0.0153544
9206.0 0.527903 0.0154858
9208.0 0.539079 0.0153614
9210.0 0.554841 0.015688
9212.0 0.581305 0.0169291
9214.0 0.608869 0.0182532
9216.0 0.618834 0.0184883
9218.0 0.614986 0.0179374
9220.0 0.618902 0.0179397
9222.0 0.623605 0.0181247
9224.0 0.629755 0.0183363
9226.0 0.638659 0.0186022
9228.0 0.646839 0.0189021
9230.0 0.655281 0.0193497
9232.0 0.661926 0.0198096
9234.0 0.648684 0.0195106
9236.0 0.609806 0.0183186
9238.0 0.590946 0.0176462
9240.0 0.576755 0.0170161
9242.0 0.572691 0.0166579
9244.0 0.585939 0.0167452
9246.0 0.60116 0.0169458
9248.0 0.599545 0.0168862
9250.0 0.588064 0.016714
9252.0 0.583613 0.0166291
9254.0 0.581838 0.0165663
9256.0 0.578741 0.0165255
9258.0 0.573943 0.0165173
9260.0 0.570881 0.0165138
9262.0 0.569555 0.016497
9264.0 0.570882 0.0164882
9266.0 0.579596 0.0165279
9268.0 0.596818 0.0166032
9270.0 0.607386 0.0166986
9272.0 0.615965 0.0168089
9274.0 0.622608 0.016963
9276.0 0.626986 0.0171662
9278.0 0.629875 0.017394
9280.0 0.631748 0.0176253
9282.0 0.632387 0.0178718
9284.0 0.632256 0.0181732
9286.0 0.633635 0.0185531
9288.0 0.628084 0.0188714
9290.0 0.614372 0.0191816
9292.0 0.603121 0.0194517
9294.0 0.591616 0.0194105
9296.0 0.586112 0.0196101
9298.0 0.597648 0.0205408
9300.0 0.621721 0.0216241
9302.0 0.657213 0.0253694
9304.0 0.727127 0.0304346
9306.0 0.757962 0.035555
9308.0 0.754849 0.0418023
9310.0 0.742486 0.0465394
9312.0 0.736868 0.0495288
9314.0 0.721602 0.0513697
9316.0 0.654144 0.0514294
9318.0 0.501898 0.0491511
9320.0 0.485289 0.0483451
9322.0 0.595702 0.0485065
9324.0 0.655342 0.0477191
9326.0 0.658246 0.0458565
9328.0 0.64981 0.0433531
9330.0 0.655976 0.0400101
9332.0 0.664423 0.0356412
9334.0 0.660099 0.0338863
9336.0 0.638823 0.0352358
9338.0 0.632218 0.0350065
9340.0 0.641369 0.0347078
9342.0 0.639093 0.0336406
9344.0 0.611136 0.0310381
9346.0 0.580465 0.0278229
9348.0 0.57949 0.0260551
9350.0 0.596909 0.02522
9352.0 0.61949 0.0246917
9354.0 0.667808 0.0251255
9356.0 0.689569 0.0252332
9358.0 0.68752 0.0250445
9360.0 0.677343 0.0250487
9362.0 0.657039 0.0250064
9364.0 0.633357 0.0253572
9366.0 0.648383 0.0280765
9368.0 0.675738 0.0301894
9370.0 0.760691 0.0382676
9372.0 0.977239 0.0510585
9374.0 1.06364 0.0587959
9376.0 0.969604 0.0643713
9378.0 0.830641 0.066779
9380.0 0.752366 0.0631928
9382.0 0.686846 0.0537955
9384.0 0.639709 0.0466027
9386.0 0.60829 0.0369728
9388.0 0.595192 0.0297418
9390.0 0.608894 0.0264754
9392.0 0.624242 0.0245989
9394.0 0.63573 0.0237846
9396.0 0.647511 0.0243516
9398.0 0.658589 0.0252081
9400.0 0.669693 0.0270533
9402.0 0.6788 0.0277625
9404.0 0.691749 0.0282295
9406.0 0.692171 0.0279154
9408.0 0.673666 0.0261005
9410.0 0.6578 0.0245842
9412.0 0.658804 0.0246143
9414.0 0.667895 0.0256017
9416.0 0.670548 0.0275028
9418.0 0.671123 0.0309907
9420.0 0.672621 0.0327169
9422.0 0.674213 0.0342168
9424.0 0.675733 0.0344175
9426.0 0.676853 0.032409
9428.0 0.67827 0.029979
9430.0 0.68119 0.0291907
9432.0 0.685404 0.0290006
9434.0 0.686598 0.0330107
9436.0 0.687099 0.0406852
9438.0 0.683921 0.045896
9440.0 0.68128 0.0523586
9442.0 0.669614 0.0549154
9444.0 0.63678 0.0510631
9446.0 0.599682 0.0433675
9448.0 0.59875 0.0381388
9450.0 0.629585 0.0321814
9452.0 0.635549 0.0302794
9454.0 0.639728 0.0336518
9456.0 0.624764 0.0360118
9458.0 0.570971 0.0388459
9460.0 0.530089 0.0403978
9462.0 0.546758 0.0387909
9464.0 0.596019 0.0349311
9466.0 0.612023 0.0329582
9468.0 0.607238 0.0297831
9470.0 0.617668 0.0315731
9472.0 0.631466 0.0374438
9474.0 0.652561 0.0427625
9476.0 0.688239 0.0488229
9478.0 0.724153 0.053203
9480.0 0.742388 0.0523192
9482.0 0.75271 0.0472348
9484.0 0.733755 0.0425465
9486.0 0.66267 0.0337544
9488.0 0.63601 0.0279818
9490.0 0.650044 0.0262754
9492.0 0.664841 0.0265319
9494.0 0.669949 0.0280219
9496.0 0.669066 0.0307737
9498.0 0.644165 0.0337279
9500.0 0.587501 0.0382783
9502.0 0.564422 0.039077
9504.0 0.554067 0.0370636
9506.0 0.559488 0.0349745
9508.0 0.594208 0.0317354
9510.0 0.626436 0.0290838
9512.0 0.627297 0.0293249
9514.0 0.610432 0.0315029
9516.0 0.59602 0.0349162
9518.0 0.56752 0.0417859
9520.0 0.557655 0.0436235
9522.0 0.554237 0.0426676
9524.0 0.566764 0.0404899
9526.0 0.608994 0.0362143
9528.0 0.656446 0.0308029
9530.0 0.668239 0.0281374
9532.0 0.65745 0.0276279
9534.0 0.648895 0.026792
9536.0 0.621943 0.026667
9538.0 0.617263 0.0267006
9540.0 0.626306 0.0267848
9542.0 0.653418 0.0274294
9544.0 0.722617 0.0289508
9546.0 0.805964 0.0309477
9548.0 0.788363 0.0327361
9550.0 0.664033 0.0350238
9552.0 0.626429 0.0359273
9554.0 0.63833 0.0359237
9556.0 0.637928 0.0355622
9558.0 0.626498 0.0338677
9560.0 0.606519 0.0328809
9562.0 0.566966 0.0354537
9564.0 0.510403 0.0400474
9566.0 0.499039 0.0416542
9568.0 0.53022 0.042767
9570.0 0.543226 0.0415053
9572.0 0.547509 0.0364682
9574.0 0.558172 0.0315971
9576.0 0.58536 0.0285947
9578.0 0.614396 0.0266046
9580.0 0.618233 0.0253217
9582.0 0.601709 0.0253462
9584.0 0.599057 0.0250911
9586.0 0.61228 0.0252526
9588.0 0.601391 0.0252421
9590.0 0.551578 0.0250629
9592.0 0.513228 0.0249078
9594.0 0.52079 0.0247934
9596.0 0.552735 0.0247496
9598.0 0.56869 0.0252341
9600.0 0.576832 0.0261356
9602.0 0.600032 0.0271526
9604.0 0.656491 0.0288358
9606.0 0.6731 0.029729
9608.0 0.62428 0.0295426
9610.0 0.564199 0.0290475
9612.0 0.550423 0.0288953
9614.0 0.561105 0.0287531
9616.0 0.555396 0.0293266
9618.0 0.532218 0.0310692
9620.0 0.539331 0.031592
9622.0 0.591247 0.0314214
9624.0 0.620551 0.0306757
9626.0 0.593079 0.0289884
9628.0 0.545117 0.0267672
9630.0 0.535547 0.0255668
9632.0 0.547999 0.025013
9634.0 0.551539 0.0245458
9636.0 0.56634 0.0245493
9638.0 0.55953 0.0244465
9640.0 0.518692 0.0241983
9642.0 0.481966 0.0240439
9644.0 0.477917 0.0241482
9646.0 0.491384 0.0244214
9648.0 0.497589 0.0246862
9650.0 0.509653 0.0249871
9652.0 0.512101 0.0253734
9654.0 0.507919 0.0257501
9656.0 0.501438 0.0263344
9658.0 0.483305 0.0270609
9660.0 0.472635 0.0280359
9662.0 0.50604 0.0296041
9664.0 0.579726 0.0317529
9666.0 0.588029 0.0324657
9668.0 0.544558 0.0318769
9670.0 0.515914 0.0319439
9672.0 0.482263 0.0322692
9674.0 0.461581 0.0328865
9676.0 0.471726 0.0341131
9678.0 0.493656 0.0354665
9680.0 0.478617 0.0356402
9682.0 0.425023 0.0349933
9684.0 0.421404 0.0342136
9686.0 0.456228 0.032317
9688.0 0.482872 0.0315332
9690.0 0.510062 0.0320686
9692.0 0.525516 0.0332149
9694.0 0.507372 0.0348751
9696.0 0.465792 0.0370018
9698.0 0.463123 0.0372074
9700.0 0.492549 0.0357278
9702.0 0.50517 0.0346604
9704.0 0.513772 0.0327772
9706.0 0.519278 0.0318741
9708.0 0.520472 0.032556
9710.0 0.519716 0.0340893
9712.0 0.523406 0.0359539
9714.0 0.533687 0.0385832
9716.0 0.516853 0.0396503
9718.0 0.473949 0.0401753
9720.0 0.435835 0.0396046
9722.0 0.381743 0.0373123
9724.0 0.351473 0.0348575
9726.0 0.375704 0.0329561
9728.0 0.429845 0.0313995
9730.0 0.457027 0.0313869
9732.0 0.483206 0.0333073
9734.0 0.486824 0.033931
9736.0 0.454891 0.0343824
9738.0 0.445402 0.0342709
9740.0 0.472938 0.033365
9742.0 0.500514 0.0321565
9744.0 0.493155 0.0311174
9746.0 0.465062 0.0300208
9748.0 0.453873 0.0291242
9750.0 0.447229 0.0283474
9752.0 0.444354 0.0277309
9754.0 0.448544 0.0273211
9756.0 0.451256 0.0270081
9758.0 0.449682 0.0267994
9760.0 0.446777 0.0266632
9762.0 0.445365 0.0264641
9764.0 0.444329 0.0262039
9766.0 0.443745 0.0261827
9768.0 0.448717 0.0263491
9770.0 0.443147 0.0265711
9772.0 0.419408 0.0264613
9774.0 0.401797 0.0270181
9776.0 0.410143 0.0283478
9778.0 0.430989 0.03046
9780.0 0.426755 0.0352736
9782.0 0.410973 0.0422637
9784.0 0.3829 0.0473792
9786.0 0.324468 0.0535341
9788.0 0.289212 0.0565349
9790.0 0.283109 0.0561122
9792.0 0.293761 0.0538984
9794.0 0.320545 0.050839
9796.0 0.36883 0.0459347
9798.0 0.372051 0.0426514
9800.0 0.318205 0.0401044
9802.0 0.318688 0.0381239
9804.0 0.371944 0.0371416
9806.0 0.416408 0.0365149
9808.0 0.436151 0.0362595
9810.0 0.440106 0.036177
9812.0 0.414857 0.0352273
9814.0 0.345309 0.0334051
9816.0 0.333665 0.032461
9818.0 0.369648 0.0320616
9820.0 0.387779 0.0317182
9822.0 0.389106 0.0315614
9824.0 0.387571 0.0314161
9826.0 0.392179 0.0310888
9828.0 0.397751 0.0306809
9830.0 0.384695 0.0304519
9832.0 0.335205 0.0299218
9834.0 0.333775 0.0304391
9836.0 0.368705 0.0314523
9838.0 0.403434 0.0332734
9840.0 0.441751 0.036602
9842.0 0.472928 0.0396234
9844.0 0.471456 0.0403606
9846.0 0.444809 0.0397571
9848.0 0.421472 0.0385024
9850.0 0.379816 0.0351063
9852.0 0.360095 0.0331775
9854.0 0.356608 0.0315479
9856.0 0.363905 0.0319408
9858.0 0.38818 0.0348849
9860.0 0.419402 0.039539
9862.0 0.420025 0.045944
9864.0 0.395953 0.055587
9866.0 0.383036 0.0581873
9868.0 0.369259 0.0568225
9870.0 0.358079 0.0542787
9872.0 0.344202 0.0489335
9874.0 0.33925 0.0430157
9876.0 0.35699 0.0397056
9878.0 0.391076 0.0380732
9880.0 0.412638 0.0382438
9882.0 0.440561 0.041176
9884.0 0.444212 0.043426
9886.0 0.415153 0.0468083
9888.0 0.400065 0.0486388
9890.0 0.422107 0.0484492
9892.0 0.445386 0.0470412
9894.0 0.414786 0.0445634
9896.0 0.339589 0.0396277
9898.0 0.310835 0.0397081
9900.0 0.328885 0.0425832
9902.0 0.300389 0.047677
9904.0 0.201184 0.0569116
9906.0 0.131993 0.063199
9908.0 0.155978 0.0644854
9910.0 0.226523 0.0629824
9912.0 0.254277 0.059732
9914.0 0.26494 0.0518167
9916.0 0.285348 0.0470667
9918.0 0.315375 0.0435741
9920.0 0.331488 0.0413658
9922.0 0.321909 0.0404932
9924.0 0.314448 0.041408
9926.0 0.334822 0.0439693
9928.0 0.371502 0.0477984
9930.0 0.424224 0.0552712
9932.0 0.54729 0.066796
9934.0 0.559891 0.0738918
9936.0 0.479337 0.0806062
9938.0 0.378973 0.0839234
9940.0 0.255809 0.0821069
9942.0 0.131166 0.078001
9944.0 0.0805039 0.0768437
9946.0 0.0790277 0.0768128
9948.0 0.0993948 0.0770788
9950.0 0.191563 0.0795888
9952.0 0.225616 0.0790208
9954.0 0.18725 0.0747981
9956.0 0.155127 0.0696607
9958.0 0.174814 0.0650303
9960.0 0.220485 0.0602388
9962.0 0.268579 0.0570928
9964.0 0.353123 0.0560195
9966.0 0.379634 0.0541539
9968.0 0.360404 0.0524285
9970.0 0.340883 0.0506266
9972.0 0.313084 0.0484992
9974.0 0.294209 0.0465309
9976.0 0.319109 0.04535
9978.0 0.378585 0.0447428
9980.0 0.398525 0.0449008
9982.0 0.406231 0.0459096
9984.0 0.391935 0.0472473
9986.0 0.317637 0.0492291
9988.0 0.290955 0.0511594
9990.0 0.375968 0.0518897
9992.0 0.501617 0.0531306
9994.0 0.540318 0.0586497
9996.0 0.538646 0.0664745
9998.0 0.506213 0.074575
10000.0 0.391068 0.0868175
10002.0 0.344368 0.092025
10004.0 0.385155 0.0908803
10006.0 0.430739 0.0871868
10008.0 0.428339 0.0822361
10010.0 0.40457 0.0751002
10012.0 0.37498 0.0713046
10014.0 0.294474 0.0709993
10016.0 0.299238 0.0684451
10018.0 0.392738 0.0647052
10020.0 0.452572 0.061142
10022.0 0.461142 0.0575557
10024.0 0.442449 0.0545926
10026.0 0.396369 0.0539399
10028.0 0.309949 0.0553598
10030.0 0.299299 0.0560261
10032.0 0.37563 0.0576626
10034.0 0.381422 0.0576151
10036.0 0.308614 0.0550625
10038.0 0.257254 0.0533947
10040.0 0.280655 0.0542391
10042.0 0.333257 0.0564914
10044.0 0.33759 0.059527
10046.0 0.31593 0.0643916
10048.0 0.296818 0.0665943
10050.0 0.253152 0.06744
10052.0 0.240875 0.0677037
10054.0 0.264798 0.0670583
10056.0 0.304973 0.0661425
10058.0 0.352101 0.0649716
10060.0 0.410713 0.0634858
10062.0 0.454342 0.0667029
10064.0 0.504271 0.0747436
10066.0 0.518979 0.0795623
10068.0 0.507537 0.0852183
10070.0 0.475458 0.0870531
10072.0 0.404729 0.0830123
10074.0 0.329874 0.0760822
10076.0 0.317971 0.0709534
10078.0 0.352133 0.0651498
10080.0 0.362117 0.0629068
10082.0 0.377508 0.0641262
10084.0 0.375077 0.0660125
10086.0 0.358484 0.070058
10088.0 0.328093 0.0732471
10090.0 0.260741 0.0743735
10092.0 0.18434 0.0742449
10094.0 0.225271 0.0723215
10096.0 0.380202 0.065401
10098.0 0.479391 0.0663346
10100.0 0.626474 0.0725763
10102.0 0.663827 0.0794556
10104.0 0.533212 0.088251
10106.0 0.374277 0.0958222
10108.0 0.31465 0.0998717
10110.0 0.298046 0.102117
10112.0 0.305216 0.0994
10114.0 0.371424 0.0884138
10116.0 0.400571 0.0817925
10118.0 0.420715 0.0770435
10120.0 0.418713 0.0739709
10122.0 0.369124 0.0730405
10124.0 0.312476 0.0738511
10126.0 0.34053 0.0752274
10128.0 0.452902 0.0775207
10130.0 0.444733 0.0809109
10132.0 0.312122 0.0864499
10134.0 0.267859 0.0900726
10136.0 0.32476 0.0925321
10138.0 0.381199 0.0938331
10140.0 0.375963 0.0931865
10142.0 0.345188 0.0913076
10144.0 0.343474 0.0921793
10146.0 0.358043 0.0928099
10148.0 0.364917 0.0987518
10150.0 0.368135 0.111405
10152.0 0.376515 0.119234
10154.0 0.406998 0.122732
10156.0 0.424131 0.123051
10158.0 0.374873 0.118631
10160.0 0.27245 0.108684
10162.0 0.236126 0.104712
10164.0 0.223601 0.10332
10166.0 0.245337 0.104618
10168.0 0.32769 0.111287
10170.0 0.393998 0.115582
10172.0 0.419867 0.114917
10174.0 0.421814 0.111802
10176.0 0.393614 0.108394
10178.0 0.306535 0.101694
10180.0 0.315661 0.10183
10182.0 0.427179 0.107039
10184.0 0.475008 0.113038
10186.0 0.431799 0.122012
10188.0 0.402841 0.129072
10190.0 0.483075 0.131302
10192.0 0.619261 0.130569
10194.0 0.609634 0.126612
10196.0 0.493721 0.11457
10198.0 0.375752 0.109708
10200.0 0.148187 0.10868
10202.0 0.0333041 0.110119
10204.0 0.105431 0.115971
10206.0 0.237981 0.121734
10208.0 0.293221 0.121079
10210.0 0.329256 0.116195
10212.0 0.337295 0.111519
10214.0 0.253327 0.103504
10216.0 0.293482 0.0981048
10218.0 0.510965 0.0949354
10220.0 0.659565 0.0929938
10222.0 0.593597 0.0922439
10224.0 0.441724 0.0925714
10226.0 0.453501 0.0927114
10228.0 0.610141 0.0933241
10230.0 0.586938 0.0935533
10232.0 0.382732 0.0933299
10234.0 0.298971 0.0936532
10236.0 0.353301 0.0941425
10238.0 0.458717 0.0954962
10240.0 0.58354 0.0986798
10242.0 0.743882 0.103102
10244.0 0.787158 0.106129
10246.0 0.752283 0.108326
10248.0 0.682988 0.111035
10250.0 0.53024 0.110485
10252.0 0.399051 0.116229
10254.0 0.312749 0.128666
10256.0 0.245909 0.14531
10258.0 0.187713 0.167626
10260.0 0.148672 0.196714
10262.0 0.0862378 0.205378
10264.0 -0.0554842 0.201663
10266.0 -0.0556397 0.195567
10268.0 0.116813 0.182059
10270.0 0.292311 0.167855
10272.0 0.40095 0.158078
10274.0 0.47636 0.150231
10276.0 0.467049 0.141869
10278.0 0.322387 0.132565
10280.0 0.318195 0.128047
10282.0 0.407663 0.12961
10284.0 0.485164 0.129822
10286.0 0.549138 0.128257
10288.0 0.610156 0.126335
10290.0 0.673799 0.124581
10292.0 0.74064 0.122706
10294.0 0.744833 0.121808
10296.0 0.678311 0.120084
10298.0 0.641072 0.122384
10300.0 0.616981 0.130936
10302.0 0.584261 0.135681
10304.0 0.529689 0.133064
10306.0 0.471397 0.12761
10308.0 0.448151 0.125763
10310.0 0.47077 0.124911
10312.0 0.390607 0.126163
10314.0 0.102852 0.130524
10316.0 0.0810308 0.133509
10318.0 0.397219 0.13636
10320.0 0.720483 0.137644
10322.0 0.866803 0.135899
10324.0 0.933472 0.132034
10326.0 0.937256 0.12886
10328.0 0.83591 0.124158
10330.0 0.761896 0.122279
10332.0 0.647727 0.119765
10334.0 0.576639 0.123291
10336.0 0.550975 0.136176
10338.0 0.567282 0.149211
10340.0 0.658484 0.155248
10342.0 0.832202 0.158504
10344.0 0.823632 0.155431
10346.0 0.638432 0.142639
10348.0 0.542674 0.133301
10350.0 0.475154 0.12352
10352.0 0.446073 0.116563
10354.0 0.482033 0.115118
10356.0 0.546701 0.117222
10358.0 0.5505 0.119421
10360.0 0.51774 0.124211
10362.0 0.496148 0.125224
10364.0 0.481254 0.123907
10366.0 0.441661 0.122041
10368.0 0.332974 0.118371
10370.0 0.268139 0.115303
10372.0 0.360019 0.114624
10374.0 0.546326 0.115595
10376.0 0.597366 0.120027
10378.0 0.572272 0.129107
10380.0 0.540913 0.135148
10382.0 0.423177 0.142787
10384.0 0.391085 0.145489
10386.0 0.519739 0.141041
10388.0 0.677444 0.133358
10390.0 0.691787 0.127235
10392.0 0.612403 0.120256
10394.0 0.627445 0.115575
10396.0 0.731513 0.113257
10398.0 0.74626 0.110661
10400.0 0.64719 0.107928
10402.0 0.585944 0.106074
10404.0 0.667226 0.105446
10406.0 0.791263 0.105935
10408.0 0.724524 0.10799
10410.0 0.4598 0.112594
10412.0 0.407469 0.114252
10414.0 0.512981 0.114823
10416.0 0.565532 0.113979
10418.0 0.553957 0.10994
10420.0 0.535375 0.10663
10422.0 0.545311 0.108297
10424.0 0.567491 0.112948
10426.0 0.574085 0.116549
10428.0 0.573116 0.122661
10430.0 0.5694 0.123754
10432.0 0.55142 0.120743
10434.0 0.547869 0.116881
10436.0 0.559927 0.112113
10438.0 0.590422 0.10691
10440.0 0.666617 0.103625
10442.0 0.809175 0.101708
10444.0 0.80268 0.0995854
10446.0 0.643604 0.0974422
10448.0 0.560218 0.096381
10450.0 0.509789 0.0967772
10452.0 0.507684 0.0973258
10454.0 0.604737 0.0973162
10456.0 0.749212 0.0972024
10458.0 0.733738 0.097452
10460.0 0.552168 0.0976265
10462.0 0.525552 0.0987837
10464.0 0.608408 0.101524
10466.0 0.651374 0.103015
10468.0 0.630412 0.102697
10470.0 0.607626 0.102093
10472.0 0.631032 0.102518
10474.0 0.679528 0.103406
10476.0 0.74691 0.104271
10478.0 0.901279 0.106421
10480.0 0.922925 0.106029
10482.0 0.803306 0.102756
10484.0 0.709827 0.0999034
10486.0 0.690376 0.0985133
10488.0 0.701908 0.0977669
10490.0 0.722661 0.0972683
10492.0 0.773899 0.0973157
10494.0 0.782844 0.0971484
10496.0 0.763184 0.0971584
10498.0 0.743099 0.0968619
10500.0 0.71487 0.0959744
