3456.0 0.728214 1e-20
3458.0 0.494093 1e-20
3460.0 0.806189 1e-20
3462.0 0.461414 1e-20
3464.0 0.636761 1e-20
3466.0 0.881877 1e-20
3468.0 0.677442 1e-20
3470.0 0.82233 1e-20
3472.0 0.632128 1e-20
3474.0 0.553134 1e-20
3476.0 0.516541 1e-20
3478.0 0.502581 1e-20
3480.0 0.558071 1e-20
3482.0 0.400152 1e-20
3484.0 0.365024 1e-20
3486.0 0.626834 1e-20
3488.0 0.594778 1e-20
3490.0 0.701229 1e-20
3492.0 0.659582 1e-20
3494.0 0.731748 1e-20
3496.0 0.726908 1e-20
3498.0 0.497329 1e-20
3500.0 0.827139 1e-20
3502.0 0.763719 1e-20
3504.0 0.675516 1e-20
3506.0 0.903889 1e-20
3508.0 0.785843 1e-20
3510.0 0.821688 1e-20
3512.0 0.939552 1e-20
3514.0 0.725836 1e-20
3516.0 0.85011 1e-20
3518.0 0.782283 1e-20
3520.0 0.951836 1e-20
3522.0 0.686498 1e-20
3524.0 0.581281 1e-20
3526.0 0.723005 1e-20
3528.0 0.558708 1e-20
3530.0 0.421044 1e-20
3532.0 0.823968 1e-20
3534.0 0.869593 1e-20
3536.0 0.811439 1e-20
3538.0 0.772339 1e-20
3540.0 0.753767 1e-20
3542.0 0.735195 1e-20
3544.0 0.716622 1e-20
3546.0 0.69805 1e-20
3548.0 0.69805 1e-20
3550.0 0.844676 1e-20
3552.0 0.74201 1e-20
3554.0 0.753825 1e-20
3556.0 1.07266 1e-20
3558.0 0.867805 1e-20
3560.0 0.708777 1e-20
3562.0 0.745703 1e-20
3564.0 0.904382 1e-20
3566.0 0.794877 1e-20
3568.0 0.71461 1e-20
3570.0 0.769445 1e-20
3572.0 0.709454 1e-20
3574.0 0.727746 1e-20
3576.0 0.777395 1e-20
3578.0 0.841369 1e-20
3580.0 0.640872 1e-20
3582.0 0.923263 1e-20
3584.0 1.08788 1e-20
3586.0 0.693622 1e-20
3588.0 0.845479 1e-20
3590.0 0.73849 1e-20
3592.0 0.735511 1e-20
3594.0 0.917833 1e-20
3596.0 0.777858 1e-20
3598.0 0.729986 1e-20
3600.0 0.648149 1e-20
3602.0 0.827887 1e-20
3604.0 0.810738 1e-20
3606.0 0.742372 1e-20
3608.0 0.434881 1e-20
3610.0 0.657756 1e-20
3612.0 0.62477 1e-20
3614.0 0.590691 1e-20
3616.0 0.624387 1e-20
3618.0 0.421591 1e-20
3620.0 0.391416 1e-20
3622.0 0.354888 1e-20
3624.0 0.564393 1e-20
3626.0 0.585799 1e-20
3628.0 0.511483 1e-20
3630.0 0.561494 1e-20
3632.0 0.573436 1e-20
3634.0 0.463544 1e-20
3636.0 0.56208 1e-20
3638.0 0.776229 1e-20
3640.0 0.690839 1e-20
3642.0 0.37439 1e-20
3644.0 0.42137 1e-20
3646.0 0.687621 1e-20
3648.0 0.49092 1e-20
3650.0 0.414608 1e-20
3652.0 0.338692 1e-20
3654.0 0.276147 1e-20
3656.0 0.55031 1e-20
3658.0 0.383561 1e-20
3660.0 0.264996 1e-20
3662.0 0.281191 1e-20
3664.0 0.354373 1e-20
3666.0 0.381054 1e-20
3668.0 0.422098 1e-20
3670.0 0.488349 1e-20
3672.0 0.38643 1e-20
3674.0 0.350638 1e-20
3676.0 0.338263 1e-20
3678.0 0.341251 1e-20
3680.0 0.717801 1e-20
3682.0 0.605163 1e-20
3684.0 0.2722 1e-20
3686.0 0.13837 1e-20
3688.0 0.231066 1e-20
3690.0 0.313658 1e-20
3692.0 0.188378 1e-20
3694.0 0.125276 1e-20
3696.0 0.528134 1e-20
3698.0 0.448135 1e-20
3700.0 0.18619 1e-20
3702.0 0.476324 1e-20
3704.0 0.258099 1e-20
3706.0 0.248943 1e-20
3708.0 0.280584 1e-20
3710.0 0.28792 1e-20
3712.0 0.291585 1e-20
3714.0 0.309724 1e-20
3716.0 0.401006 1e-20
3718.0 0.40052 1e-20
3720.0 0.411654 1e-20
3722.0 0.372108 1e-20
3724.0 0.533087 1e-20
3726.0 0.440193 1e-20
3728.0 0.408235 1e-20
3730.0 0.407598 1e-20
3732.0 0.32356 1e-20
3734.0 0.316686 1e-20
3736.0 0.290111 1e-20
3738.0 0.251966 1e-20
3740.0 0.376635 1e-20
3742.0 0.268297 1e-20
3744.0 0.30671 1e-20
3746.0 0.494847 1e-20
3748.0 0.440275 1e-20
3750.0 0.388912 1e-20
3752.0 0.624943 1e-20
3754.0 0.477487 1e-20
3756.0 0.657182 1e-20
3758.0 0.49801 1e-20
3760.0 0.354503 1e-20
3762.0 0.438038 1e-20
3764.0 0.487197 1e-20
3766.0 0.354077 1e-20
3768.0 0.609287 1e-20
3770.0 0.553948 1e-20
3772.0 0.377329 1e-20
3774.0 0.426932 1e-20
3776.0 0.429078 1e-20
3778.0 0.552759 1e-20
3780.0 0.820714 1e-20
3782.0 0.603504 1e-20
3784.0 0.409522 1e-20
3786.0 0.354966 1e-20
3788.0 0.540273 1e-20
3790.0 0.887098 1e-20
3792.0 0.624813 1e-20
3794.0 0.549078 1e-20
3796.0 0.596472 1e-20
3798.0 0.627337 1e-20
3800.0 0.668896 1e-20
3802.0 0.625469 1e-20
3804.0 0.657637 1e-20
3806.0 0.72469 1e-20
3808.0 0.634143 1e-20
3810.0 0.731966 1e-20
3812.0 0.695172 1e-20
3814.0 0.631252 1e-20
3816.0 0.67373 1e-20
3818.0 0.562022 1e-20
3820.0 0.493629 1e-20
3822.0 0.579166 1e-20
3824.0 0.604815 1e-20
3826.0 0.556928 1e-20
3828.0 0.763036 1e-20
3830.0 0.731831 1e-20
3832.0 0.629286 1e-20
3834.0 0.674153 1e-20
3836.0 0.649476 1e-20
3838.0 0.696094 1e-20
3840.0 0.759204 1e-20
3842.0 0.808894 1e-20
3844.0 0.875619 1e-20
3846.0 0.922436 1e-20
3848.0 0.819615 1e-20
3850.0 0.797917 1e-20
3852.0 0.72205 1e-20
3854.0 0.794761 1e-20
3856.0 0.820579 1e-20
3858.0 0.776111 1e-20
3860.0 0.907724 1e-20
3862.0 0.832624 1e-20
3864.0 0.830424 1e-20
3866.0 0.916654 1e-20
3868.0 0.923536 1e-20
3870.0 0.884124 1e-20
3872.0 0.86527 1e-20
3874.0 0.900844 1e-20
3876.0 0.881221 1e-20
3878.0 0.929073 1e-20
3880.0 1.05426 1e-20
3882.0 0.9748 1e-20
3884.0 0.833723 1e-20
3886.0 0.945657 1e-20
3888.0 1.14485 1e-20
3890.0 1.12281 1e-20
3892.0 1.11024 1e-20
3894.0 0.970159 1e-20
3896.0 0.993371 1e-20
3898.0 1.03077 1e-20
3900.0 1.06443 1e-20
3902.0 1.21386 1e-20
3904.0 1.14515 1e-20
3906.0 1.11969 1e-20
3908.0 1.11076 1e-20
3910.0 0.969731 1e-20
3912.0 1.09462 1e-20
3914.0 1.07709 1e-20
3916.0 1.08006 1e-20
3918.0 1.19901 1e-20
3920.0 1.12046 1e-20
3922.0 1.09627 1e-20
3924.0 1.20168 1e-20
3926.0 1.3028 1e-20
3928.0 1.20258 1e-20
3930.0 1.24491 1e-20
3932.0 1.21578 1e-20
3934.0 1.09018 1e-20
3936.0 1.15611 1e-20
3938.0 1.23661 1e-20
3940.0 1.29499 1e-20
3942.0 1.39461 1e-20
3944.0 1.2821 1e-20
3946.0 1.25279 1e-20
3948.0 1.50374 1e-20
3950.0 1.36238 1e-20
3952.0 1.15109 1e-20
3954.0 1.18272 1e-20
3956.0 1.4168 1e-20
3958.0 1.3554 1e-20
3960.0 1.19748 1e-20
3962.0 1.14692 1e-20
3964.0 1.19151 1e-20
3966.0 1.29925 1e-20
3968.0 1.29054 1e-20
3970.0 1.25148 1e-20
3972.0 1.2256 1e-20
3974.0 1.29139 1e-20
3976.0 1.30827 1e-20
3978.0 1.38326 1e-20
3980.0 1.44797 1e-20
3982.0 1.39558 1e-20
3984.0 1.20216 1e-20
3986.0 1.20868 1e-20
3988.0 1.28605 1e-20
3990.0 1.29534 1e-20
3992.0 1.32945 1e-20
3994.0 1.3083 1e-20
3996.0 1.36194 1e-20
3998.0 1.36851 1e-20
4000.0 1.34462 1e-20
4002.0 1.30133 1e-20
4004.0 1.2468 1e-20
4006.0 1.34723 1e-20
4008.0 1.30621 1e-20
4010.0 1.24923 1e-20
4012.0 1.20763 1e-20
4014.0 1.20885 1e-20
4016.0 1.25204 1e-20
4018.0 1.13954 1e-20
4020.0 1.09757 1e-20
4022.0 1.16991 1e-20
4024.0 0.99516 1e-20
4026.0 1.18679 1e-20
4028.0 1.25486 1e-20
4030.0 1.22847 1e-20
4032.0 1.14483 1e-20
4034.0 1.08037 1e-20
4036.0 1.16751 1e-20
4038.0 1.20053 1e-20
4040.0 1.35032 1e-20
4042.0 1.16806 1e-20
4044.0 1.03995 1e-20
4046.0 1.27199 1e-20
4048.0 1.35284 1e-20
4050.0 1.3798 1e-20
4052.0 1.37454 1e-20
4054.0 1.47422 1e-20
4056.0 1.38439 1e-20
4058.0 1.32122 1e-20
4060.0 1.31419 1e-20
4062.0 1.20487 1e-20
4064.0 1.3245 1e-20
4066.0 1.32257 1e-20
4068.0 1.36816 1e-20
4070.0 1.37287 1e-20
4072.0 1.50231 1e-20
4074.0 1.55862 1e-20
4076.0 1.51321 1e-20
4078.0 1.45166 1e-20
4080.0 1.3825 1e-20
4082.0 1.47179 1e-20
4084.0 1.34489 1e-20
4086.0 1.43095 1e-20
4088.0 1.36036 1e-20
4090.0 1.32701 1e-20
4092.0 1.42477 1e-20
4094.0 1.42786 1e-20
4096.0 1.31863 1e-20
4098.0 1.38511 1e-20
4100.0 1.45837 1e-20
4102.0 1.44148 1e-20
4104.0 1.51279 1e-20
4106.0 1.38328 1e-20
4108.0 1.37073 1e-20
4110.0 1.47581 1e-20
4112.0 1.47865 1e-20
4114.0 1.40409 1e-20
4116.0 1.34593 1e-20
4118.0 1.3798 1e-20
4120.0 1.55032 1e-20
4122.0 1.454 1e-20
4124.0 1.36798 1e-20
4126.0 1.62068 1e-20
4128.0 1.38479 1e-20
4130.0 1.38039 1e-20
4132.0 1.40225 1e-20
4134.0 1.30532 1e-20
4136.0 1.26719 1e-20
4138.0 1.43707 1e-20
4140.0 1.34615 1e-20
4142.0 1.27158 1e-20
4144.0 1.39911 1e-20
4146.0 1.49947 1e-20
4148.0 1.40297 1e-20
4150.0 1.31843 1e-20
4152.0 1.29742 1e-20
4154.0 1.34841 1e-20
4156.0 1.31241 1e-20
4158.0 1.38331 1e-20
4160.0 1.41444 1e-20
4162.0 1.28723 1e-20
4164.0 1.3736 1e-20
4166.0 1.44486 1e-20
4168.0 1.45881 1e-20
4170.0 1.45743 1e-20
4172.0 1.3176 1e-20
4174.0 1.32538 1e-20
4176.0 1.35121 1e-20
4178.0 1.23435 1e-20
4180.0 1.19953 1e-20
4182.0 1.13203 1e-20
4184.0 1.14758 1e-20
4186.0 1.25298 1e-20
4188.0 1.28878 1e-20
4190.0 1.31125 1e-20
4192.0 1.36386 1e-20
4194.0 1.32092 1e-20
4196.0 1.24509 1e-20
4198.0 1.26654 1e-20
4200.0 1.30221 1e-20
4202.0 1.43961 1e-20
4204.0 1.32249 1e-20
4206.0 1.15757 1e-20
4208.0 1.15211 1e-20
4210.0 1.30299 1e-20
4212.0 1.31895 1e-20
4214.0 1.2599 1e-20
4216.0 1.27731 1e-20
4218.0 1.20764 1e-20
4220.0 1.2373 1e-20
4222.0 1.22446 1e-20
4224.0 1.17597 1e-20
4226.0 1.1961 1e-20
4228.0 1.12443 1e-20
4230.0 1.09351 1e-20
4232.0 1.12148 1e-20
4234.0 1.06188 1e-20
4236.0 1.06819 1e-20
4238.0 1.105 1e-20
4240.0 1.09648 1e-20
4242.0 1.13579 1e-20
4244.0 1.13646 1e-20
4246.0 1.18895 1e-20
4248.0 1.16535 1e-20
4250.0 1.2164 1e-20
4252.0 1.19528 1e-20
4254.0 1.09753 1e-20
4256.0 1.06994 1e-20
4258.0 1.13573 1e-20
4260.0 1.09111 1e-20
4262.0 0.991617 1e-20
4264.0 1.03679 1e-20
4266.0 1.07181 1e-20
4268.0 1.06087 1e-20
4270.0 1.1136 1e-20
4272.0 1.07259 1e-20
4274.0 0.994926 1e-20
4276.0 1.02728 1e-20
4278.0 0.990968 1e-20
4280.0 0.883078 1e-20
4282.0 0.933891 1e-20
4284.0 1.00813 1e-20
4286.0 0.980556 1e-20
4288.0 1.01935 1e-20
4290.0 1.05159 1e-20
4292.0 1.0124 1e-20
4294.0 1.07998 1e-20
4296.0 1.03228 1e-20
4298.0 0.947719 1e-20
4300.0 1.02936 1e-20
4302.0 0.954638 1e-20
4304.0 0.853217 1e-20
4306.0 0.951378 1e-20
4308.0 0.981693 1e-20
4310.0 0.869362 1e-20
4312.0 0.953295 1e-20
4314.0 0.989577 1e-20
4316.0 0.873771 1e-20
4318.0 0.893944 1e-20
4320.0 0.861459 1e-20
4322.0 0.863402 1e-20
4324.0 0.959689 1e-20
4326.0 1.00005 1e-20
4328.0 0.934461 1e-20
4330.0 0.885333 1e-20
4332.0 0.890443 1e-20
4334.0 0.891791 1e-20
4336.0 0.881695 1e-20
4338.0 0.858156 1e-20
4340.0 0.959146 1e-20
4342.0 0.914558 1e-20
4344.0 0.832842 1e-20
4346.0 0.815697 1e-20
4348.0 0.796928 1e-20
4350.0 0.822072 1e-20
4352.0 0.796857 1e-20
4354.0 0.794889 1e-20
4356.0 0.807594 1e-20
4358.0 0.852677 1e-20
4360.0 0.954821 1e-20
4362.0 0.870118 1e-20
4364.0 0.785081 1e-20
4366.0 0.880842 1e-20
4368.0 0.98062 1e-20
4370.0 0.952553 1e-20
4372.0 0.888969 1e-20
4374.0 0.839502 1e-20
4376.0 0.904598 1e-20
4378.0 0.901304 1e-20
4380.0 0.865874 1e-20
4382.0 0.948339 1e-20
4384.0 1.00919 1e-20
4386.0 0.988269 1e-20
4388.0 0.958844 1e-20
4390.0 0.86463 1e-20
4392.0 0.863514 1e-20
4394.0 0.909576 1e-20
4396.0 0.849782 1e-20
4398.0 0.784027 1e-20
4400.0 0.881769 1e-20
4402.0 1.05049 1e-20
4404.0 1.02605 1e-20
4406.0 0.922753 1e-20
4408.0 0.811141 1e-20
4410.0 0.88918 1e-20
4412.0 0.990914 1e-20
4414.0 0.988039 1e-20
4416.0 0.964205 1e-20
4418.0 0.97772 1e-20
4420.0 0.862029 1e-20
4422.0 0.866247 1e-20
4424.0 0.950526 1e-20
4426.0 0.782646 1e-20
4428.0 0.803457 1e-20
4430.0 0.920104 1e-20
4432.0 0.815594 1e-20
4434.0 0.838567 1e-20
4436.0 0.909227 1e-20
4438.0 0.886974 1e-20
4440.0 0.838301 1e-20
4442.0 0.869116 1e-20
4444.0 0.829479 1e-20
4446.0 0.897963 1e-20
4448.0 0.890738 1e-20
4450.0 0.972546 1e-20
4452.0 0.878049 1e-20
4454.0 0.864315 1e-20
4456.0 0.872045 1e-20
4458.0 0.895788 1e-20
4460.0 0.898627 1e-20
4462.0 0.799502 1e-20
4464.0 0.905139 1e-20
4466.0 0.964388 1e-20
4468.0 0.908413 1e-20
4470.0 0.860911 1e-20
4472.0 0.886067 1e-20
4474.0 0.92651 1e-20
4476.0 0.912744 1e-20
4478.0 0.931522 1e-20
4480.0 0.979643 1e-20
4482.0 0.917054 1e-20
4484.0 0.954721 1e-20
4486.0 0.975892 1e-20
4488.0 0.908353 1e-20
4490.0 0.902905 1e-20
4492.0 0.945499 1e-20
4494.0 1.01165 1e-20
4496.0 0.970388 1e-20
4498.0 0.962216 1e-20
4500.0 0.943419 1e-20
4502.0 0.9869 1e-20
4504.0 0.94657 1e-20
4506.0 0.897932 1e-20
4508.0 0.94447 1e-20
4510.0 1.04622 1e-20
4512.0 0.999778 1e-20
4514.0 0.96201 1e-20
4516.0 1.00324 1e-20
4518.0 0.961971 1e-20
4520.0 1.02124 1e-20
4522.0 0.944357 1e-20
4524.0 0.905671 1e-20
4526.0 1.01554 1e-20
4528.0 1.03908 1e-20
4530.0 0.9901 1e-20
4532.0 1.02617 1e-20
4534.0 1.07534 1e-20
4536.0 1.06389 1e-20
4538.0 1.0119 1e-20
4540.0 0.990199 1e-20
4542.0 0.997137 1e-20
4544.0 0.984581 1e-20
4546.0 1.00436 1e-20
4548.0 1.08918 1e-20
4550.0 0.958187 1e-20
4552.0 0.874385 1e-20
4554.0 0.898319 1e-20
4556.0 1.02191 1e-20
4558.0 1.00963 1e-20
4560.0 1.06831 1e-20
4562.0 1.10421 1e-20
4564.0 1.00321 1e-20
4566.0 0.944813 1e-20
4568.0 0.903224 1e-20
4570.0 0.995441 1e-20
4572.0 1.0833 1e-20
4574.0 0.992753 1e-20
4576.0 0.946876 1e-20
4578.0 1.03162 1e-20
4580.0 1.0412 1e-20
4582.0 1.01655 1e-20
4584.0 1.05165 1e-20
4586.0 0.987529 1e-20
4588.0 1.03774 1e-20
4590.0 1.05901 1e-20
4592.0 1.01924 1e-20
4594.0 0.958519 1e-20
4596.0 0.981721 1e-20
4598.0 0.993538 1e-20
4600.0 0.944665 1e-20
4602.0 0.975238 1e-20
4604.0 1.04531 1e-20
4606.0 0.960891 1e-20
4608.0 0.936067 1e-20
4610.0 1.02009 1e-20
4612.0 1.06155 1e-20
4614.0 1.07195 1e-20
4616.0 1.09824 1e-20
4618.0 0.993537 1e-20
4620.0 0.936506 1e-20
4622.0 0.980418 1e-20
4624.0 0.947769 1e-20
4626.0 0.949786 1e-20
4628.0 1.06044 1e-20
4630.0 1.07867 1e-20
4632.0 1.06305 1e-20
4634.0 1.06868 1e-20
4636.0 1.04265 1e-20
4638.0 1.00101 1e-20
4640.0 1.01664 1e-20
4642.0 0.944679 1e-20
4644.0 0.956087 1e-20
4646.0 1.0348 1e-20
4648.0 1.01228 1e-20
4650.0 1.05891 1e-20
4652.0 1.03685 1e-20
4654.0 0.975992 1e-20
4656.0 0.959715 1e-20
4658.0 0.993147 1e-20
4660.0 0.993577 1e-20
4662.0 0.974166 1e-20
4664.0 0.975924 1e-20
4666.0 1.06035 1e-20
4668.0 1.03667 1e-20
4670.0 1.00834 1e-20
4672.0 1.10467 1e-20
4674.0 1.06726 1e-20
4676.0 0.997747 1e-20
4678.0 0.940332 1e-20
4680.0 0.887991 1e-20
4682.0 0.919639 1e-20
4684.0 0.901335 1e-20
4686.0 0.879895 1e-20
4688.0 0.907762 1e-20
4690.0 0.916164 1e-20
4692.0 0.904345 1e-20
4694.0 0.929909 1e-20
4696.0 0.917291 1e-20
4698.0 0.868802 1e-20
4700.0 0.913313 1e-20
4702.0 0.943013 1e-20
4704.0 0.859625 1e-20
4706.0 0.821537 1e-20
4708.0 0.836435 1e-20
4710.0 0.875353 1e-20
4712.0 0.914027 1e-20
4714.0 0.889793 1e-20
4716.0 0.887807 1e-20
4718.0 0.964935 1e-20
4720.0 0.981756 1e-20
4722.0 0.950961 1e-20
4724.0 0.942517 1e-20
4726.0 0.849511 1e-20
4728.0 0.834118 1e-20
4730.0 0.862259 1e-20
4732.0 0.890781 1e-20
4734.0 0.882328 1e-20
4736.0 0.850492 1e-20
4738.0 0.804062 1e-20
4740.0 0.895298 1e-20
4742.0 0.966238 1e-20
4744.0 0.964003 1e-20
4746.0 0.980649 1e-20
4748.0 0.971767 1e-20
4750.0 0.953937 1e-20
4752.0 0.905804 1e-20
4754.0 0.851684 1e-20
4756.0 0.874065 1e-20
4758.0 0.856863 1e-20
4760.0 0.839324 1e-20
4762.0 0.894655 1e-20
4764.0 0.876083 1e-20
4766.0 0.836647 1e-20
4768.0 0.877228 1e-20
4770.0 0.903369 1e-20
4772.0 0.983721 1e-20
4774.0 0.932517 1e-20
4776.0 0.896313 1e-20
4778.0 0.865515 1e-20
4780.0 0.855467 1e-20
4782.0 0.849813 1e-20
4784.0 0.817885 1e-20
4786.0 0.77855 1e-20
4788.0 0.816581 1e-20
4790.0 0.845155 1e-20
4792.0 0.754899 1e-20
4794.0 0.730155 1e-20
4796.0 0.774813 1e-20
4798.0 0.829215 1e-20
4800.0 0.838597 1e-20
4802.0 0.857657 1e-20
4804.0 0.818802 1e-20
4806.0 0.836003 1e-20
4808.0 0.875965 1e-20
4810.0 0.871344 1e-20
4812.0 0.839402 1e-20
4814.0 0.884627 1e-20
4816.0 0.842984 1e-20
4818.0 0.875963 1e-20
4820.0 0.896912 1e-20
4822.0 0.831608 1e-20
4824.0 0.856317 1e-20
4826.0 0.952146 1e-20
4828.0 0.910878 1e-20
4830.0 0.871292 1e-20
4832.0 0.920421 1e-20
4834.0 0.889067 1e-20
4836.0 0.867994 1e-20
4838.0 0.91713 1e-20
4840.0 0.889682 1e-20
4842.0 0.891827 1e-20
4844.0 0.872946 1e-20
4846.0 0.872534 1e-20
4848.0 0.90026 1e-20
4850.0 0.85172 1e-20
4852.0 0.855482 1e-20
4854.0 0.912165 1e-20
4856.0 0.925153 1e-20
4858.0 0.842722 1e-20
4860.0 0.834087 1e-20
4862.0 0.818645 1e-20
4864.0 0.810986 1e-20
4866.0 0.832657 1e-20
4868.0 0.818981 1e-20
4870.0 0.849204 1e-20
4872.0 0.871757 1e-20
4874.0 0.818623 1e-20
4876.0 0.823352 1e-20
4878.0 0.841562 1e-20
4880.0 0.802826 1e-20
4882.0 0.762068 1e-20
4884.0 0.740015 1e-20
4886.0 0.746279 1e-20
4888.0 0.743904 1e-20
4890.0 0.81803 1e-20
4892.0 0.798701 1e-20
4894.0 0.782156 1e-20
4896.0 0.773604 1e-20
4898.0 0.717109 1e-20
4900.0 0.728664 1e-20
4902.0 0.704621 1e-20
4904.0 0.638977 1e-20
4906.0 0.720209 1e-20
4908.0 0.742571 1e-20
4910.0 0.726889 1e-20
4912.0 0.745951 1e-20
4914.0 0.768918 1e-20
4916.0 0.735072 1e-20
4918.0 0.693994 1e-20
4920.0 0.727501 1e-20
4922.0 0.720464 1e-20
4924.0 0.688415 1e-20
4926.0 0.722099 1e-20
4928.0 0.788907 1e-20
4930.0 0.756878 1e-20
4932.0 0.726794 1e-20
4934.0 0.689166 1e-20
4936.0 0.67883 1e-20
4938.0 0.741484 1e-20
4940.0 0.668289 1e-20
4942.0 0.626253 1e-20
4944.0 0.734269 1e-20
4946.0 0.674019 1e-20
4948.0 0.659847 1e-20
4950.0 0.772305 1e-20
4952.0 0.773379 1e-20
4954.0 0.721507 1e-20
4956.0 0.695079 1e-20
4958.0 0.739416 1e-20
4960.0 0.747458 1e-20
4962.0 0.731068 1e-20
4964.0 0.727706 1e-20
4966.0 0.679117 1e-20
4968.0 0.735622 1e-20
4970.0 0.757569 1e-20
4972.0 0.71108 1e-20
4974.0 0.711933 1e-20
4976.0 0.727848 1e-20
4978.0 0.718542 1e-20
4980.0 0.748396 1e-20
4982.0 0.746121 1e-20
4984.0 0.719934 1e-20
4986.0 0.696574 1e-20
4988.0 0.73843 1e-20
4990.0 0.744286 1e-20
4992.0 0.726049 1e-20
4994.0 0.838945 1e-20
4996.0 0.842581 1e-20
4998.0 0.809321 1e-20
5000.0 0.803701 1e-20
5002.0 0.729432 1e-20
5004.0 0.706797 1e-20
5006.0 0.765597 1e-20
5008.0 0.792584 1e-20
5010.0 0.804127 1e-20
5012.0 0.806927 1e-20
5014.0 0.776014 1e-20
5016.0 0.755136 1e-20
5018.0 0.786604 1e-20
5020.0 0.771714 1e-20
5022.0 0.701107 1e-20
5024.0 0.811441 1e-20
5026.0 0.834656 1e-20
5028.0 0.76727 1e-20
5030.0 0.810745 1e-20
5032.0 0.900864 1e-20
5034.0 0.798406 1e-20
5036.0 0.775887 1e-20
5038.0 0.825407 1e-20
5040.0 0.818061 1e-20
5042.0 0.810715 1e-20
5044.0 0.803369 1e-20
5046.0 0.796023 1e-20
5048.0 0.788677 1e-20
5050.0 0.781331 1e-20
5052.0 0.773985 1e-20
5054.0 0.773985 1e-20
5056.0 0.799473 1e-20
5058.0 0.833255 1e-20
5060.0 0.890645 1e-20
5062.0 0.875706 1e-20
5064.0 0.785398 1e-20
5066.0 0.832333 1e-20
5068.0 0.84564 1e-20
5070.0 0.80255 1e-20
5072.0 0.81836 1e-20
5074.0 0.819471 1e-20
5076.0 0.829604 1e-20
5078.0 0.823216 1e-20
5080.0 0.824487 1e-20
5082.0 0.870615 1e-20
5084.0 0.904618 1e-20
5086.0 0.915869 1e-20
5088.0 0.878231 1e-20
5090.0 0.924173 1e-20
5092.0 0.909302 1e-20
5094.0 0.88644 1e-20
5096.0 0.83818 1e-20
5098.0 0.854955 1e-20
5100.0 0.876288 1e-20
5102.0 0.91591 1e-20
5104.0 0.915801 1e-20
5106.0 0.855681 1e-20
5108.0 0.864833 1e-20
5110.0 0.895481 1e-20
5112.0 0.85457 1e-20
5114.0 0.903199 1e-20
5116.0 0.870288 1e-20
5118.0 0.865805 1e-20
5120.0 0.910963 1e-20
5122.0 0.907446 1e-20
5124.0 0.888156 1e-20
5126.0 0.911157 1e-20
5128.0 0.886901 1e-20
5130.0 0.855884 1e-20
5132.0 0.900024 1e-20
5134.0 0.889808 1e-20
5136.0 0.901478 1e-20
5138.0 0.933986 1e-20
5140.0 0.956927 1e-20
5142.0 0.946895 1e-20
5144.0 0.913852 1e-20
5146.0 0.934853 1e-20
5148.0 0.94986 1e-20
5150.0 1.01 1e-20
5152.0 1.01771 1e-20
5154.0 0.970418 1e-20
5156.0 0.957867 1e-20
5158.0 0.943917 1e-20
5160.0 0.967135 1e-20
5162.0 0.932809 1e-20
5164.0 0.910261 1e-20
5166.0 0.903216 1e-20
5168.0 0.936002 1e-20
5170.0 0.898517 1e-20
5172.0 0.882997 1e-20
5174.0 0.891613 1e-20
5176.0 0.8666 1e-20
5178.0 0.876384 1e-20
5180.0 0.913277 1e-20
5182.0 0.887408 1e-20
5184.0 0.867829 1e-20
5186.0 0.826431 1e-20
5188.0 0.91267 1e-20
5190.0 0.93396 1e-20
5192.0 0.912842 1e-20
5194.0 0.905466 1e-20
5196.0 0.925446 1e-20
5198.0 0.899354 1e-20
5200.0 0.862702 1e-20
5202.0 0.880276 1e-20
5204.0 0.935404 1e-20
5206.0 0.946424 1e-20
5208.0 0.887351 1e-20
5210.0 0.890049 1e-20
5212.0 0.968217 1e-20
5214.0 0.935963 1e-20
5216.0 0.935268 1e-20
5218.0 0.954353 1e-20
5220.0 0.949963 1e-20
5222.0 0.911475 1e-20
5224.0 0.87397 1e-20
5226.0 0.844499 1e-20
5228.0 0.857276 1e-20
5230.0 0.918976 1e-20
5232.0 0.924393 1e-20
5234.0 0.954099 1e-20
5236.0 1.00121 1e-20
5238.0 0.953698 1e-20
5240.0 0.962962 1e-20
5242.0 0.982717 1e-20
5244.0 0.952596 1e-20
5246.0 0.925637 1e-20
5248.0 0.945292 1e-20
5250.0 0.963326 1e-20
5252.0 0.963435 1e-20
5254.0 0.93935 1e-20
5256.0 0.915738 1e-20
5258.0 0.90553 1e-20
5260.0 0.883928 1e-20
5262.0 0.881379 1e-20
5264.0 0.862422 1e-20
5266.0 0.890854 1e-20
5268.0 0.898776 1e-20
5270.0 0.877143 1e-20
5272.0 0.862116 1e-20
5274.0 0.877047 1e-20
5276.0 0.803053 1e-20
5278.0 0.80181 1e-20
5280.0 0.818315 1e-20
5282.0 0.810968 1e-20
5284.0 0.861145 1e-20
5286.0 0.871224 1e-20
5288.0 0.844554 1e-20
5290.0 0.814335 1e-20
5292.0 0.848955 1e-20
5294.0 0.862662 1e-20
5296.0 0.835529 1e-20
5298.0 0.784121 1e-20
5300.0 0.752825 1e-20
5302.0 0.729479 1e-20
5304.0 0.720155 1e-20
5306.0 0.733774 1e-20
5308.0 0.755707 1e-20
5310.0 0.737661 1e-20
5312.0 0.736011 1e-20
5314.0 0.719504 1e-20
5316.0 0.724513 1e-20
5318.0 0.707069 1e-20
5320.0 0.690578 1e-20
5322.0 0.719324 1e-20
5324.0 0.724882 1e-20
5326.0 0.723775 1e-20
5328.0 0.751786 1e-20
5330.0 0.744479 1e-20
5332.0 0.735353 1e-20
5334.0 0.701487 1e-20
5336.0 0.676244 1e-20
5338.0 0.698045 1e-20
5340.0 0.709213 1e-20
5342.0 0.7235 1e-20
5344.0 0.739424 1e-20
5346.0 0.718478 1e-20
5348.0 0.749671 1e-20
5350.0 0.74407 1e-20
5352.0 0.720103 1e-20
5354.0 0.718567 1e-20
5356.0 0.726566 1e-20
5358.0 0.737987 1e-20
5360.0 0.70384 1e-20
5362.0 0.671137 1e-20
5364.0 0.68459 1e-20
5366.0 0.70356 1e-20
5368.0 0.742113 1e-20
5370.0 0.698293 1e-20
5372.0 0.683315 1e-20
5374.0 0.65409 1e-20
5376.0 0.659674 1e-20
5378.0 0.659374 1e-20
5380.0 0.652477 1e-20
5382.0 0.64712 1e-20
5384.0 0.648373 1e-20
5386.0 0.653653 1e-20
5388.0 0.665677 1e-20
5390.0 0.691373 1e-20
5392.0 0.705518 1e-20
5394.0 0.710267 1e-20
5396.0 0.713544 1e-20
5398.0 0.718829 1e-20
5400.0 0.724001 1e-20
5402.0 0.727673 1e-20
5404.0 0.727203 1e-20
5406.0 0.733166 1e-20
5408.0 0.748051 1e-20
5410.0 0.756753 1e-20
5412.0 0.754611 1e-20
5414.0 0.746788 1e-20
5416.0 0.73849 1e-20
5418.0 0.719456 1e-20
5420.0 0.725417 1e-20
5422.0 0.756103 1e-20
5424.0 0.780206 1e-20
5426.0 0.801855 1e-20
5428.0 0.814785 1e-20
5430.0 0.802965 1e-20
5432.0 0.76765 1e-20
5434.0 0.748104 1e-20
5436.0 0.724228 1e-20
5438.0 0.718991 1e-20
5440.0 0.742296 1e-20
5442.0 0.763662 1e-20
5444.0 0.758085 1e-20
5446.0 0.736927 1e-20
5448.0 0.727604 1e-20
5450.0 0.717459 1e-20
5452.0 0.717229 1e-20
5454.0 0.73823 1e-20
5456.0 0.745042 1e-20
5458.0 0.714903 1e-20
5460.0 0.666333 1e-20
5462.0 0.647971 1e-20
5464.0 0.646106 1e-20
5466.0 0.646858 1e-20
5468.0 0.661328 1e-20
5470.0 0.670083 1e-20
5472.0 0.672508 1e-20
5474.0 0.667513 1e-20
5476.0 0.642989 1e-20
5478.0 0.58814 1e-20
5480.0 0.576179 1e-20
5482.0 0.596909 1e-20
5484.0 0.613217 1e-20
5486.0 0.626145 1e-20
5488.0 0.637985 1e-20
5490.0 0.647201 1e-20
5492.0 0.655075 1e-20
5494.0 0.656592 1e-20
5496.0 0.650327 1e-20
5498.0 0.645862 1e-20
5500.0 0.642797 1e-20
5502.0 0.63842 1e-20
5504.0 0.62843 1e-20
5506.0 0.614812 1e-20
5508.0 0.620078 1e-20
5510.0 0.645943 1e-20
5512.0 0.661209 1e-20
5514.0 0.672506 1e-20
5516.0 0.68251 1e-20
5518.0 0.693393 1e-20
5520.0 0.702808 1e-20
5522.0 0.703133 1e-20
5524.0 0.696414 1e-20
5526.0 0.685491 1e-20
5528.0 0.6586 1e-20
5530.0 0.646551 1e-20
5532.0 0.662612 1e-20
5534.0 0.685045 1e-20
5536.0 0.679486 1e-20
5538.0 0.651627 1e-20
5540.0 0.643538 1e-20
5542.0 0.639969 1e-20
5544.0 0.647076 1e-20
5546.0 0.675189 1e-20
5548.0 0.700913 1e-20
5550.0 0.697635 1e-20
5552.0 0.674269 1e-20
5554.0 0.662662 1e-20
5556.0 0.645189 1e-20
5558.0 0.644312 1e-20
5560.0 0.664775 1e-20
5562.0 0.685106 1e-20
5564.0 0.691322 1e-20
5566.0 0.691221 1e-20
5568.0 0.700336 1e-20
5570.0 0.71499 1e-20
5572.0 0.729312 1e-20
5574.0 0.759366 1e-20
5576.0 0.766381 1e-20
5578.0 0.725645 1e-20
5580.0 0.664382 1e-20
5582.0 0.646747 1e-20
5584.0 0.659019 1e-20
5586.0 0.660586 1e-20
5588.0 0.663772 1e-20
5590.0 0.668442 1e-20
5592.0 0.676179 1e-20
5594.0 0.684003 1e-20
5596.0 0.68696 1e-20
5598.0 0.687159 1e-20
5600.0 0.684222 1e-20
5602.0 0.67003 1e-20
5604.0 0.669603 1e-20
5606.0 0.689297 1e-20
5608.0 0.709088 1e-20
5610.0 0.710349 1e-20
5612.0 0.700169 1e-20
5614.0 0.700171 1e-20
5616.0 0.702479 1e-20
5618.0 0.709147 1e-20
5620.0 0.720762 1e-20
5622.0 0.734838 1e-20
5624.0 0.754178 1e-20
5626.0 0.776037 1e-20
5628.0 0.774596 1e-20
5630.0 0.741365 1e-20
5632.0 0.73558 1e-20
5634.0 0.747356 1e-20
5636.0 0.758867 1e-20
5638.0 0.76663 1e-20
5640.0 0.773068 1e-20
5642.0 0.775962 1e-20
5644.0 0.779265 1e-20
5646.0 0.77006 1e-20
5648.0 0.742032 1e-20
5650.0 0.72497 1e-20
5652.0 0.722547 1e-20
5654.0 0.726491 1e-20
5656.0 0.730567 1e-20
5658.0 0.738437 1e-20
5660.0 0.74345 1e-20
5662.0 0.747694 1e-20
5664.0 0.75131 1e-20
5666.0 0.753276 1e-20
5668.0 0.755896 1e-20
5670.0 0.761201 1e-20
5672.0 0.76828 1e-20
5674.0 0.775718 1e-20
5676.0 0.792263 1e-20
5678.0 0.791193 1e-20
5680.0 0.769322 1e-20
5682.0 0.749598 1e-20
5684.0 0.740762 1e-20
5686.0 0.737924 1e-20
5688.0 0.746131 1e-20
5690.0 0.768064 1e-20
5692.0 0.788481 1e-20
5694.0 0.823216 1e-20
5696.0 0.840923 1e-20
5698.0 0.829253 1e-20
5700.0 0.804262 1e-20
5702.0 0.790945 1e-20
5704.0 0.777463 1e-20
5706.0 0.773117 1e-20
5708.0 0.778774 1e-20
5710.0 0.783439 1e-20
5712.0 0.792599 1e-20
5714.0 0.796015 1e-20
5716.0 0.774712 1e-20
5718.0 0.728716 1e-20
5720.0 0.719529 1e-20
5722.0 0.736391 1e-20
5724.0 0.750725 1e-20
5726.0 0.772684 1e-20
5728.0 0.788404 1e-20
5730.0 0.783085 1e-20
5732.0 0.763429 1e-20
5734.0 0.759438 1e-20
5736.0 0.760093 1e-20
5738.0 0.767749 1e-20
5740.0 0.791556 1e-20
5742.0 0.806323 1e-20
5744.0 0.798378 1e-20
5746.0 0.778867 1e-20
5748.0 0.771008 1e-20
5750.0 0.774586 1e-20
5752.0 0.760135 1e-20
5754.0 0.722644 1e-20
5756.0 0.700697 1e-20
5758.0 0.703124 1e-20
5760.0 0.718078 1e-20
5762.0 0.735126 1e-20
5764.0 0.765305 1e-20
5766.0 0.774996 1e-20
5768.0 0.771663 1e-20
5770.0 0.764305 1e-20
5772.0 0.752397 1e-20
5774.0 0.735741 1e-20
5776.0 0.711823 1e-20
5778.0 0.677205 1e-20
5780.0 0.67286 1e-20
5782.0 0.69757 1e-20
5784.0 0.71288 1e-20
5786.0 0.730713 1e-20
5788.0 0.738051 1e-20
5790.0 0.718841 1e-20
5792.0 0.681603 1e-20
5794.0 0.67581 1e-20
5796.0 0.694368 1e-20
5798.0 0.703883 1e-20
5800.0 0.714558 1e-20
5802.0 0.721732 1e-20
5804.0 0.723794 1e-20
5806.0 0.721835 1e-20
5808.0 0.715307 1e-20
5810.0 0.697993 1e-20
5812.0 0.694032 1e-20
5814.0 0.699329 1e-20
5816.0 0.704905 1e-20
5818.0 0.712457 1e-20
5820.0 0.71848 1e-20
5822.0 0.713891 1e-20
5824.0 0.700458 1e-20
5826.0 0.688592 1e-20
5828.0 0.666658 1e-20
5830.0 0.659858 1e-20
5832.0 0.670735 1e-20
5834.0 0.68861 1e-20
5836.0 0.708684 1e-20
5838.0 0.736579 1e-20
5840.0 0.733538 1e-20
5842.0 0.692855 1e-20
5844.0 0.676769 1e-20
5846.0 0.674493 1e-20
5848.0 0.683588 1e-20
5850.0 0.710065 1e-20
5852.0 0.749465 1e-20
5854.0 0.762596 1e-20
5856.0 0.762575 1e-20
5858.0 0.751785 1e-20
5860.0 0.71242 1e-20
5862.0 0.690643 1e-20
5864.0 0.709887 1e-20
5866.0 0.744356 1e-20
5868.0 0.742606 1e-20
5870.0 0.71519 1e-20
5872.0 0.698065 1e-20
5874.0 0.678338 1e-20
5876.0 0.661695 1e-20
5878.0 0.64949 1e-20
5880.0 0.639086 1e-20
5882.0 0.624724 1e-20
5884.0 0.600567 1e-20
5886.0 0.616306 1e-20
5888.0 0.685076 1e-20
5890.0 0.718414 1e-20
5892.0 0.708699 1e-20
5894.0 0.696165 1e-20
5896.0 0.714572 1e-20
5898.0 0.750908 1e-20
5900.0 0.758139 1e-20
5902.0 0.744105 1e-20
5904.0 0.734452 1e-20
5906.0 0.723932 1e-20
5908.0 0.712325 1e-20
5910.0 0.697023 1e-20
5912.0 0.680591 1e-20
5914.0 0.681298 1e-20
5916.0 0.706962 1e-20
5918.0 0.709239 1e-20
5920.0 0.690288 1e-20
5922.0 0.681832 1e-20
5924.0 0.696481 1e-20
5926.0 0.719158 1e-20
5928.0 0.725306 1e-20
5930.0 0.721294 1e-20
5932.0 0.720569 1e-20
5934.0 0.715896 1e-20
5936.0 0.716352 1e-20
5938.0 0.727318 1e-20
5940.0 0.737478 1e-20
5942.0 0.730765 1e-20
5944.0 0.709521 1e-20
5946.0 0.704916 1e-20
5948.0 0.711795 1e-20
5950.0 0.715042 1e-20
5952.0 0.713024 1e-20
5954.0 0.714343 1e-20
5956.0 0.727279 1e-20
5958.0 0.748607 1e-20
5960.0 0.756498 1e-20
5962.0 0.759772 1e-20
5964.0 0.753948 1e-20
5966.0 0.736873 1e-20
5968.0 0.71668 1e-20
5970.0 0.696237 1e-20
5972.0 0.673953 1e-20
5974.0 0.651926 1e-20
5976.0 0.618248 1e-20
5978.0 0.611312 1e-20
5980.0 0.623883 1e-20
5982.0 0.644496 1e-20
5984.0 0.679835 1e-20
5986.0 0.717356 1e-20
5988.0 0.722753 1e-20
5990.0 0.697268 1e-20
5992.0 0.69811 1e-20
5994.0 0.716689 1e-20
5996.0 0.725937 1e-20
5998.0 0.723812 1e-20
6000.0 0.71766 1e-20
6002.0 0.713422 1e-20
6004.0 0.709421 1e-20
6006.0 0.698139 1e-20
6008.0 0.66973 1e-20
6010.0 0.662618 1e-20
6012.0 0.681917 1e-20
6014.0 0.700994 1e-20
6016.0 0.702184 1e-20
6018.0 0.694407 1e-20
6020.0 0.687997 1e-20
6022.0 0.673429 1e-20
6024.0 0.670242 1e-20
6026.0 0.68043 1e-20
6028.0 0.686323 1e-20
6030.0 0.677547 1e-20
6032.0 0.663598 1e-20
6034.0 0.667542 1e-20
6036.0 0.693307 1e-20
6038.0 0.69558 1e-20
6040.0 0.682289 1e-20
6042.0 0.669269 1e-20
6044.0 0.655575 1e-20
6046.0 0.644 1e-20
6048.0 0.646069 1e-20
6050.0 0.663807 1e-20
6052.0 0.663243 1e-20
6054.0 0.642639 1e-20
6056.0 0.639101 1e-20
6058.0 0.661371 1e-20
6060.0 0.684288 1e-20
6062.0 0.684311 1e-20
6064.0 0.671342 1e-20
6066.0 0.652591 1e-20
6068.0 0.609281 1e-20
6070.0 0.593219 1e-20
6072.0 0.608027 1e-20
6074.0 0.622374 1e-20
6076.0 0.616113 1e-20
6078.0 0.600375 1e-20
6080.0 0.59862 1e-20
6082.0 0.610069 1e-20
6084.0 0.610081 1e-20
6086.0 0.601909 1e-20
6088.0 0.593964 1e-20
6090.0 0.58795 1e-20
6092.0 0.583048 1e-20
6094.0 0.582408 1e-20
6096.0 0.587825 1e-20
6098.0 0.587784 1e-20
6100.0 0.583991 1e-20
6102.0 0.58151 1e-20
6104.0 0.58208 1e-20
6106.0 0.582558 1e-20
6108.0 0.578856 1e-20
6110.0 0.572697 1e-20
6112.0 0.563845 1e-20
6114.0 0.546198 1e-20
6116.0 0.538489 1e-20
6118.0 0.545281 1e-20
6120.0 0.552163 1e-20
6122.0 0.545123 1e-20
6124.0 0.529046 1e-20
6126.0 0.525139 1e-20
6128.0 0.531789 1e-20
6130.0 0.531514 1e-20
6132.0 0.524612 1e-20
6134.0 0.518944 1e-20
6136.0 0.519061 1e-20
6138.0 0.522148 1e-20
6140.0 0.522303 1e-20
6142.0 0.525555 1e-20
6144.0 0.518741 1e-20
6146.0 0.499204 1e-20
6148.0 0.483991 1e-20
6150.0 0.477184 1e-20
6152.0 0.475471 1e-20
6154.0 0.479292 1e-20
6156.0 0.494458 1e-20
6158.0 0.496266 1e-20
6160.0 0.487937 1e-20
6162.0 0.481982 1e-20
6164.0 0.47965 1e-20
6166.0 0.478122 1e-20
6168.0 0.475867 1e-20
6170.0 0.474348 1e-20
6172.0 0.46835 1e-20
6174.0 0.456233 1e-20
6176.0 0.448156 1e-20
6178.0 0.442477 1e-20
6180.0 0.440037 1e-20
6182.0 0.443358 1e-20
6184.0 0.451824 1e-20
6186.0 0.454132 1e-20
6188.0 0.447998 1e-20
6190.0 0.453141 1e-20
6192.0 0.473095 1e-20
6194.0 0.48805 1e-20
6196.0 0.487643 1e-20
6198.0 0.478859 1e-20
6200.0 0.472949 1e-20
6202.0 0.460568 1e-20
6204.0 0.459599 1e-20
6206.0 0.471279 1e-20
6208.0 0.477847 1e-20
6210.0 0.472497 1e-20
6212.0 0.463875 1e-20
6214.0 0.465404 1e-20
6216.0 0.471939 1e-20
6218.0 0.483077 1e-20
6220.0 0.502422 1e-20
6222.0 0.519751 1e-20
6224.0 0.542004 1e-20
6226.0 0.555901 1e-20
6228.0 0.538013 1e-20
6230.0 0.48918 1e-20
6232.0 0.477903 1e-20
6234.0 0.491446 1e-20
6236.0 0.500436 1e-20
6238.0 0.507738 1e-20
6240.0 0.516752 1e-20
6242.0 0.529994 1e-20
6244.0 0.546531 1e-20
6246.0 0.554377 1e-20
6248.0 0.555544 1e-20
6250.0 0.556872 1e-20
6252.0 0.553909 1e-20
6254.0 0.554042 1e-20
6256.0 0.562562 1e-20
6258.0 0.574797 1e-20
6260.0 0.577521 1e-20
6262.0 0.568223 1e-20
6264.0 0.572854 1e-20
6266.0 0.590727 1e-20
6268.0 0.602191 1e-20
6270.0 0.601129 1e-20
6272.0 0.596235 1e-20
6274.0 0.600092 1e-20
6276.0 0.613125 1e-20
6278.0 0.609031 1e-20
6280.0 0.582795 1e-20
6282.0 0.573726 1e-20
6284.0 0.589686 1e-20
6286.0 0.608575 1e-20
6288.0 0.607745 1e-20
6290.0 0.594332 1e-20
6292.0 0.594119 1e-20
6294.0 0.599403 1e-20
6296.0 0.607833 1e-20
6298.0 0.625074 1e-20
6300.0 0.638457 1e-20
6302.0 0.636321 1e-20
6304.0 0.624734 1e-20
6306.0 0.630616 1e-20
6308.0 0.654714 1e-20
6310.0 0.663735 1e-20
6312.0 0.662253 1e-20
6314.0 0.660246 1e-20
6316.0 0.659704 1e-20
6318.0 0.659876 1e-20
6320.0 0.665995 1e-20
6322.0 0.682383 1e-20
6324.0 0.685618 1e-20
6326.0 0.678077 1e-20
6328.0 0.672967 1e-20
6330.0 0.672659 1e-20
6332.0 0.673477 1e-20
6334.0 0.672125 1e-20
6336.0 0.669422 1e-20
6338.0 0.668141 1e-20
6340.0 0.667284 1e-20
6342.0 0.667227 1e-20
6344.0 0.666148 1e-20
6346.0 0.667953 1e-20
6348.0 0.678116 1e-20
6350.0 0.695672 1e-20
6352.0 0.70363 1e-20
6354.0 0.711514 1e-20
6356.0 0.706983 1e-20
6358.0 0.683296 1e-20
6360.0 0.662712 1e-20
6362.0 0.65839 1e-20
6364.0 0.662903 1e-20
6366.0 0.668183 1e-20
6368.0 0.680476 1e-20
6370.0 0.688457 1e-20
6372.0 0.698538 1e-20
6374.0 0.701632 1e-20
6376.0 0.691111 1e-20
6378.0 0.674857 1e-20
6380.0 0.672115 1e-20
6382.0 0.681413 1e-20
6384.0 0.67959 1e-20
6386.0 0.671948 1e-20
6388.0 0.663447 1e-20
6390.0 0.648914 1e-20
6392.0 0.638232 1e-20
6394.0 0.650646 1e-20
6396.0 0.685893 1e-20
6398.0 0.697878 1e-20
6400.0 0.698466 1e-20
6402.0 0.696227 1e-20
6404.0 0.685916 1e-20
6406.0 0.67715 1e-20
6408.0 0.680464 1e-20
6410.0 0.691832 1e-20
6412.0 0.6969 1e-20
6414.0 0.698137 1e-20
6416.0 0.703095 1e-20
6418.0 0.713612 1e-20
6420.0 0.721161 1e-20
6422.0 0.719684 1e-20
6424.0 0.7134 1e-20
6426.0 0.715458 1e-20
6428.0 0.72791 1e-20
6430.0 0.728041 1e-20
6432.0 0.717552 1e-20
6434.0 0.709352 1e-20
6436.0 0.705653 1e-20
6438.0 0.704977 1e-20
6440.0 0.710419 1e-20
6442.0 0.727263 1e-20
6444.0 0.727856 1e-20
6446.0 0.714814 1e-20
6448.0 0.705226 1e-20
6450.0 0.699033 1e-20
6452.0 0.695431 1e-20
6454.0 0.69724 1e-20
6456.0 0.705763 1e-20
6458.0 0.703997 1e-20
6460.0 0.693359 1e-20
6462.0 0.68637 1e-20
6464.0 0.681003 1e-20
6466.0 0.678031 1e-20
6468.0 0.680548 1e-20
6470.0 0.687709 1e-20
6472.0 0.683407 1e-20
6474.0 0.668251 1e-20
6476.0 0.658046 1e-20
6478.0 0.645969 1e-20
6480.0 0.640424 1e-20
6482.0 0.64814 1e-20
6484.0 0.663537 1e-20
6486.0 0.669247 1e-20
6488.0 0.669122 1e-20
6490.0 0.671573 1e-20
6492.0 0.674861 1e-20
6494.0 0.676914 1e-20
6496.0 0.676725 1e-20
6498.0 0.675729 1e-20
6500.0 0.676322 1e-20
6502.0 0.677118 1e-20
6504.0 0.680159 1e-20
6506.0 0.686611 1e-20
6508.0 0.691161 1e-20
6510.0 0.695266 1e-20
6512.0 0.696483 1e-20
6514.0 0.69012 1e-20
6516.0 0.676508 1e-20
6518.0 0.669322 1e-20
6520.0 0.664661 1e-20
6522.0 0.660795 1e-20
6524.0 0.658914 1e-20
6526.0 0.656836 1e-20
6528.0 0.651065 1e-20
6530.0 0.64314 1e-20
6532.0 0.648536 1e-20
6534.0 0.668561 1e-20
6536.0 0.681438 1e-20
6538.0 0.695132 1e-20
6540.0 0.702586 1e-20
6542.0 0.700641 1e-20
6544.0 0.691669 1e-20
6546.0 0.677985 1e-20
6548.0 0.649895 1e-20
6550.0 0.639378 1e-20
6552.0 0.640141 1e-20
6554.0 0.643022 1e-20
6556.0 0.64614 1e-20
6558.0 0.652136 1e-20
6560.0 0.665023 1e-20
6562.0 0.690727 1e-20
6564.0 0.691197 1e-20
6566.0 0.665221 1e-20
6568.0 0.652069 1e-20
6570.0 0.653183 1e-20
6572.0 0.658983 1e-20
6574.0 0.663608 1e-20
6576.0 0.670146 1e-20
6578.0 0.674255 1e-20
6580.0 0.679087 1e-20
6582.0 0.67921 1e-20
6584.0 0.673149 1e-20
6586.0 0.666817 1e-20
6588.0 0.66349 1e-20
6590.0 0.661428 1e-20
6592.0 0.66123 1e-20
6594.0 0.66414 1e-20
6596.0 0.665349 1e-20
6598.0 0.667666 1e-20
6600.0 0.666927 1e-20
6602.0 0.659904 1e-20
6604.0 0.650212 1e-20
6606.0 0.647381 1e-20
6608.0 0.650748 1e-20
6610.0 0.649131 1e-20
6612.0 0.645561 1e-20
6614.0 0.641017 1e-20
6616.0 0.63272 1e-20
6618.0 0.625872 1e-20
6620.0 0.63038 1e-20
6622.0 0.645002 1e-20
6624.0 0.653946 1e-20
6626.0 0.666116 1e-20
6628.0 0.669677 1e-20
6630.0 0.659134 1e-20
6632.0 0.649281 1e-20
6634.0 0.656263 1e-20
6636.0 0.675206 1e-20
6638.0 0.673324 1e-20
6640.0 0.651803 1e-20
6642.0 0.641757 1e-20
6644.0 0.63482 1e-20
6646.0 0.636637 1e-20
6648.0 0.654358 1e-20
6650.0 0.683071 1e-20
6652.0 0.699633 1e-20
6654.0 0.712145 1e-20
6656.0 0.720963 1e-20
6658.0 0.728498 1e-20
6660.0 0.727966 1e-20
6662.0 0.714863 1e-20
6664.0 0.694775 1e-20
6666.0 0.679978 1e-20
6668.0 0.664843 1e-20
6670.0 0.653223 1e-20
6672.0 0.641226 1e-20
6674.0 0.636721 1e-20
6676.0 0.644615 1e-20
6678.0 0.65515 1e-20
6680.0 0.654449 1e-20
6682.0 0.646207 1e-20
6684.0 0.643882 1e-20
6686.0 0.645799 1e-20
6688.0 0.643889 1e-20
6690.0 0.636507 1e-20
6692.0 0.629664 1e-20
6694.0 0.62815 1e-20
6696.0 0.629816 1e-20
6698.0 0.631926 1e-20
6700.0 0.636485 1e-20
6702.0 0.640011 1e-20
6704.0 0.647694 1e-20
6706.0 0.648267 1e-20
6708.0 0.631155 1e-20
6710.0 0.604833 1e-20
6712.0 0.601942 1e-20
6714.0 0.619235 1e-20
6716.0 0.627989 1e-20
6718.0 0.639075 1e-20
6720.0 0.645504 1e-20
6722.0 0.645342 1e-20
6724.0 0.640725 1e-20
6726.0 0.633599 1e-20
6728.0 0.621462 1e-20
6730.0 0.612018 1e-20
6732.0 0.598058 1e-20
6734.0 0.593772 1e-20
6736.0 0.603967 1e-20
6738.0 0.617777 1e-20
6740.0 0.623334 1e-20
6742.0 0.626246 1e-20
6744.0 0.622949 1e-20
6746.0 0.606615 1e-20
6748.0 0.602001 1e-20
6750.0 0.610155 1e-20
6752.0 0.620243 1e-20
6754.0 0.626465 1e-20
6756.0 0.631955 1e-20
6758.0 0.628732 1e-20
6760.0 0.611694 1e-20
6762.0 0.606367 1e-20
6764.0 0.61014 1e-20
6766.0 0.614441 1e-20
6768.0 0.617305 1e-20
6770.0 0.619421 1e-20
6772.0 0.614844 1e-20
6774.0 0.598284 1e-20
6776.0 0.595925 1e-20
6778.0 0.604602 1e-20
6780.0 0.611443 1e-20
6782.0 0.614585 1e-20
6784.0 0.615944 1e-20
6786.0 0.615012 1e-20
6788.0 0.61127 1e-20
6790.0 0.608175 1e-20
6792.0 0.602417 1e-20
6794.0 0.600638 1e-20
6796.0 0.604441 1e-20
6798.0 0.609563 1e-20
6800.0 0.611545 1e-20
6802.0 0.611868 1e-20
6804.0 0.614784 1e-20
6806.0 0.621968 1e-20
6808.0 0.623799 1e-20
6810.0 0.620179 1e-20
6812.0 0.61516 1e-20
6814.0 0.610554 1e-20
6816.0 0.605406 1e-20
6818.0 0.603091 1e-20
6820.0 0.603469 1e-20
6822.0 0.603147 1e-20
6824.0 0.604122 1e-20
6826.0 0.603362 1e-20
6828.0 0.599946 1e-20
6830.0 0.594451 1e-20
6832.0 0.58625 1e-20
6834.0 0.571208 1e-20
6836.0 0.565541 1e-20
6838.0 0.566788 1e-20
6840.0 0.568142 1e-20
6842.0 0.568965 1e-20
6844.0 0.570043 1e-20
6846.0 0.571103 1e-20
6848.0 0.572826 1e-20
6850.0 0.572208 1e-20
6852.0 0.56905 1e-20
6854.0 0.566795 1e-20
6856.0 0.56591 1e-20
6858.0 0.564725 1e-20
6860.0 0.561323 1e-20
6862.0 0.556007 1e-20
6864.0 0.554929 1e-20
6866.0 0.553629 1e-20
6868.0 0.559788 1e-20
6870.0 0.579004 1e-20
6872.0 0.594051 1e-20
6874.0 0.594494 1e-20
6876.0 0.586183 1e-20
6878.0 0.57591 1e-20
6880.0 0.552189 1e-20
6882.0 0.545276 1e-20
6884.0 0.551924 1e-20
6886.0 0.559291 1e-20
6888.0 0.565469 1e-20
6890.0 0.57088 1e-20
6892.0 0.568332 1e-20
6894.0 0.554884 1e-20
6896.0 0.552905 1e-20
6898.0 0.560785 1e-20
6900.0 0.563674 1e-20
6902.0 0.558883 1e-20
6904.0 0.551464 1e-20
6906.0 0.545778 1e-20
6908.0 0.538253 1e-20
6910.0 0.539263 1e-20
6912.0 0.551833 1e-20
6914.0 0.556702 1e-20
6916.0 0.552476 1e-20
6918.0 0.547065 1e-20
6920.0 0.547379 1e-20
6922.0 0.551018 1e-20
6924.0 0.545591 1e-20
6926.0 0.528705 1e-20
6928.0 0.52136 1e-20
6930.0 0.520749 1e-20
6932.0 0.52316 1e-20
6934.0 0.528175 1e-20
6936.0 0.535715 1e-20
6938.0 0.539581 1e-20
6940.0 0.540114 1e-20
6942.0 0.5436 1e-20
6944.0 0.551843 1e-20
6946.0 0.555108 1e-20
6948.0 0.549865 1e-20
6950.0 0.540054 1e-20
6952.0 0.530746 1e-20
6954.0 0.513963 1e-20
6956.0 0.515223 1e-20
6958.0 0.537993 1e-20
6960.0 0.549422 1e-20
6962.0 0.544688 1e-20
6964.0 0.534948 1e-20
6966.0 0.53052 1e-20
6968.0 0.527524 1e-20
6970.0 0.522589 1e-20
6972.0 0.512859 1e-20
6974.0 0.510479 1e-20
6976.0 0.51719 1e-20
6978.0 0.525259 1e-20
6980.0 0.529703 1e-20
6982.0 0.533122 1e-20
6984.0 0.531773 1e-20
6986.0 0.520095 1e-20
6988.0 0.520228 1e-20
6990.0 0.53385 1e-20
6992.0 0.544072 1e-20
6994.0 0.542172 1e-20
6996.0 0.534364 1e-20
6998.0 0.531718 1e-20
7000.0 0.531046 1e-20
7002.0 0.529536 1e-20
7004.0 0.526979 1e-20
7006.0 0.526252 1e-20
7008.0 0.530279 1e-20
7010.0 0.534559 1e-20
7012.0 0.52938 1e-20
7014.0 0.515431 1e-20
7016.0 0.507012 1e-20
7018.0 0.497232 1e-20
7020.0 0.493369 1e-20
7022.0 0.499169 1e-20
7024.0 0.506148 1e-20
7026.0 0.503825 1e-20
7028.0 0.495071 1e-20
7030.0 0.493166 1e-20
7032.0 0.497598 1e-20
7034.0 0.496495 1e-20
7036.0 0.486647 1e-20
7038.0 0.479975 1e-20
7040.0 0.485872 1e-20
7042.0 0.499815 1e-20
7044.0 0.508339 1e-20
7046.0 0.51757 1e-20
7048.0 0.522631 1e-20
7050.0 0.526751 1e-20
7052.0 0.524564 1e-20
7054.0 0.509941 1e-20
7056.0 0.489261 1e-20
7058.0 0.484477 1e-20
7060.0 0.493147 1e-20
7062.0 0.494969 1e-20
7064.0 0.496579 1e-20
7066.0 0.496348 1e-20
7068.0 0.492665 1e-20
7070.0 0.488237 1e-20
7072.0 0.488064 1e-20
7074.0 0.490684 1e-20
7076.0 0.493386 1e-20
7078.0 0.499125 1e-20
7080.0 0.501605 1e-20
7082.0 0.49966 1e-20
7084.0 0.496786 1e-20
7086.0 0.495616 1e-20
7088.0 0.49433 1e-20
7090.0 0.498969 1e-20
7092.0 0.512633 1e-20
7094.0 0.519284 1e-20
7096.0 0.521249 1e-20
7098.0 0.519666 1e-20
7100.0 0.51251 1e-20
7102.0 0.500989 1e-20
7104.0 0.501192 1e-20
7106.0 0.515118 1e-20
7108.0 0.517574 1e-20
7110.0 0.511401 1e-20
7112.0 0.506226 1e-20
7114.0 0.505682 1e-20
7116.0 0.50663 1e-20
7118.0 0.504862 1e-20
7120.0 0.499714 1e-20
7122.0 0.499737 1e-20
7124.0 0.504927 1e-20
7126.0 0.507949 1e-20
7128.0 0.507114 1e-20
7130.0 0.505317 1e-20
7132.0 0.506111 1e-20
7134.0 0.509286 1e-20
7136.0 0.507957 1e-20
7138.0 0.503191 1e-20
7140.0 0.49834 1e-20
7142.0 0.490509 1e-20
7144.0 0.485361 1e-20
7146.0 0.490375 1e-20
7148.0 0.503648 1e-20
7150.0 0.506278 1e-20
7152.0 0.499469 1e-20
7154.0 0.499455 1e-20
7156.0 0.50737 1e-20
7158.0 0.512606 1e-20
7160.0 0.507314 1e-20
7162.0 0.496502 1e-20
7164.0 0.49767 1e-20
7166.0 0.506814 1e-20
7168.0 0.516607 1e-20
7170.0 0.536433 1e-20
7172.0 0.546351 1e-20
7174.0 0.537311 1e-20
7176.0 0.519271 1e-20
7178.0 0.510018 1e-20
7180.0 0.503046 1e-20
7182.0 0.497232 1e-20
7184.0 0.492095 1e-20
7186.0 0.490016 1e-20
7188.0 0.493721 1e-20
7190.0 0.497875 1e-20
7192.0 0.493676 1e-20
7194.0 0.481535 1e-20
7196.0 0.481836 1e-20
7198.0 0.492279 1e-20
7200.0 0.499956 1e-20
7202.0 0.507496 1e-20
7204.0 0.512467 1e-20
7206.0 0.511349 1e-20
7208.0 0.505472 1e-20
7210.0 0.500915 1e-20
7212.0 0.494194 1e-20
7214.0 0.489925 1e-20
7216.0 0.485705 1e-20
7218.0 0.48513 1e-20
7220.0 0.490752 1e-20
7222.0 0.500741 1e-20
7224.0 0.510053 1e-20
7226.0 0.527921 1e-20
7228.0 0.529303 1e-20
7230.0 0.51238 1e-20
7232.0 0.501963 1e-20
7234.0 0.506754 1e-20
7236.0 0.516363 1e-20
7238.0 0.515912 1e-20
7240.0 0.511426 1e-20
7242.0 0.501823 1e-20
7244.0 0.475417 1e-20
7246.0 0.467419 1e-20
7248.0 0.489527 1e-20
7250.0 0.515539 1e-20
7252.0 0.513248 1e-20
7254.0 0.490659 1e-20
7256.0 0.489476 1e-20
7258.0 0.505637 1e-20
7260.0 0.509965 1e-20
7262.0 0.501666 1e-20
7264.0 0.492294 1e-20
7266.0 0.489119 1e-20
7268.0 0.488569 1e-20
7270.0 0.489469 1e-20
7272.0 0.495762 1e-20
7274.0 0.495924 1e-20
7276.0 0.489881 1e-20
7278.0 0.484673 1e-20
7280.0 0.484321 1e-20
7282.0 0.485583 1e-20
7284.0 0.480763 1e-20
7286.0 0.469213 1e-20
7288.0 0.462996 1e-20
7290.0 0.455577 1e-20
7292.0 0.455198 1e-20
7294.0 0.466989 1e-20
7296.0 0.483052 1e-20
7298.0 0.489434 1e-20
7300.0 0.492561 1e-20
7302.0 0.488161 1e-20
7304.0 0.468973 1e-20
7306.0 0.460488 1e-20
7308.0 0.465483 1e-20
7310.0 0.47487 1e-20
7312.0 0.482228 1e-20
7314.0 0.492069 1e-20
7316.0 0.490209 1e-20
7318.0 0.472027 1e-20
7320.0 0.466534 1e-20
7322.0 0.473821 1e-20
7324.0 0.482341 1e-20
7326.0 0.485311 1e-20
7328.0 0.486226 1e-20
7330.0 0.487804 1e-20
7332.0 0.490065 1e-20
7334.0 0.489846 1e-20
7336.0 0.486956 1e-20
7338.0 0.483956 1e-20
7340.0 0.482714 1e-20
7342.0 0.481332 1e-20
7344.0 0.474436 1e-20
7346.0 0.459923 1e-20
7348.0 0.452914 1e-20
7350.0 0.448766 1e-20
7352.0 0.447795 1e-20
7354.0 0.450272 1e-20
7356.0 0.45573 1e-20
7358.0 0.464516 1e-20
7360.0 0.481326 1e-20
7362.0 0.480923 1e-20
7364.0 0.459715 1e-20
7366.0 0.45233 1e-20
7368.0 0.463389 1e-20
7370.0 0.476471 1e-20
7372.0 0.477369 1e-20
7374.0 0.471867 1e-20
7376.0 0.467056 1e-20
7378.0 0.455678 1e-20
7380.0 0.45329 1e-20
7382.0 0.462221 1e-20
7384.0 0.469792 1e-20
7386.0 0.467753 1e-20
7388.0 0.460792 1e-20
7390.0 0.459181 1e-20
7392.0 0.459022 1e-20
7394.0 0.461274 1e-20
7396.0 0.470515 1e-20
7398.0 0.47382 1e-20
7400.0 0.464086 1e-20
7402.0 0.448963 1e-20
7404.0 0.444809 1e-20
7406.0 0.448166 1e-20
7408.0 0.448364 1e-20
7410.0 0.451048 1e-20
7412.0 0.449289 1e-20
7414.0 0.438934 1e-20
7416.0 0.427775 1e-20
7418.0 0.427943 1e-20
7420.0 0.437528 1e-20
7422.0 0.43846 1e-20
7424.0 0.433408 1e-20
7426.0 0.431717 1e-20
7428.0 0.433717 1e-20
7430.0 0.436404 1e-20
7432.0 0.437591 1e-20
7434.0 0.438189 1e-20
7436.0 0.439826 1e-20
7438.0 0.443333 1e-20
7440.0 0.444302 1e-20
7442.0 0.441873 1e-20
7444.0 0.440428 1e-20
7446.0 0.443271 1e-20
7448.0 0.448136 1e-20
7450.0 0.447248 1e-20
7452.0 0.441271 1e-20
7454.0 0.43728 1e-20
7456.0 0.433142 1e-20
7458.0 0.429272 1e-20
7460.0 0.42431 1e-20
7462.0 0.420424 1e-20
7464.0 0.424294 1e-20
7466.0 0.438152 1e-20
7468.0 0.441828 1e-20
7470.0 0.437019 1e-20
7472.0 0.436727 1e-20
7474.0 0.443421 1e-20
7476.0 0.451664 1e-20
7478.0 0.455825 1e-20
7480.0 0.457953 1e-20
7482.0 0.460279 1e-20
7484.0 0.463483 1e-20
7486.0 0.463268 1e-20
7488.0 0.458153 1e-20
7490.0 0.452838 1e-20
7492.0 0.451886 1e-20
7494.0 0.453532 1e-20
7496.0 0.448106 1e-20
7498.0 0.432548 1e-20
7500.0 0.427387 1e-20
7502.0 0.431849 1e-20
7504.0 0.436354 1e-20
7506.0 0.437578 1e-20
7508.0 0.437327 1e-20
7510.0 0.432832 1e-20
7512.0 0.421797 1e-20
7514.0 0.4154 1e-20
7516.0 0.409446 1e-20
7518.0 0.406413 1e-20
7520.0 0.407757 1e-20
7522.0 0.411393 1e-20
7524.0 0.41376 1e-20
7526.0 0.418376 1e-20
7528.0 0.415605 1e-20
7530.0 0.40234 1e-20
7532.0 0.396514 1e-20
7534.0 0.399992 1e-20
7536.0 0.407194 1e-20
7538.0 0.415167 1e-20
7540.0 0.428021 1e-20
7542.0 0.424087 1e-20
7544.0 0.39788 1e-20
7546.0 0.388404 1e-20
7548.0 0.397185 1e-20
7550.0 0.406642 1e-20
7552.0 0.404972 1e-20
7554.0 0.397938 1e-20
7556.0 0.395369 1e-20
7558.0 0.391855 1e-20
7560.0 0.394034 1e-20
7562.0 0.405323 1e-20
7564.0 0.412715 1e-20
7566.0 0.409999 1e-20
7568.0 0.402068 1e-20
7570.0 0.396984 1e-20
7572.0 0.39032 1e-20
7574.0 0.387304 1e-20
7576.0 0.386696 1e-20
7578.0 0.387607 1e-20
7580.0 0.39028 1e-20
7582.0 0.394213 1e-20
7584.0 0.398283 1e-20
7586.0 0.403821 1e-20
7588.0 0.406457 1e-20
7590.0 0.406177 1e-20
7592.0 0.407096 1e-20
7594.0 0.406666 1e-20
7596.0 0.409682 1e-20
7598.0 0.424783 1e-20
7600.0 0.451927 1e-20
7602.0 0.455748 1e-20
7604.0 0.442293 1e-20
7606.0 0.42913 1e-20
7608.0 0.40504 1e-20
7610.0 0.389828 1e-20
7612.0 0.402141 1e-20
7614.0 0.431886 1e-20
7616.0 0.435294 1e-20
7618.0 0.417159 1e-20
7620.0 0.412054 1e-20
7622.0 0.41292 1e-20
7624.0 0.415103 1e-20
7626.0 0.418854 1e-20
7628.0 0.423037 1e-20
7630.0 0.420275 1e-20
7632.0 0.410451 1e-20
7634.0 0.404465 1e-20
7636.0 0.39571 1e-20
7638.0 0.393653 1e-20
7640.0 0.403139 1e-20
7642.0 0.415584 1e-20
7644.0 0.417972 1e-20
7646.0 0.414412 1e-20
7648.0 0.411514 1e-20
7650.0 0.402843 1e-20
7652.0 0.401541 1e-20
7654.0 0.411815 1e-20
7656.0 0.421646 1e-20
7658.0 0.419185 1e-20
7660.0 0.408707 1e-20
7662.0 0.404235 1e-20
7664.0 0.402955 1e-20
7666.0 0.398972 1e-20
7668.0 0.391447 1e-20
7670.0 0.38525 1e-20
7672.0 0.382953 1e-20
7674.0 0.383104 1e-20
7676.0 0.384958 1e-20
7678.0 0.390128 1e-20
7680.0 0.394105 1e-20
7682.0 0.3996 1e-20
7684.0 0.402601 1e-20
7686.0 0.399878 1e-20
7688.0 0.395471 1e-20
7690.0 0.399687 1e-20
7692.0 0.415656 1e-20
7694.0 0.414859 1e-20
7696.0 0.400275 1e-20
7698.0 0.388341 1e-20
7700.0 0.380102 1e-20
7702.0 0.373319 1e-20
7704.0 0.367295 1e-20
7706.0 0.360841 1e-20
7708.0 0.363039 1e-20
7710.0 0.369138 1e-20
7712.0 0.384797 1e-20
7714.0 0.42061 1e-20
7716.0 0.451064 1e-20
7718.0 0.451383 1e-20
7720.0 0.431439 1e-20
7722.0 0.423282 1e-20
7724.0 0.412983 1e-20
7726.0 0.410611 1e-20
7728.0 0.419687 1e-20
7730.0 0.425968 1e-20
7732.0 0.420348 1e-20
7734.0 0.40917 1e-20
7736.0 0.408773 1e-20
7738.0 0.416703 1e-20
7740.0 0.421464 1e-20
7742.0 0.427242 1e-20
7744.0 0.431602 1e-20
7746.0 0.436432 1e-20
7748.0 0.438368 1e-20
7750.0 0.426732 1e-20
7752.0 0.397802 1e-20
7754.0 0.385734 1e-20
7756.0 0.382502 1e-20
7758.0 0.380884 1e-20
7760.0 0.381943 1e-20
7762.0 0.384018 1e-20
7764.0 0.382887 1e-20
7766.0 0.378535 1e-20
7768.0 0.383785 1e-20
7770.0 0.401962 1e-20
7772.0 0.409966 1e-20
7774.0 0.407173 1e-20
7776.0 0.402578 1e-20
7778.0 0.40172 1e-20
7780.0 0.401842 1e-20
7782.0 0.403407 1e-20
7784.0 0.40652 1e-20
7786.0 0.410328 1e-20
7788.0 0.41701 1e-20
7790.0 0.421452 1e-20
7792.0 0.421179 1e-20
7794.0 0.417954 1e-20
7796.0 0.414129 1e-20
7798.0 0.404149 1e-20
7800.0 0.404314 1e-20
7802.0 0.41586 1e-20
7804.0 0.421903 1e-20
7806.0 0.417316 1e-20
7808.0 0.408965 1e-20
7810.0 0.40545 1e-20
7812.0 0.401532 1e-20
7814.0 0.405874 1e-20
7816.0 0.425304 1e-20
7818.0 0.431609 1e-20
7820.0 0.419833 1e-20
7822.0 0.40378 1e-20
7824.0 0.395734 1e-20
7826.0 0.389429 1e-20
7828.0 0.391977 1e-20
7830.0 0.408034 1e-20
7832.0 0.415762 1e-20
7834.0 0.415338 1e-20
7836.0 0.414735 1e-20
7838.0 0.420985 1e-20
7840.0 0.430652 1e-20
7842.0 0.423361 1e-20
7844.0 0.396059 1e-20
7846.0 0.381938 1e-20
7848.0 0.371451 1e-20
7850.0 0.368245 1e-20
7852.0 0.377188 1e-20
7854.0 0.392972 1e-20
7856.0 0.398286 1e-20
7858.0 0.397285 1e-20
7860.0 0.398254 1e-20
7862.0 0.40257 1e-20
7864.0 0.399342 1e-20
7866.0 0.381205 1e-20
7868.0 0.36067 1e-20
7870.0 0.359762 1e-20
7872.0 0.375812 1e-20
7874.0 0.376679 1e-20
7876.0 0.367468 1e-20
7878.0 0.363134 1e-20
7880.0 0.364473 1e-20
7882.0 0.367093 1e-20
7884.0 0.368099 1e-20
7886.0 0.369051 1e-20
7888.0 0.36741 1e-20
7890.0 0.360139 1e-20
7892.0 0.359501 1e-20
7894.0 0.368242 1e-20
7896.0 0.37423 1e-20
7898.0 0.370353 1e-20
7900.0 0.360507 1e-20
7902.0 0.34798 1e-20
7904.0 0.322947 1e-20
7906.0 0.31419 1e-20
7908.0 0.318638 1e-20
7910.0 0.324331 1e-20
7912.0 0.328814 1e-20
7914.0 0.333345 1e-20
7916.0 0.333948 1e-20
7918.0 0.329459 1e-20
7920.0 0.330256 1e-20
7922.0 0.335234 1e-20
7924.0 0.338571 1e-20
7926.0 0.340959 1e-20
7928.0 0.341005 1e-20
7930.0 0.334227 1e-20
7932.0 0.319612 1e-20
7934.0 0.313613 1e-20
7936.0 0.313894 1e-20
7938.0 0.311696 1e-20
7940.0 0.30614 1e-20
7942.0 0.301258 1e-20
7944.0 0.300371 1e-20
7946.0 0.302144 1e-20
7948.0 0.303623 1e-20
7950.0 0.309297 1e-20
7952.0 0.307968 1e-20
7954.0 0.298659 1e-20
7956.0 0.289406 1e-20
7958.0 0.285054 1e-20
7960.0 0.282544 1e-20
7962.0 0.275173 1e-20
7964.0 0.258255 1e-20
7966.0 0.255501 1e-20
7968.0 0.268033 1e-20
7970.0 0.274888 1e-20
7972.0 0.268762 1e-20
7974.0 0.257379 1e-20
7976.0 0.251049 1e-20
7978.0 0.244291 1e-20
7980.0 0.243469 1e-20
7982.0 0.248181 1e-20
7984.0 0.253947 1e-20
7986.0 0.262289 1e-20
7988.0 0.270374 1e-20
7990.0 0.27312 1e-20
7992.0 0.272215 1e-20
7994.0 0.27066 1e-20
7996.0 0.268036 1e-20
7998.0 0.262668 1e-20
8000.0 0.251485 1e-20
8002.0 0.242021 1e-20
8004.0 0.241306 1e-20
8006.0 0.246407 1e-20
8008.0 0.247762 1e-20
8010.0 0.250824 1e-20
8012.0 0.248443 1e-20
8014.0 0.23713 1e-20
8016.0 0.229759 1e-20
8018.0 0.233739 1e-20
8020.0 0.243767 1e-20
8022.0 0.248543 1e-20
8024.0 0.255067 1e-20
8026.0 0.253462 1e-20
8028.0 0.241026 1e-20
8030.0 0.233213 1e-20
8032.0 0.234734 1e-20
8034.0 0.239887 1e-20
8036.0 0.241567 1e-20
8038.0 0.242947 1e-20
8040.0 0.242243 1e-20
8042.0 0.237906 1e-20
8044.0 0.236118 1e-20
8046.0 0.23867 1e-20
8048.0 0.241328 1e-20
8050.0 0.238481 1e-20
8052.0 0.230498 1e-20
8054.0 0.232951 1e-20
8056.0 0.247061 1e-20
8058.0 0.253313 1e-20
8060.0 0.253579 1e-20
8062.0 0.250329 1e-20
8064.0 0.242614 1e-20
8066.0 0.230552 1e-20
8068.0 0.22922 1e-20
8070.0 0.238672 1e-20
8072.0 0.24182 1e-20
8074.0 0.242703 1e-20
8076.0 0.241322 1e-20
8078.0 0.235452 1e-20
8080.0 0.227658 1e-20
8082.0 0.229067 1e-20
8084.0 0.240199 1e-20
8086.0 0.244685 1e-20
8088.0 0.246972 1e-20
8090.0 0.248254 1e-20
8092.0 0.247751 1e-20
8094.0 0.246926 1e-20
8096.0 0.249197 1e-20
8098.0 0.253382 1e-20
8100.0 0.258592 1e-20
8102.0 0.268508 1e-20
8104.0 0.272985 1e-20
8106.0 0.270096 1e-20
8108.0 0.265426 1e-20
8110.0 0.264125 1e-20
8112.0 0.263951 1e-20
8114.0 0.264403 1e-20
8116.0 0.268109 1e-20
8118.0 0.26732 1e-20
8120.0 0.261306 1e-20
8122.0 0.255012 1e-20
8124.0 0.250749 1e-20
8126.0 0.247313 1e-20
8128.0 0.248431 1e-20
8130.0 0.255176 1e-20
8132.0 0.259721 1e-20
8134.0 0.263465 1e-20
8136.0 0.267948 1e-20
8138.0 0.274578 1e-20
8140.0 0.281756 1e-20
8142.0 0.284764 1e-20
8144.0 0.285773 1e-20
8146.0 0.283235 1e-20
8148.0 0.274249 1e-20
8150.0 0.268384 1e-20
8152.0 0.265397 1e-20
8154.0 0.266138 1e-20
8156.0 0.275425 1e-20
8158.0 0.294577 1e-20
8160.0 0.305848 1e-20
8162.0 0.316669 1e-20
8164.0 0.321501 1e-20
8166.0 0.317346 1e-20
8168.0 0.31191 1e-20
8170.0 0.312812 1e-20
8172.0 0.31705 1e-20
8174.0 0.318898 1e-20
8176.0 0.31956 1e-20
8178.0 0.321257 1e-20
8180.0 0.324384 1e-20
8182.0 0.326923 1e-20
8184.0 0.329492 1e-20
8186.0 0.331411 1e-20
8188.0 0.321472 1e-20
8190.0 0.286632 1e-20
8192.0 0.28357 1e-20
8194.0 0.307834 1e-20
8196.0 0.330295 1e-20
8198.0 0.346082 1e-20
8200.0 0.357188 1e-20
8202.0 0.351342 1e-20
8204.0 0.321954 1e-20
8206.0 0.314197 1e-20
8208.0 0.318477 1e-20
8210.0 0.322894 1e-20
8212.0 0.328346 1e-20
8214.0 0.333204 1e-20
8216.0 0.332151 1e-20
8218.0 0.326338 1e-20
8220.0 0.322224 1e-20
8222.0 0.314906 1e-20
8224.0 0.313067 1e-20
8226.0 0.318098 1e-20
8228.0 0.324579 1e-20
8230.0 0.329124 1e-20
8232.0 0.33379 1e-20
8234.0 0.331516 1e-20
8236.0 0.318315 1e-20
8238.0 0.314638 1e-20
8240.0 0.318995 1e-20
8242.0 0.324389 1e-20
8244.0 0.328512 1e-20
8246.0 0.332486 1e-20
8248.0 0.332473 1e-20
8250.0 0.327134 1e-20
8252.0 0.325612 1e-20
8254.0 0.327608 1e-20
8256.0 0.32681 1e-20
8258.0 0.318938 1e-20
8260.0 0.309802 1e-20
8262.0 0.311834 1e-20
8264.0 0.323213 1e-20
8266.0 0.331048 1e-20
8268.0 0.342423 1e-20
8270.0 0.348199 1e-20
8272.0 0.346572 1e-20
8274.0 0.341719 1e-20
8276.0 0.337992 1e-20
8278.0 0.333815 1e-20
8280.0 0.327226 1e-20
8282.0 0.31405 1e-20
8284.0 0.309145 1e-20
8286.0 0.317322 1e-20
8288.0 0.322653 1e-20
8290.0 0.309735 1e-20
8292.0 0.284813 1e-20
8294.0 0.283179 1e-20
8296.0 0.29946 1e-20
8298.0 0.312033 1e-20
8300.0 0.332465 1e-20
8302.0 0.343628 1e-20
8304.0 0.333065 1e-20
8306.0 0.311077 1e-20
8308.0 0.307277 1e-20
8310.0 0.31696 1e-20
8312.0 0.319176 1e-20
8314.0 0.319391 1e-20
8316.0 0.319649 1e-20
8318.0 0.319911 1e-20
8320.0 0.320472 1e-20
8322.0 0.323039 1e-20
8324.0 0.328688 1e-20
8326.0 0.329246 1e-20
8328.0 0.323409 1e-20
8330.0 0.322538 1e-20
8332.0 0.329297 1e-20
8334.0 0.336817 1e-20
8336.0 0.337083 1e-20
8338.0 0.331614 1e-20
8340.0 0.336685 1e-20
8342.0 0.357498 1e-20
8344.0 0.361197 1e-20
8346.0 0.342538 1e-20
8348.0 0.326441 1e-20
8350.0 0.331844 1e-20
8352.0 0.349367 1e-20
8354.0 0.350865 1e-20
8356.0 0.3417 1e-20
8358.0 0.336187 1e-20
8360.0 0.328776 1e-20
8362.0 0.324857 1e-20
8364.0 0.327519 1e-20
8366.0 0.334037 1e-20
8368.0 0.338714 1e-20
8370.0 0.345439 1e-20
8372.0 0.347714 1e-20
8374.0 0.3461 1e-20
8376.0 0.344492 1e-20
8378.0 0.342791 1e-20
8380.0 0.341442 1e-20
8382.0 0.342747 1e-20
8384.0 0.347163 1e-20
8386.0 0.347615 1e-20
8388.0 0.341628 1e-20
8390.0 0.343269 1e-20
8392.0 0.359248 1e-20
8394.0 0.372677 1e-20
8396.0 0.364719 1e-20
8398.0 0.341058 1e-20
8400.0 0.329924 1e-20
8402.0 0.321151 1e-20
8404.0 0.317414 1e-20
8406.0 0.319216 1e-20
8408.0 0.324165 1e-20
8410.0 0.332213 1e-20
8412.0 0.34325 1e-20
8414.0 0.348204 1e-20
8416.0 0.34709 1e-20
8418.0 0.350398 1e-20
8420.0 0.355842 1e-20
8422.0 0.362228 1e-20
8424.0 0.372121 1e-20
8426.0 0.381752 1e-20
8428.0 0.377086 1e-20
8430.0 0.353695 1e-20
8432.0 0.349172 1e-20
8434.0 0.357834 1e-20
8436.0 0.363454 1e-20
8438.0 0.362528 1e-20
8440.0 0.361297 1e-20
8442.0 0.367684 1e-20
8444.0 0.382589 1e-20
8446.0 0.382386 1e-20
8448.0 0.368019 1e-20
8450.0 0.359344 1e-20
8452.0 0.353932 1e-20
8454.0 0.352605 1e-20
8456.0 0.358526 1e-20
8458.0 0.370894 1e-20
8460.0 0.380936 1e-20
8462.0 0.401002 1e-20
8464.0 0.400998 1e-20
8466.0 0.374128 1e-20
8468.0 0.352185 1e-20
8470.0 0.354536 1e-20
8472.0 0.369178 1e-20
8474.0 0.371326 1e-20
8476.0 0.365919 1e-20
8478.0 0.365917 1e-20
8480.0 0.368649 1e-20
8482.0 0.371637 1e-20
8484.0 0.372754 1e-20
8486.0 0.374823 1e-20
8488.0 0.385139 1e-20
8490.0 0.407019 1e-20
8492.0 0.415157 1e-20
8494.0 0.415097 1e-20
8496.0 0.413157 1e-20
8498.0 0.408672 1e-20
8500.0 0.402747 1e-20
8502.0 0.398193 1e-20
8504.0 0.393917 1e-20
8506.0 0.389328 1e-20
8508.0 0.385411 1e-20
8510.0 0.379725 1e-20
8512.0 0.368224 1e-20
8514.0 0.360862 1e-20
8516.0 0.367924 1e-20
8518.0 0.385548 1e-20
8520.0 0.392545 1e-20
8522.0 0.393581 1e-20
8524.0 0.396751 1e-20
8526.0 0.401623 1e-20
8528.0 0.404833 1e-20
8530.0 0.405161 1e-20
8532.0 0.40328 1e-20
8534.0 0.398367 1e-20
8536.0 0.386834 1e-20
8538.0 0.381821 1e-20
8540.0 0.380958 1e-20
8542.0 0.380201 1e-20
8544.0 0.376725 1e-20
8546.0 0.374584 1e-20
8548.0 0.38242 1e-20
8550.0 0.400918 1e-20
8552.0 0.411972 1e-20
8554.0 0.423585 1e-20
8556.0 0.428643 1e-20
8558.0 0.423826 1e-20
8560.0 0.416516 1e-20
8562.0 0.415343 1e-20
8564.0 0.416894 1e-20
8566.0 0.418796 1e-20
8568.0 0.424384 1e-20
8570.0 0.425685 1e-20
8572.0 0.422432 1e-20
8574.0 0.418012 1e-20
8576.0 0.414399 1e-20
8578.0 0.410583 1e-20
8580.0 0.407317 1e-20
8582.0 0.404927 1e-20
8584.0 0.401507 1e-20
8586.0 0.394925 1e-20
8588.0 0.391864 1e-20
8590.0 0.396793 1e-20
8592.0 0.405794 1e-20
8594.0 0.408247 1e-20
8596.0 0.407442 1e-20
8598.0 0.405508 1e-20
8600.0 0.398415 1e-20
8602.0 0.395663 1e-20
8604.0 0.400023 1e-20
8606.0 0.407592 1e-20
8608.0 0.413472 1e-20
8610.0 0.419894 1e-20
8612.0 0.425489 1e-20
8614.0 0.433416 1e-20
8616.0 0.435539 1e-20
8618.0 0.428892 1e-20
8620.0 0.420896 1e-20
8622.0 0.419757 1e-20
8624.0 0.42286 1e-20
8626.0 0.42103 1e-20
8628.0 0.417705 1e-20
8630.0 0.411539 1e-20
8632.0 0.397978 1e-20
8634.0 0.388522 1e-20
8636.0 0.392734 1e-20
8638.0 0.40561 1e-20
8640.0 0.409387 1e-20
8642.0 0.40972 1e-20
8644.0 0.408322 1e-20
8646.0 0.404051 1e-20
8648.0 0.398787 1e-20
8650.0 0.391326 1e-20
8652.0 0.383639 1e-20
8654.0 0.38489 1e-20
8656.0 0.396535 1e-20
8658.0 0.400347 1e-20
8660.0 0.402258 1e-20
8662.0 0.400973 1e-20
8664.0 0.392922 1e-20
8666.0 0.384563 1e-20
8668.0 0.388022 1e-20
8670.0 0.401563 1e-20
8672.0 0.408094 1e-20
8674.0 0.415632 1e-20
8676.0 0.416237 1e-20
8678.0 0.407094 1e-20
8680.0 0.39593 1e-20
8682.0 0.389001 1e-20
8684.0 0.382708 1e-20
8686.0 0.385195 1e-20
8688.0 0.402949 1e-20
8690.0 0.406781 1e-20
8692.0 0.395695 1e-20
8694.0 0.385636 1e-20
8696.0 0.38553 1e-20
8698.0 0.390309 1e-20
8700.0 0.39381 1e-20
8702.0 0.400771 1e-20
8704.0 0.402648 1e-20
8706.0 0.398996 1e-20
8708.0 0.397154 1e-20
8710.0 0.399924 1e-20
8712.0 0.404566 1e-20
8714.0 0.407178 1e-20
8716.0 0.410141 1e-20
8718.0 0.409856 1e-20
8720.0 0.408127 1e-20
8722.0 0.402903 1e-20
8724.0 0.391111 1e-20
8726.0 0.378638 1e-20
8728.0 0.374765 1e-20
8730.0 0.376915 1e-20
8732.0 0.377406 1e-20
8734.0 0.375257 1e-20
8736.0 0.380924 1e-20
8738.0 0.399496 1e-20
8740.0 0.416833 1e-20
8742.0 0.420268 1e-20
8744.0 0.415167 1e-20
8746.0 0.411142 1e-20
8748.0 0.40065 1e-20
8750.0 0.397538 1e-20
8752.0 0.402289 1e-20
8754.0 0.406495 1e-20
8756.0 0.406117 1e-20
8758.0 0.403593 1e-20
8760.0 0.400654 1e-20
8762.0 0.40004 1e-20
8764.0 0.390446 1e-20
8766.0 0.360825 1e-20
8768.0 0.350095 1e-20
8770.0 0.379071 1e-20
8772.0 0.421134 1e-20
8774.0 0.423609 1e-20
8776.0 0.39379 1e-20
8778.0 0.387479 1e-20
8780.0 0.391918 1e-20
8782.0 0.394418 1e-20
8784.0 0.392928 1e-20
8786.0 0.392249 1e-20
8788.0 0.397876 1e-20
8790.0 0.409615 1e-20
8792.0 0.412809 1e-20
8794.0 0.412664 1e-20
8796.0 0.407682 1e-20
8798.0 0.392788 1e-20
8800.0 0.380198 1e-20
8802.0 0.380687 1e-20
8804.0 0.389477 1e-20
8806.0 0.39403 1e-20
8808.0 0.398531 1e-20
8810.0 0.403249 1e-20
8812.0 0.419244 1e-20
8814.0 0.417996 1e-20
8816.0 0.376274 1e-20
8818.0 0.414363 1e-20
8820.0 0.41279 1e-20
8822.0 0.413733 1e-20
8824.0 0.417184 1e-20
8826.0 0.378318 1e-20
8828.0 0.417042 1e-20
8830.0 0.422989 1e-20
8832.0 0.414486 1e-20
8834.0 0.411493 1e-20
8836.0 0.402701 1e-20
8838.0 0.404089 1e-20
8840.0 0.417036 1e-20
8842.0 0.422832 1e-20
8844.0 0.420575 1e-20
8846.0 0.414205 1e-20
8848.0 0.404771 1e-20
8850.0 0.389628 1e-20
8852.0 0.386235 1e-20
8854.0 0.394571 1e-20
8856.0 0.396941 1e-20
8858.0 0.395124 1e-20
8860.0 0.391483 1e-20
8862.0 0.385761 1e-20
8864.0 0.377955 1e-20
8866.0 0.377121 1e-20
8868.0 0.382614 1e-20
8870.0 0.386306 1e-20
8872.0 0.388245 1e-20
8874.0 0.393453 1e-20
8876.0 0.407429 1e-20
8878.0 0.424326 1e-20
8880.0 0.424345 1e-20
8882.0 0.410382 1e-20
8884.0 0.39843 1e-20
8886.0 0.377376 1e-20
8888.0 0.365057 1e-20
8890.0 0.368473 1e-20
8892.0 0.376521 1e-20
8894.0 0.371935 1e-20
8896.0 0.357258 1e-20
8898.0 0.35474 1e-20
8900.0 0.360159 1e-20
8902.0 0.3653 1e-20
8904.0 0.371726 1e-20
8906.0 0.377453 1e-20
8908.0 0.377844 1e-20
8910.0 0.372961 1e-20
8912.0 0.382558 1e-20
8914.0 0.412178 1e-20
8916.0 0.423759 1e-20
8918.0 0.420949 1e-20
8920.0 0.411262 1e-20
8922.0 0.395812 1e-20
8924.0 0.374195 1e-20
8926.0 0.36217 1e-20
8928.0 0.352238 1e-20
8930.0 0.350979 1e-20
8932.0 0.36108 1e-20
8934.0 0.37086 1e-20
8936.0 0.378422 1e-20
8938.0 0.384143 1e-20
8940.0 0.380725 1e-20
8942.0 0.368301 1e-20
8944.0 0.356898 1e-20
8946.0 0.341082 1e-20
8948.0 0.327732 1e-20
8950.0 0.313481 1e-20
8952.0 0.304785 1e-20
8954.0 0.316098 1e-20
8956.0 0.347996 1e-20
8958.0 0.363923 1e-20
8960.0 0.378948 1e-20
8962.0 0.382474 1e-20
8964.0 0.367565 1e-20
8966.0 0.351963 1e-20
8968.0 0.353744 1e-20
8970.0 0.36634 1e-20
8972.0 0.366562 1e-20
8974.0 0.360267 1e-20
8976.0 0.353462 1e-20
8978.0 0.341515 1e-20
8980.0 0.333003 1e-20
8982.0 0.333982 1e-20
8984.0 0.340661 1e-20
8986.0 0.34329 1e-20
8988.0 0.346875 1e-20
8990.0 0.34624 1e-20
8992.0 0.340995 1e-20
8994.0 0.336046 1e-20
8996.0 0.333092 1e-20
8998.0 0.330412 1e-20
9000.0 0.325473 1e-20
9002.0 0.315911 1e-20
9004.0 0.315422 1e-20
9006.0 0.324935 1e-20
9008.0 0.329668 1e-20
9010.0 0.326129 1e-20
9012.0 0.32152 1e-20
9014.0 0.324378 1e-20
9016.0 0.332727 1e-20
9018.0 0.336361 1e-20
9020.0 0.339016 1e-20
9022.0 0.339257 1e-20
9024.0 0.336463 1e-20
9026.0 0.332454 1e-20
9028.0 0.327289 1e-20
9030.0 0.320238 1e-20
9032.0 0.324086 1e-20
9034.0 0.340898 1e-20
9036.0 0.350069 1e-20
9038.0 0.35587 1e-20
9040.0 0.358697 1e-20
9042.0 0.35717 1e-20
9044.0 0.352612 1e-20
9046.0 0.352402 1e-20
9048.0 0.358704 1e-20
9050.0 0.355229 1e-20
9052.0 0.341199 1e-20
9054.0 0.331764 1e-20
9056.0 0.332948 1e-20
9058.0 0.33711 1e-20
9060.0 0.331523 1e-20
9062.0 0.316943 1e-20
9064.0 0.311959 1e-20
9066.0 0.309588 1e-20
9068.0 0.313518 1e-20
9070.0 0.330266 1e-20
9072.0 0.346292 1e-20
9074.0 0.342005 1e-20
9076.0 0.320927 1e-20
9078.0 0.319012 1e-20
9080.0 0.330331 1e-20
9082.0 0.337162 1e-20
9084.0 0.341525 1e-20
9086.0 0.344721 1e-20
9088.0 0.347315 1e-20
9090.0 0.349137 1e-20
9092.0 0.346334 1e-20
9094.0 0.334462 1e-20
9096.0 0.332307 1e-20
9098.0 0.339844 1e-20
9100.0 0.345824 1e-20
9102.0 0.344983 1e-20
9104.0 0.341269 1e-20
9106.0 0.340951 1e-20
9108.0 0.343683 1e-20
9110.0 0.342617 1e-20
9112.0 0.341156 1e-20
9114.0 0.335478 1e-20
9116.0 0.321259 1e-20
9118.0 0.305559 1e-20
9120.0 0.302477 1e-20
9122.0 0.309074 1e-20
9124.0 0.312541 1e-20
9126.0 0.318763 1e-20
9128.0 0.322098 1e-20
9130.0 0.32187 1e-20
9132.0 0.320269 1e-20
9134.0 0.318967 1e-20
9136.0 0.316961 1e-20
9138.0 0.316528 1e-20
9140.0 0.315078 1e-20
9142.0 0.3184 1e-20
9144.0 0.329256 1e-20
9146.0 0.338711 1e-20
9148.0 0.340641 1e-20
9150.0 0.338224 1e-20
9152.0 0.33618 1e-20
9154.0 0.333987 1e-20
9156.0 0.327966 1e-20
9158.0 0.315419 1e-20
9160.0 0.305876 1e-20
9162.0 0.302645 1e-20
9164.0 0.303306 1e-20
9166.0 0.306803 1e-20
9168.0 0.316564 1e-20
9170.0 0.321298 1e-20
9172.0 0.323752 1e-20
9174.0 0.325744 1e-20
9176.0 0.327289 1e-20
9178.0 0.328456 1e-20
9180.0 0.329795 1e-20
9182.0 0.330827 1e-20
9184.0 0.332903 1e-20
9186.0 0.33719 1e-20
9188.0 0.338897 1e-20
9190.0 0.336882 1e-20
9192.0 0.334557 1e-20
9194.0 0.335954 1e-20
9196.0 0.340289 1e-20
9198.0 0.336093 1e-20
9200.0 0.321786 1e-20
9202.0 0.314441 1e-20
9204.0 0.310303 1e-20
9206.0 0.310804 1e-20
9208.0 0.319047 1e-20
9210.0 0.333025 1e-20
9212.0 0.339983 1e-20
9214.0 0.338446 1e-20
9216.0 0.348259 1e-20
9218.0 0.370969 1e-20
9220.0 0.388262 1e-20
9222.0 0.395209 1e-20
9224.0 0.395548 1e-20
9226.0 0.389018 1e-20
9228.0 0.370166 1e-20
9230.0 0.360976 1e-20
9232.0 0.356014 1e-20
9234.0 0.351748 1e-20
9236.0 0.346407 1e-20
9238.0 0.343355 1e-20
9240.0 0.347662 1e-20
9242.0 0.358599 1e-20
9244.0 0.368047 1e-20
9246.0 0.38558 1e-20
9248.0 0.389896 1e-20
9250.0 0.378829 1e-20
9252.0 0.362576 1e-20
9254.0 0.347158 1e-20
9256.0 0.328696 1e-20
9258.0 0.322383 1e-20
9260.0 0.32822 1e-20
9262.0 0.32985 1e-20
9264.0 0.328808 1e-20
9266.0 0.329648 1e-20
9268.0 0.337414 1e-20
9270.0 0.348167 1e-20
9272.0 0.342169 1e-20
9274.0 0.308333 1e-20
9276.0 0.307614 1e-20
9278.0 0.336849 1e-20
9280.0 0.357805 1e-20
9282.0 0.360114 1e-20
9284.0 0.353936 1e-20
9286.0 0.347319 1e-20
9288.0 0.335108 1e-20
9290.0 0.326018 1e-20
9292.0 0.315917 1e-20
9294.0 0.309068 1e-20
9296.0 0.307671 1e-20
9298.0 0.307138 1e-20
9300.0 0.299466 1e-20
9302.0 0.282716 1e-20
9304.0 0.292789 1e-20
9306.0 0.327455 1e-20
9308.0 0.357983 1e-20
9310.0 0.397971 1e-20
9312.0 0.424893 1e-20
9314.0 0.41103 1e-20
9316.0 0.366637 1e-20
9318.0 0.367573 1e-20
9320.0 0.412258 1e-20
9322.0 0.422228 1e-20
9324.0 0.401697 1e-20
9326.0 0.384666 1e-20
9328.0 0.384594 1e-20
9330.0 0.39311 1e-20
9332.0 0.408682 1e-20
9334.0 0.455234 1e-20
9336.0 0.45299 1e-20
9338.0 0.399344 1e-20
9340.0 0.366787 1e-20
9342.0 0.375212 1e-20
9344.0 0.400303 1e-20
9346.0 0.416004 1e-20
9348.0 0.44156 1e-20
9350.0 0.435623 1e-20
9352.0 0.399427 1e-20
9354.0 0.367101 1e-20
9356.0 0.327098 1e-20
9358.0 0.2997 1e-20
9360.0 0.309474 1e-20
9362.0 0.337094 1e-20
9364.0 0.342407 1e-20
9366.0 0.402878 1e-20
9368.0 0.418174 1e-20
9370.0 0.417433 1e-20
9372.0 0.417394 1e-20
9374.0 0.417263 1e-20
9376.0 0.419728 1e-20
9378.0 0.427266 1e-20
9380.0 0.438335 1e-20
9382.0 0.439527 1e-20
9384.0 0.416497 1e-20
9386.0 0.39374 1e-20
9388.0 0.392552 1e-20
9390.0 0.374161 1e-20
9392.0 0.340165 1e-20
9394.0 0.31868 1e-20
9396.0 0.321723 1e-20
9398.0 0.367049 1e-20
9400.0 0.39466 1e-20
9402.0 0.385138 1e-20
9404.0 0.368033 1e-20
9406.0 0.385384 1e-20
9408.0 0.429666 1e-20
9410.0 0.454089 1e-20
9412.0 0.4959 1e-20
9414.0 0.487491 1e-20
9416.0 0.406481 1e-20
9418.0 0.311645 1e-20
9420.0 0.258247 1e-20
9422.0 0.219804 1e-20
9424.0 0.212096 1e-20
9426.0 0.260749 1e-20
9428.0 0.268569 1e-20
9430.0 0.22914 1e-20
9432.0 0.199271 1e-20
9434.0 0.212989 1e-20
9436.0 0.252006 1e-20
9438.0 0.295289 1e-20
9440.0 0.36009 1e-20
9442.0 0.413638 1e-20
9444.0 0.486035 1e-20
9446.0 0.51972 1e-20
9448.0 0.483201 1e-20
9450.0 0.408124 1e-20
9452.0 0.360675 1e-20
9454.0 0.299082 1e-20
9456.0 0.288201 1e-20
9458.0 0.333088 1e-20
9460.0 0.363558 1e-20
9462.0 0.363939 1e-20
9464.0 0.361176 1e-20
9466.0 0.388811 1e-20
9468.0 0.448095 1e-20
9470.0 0.45583 1e-20
9472.0 0.440237 1e-20
9474.0 0.39552 1e-20
9476.0 0.293457 1e-20
9478.0 0.197642 1e-20
9480.0 0.172999 1e-20
9482.0 0.193523 1e-20
9484.0 0.209327 1e-20
9486.0 0.255294 1e-20
9488.0 0.273234 1e-20
9490.0 0.266842 1e-20
9492.0 0.255008 1e-20
9494.0 0.243857 1e-20
9496.0 0.230563 1e-20
9498.0 0.231319 1e-20
9500.0 0.236827 1e-20
9502.0 0.25899 1e-20
9504.0 0.311682 1e-20
9506.0 0.348629 1e-20
9508.0 0.355077 1e-20
9510.0 0.344994 1e-20
9512.0 0.331635 1e-20
9514.0 0.296846 1e-20
9516.0 0.29408 1e-20
9518.0 0.315258 1e-20
9520.0 0.336669 1e-20
9522.0 0.364002 1e-20
9524.0 0.386688 1e-20
9526.0 0.383201 1e-20
9528.0 0.359711 1e-20
9530.0 0.334082 1e-20
9532.0 0.277276 1e-20
9534.0 0.260748 1e-20
9536.0 0.294607 1e-20
9538.0 0.336129 1e-20
9540.0 0.353733 1e-20
9542.0 0.362426 1e-20
9544.0 0.364482 1e-20
9546.0 0.35472 1e-20
9548.0 0.347362 1e-20
9550.0 0.345468 1e-20
9552.0 0.333616 1e-20
9554.0 0.296309 1e-20
9556.0 0.246133 1e-20
9558.0 0.235595 1e-20
9560.0 0.254668 1e-20
9562.0 0.273459 1e-20
9564.0 0.304748 1e-20
9566.0 0.33716 1e-20
9568.0 0.378668 1e-20
9570.0 0.414858 1e-20
9572.0 0.40153 1e-20
9574.0 0.331573 1e-20
9576.0 0.311649 1e-20
9578.0 0.317644 1e-20
9580.0 0.324049 1e-20
9582.0 0.335158 1e-20
9584.0 0.344172 1e-20
9586.0 0.336909 1e-20
9588.0 0.316786 1e-20
9590.0 0.303079 1e-20
9592.0 0.280646 1e-20
9594.0 0.277092 1e-20
9596.0 0.297842 1e-20
9598.0 0.320999 1e-20
9600.0 0.333329 1e-20
9602.0 0.341854 1e-20
9604.0 0.332958 1e-20
9606.0 0.298202 1e-20
9608.0 0.280231 1e-20
9610.0 0.270764 1e-20
9612.0 0.26576 1e-20
9614.0 0.262928 1e-20
9616.0 0.26432 1e-20
9618.0 0.276613 1e-20
9620.0 0.312251 1e-20
9622.0 0.319216 1e-20
9624.0 0.301186 1e-20
9626.0 0.290949 1e-20
9628.0 0.298046 1e-20
9630.0 0.309531 1e-20
9632.0 0.30834 1e-20
9634.0 0.296784 1e-20
9636.0 0.296099 1e-20
9638.0 0.302081 1e-20
9640.0 0.307605 1e-20
9642.0 0.314909 1e-20
9644.0 0.320219 1e-20
9646.0 0.318279 1e-20
9648.0 0.311393 1e-20
9650.0 0.29973 1e-20
9652.0 0.27298 1e-20
9654.0 0.263283 1e-20
9656.0 0.275795 1e-20
9658.0 0.285561 1e-20
9660.0 0.272557 1e-20
9662.0 0.246946 1e-20
9664.0 0.247523 1e-20
9666.0 0.269713 1e-20
9668.0 0.284331 1e-20
9670.0 0.303883 1e-20
9672.0 0.314517 1e-20
9674.0 0.311055 1e-20
9676.0 0.29727 1e-20
9678.0 0.274668 1e-20
9680.0 0.229545 1e-20
9682.0 0.210497 1e-20
9684.0 0.204422 1e-20
9686.0 0.207176 1e-20
9688.0 0.222885 1e-20
9690.0 0.243859 1e-20
9692.0 0.253893 1e-20
9694.0 0.256359 1e-20
9696.0 0.267959 1e-20
9698.0 0.291509 1e-20
9700.0 0.302757 1e-20
9702.0 0.297514 1e-20
9704.0 0.289401 1e-20
9706.0 0.291557 1e-20
9708.0 0.299593 1e-20
9710.0 0.296688 1e-20
9712.0 0.285604 1e-20
9714.0 0.275234 1e-20
9716.0 0.255352 1e-20
9718.0 0.247003 1e-20
9720.0 0.269405 1e-20
9722.0 0.311058 1e-20
9724.0 0.322768 1e-20
9726.0 0.314265 1e-20
9728.0 0.310683 1e-20
9730.0 0.303411 1e-20
9732.0 0.297702 1e-20
9734.0 0.298027 1e-20
9736.0 0.299074 1e-20
9738.0 0.286886 1e-20
9740.0 0.259047 1e-20
9742.0 0.245792 1e-20
9744.0 0.236384 1e-20
9746.0 0.235363 1e-20
9748.0 0.248522 1e-20
9750.0 0.264913 1e-20
9752.0 0.26696 1e-20
9754.0 0.259349 1e-20
9756.0 0.257209 1e-20
9758.0 0.251465 1e-20
9760.0 0.255099 1e-20
9762.0 0.273633 1e-20
9764.0 0.291538 1e-20
9766.0 0.294458 1e-20
9768.0 0.288207 1e-20
9770.0 0.285999 1e-20
9772.0 0.278168 1e-20
9774.0 0.281488 1e-20
9776.0 0.299474 1e-20
9778.0 0.314807 1e-20
9780.0 0.318431 1e-20
9782.0 0.315805 1e-20
9784.0 0.312422 1e-20
9786.0 0.306859 1e-20
9788.0 0.297316 1e-20
9790.0 0.276553 1e-20
9792.0 0.265643 1e-20
9794.0 0.275521 1e-20
9796.0 0.292702 1e-20
9798.0 0.290928 1e-20
9800.0 0.277109 1e-20
9802.0 0.264685 1e-20
9804.0 0.237769 1e-20
9806.0 0.230622 1e-20
9808.0 0.256539 1e-20
9810.0 0.287676 1e-20
9812.0 0.288082 1e-20
9814.0 0.267394 1e-20
9816.0 0.262796 1e-20
9818.0 0.27126 1e-20
9820.0 0.265316 1e-20
9822.0 0.236196 1e-20
9824.0 0.212385 1e-20
9826.0 0.218419 1e-20
9828.0 0.2438 1e-20
9830.0 0.257007 1e-20
9832.0 0.273879 1e-20
9834.0 0.277786 1e-20
9836.0 0.267682 1e-20
9838.0 0.255632 1e-20
9840.0 0.244902 1e-20
9842.0 0.234236 1e-20
9844.0 0.233025 1e-20
9846.0 0.243108 1e-20
9848.0 0.246691 1e-20
9850.0 0.251148 1e-20
9852.0 0.250611 1e-20
9854.0 0.241156 1e-20
9856.0 0.228533 1e-20
9858.0 0.223712 1e-20
9860.0 0.221899 1e-20
9862.0 0.225335 1e-20
9864.0 0.242255 1e-20
9866.0 0.246335 1e-20
9868.0 0.230452 1e-20
9870.0 0.211875 1e-20
9872.0 0.207442 1e-20
9874.0 0.207848 1e-20
9876.0 0.228312 1e-20
9878.0 0.289536 1e-20
9880.0 0.311631 1e-20
9882.0 0.295564 1e-20
9884.0 0.267839 1e-20
9886.0 0.236 1e-20
9888.0 0.194986 1e-20
9890.0 0.205607 1e-20
9892.0 0.289795 1e-20
9894.0 0.307362 1e-20
9896.0 0.267833 1e-20
9898.0 0.233529 1e-20
9900.0 0.22763 1e-20
9902.0 0.233994 1e-20
9904.0 0.243434 1e-20
9906.0 0.277888 1e-20
9908.0 0.270885 1e-20
9910.0 0.207392 1e-20
9912.0 0.185229 1e-20
9914.0 0.234518 1e-20
9916.0 0.310553 1e-20
9918.0 0.355499 1e-20
9920.0 0.398602 1e-20
9922.0 0.409548 1e-20
9924.0 0.38772 1e-20
9926.0 0.36324 1e-20
9928.0 0.326771 1e-20
9930.0 0.293547 1e-20
9932.0 0.286026 1e-20
9934.0 0.29738 1e-20
9936.0 0.297545 1e-20
9938.0 0.299399 1e-20
9940.0 0.293527 1e-20
9942.0 0.266699 1e-20
9944.0 0.254861 1e-20
9946.0 0.289057 1e-20
9948.0 0.352416 1e-20
9950.0 0.375725 1e-20
9952.0 0.378992 1e-20
9954.0 0.375872 1e-20
9956.0 0.354462 1e-20
9958.0 0.337071 1e-20
9960.0 0.330248 1e-20
9962.0 0.329576 1e-20
9964.0 0.337592 1e-20
9966.0 0.370174 1e-20
9968.0 0.363411 1e-20
9970.0 0.315622 1e-20
9972.0 0.286404 1e-20
9974.0 0.290267 1e-20
9976.0 0.302539 1e-20
9978.0 0.293317 1e-20
9980.0 0.268837 1e-20
9982.0 0.26196 1e-20
9984.0 0.261128 1e-20
9986.0 0.269906 1e-20
9988.0 0.304395 1e-20
9990.0 0.328391 1e-20
9992.0 0.300505 1e-20
9994.0 0.233811 1e-20
9996.0 0.200041 1e-20
9998.0 0.156782 1e-20
10000.0 0.163045 1e-20
10002.0 0.229258 1e-20
10004.0 0.301523 1e-20
10006.0 0.364685 1e-20
10008.0 0.42442 1e-20
10010.0 0.399778 1e-20
10012.0 0.265067 1e-20
10014.0 0.20167 1e-20
10016.0 0.159513 1e-20
10018.0 0.140729 1e-20
10020.0 0.151841 1e-20
10022.0 0.183914 1e-20
10024.0 0.213566 1e-20
10026.0 0.260941 1e-20
10028.0 0.280483 1e-20
10030.0 0.280234 1e-20
10032.0 0.276988 1e-20
10034.0 0.270046 1e-20
10036.0 0.260511 1e-20
10038.0 0.252262 1e-20
10040.0 0.240545 1e-20
10042.0 0.244643 1e-20
10044.0 0.268889 1e-20
10046.0 0.281185 1e-20
10048.0 0.28107 1e-20
10050.0 0.278264 1e-20
10052.0 0.271414 1e-20
10054.0 0.256836 1e-20
10056.0 0.306748 1e-20
10058.0 0.465765 1e-20
10060.0 0.511921 1e-20
10062.0 0.44517 1e-20
10064.0 0.384034 1e-20
10066.0 0.39131 1e-20
10068.0 0.425592 1e-20
10070.0 0.41459 1e-20
10072.0 0.376878 1e-20
10074.0 0.337346 1e-20
10076.0 0.260375 1e-20
10078.0 0.223997 1e-20
10080.0 0.275406 1e-20
10082.0 0.350811 1e-20
10084.0 0.319797 1e-20
10086.0 0.19686 1e-20
10088.0 0.139221 1e-20
10090.0 0.0814591 1e-20
10092.0 0.0736236 1e-20
10094.0 0.141111 1e-20
10096.0 0.229292 1e-20
10098.0 0.273717 1e-20
10100.0 0.304006 1e-20
10102.0 0.306268 1e-20
10104.0 0.265729 1e-20
10106.0 0.242002 1e-20
10108.0 0.225201 1e-20
10110.0 0.218779 1e-20
10112.0 0.234287 1e-20
10114.0 0.267783 1e-20
10116.0 0.267926 1e-20
10118.0 0.238621 1e-20
10120.0 0.224194 1e-20
10122.0 0.216912 1e-20
10124.0 0.210534 1e-20
10126.0 0.206435 1e-20
10128.0 0.202075 1e-20
10130.0 0.178752 1e-20
10132.0 0.1274 1e-20
10134.0 0.103236 1e-20
10136.0 0.084118 1e-20
10138.0 0.0861107 1e-20
10140.0 0.116634 1e-20
10142.0 0.164802 1e-20
10144.0 0.214827 1e-20
10146.0 0.285536 1e-20
10148.0 0.317481 1e-20
10150.0 0.329844 1e-20
10152.0 0.320497 1e-20
10154.0 0.274981 1e-20
10156.0 0.22381 1e-20
10158.0 0.202291 1e-20
10160.0 0.194283 1e-20
10162.0 0.204621 1e-20
10164.0 0.250171 1e-20
10166.0 0.273187 1e-20
10168.0 0.264262 1e-20
10170.0 0.268171 1e-20
10172.0 0.330286 1e-20
10174.0 0.428381 1e-20
10176.0 0.421328 1e-20
10178.0 0.305385 1e-20
10180.0 0.253392 1e-20
10182.0 0.211186 1e-20
10184.0 0.209197 1e-20
10186.0 0.286935 1e-20
10188.0 0.400875 1e-20
10190.0 0.407327 1e-20
10192.0 0.312105 1e-20
10194.0 0.289545 1e-20
10196.0 0.315238 1e-20
10198.0 0.310643 1e-20
10200.0 0.247354 1e-20
10202.0 0.171504 1e-20
10204.0 0.145187 1e-20
10206.0 0.131607 1e-20
10208.0 0.191463 1e-20
10210.0 0.396136 1e-20
10212.0 0.474076 1e-20
10214.0 0.386558 1e-20
10216.0 0.266453 1e-20
10218.0 0.230076 1e-20
10220.0 0.22994 1e-20
10222.0 0.211425 1e-20
10224.0 0.188881 1e-20
10226.0 0.174056 1e-20
10228.0 0.166945 1e-20
10230.0 0.162342 1e-20
10232.0 0.154976 1e-20
10234.0 0.148038 1e-20
10236.0 0.159938 1e-20
10238.0 0.196154 1e-20
10240.0 0.217048 1e-20
10242.0 0.231819 1e-20
10244.0 0.243728 1e-20
10246.0 0.256185 1e-20
10248.0 0.264898 1e-20
10250.0 0.256965 1e-20
10252.0 0.227569 1e-20
10254.0 0.214534 1e-20
10256.0 0.207538 1e-20
10258.0 0.203376 1e-20
10260.0 0.201347 1e-20
10262.0 0.20273 1e-20
10264.0 0.208366 1e-20
10266.0 0.216119 1e-20
10268.0 0.236296 1e-20
10270.0 0.293664 1e-20
10272.0 0.303001 1e-20
10274.0 0.240806 1e-20
10276.0 0.179823 1e-20
10278.0 0.183811 1e-20
10280.0 0.225691 1e-20
10282.0 0.26739 1e-20
10284.0 0.353346 1e-20
10286.0 0.382149 1e-20
10288.0 0.355363 1e-20
10290.0 0.31997 1e-20
10292.0 0.284755 1e-20
10294.0 0.248468 1e-20
10296.0 0.291738 1e-20
10298.0 0.484352 1e-20
10300.0 0.495983 1e-20
10302.0 0.340122 1e-20
10304.0 0.230292 1e-20
10306.0 0.236739 1e-20
10308.0 0.286537 1e-20
10310.0 0.2874 1e-20
10312.0 0.259606 1e-20
10314.0 0.266498 1e-20
10316.0 0.307323 1e-20
10318.0 0.328019 1e-20
10320.0 0.325176 1e-20
10322.0 0.307611 1e-20
10324.0 0.272753 1e-20
10326.0 0.207658 1e-20
10328.0 0.20395 1e-20
10330.0 0.268798 1e-20
10332.0 0.28971 1e-20
10334.0 0.266701 1e-20
10336.0 0.233057 1e-20
10338.0 0.207916 1e-20
10340.0 0.181517 1e-20
10342.0 0.163553 1e-20
10344.0 0.165123 1e-20
10346.0 0.139704 1e-20
10348.0 0.0562473 1e-20
10350.0 0.0199078 1e-20
10352.0 0.101021 1e-20
10354.0 0.245882 1e-20
10356.0 0.3049 1e-20
10358.0 0.312392 1e-20
10360.0 0.335297 1e-20
10362.0 0.37332 1e-20
10364.0 0.372936 1e-20
10366.0 0.312528 1e-20
10368.0 0.22067 1e-20
10370.0 0.138065 1e-20
10372.0 0.0144437 1e-20
10374.0 0.00477672 1e-20
10376.0 0.112435 1e-20
10378.0 0.186598 1e-20
10380.0 0.223253 1e-20
10382.0 0.244688 1e-20
10384.0 0.252651 1e-20
10386.0 0.236645 1e-20
10388.0 0.270488 1e-20
10390.0 0.367276 1e-20
10392.0 0.411705 1e-20
10394.0 0.402735 1e-20
10396.0 0.383671 1e-20
10398.0 0.390082 1e-20
10400.0 0.405945 1e-20
10402.0 0.348077 1e-20
10404.0 0.196441 1e-20
10406.0 0.109903 1e-20
10408.0 0.020902 1e-20
10410.0 0.00721075 1e-20
10412.0 0.14778 1e-20
10414.0 0.364705 1e-20
10416.0 0.396736 1e-20
10418.0 0.266141 1e-20
10420.0 0.235334 1e-20
10422.0 0.243038 1e-20
10424.0 0.241972 1e-20
10426.0 0.220004 1e-20
10428.0 0.194145 1e-20
10430.0 0.184263 1e-20
10432.0 0.184555 1e-20
10434.0 0.18455 1e-20
10436.0 0.187608 1e-20
10438.0 0.193455 1e-20
10440.0 0.191578 1e-20
10442.0 0.204357 1e-20
10444.0 0.267635 1e-20
10446.0 0.380207 1e-20
10448.0 0.407251 1e-20
10450.0 0.366424 1e-20
10452.0 0.341514 1e-20
10454.0 0.311686 1e-20
10456.0 0.292674 1e-20
10458.0 0.308618 1e-20
10460.0 0.346496 1e-20
10462.0 0.320102 1e-20
10464.0 0.20729 1e-20
10466.0 0.180295 1e-20
10468.0 0.207233 1e-20
10470.0 0.2568 1e-20
10472.0 0.336954 1e-20
10474.0 0.43147 1e-20
10476.0 0.458312 1e-20
10478.0 0.436345 1e-20
10480.0 0.409989 1e-20
10482.0 0.34376 1e-20
10484.0 0.300575 1e-20
10486.0 0.293728 1e-20
10488.0 0.301359 1e-20
10490.0 0.302158 1e-20
10492.0 0.310191 1e-20
10494.0 0.296319 1e-20
10496.0 0.267003 1e-20
10498.0 0.23049 1e-20
10500.0 0.17055 1e-20
