3412.088867 8.092352878e-15 1e-20
3414.386113 7.832073206e-15 1e-20
3416.683359 5.810816272e-15 1e-20
3418.980605 6.01244103e-15 1e-20
3421.277851 5.538542613e-15 1e-20
3423.575097 5.799445702e-15 1e-20
3425.872342 5.382999835e-15 1e-20
3428.169588 6.704070536e-15 1e-20
3430.466834 7.195377174e-15 1e-20
3432.76408 5.751760711e-15 1e-20
3435.061326 6.892850887e-15 1e-20
3437.358572 5.804185698e-15 1e-20
3439.655818 5.410325965e-15 1e-20
3441.953064 6.836351248e-15 1e-20
3444.250309 5.784710716e-15 1e-20
3446.547555 4.668483075e-15 1e-20
3448.844801 6.854623867e-15 1e-20
3451.142047 6.819240759e-15 1e-20
3453.439293 6.199052129e-15 1e-20
3455.736539 6.734168582e-15 1e-20
3458.033785 6.357174546e-15 1e-20
3460.331031 6.288378106e-15 1e-20
3462.628276 8.203254902e-15 1e-20
3464.925522 6.504747167e-15 1e-20
3467.222768 7.818905232e-15 1e-20
3469.520014 8.054401567e-15 1e-20
3471.81726 7.630806319e-15 1e-20
3474.114506 5.840573386e-15 1e-20
3476.411752 7.057038059e-15 1e-20
3478.708998 7.391101925e-15 1e-20
3481.006244 8.351375554e-15 1e-20
3483.303489 8.201667562e-15 1e-20
3485.600735 6.791511865e-15 1e-20
3487.897981 8.188129435e-15 1e-20
3490.195227 7.834195871e-15 1e-20
3492.492473 6.576055482e-15 1e-20
3494.789719 5.422317834e-15 1e-20
3497.086965 7.203218158e-15 1e-20
3499.384211 7.684516679e-15 1e-20
3501.681456 7.357802518e-15 1e-20
3503.978702 7.696997709e-15 1e-20
3506.275948 6.026497118e-15 1e-20
3508.573194 7.30150532e-15 1e-20
3510.87044 6.342673342e-15 1e-20
3513.167686 6.026428932e-15 1e-20
3515.464932 5.111247525e-15 1e-20
3517.762178 6.89295846e-15 1e-20
3520.059423 8.135543935e-15 1e-20
3522.356669 6.55825085e-15 1e-20
3524.653915 6.782699334e-15 1e-20
3526.951161 7.324095689e-15 1e-20
3529.248407 6.915389163e-15 1e-20
3531.545653 7.108302187e-15 1e-20
3533.842899 8.149285351e-15 1e-20
3536.140145 7.8717567e-15 1e-20
3538.43739 8.983089337e-15 1e-20
3540.734636 7.358319208e-15 1e-20
3543.031882 7.96812025e-15 1e-20
3545.329128 9.620870418e-15 1e-20
3547.626374 9.793552484e-15 1e-20
3549.92362 8.325671492e-15 1e-20
3552.220866 7.000120833e-15 1e-20
3554.518112 6.261444576e-15 1e-20
3556.815357 9.133840873e-15 1e-20
3559.112603 8.698907243e-15 1e-20
3561.409849 7.460392608e-15 1e-20
3563.707095 9.151627718e-15 1e-20
3566.004341 8.575254832e-15 1e-20
3568.301587 7.684457386e-15 1e-20
3570.598833 8.359086942e-15 1e-20
3572.896079 8.700244708e-15 1e-20
3575.193324 8.754417547e-15 1e-20
3577.49057 7.971038278e-15 1e-20
3579.787816 8.042484661e-15 1e-20
3582.085062 7.291954177e-15 1e-20
3584.382308 8.21360141e-15 1e-20
3586.679554 7.966177156e-15 1e-20
3588.9768 7.959934524e-15 1e-20
3591.274046 7.353441993e-15 1e-20
3593.571292 7.463939135e-15 1e-20
3595.868537 8.9226925e-15 1e-20
3598.165783 9.759003704e-15 1e-20
3600.463029 7.426014929e-15 1e-20
3602.760275 7.575929596e-15 1e-20
3605.057521 7.782060993e-15 1e-20
3607.354767 7.625937574e-15 1e-20
3609.652013 7.25353361e-15 1e-20
3611.949259 8.820025331e-15 1e-20
3614.246504 7.996490772e-15 1e-20
3616.54375 7.402729146e-15 1e-20
3618.840996 7.024511147e-15 1e-20
3621.138242 7.041277741e-15 1e-20
3623.435488 6.717971618e-15 1e-20
3625.732734 7.10898659e-15 1e-20
3628.02998 7.196071741e-15 1e-20
3630.327226 8.244336847e-15 1e-20
3632.624471 7.596000889e-15 1e-20
3634.921717 7.137789098e-15 1e-20
3637.218963 6.86437491e-15 1e-20
3639.516209 6.20376502e-15 1e-20
3641.813455 6.621224361e-15 1e-20
3644.110701 6.760714171e-15 1e-20
3646.407947 6.77565922e-15 1e-20
3648.705193 6.058448895e-15 1e-20
3651.002438 5.401244502e-15 1e-20
3653.299684 5.599668746e-15 1e-20
3655.59693 5.065097359e-15 1e-20
3657.894176 5.312951481e-15 1e-20
3660.191422 4.738540323e-15 1e-20
3662.488668 5.177014552e-15 1e-20
3664.785914 3.981541049e-15 1e-20
3667.08316 4.719367732e-15 1e-20
3669.380405 5.500634077e-15 1e-20
3671.677651 4.518489634e-15 1e-20
3673.974897 4.739016356e-15 1e-20
3676.272143 4.409792437e-15 1e-20
3678.569389 4.201867871e-15 1e-20
3680.866635 4.485813644e-15 1e-20
3683.163881 3.978155882e-15 1e-20
3685.461127 4.294344387e-15 1e-20
3687.758373 4.392082672e-15 1e-20
3690.055618 4.167037453e-15 1e-20
3692.352864 2.973545372e-15 1e-20
3694.65011 3.562879768e-15 1e-20
3696.947356 3.63915085e-15 1e-20
3699.244602 4.303040874e-15 1e-20
3701.541848 3.235343139e-15 1e-20
3703.839094 3.972066138e-15 1e-20
3706.13634 3.708679549e-15 1e-20
3708.433585 4.030840061e-15 1e-20
3710.730831 3.986428006e-15 1e-20
3713.028077 3.718074839e-15 1e-20
3715.325323 3.482128941e-15 1e-20
3717.622569 3.669076524e-15 1e-20
3719.919815 4.207673435e-15 1e-20
3722.217061 3.548111325e-15 1e-20
3724.514307 3.393145165e-15 1e-20
3726.811552 3.36902569e-15 1e-20
3729.108798 3.475180518e-15 1e-20
3731.406044 3.450694066e-15 1e-20
3733.70329 2.932198517e-15 1e-20
3736.000536 3.636166753e-15 1e-20
3738.297782 3.247002971e-15 1e-20
3740.595028 3.065961537e-15 1e-20
3742.892274 3.48704025e-15 1e-20
3745.189519 3.424065044e-15 1e-20
3747.486765 3.362540383e-15 1e-20
3749.784011 2.637774524e-15 1e-20
3752.081257 3.268993852e-15 1e-20
3754.378503 3.206073915e-15 1e-20
3756.675749 3.323825471e-15 1e-20
3758.972995 2.996991456e-15 1e-20
3761.270241 3.247597588e-15 1e-20
3763.567486 3.432217525e-15 1e-20
3765.864732 3.530510616e-15 1e-20
3768.161978 3.959948485e-15 1e-20
3770.459224 3.761963004e-15 1e-20
3772.75647 4.754247702e-15 1e-20
3775.053716 5.112367303e-15 1e-20
3777.350962 5.775205313e-15 1e-20
3779.648208 6.541281392e-15 1e-20
3781.945453 6.032435666e-15 1e-20
3784.242699 5.677800759e-15 1e-20
3786.539945 4.734391556e-15 1e-20
3788.837191 4.739899811e-15 1e-20
3791.134437 4.481942703e-15 1e-20
3793.431683 4.517632013e-15 1e-20
3795.728929 5.132733363e-15 1e-20
3798.026175 5.41452132e-15 1e-20
3800.323421 5.583707257e-15 1e-20
3802.620666 5.490345168e-15 1e-20
3804.917912 5.523656856e-15 1e-20
3807.215158 4.384066352e-15 1e-20
3809.512404 4.778548654e-15 1e-20
3811.80965 4.873482836e-15 1e-20
3814.106896 5.651966677e-15 1e-20
3816.404142 5.613267013e-15 1e-20
3818.701388 4.798694062e-15 1e-20
3820.998633 4.752996211e-15 1e-20
3823.295879 4.635485213e-15 1e-20
3825.593125 4.603807874e-15 1e-20
3827.890371 4.505480902e-15 1e-20
3830.187617 5.366372579e-15 1e-20
3832.484863 4.94280613e-15 1e-20
3834.782109 4.54320902e-15 1e-20
3837.079355 4.575432694e-15 1e-20
3839.3766 4.842496677e-15 1e-20
3841.673846 4.992484189e-15 1e-20
3843.971092 4.241908813e-15 1e-20
3846.268338 4.58768799e-15 1e-20
3848.565584 4.793173101e-15 1e-20
3850.86283 4.898523248e-15 1e-20
3853.160076 4.484382158e-15 1e-20
3855.457322 5.04223001e-15 1e-20
3857.754567 5.173305394e-15 1e-20
3860.051813 5.58376189e-15 1e-20
3862.349059 5.573428512e-15 1e-20
3864.646305 5.431349747e-15 1e-20
3866.943551 5.832605347e-15 1e-20
3869.240797 6.008588301e-15 1e-20
3871.538043 5.511359208e-15 1e-20
3873.835289 5.415776199e-15 1e-20
3876.132534 5.872531939e-15 1e-20
3878.42978 6.370869374e-15 1e-20
3880.727026 5.960359092e-15 1e-20
3883.024272 5.699654632e-15 1e-20
3885.321518 6.136475876e-15 1e-20
3887.618764 5.866456172e-15 1e-20
3889.91601 5.906849056e-15 1e-20
3892.213256 6.284976845e-15 1e-20
3894.510501 6.216810175e-15 1e-20
3896.807747 6.140711041e-15 1e-20
3899.104993 6.399352551e-15 1e-20
3901.402239 6.985955478e-15 1e-20
3903.699485 6.824030731e-15 1e-20
3905.996731 7.207466029e-15 1e-20
3908.293977 6.972245826e-15 1e-20
3910.591223 6.691439158e-15 1e-20
3912.888469 7.433860148e-15 1e-20
3915.185714 7.944608309e-15 1e-20
3917.48296 7.727166482e-15 1e-20
3919.780206 7.949343224e-15 1e-20
3922.077452 8.278075863e-15 1e-20
3924.374698 8.178440225e-15 1e-20
3926.671944 8.199431395e-15 1e-20
3928.96919 7.845597781e-15 1e-20
3931.266436 7.76773936e-15 1e-20
3933.563681 8.14566005e-15 1e-20
3935.860927 7.66997397e-15 1e-20
3938.158173 7.752430086e-15 1e-20
3940.455419 7.678335032e-15 1e-20
3942.752665 8.158916962e-15 1e-20
3945.049911 8.496572247e-15 1e-20
3947.347157 8.241074923e-15 1e-20
3949.644403 8.038709435e-15 1e-20
3951.941648 8.46616207e-15 1e-20
3954.238894 8.376205477e-15 1e-20
3956.53614 8.29256775e-15 1e-20
3958.833386 8.471776205e-15 1e-20
3961.130632 9.002197554e-15 1e-20
3963.427878 8.718486409e-15 1e-20
3965.725124 8.886287871e-15 1e-20
3968.02237 8.923203261e-15 1e-20
3970.319615 8.940197283e-15 1e-20
3972.616861 9.354919014e-15 1e-20
3974.914107 9.333171443e-15 1e-20
3977.211353 8.649355815e-15 1e-20
3979.508599 8.830509058e-15 1e-20
3981.805845 9.644984599e-15 1e-20
3984.103091 9.298530336e-15 1e-20
3986.400337 8.740137418e-15 1e-20
3988.697582 8.713165348e-15 1e-20
3990.994828 8.540224937e-15 1e-20
3993.292074 8.861914498e-15 1e-20
3995.58932 8.825742803e-15 1e-20
3997.886566 9.20832048e-15 1e-20
4000.183812 8.847526796e-15 1e-20
4002.481058 8.730006904e-15 1e-20
4004.778304 8.865181504e-15 1e-20
4007.075549 8.29390945e-15 1e-20
4009.372795 8.552113045e-15 1e-20
4011.670041 8.748137645e-15 1e-20
4013.967287 8.875817697e-15 1e-20
4016.264533 8.352092143e-15 1e-20
4018.561779 7.98921137e-15 1e-20
4020.859025 8.141444367e-15 1e-20
4023.156271 7.589506687e-15 1e-20
4025.453517 7.024538252e-15 1e-20
4027.750762 7.202787866e-15 1e-20
4030.048008 7.307341378e-15 1e-20
4032.345254 7.475526545e-15 1e-20
4034.6425 7.616978507e-15 1e-20
4036.939746 7.650440543e-15 1e-20
4039.236992 8.009948431e-15 1e-20
4041.534238 8.014441094e-15 1e-20
4043.831484 7.450382372e-15 1e-20
4046.128729 7.65729304e-15 1e-20
4048.425975 7.611088239e-15 1e-20
4050.723221 7.402921422e-15 1e-20
4053.020467 7.51431896e-15 1e-20
4055.317713 7.421945782e-15 1e-20
4057.614959 7.566642727e-15 1e-20
4059.912205 7.678988095e-15 1e-20
4062.209451 7.104189842e-15 1e-20
4064.506696 7.463190358e-15 1e-20
4066.803942 7.850701155e-15 1e-20
4069.101188 7.60416798e-15 1e-20
4071.398434 7.940418884e-15 1e-20
4073.69568 8.311000881e-15 1e-20
4075.992926 7.677493081e-15 1e-20
4078.290172 7.699409212e-15 1e-20
4080.587418 8.281910382e-15 1e-20
4082.884663 8.441030603e-15 1e-20
4085.181909 8.038312176e-15 1e-20
4087.479155 8.617445543e-15 1e-20
4089.776401 8.143661899e-15 1e-20
4092.073647 7.797841217e-15 1e-20
4094.370893 8.242116774e-15 1e-20
4096.668139 8.087551896e-15 1e-20
4098.965385 8.328319317e-15 1e-20
4101.26263 8.480927549e-15 1e-20
4103.559876 8.470613229e-15 1e-20
4105.857122 8.295820357e-15 1e-20
4108.154368 8.665831453e-15 1e-20
4110.451614 8.697133556e-15 1e-20
4112.74886 8.629669922e-15 1e-20
4115.046106 8.232236981e-15 1e-20
4117.343352 8.482797798e-15 1e-20
4119.640597 8.468533763e-15 1e-20
4121.937843 8.199963332e-15 1e-20
4124.235089 8.120211792e-15 1e-20
4126.532335 8.658698589e-15 1e-20
4128.829581 8.502437103e-15 1e-20
4131.126827 8.330648657e-15 1e-20
4133.424073 8.500519421e-15 1e-20
4135.721319 8.554174723e-15 1e-20
4138.018565 8.722223519e-15 1e-20
4140.31581 8.460431893e-15 1e-20
4142.613056 8.444059593e-15 1e-20
4144.910302 8.371370613e-15 1e-20
4147.207548 8.338938569e-15 1e-20
4149.504794 7.733077077e-15 1e-20
4151.80204 8.132737715e-15 1e-20
4154.099286 8.089360311e-15 1e-20
4156.396532 7.742755276e-15 1e-20
4158.693777 7.524721372e-15 1e-20
4160.991023 7.822941344e-15 1e-20
4163.288269 7.671277554e-15 1e-20
4165.585515 7.665504177e-15 1e-20
4167.882761 7.397772309e-15 1e-20
4170.180007 7.437745488e-15 1e-20
4172.477253 7.405744583e-15 1e-20
4174.774499 7.656689952e-15 1e-20
4177.071744 7.699363472e-15 1e-20
4179.36899 7.426468938e-15 1e-20
4181.666236 7.750491228e-15 1e-20
4183.963482 7.592526359e-15 1e-20
4186.260728 7.193290932e-15 1e-20
4188.557974 7.536702653e-15 1e-20
4190.85522 7.740037994e-15 1e-20
4193.152466 7.384595864e-15 1e-20
4195.449711 7.542732681e-15 1e-20
4197.746957 7.511375521e-15 1e-20
4200.044203 7.598369193e-15 1e-20
4202.341449 7.551010734e-15 1e-20
4204.638695 7.191075094e-15 1e-20
4206.935941 7.267549464e-15 1e-20
4209.233187 7.591521778e-15 1e-20
4211.530433 7.509465462e-15 1e-20
4213.827678 7.651725492e-15 1e-20
4216.124924 7.305616818e-15 1e-20
4218.42217 7.421407916e-15 1e-20
4220.719416 7.676723128e-15 1e-20
4223.016662 7.542659836e-15 1e-20
4225.313908 7.241755616e-15 1e-20
4227.611154 7.272748552e-15 1e-20
4229.9084 7.089796212e-15 1e-20
4232.205645 6.639006124e-15 1e-20
4234.502891 7.119074752e-15 1e-20
4236.800137 7.099462552e-15 1e-20
4239.097383 6.666952282e-15 1e-20
4241.394629 6.735478518e-15 1e-20
4243.691875 6.573737153e-15 1e-20
4245.989121 6.290941651e-15 1e-20
4248.286367 6.570202485e-15 1e-20
4250.583613 6.591867047e-15 1e-20
4252.880858 6.403353935e-15 1e-20
4255.178104 6.084185991e-15 1e-20
4257.47535 6.522783039e-15 1e-20
4259.772596 5.9554679e-15 1e-20
4262.069842 5.895484415e-15 1e-20
4264.367088 6.116996236e-15 1e-20
4266.664334 5.774921133e-15 1e-20
4268.96158 5.6885945e-15 1e-20
4271.258825 6.006327993e-15 1e-20
4273.556071 5.707494769e-15 1e-20
4275.853317 5.801707279e-15 1e-20
4278.150563 5.591484713e-15 1e-20
4280.447809 5.810048013e-15 1e-20
4282.745055 5.645997213e-15 1e-20
4285.042301 5.906182441e-15 1e-20
4287.339547 5.60508298e-15 1e-20
4289.636792 5.615824205e-15 1e-20
4291.934038 5.728908609e-15 1e-20
4294.231284 5.404955776e-15 1e-20
4296.52853 5.448766015e-15 1e-20
4298.825776 5.547047671e-15 1e-20
4301.123022 5.714028358e-15 1e-20
4303.420268 5.77569151e-15 1e-20
4305.717514 5.330138203e-15 1e-20
4308.014759 5.514896841e-15 1e-20
4310.312005 5.43313148e-15 1e-20
4312.609251 5.032855897e-15 1e-20
4314.906497 5.338773281e-15 1e-20
4317.203743 5.660204073e-15 1e-20
4319.500989 5.250767828e-15 1e-20
4321.798235 5.453821107e-15 1e-20
4324.095481 5.340156485e-15 1e-20
4326.392726 5.313427514e-15 1e-20
4328.689972 5.403725885e-15 1e-20
4330.987218 5.140886055e-15 1e-20
4333.284464 5.21376477e-15 1e-20
4335.58171 5.276275378e-15 1e-20
4337.878956 5.179259189e-15 1e-20
4340.176202 5.049233702e-15 1e-20
4342.473448 4.842073584e-15 1e-20
4344.770693 4.771323886e-15 1e-20
4347.067939 4.743256179e-15 1e-20
4349.365185 4.86733973e-15 1e-20
4351.662431 4.854902321e-15 1e-20
4353.959677 4.571566836e-15 1e-20
4356.256923 4.694861375e-15 1e-20
4358.554169 4.89589194e-15 1e-20
4360.851415 4.615493541e-15 1e-20
4363.148661 4.726494668e-15 1e-20
4365.445906 4.722701231e-15 1e-20
4367.743152 4.852146923e-15 1e-20
4370.040398 4.631826454e-15 1e-20
4372.337644 4.835794952e-15 1e-20
4374.63489 4.753415069e-15 1e-20
4376.932136 4.599577792e-15 1e-20
4379.229382 4.867818303e-15 1e-20
4381.526628 5.135454033e-15 1e-20
4383.823873 5.008055196e-15 1e-20
4386.121119 4.817630331e-15 1e-20
4388.418365 4.863758898e-15 1e-20
4390.715611 5.108956301e-15 1e-20
4393.012857 4.922077116e-15 1e-20
4395.310103 5.202788917e-15 1e-20
4397.607349 5.489607826e-15 1e-20
4399.904595 5.107759444e-15 1e-20
4402.20184 5.203731241e-15 1e-20
4404.499086 5.250098672e-15 1e-20
4406.796332 4.95325767e-15 1e-20
4409.093578 4.913608057e-15 1e-20
4411.390824 5.260834815e-15 1e-20
4413.68807 5.278141392e-15 1e-20
4415.985316 5.113264311e-15 1e-20
4418.282562 5.097810195e-15 1e-20
4420.579807 5.021683956e-15 1e-20
4422.877053 4.76630564e-15 1e-20
4425.174299 5.042418899e-15 1e-20
4427.471545 5.118540479e-15 1e-20
4429.768791 5.256532311e-15 1e-20
4432.066037 4.99118357e-15 1e-20
4434.363283 4.985167942e-15 1e-20
4436.660529 4.68294701e-15 1e-20
4438.957774 4.693025431e-15 1e-20
4441.25502 4.816981503e-15 1e-20
4443.552266 4.626413913e-15 1e-20
4445.849512 4.657558891e-15 1e-20
4448.146758 4.629221828e-15 1e-20
4450.444004 4.587255157e-15 1e-20
4452.74125 4.56358228e-15 1e-20
4455.038496 4.636027314e-15 1e-20
4457.335741 4.746460928e-15 1e-20
4459.632987 4.813425236e-15 1e-20
4461.930233 4.679437752e-15 1e-20
4464.227479 4.518845388e-15 1e-20
4466.524725 4.269517004e-15 1e-20
4468.821971 4.791939398e-15 1e-20
4471.119217 4.703406244e-15 1e-20
4473.416463 4.732176565e-15 1e-20
4475.713709 4.85994132e-15 1e-20
4478.010954 4.95683596e-15 1e-20
4480.3082 4.765259978e-15 1e-20
4482.605446 4.839364349e-15 1e-20
4484.902692 4.739198891e-15 1e-20
4487.199938 4.823025083e-15 1e-20
4489.497184 4.698857253e-15 1e-20
4491.79443 4.846436227e-15 1e-20
4494.091676 4.893704477e-15 1e-20
4496.388921 4.993841136e-15 1e-20
4498.686167 4.995675809e-15 1e-20
4500.983413 5.075631908e-15 1e-20
4503.280659 5.119009735e-15 1e-20
4505.577905 5.443092164e-15 1e-20
4507.875151 5.676378591e-15 1e-20
4510.172397 5.188403757e-15 1e-20
4512.469643 4.872652744e-15 1e-20
4514.766888 5.105912488e-15 1e-20
4517.064134 5.163290924e-15 1e-20
4519.36138 5.244102949e-15 1e-20
4521.658626 5.34797587e-15 1e-20
4523.955872 5.480499257e-15 1e-20
4526.253118 5.416582574e-15 1e-20
4528.550364 5.482653685e-15 1e-20
4530.84761 5.430277403e-15 1e-20
4533.144855 5.285398346e-15 1e-20
4535.442101 5.409168495e-15 1e-20
4537.739347 5.331208429e-15 1e-20
4540.036593 5.628935428e-15 1e-20
4542.333839 5.521232648e-15 1e-20
4544.631085 5.561741151e-15 1e-20
4546.928331 5.146539153e-15 1e-20
4549.225577 5.102014443e-15 1e-20
4551.522822 5.390390198e-15 1e-20
4553.820068 5.304259653e-15 1e-20
4556.117314 5.257065094e-15 1e-20
4558.41456 5.549942406e-15 1e-20
4560.711806 5.517191454e-15 1e-20
4563.009052 5.345563097e-15 1e-20
4565.306298 5.31721968e-15 1e-20
4567.603544 5.57235998e-15 1e-20
4569.90079 5.435415081e-15 1e-20
4572.198035 5.120642815e-15 1e-20
4574.495281 5.18151145e-15 1e-20
4576.792527 5.497001576e-15 1e-20
4579.089773 5.234992686e-15 1e-20
4581.387019 5.339076942e-15 1e-20
4583.684265 5.256425161e-15 1e-20
4585.981511 5.311407764e-15 1e-20
4588.278757 5.352369853e-15 1e-20
4590.576002 5.299599701e-15 1e-20
4592.873248 5.196588636e-15 1e-20
4595.170494 4.967760991e-15 1e-20
4597.46774 4.984010048e-15 1e-20
4599.764986 5.215919622e-15 1e-20
4602.062232 5.170602512e-15 1e-20
4604.359478 5.266758539e-15 1e-20
4606.656724 5.277580232e-15 1e-20
4608.953969 5.211304139e-15 1e-20
4611.251215 5.111614291e-15 1e-20
4613.548461 4.916484158e-15 1e-20
4615.845707 5.124934731e-15 1e-20
4618.142953 5.0454517e-15 1e-20
4620.440199 4.827322929e-15 1e-20
4622.737445 4.932540938e-15 1e-20
4625.034691 4.864786349e-15 1e-20
4627.331936 4.884924134e-15 1e-20
4629.629182 4.945723312e-15 1e-20
4631.926428 5.208049415e-15 1e-20
4634.223674 5.186626682e-15 1e-20
4636.52092 5.028375516e-15 1e-20
4638.818166 5.097270211e-15 1e-20
4641.115412 4.9445489e-15 1e-20
4643.412658 4.983951603e-15 1e-20
4645.709903 5.076435318e-15 1e-20
4648.007149 4.96095127e-15 1e-20
4650.304395 4.946058313e-15 1e-20
4652.601641 4.771098999e-15 1e-20
4654.898887 4.824032629e-15 1e-20
4657.196133 4.995166319e-15 1e-20
4659.493379 5.041171219e-15 1e-20
4661.790625 4.807742915e-15 1e-20
4664.08787 4.949316002e-15 1e-20
4666.385116 4.876231882e-15 1e-20
4668.682362 4.872128007e-15 1e-20
4670.979608 4.93734065e-15 1e-20
4673.276854 5.074860684e-15 1e-20
4675.5741 4.724074695e-15 1e-20
4677.871346 4.755798196e-15 1e-20
4680.168592 4.733201475e-15 1e-20
4682.465838 4.60678096e-15 1e-20
4684.763083 4.774306713e-15 1e-20
4687.060329 4.66294348e-15 1e-20
4689.357575 4.708693423e-15 1e-20
4691.654821 4.431000448e-15 1e-20
4693.952067 4.194756182e-15 1e-20
4696.249313 4.291245941e-15 1e-20
4698.546559 4.363029865e-15 1e-20
4700.843805 4.112670643e-15 1e-20
4703.14105 3.977502396e-15 1e-20
4705.438296 4.364639651e-15 1e-20
4707.735542 4.253584738e-15 1e-20
4710.032788 4.1350789e-15 1e-20
4712.330034 3.999022538e-15 1e-20
4714.62728 4.158664956e-15 1e-20
4716.924526 4.328301515e-15 1e-20
4719.221772 4.266761183e-15 1e-20
4721.519017 4.183535537e-15 1e-20
4723.816263 4.138921041e-15 1e-20
4726.113509 4.192895675e-15 1e-20
4728.410755 4.160840983e-15 1e-20
4730.708001 4.171376379e-15 1e-20
4733.005247 4.197051642e-15 1e-20
4735.302493 4.369377954e-15 1e-20
4737.599739 4.157320714e-15 1e-20
4739.896984 4.145788361e-15 1e-20
4742.19423 3.863028434e-15 1e-20
4744.491476 4.263695347e-15 1e-20
4746.788722 4.247084184e-15 1e-20
4749.085968 4.214980365e-15 1e-20
4751.383214 4.349160971e-15 1e-20
4753.68046 4.247844819e-15 1e-20
4755.977706 4.192072782e-15 1e-20
4758.274951 4.065888166e-15 1e-20
4760.572197 4.138126524e-15 1e-20
4762.869443 4.328721219e-15 1e-20
4765.166689 4.384113786e-15 1e-20
4767.463935 4.195656579e-15 1e-20
4769.761181 4.196839884e-15 1e-20
4772.058427 4.182040947e-15 1e-20
4774.355673 4.134872647e-15 1e-20
4776.652918 4.197645835e-15 1e-20
4778.950164 4.131709826e-15 1e-20
4781.24741 3.911125083e-15 1e-20
4783.544656 4.023451392e-15 1e-20
4785.841902 4.185125418e-15 1e-20
4788.139148 4.086818351e-15 1e-20
4790.436394 3.945943642e-15 1e-20
4792.73364 3.883497832e-15 1e-20
4795.030886 4.048720926e-15 1e-20
4797.328131 3.969681317e-15 1e-20
4799.625377 3.846512986e-15 1e-20
4801.922623 3.816332355e-15 1e-20
4804.219869 3.819909375e-15 1e-20
4806.517115 3.982917901e-15 1e-20
4808.814361 3.833122665e-15 1e-20
4811.111607 3.839834131e-15 1e-20
4813.408853 3.866236995e-15 1e-20
4815.706098 3.987055233e-15 1e-20
4818.003344 3.888491092e-15 1e-20
4820.30059 3.682059845e-15 1e-20
4822.597836 3.903065141e-15 1e-20
4824.895082 3.859946505e-15 1e-20
4827.192328 3.826737308e-15 1e-20
4829.489574 3.974574627e-15 1e-20
4831.78682 4.042277546e-15 1e-20
4834.084065 3.851143715e-15 1e-20
4836.381311 3.993557905e-15 1e-20
4838.678557 3.793750033e-15 1e-20
4840.975803 3.868036093e-15 1e-20
4843.273049 4.104454e-15 1e-20
4845.570295 3.87085756e-15 1e-20
4847.867541 4.072555586e-15 1e-20
4850.164787 4.264107005e-15 1e-20
4852.462032 3.923990242e-15 1e-20
4854.759278 3.99955024e-15 1e-20
4857.056524 4.028940166e-15 1e-20
4859.35377 4.044545054e-15 1e-20
4861.651016 4.247806703e-15 1e-20
4863.948262 4.035239126e-15 1e-20
4866.245508 3.654078959e-15 1e-20
4868.542754 3.830275364e-15 1e-20
4870.839999 3.82311116e-15 1e-20
4873.137245 3.657536124e-15 1e-20
4875.434491 3.670375449e-15 1e-20
4877.731737 3.82631845e-15 1e-20
4880.028983 3.500032465e-15 1e-20
4882.326229 3.390105376e-15 1e-20
4884.623475 3.552603988e-15 1e-20
4886.920721 3.379369233e-15 1e-20
4889.217966 3.369911687e-15 1e-20
4891.515212 3.503304129e-15 1e-20
4893.812458 3.275887642e-15 1e-20
4896.109704 2.964111331e-15 1e-20
4898.40695 3.372541724e-15 1e-20
4900.704196 3.08141523e-15 1e-20
4903.001442 2.920602636e-15 1e-20
4905.298688 3.214951244e-15 1e-20
4907.595934 3.174018377e-15 1e-20
4909.893179 2.979486673e-15 1e-20
4912.190425 3.129187888e-15 1e-20
4914.487671 3.038261866e-15 1e-20
4916.784917 2.764605637e-15 1e-20
4919.082163 2.993498927e-15 1e-20
4921.379409 2.950991002e-15 1e-20
4923.676655 3.164911079e-15 1e-20
4925.973901 3.311534176e-15 1e-20
4928.271146 3.460409534e-15 1e-20
4930.568392 3.319172296e-15 1e-20
4932.865638 3.03816488e-15 1e-20
4935.162884 3.030280274e-15 1e-20
4937.46013 2.993026283e-15 1e-20
4939.757376 3.196976782e-15 1e-20
4942.054622 3.187307477e-15 1e-20
4944.351868 2.952892379e-15 1e-20
4946.649113 3.006681936e-15 1e-20
4948.946359 3.144779223e-15 1e-20
4951.243605 3.189076082e-15 1e-20
4953.540851 3.261573632e-15 1e-20
4955.838097 3.033508317e-15 1e-20
4958.135343 3.115839496e-15 1e-20
4960.432589 2.955097206e-15 1e-20
4962.729835 3.139980358e-15 1e-20
4965.02708 3.082583288e-15 1e-20
4967.324326 3.152830483e-15 1e-20
4969.621572 3.270144546e-15 1e-20
4971.918818 3.291776286e-15 1e-20
4974.216064 3.42576271e-15 1e-20
4976.51331 3.305165335e-15 1e-20
4978.810556 3.31784076e-15 1e-20
4981.107802 3.344043089e-15 1e-20
4983.405047 3.46723789e-15 1e-20
4985.702293 3.499925527e-15 1e-20
4987.999539 3.425478954e-15 1e-20
4990.296785 3.274255833e-15 1e-20
4992.594031 3.590227074e-15 1e-20
4994.891277 3.423396735e-15 1e-20
4997.188523 3.141950133e-15 1e-20
4999.485769 3.524863235e-15 1e-20
5001.783014 3.487263866e-15 1e-20
5004.08026 3.210373455e-15 1e-20
5006.377506 3.423187942e-15 1e-20
5008.674752 3.390276053e-15 1e-20
5010.971998 3.199943515e-15 1e-20
5013.269244 3.158596025e-15 1e-20
5015.56649 3.374072524e-15 1e-20
5017.863736 3.33083848e-15 1e-20
5020.160982 3.26521672e-15 1e-20
5022.458227 3.334091934e-15 1e-20
5024.755473 3.408588905e-15 1e-20
5027.052719 3.471910547e-15 1e-20
5029.349965 3.328275359e-15 1e-20
5031.647211 3.194253147e-15 1e-20
5033.944457 3.238028445e-15 1e-20
5036.241703 3.322871712e-15 1e-20
5038.538949 3.215810771e-15 1e-20
5040.836194 3.11542572e-15 1e-20
5043.13344 3.277181061e-15 1e-20
5045.430686 3.35492958e-15 1e-20
5047.727932 3.238209498e-15 1e-20
5050.025178 3.126667541e-15 1e-20
5052.322424 3.226864127e-15 1e-20
5054.61967 3.279105096e-15 1e-20
5056.916916 3.254642361e-15 1e-20
5059.214161 3.202789545e-15 1e-20
5061.511407 3.276121846e-15 1e-20
5063.808653 3.395137599e-15 1e-20
5066.105899 3.280204121e-15 1e-20
5068.403145 3.312635742e-15 1e-20
5070.700391 3.455916871e-15 1e-20
5072.997637 3.602772902e-15 1e-20
5075.294883 3.566241642e-15 1e-20
5077.592128 3.470897708e-15 1e-20
5079.889374 3.543779387e-15 1e-20
5082.18662 3.486054727e-15 1e-20
5084.483866 3.397013777e-15 1e-20
5086.781112 3.384374774e-15 1e-20
5089.078358 3.306339535e-15 1e-20
5091.375604 3.370903351e-15 1e-20
5093.67285 3.444114526e-15 1e-20
5095.970095 3.401387855e-15 1e-20
5098.267341 3.366699526e-15 1e-20
5100.564587 3.333155539e-15 1e-20
5102.861833 3.44227837e-15 1e-20
5105.159079 3.489927573e-15 1e-20
5107.456325 3.483292129e-15 1e-20
5109.753571 3.648102294e-15 1e-20
5112.050817 3.588123468e-15 1e-20
5114.348062 3.527577129e-15 1e-20
5116.645308 3.60666036e-15 1e-20
5118.942554 3.528706647e-15 1e-20
5121.2398 3.338729016e-15 1e-20
5123.537046 3.707558501e-15 1e-20
5125.834292 3.695442119e-15 1e-20
5128.131538 3.550435372e-15 1e-20
5130.428784 3.598470399e-15 1e-20
5132.72603 3.596021626e-15 1e-20
5135.023275 3.750814356e-15 1e-20
5137.320521 3.742419413e-15 1e-20
5139.617767 3.669687235e-15 1e-20
5141.915013 3.728523837e-15 1e-20
5144.212259 3.762909563e-15 1e-20
5146.509505 3.884757794e-15 1e-20
5148.806751 3.918884751e-15 1e-20
5151.103997 3.625047751e-15 1e-20
5153.401242 3.610785411e-15 1e-20
5155.698488 3.677868302e-15 1e-20
5157.995734 3.659791349e-15 1e-20
5160.29298 3.747021766e-15 1e-20
5162.590226 3.810275646e-15 1e-20
5164.887472 3.794362438e-15 1e-20
5167.184718 3.85698316e-15 1e-20
5169.481964 3.50277431e-15 1e-20
5171.779209 3.631370429e-15 1e-20
5174.076455 3.606512976e-15 1e-20
5176.373701 3.656210094e-15 1e-20
5178.670947 3.710074613e-15 1e-20
5180.968193 3.787672995e-15 1e-20
5183.265439 3.756497524e-15 1e-20
5185.562685 3.670788378e-15 1e-20
5187.859931 3.758475769e-15 1e-20
5190.157176 3.556869222e-15 1e-20
5192.454422 3.512297502e-15 1e-20
5194.751668 3.401645353e-15 1e-20
5197.048914 3.482900164e-15 1e-20
5199.34616 3.590430362e-15 1e-20
5201.643406 3.560223049e-15 1e-20
5203.940652 3.447388943e-15 1e-20
5206.237898 3.342683389e-15 1e-20
5208.535143 3.536173666e-15 1e-20
5210.832389 3.506485373e-15 1e-20
5213.129635 3.342466337e-15 1e-20
5215.426881 3.25688361e-15 1e-20
5217.724127 3.408265339e-15 1e-20
5220.021373 3.637959075e-15 1e-20
5222.318619 3.489666899e-15 1e-20
5224.615865 3.439314814e-15 1e-20
5226.91311 3.342258602e-15 1e-20
5229.210356 3.457559692e-15 1e-20
5231.507602 3.737751414e-15 1e-20
5233.804848 3.453544332e-15 1e-20
5236.102094 3.535206778e-15 1e-20
5238.39934 3.700712358e-15 1e-20
5240.696586 3.598901115e-15 1e-20
5242.993832 3.496431304e-15 1e-20
5245.291078 3.565058337e-15 1e-20
5247.588323 3.566958655e-15 1e-20
5249.885569 3.658162081e-15 1e-20
5252.182815 3.790229764e-15 1e-20
5254.480061 3.78584298e-15 1e-20
5256.777307 3.584559577e-15 1e-20
5259.074553 3.591038532e-15 1e-20
5261.371799 3.668788533e-15 1e-20
5263.669045 3.567256387e-15 1e-20
5265.96629 3.432594242e-15 1e-20
5268.263536 3.374504299e-15 1e-20
5270.560782 3.37482829e-15 1e-20
5272.858028 3.546332133e-15 1e-20
5275.155274 3.619484863e-15 1e-20
5277.45252 3.512884284e-15 1e-20
5279.749766 3.464849257e-15 1e-20
5282.047012 3.578273745e-15 1e-20
5284.344257 3.399813644e-15 1e-20
5286.641503 3.20724155e-15 1e-20
5288.938749 3.326495743e-15 1e-20
5291.235995 3.2015605e-15 1e-20
5293.533241 3.042619427e-15 1e-20
5295.830487 3.013744497e-15 1e-20
5298.127733 3.17812564e-15 1e-20
5300.424979 3.194117622e-15 1e-20
5302.722224 3.048128105e-15 1e-20
5305.01947 2.918417927e-15 1e-20
5307.316716 2.99955733e-15 1e-20
5309.613962 3.088824227e-15 1e-20
5311.911208 3.064594426e-15 1e-20
5314.208454 3.057936112e-15 1e-20
5316.5057 2.988439388e-15 1e-20
5318.802946 2.752881854e-15 1e-20
5321.100191 2.873540215e-15 1e-20
5323.397437 2.91052845e-15 1e-20
5325.694683 2.792853339e-15 1e-20
5327.991929 2.785699511e-15 1e-20
5330.289175 2.756192271e-15 1e-20
5332.586421 2.538332856e-15 1e-20
5334.883667 2.644621938e-15 1e-20
5337.180913 2.726473908e-15 1e-20
5339.478159 2.681145575e-15 1e-20
5341.775404 2.713127422e-15 1e-20
5344.07265 2.65714532e-15 1e-20
5346.369896 2.578732727e-15 1e-20
5348.667142 2.855825792e-15 1e-20
5350.964388 2.809276673e-15 1e-20
5353.261634 2.911477762e-15 1e-20
5355.55888 2.81350972e-15 1e-20
5357.856126 2.721343853e-15 1e-20
5360.153371 2.661629301e-15 1e-20
5362.450617 2.750192736e-15 1e-20
5364.747863 2.752464055e-15 1e-20
5367.045109 2.779710564e-15 1e-20
5369.342355 2.797461198e-15 1e-20
5371.639601 2.944186998e-15 1e-20
5373.936847 2.803939518e-15 1e-20
5376.234093 2.940780867e-15 1e-20
5378.531338 2.864294004e-15 1e-20
5380.828584 2.847016226e-15 1e-20
5383.12583 2.782192582e-15 1e-20
5385.423076 2.771496886e-15 1e-20
5387.720322 2.733913398e-15 1e-20
5390.017568 2.923674825e-15 1e-20
5392.314814 2.747470796e-15 1e-20
5394.61206 2.762867737e-15 1e-20
5396.909305 2.894501316e-15 1e-20
5399.206551 2.937753783e-15 1e-20
5401.503797 2.702499699e-15 1e-20
5403.801043 2.628023904e-15 1e-20
5406.098289 2.683369037e-15 1e-20
5408.395535 2.796144909e-15 1e-20
5410.692781 2.739665387e-15 1e-20
5412.990027 2.65051157e-15 1e-20
5415.287272 2.704890026e-15 1e-20
5417.584518 2.669990151e-15 1e-20
5419.881764 2.773830461e-15 1e-20
5422.17901 2.950786655e-15 1e-20
5424.476256 2.659219069e-15 1e-20
5426.773502 2.76471554e-15 1e-20
5429.070748 2.807655452e-15 1e-20
5431.367994 2.952465898e-15 1e-20
5433.665239 2.837409601e-15 1e-20
5435.962485 2.824757682e-15 1e-20
5438.259731 2.77701827e-15 1e-20
5440.556977 2.625130016e-15 1e-20
5442.854223 2.868946756e-15 1e-20
5445.151469 2.854197583e-15 1e-20
5447.448715 2.550770476e-15 1e-20
5449.745961 2.737510112e-15 1e-20
5452.043207 2.73780488e-15 1e-20
5454.340452 2.679863803e-15 1e-20
5456.637698 2.560849956e-15 1e-20
5458.934944 2.552473224e-15 1e-20
5461.23219 2.490432931e-15 1e-20
5463.529436 2.52685683e-15 1e-20
5465.826682 2.52410482e-15 1e-20
5468.123928 2.758992562e-15 1e-20
5470.421174 2.640241084e-15 1e-20
5472.718419 2.659560635e-15 1e-20
5475.015665 2.623188193e-15 1e-20
5477.312911 2.430061081e-15 1e-20
5479.610157 2.470984631e-15 1e-20
5481.907403 2.557323334e-15 1e-20
5484.204649 2.445027094e-15 1e-20
5486.501895 2.392771091e-15 1e-20
5488.799141 2.483407851e-15 1e-20
5491.096386 2.572794603e-15 1e-20
5493.393632 2.550947717e-15 1e-20
5495.690878 2.391103283e-15 1e-20
5497.988124 2.330254342e-15 1e-20
5500.28537 2.38893149e-15 1e-20
5502.582616 2.28839355e-15 1e-20
5504.879862 2.377782843e-15 1e-20
5507.177108 2.315348044e-15 1e-20
5509.474353 2.290419018e-15 1e-20
5511.771599 2.386896705e-15 1e-20
5514.068845 2.473151765e-15 1e-20
5516.366091 2.484393798e-15 1e-20
5518.663337 2.542710957e-15 1e-20
5520.960583 2.597042615e-15 1e-20
5523.257829 2.530389169e-15 1e-20
5525.555075 2.426805933e-15 1e-20
5527.85232 2.483518813e-15 1e-20
5530.149566 2.58050832e-15 1e-20
5532.446812 2.483378629e-15 1e-20
5534.744058 2.444757314e-15 1e-20
5537.041304 2.469580462e-15 1e-20
5539.33855 2.589454894e-15 1e-20
5541.635796 2.550429757e-15 1e-20
5543.933042 2.422962945e-15 1e-20
5546.230287 2.485457036e-15 1e-20
5548.527533 2.566647473e-15 1e-20
5550.824779 2.603302824e-15 1e-20
5553.122025 2.737798103e-15 1e-20
5555.419271 2.797530443e-15 1e-20
5557.716517 2.607968705e-15 1e-20
5560.013763 2.588373868e-15 1e-20
5562.311009 2.615125286e-15 1e-20
5564.608255 2.726325889e-15 1e-20
5566.9055 2.779986697e-15 1e-20
5569.202746 2.748655372e-15 1e-20
5571.499992 2.799349023e-15 1e-20
5573.797238 2.771504085e-15 1e-20
5576.094484 2.828149837e-15 1e-20
5578.39173 2.752197875e-15 1e-20
5580.688976 2.726807004e-15 1e-20
5582.986222 2.789907358e-15 1e-20
5585.283467 2.806715669e-15 1e-20
5587.580713 2.692415349e-15 1e-20
5589.877959 2.63610968e-15 1e-20
5592.175205 2.682776114e-15 1e-20
5594.472451 2.79872836e-15 1e-20
5596.769697 2.754371573e-15 1e-20
5599.066943 2.729569602e-15 1e-20
5601.364189 2.65954327e-15 1e-20
5603.661434 2.692230695e-15 1e-20
5605.95868 2.787559595e-15 1e-20
5608.255926 2.698854281e-15 1e-20
5610.553172 2.690047256e-15 1e-20
5612.850418 2.839238769e-15 1e-20
5615.147664 2.722847972e-15 1e-20
5617.44491 2.684705443e-15 1e-20
5619.742156 2.536210191e-15 1e-20
5622.039401 2.71100751e-15 1e-20
5624.336647 2.962237694e-15 1e-20
5626.633893 2.650985273e-15 1e-20
5628.931139 2.81978941e-15 1e-20
5631.228385 2.90465343e-15 1e-20
5633.525631 2.776410735e-15 1e-20
5635.822877 2.778437474e-15 1e-20
5638.120123 2.787951983e-15 1e-20
5640.417368 2.769837972e-15 1e-20
5642.714614 2.793363465e-15 1e-20
5645.01186 2.791010407e-15 1e-20
5647.309106 2.622319772e-15 1e-20
5649.606352 2.738014097e-15 1e-20
5651.903598 2.850099214e-15 1e-20
5654.200844 2.816157121e-15 1e-20
5656.49809 2.797163466e-15 1e-20
5658.795335 2.730642793e-15 1e-20
5661.092581 2.816189309e-15 1e-20
5663.389827 2.722452831e-15 1e-20
5665.687073 2.637828734e-15 1e-20
5667.984319 2.687478841e-15 1e-20
5670.281565 2.843088957e-15 1e-20
5672.578811 2.842625207e-15 1e-20
5674.876057 2.760593454e-15 1e-20
5677.173303 2.674382441e-15 1e-20
5679.470548 2.743861377e-15 1e-20
5681.767794 2.895296892e-15 1e-20
5684.06504 2.782899855e-15 1e-20
5686.362286 2.720711755e-15 1e-20
5688.659532 2.866456479e-15 1e-20
5690.956778 2.819901007e-15 1e-20
5693.254024 2.664941411e-15 1e-20
5695.55127 2.548400901e-15 1e-20
5697.848515 2.595513509e-15 1e-20
5700.145761 2.690522653e-15 1e-20
5702.443007 2.646593195e-15 1e-20
5704.740253 2.783913753e-15 1e-20
5707.037499 2.877780039e-15 1e-20
5709.334745 2.869010707e-15 1e-20
5711.631991 2.669107543e-15 1e-20
5713.929237 2.6221798e-15 1e-20
5716.226482 2.755535185e-15 1e-20
5718.523728 2.751778594e-15 1e-20
5720.820974 2.597900448e-15 1e-20
5723.11822 2.653642839e-15 1e-20
5725.415466 2.809937358e-15 1e-20
5727.712712 2.76645471e-15 1e-20
5730.009958 2.86802476e-15 1e-20
5732.307204 2.718608148e-15 1e-20
5734.604449 2.596956853e-15 1e-20
5736.901695 2.674594199e-15 1e-20
5739.198941 2.764972403e-15 1e-20
5741.496187 2.664147953e-15 1e-20
5743.793433 2.661669323e-15 1e-20
5746.090679 2.575623058e-15 1e-20
5748.387925 2.708624595e-15 1e-20
5750.685171 2.698077552e-15 1e-20
5752.982416 2.68320683e-15 1e-20
5755.279662 2.67025972e-15 1e-20
5757.576908 2.737378822e-15 1e-20
5759.874154 2.647599259e-15 1e-20
5762.1714 2.669238833e-15 1e-20
5764.468646 2.790281959e-15 1e-20
5766.765892 2.753454449e-15 1e-20
5769.063138 2.725465515e-15 1e-20
5771.360383 2.715563065e-15 1e-20
5773.657629 2.587064779e-15 1e-20
5775.954875 2.453351311e-15 1e-20
5778.252121 2.442947205e-15 1e-20
5780.549367 2.450010189e-15 1e-20
5782.846613 2.326083552e-15 1e-20
5785.143859 2.480351121e-15 1e-20
5787.441105 2.504875054e-15 1e-20
5789.738351 2.456332443e-15 1e-20
5792.035596 2.51998231e-15 1e-20
5794.332842 2.444317916e-15 1e-20
5796.630088 2.450676381e-15 1e-20
5798.927334 2.4976109e-15 1e-20
5801.22458 2.437250061e-15 1e-20
5803.521826 2.449357339e-15 1e-20
5805.819072 2.372490581e-15 1e-20
5808.116318 2.250606351e-15 1e-20
5810.413563 2.402535687e-15 1e-20
5812.710809 2.498135425e-15 1e-20
5815.008055 2.466221765e-15 1e-20
5817.305301 2.52544652e-15 1e-20
5819.602547 2.556457243e-15 1e-20
5821.899793 2.542473153e-15 1e-20
5824.197039 2.39532066e-15 1e-20
5826.494285 2.260837662e-15 1e-20
5828.79153 2.238656622e-15 1e-20
5831.088776 2.337780441e-15 1e-20
5833.386022 2.375201086e-15 1e-20
5835.683268 2.344973233e-15 1e-20
5837.980514 2.412776738e-15 1e-20
5840.27776 2.499831608e-15 1e-20
5842.575006 2.440287733e-15 1e-20
5844.872252 2.339469848e-15 1e-20
5847.169497 2.423621936e-15 1e-20
5849.466743 2.32629298e-15 1e-20
5851.763989 2.307489908e-15 1e-20
5854.061235 2.403208866e-15 1e-20
5856.358481 2.369143107e-15 1e-20
5858.655727 2.390111619e-15 1e-20
5860.952973 2.447316201e-15 1e-20
5863.250219 2.313750964e-15 1e-20
5865.547464 2.261269014e-15 1e-20
5867.84471 2.421416898e-15 1e-20
5870.141956 2.472709825e-15 1e-20
5872.439202 2.473718006e-15 1e-20
5874.736448 2.480766167e-15 1e-20
5877.033694 2.433144281e-15 1e-20
5879.33094 2.423357874e-15 1e-20
5881.628186 2.466834381e-15 1e-20
5883.925431 2.428261559e-15 1e-20
5886.222677 2.243484287e-15 1e-20
5888.519923 2.199287802e-15 1e-20
5890.817169 2.420271286e-15 1e-20
5893.114415 2.283458736e-15 1e-20
5895.411661 2.379896613e-15 1e-20
5897.708907 2.50871889e-15 1e-20
5900.006153 2.440061152e-15 1e-20
5902.303399 2.457878066e-15 1e-20
5904.600644 2.330754726e-15 1e-20
5906.89789 2.414025477e-15 1e-20
5909.195136 2.372636271e-15 1e-20
5911.492382 2.36761633e-15 1e-20
5913.789628 2.504881831e-15 1e-20
5916.086874 2.470323733e-15 1e-20
5918.38412 2.350340246e-15 1e-20
5920.681366 2.320751903e-15 1e-20
5922.978611 2.436847721e-15 1e-20
5925.275857 2.534973735e-15 1e-20
5927.573103 2.43378125e-15 1e-20
5929.870349 2.557270607e-15 1e-20
5932.167595 2.455328921e-15 1e-20
5934.464841 2.345701682e-15 1e-20
5936.762087 2.396574692e-15 1e-20
5939.059333 2.33150308e-15 1e-20
5941.356578 2.385957134e-15 1e-20
5943.653824 2.432380681e-15 1e-20
5945.95107 2.449691705e-15 1e-20
5948.248316 2.480871835e-15 1e-20
5950.545562 2.509651261e-15 1e-20
5952.842808 2.521803008e-15 1e-20
5955.140054 2.558501134e-15 1e-20
5957.4373 2.585234764e-15 1e-20
5959.734545 2.485556139e-15 1e-20
5962.031791 2.484643884e-15 1e-20
5964.329037 2.576224028e-15 1e-20
5966.626283 2.609554774e-15 1e-20
5968.923529 2.47867929e-15 1e-20
5971.220775 2.318067232e-15 1e-20
5973.518021 2.270624281e-15 1e-20
5975.815267 2.178261903e-15 1e-20
5978.112512 2.110307202e-15 1e-20
5980.409758 2.18070411e-15 1e-20
5982.707004 2.402763962e-15 1e-20
5985.00425 2.413198984e-15 1e-20
5987.301496 2.354757099e-15 1e-20
5989.598742 2.464399585e-15 1e-20
5991.895988 2.52257042e-15 1e-20
5994.193234 2.491455935e-15 1e-20
5996.490479 2.50547793e-15 1e-20
5998.787725 2.412452537e-15 1e-20
6001.084971 2.395251203e-15 1e-20
6003.382217 2.416550694e-15 1e-20
6005.679463 2.346812142e-15 1e-20
6007.976709 2.327419111e-15 1e-20
6010.273955 2.356434013e-15 1e-20
6012.571201 2.471881003e-15 1e-20
6014.868447 2.465036765e-15 1e-20
6017.165692 2.389470203e-15 1e-20
6019.462938 2.369854191e-15 1e-20
6021.760184 2.529138737e-15 1e-20
6024.05743 2.376271312e-15 1e-20
6026.354676 2.088090375e-15 1e-20
6028.651922 2.330510357e-15 1e-20
6030.949168 2.349902753e-15 1e-20
6033.246414 2.358395953e-15 1e-20
6035.543659 2.337342949e-15 1e-20
6037.840905 2.360329305e-15 1e-20
6040.138151 2.380206416e-15 1e-20
6042.435397 2.395747564e-15 1e-20
6044.732643 2.404773759e-15 1e-20
6047.029889 2.400388882e-15 1e-20
6049.327135 2.344304077e-15 1e-20
6051.624381 2.402392326e-15 1e-20
6053.921626 2.289974325e-15 1e-20
6056.218872 2.370556805e-15 1e-20
6058.516118 2.218264516e-15 1e-20
6060.813364 2.255557682e-15 1e-20
6063.11061 2.366306605e-15 1e-20
6065.407856 2.269868728e-15 1e-20
6067.705102 2.178327759e-15 1e-20
6070.002348 2.156559013e-15 1e-20
6072.299593 2.357395607e-15 1e-20
6074.596839 2.456562624e-15 1e-20
6076.894085 2.207709215e-15 1e-20
6079.191331 2.082209425e-15 1e-20
6081.488577 2.222774543e-15 1e-20
6083.785823 2.250729595e-15 1e-20
6086.083069 2.218937695e-15 1e-20
6088.380315 2.161533637e-15 1e-20
6090.67756 2.175451024e-15 1e-20
6092.974806 2.259028188e-15 1e-20
6095.272052 2.043053845e-15 1e-20
6097.569298 2.011906538e-15 1e-20
6099.866544 2.118650265e-15 1e-20
6102.16379 2.129283917e-15 1e-20
6104.461036 2.077261482e-15 1e-20
6106.758282 2.166893662e-15 1e-20
6109.055528 2.067194919e-15 1e-20
6111.352773 2.131033675e-15 1e-20
6113.650019 2.095052774e-15 1e-20
6115.947265 2.196911239e-15 1e-20
6118.244511 2.052219377e-15 1e-20
6120.541757 2.065686565e-15 1e-20
6122.839003 1.911295964e-15 1e-20
6125.136249 1.956761728e-15 1e-20
6127.433495 2.046846858e-15 1e-20
6129.73074 2.014111576e-15 1e-20
6132.027986 2.00334854e-15 1e-20
6134.325232 2.014342393e-15 1e-20
6136.622478 1.934624734e-15 1e-20
6138.919724 1.890676429e-15 1e-20
6141.21697 1.95303563e-15 1e-20
6143.514216 1.829584813e-15 1e-20
6145.811462 1.706886479e-15 1e-20
6148.108707 1.703296648e-15 1e-20
6150.405953 1.67891544e-15 1e-20
6152.703199 1.442445228e-15 1e-20
6155.000445 1.614781599e-15 1e-20
6157.297691 1.710940061e-15 1e-20
6159.594937 1.721655452e-15 1e-20
6161.892183 1.739968939e-15 1e-20
6164.189429 1.819194684e-15 1e-20
6166.486674 1.681142713e-15 1e-20
6168.78392 1.585020567e-15 1e-20
6171.081166 1.413657543e-15 1e-20
6173.378412 1.364859763e-15 1e-20
6175.675658 1.451404931e-15 1e-20
6177.972904 1.339108056e-15 1e-20
6180.27015 1.406702026e-15 1e-20
6182.567396 1.350489426e-15 1e-20
6184.864641 1.422669127e-15 1e-20
6187.161887 1.347470389e-15 1e-20
6189.459133 1.336654625e-15 1e-20
6191.756379 1.353545203e-15 1e-20
6194.053625 1.240879974e-15 1e-20
6196.350871 1.329513502e-15 1e-20
6198.648117 1.285858588e-15 1e-20
6200.945363 1.380930308e-15 1e-20
6203.242608 1.39375968e-15 1e-20
6205.539854 1.28387812e-15 1e-20
6207.8371 1.284753422e-15 1e-20
6210.134346 1.480423327e-15 1e-20
6212.431592 1.406355272e-15 1e-20
6214.728838 1.504143532e-15 1e-20
6217.026084 1.469763947e-15 1e-20
6219.32333 1.453472433e-15 1e-20
6221.620576 1.440219543e-15 1e-20
6223.917821 1.31400994e-15 1e-20
6226.215067 1.283791828e-15 1e-20
6228.512313 1.478852399e-15 1e-20
6230.809559 1.376223557e-15 1e-20
6233.106805 1.549975532e-15 1e-20
6235.404051 1.600767968e-15 1e-20
6237.701297 1.394457424e-15 1e-20
6239.998543 1.417018358e-15 1e-20
6242.295788 1.57413217e-15 1e-20
6244.593034 1.530020918e-15 1e-20
6246.89028 1.456535198e-15 1e-20
6249.187526 1.525577277e-15 1e-20
6251.484772 1.570691311e-15 1e-20
6253.782018 1.545146914e-15 1e-20
6256.079264 1.645303584e-15 1e-20
6258.37651 1.61943721e-15 1e-20
6260.673755 1.593824945e-15 1e-20
6262.971001 1.65392585e-15 1e-20
6265.268247 1.737915943e-15 1e-20
6267.565493 1.619180453e-15 1e-20
6269.862739 1.655296455e-15 1e-20
6272.159985 1.554528546e-15 1e-20
6274.457231 1.592018436e-15 1e-20
6276.754477 1.747355278e-15 1e-20
6279.051722 1.673125122e-15 1e-20
6281.348968 1.62743013e-15 1e-20
6283.646214 1.771878576e-15 1e-20
6285.94346 1.868069544e-15 1e-20
6288.240706 1.890894117e-15 1e-20
6290.537952 1.731048306e-15 1e-20
6292.835198 1.771343675e-15 1e-20
6295.132444 1.732988011e-15 1e-20
6297.429689 1.643621906e-15 1e-20
6299.726935 1.511855873e-15 1e-20
6302.024181 1.60414403e-15 1e-20
6304.321427 1.815349578e-15 1e-20
6306.618673 1.812200944e-15 1e-20
6308.915919 1.806874589e-15 1e-20
6311.213165 1.950578176e-15 1e-20
6313.510411 1.919206828e-15 1e-20
6315.807656 1.938579319e-15 1e-20
6318.104902 1.91818086e-15 1e-20
6320.402148 2.017342372e-15 1e-20
6322.699394 1.970292444e-15 1e-20
6324.99664 1.962836648e-15 1e-20
6327.293886 1.985120603e-15 1e-20
6329.591132 1.952852671e-15 1e-20
6331.888378 1.99005817e-15 1e-20
6334.185624 1.846359454e-15 1e-20
6336.482869 1.989646088e-15 1e-20
6338.780115 2.053282615e-15 1e-20
6341.077361 2.14759211e-15 1e-20
6343.374607 2.236999191e-15 1e-20
6345.671853 2.135432529e-15 1e-20
6347.969099 2.119517415e-15 1e-20
6350.266345 2.227034483e-15 1e-20
6352.563591 2.077912851e-15 1e-20
6354.860836 2.053011988e-15 1e-20
6357.158082 1.969149585e-15 1e-20
6359.455328 2.043652909e-15 1e-20
6361.752574 1.876578413e-15 1e-20
6364.04982 1.944568054e-15 1e-20
6366.347066 2.106951681e-15 1e-20
6368.644312 2.210572821e-15 1e-20
6370.941558 2.22060508e-15 1e-20
6373.238803 2.22376663e-15 1e-20
6375.536049 2.245025463e-15 1e-20
6377.833295 2.182715178e-15 1e-20
6380.130541 2.237000461e-15 1e-20
6382.427787 2.206983308e-15 1e-20
6384.725033 2.227963043e-15 1e-20
6387.022279 2.26756628e-15 1e-20
6389.319525 2.212354344e-15 1e-20
6391.61677 2.207003636e-15 1e-20
6393.914016 2.124954519e-15 1e-20
6396.211262 2.038180441e-15 1e-20
6398.508508 2.041502081e-15 1e-20
6400.805754 2.100264568e-15 1e-20
6403.103 2.168097719e-15 1e-20
6405.400246 2.232427542e-15 1e-20
6407.697492 2.145810165e-15 1e-20
6409.994737 2.219609181e-15 1e-20
6412.291983 2.251329718e-15 1e-20
6414.589229 2.189150511e-15 1e-20
6416.886475 2.156101403e-15 1e-20
6419.183721 2.225139671e-15 1e-20
6421.480967 2.196274058e-15 1e-20
6423.778213 2.085112842e-15 1e-20
6426.075459 2.026098151e-15 1e-20
6428.372704 2.06651941e-15 1e-20
6430.66995 2.137710836e-15 1e-20
6432.967196 2.235429639e-15 1e-20
6435.264442 2.300872886e-15 1e-20
6437.561688 2.334943304e-15 1e-20
6439.858934 2.332957859e-15 1e-20
6442.15618 2.251074337e-15 1e-20
6444.453426 2.25712554e-15 1e-20
6446.750672 2.314123023e-15 1e-20
6449.047917 2.236073595e-15 1e-20
6451.345163 2.186033853e-15 1e-20
6453.642409 2.063322496e-15 1e-20
6455.939655 2.142170041e-15 1e-20
6458.236901 2.211378985e-15 1e-20
6460.534147 2.043730836e-15 1e-20
6462.831393 2.09341673e-15 1e-20
6465.128639 2.13922046e-15 1e-20
6467.425884 2.061177597e-15 1e-20
6469.72313 2.200623361e-15 1e-20
6472.020376 2.316857457e-15 1e-20
6474.317622 2.26569709e-15 1e-20
6476.614868 2.289764685e-15 1e-20
6478.912114 2.29442506e-15 1e-20
6481.20936 2.202742637e-15 1e-20
6483.506606 2.16243721e-15 1e-20
6485.803851 2.178215951e-15 1e-20
6488.101097 1.997305384e-15 1e-20
6490.398343 1.975243987e-15 1e-20
6492.695589 2.00185268e-15 1e-20
6494.992835 1.934055528e-15 1e-20
6497.290081 2.046498304e-15 1e-20
6499.587327 2.196264106e-15 1e-20
6501.884573 2.262765298e-15 1e-20
6504.181818 2.264997865e-15 1e-20
6506.479064 2.116396946e-15 1e-20
6508.77631 2.097006032e-15 1e-20
6511.073556 2.084866991e-15 1e-20
6513.370802 2.056151304e-15 1e-20
6515.668048 2.099820299e-15 1e-20
6517.965294 2.05515244e-15 1e-20
6520.26254 1.957863083e-15 1e-20
6522.559785 1.946574886e-15 1e-20
6524.857031 1.979345321e-15 1e-20
6527.154277 1.944926349e-15 1e-20
6529.451523 1.910487471e-15 1e-20
6531.748769 1.995369702e-15 1e-20
6534.046015 2.051317287e-15 1e-20
6536.343261 2.138699535e-15 1e-20
6538.640507 2.153672113e-15 1e-20
6540.937752 2.204813209e-15 1e-20
6543.234998 2.20057868e-15 1e-20
6545.532244 2.219859479e-15 1e-20
6547.82949 2.23166733e-15 1e-20
6550.126736 1.963499875e-15 1e-20
6552.423982 1.883317195e-15 1e-20
6554.721228 1.914345283e-15 1e-20
6557.018474 1.921454007e-15 1e-20
6559.31572 1.960350819e-15 1e-20
6561.612965 1.799219741e-15 1e-20
6563.910211 1.925323677e-15 1e-20
6566.207457 2.015857523e-15 1e-20
6568.504703 1.935941447e-15 1e-20
6570.801949 1.99524667e-15 1e-20
6573.099195 2.068707932e-15 1e-20
6575.396441 2.138821508e-15 1e-20
6577.693687 2.196243777e-15 1e-20
6579.990932 2.104195859e-15 1e-20
6582.288178 2.175188232e-15 1e-20
6584.585424 2.176695315e-15 1e-20
6586.88267 2.053679661e-15 1e-20
6589.179916 2.009797002e-15 1e-20
6591.477162 1.961555511e-15 1e-20
6593.774408 2.01886809e-15 1e-20
6596.071654 2.070081396e-15 1e-20
6598.368899 1.904200369e-15 1e-20
6600.666145 1.909630486e-15 1e-20
6602.963391 1.97458436e-15 1e-20
6605.260637 2.115401258e-15 1e-20
6607.557883 2.070591098e-15 1e-20
6609.855129 2.169679765e-15 1e-20
6612.152375 2.15818214e-15 1e-20
6614.449621 1.997900213e-15 1e-20
6616.746866 2.11113793e-15 1e-20
6619.044112 2.065557816e-15 1e-20
6621.341358 2.084558036e-15 1e-20
6623.638604 2.049294148e-15 1e-20
6625.93585 2.002682349e-15 1e-20
6628.233096 1.923587895e-15 1e-20
6630.530342 1.891228907e-15 1e-20
6632.827588 1.931238508e-15 1e-20
6635.124833 1.921344951e-15 1e-20
6637.422079 1.953075017e-15 1e-20
6639.719325 2.054536435e-15 1e-20
6642.016571 2.080396351e-15 1e-20
6644.313817 2.211557709e-15 1e-20
6646.611063 2.209410904e-15 1e-20
6648.908309 2.227534868e-15 1e-20
6651.205555 2.309872823e-15 1e-20
6653.5028 2.60230269e-15 1e-20
6655.800046 3.001560351e-15 1e-20
6658.097292 2.917745383e-15 1e-20
6660.394538 2.80282567e-15 1e-20
6662.691784 2.34147774e-15 1e-20
6664.98903 2.017148401e-15 1e-20
6667.286276 1.920322794e-15 1e-20
6669.583522 1.975590635e-15 1e-20
6671.880768 2.02754086e-15 1e-20
6674.178013 2.048988158e-15 1e-20
6676.475259 2.353380671e-15 1e-20
6678.772505 2.384186412e-15 1e-20
6681.069751 2.185824636e-15 1e-20
6683.366997 2.144269623e-15 1e-20
6685.664243 2.123978526e-15 1e-20
6687.961489 2.046960573e-15 1e-20
6690.258735 1.977570363e-15 1e-20
6692.55598 2.065344152e-15 1e-20
6694.853226 2.048755859e-15 1e-20
6697.150472 1.973928121e-15 1e-20
6699.447718 2.03217053e-15 1e-20
6701.744964 2.034544764e-15 1e-20
6704.04221 2.013476301e-15 1e-20
6706.339456 1.958196814e-15 1e-20
6708.636702 1.882464868e-15 1e-20
6710.933947 1.836686761e-15 1e-20
6713.231193 1.875834083e-15 1e-20
6715.528439 1.932274217e-15 1e-20
6717.825685 1.905674206e-15 1e-20
6720.122931 1.828447883e-15 1e-20
6722.420177 1.853022427e-15 1e-20
6724.717423 1.835988382e-15 1e-20
6727.014669 1.857168441e-15 1e-20
6729.311914 1.987224845e-15 1e-20
6731.60916 2.075339776e-15 1e-20
6733.906406 2.011719343e-15 1e-20
6736.203652 1.851476803e-15 1e-20
6738.500898 1.884479748e-15 1e-20
6740.798144 1.904271732e-15 1e-20
6743.09539 1.86283848e-15 1e-20
6745.392636 1.810389776e-15 1e-20
6747.689881 1.699035331e-15 1e-20
6749.987127 1.595444366e-15 1e-20
6752.284373 1.722509896e-15 1e-20
6754.581619 1.675377807e-15 1e-20
6756.878865 1.79579921e-15 1e-20
6759.176111 1.857807104e-15 1e-20
6761.473357 1.846383382e-15 1e-20
6763.770603 2.015599178e-15 1e-20
6766.067848 2.015523368e-15 1e-20
6768.365094 1.935413322e-15 1e-20
6770.66234 1.945502543e-15 1e-20
6772.959586 1.831174694e-15 1e-20
6775.256832 1.717211917e-15 1e-20
6777.554078 1.844275965e-15 1e-20
6779.851324 1.780481255e-15 1e-20
6782.14857 1.712427239e-15 1e-20
6784.445816 1.659939149e-15 1e-20
6786.743061 1.73964082e-15 1e-20
6789.040307 1.743085385e-15 1e-20
6791.337553 1.663467676e-15 1e-20
6793.634799 1.726093269e-15 1e-20
6795.932045 1.670105768e-15 1e-20
6798.229291 1.720402266e-15 1e-20
6800.526537 1.747581648e-15 1e-20
6802.823783 1.642295347e-15 1e-20
6805.121028 1.782895298e-15 1e-20
6807.418274 1.866002148e-15 1e-20
6809.71552 1.822128806e-15 1e-20
6812.012766 2.002383981e-15 1e-20
6814.310012 1.984575326e-15 1e-20
6816.607258 1.738174288e-15 1e-20
6818.904504 1.601015937e-15 1e-20
6821.20175 1.6694256e-15 1e-20
6823.498995 1.646056702e-15 1e-20
6825.796241 1.850247335e-15 1e-20
6828.093487 1.833318958e-15 1e-20
6830.390733 1.845746625e-15 1e-20
6832.687979 1.788006507e-15 1e-20
6834.985225 1.725989825e-15 1e-20
6837.282471 1.715443947e-15 1e-20
6839.579717 1.614788905e-15 1e-20
6841.876962 1.62217535e-15 1e-20
6844.174208 1.754912083e-15 1e-20
6846.471454 1.78883067e-15 1e-20
6848.7687 1.696955759e-15 1e-20
6851.065946 1.693393139e-15 1e-20
6853.363192 1.708631261e-15 1e-20
6855.660438 1.719357875e-15 1e-20
6857.957684 1.613364936e-15 1e-20
6860.254929 1.63797749e-15 1e-20
6862.552175 1.486533505e-15 1e-20
6864.849421 1.255505904e-15 1e-20
6867.146667 1.208614054e-15 1e-20
6869.443913 1.152931908e-15 1e-20
6871.741159 1.201924929e-15 1e-20
6874.038405 1.175155088e-15 1e-20
6876.335651 1.352260572e-15 1e-20
6878.632897 1.605900353e-15 1e-20
6880.930142 1.574977086e-15 1e-20
6883.227388 1.44812829e-15 1e-20
6885.524634 1.419288406e-15 1e-20
6887.82188 1.442168884e-15 1e-20
6890.119126 1.445095594e-15 1e-20
6892.416372 1.440661271e-15 1e-20
6894.713618 1.452215542e-15 1e-20
6897.010864 1.517434326e-15 1e-20
6899.308109 1.486075896e-15 1e-20
6901.605355 1.394415602e-15 1e-20
6903.902601 1.448085727e-15 1e-20
6906.199847 1.515462645e-15 1e-20
6908.497093 1.390829899e-15 1e-20
6910.794339 1.426725144e-15 1e-20
6913.091585 1.52478276e-15 1e-20
6915.388831 1.53531625e-15 1e-20
6917.686076 1.471765697e-15 1e-20
6919.983322 1.43233102e-15 1e-20
6922.280568 1.523934668e-15 1e-20
6924.577814 1.524110534e-15 1e-20
6926.87506 1.464224563e-15 1e-20
6929.172306 1.467534662e-15 1e-20
6931.469552 1.513461847e-15 1e-20
6933.766798 1.48455526e-15 1e-20
6936.064043 1.474982729e-15 1e-20
6938.361289 1.51670863e-15 1e-20
6940.658535 1.487217167e-15 1e-20
6942.955781 1.429113247e-15 1e-20
6945.253027 1.398040373e-15 1e-20
6947.550273 1.520531078e-15 1e-20
6949.847519 1.603996858e-15 1e-20
6952.144765 1.49706276e-15 1e-20
6954.44201 1.479778629e-15 1e-20
6956.739256 1.535419482e-15 1e-20
6959.036502 1.628263187e-15 1e-20
6961.333748 1.661698013e-15 1e-20
6963.630994 1.620403462e-15 1e-20
6965.92824 1.609149253e-15 1e-20
6968.225486 1.500115361e-15 1e-20
6970.522732 1.384319604e-15 1e-20
6972.819977 1.330124848e-15 1e-20
6975.117223 1.42676919e-15 1e-20
6977.414469 1.445146628e-15 1e-20
6979.711715 1.406975724e-15 1e-20
6982.008961 1.498421612e-15 1e-20
6984.306207 1.485004716e-15 1e-20
6986.603453 1.539137004e-15 1e-20
6988.900699 1.53744315e-15 1e-20
6991.197945 1.514361608e-15 1e-20
6993.49519 1.548902235e-15 1e-20
6995.792436 1.524349715e-15 1e-20
6998.089682 1.463524067e-15 1e-20
7000.386928 1.361994463e-15 1e-20
7002.684174 1.38892651e-15 1e-20
7004.98142 1.344776506e-15 1e-20
7007.278666 1.289830644e-15 1e-20
7009.575912 1.358027172e-15 1e-20
7011.873157 1.498515951e-15 1e-20
7014.170403 1.521610198e-15 1e-20
7016.467649 1.59503599e-15 1e-20
7018.764895 1.639724496e-15 1e-20
7021.062141 1.562569535e-15 1e-20
7023.359387 1.578704772e-15 1e-20
7025.656633 1.427479321e-15 1e-20
7027.953879 1.383487606e-15 1e-20
7030.251124 1.306435242e-15 1e-20
7032.54837 1.201168105e-15 1e-20
7034.845616 1.066910948e-15 1e-20
7037.142862 1.138618534e-15 1e-20
7039.440108 1.209219577e-15 1e-20
7041.737354 1.440453007e-15 1e-20
7044.0346 1.319179488e-15 1e-20
7046.331846 1.30774899e-15 1e-20
7048.629091 1.398813397e-15 1e-20
7050.926337 1.360696067e-15 1e-20
7053.223583 1.27923405e-15 1e-20
7055.520829 1.349741284e-15 1e-20
7057.818075 1.277494985e-15 1e-20
7060.115321 1.240899668e-15 1e-20
7062.412567 1.340115284e-15 1e-20
7064.709813 1.273058544e-15 1e-20
7067.007058 1.373734551e-15 1e-20
7069.304304 1.47815942e-15 1e-20
7071.60155 1.585397497e-15 1e-20
7073.898796 1.573334689e-15 1e-20
7076.196042 1.562745824e-15 1e-20
7078.493288 1.639775953e-15 1e-20
7080.790534 1.586614259e-15 1e-20
7083.08778 1.551086733e-15 1e-20
7085.385025 1.366006328e-15 1e-20
7087.682271 1.227124477e-15 1e-20
7089.979517 1.256341925e-15 1e-20
7092.276763 1.315141365e-15 1e-20
7094.574009 1.377307124e-15 1e-20
7096.871255 1.435403314e-15 1e-20
7099.168501 1.48897783e-15 1e-20
7101.465747 1.5498471e-15 1e-20
7103.762993 1.728358659e-15 1e-20
7106.060238 1.823795767e-15 1e-20
7108.357484 1.583808251e-15 1e-20
7110.65473 1.528328334e-15 1e-20
7112.951976 1.397512354e-15 1e-20
7115.249222 1.31523835e-15 1e-20
7117.546468 1.357864859e-15 1e-20
7119.843714 1.221263115e-15 1e-20
7122.14096 1.139313312e-15 1e-20
7124.438205 1.082134989e-15 1e-20
7126.735451 1.122980611e-15 1e-20
7129.032697 1.268340571e-15 1e-20
7131.329943 1.209094004e-15 1e-20
7133.627189 1.321800314e-15 1e-20
7135.924435 1.457942543e-15 1e-20
7138.221681 1.562666944e-15 1e-20
7140.518927 1.560455659e-15 1e-20
7142.816172 1.529725621e-15 1e-20
7145.113418 1.518558444e-15 1e-20
7147.410664 1.488002366e-15 1e-20
7149.70791 1.41939725e-15 1e-20
7152.005156 1.280535092e-15 1e-20
7154.302402 1.17631637e-15 1e-20
7156.599648 1.204144155e-15 1e-20
7158.896894 1.297189242e-15 1e-20
7161.194139 1.323030418e-15 1e-20
7163.491385 1.277373542e-15 1e-20
7165.788631 1.281030395e-15 1e-20
7168.085877 1.274764045e-15 1e-20
7170.383123 1.384610348e-15 1e-20
7172.680369 1.448196476e-15 1e-20
7174.977615 1.410416583e-15 1e-20
7177.274861 1.356684519e-15 1e-20
7179.572106 1.270625442e-15 1e-20
7181.869352 1.278312901e-15 1e-20
7184.166598 1.265444353e-15 1e-20
7186.463844 1.188316074e-15 1e-20
7188.76109 1.089627419e-15 1e-20
7191.058336 1.058614684e-15 1e-20
7193.355582 9.586632076e-16 1e-20
7195.652828 9.931351192e-16 1e-20
7197.950073 1.06477166e-15 1e-20
7200.247319 1.005992762e-15 1e-20
7202.544565 1.121549867e-15 1e-20
7204.841811 1.168988582e-15 1e-20
7207.139057 1.384050248e-15 1e-20
7209.436303 1.460342611e-15 1e-20
7211.733549 1.424739381e-15 1e-20
7214.030795 1.593383747e-15 1e-20
7216.328041 1.660193153e-15 1e-20
7218.625286 1.558795686e-15 1e-20
7220.922532 1.426437153e-15 1e-20
7223.219778 1.352462483e-15 1e-20
7225.517024 1.236763712e-15 1e-20
7227.81427 1.197372656e-15 1e-20
7230.111516 1.045499967e-15 1e-20
7232.408762 9.055620769e-16 1e-20
7234.706008 9.261443422e-16 1e-20
7237.003253 1.065378559e-15 1e-20
7239.300499 1.114354216e-15 1e-20
7241.597745 1.201401674e-15 1e-20
7243.894991 1.425473123e-15 1e-20
7246.192237 1.55689632e-15 1e-20
7248.489483 1.481430661e-15 1e-20
7250.786729 1.365258716e-15 1e-20
7253.083975 1.495106114e-15 1e-20
7255.38122 1.463202194e-15 1e-20
7257.678466 1.462478616e-15 1e-20
7259.975712 1.357887517e-15 1e-20
7262.272958 1.326215262e-15 1e-20
7264.570204 1.276725138e-15 1e-20
7266.86745 1.334869821e-15 1e-20
7269.164696 1.229872781e-15 1e-20
7271.461942 1.080647493e-15 1e-20
7273.759187 1.015579481e-15 1e-20
7276.056433 1.068331634e-15 1e-20
7278.353679 1.106306344e-15 1e-20
7280.650925 1.172625424e-15 1e-20
7282.948171 1.026240343e-15 1e-20
7285.245417 1.009688366e-15 1e-20
7287.542663 1.104446789e-15 1e-20
7289.839909 1.34384477e-15 1e-20
7292.137154 1.406459669e-15 1e-20
7294.4344 1.397498272e-15 1e-20
7296.731646 1.423117207e-15 1e-20
7299.028892 1.46201836e-15 1e-20
7301.326138 1.397402981e-15 1e-20
7303.623384 1.267234557e-15 1e-20
7305.92063 1.008330043e-15 1e-20
7308.217876 8.868539778e-16 1e-20
7310.515121 7.372588537e-16 1e-20
7312.812367 7.184970739e-16 1e-20
7315.109613 6.174425493e-16 1e-20
7317.406859 6.515133908e-16 1e-20
7319.704105 9.045068856e-16 1e-20
7322.001351 1.071266074e-15 1e-20
7324.298597 1.203613489e-15 1e-20
7326.595843 1.298858638e-15 1e-20
7328.893089 1.331262625e-15 1e-20
7331.190334 1.454701583e-15 1e-20
7333.48758 1.577458257e-15 1e-20
7335.784826 1.676203346e-15 1e-20
7338.082072 1.72732242e-15 1e-20
7340.379318 1.596350268e-15 1e-20
7342.676564 1.395060511e-15 1e-20
7344.97381 1.273038004e-15 1e-20
7347.271056 1.069596783e-15 1e-20
7349.568301 1.036226332e-15 1e-20
7351.865547 9.783777936e-16 1e-20
7354.162793 9.433240762e-16 1e-20
7356.460039 1.102714925e-15 1e-20
7358.757285 1.199863145e-15 1e-20
7361.054531 1.223814272e-15 1e-20
7363.351777 1.350131343e-15 1e-20
7365.649023 1.532703153e-15 1e-20
7367.946268 1.580707793e-15 1e-20
7370.243514 1.609857691e-15 1e-20
7372.54076 1.623622188e-15 1e-20
7374.838006 1.647797884e-15 1e-20
7377.135252 1.616594355e-15 1e-20
7379.432498 1.498034942e-15 1e-20
7381.729744 1.325916365e-15 1e-20
7384.02699 1.208706487e-15 1e-20
7386.324235 1.026531511e-15 1e-20
7388.621481 8.561834442e-16 1e-20
7390.918727 8.579455374e-16 1e-20
7393.215973 8.741053908e-16 1e-20
7395.513219 9.686999128e-16 1e-20
7397.810465 1.04068522e-15 1e-20
7400.107711 1.103838726e-15 1e-20
7402.404957 1.25110578e-15 1e-20
7404.702202 1.406282745e-15 1e-20
7406.999448 1.516497931e-15 1e-20
7409.296694 1.573179258e-15 1e-20
7411.59394 1.639350531e-15 1e-20
7413.891186 1.619081032e-15 1e-20
7416.188432 1.464249233e-15 1e-20
7418.485678 1.461566468e-15 1e-20
7420.782924 1.318130226e-15 1e-20
7423.080169 1.154918095e-15 1e-20
7425.377415 9.400500821e-16 1e-20
7427.674661 8.255005227e-16 1e-20
7429.971907 7.587799492e-16 1e-20
7432.269153 7.572560311e-16 1e-20
7434.566399 8.131482412e-16 1e-20
7436.863645 1.101048599e-15 1e-20
7439.160891 1.330307489e-15 1e-20
7441.458137 1.346703294e-15 1e-20
7443.755382 1.548545211e-15 1e-20
7446.052628 1.573148447e-15 1e-20
7448.349874 1.55843845e-15 1e-20
7450.64712 1.614371423e-15 1e-20
7452.944366 1.415592061e-15 1e-20
7455.241612 1.213328851e-15 1e-20
7457.538858 1.141882363e-15 1e-20
7459.836104 1.08122104e-15 1e-20
7462.133349 9.97163502e-16 1e-20
7464.430595 8.580295525e-16 1e-20
7466.727841 7.218887527e-16 1e-20
7469.025087 7.326486651e-16 1e-20
7471.322333 7.795541205e-16 1e-20
7473.619579 8.193849448e-16 1e-20
7475.916825 8.912865012e-16 1e-20
7478.214071 9.697085172e-16 1e-20
7480.511316 9.19056794e-16 1e-20
7482.808562 1.078140169e-15 1e-20
7485.105808 1.108354682e-15 1e-20
7487.403054 1.126713591e-15 1e-20
7489.7003 1.235135609e-15 1e-20
7491.997546 1.422228352e-15 1e-20
7494.294792 1.63000744e-15 1e-20
7496.592038 1.559848654e-15 1e-20
7498.889283 1.333252094e-15 1e-20
7501.186529 1.383114382e-15 1e-20
7503.483775 1.42319037e-15 1e-20
7505.781021 1.258010263e-15 1e-20
7508.078267 1.215947665e-15 1e-20
7510.375513 1.180203722e-15 1e-20
7512.672759 1.067602233e-15 1e-20
7514.970005 9.630439561e-16 1e-20
7517.26725 8.700344446e-16 1e-20
7519.564496 8.365868076e-16 1e-20
7521.861742 8.992571871e-16 1e-20
7524.158988 9.233199109e-16 1e-20
7526.456234 8.92889617e-16 1e-20
7528.75348 1.020687725e-15 1e-20
7531.050726 1.223149457e-15 1e-20
7533.347972 1.355363889e-15 1e-20
7535.645217 1.398335352e-15 1e-20
7537.942463 1.47555437e-15 1e-20
7540.239709 1.605887435e-15 1e-20
7542.536955 1.565988795e-15 1e-20
7544.834201 1.548419426e-15 1e-20
7547.131447 1.400318257e-15 1e-20
7549.428693 1.286767031e-15 1e-20
7551.725939 1.116521985e-15 1e-20
7554.023185 1.033121427e-15 1e-20
7556.32043 8.651455292e-16 1e-20
7558.617676 7.254203507e-16 1e-20
7560.914922 6.379069712e-16 1e-20
7563.212168 7.106708071e-16 1e-20
7565.509414 6.213319129e-16 1e-20
7567.80666 4.806696512e-16 1e-20
7570.103906 5.177468773e-16 1e-20
7572.401152 6.200340466e-16 1e-20
7574.698397 7.497284493e-16 1e-20
7576.995643 9.435030119e-16 1e-20
7579.292889 1.164161447e-15 1e-20
7581.590135 1.27288035e-15 1e-20
7583.887381 1.489506379e-15 1e-20
7586.184627 1.577052316e-15 1e-20
7588.481873 1.356791669e-15 1e-20
7590.779119 1.05668906e-15 1e-20
7593.076364 7.892519065e-16 1e-20
7595.37361 4.697257737e-16 1e-20
7597.670856 2.918273084e-16 1e-20
7599.968102 1.935898433e-16 1e-20
7602.265348 2.00604282e-16 1e-20
7604.562594 1.614484767e-16 1e-20
7606.85984 1.734511453e-16 1e-20
7609.157086 2.255167253e-16 1e-20
7611.454331 2.250708948e-16 1e-20
7613.751577 3.499111369e-16 1e-20
7616.048823 5.169148263e-16 1e-20
7618.346069 5.170946619e-16 1e-20
7620.643315 5.354836943e-16 1e-20
7622.940561 6.540739185e-16 1e-20
7625.237807 7.302816316e-16 1e-20
7627.535053 7.385261209e-16 1e-20
7629.832298 7.052069152e-16 1e-20
7632.129544 6.097527607e-16 1e-20
7634.42679 6.120529846e-16 1e-20
7636.724036 6.353489317e-16 1e-20
7639.021282 5.555641455e-16 1e-20
7641.318528 4.970275514e-16 1e-20
7643.615774 3.725792738e-16 1e-20
7645.91302 3.388777387e-16 1e-20
7648.210265 3.458280675e-16 1e-20
7650.507511 3.809859964e-16 1e-20
7652.804757 5.589570948e-16 1e-20
7655.102003 7.680033439e-16 1e-20
7657.399249 1.037504823e-15 1e-20
7659.696495 1.265834306e-15 1e-20
7661.993741 1.248893435e-15 1e-20
7664.290987 1.251138708e-15 1e-20
7666.588233 1.335007463e-15 1e-20
7668.885478 1.445454525e-15 1e-20
7671.182724 1.386865468e-15 1e-20
7673.47997 1.37800762e-15 1e-20
7675.777216 1.330393993e-15 1e-20
7678.074462 1.300042579e-15 1e-20
7680.371708 1.227970133e-15 1e-20
7682.668954 1.125612237e-15 1e-20
7684.9662 9.297677374e-16 1e-20
7687.263445 7.578951174e-16 1e-20
7689.560691 6.202969445e-16 1e-20
7691.857937 4.710089757e-16 1e-20
7694.155183 4.620855365e-16 1e-20
7696.452429 5.697989577e-16 1e-20
7698.749675 5.478914035e-16 1e-20
7701.046921 7.834762006e-16 1e-20
7703.344167 8.365900898e-16 1e-20
7705.641412 9.732089868e-16 1e-20
7707.938658 1.274498712e-15 1e-20
7710.235904 1.530186301e-15 1e-20
7712.53315 1.745199262e-15 1e-20
7714.830396 1.67639954e-15 1e-20
7717.127642 1.616923534e-15 1e-20
7719.424888 1.465242803e-15 1e-20
7721.722134 1.131177455e-15 1e-20
7724.019379 9.122901655e-16 1e-20
7726.316625 8.980656235e-16 1e-20
7728.613871 8.50470207e-16 1e-20
7730.911117 6.672674625e-16 1e-20
7733.208363 5.752843431e-16 1e-20
7735.505609 5.2592011e-16 1e-20
7737.802855 5.090393786e-16 1e-20
7740.100101 5.794544981e-16 1e-20
7742.397346 7.395572776e-16 1e-20
7744.694592 1.080898215e-15 1e-20
7746.991838 1.437779559e-15 1e-20
7749.289084 1.670816111e-15 1e-20
7751.58633 1.781193398e-15 1e-20
7753.883576 1.826085932e-15 1e-20
7756.180822 1.861723149e-15 1e-20
7758.478068 1.74523452e-15 1e-20
7760.775314 1.586226742e-15 1e-20
7763.072559 1.412324102e-15 1e-20
7765.369805 1.111725555e-15 1e-20
7767.667051 8.718088727e-16 1e-20
7769.964297 6.852743771e-16 1e-20
7772.261543 4.824681668e-16 1e-20
7774.558789 3.148330674e-16 1e-20
7776.856035 3.218574322e-16 1e-20
7779.153281 4.932136797e-16 1e-20
7781.450526 7.044024457e-16 1e-20
7783.747772 9.469034257e-16 1e-20
7786.045018 1.184320937e-15 1e-20
7788.342264 1.433348306e-15 1e-20
7790.63951 1.765541499e-15 1e-20
7792.936756 2.029787403e-15 1e-20
7795.234002 2.068023741e-15 1e-20
7797.531248 1.69106168e-15 1e-20
7799.828493 1.385374266e-15 1e-20
7802.125739 1.206418015e-15 1e-20
7804.422985 1.051142688e-15 1e-20
7806.720231 9.462873151e-16 1e-20
7809.017477 9.486308435e-16 1e-20
7811.314723 8.204443183e-16 1e-20
7813.611969 7.143246955e-16 1e-20
7815.909215 6.037291918e-16 1e-20
7818.20646 4.749505376e-16 1e-20
7820.503706 4.380718878e-16 1e-20
7822.800952 6.704840172e-16 1e-20
7825.098198 8.600827604e-16 1e-20
7827.395444 1.076971264e-15 1e-20
7829.69269 1.41322725e-15 1e-20
7831.989936 1.528181268e-15 1e-20
7834.287182 1.653394125e-15 1e-20
7836.584427 1.722742407e-15 1e-20
7838.881673 1.654876009e-15 1e-20
7841.178919 1.48246817e-15 1e-20
7843.476165 1.161867259e-15 1e-20
7845.773411 8.604175501e-16 1e-20
7848.070657 5.454259553e-16 1e-20
7850.367903 1.671897586e-16 1e-20
7852.665149 -4.330704759e-17 1e-20
7854.962394 -1.227574146e-16 1e-20
7857.25964 -1.116081978e-16 1e-20
7859.556886 2.907098073e-16 1e-20
7861.854132 7.798964806e-16 1e-20
7864.151378 1.262775564e-15 1e-20
7866.448624 1.676507113e-15 1e-20
7868.74587 1.932279723e-15 1e-20
7871.043116 2.058574453e-15 1e-20
7873.340362 1.877124537e-15 1e-20
7875.637607 1.782061395e-15 1e-20
7877.934853 1.706550737e-15 1e-20
7880.232099 1.549266459e-15 1e-20
7882.529345 1.246778182e-15 1e-20
7884.826591 9.438711536e-16 1e-20
7887.123837 7.348529625e-16 1e-20
7889.421083 4.262608868e-16 1e-20
7891.718329 2.663278845e-16 1e-20
7894.015574 5.307216751e-16 1e-20
7896.31282 5.828918636e-16 1e-20
7898.610066 8.185822752e-16 1e-20
7900.907312 1.181650243e-15 1e-20
7903.204558 1.409179492e-15 1e-20
7905.501804 1.506414533e-15 1e-20
7907.79905 1.710007055e-15 1e-20
7910.096296 1.84729839e-15 1e-20
7912.393541 1.716164772e-15 1e-20
7914.690787 1.28826215e-15 1e-20
7916.988033 9.351144211e-16 1e-20
7919.285279 6.780878849e-16 1e-20
7921.582525 4.434180951e-16 1e-20
7923.879771 3.939684704e-16 1e-20
7926.177017 3.668414991e-16 1e-20
7928.474263 4.891141461e-16 1e-20
7930.771508 6.210443981e-16 1e-20
7933.068754 8.529692718e-16 1e-20
7935.366 1.177205967e-15 1e-20
7937.663246 1.254400526e-15 1e-20
7939.960492 1.333146426e-15 1e-20
7942.257738 1.427196094e-15 1e-20
7944.554984 1.45103499e-15 1e-20
7946.85223 1.454637527e-15 1e-20
7949.149475 1.30945862e-15 1e-20
7951.446721 1.162133968e-15 1e-20
7953.743967 1.032959326e-15 1e-20
7956.041213 8.55058108e-16 1e-20
7958.338459 5.697961519e-16 1e-20
7960.635705 3.914302303e-16 1e-20
7962.932951 1.481861113e-16 1e-20
7965.230197 3.769620208e-17 1e-20
7967.527442 1.20550629e-16 1e-20
7969.824688 4.968952555e-16 1e-20
7972.121934 7.41789633e-16 1e-20
7974.41918 8.533543012e-16 1e-20
7976.716426 1.32193891e-15 1e-20
7979.013672 1.317069953e-15 1e-20
