3528.0 0.740866 1e-20
3530.0 0.284869 1e-20
3532.0 0.232553 1e-20
3534.0 0.499672 1e-20
3536.0 0.820248 1e-20
3538.0 0.654583 1e-20
3540.0 0.448186 1e-20
3542.0 0.705638 1e-20
3544.0 0.978623 1e-20
3546.0 0.748039 1e-20
3548.0 0.295274 1e-20
3550.0 0.484289 1e-20
3552.0 0.712153 1e-20
3554.0 0.712455 1e-20
3556.0 0.491962 1e-20
3558.0 0.689226 1e-20
3560.0 0.886371 1e-20
3562.0 0.756021 1e-20
3564.0 0.864825 1e-20
3566.0 0.810145 1e-20
3568.0 0.46106 1e-20
3570.0 0.826005 1e-20
3572.0 0.927033 1e-20
3574.0 0.525453 1e-20
3576.0 0.495089 1e-20
3578.0 0.582977 1e-20
3580.0 0.60606 1e-20
3582.0 0.591661 1e-20
3584.0 0.639767 1e-20
3586.0 0.660493 1e-20
3588.0 0.334525 1e-20
3590.0 1.15588 1e-20
3592.0 0.751983 1e-20
3594.0 0.714271 1e-20
3596.0 0.861912 1e-20
3598.0 0.762716 1e-20
3600.0 0.582484 1e-20
3602.0 0.805063 1e-20
3604.0 0.716874 1e-20
3606.0 0.829897 1e-20
3608.0 0.482468 1e-20
3610.0 0.300525 1e-20
3612.0 0.577064 1e-20
3614.0 0.586902 1e-20
3616.0 0.59674 1e-20
3618.0 0.606578 1e-20
3620.0 0.616416 1e-20
3622.0 0.616416 1e-20
3624.0 0.64198 1e-20
3626.0 0.723179 1e-20
3628.0 0.769125 1e-20
3630.0 0.513984 1e-20
3632.0 0.564949 1e-20
3634.0 0.315144 1e-20
3636.0 0.460041 1e-20
3638.0 0.723255 1e-20
3640.0 1.02675 1e-20
3642.0 0.786338 1e-20
3644.0 0.46329 1e-20
3646.0 0.482773 1e-20
3648.0 0.572806 1e-20
3650.0 0.676089 1e-20
3652.0 1.01454 1e-20
3654.0 0.583028 1e-20
3656.0 0.67364 1e-20
3658.0 0.522853 1e-20
3660.0 0.833767 1e-20
3662.0 0.878826 1e-20
3664.0 1.00697 1e-20
3666.0 0.782541 1e-20
3668.0 0.713248 1e-20
3670.0 0.6541 1e-20
3672.0 0.446404 1e-20
3674.0 0.5153 1e-20
3676.0 0.439434 1e-20
3678.0 0.682867 1e-20
3680.0 0.799735 1e-20
3682.0 0.491442 1e-20
3684.0 0.278597 1e-20
3686.0 0.661401 1e-20
3688.0 0.403133 1e-20
3690.0 0.271545 1e-20
3692.0 0.552171 1e-20
3694.0 0.65983 1e-20
3696.0 0.397353 1e-20
3698.0 0.438905 1e-20
3700.0 0.41152 1e-20
3702.0 0.439027 1e-20
3704.0 0.4246 1e-20
3706.0 0.544999 1e-20
3708.0 0.552768 1e-20
3710.0 0.680973 1e-20
3712.0 0.889913 1e-20
3714.0 0.725682 1e-20
3716.0 0.452695 1e-20
3718.0 0.502758 1e-20
3720.0 0.43881 1e-20
3722.0 0.397977 1e-20
3724.0 0.590283 1e-20
3726.0 0.459768 1e-20
3728.0 0.529839 1e-20
3730.0 0.476012 1e-20
3732.0 0.412492 1e-20
3734.0 0.556572 1e-20
3736.0 0.632746 1e-20
3738.0 0.532118 1e-20
3740.0 0.919936 1e-20
3742.0 0.934162 1e-20
3744.0 0.833093 1e-20
3746.0 0.768487 1e-20
3748.0 0.574358 1e-20
3750.0 0.62273 1e-20
3752.0 0.92114 1e-20
3754.0 0.709898 1e-20
3756.0 0.846862 1e-20
3758.0 0.747712 1e-20
3760.0 0.457063 1e-20
3762.0 0.73367 1e-20
3764.0 0.685588 1e-20
3766.0 0.842395 1e-20
3768.0 0.858514 1e-20
3770.0 0.70143 1e-20
3772.0 1.08531 1e-20
3774.0 1.19183 1e-20
3776.0 0.999511 1e-20
3778.0 0.846943 1e-20
3780.0 0.6562 1e-20
3782.0 0.888935 1e-20
3784.0 0.975802 1e-20
3786.0 0.719471 1e-20
3788.0 0.620171 1e-20
3790.0 0.761941 1e-20
3792.0 0.917674 1e-20
3794.0 0.974994 1e-20
3796.0 0.579881 1e-20
3798.0 0.456769 1e-20
3800.0 0.631119 1e-20
3802.0 0.926275 1e-20
3804.0 0.619495 1e-20
3806.0 0.666806 1e-20
3808.0 0.649311 1e-20
3810.0 0.441919 1e-20
3812.0 0.629992 1e-20
3814.0 0.840168 1e-20
3816.0 0.79353 1e-20
3818.0 0.707457 1e-20
3820.0 0.665751 1e-20
3822.0 0.921513 1e-20
3824.0 0.832117 1e-20
3826.0 0.863344 1e-20
3828.0 0.553423 1e-20
3830.0 0.573227 1e-20
3832.0 0.807133 1e-20
3834.0 0.824581 1e-20
3836.0 0.682851 1e-20
3838.0 0.689919 1e-20
3840.0 0.673034 1e-20
3842.0 0.703593 1e-20
3844.0 0.625357 1e-20
3846.0 0.344109 1e-20
3848.0 0.401818 1e-20
3850.0 0.510619 1e-20
3852.0 0.540938 1e-20
3854.0 0.514286 1e-20
3856.0 0.668982 1e-20
3858.0 0.6005 1e-20
3860.0 0.432909 1e-20
3862.0 0.330794 1e-20
3864.0 0.366461 1e-20
3866.0 0.485017 1e-20
3868.0 0.508872 1e-20
3870.0 0.74576 1e-20
3872.0 0.472097 1e-20
3874.0 0.461034 1e-20
3876.0 0.387084 1e-20
3878.0 0.436915 1e-20
3880.0 0.489276 1e-20
3882.0 0.62783 1e-20
3884.0 0.487515 1e-20
3886.0 0.56976 1e-20
3888.0 0.737471 1e-20
3890.0 0.671446 1e-20
3892.0 0.538078 1e-20
3894.0 0.38401 1e-20
3896.0 0.49841 1e-20
3898.0 0.625552 1e-20
3900.0 0.669338 1e-20
3902.0 0.65355 1e-20
3904.0 0.569241 1e-20
3906.0 0.566092 1e-20
3908.0 0.394889 1e-20
3910.0 0.653162 1e-20
3912.0 0.640569 1e-20
3914.0 0.627976 1e-20
3916.0 0.615383 1e-20
3918.0 0.615383 1e-20
3920.0 0.432854 1e-20
3922.0 0.542848 1e-20
3924.0 0.537843 1e-20
3926.0 0.51092 1e-20
3928.0 0.591232 1e-20
3930.0 0.565313 1e-20
3932.0 0.467465 1e-20
3934.0 0.484001 1e-20
3936.0 0.698123 1e-20
3938.0 0.598793 1e-20
3940.0 0.510351 1e-20
3942.0 0.363184 1e-20
3944.0 0.349179 1e-20
3946.0 0.523603 1e-20
3948.0 0.42289 1e-20
3950.0 0.383407 1e-20
3952.0 0.502834 1e-20
3954.0 0.688969 1e-20
3956.0 0.535397 1e-20
3958.0 0.472234 1e-20
3960.0 0.661672 1e-20
3962.0 0.878192 1e-20
3964.0 0.819948 1e-20
3966.0 0.761076 1e-20
3968.0 0.731412 1e-20
3970.0 0.942788 1e-20
3972.0 0.87903 1e-20
3974.0 0.866084 1e-20
3976.0 0.839649 1e-20
3978.0 0.784503 1e-20
3980.0 0.679181 1e-20
3982.0 0.889665 1e-20
3984.0 1.14873 1e-20
3986.0 0.991972 1e-20
3988.0 0.847708 1e-20
3990.0 0.862604 1e-20
3992.0 1.06809 1e-20
3994.0 1.02494 1e-20
3996.0 1.01616 1e-20
3998.0 1.26654 1e-20
4000.0 1.19803 1e-20
4002.0 1.13465 1e-20
4004.0 1.0682 1e-20
4006.0 0.923622 1e-20
4008.0 1.19699 1e-20
4010.0 1.2089 1e-20
4012.0 1.32178 1e-20
4014.0 1.32139 1e-20
4016.0 1.25858 1e-20
4018.0 1.22552 1e-20
4020.0 1.17318 1e-20
4022.0 1.36118 1e-20
4024.0 1.13588 1e-20
4026.0 1.07579 1e-20
4028.0 1.18544 1e-20
4030.0 1.41989 1e-20
4032.0 1.3025 1e-20
4034.0 1.07314 1e-20
4036.0 1.18102 1e-20
4038.0 0.927793 1e-20
4040.0 1.14658 1e-20
4042.0 1.25984 1e-20
4044.0 1.11468 1e-20
4046.0 0.942066 1e-20
4048.0 1.10371 1e-20
4050.0 1.22461 1e-20
4052.0 1.15152 1e-20
4054.0 1.15406 1e-20
4056.0 1.24587 1e-20
4058.0 1.1201 1e-20
4060.0 0.947928 1e-20
4062.0 0.877 1e-20
4064.0 1.22419 1e-20
4066.0 1.251 1e-20
4068.0 0.998222 1e-20
4070.0 0.994822 1e-20
4072.0 1.0229 1e-20
4074.0 1.12317 1e-20
4076.0 1.08395 1e-20
4078.0 1.23102 1e-20
4080.0 1.32202 1e-20
4082.0 1.22477 1e-20
4084.0 1.04436 1e-20
4086.0 0.871536 1e-20
4088.0 0.781732 1e-20
4090.0 0.86533 1e-20
4092.0 0.863406 1e-20
4094.0 0.875153 1e-20
4096.0 0.867572 1e-20
4098.0 0.69735 1e-20
4100.0 0.905686 1e-20
4102.0 0.920071 1e-20
4104.0 0.934224 1e-20
4106.0 0.93909 1e-20
4108.0 0.875785 1e-20
4110.0 0.894848 1e-20
4112.0 0.847138 1e-20
4114.0 0.780815 1e-20
4116.0 1.0158 1e-20
4118.0 0.764606 1e-20
4120.0 0.732681 1e-20
4122.0 0.873944 1e-20
4124.0 0.949989 1e-20
4126.0 0.787049 1e-20
4128.0 0.765793 1e-20
4130.0 1.0835 1e-20
4132.0 1.07701 1e-20
4134.0 0.779456 1e-20
4136.0 0.994974 1e-20
4138.0 1.01193 1e-20
4140.0 0.925875 1e-20
4142.0 0.823001 1e-20
4144.0 0.917328 1e-20
4146.0 0.701263 1e-20
4148.0 0.785373 1e-20
4150.0 0.850625 1e-20
4152.0 0.967212 1e-20
4154.0 0.937287 1e-20
4156.0 0.697213 1e-20
4158.0 0.856808 1e-20
4160.0 0.981906 1e-20
4162.0 0.910584 1e-20
4164.0 0.938773 1e-20
4166.0 0.987956 1e-20
4168.0 0.918784 1e-20
4170.0 0.958068 1e-20
4172.0 0.799754 1e-20
4174.0 0.902068 1e-20
4176.0 1.12945 1e-20
4178.0 1.12117 1e-20
4180.0 1.09714 1e-20
4182.0 1.27628 1e-20
4184.0 1.16223 1e-20
4186.0 1.07373 1e-20
4188.0 1.40597 1e-20
4190.0 1.16231 1e-20
4192.0 1.00727 1e-20
4194.0 1.10981 1e-20
4196.0 1.06424 1e-20
4198.0 1.17496 1e-20
4200.0 1.33408 1e-20
4202.0 1.10433 1e-20
4204.0 1.10241 1e-20
4206.0 1.03832 1e-20
4208.0 0.961475 1e-20
4210.0 1.04266 1e-20
4212.0 1.20564 1e-20
4214.0 1.13177 1e-20
4216.0 1.09031 1e-20
4218.0 1.1321 1e-20
4220.0 1.18208 1e-20
4222.0 1.16845 1e-20
4224.0 1.08695 1e-20
4226.0 1.10103 1e-20
4228.0 1.11825 1e-20
4230.0 0.930981 1e-20
4232.0 0.903192 1e-20
4234.0 1.07871 1e-20
4236.0 1.06128 1e-20
4238.0 0.937958 1e-20
4240.0 0.94345 1e-20
4242.0 1.1353 1e-20
4244.0 1.00575 1e-20
4246.0 1.06775 1e-20
4248.0 1.12975 1e-20
4250.0 1.19174 1e-20
4252.0 1.25374 1e-20
4254.0 1.31573 1e-20
4256.0 1.31573 1e-20
4258.0 1.06525 1e-20
4260.0 1.03437 1e-20
4262.0 0.979029 1e-20
4264.0 1.07319 1e-20
4266.0 1.19346 1e-20
4268.0 1.044 1e-20
4270.0 0.903611 1e-20
4272.0 1.06717 1e-20
4274.0 1.31814 1e-20
4276.0 1.30079 1e-20
4278.0 1.15329 1e-20
4280.0 0.92178 1e-20
4282.0 1.08144 1e-20
4284.0 1.03731 1e-20
4286.0 0.98748 1e-20
4288.0 1.10267 1e-20
4290.0 1.08415 1e-20
4292.0 1.07261 1e-20
4294.0 1.14251 1e-20
4296.0 1.21748 1e-20
4298.0 1.2319 1e-20
4300.0 1.17011 1e-20
4302.0 1.10161 1e-20
4304.0 1.27437 1e-20
4306.0 1.26348 1e-20
4308.0 1.36058 1e-20
4310.0 1.10361 1e-20
4312.0 0.830685 1e-20
4314.0 1.25932 1e-20
4316.0 1.14728 1e-20
4318.0 1.03812 1e-20
4320.0 1.38326 1e-20
4322.0 1.38909 1e-20
4324.0 1.29051 1e-20
4326.0 1.26679 1e-20
4328.0 1.25796 1e-20
4330.0 1.10886 1e-20
4332.0 1.1309 1e-20
4334.0 1.00715 1e-20
4336.0 0.984666 1e-20
4338.0 1.25478 1e-20
4340.0 1.12396 1e-20
4342.0 1.132 1e-20
4344.0 1.29044 1e-20
4346.0 1.24699 1e-20
4348.0 1.05264 1e-20
4350.0 0.989582 1e-20
4352.0 1.15526 1e-20
4354.0 1.18491 1e-20
4356.0 0.792106 1e-20
4358.0 0.899201 1e-20
4360.0 0.965354 1e-20
4362.0 0.948452 1e-20
4364.0 0.937889 1e-20
4366.0 0.978659 1e-20
4368.0 1.10534 1e-20
4370.0 1.08492 1e-20
4372.0 0.974259 1e-20
4374.0 1.0215 1e-20
4376.0 1.09213 1e-20
4378.0 1.163 1e-20
4380.0 1.0553 1e-20
4382.0 1.06825 1e-20
4384.0 1.02435 1e-20
4386.0 1.13341 1e-20
4388.0 1.06902 1e-20
4390.0 1.08956 1e-20
4392.0 1.15275 1e-20
4394.0 1.07125 1e-20
4396.0 1.17029 1e-20
4398.0 1.08822 1e-20
4400.0 0.966691 1e-20
4402.0 0.999356 1e-20
4404.0 0.979617 1e-20
4406.0 0.808768 1e-20
4408.0 0.712224 1e-20
4410.0 0.776842 1e-20
4412.0 0.78979 1e-20
4414.0 0.777822 1e-20
4416.0 0.887643 1e-20
4418.0 0.849379 1e-20
4420.0 0.683139 1e-20
4422.0 0.695348 1e-20
4424.0 0.660928 1e-20
4426.0 0.773793 1e-20
4428.0 0.744511 1e-20
4430.0 0.614158 1e-20
4432.0 0.738322 1e-20
4434.0 0.685325 1e-20
4436.0 0.651166 1e-20
4438.0 0.599435 1e-20
4440.0 0.532628 1e-20
4442.0 0.625688 1e-20
4444.0 0.816019 1e-20
4446.0 0.874722 1e-20
4448.0 0.799778 1e-20
4450.0 0.573077 1e-20
4452.0 0.633456 1e-20
4454.0 0.689683 1e-20
4456.0 0.678836 1e-20
4458.0 0.67373 1e-20
4460.0 0.875286 1e-20
4462.0 0.73369 1e-20
4464.0 0.659226 1e-20
4466.0 0.705576 1e-20
4468.0 0.692113 1e-20
4470.0 0.746484 1e-20
4472.0 0.728419 1e-20
4474.0 0.689278 1e-20
4476.0 0.749709 1e-20
4478.0 0.984619 1e-20
4480.0 0.945172 1e-20
4482.0 1.00784 1e-20
4484.0 1.02071 1e-20
4486.0 0.806186 1e-20
4488.0 0.857398 1e-20
4490.0 1.01173 1e-20
4492.0 0.878779 1e-20
4494.0 0.984569 1e-20
4496.0 1.10616 1e-20
4498.0 0.993227 1e-20
4500.0 0.91826 1e-20
4502.0 1.01007 1e-20
4504.0 0.894408 1e-20
4506.0 0.919942 1e-20
4508.0 0.78804 1e-20
4510.0 0.795991 1e-20
4512.0 0.971229 1e-20
4514.0 0.992591 1e-20
4516.0 0.911473 1e-20
4518.0 0.850725 1e-20
4520.0 0.82168 1e-20
4522.0 0.939727 1e-20
4524.0 0.881383 1e-20
4526.0 0.831859 1e-20
4528.0 0.920488 1e-20
4530.0 0.951725 1e-20
4532.0 0.893263 1e-20
4534.0 0.785355 1e-20
4536.0 0.754574 1e-20
4538.0 0.847015 1e-20
4540.0 0.957641 1e-20
4542.0 0.984625 1e-20
4544.0 0.931255 1e-20
4546.0 0.962291 1e-20
4548.0 0.887307 1e-20
4550.0 0.937998 1e-20
4552.0 0.992898 1e-20
4554.0 0.951725 1e-20
4556.0 0.854087 1e-20
4558.0 0.924742 1e-20
4560.0 0.905826 1e-20
4562.0 0.933324 1e-20
4564.0 0.95701 1e-20
4566.0 0.980696 1e-20
4568.0 1.00438 1e-20
4570.0 1.00438 1e-20
4572.0 0.981544 1e-20
4574.0 0.985338 1e-20
4576.0 0.96651 1e-20
4578.0 0.942583 1e-20
4580.0 1.02449 1e-20
4582.0 0.993614 1e-20
4584.0 0.94217 1e-20
4586.0 0.969608 1e-20
4588.0 0.969053 1e-20
4590.0 0.939353 1e-20
4592.0 1.01985 1e-20
4594.0 1.02651 1e-20
4596.0 1.03044 1e-20
4598.0 0.994024 1e-20
4600.0 0.911981 1e-20
4602.0 1.01537 1e-20
4604.0 1.14176 1e-20
4606.0 1.21592 1e-20
4608.0 1.26271 1e-20
4610.0 1.15747 1e-20
4612.0 1.21819 1e-20
4614.0 1.27508 1e-20
4616.0 1.20393 1e-20
4618.0 1.18663 1e-20
4620.0 1.2003 1e-20
4622.0 1.2246 1e-20
4624.0 1.19421 1e-20
4626.0 1.20517 1e-20
4628.0 1.10158 1e-20
4630.0 1.30414 1e-20
4632.0 1.22854 1e-20
4634.0 1.16884 1e-20
4636.0 1.31602 1e-20
4638.0 1.37533 1e-20
4640.0 1.31071 1e-20
4642.0 1.30845 1e-20
4644.0 1.20863 1e-20
4646.0 1.31594 1e-20
4648.0 1.29154 1e-20
4650.0 1.26112 1e-20
4652.0 1.30873 1e-20
4654.0 1.28501 1e-20
4656.0 1.26409 1e-20
4658.0 1.33175 1e-20
4660.0 1.37852 1e-20
4662.0 1.39806 1e-20
4664.0 1.36511 1e-20
4666.0 1.23779 1e-20
4668.0 1.15119 1e-20
4670.0 1.28239 1e-20
4672.0 1.22118 1e-20
4674.0 1.20132 1e-20
4676.0 1.33878 1e-20
4678.0 1.29425 1e-20
4680.0 1.26772 1e-20
4682.0 1.25693 1e-20
4684.0 1.35598 1e-20
4686.0 1.27846 1e-20
4688.0 1.16155 1e-20
4690.0 1.21106 1e-20
4692.0 1.2916 1e-20
4694.0 1.44298 1e-20
4696.0 1.47618 1e-20
4698.0 1.41956 1e-20
4700.0 1.36997 1e-20
4702.0 1.45452 1e-20
4704.0 1.38822 1e-20
4706.0 1.25307 1e-20
4708.0 1.2414 1e-20
4710.0 1.2589 1e-20
4712.0 1.22941 1e-20
4714.0 1.30116 1e-20
4716.0 1.26528 1e-20
4718.0 1.24974 1e-20
4720.0 1.27028 1e-20
4722.0 1.19019 1e-20
4724.0 1.23381 1e-20
4726.0 1.24062 1e-20
4728.0 1.17813 1e-20
4730.0 1.21112 1e-20
4732.0 1.27578 1e-20
4734.0 1.21742 1e-20
4736.0 1.37503 1e-20
4738.0 1.3365 1e-20
4740.0 1.17207 1e-20
4742.0 1.16876 1e-20
4744.0 1.37064 1e-20
4746.0 1.47658 1e-20
4748.0 1.49899 1e-20
4750.0 1.45008 1e-20
4752.0 1.25263 1e-20
4754.0 1.21174 1e-20
4756.0 1.33406 1e-20
4758.0 1.35871 1e-20
4760.0 1.27432 1e-20
4762.0 1.19297 1e-20
4764.0 1.20059 1e-20
4766.0 1.27038 1e-20
4768.0 1.23842 1e-20
4770.0 1.36183 1e-20
4772.0 1.34153 1e-20
4774.0 1.37138 1e-20
4776.0 1.30944 1e-20
4778.0 1.14896 1e-20
4780.0 1.23989 1e-20
4782.0 1.25381 1e-20
4784.0 1.23051 1e-20
4786.0 1.19838 1e-20
4788.0 1.20173 1e-20
4790.0 1.13005 1e-20
4792.0 1.18176 1e-20
4794.0 1.22649 1e-20
4796.0 1.13651 1e-20
4798.0 0.987559 1e-20
4800.0 1.07063 1e-20
4802.0 1.17388 1e-20
4804.0 1.02991 1e-20
4806.0 1.24441 1e-20
4808.0 1.38486 1e-20
4810.0 1.30027 1e-20
4812.0 1.11031 1e-20
4814.0 0.942839 1e-20
4816.0 0.974326 1e-20
4818.0 0.992167 1e-20
4820.0 0.932165 1e-20
4822.0 1.07938 1e-20
4824.0 1.05208 1e-20
4826.0 0.978583 1e-20
4828.0 1.05558 1e-20
4830.0 1.01552 1e-20
4832.0 0.964836 1e-20
4834.0 0.941178 1e-20
4836.0 0.995526 1e-20
4838.0 1.11952 1e-20
4840.0 1.10287 1e-20
4842.0 0.972116 1e-20
4844.0 1.03423 1e-20
4846.0 1.05848 1e-20
4848.0 1.03143 1e-20
4850.0 0.950749 1e-20
4852.0 0.969751 1e-20
4854.0 1.08481 1e-20
4856.0 1.09915 1e-20
4858.0 1.07029 1e-20
4860.0 1.06523 1e-20
4862.0 1.0334 1e-20
4864.0 1.142 1e-20
4866.0 1.14257 1e-20
4868.0 0.975165 1e-20
4870.0 0.893822 1e-20
4872.0 0.867667 1e-20
4874.0 1.03406 1e-20
4876.0 1.06238 1e-20
4878.0 0.980222 1e-20
4880.0 1.08602 1e-20
4882.0 1.02705 1e-20
4884.0 1.05766 1e-20
4886.0 1.02548 1e-20
4888.0 0.957324 1e-20
4890.0 0.872319 1e-20
4892.0 0.991014 1e-20
4894.0 1.00188 1e-20
4896.0 1.033 1e-20
4898.0 1.02027 1e-20
4900.0 0.927223 1e-20
4902.0 0.99918 1e-20
4904.0 1.08168 1e-20
4906.0 0.991642 1e-20
4908.0 0.889539 1e-20
4910.0 0.907614 1e-20
4912.0 0.837897 1e-20
4914.0 0.857401 1e-20
4916.0 0.851813 1e-20
4918.0 0.769779 1e-20
4920.0 0.856269 1e-20
4922.0 0.851073 1e-20
4924.0 0.861187 1e-20
4926.0 0.93993 1e-20
4928.0 0.827631 1e-20
4930.0 0.908348 1e-20
4932.0 0.888738 1e-20
4934.0 0.940782 1e-20
4936.0 1.00015 1e-20
4938.0 1.02244 1e-20
4940.0 0.994056 1e-20
4942.0 0.934237 1e-20
4944.0 0.998028 1e-20
4946.0 0.948923 1e-20
4948.0 0.927522 1e-20
4950.0 0.929049 1e-20
4952.0 1.04172 1e-20
4954.0 0.953067 1e-20
4956.0 0.891758 1e-20
4958.0 0.929637 1e-20
4960.0 0.969572 1e-20
4962.0 1.06592 1e-20
4964.0 1.05742 1e-20
4966.0 1.06947 1e-20
4968.0 0.946575 1e-20
4970.0 1.0736 1e-20
4972.0 1.12805 1e-20
4974.0 0.952086 1e-20
4976.0 0.968673 1e-20
4978.0 1.06677 1e-20
4980.0 0.974147 1e-20
4982.0 0.900269 1e-20
4984.0 0.979774 1e-20
4986.0 1.06341 1e-20
4988.0 0.926474 1e-20
4990.0 0.808821 1e-20
4992.0 0.821364 1e-20
4994.0 0.847735 1e-20
4996.0 0.792774 1e-20
4998.0 0.853608 1e-20
5000.0 0.814376 1e-20
5002.0 0.722625 1e-20
5004.0 0.746066 1e-20
5006.0 0.718517 1e-20
5008.0 0.620765 1e-20
5010.0 0.694668 1e-20
5012.0 0.786215 1e-20
5014.0 0.656378 1e-20
5016.0 0.583071 1e-20
5018.0 0.622578 1e-20
5020.0 0.6439 1e-20
5022.0 0.66353 1e-20
5024.0 0.646172 1e-20
5026.0 0.565649 1e-20
5028.0 0.564408 1e-20
5030.0 0.759921 1e-20
5032.0 0.797122 1e-20
5034.0 0.664652 1e-20
5036.0 0.621362 1e-20
5038.0 0.631093 1e-20
5040.0 0.608051 1e-20
5042.0 0.673291 1e-20
5044.0 0.647947 1e-20
5046.0 0.629325 1e-20
5048.0 0.679238 1e-20
5050.0 0.725353 1e-20
5052.0 0.737088 1e-20
5054.0 0.824808 1e-20
5056.0 0.819705 1e-20
5058.0 0.84641 1e-20
5060.0 0.918137 1e-20
5062.0 0.763213 1e-20
5064.0 0.716607 1e-20
5066.0 0.836956 1e-20
5068.0 0.86709 1e-20
5070.0 0.872604 1e-20
5072.0 0.76114 1e-20
5074.0 0.733419 1e-20
5076.0 0.787898 1e-20
5078.0 0.872405 1e-20
5080.0 0.874493 1e-20
5082.0 0.863975 1e-20
5084.0 0.580795 1e-20
5086.0 0.762583 1e-20
5088.0 0.929051 1e-20
5090.0 0.834363 1e-20
5092.0 0.89827 1e-20
5094.0 1.02483 1e-20
5096.0 0.883413 1e-20
5098.0 0.804813 1e-20
5100.0 0.891547 1e-20
5102.0 0.887926 1e-20
5104.0 0.911773 1e-20
5106.0 0.868938 1e-20
5108.0 0.907263 1e-20
5110.0 0.909586 1e-20
5112.0 0.748906 1e-20
5114.0 0.812944 1e-20
5116.0 0.861946 1e-20
5118.0 0.909766 1e-20
5120.0 0.948665 1e-20
5122.0 0.847033 1e-20
5124.0 0.817505 1e-20
5126.0 0.851457 1e-20
5128.0 0.818014 1e-20
5130.0 0.783632 1e-20
5132.0 0.768524 1e-20
5134.0 0.77166 1e-20
5136.0 0.893383 1e-20
5138.0 0.804465 1e-20
5140.0 0.837319 1e-20
5142.0 0.802386 1e-20
5144.0 0.757003 1e-20
5146.0 0.739673 1e-20
5148.0 0.780062 1e-20
5150.0 0.776177 1e-20
5152.0 0.918226 1e-20
5154.0 0.903331 1e-20
5156.0 0.810362 1e-20
5158.0 0.836572 1e-20
5160.0 0.813195 1e-20
5162.0 0.866503 1e-20
5164.0 0.809095 1e-20
5166.0 0.804012 1e-20
5168.0 0.897474 1e-20
5170.0 0.861449 1e-20
5172.0 0.793013 1e-20
5174.0 0.795616 1e-20
5176.0 0.718712 1e-20
5178.0 0.721513 1e-20
5180.0 0.95758 1e-20
5182.0 0.993392 1e-20
5184.0 0.89835 1e-20
5186.0 0.918376 1e-20
5188.0 0.871521 1e-20
5190.0 0.827506 1e-20
5192.0 0.74024 1e-20
5194.0 0.656291 1e-20
5196.0 0.621822 1e-20
5198.0 0.777365 1e-20
5200.0 0.776831 1e-20
5202.0 0.796665 1e-20
5204.0 0.829309 1e-20
5206.0 0.702153 1e-20
5208.0 0.740762 1e-20
5210.0 0.791584 1e-20
5212.0 0.739234 1e-20
5214.0 0.837168 1e-20
5216.0 0.913151 1e-20
5218.0 0.866547 1e-20
5220.0 0.906822 1e-20
5222.0 0.888186 1e-20
5224.0 0.866769 1e-20
5226.0 0.875829 1e-20
5228.0 0.791141 1e-20
5230.0 0.854261 1e-20
5232.0 0.869321 1e-20
5234.0 0.884122 1e-20
5236.0 0.841719 1e-20
5238.0 0.837359 1e-20
5240.0 0.874545 1e-20
5242.0 0.817797 1e-20
5244.0 0.832011 1e-20
5246.0 0.818821 1e-20
5248.0 0.812984 1e-20
5250.0 0.92039 1e-20
5252.0 0.91844 1e-20
5254.0 0.841508 1e-20
5256.0 0.862792 1e-20
5258.0 0.839788 1e-20
5260.0 0.814924 1e-20
5262.0 0.921272 1e-20
5264.0 0.96287 1e-20
5266.0 0.938802 1e-20
5268.0 0.883402 1e-20
5270.0 0.903435 1e-20
5272.0 0.956356 1e-20
5274.0 0.992951 1e-20
5276.0 0.99304 1e-20
5278.0 0.960346 1e-20
5280.0 0.893035 1e-20
5282.0 0.874699 1e-20
5284.0 0.900018 1e-20
5286.0 0.944126 1e-20
5288.0 0.952123 1e-20
5290.0 0.879739 1e-20
5292.0 0.894082 1e-20
5294.0 0.887364 1e-20
5296.0 0.810218 1e-20
5298.0 0.843946 1e-20
5300.0 0.933194 1e-20
5302.0 0.951485 1e-20
5304.0 0.932728 1e-20
5306.0 0.89859 1e-20
5308.0 0.885141 1e-20
5310.0 0.854054 1e-20
5312.0 0.849928 1e-20
5314.0 0.86697 1e-20
5316.0 0.860578 1e-20
5318.0 0.892828 1e-20
5320.0 0.86232 1e-20
5322.0 0.846732 1e-20
5324.0 0.908334 1e-20
5326.0 0.898816 1e-20
5328.0 0.821026 1e-20
5330.0 0.823768 1e-20
5332.0 0.851815 1e-20
5334.0 0.836836 1e-20
5336.0 0.848792 1e-20
5338.0 0.866132 1e-20
5340.0 0.855348 1e-20
5342.0 0.809631 1e-20
5344.0 0.72862 1e-20
5346.0 0.71719 1e-20
5348.0 0.7215 1e-20
5350.0 0.72581 1e-20
5352.0 0.73012 1e-20
5354.0 0.73012 1e-20
5356.0 0.836398 1e-20
5358.0 0.889673 1e-20
5360.0 0.915989 1e-20
5362.0 0.877825 1e-20
5364.0 0.78153 1e-20
5366.0 0.808926 1e-20
5368.0 0.869933 1e-20
5370.0 0.838516 1e-20
5372.0 0.836147 1e-20
5374.0 0.889581 1e-20
5376.0 0.876409 1e-20
5378.0 0.904827 1e-20
5380.0 0.936673 1e-20
5382.0 0.89299 1e-20
5384.0 0.910244 1e-20
5386.0 0.885677 1e-20
5388.0 0.850077 1e-20
5390.0 0.861292 1e-20
5392.0 0.90216 1e-20
5394.0 0.906826 1e-20
5396.0 0.883135 1e-20
5398.0 0.878691 1e-20
5400.0 0.888747 1e-20
5402.0 0.897367 1e-20
5404.0 0.892696 1e-20
5406.0 0.885426 1e-20
5408.0 0.909675 1e-20
5410.0 0.981001 1e-20
5412.0 1.00083 1e-20
5414.0 0.983471 1e-20
5416.0 0.970783 1e-20
5418.0 0.980961 1e-20
5420.0 0.98651 1e-20
5422.0 0.940026 1e-20
5424.0 0.837782 1e-20
5426.0 0.79051 1e-20
5428.0 0.768381 1e-20
5430.0 0.75739 1e-20
5432.0 0.760157 1e-20
5434.0 0.773197 1e-20
5436.0 0.793442 1e-20
5438.0 0.825226 1e-20
5440.0 0.840708 1e-20
5442.0 0.845284 1e-20
5444.0 0.850816 1e-20
5446.0 0.865897 1e-20
5448.0 0.86462 1e-20
5450.0 0.815995 1e-20
5452.0 0.738002 1e-20
5454.0 0.745016 1e-20
5456.0 0.873417 1e-20
5458.0 0.869932 1e-20
5460.0 0.741858 1e-20
5462.0 0.645435 1e-20
5464.0 0.640879 1e-20
5466.0 0.673136 1e-20
5468.0 0.664706 1e-20
5470.0 0.62754 1e-20
5472.0 0.629106 1e-20
5474.0 0.659739 1e-20
5476.0 0.688609 1e-20
5478.0 0.719228 1e-20
5480.0 0.744611 1e-20
5482.0 0.745203 1e-20
5484.0 0.724208 1e-20
5486.0 0.710579 1e-20
5488.0 0.694972 1e-20
5490.0 0.677805 1e-20
5492.0 0.649944 1e-20
5494.0 0.631871 1e-20
5496.0 0.64797 1e-20
5498.0 0.690672 1e-20
5500.0 0.697318 1e-20
5502.0 0.668316 1e-20
5504.0 0.670137 1e-20
5506.0 0.702536 1e-20
5508.0 0.731003 1e-20
5510.0 0.738007 1e-20
5512.0 0.734862 1e-20
5514.0 0.737865 1e-20
5516.0 0.739187 1e-20
5518.0 0.745506 1e-20
5520.0 0.763107 1e-20
5522.0 0.769416 1e-20
5524.0 0.752822 1e-20
5526.0 0.728901 1e-20
5528.0 0.726916 1e-20
5530.0 0.742361 1e-20
5532.0 0.74456 1e-20
5534.0 0.740121 1e-20
5536.0 0.737409 1e-20
5538.0 0.73893 1e-20
5540.0 0.738823 1e-20
5542.0 0.728416 1e-20
5544.0 0.707038 1e-20
5546.0 0.708425 1e-20
5548.0 0.736882 1e-20
5550.0 0.744889 1e-20
5552.0 0.732406 1e-20
5554.0 0.716594 1e-20
5556.0 0.706643 1e-20
5558.0 0.697801 1e-20
5560.0 0.695359 1e-20
5562.0 0.695437 1e-20
5564.0 0.704781 1e-20
5566.0 0.733028 1e-20
5568.0 0.750713 1e-20
5570.0 0.737471 1e-20
5572.0 0.712789 1e-20
5574.0 0.729676 1e-20
5576.0 0.798353 1e-20
5578.0 0.809864 1e-20
5580.0 0.776778 1e-20
5582.0 0.755626 1e-20
5584.0 0.754509 1e-20
5586.0 0.762535 1e-20
5588.0 0.777571 1e-20
5590.0 0.810381 1e-20
5592.0 0.809149 1e-20
5594.0 0.76683 1e-20
5596.0 0.753606 1e-20
5598.0 0.778051 1e-20
5600.0 0.808201 1e-20
5602.0 0.817293 1e-20
5604.0 0.816567 1e-20
5606.0 0.816863 1e-20
5608.0 0.820117 1e-20
5610.0 0.808753 1e-20
5612.0 0.774209 1e-20
5614.0 0.745767 1e-20
5616.0 0.740414 1e-20
5618.0 0.748464 1e-20
5620.0 0.759755 1e-20
5622.0 0.793392 1e-20
5624.0 0.797564 1e-20
5626.0 0.774594 1e-20
5628.0 0.756129 1e-20
5630.0 0.754468 1e-20
5632.0 0.756823 1e-20
5634.0 0.743301 1e-20
5636.0 0.717333 1e-20
5638.0 0.695942 1e-20
5640.0 0.670002 1e-20
5642.0 0.650934 1e-20
5644.0 0.635026 1e-20
5646.0 0.629255 1e-20
5648.0 0.649741 1e-20
5650.0 0.699213 1e-20
5652.0 0.716293 1e-20
5654.0 0.721694 1e-20
5656.0 0.712202 1e-20
5658.0 0.672646 1e-20
5660.0 0.638826 1e-20
5662.0 0.64313 1e-20
5664.0 0.671458 1e-20
5666.0 0.688855 1e-20
5668.0 0.719329 1e-20
5670.0 0.723514 1e-20
5672.0 0.694429 1e-20
5674.0 0.672299 1e-20
5676.0 0.674163 1e-20
5678.0 0.689235 1e-20
5680.0 0.713365 1e-20
5682.0 0.772111 1e-20
5684.0 0.78279 1e-20
5686.0 0.739981 1e-20
5688.0 0.726678 1e-20
5690.0 0.777 1e-20
5692.0 0.842834 1e-20
5694.0 0.846593 1e-20
5696.0 0.807147 1e-20
5698.0 0.779892 1e-20
5700.0 0.732554 1e-20
5702.0 0.70989 1e-20
5704.0 0.719187 1e-20
5706.0 0.739534 1e-20
5708.0 0.75373 1e-20
5710.0 0.771928 1e-20
5712.0 0.772119 1e-20
5714.0 0.752254 1e-20
5716.0 0.741374 1e-20
5718.0 0.731946 1e-20
5720.0 0.730497 1e-20
5722.0 0.744205 1e-20
5724.0 0.769303 1e-20
5726.0 0.790674 1e-20
5728.0 0.827527 1e-20
5730.0 0.833787 1e-20
5732.0 0.801395 1e-20
5734.0 0.782546 1e-20
5736.0 0.798779 1e-20
5738.0 0.831363 1e-20
5740.0 0.853401 1e-20
5742.0 0.876692 1e-20
5744.0 0.894588 1e-20
5746.0 0.913239 1e-20
5748.0 0.920806 1e-20
5750.0 0.914116 1e-20
5752.0 0.898703 1e-20
5754.0 0.882239 1e-20
5756.0 0.865283 1e-20
5758.0 0.826986 1e-20
5760.0 0.7385 1e-20
5762.0 0.707395 1e-20
5764.0 0.752824 1e-20
5766.0 0.807539 1e-20
5768.0 0.813119 1e-20
5770.0 0.79335 1e-20
5772.0 0.795242 1e-20
5774.0 0.809379 1e-20
5776.0 0.815565 1e-20
5778.0 0.8142 1e-20
5780.0 0.814455 1e-20
5782.0 0.823861 1e-20
5784.0 0.837008 1e-20
5786.0 0.832374 1e-20
5788.0 0.80422 1e-20
5790.0 0.797652 1e-20
5792.0 0.807611 1e-20
5794.0 0.813196 1e-20
5796.0 0.807907 1e-20
5798.0 0.798703 1e-20
5800.0 0.794084 1e-20
5802.0 0.793274 1e-20
5804.0 0.785476 1e-20
5806.0 0.765182 1e-20
5808.0 0.75819 1e-20
5810.0 0.773003 1e-20
5812.0 0.790866 1e-20
5814.0 0.788767 1e-20
5816.0 0.772674 1e-20
5818.0 0.770278 1e-20
5820.0 0.775036 1e-20
5822.0 0.77951 1e-20
5824.0 0.789177 1e-20
5826.0 0.793707 1e-20
5828.0 0.781936 1e-20
5830.0 0.758649 1e-20
5832.0 0.750936 1e-20
5834.0 0.760985 1e-20
5836.0 0.751389 1e-20
5838.0 0.716431 1e-20
5840.0 0.69364 1e-20
5842.0 0.702061 1e-20
5844.0 0.726539 1e-20
5846.0 0.738846 1e-20
5848.0 0.761537 1e-20
5850.0 0.751097 1e-20
5852.0 0.689027 1e-20
5854.0 0.663633 1e-20
5856.0 0.703383 1e-20
5858.0 0.765741 1e-20
5860.0 0.793351 1e-20
5862.0 0.80891 1e-20
5864.0 0.813727 1e-20
5866.0 0.805074 1e-20
5868.0 0.789896 1e-20
5870.0 0.760727 1e-20
5872.0 0.732475 1e-20
5874.0 0.724078 1e-20
5876.0 0.72973 1e-20
5878.0 0.722311 1e-20
5880.0 0.714254 1e-20
5882.0 0.69453 1e-20
5884.0 0.661962 1e-20
5886.0 0.624267 1e-20
5888.0 0.57769 1e-20
5890.0 0.525356 1e-20
5892.0 0.522709 1e-20
5894.0 0.556234 1e-20
5896.0 0.606169 1e-20
5898.0 0.714329 1e-20
5900.0 0.78264 1e-20
5902.0 0.769782 1e-20
5904.0 0.716592 1e-20
5906.0 0.68696 1e-20
5908.0 0.637301 1e-20
5910.0 0.644906 1e-20
5912.0 0.731285 1e-20
5914.0 0.766953 1e-20
5916.0 0.72272 1e-20
5918.0 0.655124 1e-20
5920.0 0.625306 1e-20
5922.0 0.606707 1e-20
5924.0 0.60589 1e-20
5926.0 0.631439 1e-20
5928.0 0.650683 1e-20
5930.0 0.673366 1e-20
5932.0 0.686145 1e-20
5934.0 0.672071 1e-20
5936.0 0.637346 1e-20
5938.0 0.615135 1e-20
5940.0 0.597792 1e-20
5942.0 0.573887 1e-20
5944.0 0.526764 1e-20
5946.0 0.504921 1e-20
5948.0 0.548812 1e-20
5950.0 0.626377 1e-20
5952.0 0.62515 1e-20
5954.0 0.536963 1e-20
5956.0 0.5267 1e-20
5958.0 0.567342 1e-20
5960.0 0.600394 1e-20
5962.0 0.617174 1e-20
5964.0 0.624244 1e-20
5966.0 0.610754 1e-20
5968.0 0.564879 1e-20
5970.0 0.55969 1e-20
5972.0 0.579643 1e-20
5974.0 0.603991 1e-20
5976.0 0.637796 1e-20
5978.0 0.672686 1e-20
5980.0 0.696081 1e-20
5982.0 0.714342 1e-20
5984.0 0.720551 1e-20
5986.0 0.711755 1e-20
5988.0 0.704218 1e-20
5990.0 0.692123 1e-20
5992.0 0.683234 1e-20
5994.0 0.685174 1e-20
5996.0 0.694183 1e-20
5998.0 0.696456 1e-20
6000.0 0.687928 1e-20
6002.0 0.697641 1e-20
6004.0 0.73433 1e-20
6006.0 0.756294 1e-20
6008.0 0.74491 1e-20
6010.0 0.715765 1e-20
6012.0 0.692704 1e-20
6014.0 0.652012 1e-20
6016.0 0.648853 1e-20
6018.0 0.68445 1e-20
6020.0 0.708439 1e-20
6022.0 0.707614 1e-20
6024.0 0.703385 1e-20
6026.0 0.724757 1e-20
6028.0 0.774108 1e-20
6030.0 0.775376 1e-20
6032.0 0.734167 1e-20
6034.0 0.70588 1e-20
6036.0 0.689562 1e-20
6038.0 0.676013 1e-20
6040.0 0.659782 1e-20
6042.0 0.642216 1e-20
6044.0 0.637063 1e-20
6046.0 0.638628 1e-20
6048.0 0.650481 1e-20
6050.0 0.67106 1e-20
6052.0 0.702534 1e-20
6054.0 0.754027 1e-20
6056.0 0.818413 1e-20
6058.0 0.843729 1e-20
6060.0 0.83801 1e-20
6062.0 0.836017 1e-20
6064.0 0.832383 1e-20
6066.0 0.815734 1e-20
6068.0 0.771849 1e-20
6070.0 0.720452 1e-20
6072.0 0.712066 1e-20
6074.0 0.737631 1e-20
6076.0 0.754198 1e-20
6078.0 0.782338 1e-20
6080.0 0.800368 1e-20
6082.0 0.804389 1e-20
6084.0 0.80298 1e-20
6086.0 0.805822 1e-20
6088.0 0.811808 1e-20
6090.0 0.800934 1e-20
6092.0 0.761031 1e-20
6094.0 0.749462 1e-20
6096.0 0.773544 1e-20
6098.0 0.798637 1e-20
6100.0 0.800142 1e-20
6102.0 0.789817 1e-20
6104.0 0.775095 1e-20
6106.0 0.74142 1e-20
6108.0 0.727863 1e-20
6110.0 0.725756 1e-20
6112.0 0.734661 1e-20
6114.0 0.758103 1e-20
6116.0 0.792261 1e-20
6118.0 0.819278 1e-20
6120.0 0.854096 1e-20
6122.0 0.867326 1e-20
6124.0 0.867996 1e-20
6126.0 0.855225 1e-20
6128.0 0.814251 1e-20
6130.0 0.770313 1e-20
6132.0 0.780534 1e-20
6134.0 0.84268 1e-20
6136.0 0.858255 1e-20
6138.0 0.850181 1e-20
6140.0 0.841466 1e-20
6142.0 0.82812 1e-20
6144.0 0.815381 1e-20
6146.0 0.812053 1e-20
6148.0 0.814598 1e-20
6150.0 0.81959 1e-20
6152.0 0.841245 1e-20
6154.0 0.838349 1e-20
6156.0 0.809988 1e-20
6158.0 0.775434 1e-20
6160.0 0.74029 1e-20
6162.0 0.701879 1e-20
6164.0 0.695638 1e-20
6166.0 0.720096 1e-20
6168.0 0.739204 1e-20
6170.0 0.770396 1e-20
6172.0 0.791947 1e-20
6174.0 0.794593 1e-20
6176.0 0.786739 1e-20
6178.0 0.780715 1e-20
6180.0 0.769624 1e-20
6182.0 0.762241 1e-20
6184.0 0.753535 1e-20
6186.0 0.750328 1e-20
6188.0 0.754268 1e-20
6190.0 0.762379 1e-20
6192.0 0.772511 1e-20
6194.0 0.789487 1e-20
6196.0 0.790516 1e-20
6198.0 0.778539 1e-20
6200.0 0.766618 1e-20
6202.0 0.748082 1e-20
6204.0 0.734708 1e-20
6206.0 0.740552 1e-20
6208.0 0.76072 1e-20
6210.0 0.769823 1e-20
6212.0 0.781312 1e-20
6214.0 0.779355 1e-20
6216.0 0.762612 1e-20
6218.0 0.742661 1e-20
6220.0 0.722364 1e-20
6222.0 0.700909 1e-20
6224.0 0.692797 1e-20
6226.0 0.700404 1e-20
6228.0 0.698219 1e-20
6230.0 0.695548 1e-20
6232.0 0.686871 1e-20
6234.0 0.667294 1e-20
6236.0 0.643802 1e-20
6238.0 0.631431 1e-20
6240.0 0.624392 1e-20
6242.0 0.622489 1e-20
6244.0 0.636533 1e-20
6246.0 0.634974 1e-20
6248.0 0.609543 1e-20
6250.0 0.579497 1e-20
6252.0 0.566573 1e-20
6254.0 0.564055 1e-20
6256.0 0.552246 1e-20
6258.0 0.525426 1e-20
6260.0 0.521216 1e-20
6262.0 0.545383 1e-20
6264.0 0.571224 1e-20
6266.0 0.583535 1e-20
6268.0 0.590339 1e-20
6270.0 0.574822 1e-20
6272.0 0.518866 1e-20
6274.0 0.50066 1e-20
6276.0 0.516416 1e-20
6278.0 0.527445 1e-20
6280.0 0.518662 1e-20
6282.0 0.500994 1e-20
6284.0 0.483727 1e-20
6286.0 0.450845 1e-20
6288.0 0.447917 1e-20
6290.0 0.471209 1e-20
6292.0 0.492916 1e-20
6294.0 0.510934 1e-20
6296.0 0.526971 1e-20
6298.0 0.536461 1e-20
6300.0 0.542828 1e-20
6302.0 0.537922 1e-20
6304.0 0.518417 1e-20
6306.0 0.501975 1e-20
6308.0 0.48618 1e-20
6310.0 0.473109 1e-20
6312.0 0.468427 1e-20
6314.0 0.471509 1e-20
6316.0 0.461777 1e-20
6318.0 0.440285 1e-20
6320.0 0.425294 1e-20
6322.0 0.412465 1e-20
6324.0 0.404172 1e-20
6326.0 0.402379 1e-20
6328.0 0.405985 1e-20
6330.0 0.413947 1e-20
6332.0 0.428992 1e-20
6334.0 0.443251 1e-20
6336.0 0.462507 1e-20
6338.0 0.476878 1e-20
6340.0 0.482356 1e-20
6342.0 0.483007 1e-20
6344.0 0.484702 1e-20
6346.0 0.480531 1e-20
6348.0 0.489442 1e-20
6350.0 0.51908 1e-20
6352.0 0.530689 1e-20
6354.0 0.512496 1e-20
6356.0 0.488032 1e-20
6358.0 0.485746 1e-20
6360.0 0.495048 1e-20
6362.0 0.507501 1e-20
6364.0 0.538542 1e-20
6366.0 0.549076 1e-20
6368.0 0.532702 1e-20
6370.0 0.515145 1e-20
6372.0 0.514525 1e-20
6374.0 0.521822 1e-20
6376.0 0.542542 1e-20
6378.0 0.603529 1e-20
6380.0 0.611928 1e-20
6382.0 0.559473 1e-20
6384.0 0.519035 1e-20
6386.0 0.528183 1e-20
6388.0 0.56075 1e-20
6390.0 0.572743 1e-20
6392.0 0.581507 1e-20
6394.0 0.582185 1e-20
6396.0 0.569193 1e-20
6398.0 0.561977 1e-20
6400.0 0.564516 1e-20
6402.0 0.572536 1e-20
6404.0 0.58492 1e-20
6406.0 0.608793 1e-20
6408.0 0.613099 1e-20
6410.0 0.596149 1e-20
6412.0 0.591429 1e-20
6414.0 0.604351 1e-20
6416.0 0.619762 1e-20
6418.0 0.622461 1e-20
6420.0 0.616947 1e-20
6422.0 0.621386 1e-20
6424.0 0.638194 1e-20
6426.0 0.641219 1e-20
6428.0 0.626615 1e-20
6430.0 0.613764 1e-20
6432.0 0.615358 1e-20
6434.0 0.624851 1e-20
6436.0 0.633849 1e-20
6438.0 0.648324 1e-20
6440.0 0.658187 1e-20
6442.0 0.663272 1e-20
6444.0 0.670673 1e-20
6446.0 0.687528 1e-20
6448.0 0.705782 1e-20
6450.0 0.700761 1e-20
6452.0 0.671519 1e-20
6454.0 0.656263 1e-20
6456.0 0.635098 1e-20
6458.0 0.631966 1e-20
6460.0 0.65789 1e-20
6462.0 0.693485 1e-20
6464.0 0.710953 1e-20
6466.0 0.722159 1e-20
6468.0 0.724299 1e-20
6470.0 0.7081 1e-20
6472.0 0.704325 1e-20
6474.0 0.712151 1e-20
6476.0 0.726678 1e-20
6478.0 0.749303 1e-20
6480.0 0.782269 1e-20
6482.0 0.788672 1e-20
6484.0 0.771311 1e-20
6486.0 0.7606 1e-20
6488.0 0.749413 1e-20
6490.0 0.740514 1e-20
6492.0 0.735279 1e-20
6494.0 0.733127 1e-20
6496.0 0.738357 1e-20
6498.0 0.74727 1e-20
6500.0 0.767148 1e-20
6502.0 0.810385 1e-20
6504.0 0.837708 1e-20
6506.0 0.835997 1e-20
6508.0 0.81919 1e-20
6510.0 0.803961 1e-20
6512.0 0.774912 1e-20
6514.0 0.770239 1e-20
6516.0 0.795031 1e-20
6518.0 0.800314 1e-20
6520.0 0.772694 1e-20
6522.0 0.741579 1e-20
6524.0 0.742905 1e-20
6526.0 0.769096 1e-20
6528.0 0.76646 1e-20
6530.0 0.739925 1e-20
6532.0 0.727783 1e-20
6534.0 0.729562 1e-20
6536.0 0.733971 1e-20
6538.0 0.731165 1e-20
6540.0 0.725066 1e-20
6542.0 0.744172 1e-20
6544.0 0.801515 1e-20
6546.0 0.822933 1e-20
6548.0 0.813778 1e-20
6550.0 0.80446 1e-20
6552.0 0.811652 1e-20
6554.0 0.821745 1e-20
6556.0 0.803119 1e-20
6558.0 0.739515 1e-20
6560.0 0.729226 1e-20
6562.0 0.760947 1e-20
6564.0 0.78454 1e-20
6566.0 0.791919 1e-20
6568.0 0.792493 1e-20
6570.0 0.788962 1e-20
6572.0 0.779294 1e-20
6574.0 0.768201 1e-20
6576.0 0.745334 1e-20
6578.0 0.737211 1e-20
6580.0 0.752105 1e-20
6582.0 0.768244 1e-20
6584.0 0.761584 1e-20
6586.0 0.738984 1e-20
6588.0 0.737907 1e-20
6590.0 0.75044 1e-20
6592.0 0.762631 1e-20
6594.0 0.78368 1e-20
6596.0 0.797178 1e-20
6598.0 0.787584 1e-20
6600.0 0.763788 1e-20
6602.0 0.764464 1e-20
6604.0 0.787398 1e-20
6606.0 0.795008 1e-20
6608.0 0.798105 1e-20
6610.0 0.794039 1e-20
6612.0 0.776619 1e-20
6614.0 0.75399 1e-20
6616.0 0.750969 1e-20
6618.0 0.764177 1e-20
6620.0 0.77009 1e-20
6622.0 0.780873 1e-20
6624.0 0.782024 1e-20
6626.0 0.768857 1e-20
6628.0 0.75022 1e-20
6630.0 0.736045 1e-20
6632.0 0.718938 1e-20
6634.0 0.718423 1e-20
6636.0 0.739462 1e-20
6638.0 0.747934 1e-20
6640.0 0.741449 1e-20
6642.0 0.734222 1e-20
6644.0 0.738391 1e-20
6646.0 0.749475 1e-20
6648.0 0.746647 1e-20
6650.0 0.731734 1e-20
6652.0 0.721423 1e-20
6654.0 0.712836 1e-20
6656.0 0.704363 1e-20
6658.0 0.692517 1e-20
6660.0 0.680552 1e-20
6662.0 0.686706 1e-20
6664.0 0.713938 1e-20
6666.0 0.730096 1e-20
6668.0 0.750408 1e-20
6670.0 0.7586 1e-20
6672.0 0.745839 1e-20
6674.0 0.72421 1e-20
6676.0 0.715891 1e-20
6678.0 0.711659 1e-20
6680.0 0.714092 1e-20
6682.0 0.731918 1e-20
6684.0 0.737098 1e-20
6686.0 0.724129 1e-20
6688.0 0.706873 1e-20
6690.0 0.698255 1e-20
6692.0 0.69158 1e-20
6694.0 0.695191 1e-20
6696.0 0.721877 1e-20
6698.0 0.723312 1e-20
6700.0 0.690855 1e-20
6702.0 0.662557 1e-20
6704.0 0.665985 1e-20
6706.0 0.68754 1e-20
6708.0 0.699388 1e-20
6710.0 0.719262 1e-20
6712.0 0.720458 1e-20
6714.0 0.702676 1e-20
6716.0 0.68367 1e-20
6718.0 0.666234 1e-20
6720.0 0.650374 1e-20
6722.0 0.652357 1e-20
6724.0 0.675272 1e-20
6726.0 0.685679 1e-20
6728.0 0.695055 1e-20
6730.0 0.699242 1e-20
6732.0 0.694035 1e-20
6734.0 0.686778 1e-20
6736.0 0.691279 1e-20
6738.0 0.707363 1e-20
6740.0 0.70648 1e-20
6742.0 0.695279 1e-20
6744.0 0.680764 1e-20
6746.0 0.654389 1e-20
6748.0 0.633468 1e-20
6750.0 0.639175 1e-20
6752.0 0.664965 1e-20
6754.0 0.675345 1e-20
6756.0 0.688551 1e-20
6758.0 0.684049 1e-20
6760.0 0.654654 1e-20
6762.0 0.627743 1e-20
6764.0 0.618896 1e-20
6766.0 0.619181 1e-20
6768.0 0.619509 1e-20
6770.0 0.626218 1e-20
6772.0 0.628868 1e-20
6774.0 0.628975 1e-20
6776.0 0.630126 1e-20
6778.0 0.634318 1e-20
6780.0 0.639172 1e-20
6782.0 0.639964 1e-20
6784.0 0.64049 1e-20
6786.0 0.632541 1e-20
6788.0 0.607866 1e-20
6790.0 0.597659 1e-20
6792.0 0.609691 1e-20
6794.0 0.627749 1e-20
6796.0 0.63488 1e-20
6798.0 0.640646 1e-20
6800.0 0.629353 1e-20
6802.0 0.590442 1e-20
6804.0 0.57191 1e-20
6806.0 0.573468 1e-20
6808.0 0.581459 1e-20
6810.0 0.587429 1e-20
6812.0 0.595348 1e-20
6814.0 0.608502 1e-20
6816.0 0.629378 1e-20
6818.0 0.646289 1e-20
6820.0 0.66394 1e-20
6822.0 0.67695 1e-20
6824.0 0.68372 1e-20
6826.0 0.684861 1e-20
6828.0 0.675964 1e-20
6830.0 0.651933 1e-20
6832.0 0.635886 1e-20
6834.0 0.615998 1e-20
6836.0 0.606133 1e-20
6838.0 0.613537 1e-20
6840.0 0.627459 1e-20
6842.0 0.629401 1e-20
6844.0 0.626362 1e-20
6846.0 0.619821 1e-20
6848.0 0.60311 1e-20
6850.0 0.594673 1e-20
6852.0 0.596405 1e-20
6854.0 0.601923 1e-20
6856.0 0.60648 1e-20
6858.0 0.612777 1e-20
6860.0 0.615557 1e-20
6862.0 0.617317 1e-20
6864.0 0.61562 1e-20
6866.0 0.607008 1e-20
6868.0 0.600794 1e-20
6870.0 0.603543 1e-20
6872.0 0.611795 1e-20
6874.0 0.619495 1e-20
6876.0 0.634841 1e-20
6878.0 0.637704 1e-20
6880.0 0.629242 1e-20
6882.0 0.619952 1e-20
6884.0 0.610879 1e-20
6886.0 0.602629 1e-20
6888.0 0.605711 1e-20
6890.0 0.627177 1e-20
6892.0 0.624982 1e-20
6894.0 0.602508 1e-20
6896.0 0.586282 1e-20
6898.0 0.578597 1e-20
6900.0 0.575907 1e-20
6902.0 0.579286 1e-20
6904.0 0.591018 1e-20
6906.0 0.595634 1e-20
6908.0 0.591468 1e-20
6910.0 0.598467 1e-20
6912.0 0.621118 1e-20
6914.0 0.644759 1e-20
6916.0 0.659184 1e-20
6918.0 0.670421 1e-20
6920.0 0.661141 1e-20
6922.0 0.623673 1e-20
6924.0 0.601194 1e-20
6926.0 0.584348 1e-20
6928.0 0.574657 1e-20
6930.0 0.576422 1e-20
6932.0 0.586261 1e-20
6934.0 0.58716 1e-20
6936.0 0.584189 1e-20
6938.0 0.580732 1e-20
6940.0 0.572824 1e-20
6942.0 0.568683 1e-20
6944.0 0.573314 1e-20
6946.0 0.580088 1e-20
6948.0 0.575176 1e-20
6950.0 0.559045 1e-20
6952.0 0.552846 1e-20
6954.0 0.545229 1e-20
6956.0 0.550416 1e-20
6958.0 0.581146 1e-20
6960.0 0.61072 1e-20
6962.0 0.602287 1e-20
6964.0 0.564513 1e-20
6966.0 0.54889 1e-20
6968.0 0.534443 1e-20
6970.0 0.534606 1e-20
6972.0 0.557472 1e-20
6974.0 0.579524 1e-20
6976.0 0.582658 1e-20
6978.0 0.575553 1e-20
6980.0 0.572039 1e-20
6982.0 0.568373 1e-20
6984.0 0.561298 1e-20
6986.0 0.544749 1e-20
6988.0 0.536478 1e-20
6990.0 0.547556 1e-20
6992.0 0.568313 1e-20
6994.0 0.574768 1e-20
6996.0 0.576839 1e-20
6998.0 0.570556 1e-20
7000.0 0.54812 1e-20
7002.0 0.534774 1e-20
7004.0 0.536789 1e-20
7006.0 0.54515 1e-20
7008.0 0.549782 1e-20
7010.0 0.554586 1e-20
7012.0 0.560257 1e-20
7014.0 0.568395 1e-20
7016.0 0.573552 1e-20
7018.0 0.577119 1e-20
7020.0 0.577021 1e-20
7022.0 0.569761 1e-20
7024.0 0.556048 1e-20
7026.0 0.544682 1e-20
7028.0 0.528152 1e-20
7030.0 0.521036 1e-20
7032.0 0.523537 1e-20
7034.0 0.528693 1e-20
7036.0 0.533388 1e-20
7038.0 0.539241 1e-20
7040.0 0.543153 1e-20
7042.0 0.550738 1e-20
7044.0 0.546938 1e-20
7046.0 0.525382 1e-20
7048.0 0.513892 1e-20
7050.0 0.523641 1e-20
7052.0 0.543627 1e-20
7054.0 0.557753 1e-20
7056.0 0.580786 1e-20
7058.0 0.578037 1e-20
7060.0 0.544626 1e-20
7062.0 0.524984 1e-20
7064.0 0.528857 1e-20
7066.0 0.537118 1e-20
7068.0 0.526903 1e-20
7070.0 0.501208 1e-20
7072.0 0.50038 1e-20
7074.0 0.517187 1e-20
7076.0 0.53434 1e-20
7078.0 0.562122 1e-20
7080.0 0.581859 1e-20
7082.0 0.572058 1e-20
7084.0 0.540572 1e-20
7086.0 0.531657 1e-20
7088.0 0.527776 1e-20
7090.0 0.537294 1e-20
7092.0 0.570932 1e-20
7094.0 0.596848 1e-20
7096.0 0.600797 1e-20
7098.0 0.591442 1e-20
7100.0 0.570738 1e-20
7102.0 0.51426 1e-20
7104.0 0.502371 1e-20
7106.0 0.521561 1e-20
7108.0 0.543967 1e-20
7110.0 0.56981 1e-20
7112.0 0.595126 1e-20
7114.0 0.599019 1e-20
7116.0 0.586711 1e-20
7118.0 0.571769 1e-20
7120.0 0.539828 1e-20
7122.0 0.520937 1e-20
7124.0 0.516357 1e-20
7126.0 0.520308 1e-20
7128.0 0.531905 1e-20
7130.0 0.555178 1e-20
7132.0 0.560755 1e-20
7134.0 0.550866 1e-20
7136.0 0.548463 1e-20
7138.0 0.552719 1e-20
7140.0 0.556918 1e-20
7142.0 0.560032 1e-20
7144.0 0.562756 1e-20
7146.0 0.545409 1e-20
7148.0 0.497016 1e-20
7150.0 0.476072 1e-20
7152.0 0.469057 1e-20
7154.0 0.473542 1e-20
7156.0 0.494814 1e-20
7158.0 0.525748 1e-20
7160.0 0.537759 1e-20
7162.0 0.536494 1e-20
7164.0 0.540493 1e-20
7166.0 0.547656 1e-20
7168.0 0.548155 1e-20
7170.0 0.538494 1e-20
7172.0 0.524587 1e-20
7174.0 0.513716 1e-20
7176.0 0.50001 1e-20
7178.0 0.499207 1e-20
7180.0 0.516548 1e-20
7182.0 0.521206 1e-20
7184.0 0.507967 1e-20
7186.0 0.494735 1e-20
7188.0 0.497763 1e-20
7190.0 0.510923 1e-20
7192.0 0.517634 1e-20
7194.0 0.531522 1e-20
7196.0 0.526733 1e-20
7198.0 0.493923 1e-20
7200.0 0.468803 1e-20
7202.0 0.473156 1e-20
7204.0 0.493733 1e-20
7206.0 0.505474 1e-20
7208.0 0.521396 1e-20
7210.0 0.527684 1e-20
7212.0 0.523833 1e-20
7214.0 0.521577 1e-20
7216.0 0.5251 1e-20
7218.0 0.529965 1e-20
7220.0 0.529822 1e-20
7222.0 0.525054 1e-20
7224.0 0.524274 1e-20
7226.0 0.52805 1e-20
7228.0 0.527066 1e-20
7230.0 0.520171 1e-20
7232.0 0.510059 1e-20
7234.0 0.497719 1e-20
7236.0 0.479944 1e-20
7238.0 0.475547 1e-20
7240.0 0.484789 1e-20
7242.0 0.488179 1e-20
7244.0 0.4878 1e-20
7246.0 0.484927 1e-20
7248.0 0.478154 1e-20
7250.0 0.46773 1e-20
7252.0 0.46534 1e-20
7254.0 0.4702 1e-20
7256.0 0.471908 1e-20
7258.0 0.475247 1e-20
7260.0 0.473989 1e-20
7262.0 0.462243 1e-20
7264.0 0.445384 1e-20
7266.0 0.441672 1e-20
7268.0 0.447607 1e-20
7270.0 0.452128 1e-20
7272.0 0.456319 1e-20
7274.0 0.466315 1e-20
7276.0 0.486598 1e-20
7278.0 0.510063 1e-20
7280.0 0.524422 1e-20
7282.0 0.537581 1e-20
7284.0 0.534858 1e-20
7286.0 0.51039 1e-20
7288.0 0.495278 1e-20
7290.0 0.490481 1e-20
7292.0 0.489478 1e-20
7294.0 0.488923 1e-20
7296.0 0.490907 1e-20
7298.0 0.489925 1e-20
7300.0 0.487403 1e-20
7302.0 0.484545 1e-20
7304.0 0.47869 1e-20
7306.0 0.475782 1e-20
7308.0 0.480264 1e-20
7310.0 0.489721 1e-20
7312.0 0.498319 1e-20
7314.0 0.516278 1e-20
7316.0 0.516491 1e-20
7318.0 0.501474 1e-20
7320.0 0.483177 1e-20
7322.0 0.461011 1e-20
7324.0 0.438048 1e-20
7326.0 0.433415 1e-20
7328.0 0.448689 1e-20
7330.0 0.449768 1e-20
7332.0 0.445799 1e-20
7334.0 0.440091 1e-20
7336.0 0.429339 1e-20
7338.0 0.41985 1e-20
7340.0 0.422818 1e-20
7342.0 0.434106 1e-20
7344.0 0.45085 1e-20
7346.0 0.484426 1e-20
7348.0 0.502943 1e-20
7350.0 0.504494 1e-20
7352.0 0.501276 1e-20
7354.0 0.502035 1e-20
7356.0 0.502782 1e-20
7358.0 0.5014 1e-20
7360.0 0.498866 1e-20
7362.0 0.494328 1e-20
7364.0 0.489274 1e-20
7366.0 0.480394 1e-20
7368.0 0.463409 1e-20
7370.0 0.441818 1e-20
7372.0 0.432182 1e-20
7374.0 0.428833 1e-20
7376.0 0.430862 1e-20
7378.0 0.440234 1e-20
7380.0 0.452271 1e-20
7382.0 0.46761 1e-20
7384.0 0.484546 1e-20
7386.0 0.497142 1e-20
7388.0 0.510805 1e-20
7390.0 0.511839 1e-20
7392.0 0.501945 1e-20
7394.0 0.488509 1e-20
7396.0 0.467366 1e-20
7398.0 0.446414 1e-20
7400.0 0.437752 1e-20
7402.0 0.437748 1e-20
7404.0 0.434428 1e-20
7406.0 0.427882 1e-20
7408.0 0.429911 1e-20
7410.0 0.445656 1e-20
7412.0 0.458821 1e-20
7414.0 0.456516 1e-20
7416.0 0.444933 1e-20
7418.0 0.440018 1e-20
7420.0 0.432972 1e-20
7422.0 0.434655 1e-20
7424.0 0.445858 1e-20
7426.0 0.457724 1e-20
7428.0 0.466554 1e-20
7430.0 0.475157 1e-20
7432.0 0.487086 1e-20
7434.0 0.508025 1e-20
7436.0 0.51255 1e-20
7438.0 0.507511 1e-20
7440.0 0.495005 1e-20
7442.0 0.467737 1e-20
7444.0 0.438915 1e-20
7446.0 0.436108 1e-20
7448.0 0.455989 1e-20
7450.0 0.458216 1e-20
7452.0 0.449356 1e-20
7454.0 0.447717 1e-20
7456.0 0.457313 1e-20
7458.0 0.466067 1e-20
7460.0 0.460661 1e-20
7462.0 0.444335 1e-20
7464.0 0.447476 1e-20
7466.0 0.464331 1e-20
7468.0 0.48121 1e-20
7470.0 0.510391 1e-20
7472.0 0.527923 1e-20
7474.0 0.514041 1e-20
7476.0 0.480811 1e-20
7478.0 0.470467 1e-20
7480.0 0.478899 1e-20
7482.0 0.470136 1e-20
7484.0 0.446501 1e-20
7486.0 0.42786 1e-20
7488.0 0.422165 1e-20
7490.0 0.421179 1e-20
7492.0 0.411238 1e-20
7494.0 0.390201 1e-20
7496.0 0.387953 1e-20
7498.0 0.401859 1e-20
7500.0 0.413232 1e-20
7502.0 0.420462 1e-20
7504.0 0.427074 1e-20
7506.0 0.434586 1e-20
7508.0 0.441855 1e-20
7510.0 0.452097 1e-20
7512.0 0.469979 1e-20
7514.0 0.478006 1e-20
7516.0 0.470554 1e-20
7518.0 0.46555 1e-20
7520.0 0.481951 1e-20
7522.0 0.513025 1e-20
7524.0 0.508956 1e-20
7526.0 0.469649 1e-20
7528.0 0.450049 1e-20
7530.0 0.443215 1e-20
7532.0 0.436005 1e-20
7534.0 0.420551 1e-20
7536.0 0.403045 1e-20
7538.0 0.401029 1e-20
7540.0 0.416083 1e-20
7542.0 0.421065 1e-20
7544.0 0.420565 1e-20
7546.0 0.424096 1e-20
7548.0 0.437359 1e-20
7550.0 0.451912 1e-20
7552.0 0.451106 1e-20
7554.0 0.433408 1e-20
7556.0 0.43664 1e-20
7558.0 0.459469 1e-20
7560.0 0.471094 1e-20
7562.0 0.465175 1e-20
7564.0 0.458665 1e-20
7566.0 0.469979 1e-20
7568.0 0.494443 1e-20
7570.0 0.503015 1e-20
7572.0 0.50451 1e-20
7574.0 0.50105 1e-20
7576.0 0.489542 1e-20
7578.0 0.476571 1e-20
7580.0 0.466281 1e-20
7582.0 0.456513 1e-20
7584.0 0.448479 1e-20
7586.0 0.447074 1e-20
7588.0 0.434766 1e-20
7590.0 0.402708 1e-20
7592.0 0.385932 1e-20
7594.0 0.407712 1e-20
7596.0 0.443986 1e-20
7598.0 0.433286 1e-20
7600.0 0.368755 1e-20
7602.0 0.36318 1e-20
7604.0 0.399407 1e-20
7606.0 0.429653 1e-20
7608.0 0.452693 1e-20
7610.0 0.469034 1e-20
7612.0 0.466584 1e-20
7614.0 0.446039 1e-20
7616.0 0.431067 1e-20
7618.0 0.406044 1e-20
7620.0 0.395654 1e-20
7622.0 0.407663 1e-20
7624.0 0.41933 1e-20
7626.0 0.407036 1e-20
7628.0 0.378374 1e-20
7630.0 0.37774 1e-20
7632.0 0.407644 1e-20
7634.0 0.412621 1e-20
7636.0 0.393317 1e-20
7638.0 0.375736 1e-20
7640.0 0.375513 1e-20
7642.0 0.382592 1e-20
7644.0 0.372929 1e-20
7646.0 0.340135 1e-20
7648.0 0.334434 1e-20
7650.0 0.349439 1e-20
7652.0 0.364182 1e-20
7654.0 0.372199 1e-20
7656.0 0.38025 1e-20
7658.0 0.397121 1e-20
7660.0 0.428867 1e-20
7662.0 0.435112 1e-20
7664.0 0.418014 1e-20
7666.0 0.407405 1e-20
7668.0 0.405753 1e-20
7670.0 0.406392 1e-20
7672.0 0.405136 1e-20
7674.0 0.403929 1e-20
7676.0 0.401687 1e-20
7678.0 0.403422 1e-20
7680.0 0.394699 1e-20
7682.0 0.371052 1e-20
7684.0 0.347642 1e-20
7686.0 0.335137 1e-20
7688.0 0.328274 1e-20
7690.0 0.326073 1e-20
7692.0 0.334177 1e-20
7694.0 0.335281 1e-20
7696.0 0.326386 1e-20
7698.0 0.325663 1e-20
7700.0 0.342838 1e-20
7702.0 0.37011 1e-20
7704.0 0.391608 1e-20
7706.0 0.422244 1e-20
7708.0 0.429745 1e-20
7710.0 0.413827 1e-20
7712.0 0.402193 1e-20
7714.0 0.40877 1e-20
7716.0 0.411691 1e-20
7718.0 0.372194 1e-20
7720.0 0.289284 1e-20
7722.0 0.374924 1e-20
7724.0 0.368308 1e-20
7726.0 0.369331 1e-20
7728.0 0.368616 1e-20
7730.0 0.362322 1e-20
7732.0 0.368518 1e-20
7734.0 0.350531 1e-20
7736.0 0.346243 1e-20
7738.0 0.34554 1e-20
7740.0 0.358517 1e-20
7742.0 0.374725 1e-20
7744.0 0.394904 1e-20
7746.0 0.418486 1e-20
7748.0 0.445962 1e-20
7750.0 0.488277 1e-20
7752.0 0.567588 1e-20
7754.0 0.597564 1e-20
7756.0 0.594582 1e-20
7758.0 0.575461 1e-20
7760.0 0.535703 1e-20
7762.0 0.484691 1e-20
7764.0 0.463448 1e-20
7766.0 0.46226 1e-20
7768.0 0.458281 1e-20
7770.0 0.465603 1e-20
7772.0 0.463594 1e-20
7774.0 0.447374 1e-20
7776.0 0.426246 1e-20
7778.0 0.410877 1e-20
7780.0 0.397751 1e-20
7782.0 0.381328 1e-20
7784.0 0.3559 1e-20
7786.0 0.344303 1e-20
7788.0 0.34573 1e-20
7790.0 0.356002 1e-20
7792.0 0.377566 1e-20
7794.0 0.411836 1e-20
7796.0 0.415613 1e-20
7798.0 0.38394 1e-20
7800.0 0.379694 1e-20
7802.0 0.393797 1e-20
7804.0 0.415468 1e-20
7806.0 0.448003 1e-20
7808.0 0.486543 1e-20
7810.0 0.488343 1e-20
7812.0 0.450585 1e-20
7814.0 0.434829 1e-20
7816.0 0.427921 1e-20
7818.0 0.416766 1e-20
7820.0 0.397419 1e-20
7822.0 0.37456 1e-20
7824.0 0.353189 1e-20
7826.0 0.32621 1e-20
7828.0 0.316824 1e-20
7830.0 0.325921 1e-20
7832.0 0.329774 1e-20
7834.0 0.324769 1e-20
7836.0 0.320618 1e-20
7838.0 0.327234 1e-20
7840.0 0.342175 1e-20
7842.0 0.350795 1e-20
7844.0 0.344289 1e-20
7846.0 0.364996 1e-20
7848.0 0.416148 1e-20
7850.0 0.474484 1e-20
7852.0 0.532109 1e-20
7854.0 0.593701 1e-20
7856.0 0.610386 1e-20
7858.0 0.584505 1e-20
7860.0 0.563745 1e-20
7862.0 0.528036 1e-20
7864.0 0.499513 1e-20
7866.0 0.48598 1e-20
7868.0 0.482255 1e-20
7870.0 0.489537 1e-20
7872.0 0.526803 1e-20
7874.0 0.522415 1e-20
7876.0 0.481767 1e-20
7878.0 0.450332 1e-20
7880.0 0.434233 1e-20
7882.0 0.424994 1e-20
7884.0 0.420555 1e-20
7886.0 0.426306 1e-20
7888.0 0.418032 1e-20
7890.0 0.390758 1e-20
7892.0 0.382457 1e-20
7894.0 0.399957 1e-20
7896.0 0.420782 1e-20
7898.0 0.423281 1e-20
7900.0 0.414754 1e-20
7902.0 0.42553 1e-20
7904.0 0.457741 1e-20
7906.0 0.472517 1e-20
7908.0 0.481197 1e-20
7910.0 0.474098 1e-20
7912.0 0.438289 1e-20
7914.0 0.382602 1e-20
7916.0 0.352476 1e-20
7918.0 0.332399 1e-20
7920.0 0.320463 1e-20
7922.0 0.315723 1e-20
7924.0 0.322152 1e-20
7926.0 0.346627 1e-20
7928.0 0.37946 1e-20
7930.0 0.395541 1e-20
7932.0 0.408695 1e-20
7934.0 0.401405 1e-20
7936.0 0.363284 1e-20
7938.0 0.340013 1e-20
7940.0 0.334448 1e-20
7942.0 0.339395 1e-20
7944.0 0.354407 1e-20
7946.0 0.383937 1e-20
7948.0 0.399914 1e-20
7950.0 0.413132 1e-20
7952.0 0.418094 1e-20
7954.0 0.404881 1e-20
7956.0 0.398046 1e-20
7958.0 0.417771 1e-20
7960.0 0.45465 1e-20
7962.0 0.498183 1e-20
7964.0 0.587764 1e-20
7966.0 0.607118 1e-20
7968.0 0.549278 1e-20
7970.0 0.499177 1e-20
7972.0 0.494949 1e-20
7974.0 0.510592 1e-20
7976.0 0.518507 1e-20
7978.0 0.535086 1e-20
7980.0 0.538312 1e-20
7982.0 0.524856 1e-20
7984.0 0.52215 1e-20
7986.0 0.542766 1e-20
7988.0 0.568236 1e-20
7990.0 0.570145 1e-20
7992.0 0.569211 1e-20
7994.0 0.520173 1e-20
7996.0 0.387289 1e-20
7998.0 0.318677 1e-20
8000.0 0.331712 1e-20
8002.0 0.369852 1e-20
8004.0 0.38531 1e-20
8006.0 0.398515 1e-20
8008.0 0.416315 1e-20
8010.0 0.44023 1e-20
8012.0 0.458422 1e-20
8014.0 0.473784 1e-20
8016.0 0.484161 1e-20
8018.0 0.484736 1e-20
8020.0 0.478162 1e-20
8022.0 0.487209 1e-20
8024.0 0.508245 1e-20
8026.0 0.527054 1e-20
8028.0 0.561101 1e-20
8030.0 0.573652 1e-20
8032.0 0.545135 1e-20
8034.0 0.495001 1e-20
8036.0 0.462885 1e-20
8038.0 0.427266 1e-20
8040.0 0.413784 1e-20
8042.0 0.424094 1e-20
8044.0 0.431351 1e-20
8046.0 0.433561 1e-20
8048.0 0.43382 1e-20
8050.0 0.428993 1e-20
8052.0 0.41342 1e-20
8054.0 0.426893 1e-20
8056.0 0.472897 1e-20
8058.0 0.502482 1e-20
8060.0 0.519001 1e-20
8062.0 0.526601 1e-20
8064.0 0.522709 1e-20
8066.0 0.506646 1e-20
8068.0 0.505223 1e-20
8070.0 0.515596 1e-20
8072.0 0.518068 1e-20
8074.0 0.517099 1e-20
8076.0 0.511585 1e-20
8078.0 0.497871 1e-20
8080.0 0.479019 1e-20
8082.0 0.47213 1e-20
8084.0 0.472524 1e-20
8086.0 0.475366 1e-20
8088.0 0.489725 1e-20
8090.0 0.494542 1e-20
8092.0 0.479976 1e-20
8094.0 0.458443 1e-20
8096.0 0.452624 1e-20
8098.0 0.45988 1e-20
8100.0 0.453422 1e-20
8102.0 0.437795 1e-20
8104.0 0.423798 1e-20
8106.0 0.408118 1e-20
8108.0 0.396697 1e-20
8110.0 0.400539 1e-20
8112.0 0.417965 1e-20
8114.0 0.426715 1e-20
8116.0 0.436198 1e-20
8118.0 0.439559 1e-20
8120.0 0.431395 1e-20
8122.0 0.426748 1e-20
8124.0 0.438302 1e-20
8126.0 0.460145 1e-20
8128.0 0.474149 1e-20
8130.0 0.494495 1e-20
8132.0 0.495154 1e-20
8134.0 0.470465 1e-20
8136.0 0.451182 1e-20
8138.0 0.453049 1e-20
8140.0 0.463171 1e-20
8142.0 0.456378 1e-20
8144.0 0.433148 1e-20
8146.0 0.425067 1e-20
8148.0 0.426152 1e-20
8150.0 0.426737 1e-20
8152.0 0.429434 1e-20
8154.0 0.428854 1e-20
8156.0 0.409119 1e-20
8158.0 0.365474 1e-20
8160.0 0.354605 1e-20
8162.0 0.366013 1e-20
8164.0 0.377946 1e-20
8166.0 0.397344 1e-20
8168.0 0.412983 1e-20
8170.0 0.408241 1e-20
8172.0 0.387611 1e-20
8174.0 0.382386 1e-20
8176.0 0.38258 1e-20
8178.0 0.38706 1e-20
8180.0 0.384403 1e-20
8182.0 0.403124 1e-20
8184.0 0.472232 1e-20
8186.0 0.573799 1e-20
8188.0 0.61833 1e-20
8190.0 0.631024 1e-20
8192.0 0.63279 1e-20
8194.0 0.613203 1e-20
8196.0 0.585295 1e-20
8198.0 0.548316 1e-20
8200.0 0.505814 1e-20
8202.0 0.477123 1e-20
8204.0 0.456487 1e-20
8206.0 0.437559 1e-20
8208.0 0.419297 1e-20
8210.0 0.410277 1e-20
8212.0 0.417909 1e-20
8214.0 0.427751 1e-20
8216.0 0.418377 1e-20
8218.0 0.395764 1e-20
8220.0 0.378486 1e-20
8222.0 0.349293 1e-20
8224.0 0.342877 1e-20
8226.0 0.365658 1e-20
8228.0 0.393361 1e-20
8230.0 0.407411 1e-20
8232.0 0.416443 1e-20
8234.0 0.425909 1e-20
8236.0 0.433953 1e-20
8238.0 0.440617 1e-20
8240.0 0.444575 1e-20
8242.0 0.449183 1e-20
8244.0 0.456947 1e-20
8246.0 0.465902 1e-20
8248.0 0.469956 1e-20
8250.0 0.474621 1e-20
8252.0 0.468672 1e-20
8254.0 0.452972 1e-20
8256.0 0.434284 1e-20
8258.0 0.411461 1e-20
8260.0 0.387263 1e-20
8262.0 0.369991 1e-20
8264.0 0.351704 1e-20
8266.0 0.353979 1e-20
8268.0 0.376688 1e-20
8270.0 0.400469 1e-20
8272.0 0.496307 1e-20
8274.0 0.518723 1e-20
8276.0 0.513013 1e-20
8278.0 0.469327 1e-20
8280.0 0.477539 1e-20
8282.0 0.516804 1e-20
8284.0 0.505706 1e-20
8286.0 0.507164 1e-20
8288.0 0.575238 1e-20
8290.0 0.569991 1e-20
8292.0 0.569831 1e-20
8294.0 0.672197 1e-20
8296.0 0.686132 1e-20
8298.0 0.699977 1e-20
8300.0 0.69872 1e-20
8302.0 0.664135 1e-20
8304.0 0.5745 1e-20
8306.0 0.454944 1e-20
8308.0 0.386757 1e-20
8310.0 0.345515 1e-20
8312.0 0.309435 1e-20
8314.0 0.278334 1e-20
8316.0 0.271318 1e-20
8318.0 0.302097 1e-20
8320.0 0.346344 1e-20
8322.0 0.36464 1e-20
8324.0 0.368771 1e-20
8326.0 0.382118 1e-20
8328.0 0.402653 1e-20
8330.0 0.414199 1e-20
8332.0 0.413448 1e-20
8334.0 0.411144 1e-20
8336.0 0.41656 1e-20
8338.0 0.425686 1e-20
8340.0 0.435069 1e-20
8342.0 0.443663 1e-20
8344.0 0.458479 1e-20
8346.0 0.492077 1e-20
8348.0 0.509776 1e-20
8350.0 0.484577 1e-20
8352.0 0.434316 1e-20
8354.0 0.419614 1e-20
8356.0 0.442076 1e-20
8358.0 0.424112 1e-20
8360.0 0.367968 1e-20
8362.0 0.326073 1e-20
8364.0 0.313153 1e-20
8366.0 0.315168 1e-20
8368.0 0.321029 1e-20
8370.0 0.338463 1e-20
8372.0 0.352826 1e-20
8374.0 0.371493 1e-20
8376.0 0.386021 1e-20
8378.0 0.394602 1e-20
8380.0 0.401243 1e-20
8382.0 0.410775 1e-20
8384.0 0.422653 1e-20
8386.0 0.426564 1e-20
8388.0 0.41461 1e-20
8390.0 0.421453 1e-20
8392.0 0.45072 1e-20
8394.0 0.482971 1e-20
8396.0 0.5071 1e-20
8398.0 0.529163 1e-20
8400.0 0.532968 1e-20
8402.0 0.535342 1e-20
8404.0 0.499496 1e-20
8406.0 0.408545 1e-20
8408.0 0.327816 1e-20
8410.0 0.28645 1e-20
8412.0 0.264062 1e-20
8414.0 0.238957 1e-20
8416.0 0.21203 1e-20
8418.0 0.207971 1e-20
8420.0 0.233353 1e-20
8422.0 0.249303 1e-20
8424.0 0.248255 1e-20
8426.0 0.239513 1e-20
8428.0 0.227424 1e-20
8430.0 0.199935 1e-20
8432.0 0.207529 1e-20
8434.0 0.240916 1e-20
8436.0 0.280871 1e-20
8438.0 0.344794 1e-20
8440.0 0.398483 1e-20
8442.0 0.394844 1e-20
8444.0 0.345616 1e-20
8446.0 0.337863 1e-20
8448.0 0.349343 1e-20
8450.0 0.359919 1e-20
8452.0 0.381272 1e-20
8454.0 0.393558 1e-20
8456.0 0.380551 1e-20
8458.0 0.351214 1e-20
8460.0 0.332246 1e-20
8462.0 0.315512 1e-20
8464.0 0.297039 1e-20
8466.0 0.271239 1e-20
8468.0 0.255769 1e-20
8470.0 0.256841 1e-20
8472.0 0.269162 1e-20
8474.0 0.288341 1e-20
8476.0 0.329676 1e-20
8478.0 0.339831 1e-20
8480.0 0.321304 1e-20
8482.0 0.313202 1e-20
8484.0 0.325089 1e-20
8486.0 0.339235 1e-20
8488.0 0.333273 1e-20
8490.0 0.309434 1e-20
8492.0 0.309173 1e-20
8494.0 0.333813 1e-20
8496.0 0.339129 1e-20
8498.0 0.31977 1e-20
8500.0 0.29896 1e-20
8502.0 0.296797 1e-20
8504.0 0.305532 1e-20
8506.0 0.297628 1e-20
8508.0 0.267289 1e-20
8510.0 0.262931 1e-20
8512.0 0.277209 1e-20
8514.0 0.303144 1e-20
8516.0 0.346425 1e-20
8518.0 0.400626 1e-20
8520.0 0.416588 1e-20
8522.0 0.400706 1e-20
8524.0 0.390954 1e-20
8526.0 0.37016 1e-20
8528.0 0.35544 1e-20
8530.0 0.354503 1e-20
8532.0 0.35736 1e-20
8534.0 0.347155 1e-20
8536.0 0.331539 1e-20
8538.0 0.305661 1e-20
8540.0 0.246675 1e-20
8542.0 0.226161 1e-20
8544.0 0.258016 1e-20
8546.0 0.30767 1e-20
8548.0 0.343656 1e-20
8550.0 0.383953 1e-20
8552.0 0.395566 1e-20
8554.0 0.378101 1e-20
8556.0 0.366129 1e-20
8558.0 0.355089 1e-20
8560.0 0.343389 1e-20
8562.0 0.329505 1e-20
8564.0 0.313929 1e-20
8566.0 0.312184 1e-20
8568.0 0.324083 1e-20
8570.0 0.332721 1e-20
8572.0 0.34235 1e-20
8574.0 0.352499 1e-20
8576.0 0.36567 1e-20
8578.0 0.378553 1e-20
8580.0 0.376578 1e-20
8582.0 0.361431 1e-20
8584.0 0.346604 1e-20
8586.0 0.319465 1e-20
8588.0 0.304301 1e-20
8590.0 0.305926 1e-20
8592.0 0.317296 1e-20
8594.0 0.332408 1e-20
8596.0 0.35525 1e-20
8598.0 0.377655 1e-20
8600.0 0.413113 1e-20
8602.0 0.428748 1e-20
8604.0 0.421734 1e-20
8606.0 0.404402 1e-20
8608.0 0.383269 1e-20
8610.0 0.352408 1e-20
8612.0 0.34427 1e-20
8614.0 0.358107 1e-20
8616.0 0.362105 1e-20
8618.0 0.363265 1e-20
8620.0 0.359046 1e-20
8622.0 0.342056 1e-20
8624.0 0.317462 1e-20
8626.0 0.32037 1e-20
8628.0 0.344054 1e-20
8630.0 0.369596 1e-20
8632.0 0.419247 1e-20
8634.0 0.446784 1e-20
8636.0 0.435013 1e-20
8638.0 0.401217 1e-20
8640.0 0.368684 1e-20
8642.0 0.321916 1e-20
8644.0 0.288025 1e-20
8646.0 0.26259 1e-20
8648.0 0.234502 1e-20
8650.0 0.197003 1e-20
8652.0 0.163598 1e-20
8654.0 0.152293 1e-20
8656.0 0.1559 1e-20
8658.0 0.171911 1e-20
8660.0 0.205204 1e-20
8662.0 0.243254 1e-20
8664.0 0.294042 1e-20
8666.0 0.342905 1e-20
8668.0 0.377774 1e-20
8670.0 0.404702 1e-20
8672.0 0.419411 1e-20
8674.0 0.418521 1e-20
8676.0 0.417678 1e-20
8678.0 0.413395 1e-20
8680.0 0.405736 1e-20
8682.0 0.394993 1e-20
8684.0 0.380961 1e-20
8686.0 0.363289 1e-20
8688.0 0.335973 1e-20
8690.0 0.320062 1e-20
8692.0 0.308812 1e-20
8694.0 0.303674 1e-20
8696.0 0.30652 1e-20
8698.0 0.31436 1e-20
8700.0 0.320985 1e-20
8702.0 0.328107 1e-20
8704.0 0.339193 1e-20
8706.0 0.358904 1e-20
8708.0 0.370222 1e-20
8710.0 0.36679 1e-20
8712.0 0.364058 1e-20
8714.0 0.379535 1e-20
8716.0 0.407791 1e-20
8718.0 0.429128 1e-20
8720.0 0.457225 1e-20
8722.0 0.469372 1e-20
8724.0 0.465554 1e-20
8726.0 0.454844 1e-20
8728.0 0.440836 1e-20
8730.0 0.421658 1e-20
8732.0 0.407571 1e-20
8734.0 0.392755 1e-20
8736.0 0.384648 1e-20
8738.0 0.379306 1e-20
8740.0 0.382198 1e-20
8742.0 0.402003 1e-20
8744.0 0.428171 1e-20
8746.0 0.426539 1e-20
8748.0 0.398293 1e-20
8750.0 0.387471 1e-20
8752.0 0.382344 1e-20
8754.0 0.378555 1e-20
8756.0 0.370167 1e-20
8758.0 0.368087 1e-20
8760.0 0.393379 1e-20
8762.0 0.449419 1e-20
8764.0 0.468788 1e-20
8766.0 0.466651 1e-20
8768.0 0.461713 1e-20
8770.0 0.436003 1e-20
8772.0 0.425241 1e-20
8774.0 0.478312 1e-20
8776.0 0.583362 1e-20
8778.0 0.593708 1e-20
8780.0 0.522943 1e-20
8782.0 0.484566 1e-20
8784.0 0.459074 1e-20
8786.0 0.438249 1e-20
8788.0 0.424419 1e-20
8790.0 0.41494 1e-20
8792.0 0.383868 1e-20
8794.0 0.317367 1e-20
8796.0 0.293046 1e-20
8798.0 0.300556 1e-20
8800.0 0.308511 1e-20
8802.0 0.309531 1e-20
8804.0 0.310297 1e-20
8806.0 0.31267 1e-20
8808.0 0.31088 1e-20
8810.0 0.326656 1e-20
8812.0 0.369216 1e-20
8814.0 0.392126 1e-20
8816.0 0.36895 1e-20
8818.0 0.355773 1e-20
8820.0 0.428318 1e-20
8822.0 0.416606 1e-20
8824.0 0.44066 1e-20
8826.0 0.439734 1e-20
8828.0 0.441063 1e-20
8830.0 0.44776 1e-20
8832.0 0.443462 1e-20
8834.0 0.438411 1e-20
8836.0 0.434585 1e-20
8838.0 0.421565 1e-20
8840.0 0.443965 1e-20
8842.0 0.429055 1e-20
8844.0 0.371367 1e-20
8846.0 0.329114 1e-20
8848.0 0.33117 1e-20
8850.0 0.354828 1e-20
8852.0 0.358733 1e-20
8854.0 0.349202 1e-20
8856.0 0.357757 1e-20
8858.0 0.377018 1e-20
8860.0 0.401366 1e-20
8862.0 0.433049 1e-20
8864.0 0.467632 1e-20
8866.0 0.495906 1e-20
8868.0 0.528588 1e-20
8870.0 0.530473 1e-20
8872.0 0.48709 1e-20
8874.0 0.474675 1e-20
8876.0 0.493165 1e-20
8878.0 0.530262 1e-20
8880.0 0.588147 1e-20
8882.0 0.674689 1e-20
8884.0 0.702304 1e-20
8886.0 0.695063 1e-20
8888.0 0.668192 1e-20
8890.0 0.604905 1e-20
8892.0 0.539532 1e-20
8894.0 0.484053 1e-20
8896.0 0.433143 1e-20
8898.0 0.445523 1e-20
8900.0 0.542825 1e-20
8902.0 0.584666 1e-20
8904.0 0.603433 1e-20
8906.0 0.611567 1e-20
8908.0 0.617173 1e-20
8910.0 0.61062 1e-20
8912.0 0.56924 1e-20
8914.0 0.550413 1e-20
8916.0 0.531587 1e-20
8918.0 0.512761 1e-20
8920.0 0.493934 1e-20
8922.0 0.493934 1e-20
8924.0 0.487895 1e-20
8926.0 0.494451 1e-20
8928.0 0.5038 1e-20
8930.0 0.505407 1e-20
8932.0 0.493254 1e-20
8934.0 0.478825 1e-20
8936.0 0.476426 1e-20
8938.0 0.48556 1e-20
8940.0 0.480642 1e-20
8942.0 0.494288 1e-20
8944.0 0.492216 1e-20
8946.0 0.472955 1e-20
8948.0 0.448854 1e-20
8950.0 0.392595 1e-20
8952.0 0.366819 1e-20
8954.0 0.421028 1e-20
8956.0 0.516925 1e-20
8958.0 0.528329 1e-20
8960.0 0.480644 1e-20
8962.0 0.441772 1e-20
8964.0 0.365124 1e-20
8966.0 0.324524 1e-20
8968.0 0.348181 1e-20
8970.0 0.399609 1e-20
8972.0 0.423363 1e-20
8974.0 0.443427 1e-20
8976.0 0.44936 1e-20
8978.0 0.438744 1e-20
8980.0 0.428226 1e-20
8982.0 0.412494 1e-20
8984.0 0.400862 1e-20
8986.0 0.40903 1e-20
8988.0 0.4335 1e-20
8990.0 0.447738 1e-20
8992.0 0.441961 1e-20
8994.0 0.473701 1e-20
8996.0 0.570872 1e-20
8998.0 0.645628 1e-20
9000.0 0.62993 1e-20
9002.0 0.557626 1e-20
9004.0 0.517325 1e-20
9006.0 0.468583 1e-20
9008.0 0.443727 1e-20
9010.0 0.44667 1e-20
9012.0 0.446309 1e-20
9014.0 0.429906 1e-20
9016.0 0.407604 1e-20
9018.0 0.391997 1e-20
9020.0 0.376789 1e-20
9022.0 0.368005 1e-20
9024.0 0.370569 1e-20
9026.0 0.365404 1e-20
9028.0 0.340423 1e-20
9030.0 0.31661 1e-20
9032.0 0.33173 1e-20
9034.0 0.389054 1e-20
9036.0 0.388888 1e-20
9038.0 0.3401 1e-20
9040.0 0.310671 1e-20
9042.0 0.297511 1e-20
9044.0 0.293632 1e-20
9046.0 0.302732 1e-20
9048.0 0.327341 1e-20
9050.0 0.317673 1e-20
9052.0 0.261736 1e-20
9054.0 0.250505 1e-20
9056.0 0.283961 1e-20
9058.0 0.318714 1e-20
9060.0 0.333417 1e-20
9062.0 0.340138 1e-20
9064.0 0.343092 1e-20
9066.0 0.331903 1e-20
9068.0 0.3363 1e-20
9070.0 0.355343 1e-20
9072.0 0.369445 1e-20
9074.0 0.373322 1e-20
9076.0 0.371678 1e-20
9078.0 0.366689 1e-20
9080.0 0.351885 1e-20
9082.0 0.350761 1e-20
9084.0 0.363552 1e-20
9086.0 0.368724 1e-20
9088.0 0.360407 1e-20
9090.0 0.35104 1e-20
9092.0 0.357343 1e-20
9094.0 0.378795 1e-20
9096.0 0.371727 1e-20
9098.0 0.340865 1e-20
9100.0 0.314899 1e-20
9102.0 0.284747 1e-20
9104.0 0.262586 1e-20
9106.0 0.261107 1e-20
9108.0 0.274679 1e-20
9110.0 0.288918 1e-20
9112.0 0.31923 1e-20
9114.0 0.33147 1e-20
9116.0 0.324326 1e-20
9118.0 0.321008 1e-20
9120.0 0.335733 1e-20
9122.0 0.357024 1e-20
9124.0 0.355388 1e-20
9126.0 0.330501 1e-20
9128.0 0.320868 1e-20
9130.0 0.312769 1e-20
9132.0 0.312637 1e-20
9134.0 0.327452 1e-20
9136.0 0.345929 1e-20
9138.0 0.345661 1e-20
9140.0 0.33241 1e-20
9142.0 0.321206 1e-20
9144.0 0.300509 1e-20
9146.0 0.290751 1e-20
9148.0 0.296094 1e-20
9150.0 0.304899 1e-20
9152.0 0.306629 1e-20
9154.0 0.306354 1e-20
9156.0 0.300604 1e-20
9158.0 0.28349 1e-20
9160.0 0.277129 1e-20
9162.0 0.281845 1e-20
9164.0 0.287728 1e-20
9166.0 0.288953 1e-20
9168.0 0.288622 1e-20
9170.0 0.290238 1e-20
9172.0 0.290225 1e-20
9174.0 0.296371 1e-20
9176.0 0.309445 1e-20
9178.0 0.32209 1e-20
9180.0 0.33631 1e-20
9182.0 0.347915 1e-20
9184.0 0.336518 1e-20
9186.0 0.297913 1e-20
9188.0 0.277922 1e-20
9190.0 0.256567 1e-20
9192.0 0.251452 1e-20
9194.0 0.272023 1e-20
9196.0 0.300844 1e-20
9198.0 0.313418 1e-20
9200.0 0.32101 1e-20
9202.0 0.316895 1e-20
9204.0 0.301906 1e-20
9206.0 0.280002 1e-20
9208.0 0.241487 1e-20
9210.0 0.207127 1e-20
9212.0 0.198552 1e-20
9214.0 0.207421 1e-20
9216.0 0.206939 1e-20
9218.0 0.199983 1e-20
9220.0 0.206171 1e-20
9222.0 0.222236 1e-20
9224.0 0.246252 1e-20
9226.0 0.281702 1e-20
9228.0 0.325122 1e-20
9230.0 0.35157 1e-20
9232.0 0.37194 1e-20
9234.0 0.379608 1e-20
9236.0 0.367976 1e-20
9238.0 0.360306 1e-20
9240.0 0.363244 1e-20
9242.0 0.369653 1e-20
9244.0 0.373079 1e-20
9246.0 0.38326 1e-20
9248.0 0.368465 1e-20
9250.0 0.317643 1e-20
9252.0 0.291842 1e-20
9254.0 0.296459 1e-20
9256.0 0.315896 1e-20
9258.0 0.341015 1e-20
9260.0 0.379818 1e-20
9262.0 0.402356 1e-20
9264.0 0.420547 1e-20
9266.0 0.427492 1e-20
9268.0 0.417277 1e-20
9270.0 0.406219 1e-20
9272.0 0.407125 1e-20
9274.0 0.413834 1e-20
9276.0 0.413996 1e-20
9278.0 0.416824 1e-20
9280.0 0.406051 1e-20
9282.0 0.374809 1e-20
9284.0 0.351077 1e-20
9286.0 0.348285 1e-20
9288.0 0.355677 1e-20
9290.0 0.354929 1e-20
9292.0 0.346405 1e-20
9294.0 0.353176 1e-20
9296.0 0.389815 1e-20
9298.0 0.395878 1e-20
9300.0 0.323068 1e-20
9302.0 0.252892 1e-20
9304.0 0.338067 1e-20
9306.0 0.575855 1e-20
9308.0 0.665145 1e-20
9310.0 0.727828 1e-20
9312.0 0.681286 1e-20
9314.0 0.445535 1e-20
9316.0 0.208475 1e-20
9318.0 0.178964 1e-20
9320.0 0.286325 1e-20
9322.0 0.277265 1e-20
9324.0 0.212734 1e-20
9326.0 0.165195 1e-20
9328.0 0.108903 1e-20
9330.0 0.074301 1e-20
9332.0 0.0967358 1e-20
9334.0 0.153961 1e-20
9336.0 0.133444 1e-20
9338.0 -0.00155906 1e-20
9340.0 0.00344893 1e-20
9342.0 0.130521 1e-20
9344.0 0.244505 1e-20
9346.0 0.310018 1e-20
9348.0 0.35472 1e-20
9350.0 0.381646 1e-20
9352.0 0.385953 1e-20
9354.0 0.382558 1e-20
9356.0 0.347741 1e-20
9358.0 0.336952 1e-20
9360.0 0.364082 1e-20
9362.0 0.401298 1e-20
9364.0 0.414293 1e-20
9366.0 0.409243 1e-20
9368.0 0.437673 1e-20
9370.0 0.569979 1e-20
9372.0 0.53963 1e-20
9374.0 0.320229 1e-20
9376.0 0.201547 1e-20
9378.0 0.202853 1e-20
9380.0 0.159629 1e-20
9382.0 0.147606 1e-20
9384.0 0.130172 1e-20
9386.0 0.115761 1e-20
9388.0 0.0981637 1e-20
9390.0 0.202382 1e-20
9392.0 0.246303 1e-20
9394.0 0.230277 1e-20
9396.0 0.266937 1e-20
9398.0 0.317752 1e-20
9400.0 0.375192 1e-20
9402.0 0.469193 1e-20
9404.0 0.522986 1e-20
9406.0 0.511518 1e-20
9408.0 0.46715 1e-20
9410.0 0.429635 1e-20
9412.0 0.35752 1e-20
9414.0 0.370537 1e-20
9416.0 0.443669 1e-20
9418.0 0.541214 1e-20
9420.0 0.711001 1e-20
9422.0 0.857369 1e-20
9424.0 0.851804 1e-20
9426.0 0.735427 1e-20
9428.0 0.635295 1e-20
9430.0 0.503105 1e-20
9432.0 0.360245 1e-20
9434.0 0.226582 1e-20
9436.0 0.17557 1e-20
9438.0 0.108226 1e-20
9440.0 0.128142 1e-20
9442.0 0.101036 1e-20
9444.0 0.018273 1e-20
9446.0 0.0404351 1e-20
9448.0 0.0259147 1e-20
9450.0 0.0243804 1e-20
9452.0 0.186307 1e-20
9454.0 0.299185 1e-20
9456.0 0.394738 1e-20
9458.0 0.4669 1e-20
9460.0 0.494039 1e-20
9462.0 0.457279 1e-20
9464.0 0.428823 1e-20
9466.0 0.382829 1e-20
9468.0 0.369993 1e-20
9470.0 0.505488 1e-20
9472.0 0.509347 1e-20
9474.0 0.501858 1e-20
9476.0 0.557966 1e-20
9478.0 0.549303 1e-20
9480.0 0.571846 1e-20
9482.0 0.618243 1e-20
9484.0 0.620242 1e-20
9486.0 0.612979 1e-20
9488.0 0.539586 1e-20
9490.0 0.473301 1e-20
9492.0 0.383946 1e-20
9494.0 0.317863 1e-20
9496.0 0.226344 1e-20
9498.0 0.259098 1e-20
9500.0 0.234262 1e-20
9502.0 0.236913 1e-20
9504.0 0.251105 1e-20
9506.0 0.205027 1e-20
9508.0 0.196113 1e-20
9510.0 0.231271 1e-20
9512.0 0.230355 1e-20
9514.0 0.155694 1e-20
9516.0 0.145414 1e-20
9518.0 0.125608 1e-20
9520.0 0.127313 1e-20
9522.0 0.167522 1e-20
9524.0 0.199558 1e-20
9526.0 0.217587 1e-20
9528.0 0.234217 1e-20
9530.0 0.266321 1e-20
9532.0 0.312205 1e-20
9534.0 0.333912 1e-20
9536.0 0.326596 1e-20
9538.0 0.343075 1e-20
9540.0 0.39243 1e-20
9542.0 0.436502 1e-20
9544.0 0.443111 1e-20
9546.0 0.426373 1e-20
9548.0 0.43923 1e-20
9550.0 0.465156 1e-20
9552.0 0.499104 1e-20
9554.0 0.57991 1e-20
9556.0 0.610188 1e-20
9558.0 0.56104 1e-20
9560.0 0.446053 1e-20
9562.0 0.214533 1e-20
9564.0 0.312621 1e-20
9566.0 0.265807 1e-20
9568.0 0.254642 1e-20
9570.0 0.203081 1e-20
9572.0 0.209988 1e-20
9574.0 0.199269 1e-20
9576.0 0.148548 1e-20
9578.0 0.139646 1e-20
9580.0 0.139103 1e-20
9582.0 0.202466 1e-20
9584.0 0.237879 1e-20
9586.0 0.228759 1e-20
9588.0 0.210414 1e-20
9590.0 0.222155 1e-20
9592.0 0.247139 1e-20
9594.0 0.278087 1e-20
9596.0 0.332461 1e-20
9598.0 0.362704 1e-20
9600.0 0.358336 1e-20
9602.0 0.36518 1e-20
9604.0 0.416348 1e-20
9606.0 0.493393 1e-20
9608.0 0.543312 1e-20
9610.0 0.604148 1e-20
9612.0 0.611222 1e-20
9614.0 0.556161 1e-20
9616.0 0.506399 1e-20
9618.0 0.481666 1e-20
9620.0 0.466919 1e-20
9622.0 0.459437 1e-20
9624.0 0.476082 1e-20
9626.0 0.454639 1e-20
9628.0 0.393553 1e-20
9630.0 0.351375 1e-20
9632.0 0.338218 1e-20
9634.0 0.335229 1e-20
9636.0 0.323699 1e-20
9638.0 0.307958 1e-20
9640.0 0.308427 1e-20
9642.0 0.331239 1e-20
9644.0 0.337837 1e-20
9646.0 0.328593 1e-20
9648.0 0.312583 1e-20
9650.0 0.291369 1e-20
9652.0 0.261993 1e-20
9654.0 0.260124 1e-20
9656.0 0.2817 1e-20
9658.0 0.301158 1e-20
9660.0 0.327 1e-20
9662.0 0.351318 1e-20
9664.0 0.366728 1e-20
9666.0 0.37888 1e-20
9668.0 0.407808 1e-20
9670.0 0.465837 1e-20
9672.0 0.487004 1e-20
9674.0 0.464699 1e-20
9676.0 0.46963 1e-20
9678.0 0.534694 1e-20
9680.0 0.616356 1e-20
9682.0 0.638786 1e-20
9684.0 0.628349 1e-20
9686.0 0.599308 1e-20
9688.0 0.53487 1e-20
9690.0 0.471526 1e-20
9692.0 0.411626 1e-20
9694.0 0.347064 1e-20
9696.0 0.267252 1e-20
9698.0 0.166863 1e-20
9700.0 0.122158 1e-20
9702.0 0.117322 1e-20
9704.0 0.124444 1e-20
9706.0 0.146609 1e-20
9708.0 0.186624 1e-20
9710.0 0.267156 1e-20
9712.0 0.379479 1e-20
9714.0 0.347902 1e-20
9716.0 0.178368 1e-20
9718.0 0.176055 1e-20
9720.0 0.178219 1e-20
9722.0 0.188625 1e-20
9724.0 0.201027 1e-20
9726.0 0.192805 1e-20
9728.0 0.201091 1e-20
9730.0 0.206397 1e-20
9732.0 0.257698 1e-20
9734.0 0.268294 1e-20
9736.0 0.277343 1e-20
9738.0 0.293865 1e-20
9740.0 0.304035 1e-20
9742.0 0.291546 1e-20
9744.0 0.256887 1e-20
9746.0 0.232192 1e-20
9748.0 0.191842 1e-20
9750.0 0.182575 1e-20
9752.0 0.212954 1e-20
9754.0 0.255294 1e-20
9756.0 0.286834 1e-20
9758.0 0.318713 1e-20
9760.0 0.342758 1e-20
9762.0 0.356417 1e-20
9764.0 0.376431 1e-20
9766.0 0.407873 1e-20
9768.0 0.430388 1e-20
9770.0 0.431201 1e-20
9772.0 0.417866 1e-20
9774.0 0.405162 1e-20
9776.0 0.391859 1e-20
9778.0 0.364616 1e-20
9780.0 0.313629 1e-20
9782.0 0.275195 1e-20
9784.0 0.258524 1e-20
9786.0 0.256211 1e-20
9788.0 0.26949 1e-20
9790.0 0.320815 1e-20
9792.0 0.315841 1e-20
9794.0 0.256203 1e-20
9796.0 0.220533 1e-20
9798.0 0.223943 1e-20
9800.0 0.234489 1e-20
9802.0 0.214843 1e-20
9804.0 0.168053 1e-20
9806.0 0.176589 1e-20
9808.0 0.233136 1e-20
9810.0 0.278828 1e-20
9812.0 0.328311 1e-20
9814.0 0.365377 1e-20
9816.0 0.366787 1e-20
9818.0 0.341037 1e-20
9820.0 0.350568 1e-20
9822.0 0.402602 1e-20
9824.0 0.404988 1e-20
9826.0 0.357474 1e-20
9828.0 0.313311 1e-20
9830.0 0.29323 1e-20
9832.0 0.284564 1e-20
9834.0 0.28806 1e-20
9836.0 0.300484 1e-20
9838.0 0.332047 1e-20
9840.0 0.405673 1e-20
9842.0 0.449217 1e-20
9844.0 0.433626 1e-20
9846.0 0.400028 1e-20
9848.0 0.414032 1e-20
9850.0 0.460336 1e-20
9852.0 0.488631 1e-20
9854.0 0.536355 1e-20
9856.0 0.538719 1e-20
9858.0 0.465594 1e-20
9860.0 0.388692 1e-20
9862.0 0.385114 1e-20
9864.0 0.423573 1e-20
9866.0 0.479537 1e-20
9868.0 0.579306 1e-20
9870.0 0.665495 1e-20
9872.0 0.774705 1e-20
9874.0 0.841888 1e-20
9876.0 0.802646 1e-20
9878.0 0.691108 1e-20
9880.0 0.667953 1e-20
9882.0 0.729361 1e-20
9884.0 0.703313 1e-20
9886.0 0.597425 1e-20
9888.0 0.507233 1e-20
9890.0 0.479766 1e-20
9892.0 0.469765 1e-20
9894.0 0.384317 1e-20
9896.0 0.192757 1e-20
9898.0 0.145143 1e-20
9900.0 0.227657 1e-20
9902.0 0.264647 1e-20
9904.0 0.20553 1e-20
9906.0 0.139671 1e-20
9908.0 0.18566 1e-20
9910.0 0.324869 1e-20
9912.0 0.387027 1e-20
9914.0 0.439935 1e-20
9916.0 0.441425 1e-20
9918.0 0.375047 1e-20
9920.0 0.287258 1e-20
9922.0 0.207466 1e-20
9924.0 0.114469 1e-20
9926.0 0.110668 1e-20
9928.0 0.207421 1e-20
9930.0 0.258522 1e-20
9932.0 0.275214 1e-20
9934.0 0.303416 1e-20
9936.0 0.359958 1e-20
9938.0 0.436105 1e-20
9940.0 0.549217 1e-20
9942.0 0.743711 1e-20
9944.0 0.849309 1e-20
9946.0 0.973065 1e-20
9948.0 0.954005 1e-20
9950.0 0.677838 1e-20
9952.0 0.299527 1e-20
9954.0 0.146018 1e-20
9956.0 0.104377 1e-20
9958.0 0.116484 1e-20
9960.0 0.27933 1e-20
9962.0 0.361229 1e-20
9964.0 0.325855 1e-20
9966.0 0.261849 1e-20
9968.0 0.252754 1e-20
9970.0 0.265422 1e-20
9972.0 0.280471 1e-20
9974.0 0.314119 1e-20
9976.0 0.335487 1e-20
9978.0 0.343038 1e-20
9980.0 0.350786 1e-20
9982.0 0.367606 1e-20
9984.0 0.389101 1e-20
9986.0 0.414037 1e-20
9988.0 0.472241 1e-20
9990.0 0.467684 1e-20
9992.0 0.38245 1e-20
9994.0 0.321636 1e-20
9996.0 0.341655 1e-20
9998.0 0.396014 1e-20
10000.0 0.387599 1e-20
10002.0 0.352103 1e-20
10004.0 0.289404 1e-20
10006.0 0.168245 1e-20
10008.0 0.0765535 1e-20
10010.0 0.0294229 1e-20
10012.0 0.00750658 1e-20
10014.0 -0.00169458 1e-20
10016.0 0.000400345 1e-20
10018.0 0.0462101 1e-20
10020.0 0.163718 1e-20
10022.0 0.238721 1e-20
10024.0 0.257341 1e-20
10026.0 0.268591 1e-20
10028.0 0.321257 1e-20
10030.0 0.403068 1e-20
10032.0 0.415814 1e-20
10034.0 0.3615 1e-20
10036.0 0.336404 1e-20
10038.0 0.302017 1e-20
10040.0 0.309977 1e-20
10042.0 0.424152 1e-20
10044.0 0.605286 1e-20
10046.0 0.632874 1e-20
10048.0 0.542594 1e-20
10050.0 0.473398 1e-20
10052.0 0.35979 1e-20
10054.0 0.278672 1e-20
10056.0 0.2649 1e-20
10058.0 0.282889 1e-20
10060.0 0.27128 1e-20
10062.0 0.250679 1e-20
10064.0 0.231584 1e-20
10066.0 0.197358 1e-20
10068.0 0.186789 1e-20
10070.0 0.208463 1e-20
10072.0 0.245596 1e-20
10074.0 0.275156 1e-20
10076.0 0.292787 1e-20
10078.0 0.384269 1e-20
10080.0 0.568763 1e-20
10082.0 0.7038 1e-20
10084.0 0.8423 1e-20
10086.0 0.902672 1e-20
10088.0 0.773351 1e-20
10090.0 0.490015 1e-20
10092.0 0.37033 1e-20
10094.0 0.334849 1e-20
10096.0 0.293827 1e-20
10098.0 0.263898 1e-20
10100.0 0.251797 1e-20
10102.0 0.2597 1e-20
10104.0 0.286063 1e-20
10106.0 0.327515 1e-20
10108.0 0.436256 1e-20
10110.0 0.439601 1e-20
10112.0 0.320179 1e-20
10114.0 0.265858 1e-20
10116.0 0.318718 1e-20
10118.0 0.433744 1e-20
10120.0 0.588138 1e-20
10122.0 0.833158 1e-20
10124.0 0.975453 1e-20
10126.0 1.12258 1e-20
10128.0 1.13339 1e-20
10130.0 0.954979 1e-20
10132.0 0.711661 1e-20
10134.0 0.529597 1e-20
10136.0 0.341882 1e-20
10138.0 0.242987 1e-20
10140.0 0.224433 1e-20
10142.0 0.216521 1e-20
10144.0 0.249588 1e-20
10146.0 0.277623 1e-20
10148.0 0.26598 1e-20
10150.0 0.232371 1e-20
10152.0 0.186466 1e-20
10154.0 0.101778 1e-20
10156.0 0.0544227 1e-20
10158.0 -0.0124304 1e-20
10160.0 0.00134538 1e-20
10162.0 0.184939 1e-20
10164.0 0.443466 1e-20
10166.0 0.496946 1e-20
10168.0 0.380818 1e-20
10170.0 0.350234 1e-20
10172.0 0.356328 1e-20
10174.0 0.320588 1e-20
10176.0 0.194064 1e-20
10178.0 0.0623128 1e-20
10180.0 0.06961 1e-20
10182.0 0.199644 1e-20
10184.0 0.223534 1e-20
10186.0 0.18167 1e-20
10188.0 0.169946 1e-20
10190.0 0.173778 1e-20
10192.0 0.205404 1e-20
10194.0 0.309842 1e-20
10196.0 0.488531 1e-20
10198.0 0.474487 1e-20
10200.0 0.222892 1e-20
10202.0 0.16013 1e-20
10204.0 0.266675 1e-20
10206.0 0.385533 1e-20
10208.0 0.468408 1e-20
10210.0 0.536052 1e-20
10212.0 0.433359 1e-20
10214.0 -0.00949268 1e-20
10216.0 -0.0393655 1e-20
10218.0 0.306009 1e-20
10220.0 0.564987 1e-20
10222.0 0.587791 1e-20
10224.0 0.526034 1e-20
10226.0 0.564126 1e-20
10228.0 0.684206 1e-20
10230.0 0.664845 1e-20
10232.0 0.493603 1e-20
10234.0 0.403557 1e-20
10236.0 0.443915 1e-20
10238.0 0.50711 1e-20
10240.0 0.474071 1e-20
10242.0 0.378228 1e-20
10244.0 0.334673 1e-20
10246.0 0.287942 1e-20
10248.0 0.294998 1e-20
10250.0 0.400053 1e-20
10252.0 0.482909 1e-20
10254.0 0.43127 1e-20
10256.0 0.292621 1e-20
10258.0 0.266107 1e-20
10260.0 0.324486 1e-20
10262.0 0.335777 1e-20
10264.0 0.301117 1e-20
10266.0 0.294835 1e-20
10268.0 0.365503 1e-20
10270.0 0.472323 1e-20
10272.0 0.5012 1e-20
10274.0 0.44063 1e-20
10276.0 0.476192 1e-20
10278.0 0.636271 1e-20
10280.0 0.687964 1e-20
10282.0 0.511992 1e-20
10284.0 0.289938 1e-20
10286.0 0.342872 1e-20
10288.0 0.638821 1e-20
10290.0 0.714834 1e-20
10292.0 0.734896 1e-20
10294.0 0.6399 1e-20
10296.0 0.311716 1e-20
10298.0 0.00952396 1e-20
10300.0 0.0540568 1e-20
10302.0 0.35233 1e-20
10304.0 0.446867 1e-20
