3490.0 9.7880572e-16 1e-20
3491.47 1.0570798e-15 1e-20
3492.94 1.0940168e-15 1e-20
3494.41 1.0543928e-15 1e-20
3495.88 1.2850397e-15 1e-20
3497.35 1.0260522e-15 1e-20
3498.82 9.0052688e-16 1e-20
3500.29 1.0327122e-15 1e-20
3501.76 1.0208803e-15 1e-20
3503.23 1.0520138e-15 1e-20
3504.7 1.146536e-15 1e-20
3506.17 1.1986049e-15 1e-20
3507.64 1.2694573e-15 1e-20
3509.11 1.3314223e-15 1e-20
3510.58 1.2753185e-15 1e-20
3512.05 1.1166434e-15 1e-20
3513.52 1.1348718e-15 1e-20
3514.99 1.0991409e-15 1e-20
3516.46 1.1387444e-15 1e-20
3517.93 1.1545409e-15 1e-20
3519.4 1.125195e-15 1e-20
3520.87 1.1612649e-15 1e-20
3522.34 1.2645704e-15 1e-20
3523.81 1.3361835e-15 1e-20
3525.28 1.2911434e-15 1e-20
3526.75 1.4406329e-15 1e-20
3528.22 1.6239989e-15 1e-20
3529.69 1.4089539e-15 1e-20
3531.16 1.3375413e-15 1e-20
3532.63 1.4836129e-15 1e-20
3534.1 1.4482297e-15 1e-20
3535.57 1.4699098e-15 1e-20
3537.04 1.6394926e-15 1e-20
3538.51 1.6030819e-15 1e-20
3539.98 1.5471256e-15 1e-20
3541.45 1.7081769e-15 1e-20
3542.92 1.8407692e-15 1e-20
3544.39 1.7488865e-15 1e-20
3545.86 1.7401206e-15 1e-20
3547.33 1.948343e-15 1e-20
3548.8 1.9100767e-15 1e-20
3550.27 1.8012344e-15 1e-20
3551.74 1.9955363e-15 1e-20
3553.21 2.2283759e-15 1e-20
3554.68 2.1027133e-15 1e-20
3556.15 1.9911032e-15 1e-20
3557.62 2.090466e-15 1e-20
3559.09 2.1642663e-15 1e-20
3560.56 2.1071007e-15 1e-20
3562.03 2.0075312e-15 1e-20
3563.5 1.9960849e-15 1e-20
3564.97 2.0493088e-15 1e-20
3566.44 1.9732282e-15 1e-20
3567.91 2.1367919e-15 1e-20
3569.38 2.293246e-15 1e-20
3570.85 2.1991491e-15 1e-20
3572.32 2.1616738e-15 1e-20
3573.79 2.2014182e-15 1e-20
3575.26 2.3905997e-15 1e-20
3576.73 2.2129629e-15 1e-20
3578.2 2.0900629e-15 1e-20
3579.67 2.2954924e-15 1e-20
3581.14 2.4187169e-15 1e-20
3582.61 2.5579274e-15 1e-20
3584.08 2.5288887e-15 1e-20
3585.55 2.4247022e-15 1e-20
3587.02 2.1392739e-15 1e-20
3588.49 2.3303313e-15 1e-20
3589.96 2.7320251e-15 1e-20
3591.43 2.6063542e-15 1e-20
3592.9 2.2451756e-15 1e-20
3594.37 2.1587458e-15 1e-20
3595.84 2.4412482e-15 1e-20
3597.31 2.3703341e-15 1e-20
3598.78 2.2154634e-15 1e-20
3600.25 2.4401107e-15 1e-20
3601.72 2.5314186e-15 1e-20
3603.19 2.3731844e-15 1e-20
3604.66 2.4250247e-15 1e-20
3606.13 2.6100559e-15 1e-20
3607.6 2.5328197e-15 1e-20
3609.07 2.4283607e-15 1e-20
3610.54 2.315454e-15 1e-20
3612.01 2.2888196e-15 1e-20
3613.48 2.4560266e-15 1e-20
3614.95 2.4699867e-15 1e-20
3616.42 2.5065968e-15 1e-20
3617.89 2.5168471e-15 1e-20
3619.36 2.3881774e-15 1e-20
3620.83 2.3326175e-15 1e-20
3622.3 2.2393436e-15 1e-20
3623.77 2.2389717e-15 1e-20
3625.24 2.5249355e-15 1e-20
3626.71 2.5512676e-15 1e-20
3628.18 2.5513277e-15 1e-20
3629.65 2.7555132e-15 1e-20
3631.12 2.7493408e-15 1e-20
3632.59 2.4357233e-15 1e-20
3634.06 2.2367227e-15 1e-20
3635.53 2.4938664e-15 1e-20
3637.0 2.7556152e-15 1e-20
3638.47 2.8084714e-15 1e-20
3639.94 2.7325363e-15 1e-20
3641.41 2.5832479e-15 1e-20
3642.88 2.362622e-15 1e-20
3644.35 2.481144e-15 1e-20
3645.82 2.6650846e-15 1e-20
3647.29 2.5894947e-15 1e-20
3648.76 2.5561373e-15 1e-20
3650.23 2.4843447e-15 1e-20
3651.7 2.47891e-15 1e-20
3653.17 2.7003734e-15 1e-20
3654.64 2.654599e-15 1e-20
3656.11 2.4110503e-15 1e-20
3657.58 2.5340173e-15 1e-20
3659.05 2.6830046e-15 1e-20
3660.52 2.6919563e-15 1e-20
3661.99 2.8353126e-15 1e-20
3663.46 2.7011619e-15 1e-20
3664.93 2.4945297e-15 1e-20
3666.4 2.8429379e-15 1e-20
3667.87 2.9029069e-15 1e-20
3669.34 2.6696453e-15 1e-20
3670.81 2.7626574e-15 1e-20
3672.28 2.7789233e-15 1e-20
3673.75 2.8143992e-15 1e-20
3675.22 2.8416934e-15 1e-20
3676.69 2.8193595e-15 1e-20
3678.16 2.8651915e-15 1e-20
3679.63 2.7863431e-15 1e-20
3681.1 2.8059723e-15 1e-20
3682.57 2.8490772e-15 1e-20
3684.04 2.8705213e-15 1e-20
3685.51 2.8930812e-15 1e-20
3686.98 2.8559244e-15 1e-20
3688.45 2.8420367e-15 1e-20
3689.92 2.9426842e-15 1e-20
3691.39 2.9939024e-15 1e-20
3692.86 3.0727372e-15 1e-20
3694.33 3.0555437e-15 1e-20
3695.8 2.9945047e-15 1e-20
3697.27 2.8687305e-15 1e-20
3698.74 2.853544e-15 1e-20
3700.21 3.02353e-15 1e-20
3701.68 2.9284103e-15 1e-20
3703.15 2.9513464e-15 1e-20
3704.62 3.2017024e-15 1e-20
3706.09 3.109087e-15 1e-20
3707.56 3.0423985e-15 1e-20
3709.03 3.1660089e-15 1e-20
3710.5 3.1934271e-15 1e-20
3711.97 3.1453404e-15 1e-20
3713.44 3.0506034e-15 1e-20
3714.91 3.1616604e-15 1e-20
3716.38 3.2655818e-15 1e-20
3717.85 3.3091803e-15 1e-20
3719.32 3.2613285e-15 1e-20
3720.79 3.1549425e-15 1e-20
3722.26 3.0292046e-15 1e-20
3723.73 3.1139648e-15 1e-20
3725.2 3.293818e-15 1e-20
3726.67 3.2153773e-15 1e-20
3728.14 3.02507e-15 1e-20
3729.61 3.1140523e-15 1e-20
3731.08 3.226135e-15 1e-20
3732.55 3.1875203e-15 1e-20
3734.02 3.3445151e-15 1e-20
3735.49 3.2727325e-15 1e-20
3736.96 2.8831732e-15 1e-20
3738.43 2.8156972e-15 1e-20
3739.9 3.1199279e-15 1e-20
3741.37 3.1884208e-15 1e-20
3742.84 2.8824301e-15 1e-20
3744.31 2.7416816e-15 1e-20
3745.78 2.723727e-15 1e-20
3747.25 2.8458507e-15 1e-20
3748.72 3.0323253e-15 1e-20
3750.19 2.9483589e-15 1e-20
3751.66 2.8643926e-15 1e-20
3753.13 2.7804263e-15 1e-20
3754.6 2.6964599e-15 1e-20
3756.07 2.6124936e-15 1e-20
3757.54 2.5285273e-15 1e-20
3759.01 2.5285273e-15 1e-20
3760.48 2.4403746e-15 1e-20
3761.95 2.2831743e-15 1e-20
3763.42 2.3902822e-15 1e-20
3764.89 2.4606969e-15 1e-20
3766.36 2.3090141e-15 1e-20
3767.83 2.1280072e-15 1e-20
3769.3 1.9946572e-15 1e-20
3770.77 2.1926148e-15 1e-20
3772.24 2.2839921e-15 1e-20
3773.71 2.0773137e-15 1e-20
3775.18 1.9791243e-15 1e-20
3776.65 2.0849962e-15 1e-20
3778.12 2.1844156e-15 1e-20
3779.59 2.1664174e-15 1e-20
3781.06 1.9546283e-15 1e-20
3782.53 1.9546305e-15 1e-20
3784.0 2.1484439e-15 1e-20
3785.47 2.0271919e-15 1e-20
3786.94 1.8571867e-15 1e-20
3788.41 1.8500116e-15 1e-20
3789.88 1.8648555e-15 1e-20
3791.35 1.9034685e-15 1e-20
3792.82 2.0108473e-15 1e-20
3794.29 2.0296965e-15 1e-20
3795.76 1.9907174e-15 1e-20
3797.23 1.7759423e-15 1e-20
3798.7 1.7792598e-15 1e-20
3800.17 1.8893687e-15 1e-20
3801.64 1.9043328e-15 1e-20
3803.11 1.8230823e-15 1e-20
3804.58 1.8524355e-15 1e-20
3806.05 1.8745372e-15 1e-20
3807.52 1.6641806e-15 1e-20
3808.99 1.6177065e-15 1e-20
3810.46 1.7450689e-15 1e-20
3811.93 1.7648422e-15 1e-20
3813.4 1.6872114e-15 1e-20
3814.87 1.5175741e-15 1e-20
3816.34 1.3394032e-15 1e-20
3817.81 1.2290663e-15 1e-20
3819.28 1.0299135e-15 1e-20
3820.75 9.8545414e-16 1e-20
3822.22 1.3113343e-15 1e-20
3823.69 1.4866599e-15 1e-20
3825.16 1.5434108e-15 1e-20
3826.63 1.5953507e-15 1e-20
3828.1 1.5463715e-15 1e-20
3829.57 1.5820343e-15 1e-20
3831.04 1.6789432e-15 1e-20
3832.51 1.7216513e-15 1e-20
3833.98 1.6674985e-15 1e-20
3835.45 1.559365e-15 1e-20
3836.92 1.4665296e-15 1e-20
3838.39 1.5804278e-15 1e-20
3839.86 1.7326752e-15 1e-20
3841.33 1.7798389e-15 1e-20
3842.8 1.8495364e-15 1e-20
3844.27 1.8398775e-15 1e-20
3845.74 1.7991924e-15 1e-20
3847.21 1.773356e-15 1e-20
3848.68 1.8883196e-15 1e-20
3850.15 1.8384221e-15 1e-20
3851.62 1.7136539e-15 1e-20
3853.09 1.7235799e-15 1e-20
3854.56 1.7531446e-15 1e-20
3856.03 1.8982774e-15 1e-20
3857.5 2.0085886e-15 1e-20
3858.97 1.9340113e-15 1e-20
3860.44 1.8388294e-15 1e-20
3861.91 1.8477513e-15 1e-20
3863.38 1.9038405e-15 1e-20
3864.85 1.9237458e-15 1e-20
3866.32 1.888586e-15 1e-20
3867.79 2.009171e-15 1e-20
3869.26 2.0157735e-15 1e-20
3870.73 1.8342229e-15 1e-20
3872.2 1.8493514e-15 1e-20
3873.67 1.8551943e-15 1e-20
3875.14 1.651942e-15 1e-20
3876.61 1.7153264e-15 1e-20
3878.08 1.8734066e-15 1e-20
3879.55 1.9003246e-15 1e-20
3881.02 1.911545e-15 1e-20
3882.49 1.8962455e-15 1e-20
3883.96 2.0371866e-15 1e-20
3885.43 2.0992072e-15 1e-20
3886.9 2.086e-15 1e-20
3888.37 1.9939452e-15 1e-20
3889.84 2.0201218e-15 1e-20
3891.31 2.0433068e-15 1e-20
3892.78 2.0188463e-15 1e-20
3894.25 1.9292779e-15 1e-20
3895.72 1.8639127e-15 1e-20
3897.19 1.9529006e-15 1e-20
3898.66 1.986872e-15 1e-20
3900.13 1.9475985e-15 1e-20
3901.6 1.9540081e-15 1e-20
3903.07 1.9280931e-15 1e-20
3904.54 1.9843981e-15 1e-20
3906.01 2.2596614e-15 1e-20
3907.48 2.061666e-15 1e-20
3908.95 2.6857047e-15 1e-20
3910.42 2.7159529e-15 1e-20
3911.89 2.1156702e-15 1e-20
3913.36 2.0353537e-15 1e-20
3914.83 2.0942943e-15 1e-20
3916.3 2.1315277e-15 1e-20
3917.77 2.2432401e-15 1e-20
3919.24 2.2350845e-15 1e-20
3920.71 2.2195532e-15 1e-20
3922.18 2.1961174e-15 1e-20
3923.65 2.2848947e-15 1e-20
3925.12 2.2424781e-15 1e-20
3926.59 2.1779602e-15 1e-20
3928.06 2.2231021e-15 1e-20
3929.53 2.140676e-15 1e-20
3931.0 2.1053424e-15 1e-20
3932.47 2.0551922e-15 1e-20
3933.94 1.9964068e-15 1e-20
3935.41 2.0125897e-15 1e-20
3936.88 2.1097176e-15 1e-20
3938.35 2.1667342e-15 1e-20
3939.82 2.0907969e-15 1e-20
3941.29 2.0986912e-15 1e-20
3942.76 2.1713295e-15 1e-20
3944.23 2.2720733e-15 1e-20
3945.7 2.2027555e-15 1e-20
3947.17 2.0645037e-15 1e-20
3948.64 2.1124904e-15 1e-20
3950.11 2.3767183e-15 1e-20
3951.58 2.4639776e-15 1e-20
3953.05 2.3216667e-15 1e-20
3954.52 2.3121727e-15 1e-20
3955.99 2.3799722e-15 1e-20
3957.46 2.3383672e-15 1e-20
3958.93 2.2304718e-15 1e-20
3960.4 2.2641118e-15 1e-20
3961.87 2.3885367e-15 1e-20
3963.34 2.3339314e-15 1e-20
3964.81 2.3131332e-15 1e-20
3966.28 2.2931259e-15 1e-20
3967.75 2.2998049e-15 1e-20
3969.22 2.3522e-15 1e-20
3970.69 2.3319988e-15 1e-20
3972.16 2.3264358e-15 1e-20
3973.63 2.2944443e-15 1e-20
3975.1 2.3545728e-15 1e-20
3976.57 2.5124424e-15 1e-20
3978.04 2.5221696e-15 1e-20
3979.51 2.4597764e-15 1e-20
3980.98 2.4906971e-15 1e-20
3982.45 2.5430205e-15 1e-20
3983.92 2.5916674e-15 1e-20
3985.39 2.5575953e-15 1e-20
3986.86 2.4042022e-15 1e-20
3988.33 2.3895433e-15 1e-20
3989.8 2.497443e-15 1e-20
3991.27 2.5776246e-15 1e-20
3992.74 2.4306364e-15 1e-20
3994.21 2.3398182e-15 1e-20
3995.68 2.3368931e-15 1e-20
3997.15 2.4538238e-15 1e-20
3998.62 2.4434683e-15 1e-20
4000.09 2.4031186e-15 1e-20
4001.56 2.3732476e-15 1e-20
4003.03 2.3639233e-15 1e-20
4004.5 2.2660685e-15 1e-20
4005.97 2.3262944e-15 1e-20
4007.44 2.314676e-15 1e-20
4008.91 2.3694572e-15 1e-20
4010.38 2.4679372e-15 1e-20
4011.85 2.4545116e-15 1e-20
4013.32 2.3752472e-15 1e-20
4014.79 2.3197927e-15 1e-20
4016.26 2.3111389e-15 1e-20
4017.73 2.4536386e-15 1e-20
4019.2 2.4385755e-15 1e-20
4020.67 2.4345529e-15 1e-20
4022.14 2.4568884e-15 1e-20
4023.61 2.5714016e-15 1e-20
4025.08 2.5435395e-15 1e-20
4026.55 2.4596777e-15 1e-20
4028.02 2.5041065e-15 1e-20
4029.49 2.5702279e-15 1e-20
4030.96 2.6298611e-15 1e-20
4032.43 2.5918291e-15 1e-20
4033.9 2.4664657e-15 1e-20
4035.37 2.5438905e-15 1e-20
4036.84 2.6536946e-15 1e-20
4038.31 2.5171843e-15 1e-20
4039.78 2.5485559e-15 1e-20
4041.25 2.7042322e-15 1e-20
4042.72 2.6306643e-15 1e-20
4044.19 2.6735647e-15 1e-20
4045.66 2.5486171e-15 1e-20
4047.13 2.6125653e-15 1e-20
4048.6 2.6888318e-15 1e-20
4050.07 2.671335e-15 1e-20
4051.54 2.639931e-15 1e-20
4053.01 2.5661013e-15 1e-20
4054.48 2.5414133e-15 1e-20
4055.95 2.6190031e-15 1e-20
4057.42 2.557507e-15 1e-20
4058.89 2.6374106e-15 1e-20
4060.36 2.6627975e-15 1e-20
4061.83 2.6365559e-15 1e-20
4063.3 2.6190622e-15 1e-20
4064.77 2.5691464e-15 1e-20
4066.24 2.5082712e-15 1e-20
4067.71 2.5176103e-15 1e-20
4069.18 2.6139266e-15 1e-20
4070.65 2.5789526e-15 1e-20
4072.12 2.6094704e-15 1e-20
4073.59 2.6814394e-15 1e-20
4075.06 2.6581705e-15 1e-20
4076.53 2.6245112e-15 1e-20
4078.0 2.5082903e-15 1e-20
4079.47 2.5656555e-15 1e-20
4080.94 2.6822731e-15 1e-20
4082.41 2.6727924e-15 1e-20
4083.88 2.7231066e-15 1e-20
4085.35 2.6723919e-15 1e-20
4086.82 2.5863242e-15 1e-20
4088.29 2.6171021e-15 1e-20
4089.76 2.605001e-15 1e-20
4091.23 2.5527127e-15 1e-20
4092.7 2.529696e-15 1e-20
4094.17 2.4847696e-15 1e-20
4095.64 2.399838e-15 1e-20
4097.11 2.3400238e-15 1e-20
4098.58 2.4091058e-15 1e-20
4100.05 2.4360359e-15 1e-20
4101.52 2.4488144e-15 1e-20
4102.99 2.408251e-15 1e-20
4104.46 2.4120662e-15 1e-20
4105.93 2.4379385e-15 1e-20
4107.4 2.4421065e-15 1e-20
4108.87 2.4674504e-15 1e-20
4110.34 2.4489362e-15 1e-20
4111.81 2.4359796e-15 1e-20
4113.28 2.4892483e-15 1e-20
4114.75 2.4320288e-15 1e-20
4116.22 2.4281735e-15 1e-20
4117.69 2.5235155e-15 1e-20
4119.16 2.5689931e-15 1e-20
4120.63 2.5904813e-15 1e-20
4122.1 2.4167702e-15 1e-20
4123.57 2.3976545e-15 1e-20
4125.04 2.4764678e-15 1e-20
4126.51 2.4935818e-15 1e-20
4127.98 2.5200555e-15 1e-20
4129.45 2.5215521e-15 1e-20
4130.92 2.5407643e-15 1e-20
4132.39 2.556376e-15 1e-20
4133.86 2.6012418e-15 1e-20
4135.33 2.4847658e-15 1e-20
4136.8 2.540765e-15 1e-20
4138.27 2.6084509e-15 1e-20
4139.74 2.5996826e-15 1e-20
4141.21 2.5849128e-15 1e-20
4142.68 2.6360941e-15 1e-20
4144.15 2.6572006e-15 1e-20
4145.62 2.5910113e-15 1e-20
4147.09 2.5419974e-15 1e-20
4148.56 2.777245e-15 1e-20
4150.03 2.7326679e-15 1e-20
4151.5 2.6166179e-15 1e-20
4152.97 2.6694949e-15 1e-20
4154.44 2.6892009e-15 1e-20
4155.91 2.7111502e-15 1e-20
4157.38 2.6248779e-15 1e-20
4158.85 2.7382226e-15 1e-20
4160.32 2.7926865e-15 1e-20
4161.79 2.7028425e-15 1e-20
4163.26 2.6264656e-15 1e-20
4164.73 2.8196981e-15 1e-20
4166.2 2.8724387e-15 1e-20
4167.67 2.690165e-15 1e-20
4169.14 2.7657139e-15 1e-20
4170.61 2.9477646e-15 1e-20
4172.08 2.8859203e-15 1e-20
4173.55 2.7735386e-15 1e-20
4175.02 2.8665493e-15 1e-20
4176.49 2.8795676e-15 1e-20
4177.96 2.7500722e-15 1e-20
4179.43 2.7387097e-15 1e-20
4180.9 2.7183056e-15 1e-20
4182.37 2.7749028e-15 1e-20
4183.84 2.7489569e-15 1e-20
4185.31 2.8239017e-15 1e-20
4186.78 2.6792579e-15 1e-20
4188.25 2.7274437e-15 1e-20
4189.72 2.7803977e-15 1e-20
4191.19 2.7076719e-15 1e-20
4192.66 2.5989113e-15 1e-20
4194.13 2.6939065e-15 1e-20
4195.6 2.7449138e-15 1e-20
4197.07 2.7037823e-15 1e-20
4198.54 2.7420881e-15 1e-20
4200.01 2.7104385e-15 1e-20
4201.48 2.736933e-15 1e-20
4202.95 2.7205422e-15 1e-20
4204.42 2.5410256e-15 1e-20
4205.89 2.6006732e-15 1e-20
4207.36 2.6634817e-15 1e-20
4208.83 2.7799397e-15 1e-20
4210.3 2.669261e-15 1e-20
4211.77 2.6578569e-15 1e-20
4213.24 2.6955287e-15 1e-20
4214.71 2.6870754e-15 1e-20
4216.18 2.610635e-15 1e-20
4217.65 2.6185243e-15 1e-20
4219.12 2.6260121e-15 1e-20
4220.59 2.5771894e-15 1e-20
4222.06 2.660814e-15 1e-20
4223.53 2.4820127e-15 1e-20
4225.0 2.3928833e-15 1e-20
4226.47 2.5039611e-15 1e-20
4227.94 2.5259223e-15 1e-20
4229.41 2.4238598e-15 1e-20
4230.88 2.4160748e-15 1e-20
4232.35 2.4235585e-15 1e-20
4233.82 2.5104291e-15 1e-20
4235.29 2.4824648e-15 1e-20
4236.76 2.4298739e-15 1e-20
4238.23 2.4838383e-15 1e-20
4239.7 2.4659305e-15 1e-20
4241.17 2.5243859e-15 1e-20
4242.64 2.5524282e-15 1e-20
4244.11 2.4153428e-15 1e-20
4245.58 2.392276e-15 1e-20
4247.05 2.3516364e-15 1e-20
4248.52 2.2638063e-15 1e-20
4249.99 2.3201826e-15 1e-20
4251.46 2.3463149e-15 1e-20
4252.93 2.293247e-15 1e-20
4254.4 2.3161633e-15 1e-20
4255.87 2.3091898e-15 1e-20
4257.34 2.3706028e-15 1e-20
4258.81 2.3924279e-15 1e-20
4260.28 2.3000298e-15 1e-20
4261.75 2.3183296e-15 1e-20
4263.22 2.2250195e-15 1e-20
4264.69 2.2125852e-15 1e-20
4266.16 2.2723248e-15 1e-20
4267.63 2.2232981e-15 1e-20
4269.1 2.2662666e-15 1e-20
4270.57 2.3052609e-15 1e-20
4272.04 2.226378e-15 1e-20
4273.51 2.2510145e-15 1e-20
4274.98 2.3355901e-15 1e-20
4276.45 2.2539983e-15 1e-20
4277.92 2.230813e-15 1e-20
4279.39 2.2264278e-15 1e-20
4280.86 2.2327077e-15 1e-20
4282.33 2.1945846e-15 1e-20
4283.8 2.2698781e-15 1e-20
4285.27 2.3220909e-15 1e-20
4286.74 2.275933e-15 1e-20
4288.21 2.2508285e-15 1e-20
4289.68 2.1390254e-15 1e-20
4291.15 2.0828352e-15 1e-20
4292.62 2.0833979e-15 1e-20
4294.09 2.0777032e-15 1e-20
4295.56 2.0966365e-15 1e-20
4297.03 2.1384211e-15 1e-20
4298.5 2.1759348e-15 1e-20
4299.97 2.0796373e-15 1e-20
4301.44 1.9870763e-15 1e-20
4302.91 1.9001173e-15 1e-20
4304.38 2.0122499e-15 1e-20
4305.85 1.9929889e-15 1e-20
4307.32 1.9562248e-15 1e-20
4308.79 1.9888029e-15 1e-20
4310.26 1.9463488e-15 1e-20
4311.73 1.9569848e-15 1e-20
4313.2 1.9006041e-15 1e-20
4314.67 1.9493798e-15 1e-20
4316.14 1.8877106e-15 1e-20
4317.61 1.8556175e-15 1e-20
4319.08 1.8854382e-15 1e-20
4320.55 1.8725401e-15 1e-20
4322.02 1.8704283e-15 1e-20
4323.49 1.7820874e-15 1e-20
4324.96 1.7566537e-15 1e-20
4326.43 1.7479924e-15 1e-20
4327.9 1.7407657e-15 1e-20
4329.37 1.6313957e-15 1e-20
4330.84 1.6993235e-15 1e-20
4332.31 1.7791091e-15 1e-20
4333.78 1.7064332e-15 1e-20
4335.25 1.7108158e-15 1e-20
4336.72 1.6715629e-15 1e-20
4338.19 1.7170752e-15 1e-20
4339.66 1.6748294e-15 1e-20
4341.13 1.6090894e-15 1e-20
4342.6 1.5999825e-15 1e-20
4344.07 1.5625682e-15 1e-20
4345.54 1.6094807e-15 1e-20
4347.01 1.5664141e-15 1e-20
4348.48 1.542213e-15 1e-20
4349.95 1.567578e-15 1e-20
4351.42 1.5966133e-15 1e-20
4352.89 1.5357755e-15 1e-20
4354.36 1.4547473e-15 1e-20
4355.83 1.3727908e-15 1e-20
4357.3 1.4713615e-15 1e-20
4358.77 1.5167969e-15 1e-20
4360.24 1.4288769e-15 1e-20
4361.71 1.354911e-15 1e-20
4363.18 1.4375558e-15 1e-20
4364.65 1.496187e-15 1e-20
4366.12 1.4648333e-15 1e-20
4367.59 1.3742882e-15 1e-20
4369.06 1.4919174e-15 1e-20
4370.53 1.4507335e-15 1e-20
4372.0 1.4277372e-15 1e-20
4373.47 1.3429782e-15 1e-20
4374.94 1.4119756e-15 1e-20
4376.41 1.5133032e-15 1e-20
4377.88 1.4451035e-15 1e-20
4379.35 1.361172e-15 1e-20
4380.82 1.3038435e-15 1e-20
4382.29 1.3276896e-15 1e-20
4383.76 1.4401225e-15 1e-20
4385.23 1.3977004e-15 1e-20
4386.7 1.3345238e-15 1e-20
4388.17 1.3881955e-15 1e-20
4389.64 1.3952942e-15 1e-20
4391.11 1.3552874e-15 1e-20
4392.58 1.2986348e-15 1e-20
4394.05 1.3463207e-15 1e-20
4395.52 1.3047026e-15 1e-20
4396.99 1.2627156e-15 1e-20
4398.46 1.2890158e-15 1e-20
4399.93 1.3267632e-15 1e-20
4401.4 1.3135445e-15 1e-20
4402.87 1.3515474e-15 1e-20
4404.34 1.3390915e-15 1e-20
4405.81 1.4218177e-15 1e-20
4407.28 1.4301252e-15 1e-20
4408.75 1.3734896e-15 1e-20
4410.22 1.4083549e-15 1e-20
4411.69 1.422537e-15 1e-20
4413.16 1.3996192e-15 1e-20
4414.63 1.4725642e-15 1e-20
4416.1 1.4497273e-15 1e-20
4417.57 1.3792778e-15 1e-20
4419.04 1.5951082e-15 1e-20
4420.51 1.4765978e-15 1e-20
4421.98 1.5289897e-15 1e-20
4423.45 1.5519356e-15 1e-20
4424.92 1.5393364e-15 1e-20
4426.39 1.5831643e-15 1e-20
4427.86 1.5543463e-15 1e-20
4429.33 1.4930178e-15 1e-20
4430.8 1.5210803e-15 1e-20
4432.27 1.5045698e-15 1e-20
4433.74 1.5157474e-15 1e-20
4435.21 1.5529975e-15 1e-20
4436.68 1.5778793e-15 1e-20
4438.15 1.5719477e-15 1e-20
4439.62 1.5759817e-15 1e-20
4441.09 1.6611843e-15 1e-20
4442.56 1.5950637e-15 1e-20
4444.03 1.5428534e-15 1e-20
4445.5 1.6088039e-15 1e-20
4446.97 1.6477407e-15 1e-20
4448.44 1.5969167e-15 1e-20
4449.91 1.5843498e-15 1e-20
4451.38 1.6444722e-15 1e-20
4452.85 1.7203896e-15 1e-20
4454.32 1.7056637e-15 1e-20
4455.79 1.6981297e-15 1e-20
4457.26 1.8400283e-15 1e-20
4458.73 1.8705207e-15 1e-20
4460.2 1.8363553e-15 1e-20
4461.67 1.7580609e-15 1e-20
4463.14 1.777964e-15 1e-20
4464.61 1.8839886e-15 1e-20
4466.08 1.772352e-15 1e-20
4467.55 1.8224171e-15 1e-20
4469.02 1.943175e-15 1e-20
4470.49 1.9010006e-15 1e-20
4471.96 1.7983556e-15 1e-20
4473.43 1.8738062e-15 1e-20
4474.9 1.9169462e-15 1e-20
4476.37 1.9495668e-15 1e-20
4477.84 1.9054426e-15 1e-20
4479.31 1.9709861e-15 1e-20
4480.78 1.9173023e-15 1e-20
4482.25 1.9743158e-15 1e-20
4483.72 2.0637224e-15 1e-20
4485.19 2.0266283e-15 1e-20
4486.66 1.9598002e-15 1e-20
4488.13 2.0579765e-15 1e-20
4489.6 2.0411386e-15 1e-20
4491.07 1.9824011e-15 1e-20
4492.54 2.0027268e-15 1e-20
4494.01 1.961481e-15 1e-20
4495.48 2.0133102e-15 1e-20
4496.95 2.0532608e-15 1e-20
4498.42 2.090533e-15 1e-20
4499.89 2.1203933e-15 1e-20
4501.36 2.0235322e-15 1e-20
4502.83 2.0395999e-15 1e-20
4504.3 2.002892e-15 1e-20
4505.77 1.9526641e-15 1e-20
4507.24 2.0124397e-15 1e-20
4508.71 2.0134873e-15 1e-20
4510.18 2.0469418e-15 1e-20
4511.65 1.9646745e-15 1e-20
4513.12 1.9826208e-15 1e-20
4514.59 1.9087743e-15 1e-20
4516.06 1.9455036e-15 1e-20
4517.53 1.8803159e-15 1e-20
4519.0 1.9031751e-15 1e-20
4520.47 1.9330034e-15 1e-20
4521.94 1.8315498e-15 1e-20
4523.41 1.8044183e-15 1e-20
4524.88 1.7952644e-15 1e-20
4526.35 1.7525319e-15 1e-20
4527.82 1.7475156e-15 1e-20
4529.29 1.7703961e-15 1e-20
4530.76 1.8164533e-15 1e-20
4532.23 1.7794415e-15 1e-20
4533.7 1.6822681e-15 1e-20
4535.17 1.7357994e-15 1e-20
4536.64 1.7907135e-15 1e-20
4538.11 1.7723552e-15 1e-20
4539.58 1.8469615e-15 1e-20
4541.05 1.8470604e-15 1e-20
4542.52 1.7980533e-15 1e-20
4543.99 1.7599634e-15 1e-20
4545.46 1.6878521e-15 1e-20
4546.93 1.6964004e-15 1e-20
4548.4 1.750271e-15 1e-20
4549.87 1.7796218e-15 1e-20
4551.34 1.7433214e-15 1e-20
4552.81 1.742503e-15 1e-20
4554.28 1.777458e-15 1e-20
4555.75 1.8527358e-15 1e-20
4557.22 1.8003668e-15 1e-20
4558.69 1.8093749e-15 1e-20
4560.16 1.8476532e-15 1e-20
4561.63 1.8945122e-15 1e-20
4563.1 1.8976101e-15 1e-20
4564.57 1.8536901e-15 1e-20
4566.04 1.8656332e-15 1e-20
4567.51 1.9265103e-15 1e-20
4568.98 1.9747207e-15 1e-20
4570.45 1.9686879e-15 1e-20
4571.92 2.0229206e-15 1e-20
4573.39 2.0084198e-15 1e-20
4574.86 1.9949611e-15 1e-20
4576.33 1.980096e-15 1e-20
4577.8 1.9708891e-15 1e-20
4579.27 2.0024717e-15 1e-20
4580.74 2.0185392e-15 1e-20
4582.21 1.9965284e-15 1e-20
4583.68 1.8991253e-15 1e-20
4585.15 1.9089063e-15 1e-20
4586.62 2.0437446e-15 1e-20
4588.09 2.0956647e-15 1e-20
4589.56 2.0394142e-15 1e-20
4591.03 2.030607e-15 1e-20
4592.5 1.9621737e-15 1e-20
4593.97 1.9627434e-15 1e-20
4595.44 2.0392766e-15 1e-20
4596.91 2.0510943e-15 1e-20
4598.38 2.1257932e-15 1e-20
4599.85 2.1231356e-15 1e-20
4601.32 2.0596359e-15 1e-20
4602.79 2.0276272e-15 1e-20
4604.26 2.0693154e-15 1e-20
4605.73 2.1849706e-15 1e-20
4607.2 2.1107664e-15 1e-20
4608.67 2.0624514e-15 1e-20
4610.14 2.0427194e-15 1e-20
4611.61 1.99764e-15 1e-20
4613.08 2.0650799e-15 1e-20
4614.55 2.0587838e-15 1e-20
4616.02 2.1108346e-15 1e-20
4617.49 2.0955777e-15 1e-20
4618.96 2.0098934e-15 1e-20
4620.43 2.1050923e-15 1e-20
4621.9 2.1267803e-15 1e-20
4623.37 2.055593e-15 1e-20
4624.84 2.0479531e-15 1e-20
4626.31 2.0858684e-15 1e-20
4627.78 2.0616086e-15 1e-20
4629.25 2.0194981e-15 1e-20
4630.72 2.0449951e-15 1e-20
4632.19 1.9469174e-15 1e-20
4633.66 1.9004599e-15 1e-20
4635.13 1.9933815e-15 1e-20
4636.6 2.0622411e-15 1e-20
4638.07 2.0507824e-15 1e-20
4639.54 2.01226e-15 1e-20
4641.01 2.0616374e-15 1e-20
4642.48 2.0346754e-15 1e-20
4643.95 1.9575667e-15 1e-20
4645.42 1.9187918e-15 1e-20
4646.89 1.9675311e-15 1e-20
4648.36 1.9562871e-15 1e-20
4649.83 1.9806144e-15 1e-20
4651.3 2.043725e-15 1e-20
4652.77 2.0578752e-15 1e-20
4654.24 1.9859086e-15 1e-20
4655.71 1.9508381e-15 1e-20
4657.18 1.9412441e-15 1e-20
4658.65 1.9457371e-15 1e-20
4660.12 1.9912935e-15 1e-20
4661.59 2.0721555e-15 1e-20
4663.06 2.0419855e-15 1e-20
4664.53 1.9413099e-15 1e-20
4666.0 1.9263822e-15 1e-20
4667.47 2.0023263e-15 1e-20
4668.94 2.0036271e-15 1e-20
4670.41 2.0140805e-15 1e-20
4671.88 2.0005474e-15 1e-20
4673.35 2.0008261e-15 1e-20
4674.82 2.0015173e-15 1e-20
4676.29 1.9698653e-15 1e-20
4677.76 1.9867485e-15 1e-20
4679.23 2.0225012e-15 1e-20
4680.7 1.9742861e-15 1e-20
4682.17 1.8593024e-15 1e-20
4683.64 1.8620014e-15 1e-20
4685.11 1.9644034e-15 1e-20
4686.58 1.9405376e-15 1e-20
4688.05 1.8646362e-15 1e-20
4689.52 1.9129909e-15 1e-20
4690.99 1.9146776e-15 1e-20
4692.46 1.8803239e-15 1e-20
4693.93 1.8654548e-15 1e-20
4695.4 1.9122895e-15 1e-20
4696.87 1.9119734e-15 1e-20
4698.34 1.8477893e-15 1e-20
4699.81 1.8639982e-15 1e-20
4701.28 1.89891e-15 1e-20
4702.75 1.8579195e-15 1e-20
4704.22 1.8966966e-15 1e-20
4705.69 1.8845836e-15 1e-20
4707.16 1.8788681e-15 1e-20
4708.63 1.9206823e-15 1e-20
4710.1 1.9078001e-15 1e-20
4711.57 1.9112955e-15 1e-20
4713.04 1.9137248e-15 1e-20
4714.51 1.8512343e-15 1e-20
4715.98 1.8938853e-15 1e-20
4717.45 1.9625684e-15 1e-20
4718.92 1.9570345e-15 1e-20
4720.39 1.8950735e-15 1e-20
4721.86 1.8399869e-15 1e-20
4723.33 1.907041e-15 1e-20
4724.8 1.8689355e-15 1e-20
4726.27 1.7914429e-15 1e-20
4727.74 1.8359087e-15 1e-20
4729.21 1.8547466e-15 1e-20
4730.68 1.7751843e-15 1e-20
4732.15 1.7974584e-15 1e-20
4733.62 1.7292008e-15 1e-20
4735.09 1.7317481e-15 1e-20
4736.56 1.8284376e-15 1e-20
4738.03 1.7809221e-15 1e-20
4739.5 1.781992e-15 1e-20
4740.97 1.7697797e-15 1e-20
4742.44 1.7889189e-15 1e-20
4743.91 1.8339546e-15 1e-20
4745.38 1.812344e-15 1e-20
4746.85 1.7279298e-15 1e-20
4748.32 1.7056212e-15 1e-20
4749.79 1.7118939e-15 1e-20
4751.26 1.7511195e-15 1e-20
4752.73 1.7501409e-15 1e-20
4754.2 1.7120193e-15 1e-20
4755.67 1.7045845e-15 1e-20
4757.14 1.6989139e-15 1e-20
4758.61 1.7075107e-15 1e-20
4760.08 1.7190149e-15 1e-20
4761.55 1.7362646e-15 1e-20
4763.02 1.6842941e-15 1e-20
4764.49 1.6555558e-15 1e-20
4765.96 1.7003095e-15 1e-20
4767.43 1.7226217e-15 1e-20
4768.9 1.6519766e-15 1e-20
4770.37 1.5734203e-15 1e-20
4771.84 1.5391032e-15 1e-20
4773.31 1.5360976e-15 1e-20
4774.78 1.5345922e-15 1e-20
4776.25 1.5463523e-15 1e-20
4777.72 1.5322886e-15 1e-20
4779.19 1.5093948e-15 1e-20
4780.66 1.5333128e-15 1e-20
4782.13 1.4945086e-15 1e-20
4783.6 1.4816116e-15 1e-20
4785.07 1.4899138e-15 1e-20
4786.54 1.5533067e-15 1e-20
4788.01 1.5547543e-15 1e-20
4789.48 1.501459e-15 1e-20
4790.95 1.4498107e-15 1e-20
4792.42 1.4529599e-15 1e-20
4793.89 1.5025856e-15 1e-20
4795.36 1.5219543e-15 1e-20
4796.83 1.4929276e-15 1e-20
4798.3 1.4825199e-15 1e-20
4799.77 1.5333058e-15 1e-20
4801.24 1.5447019e-15 1e-20
4802.71 1.4921838e-15 1e-20
4804.18 1.4173458e-15 1e-20
4805.65 1.421659e-15 1e-20
4807.12 1.4527892e-15 1e-20
4808.59 1.4746145e-15 1e-20
4810.06 1.4282485e-15 1e-20
4811.53 1.4717324e-15 1e-20
4813.0 1.4921453e-15 1e-20
4814.47 1.413355e-15 1e-20
4815.94 1.4038832e-15 1e-20
4817.41 1.4446507e-15 1e-20
4818.88 1.4545765e-15 1e-20
4820.35 1.4498167e-15 1e-20
4821.82 1.4641533e-15 1e-20
4823.29 1.4092422e-15 1e-20
4824.76 1.4372973e-15 1e-20
4826.23 1.4354774e-15 1e-20
4827.7 1.4061093e-15 1e-20
4829.17 1.4253964e-15 1e-20
4830.64 1.4131572e-15 1e-20
4832.11 1.3962083e-15 1e-20
4833.58 1.4736694e-15 1e-20
4835.05 1.4191301e-15 1e-20
4836.52 1.4654343e-15 1e-20
4837.99 1.4911476e-15 1e-20
4839.46 1.3928635e-15 1e-20
4840.93 1.362074e-15 1e-20
4842.4 1.4082476e-15 1e-20
4843.87 1.378755e-15 1e-20
4845.34 1.4075415e-15 1e-20
4846.81 1.4330555e-15 1e-20
4848.28 1.4106345e-15 1e-20
4849.75 1.39449e-15 1e-20
4851.22 1.4013282e-15 1e-20
4852.69 1.3947685e-15 1e-20
4854.16 1.459321e-15 1e-20
4855.63 1.431914e-15 1e-20
4857.1 1.3229034e-15 1e-20
4858.57 1.3546691e-15 1e-20
4860.04 1.4123714e-15 1e-20
4861.51 1.4268343e-15 1e-20
4862.98 1.4150907e-15 1e-20
4864.45 1.3775463e-15 1e-20
4865.92 1.4310864e-15 1e-20
4867.39 1.4237239e-15 1e-20
4868.86 1.3955282e-15 1e-20
4870.33 1.4086899e-15 1e-20
4871.8 1.4058578e-15 1e-20
4873.27 1.4067118e-15 1e-20
4874.74 1.385662e-15 1e-20
4876.21 1.3857558e-15 1e-20
4877.68 1.4443095e-15 1e-20
4879.15 1.4737217e-15 1e-20
4880.62 1.4081992e-15 1e-20
4882.09 1.3753725e-15 1e-20
4883.56 1.3363543e-15 1e-20
4885.03 1.394006e-15 1e-20
4886.5 1.3447282e-15 1e-20
4887.97 1.338852e-15 1e-20
4889.44 1.3172702e-15 1e-20
4890.91 1.3594003e-15 1e-20
4892.38 1.405229e-15 1e-20
4893.85 1.3944427e-15 1e-20
4895.32 1.4039198e-15 1e-20
4896.79 1.3862348e-15 1e-20
4898.26 1.3852426e-15 1e-20
4899.73 1.355132e-15 1e-20
4901.2 1.3615004e-15 1e-20
4902.67 1.4145433e-15 1e-20
4904.14 1.4274126e-15 1e-20
4905.61 1.4057201e-15 1e-20
4907.08 1.4262772e-15 1e-20
4908.55 1.431685e-15 1e-20
4910.02 1.4634489e-15 1e-20
4911.49 1.4492179e-15 1e-20
4912.96 1.4134637e-15 1e-20
4914.43 1.3862634e-15 1e-20
4915.9 1.4041623e-15 1e-20
4917.37 1.4520402e-15 1e-20
4918.84 1.484562e-15 1e-20
4920.31 1.4598479e-15 1e-20
4921.78 1.4733434e-15 1e-20
4923.25 1.4633591e-15 1e-20
4924.72 1.4864976e-15 1e-20
4926.19 1.5116999e-15 1e-20
4927.66 1.4328269e-15 1e-20
4929.13 1.4749415e-15 1e-20
4930.6 1.5472331e-15 1e-20
4932.07 1.5228205e-15 1e-20
4933.54 1.5089173e-15 1e-20
4935.01 1.5112797e-15 1e-20
4936.48 1.5406957e-15 1e-20
4937.95 1.5345e-15 1e-20
4939.42 1.511448e-15 1e-20
4940.89 1.5052729e-15 1e-20
4942.36 1.4413437e-15 1e-20
4943.83 1.4906837e-15 1e-20
4945.3 1.5312178e-15 1e-20
4946.77 1.5026428e-15 1e-20
4948.24 1.4889804e-15 1e-20
4949.71 1.4606138e-15 1e-20
4951.18 1.4376804e-15 1e-20
4952.65 1.4082104e-15 1e-20
4954.12 1.4422871e-15 1e-20
4955.59 1.4144858e-15 1e-20
4957.06 1.3920543e-15 1e-20
4958.53 1.421362e-15 1e-20
4960.0 1.3592448e-15 1e-20
4961.47 1.3385838e-15 1e-20
4962.94 1.3463104e-15 1e-20
4964.41 1.3654737e-15 1e-20
4965.88 1.31674e-15 1e-20
4967.35 1.2870179e-15 1e-20
4968.82 1.2786587e-15 1e-20
4970.29 1.2899642e-15 1e-20
4971.76 1.3139254e-15 1e-20
4973.23 1.3212954e-15 1e-20
4974.7 1.2840663e-15 1e-20
4976.17 1.2198849e-15 1e-20
4977.64 1.1405511e-15 1e-20
4979.11 1.0263894e-15 1e-20
4980.58 9.5969844e-16 1e-20
4982.05 9.8989391e-16 1e-20
4983.52 1.031058e-15 1e-20
4984.99 1.0464959e-15 1e-20
4986.46 1.1084014e-15 1e-20
4987.93 1.1132395e-15 1e-20
4989.4 1.1078303e-15 1e-20
4990.87 1.129293e-15 1e-20
4992.34 1.1265655e-15 1e-20
4993.81 1.1164522e-15 1e-20
4995.28 1.0991635e-15 1e-20
4996.75 1.1116844e-15 1e-20
4998.22 1.127172e-15 1e-20
4999.69 1.1145275e-15 1e-20
5001.16 1.0995591e-15 1e-20
5002.63 1.1327358e-15 1e-20
5004.1 1.1122642e-15 1e-20
5005.57 1.088302e-15 1e-20
5007.04 1.1235263e-15 1e-20
5008.51 1.1101226e-15 1e-20
5009.98 1.0415484e-15 1e-20
5011.45 1.0428158e-15 1e-20
5012.92 1.0652273e-15 1e-20
5014.39 1.0826046e-15 1e-20
5015.86 1.0698295e-15 1e-20
5017.33 1.0453286e-15 1e-20
5018.8 1.072688e-15 1e-20
5020.27 1.0590343e-15 1e-20
5021.74 1.0457456e-15 1e-20
5023.21 1.041082e-15 1e-20
5024.68 1.0288963e-15 1e-20
5026.15 1.0539141e-15 1e-20
5027.62 1.058314e-15 1e-20
5029.09 1.051235e-15 1e-20
5030.56 1.050235e-15 1e-20
5032.03 1.0696402e-15 1e-20
5033.5 1.0573704e-15 1e-20
5034.97 1.0593585e-15 1e-20
5036.44 1.0653421e-15 1e-20
5037.91 1.059611e-15 1e-20
5039.38 1.0401541e-15 1e-20
5040.85 9.9181587e-16 1e-20
5042.32 1.0007863e-15 1e-20
5043.79 1.0157816e-15 1e-20
5045.26 9.9637818e-16 1e-20
5046.73 9.6355855e-16 1e-20
5048.2 1.0161903e-15 1e-20
5049.67 1.0723226e-15 1e-20
5051.14 1.0187882e-15 1e-20
5052.61 1.0184453e-15 1e-20
5054.08 1.025349e-15 1e-20
5055.55 1.0012596e-15 1e-20
5057.02 1.0060208e-15 1e-20
5058.49 1.0150291e-15 1e-20
5059.96 1.0507369e-15 1e-20
5061.43 1.0553576e-15 1e-20
5062.9 1.0603855e-15 1e-20
5064.37 1.0498226e-15 1e-20
5065.84 1.017948e-15 1e-20
5067.31 1.0337789e-15 1e-20
5068.78 1.0570898e-15 1e-20
5070.25 1.0399636e-15 1e-20
5071.72 1.0688124e-15 1e-20
5073.19 1.1029896e-15 1e-20
5074.66 1.0736451e-15 1e-20
5076.13 1.0142837e-15 1e-20
5077.6 9.6787995e-16 1e-20
5079.07 9.4959641e-16 1e-20
5080.54 9.4969958e-16 1e-20
5082.01 9.7520727e-16 1e-20
5083.48 9.8394197e-16 1e-20
5084.95 1.0138664e-15 1e-20
5086.42 1.0668612e-15 1e-20
5087.89 1.0874689e-15 1e-20
5089.36 1.0316976e-15 1e-20
5090.83 9.9653608e-16 1e-20
5092.3 1.0226024e-15 1e-20
5093.77 1.0308162e-15 1e-20
5095.24 1.0223831e-15 1e-20
5096.71 1.0738504e-15 1e-20
5098.18 1.0658659e-15 1e-20
5099.65 1.0145921e-15 1e-20
5101.12 1.0512081e-15 1e-20
5102.59 1.0734867e-15 1e-20
5104.06 1.0853224e-15 1e-20
5105.53 1.1040881e-15 1e-20
5107.0 1.0872246e-15 1e-20
5108.47 1.0985522e-15 1e-20
5109.94 1.1221182e-15 1e-20
5111.41 1.113158e-15 1e-20
5112.88 1.0934027e-15 1e-20
5114.35 1.0933317e-15 1e-20
5115.82 1.1115261e-15 1e-20
5117.29 1.1067239e-15 1e-20
5118.76 1.1037105e-15 1e-20
5120.23 1.1224324e-15 1e-20
5121.7 1.1217939e-15 1e-20
5123.17 1.0955994e-15 1e-20
5124.64 1.0639411e-15 1e-20
5126.11 1.0223856e-15 1e-20
5127.58 9.7098851e-16 1e-20
5129.05 8.5581934e-16 1e-20
5130.52 7.5728738e-16 1e-20
5131.99 8.1833529e-16 1e-20
5133.46 9.7159314e-16 1e-20
5134.93 1.1085039e-15 1e-20
5136.4 1.1788707e-15 1e-20
5137.87 1.2007769e-15 1e-20
5139.34 1.2216976e-15 1e-20
5140.81 1.2615374e-15 1e-20
5142.28 1.268024e-15 1e-20
5143.75 1.2611102e-15 1e-20
5145.22 1.2821163e-15 1e-20
5146.69 1.2641822e-15 1e-20
5148.16 1.2483224e-15 1e-20
5149.63 1.2308705e-15 1e-20
5151.1 1.2659782e-15 1e-20
5152.57 1.309417e-15 1e-20
5154.04 1.2588372e-15 1e-20
5155.51 1.2287762e-15 1e-20
5156.98 1.2185587e-15 1e-20
5158.45 1.2282361e-15 1e-20
5159.92 1.2620106e-15 1e-20
5161.39 1.2689258e-15 1e-20
5162.86 1.2999184e-15 1e-20
5164.33 1.3276559e-15 1e-20
5165.8 1.3143662e-15 1e-20
5167.27 1.3254554e-15 1e-20
5168.74 1.3225747e-15 1e-20
5170.21 1.2846481e-15 1e-20
5171.68 1.2790287e-15 1e-20
5173.15 1.2665102e-15 1e-20
5174.62 1.2565048e-15 1e-20
5176.09 1.270564e-15 1e-20
5177.56 1.3475761e-15 1e-20
5179.03 1.3739079e-15 1e-20
5180.5 1.3439178e-15 1e-20
5181.97 1.3458338e-15 1e-20
5183.44 1.358712e-15 1e-20
5184.91 1.3597022e-15 1e-20
5186.38 1.361323e-15 1e-20
5187.85 1.3839275e-15 1e-20
5189.32 1.427345e-15 1e-20
5190.79 1.4433386e-15 1e-20
5192.26 1.3813757e-15 1e-20
5193.73 1.3455822e-15 1e-20
5195.2 1.3912206e-15 1e-20
5196.67 1.4262807e-15 1e-20
5198.14 1.4280626e-15 1e-20
5199.61 1.417133e-15 1e-20
5201.08 1.4033847e-15 1e-20
5202.55 1.4265684e-15 1e-20
5204.02 1.3879789e-15 1e-20
5205.49 1.3754659e-15 1e-20
5206.96 1.4349096e-15 1e-20
5208.43 1.4472672e-15 1e-20
5209.9 1.4519734e-15 1e-20
5211.37 1.4345908e-15 1e-20
5212.84 1.4380389e-15 1e-20
5214.31 1.4753745e-15 1e-20
5215.78 1.4711494e-15 1e-20
5217.25 1.4740855e-15 1e-20
5218.72 1.4779708e-15 1e-20
5220.19 1.5286671e-15 1e-20
5221.66 1.49631e-15 1e-20
5223.13 1.4515095e-15 1e-20
5224.6 1.492813e-15 1e-20
5226.07 1.4854337e-15 1e-20
5227.54 1.5195422e-15 1e-20
5229.01 1.5776401e-15 1e-20
5230.48 1.5396516e-15 1e-20
5231.95 1.5167511e-15 1e-20
5233.42 1.5395703e-15 1e-20
5234.89 1.5117819e-15 1e-20
5236.36 1.4946395e-15 1e-20
5237.83 1.5157109e-15 1e-20
5239.3 1.5236254e-15 1e-20
5240.77 1.5557543e-15 1e-20
5242.24 1.5414206e-15 1e-20
5243.71 1.5594776e-15 1e-20
5245.18 1.5970278e-15 1e-20
5246.65 1.5644445e-15 1e-20
5248.12 1.5229603e-15 1e-20
5249.59 1.4982748e-15 1e-20
5251.06 1.4930652e-15 1e-20
5252.53 1.5085757e-15 1e-20
5254.0 1.4874948e-15 1e-20
5255.47 1.5328059e-15 1e-20
5256.94 1.5727255e-15 1e-20
5258.41 1.5348536e-15 1e-20
5259.88 1.5106362e-15 1e-20
5261.35 1.5063998e-15 1e-20
5262.82 1.5114499e-15 1e-20
5264.29 1.5579171e-15 1e-20
5265.76 1.5490934e-15 1e-20
5267.23 1.5074792e-15 1e-20
5268.7 1.5098447e-15 1e-20
5270.17 1.5375593e-15 1e-20
5271.64 1.5011156e-15 1e-20
5273.11 1.4530525e-15 1e-20
5274.58 1.4734919e-15 1e-20
5276.05 1.5118607e-15 1e-20
5277.52 1.4847822e-15 1e-20
5278.99 1.4660933e-15 1e-20
5280.46 1.4590924e-15 1e-20
5281.93 1.472212e-15 1e-20
5283.4 1.4829484e-15 1e-20
5284.87 1.4728804e-15 1e-20
5286.34 1.4757642e-15 1e-20
5287.81 1.4383616e-15 1e-20
5289.28 1.436617e-15 1e-20
5290.75 1.4883386e-15 1e-20
5292.22 1.5154521e-15 1e-20
5293.69 1.5257398e-15 1e-20
5295.16 1.4963969e-15 1e-20
5296.63 1.4448659e-15 1e-20
5298.1 1.4587706e-15 1e-20
5299.57 1.4894422e-15 1e-20
5301.04 1.4487002e-15 1e-20
5302.51 1.4531075e-15 1e-20
5303.98 1.4565922e-15 1e-20
5305.45 1.3893932e-15 1e-20
5306.92 1.4008543e-15 1e-20
5308.39 1.4339392e-15 1e-20
5309.86 1.4474798e-15 1e-20
5311.33 1.4390608e-15 1e-20
5312.8 1.4340874e-15 1e-20
5314.27 1.4385304e-15 1e-20
5315.74 1.4018348e-15 1e-20
5317.21 1.3757821e-15 1e-20
5318.68 1.3822789e-15 1e-20
5320.15 1.4410708e-15 1e-20
5321.62 1.4997079e-15 1e-20
5323.09 1.4678893e-15 1e-20
5324.56 1.3948604e-15 1e-20
5326.03 1.3833559e-15 1e-20
5327.5 1.406559e-15 1e-20
5328.97 1.3887783e-15 1e-20
5330.44 1.3967603e-15 1e-20
5331.91 1.4191169e-15 1e-20
5333.38 1.4227813e-15 1e-20
5334.85 1.4293575e-15 1e-20
5336.32 1.4027308e-15 1e-20
5337.79 1.4145387e-15 1e-20
5339.26 1.4232275e-15 1e-20
5340.73 1.3747556e-15 1e-20
5342.2 1.3969381e-15 1e-20
5343.67 1.4088649e-15 1e-20
5345.14 1.3587356e-15 1e-20
5346.61 1.3500828e-15 1e-20
5348.08 1.4060254e-15 1e-20
5349.55 1.4257137e-15 1e-20
5351.02 1.4105004e-15 1e-20
5352.49 1.4289414e-15 1e-20
5353.96 1.4303277e-15 1e-20
5355.43 1.3687088e-15 1e-20
5356.9 1.3835847e-15 1e-20
5358.37 1.4455708e-15 1e-20
5359.84 1.3903006e-15 1e-20
5361.31 1.3739823e-15 1e-20
5362.78 1.4057771e-15 1e-20
5364.25 1.4058133e-15 1e-20
5365.72 1.4119434e-15 1e-20
5367.19 1.401543e-15 1e-20
5368.66 1.4008497e-15 1e-20
5370.13 1.3788593e-15 1e-20
5371.6 1.3558348e-15 1e-20
5373.07 1.3591428e-15 1e-20
5374.54 1.373781e-15 1e-20
5376.01 1.3748178e-15 1e-20
5377.48 1.355073e-15 1e-20
5378.95 1.3081355e-15 1e-20
5380.42 1.2736938e-15 1e-20
5381.89 1.3247905e-15 1e-20
5383.36 1.3165141e-15 1e-20
5384.83 1.2821438e-15 1e-20
5386.3 1.2996576e-15 1e-20
5387.77 1.2635467e-15 1e-20
5389.24 1.2643288e-15 1e-20
5390.71 1.2738081e-15 1e-20
5392.18 1.2288445e-15 1e-20
5393.65 1.2191838e-15 1e-20
5395.12 1.2340547e-15 1e-20
5396.59 1.2406288e-15 1e-20
5398.06 1.217176e-15 1e-20
5399.53 1.1865177e-15 1e-20
5401.0 1.1988999e-15 1e-20
5402.47 1.1848912e-15 1e-20
5403.94 1.1626002e-15 1e-20
5405.41 1.1787857e-15 1e-20
5406.88 1.1488962e-15 1e-20
5408.35 1.1054221e-15 1e-20
5409.82 1.106753e-15 1e-20
5411.29 1.1487435e-15 1e-20
5412.76 1.1531188e-15 1e-20
5414.23 1.104133e-15 1e-20
5415.7 1.1234514e-15 1e-20
5417.17 1.1398191e-15 1e-20
5418.64 1.0901402e-15 1e-20
5420.11 1.0626208e-15 1e-20
5421.58 1.0664579e-15 1e-20
5423.05 1.0935546e-15 1e-20
5424.52 1.092631e-15 1e-20
5425.99 1.0562339e-15 1e-20
5427.46 1.0612754e-15 1e-20
5428.93 1.0554132e-15 1e-20
5430.4 1.0553e-15 1e-20
5431.87 1.0750011e-15 1e-20
5433.34 1.0459318e-15 1e-20
5434.81 1.0400287e-15 1e-20
5436.28 1.0848652e-15 1e-20
5437.75 1.1152114e-15 1e-20
5439.22 1.1266139e-15 1e-20
5440.69 1.097453e-15 1e-20
5442.16 1.0728084e-15 1e-20
5443.63 1.0886589e-15 1e-20
5445.1 1.1108035e-15 1e-20
5446.57 1.1265966e-15 1e-20
5448.04 1.1209676e-15 1e-20
5449.51 1.0811062e-15 1e-20
5450.98 1.0533124e-15 1e-20
5452.45 1.0616549e-15 1e-20
5453.92 1.0911716e-15 1e-20
5455.39 1.1393278e-15 1e-20
5456.86 1.1316243e-15 1e-20
5458.33 1.0819657e-15 1e-20
5459.8 1.0757576e-15 1e-20
5461.27 1.0980338e-15 1e-20
5462.74 1.1077788e-15 1e-20
5464.21 1.1107789e-15 1e-20
5465.68 1.0938355e-15 1e-20
5467.15 1.0842466e-15 1e-20
5468.62 1.0892975e-15 1e-20
5470.09 1.0985727e-15 1e-20
5471.56 1.1109414e-15 1e-20
5473.03 1.0992334e-15 1e-20
5474.5 1.0586841e-15 1e-20
5475.97 1.0650901e-15 1e-20
5477.44 1.1190643e-15 1e-20
5478.91 1.0810184e-15 1e-20
5480.38 1.0569286e-15 1e-20
5481.85 1.102792e-15 1e-20
5483.32 1.1046033e-15 1e-20
5484.79 1.1160498e-15 1e-20
5486.26 1.1343582e-15 1e-20
5487.73 1.1362518e-15 1e-20
5489.2 1.1491929e-15 1e-20
5490.67 1.1458216e-15 1e-20
5492.14 1.1090976e-15 1e-20
5493.61 1.1055973e-15 1e-20
5495.08 1.1599156e-15 1e-20
5496.55 1.1641101e-15 1e-20
5498.02 1.1460239e-15 1e-20
5499.49 1.1744332e-15 1e-20
5500.96 1.1564384e-15 1e-20
5502.43 1.1090214e-15 1e-20
5503.9 1.1353716e-15 1e-20
5505.37 1.1632774e-15 1e-20
5506.84 1.149815e-15 1e-20
5508.31 1.1453388e-15 1e-20
5509.78 1.1476185e-15 1e-20
5511.25 1.1231164e-15 1e-20
5512.72 1.1149031e-15 1e-20
5514.19 1.0986328e-15 1e-20
5515.66 1.0844911e-15 1e-20
5517.13 1.1164649e-15 1e-20
5518.6 1.1263542e-15 1e-20
5520.07 1.1172456e-15 1e-20
5521.54 1.128463e-15 1e-20
5523.01 1.1186603e-15 1e-20
5524.48 1.1204709e-15 1e-20
5525.95 1.1018236e-15 1e-20
5527.42 1.0907298e-15 1e-20
5528.89 1.1002963e-15 1e-20
5530.36 1.1014655e-15 1e-20
5531.83 1.120725e-15 1e-20
5533.3 1.1471648e-15 1e-20
5534.77 1.0957006e-15 1e-20
5536.24 1.0801914e-15 1e-20
5537.71 1.1237268e-15 1e-20
5539.18 1.104351e-15 1e-20
5540.65 1.1058265e-15 1e-20
5542.12 1.1206273e-15 1e-20
5543.59 1.0849196e-15 1e-20
5545.06 1.1186883e-15 1e-20
5546.53 1.1320657e-15 1e-20
5548.0 1.1349955e-15 1e-20
5549.47 1.1358788e-15 1e-20
5550.94 1.1172113e-15 1e-20
5552.41 1.1172515e-15 1e-20
5553.88 1.1405177e-15 1e-20
5555.35 1.146197e-15 1e-20
5556.82 1.0745829e-15 1e-20
5558.29 1.0352395e-15 1e-20
5559.76 1.0869857e-15 1e-20
5561.23 1.0993769e-15 1e-20
5562.7 1.0481583e-15 1e-20
5564.17 1.0283974e-15 1e-20
5565.64 1.0076197e-15 1e-20
5567.11 1.0239664e-15 1e-20
5568.58 1.0508854e-15 1e-20
5570.05 1.0490036e-15 1e-20
5571.52 1.0803033e-15 1e-20
5572.99 1.0911279e-15 1e-20
5574.46 1.0498422e-15 1e-20
5575.93 1.0869377e-15 1e-20
5577.4 1.0750399e-15 1e-20
5578.87 1.0311592e-15 1e-20
5580.34 1.043314e-15 1e-20
5581.81 1.0464123e-15 1e-20
5583.28 1.0583644e-15 1e-20
5584.75 1.0801736e-15 1e-20
5586.22 1.0728579e-15 1e-20
5587.69 1.0201414e-15 1e-20
5589.16 1.0050526e-15 1e-20
5590.63 9.5654756e-16 1e-20
5592.1 8.9627916e-16 1e-20
5593.57 9.2207676e-16 1e-20
5595.04 9.6266335e-16 1e-20
5596.51 9.5891291e-16 1e-20
5597.98 9.737134e-16 1e-20
5599.45 1.0022988e-15 1e-20
5600.92 9.7567874e-16 1e-20
5602.39 9.8428935e-16 1e-20
5603.86 9.9001443e-16 1e-20
5605.33 9.8520112e-16 1e-20
5606.8 9.9963802e-16 1e-20
5608.27 9.8425746e-16 1e-20
5609.74 9.7314942e-16 1e-20
5611.21 9.7526413e-16 1e-20
5612.68 9.8398483e-16 1e-20
5614.15 9.9429262e-16 1e-20
5615.62 9.8781824e-16 1e-20
5617.09 9.7286308e-16 1e-20
5618.56 9.45481e-16 1e-20
5620.03 9.5998335e-16 1e-20
5621.5 1.0060444e-15 1e-20
5622.97 9.7674775e-16 1e-20
5624.44 9.5620102e-16 1e-20
5625.91 9.562875e-16 1e-20
5627.38 9.7902852e-16 1e-20
5628.85 1.0098903e-15 1e-20
5630.32 9.9062794e-16 1e-20
5631.79 9.7389495e-16 1e-20
5633.26 9.8674697e-16 1e-20
5634.73 9.6310604e-16 1e-20
5636.2 9.5175207e-16 1e-20
5637.67 9.7569323e-16 1e-20
5639.14 1.0110766e-15 1e-20
5640.61 9.9377233e-16 1e-20
5642.08 9.7649497e-16 1e-20
5643.55 9.6261013e-16 1e-20
5645.02 9.7086048e-16 1e-20
5646.49 1.059389e-15 1e-20
5647.96 1.0649381e-15 1e-20
5649.43 1.058913e-15 1e-20
5650.9 1.0527036e-15 1e-20
5652.37 1.0484158e-15 1e-20
5653.84 1.0530078e-15 1e-20
5655.31 1.0373254e-15 1e-20
5656.78 1.0614308e-15 1e-20
5658.25 1.0702988e-15 1e-20
5659.72 1.0079209e-15 1e-20
5661.19 1.0409945e-15 1e-20
5662.66 1.0731727e-15 1e-20
5664.13 1.0577531e-15 1e-20
5665.6 1.0427102e-15 1e-20
5667.07 1.0513171e-15 1e-20
5668.54 1.0605468e-15 1e-20
5670.01 1.0674936e-15 1e-20
5671.48 1.0338235e-15 1e-20
5672.95 1.0593305e-15 1e-20
5674.42 1.077539e-15 1e-20
5675.89 1.0458504e-15 1e-20
5677.36 1.0766649e-15 1e-20
5678.83 1.109723e-15 1e-20
5680.3 1.0630714e-15 1e-20
5681.77 1.038424e-15 1e-20
5683.24 1.0582672e-15 1e-20
5684.71 1.0504028e-15 1e-20
5686.18 1.0661277e-15 1e-20
5687.65 1.0639081e-15 1e-20
5689.12 1.0464725e-15 1e-20
5690.59 1.0297849e-15 1e-20
5692.06 1.0434979e-15 1e-20
5693.53 1.013387e-15 1e-20
5695.0 1.0141245e-15 1e-20
5696.47 1.0102664e-15 1e-20
5697.94 1.0152539e-15 1e-20
5699.41 1.0403007e-15 1e-20
5700.88 9.9592942e-16 1e-20
5702.35 9.5804477e-16 1e-20
5703.82 9.7764242e-16 1e-20
5705.29 9.9400866e-16 1e-20
5706.76 9.7592795e-16 1e-20
5708.23 9.6680194e-16 1e-20
5709.7 9.6431571e-16 1e-20
5711.17 9.9835455e-16 1e-20
5712.64 1.0267229e-15 1e-20
5714.11 9.9618697e-16 1e-20
5715.58 9.8923075e-16 1e-20
5717.05 1.0082219e-15 1e-20
5718.52 1.0326277e-15 1e-20
5719.99 9.9839467e-16 1e-20
5721.46 9.6781844e-16 1e-20
5722.93 9.9668938e-16 1e-20
5724.4 1.040985e-15 1e-20
5725.87 1.0508567e-15 1e-20
5727.34 1.0248985e-15 1e-20
5728.81 1.0274307e-15 1e-20
5730.28 1.0441548e-15 1e-20
5731.75 1.0509297e-15 1e-20
5733.22 1.06905e-15 1e-20
5734.69 1.0794501e-15 1e-20
5736.16 1.0550646e-15 1e-20
5737.63 1.014912e-15 1e-20
5739.1 9.8897624e-16 1e-20
5740.57 1.0037507e-15 1e-20
5742.04 1.0475463e-15 1e-20
5743.51 1.0608517e-15 1e-20
5744.98 1.0469284e-15 1e-20
5746.45 1.0628856e-15 1e-20
5747.92 1.039284e-15 1e-20
5749.39 9.9061841e-16 1e-20
5750.86 1.0239786e-15 1e-20
5752.33 1.0666753e-15 1e-20
5753.8 1.0587522e-15 1e-20
5755.27 1.042215e-15 1e-20
5756.74 1.0188417e-15 1e-20
5758.21 1.0065117e-15 1e-20
5759.68 1.0098896e-15 1e-20
5761.15 1.0133121e-15 1e-20
5762.62 1.020108e-15 1e-20
5764.09 9.8931134e-16 1e-20
5765.56 9.6218354e-16 1e-20
5767.03 9.8944485e-16 1e-20
5768.5 1.0046461e-15 1e-20
5769.97 1.0032895e-15 1e-20
5771.44 1.0075923e-15 1e-20
5772.91 1.0211098e-15 1e-20
5774.38 1.0199708e-15 1e-20
5775.85 9.9418235e-16 1e-20
5777.32 1.0099294e-15 1e-20
5778.79 1.0134364e-15 1e-20
5780.26 1.0205027e-15 1e-20
5781.73 1.0384395e-15 1e-20
5783.2 1.0283953e-15 1e-20
5784.67 1.0186515e-15 1e-20
5786.14 1.0136111e-15 1e-20
5787.61 9.9517709e-16 1e-20
5789.08 9.5907462e-16 1e-20
5790.55 9.2356539e-16 1e-20
5792.02 9.4794095e-16 1e-20
5793.49 1.0041454e-15 1e-20
5794.96 1.0242423e-15 1e-20
5796.43 1.0026075e-15 1e-20
5797.9 1.0333663e-15 1e-20
5799.37 1.0672524e-15 1e-20
5800.84 1.0815212e-15 1e-20
5802.31 1.0471499e-15 1e-20
5803.78 1.0385082e-15 1e-20
5805.25 1.0163944e-15 1e-20
5806.72 1.0026662e-15 1e-20
5808.19 1.0385362e-15 1e-20
5809.66 1.0268807e-15 1e-20
5811.13 1.021137e-15 1e-20
5812.6 1.011893e-15 1e-20
5814.07 1.0194278e-15 1e-20
5815.54 1.0474753e-15 1e-20
5817.01 1.024827e-15 1e-20
5818.48 9.7482061e-16 1e-20
5819.95 1.0187857e-15 1e-20
5821.42 1.0300022e-15 1e-20
5822.89 1.0278323e-15 1e-20
5824.36 1.0426594e-15 1e-20
5825.83 1.0204153e-15 1e-20
5827.3 1.0270059e-15 1e-20
5828.77 1.0284399e-15 1e-20
5830.24 1.0043687e-15 1e-20
5831.71 1.0191472e-15 1e-20
5833.18 1.035955e-15 1e-20
5834.65 1.0667154e-15 1e-20
5836.12 1.0740345e-15 1e-20
5837.59 1.0675254e-15 1e-20
5839.06 1.0735309e-15 1e-20
5840.53 1.0251861e-15 1e-20
5842.0 1.0039768e-15 1e-20
5843.47 1.0941705e-15 1e-20
5844.94 1.0581696e-15 1e-20
5846.41 1.0365056e-15 1e-20
5847.88 1.0396912e-15 1e-20
5849.35 1.02858e-15 1e-20
5850.82 1.0489694e-15 1e-20
5852.29 9.8428422e-16 1e-20
5853.76 9.6341747e-16 1e-20
5855.23 9.9923313e-16 1e-20
5856.7 1.0051678e-15 1e-20
5858.17 1.0494874e-15 1e-20
5859.64 9.9103451e-16 1e-20
5861.11 9.7045022e-16 1e-20
5862.58 1.0301307e-15 1e-20
5864.05 1.0475764e-15 1e-20
5865.52 1.005164e-15 1e-20
5866.99 1.0045823e-15 1e-20
5868.46 9.9439055e-16 1e-20
5869.93 9.7858644e-16 1e-20
5871.4 1.040243e-15 1e-20
5872.87 9.9230164e-16 1e-20
5874.34 9.7939616e-16 1e-20
5875.81 1.0224161e-15 1e-20
5877.28 1.0249211e-15 1e-20
5878.75 1.0449224e-15 1e-20
5880.22 1.0454097e-15 1e-20
5881.69 1.012032e-15 1e-20
5883.16 1.0209374e-15 1e-20
5884.63 9.7682214e-16 1e-20
5886.1 9.6987349e-16 1e-20
5887.57 9.7320622e-16 1e-20
5889.04 9.6118468e-16 1e-20
5890.51 9.4785631e-16 1e-20
5891.98 1.0075066e-15 1e-20
5893.45 1.0167532e-15 1e-20
5894.92 9.7130203e-16 1e-20
5896.39 9.554652e-16 1e-20
5897.86 9.7047478e-16 1e-20
5899.33 9.3286508e-16 1e-20
5900.8 9.4533497e-16 1e-20
5902.27 1.0081403e-15 1e-20
5903.74 1.0059967e-15 1e-20
5905.21 1.0038531e-15 1e-20
5906.68 1.0017095e-15 1e-20
5908.15 9.995659e-16 1e-20
5909.62 9.995659e-16 1e-20
5911.09 9.6929866e-16 1e-20
5912.56 1.0007023e-15 1e-20
5914.03 9.9263799e-16 1e-20
5915.5 9.8193467e-16 1e-20
5916.97 9.6346688e-16 1e-20
5918.44 9.5601135e-16 1e-20
5919.91 9.7383291e-16 1e-20
5921.38 9.7536337e-16 1e-20
5922.85 9.6807754e-16 1e-20
5924.32 9.6598315e-16 1e-20
5925.79 9.6478623e-16 1e-20
5927.26 9.1654003e-16 1e-20
5928.73 9.6846694e-16 1e-20
5930.2 9.9574172e-16 1e-20
5931.67 9.6411681e-16 1e-20
5933.14 9.7861087e-16 1e-20
5934.61 9.3169987e-16 1e-20
5936.08 9.6677834e-16 1e-20
5937.55 9.467454e-16 1e-20
5939.02 8.779276e-16 1e-20
5940.49 9.2141271e-16 1e-20
5941.96 9.6773547e-16 1e-20
5943.43 9.6960115e-16 1e-20
5944.9 9.3948102e-16 1e-20
5946.37 9.1630012e-16 1e-20
5947.84 9.1717762e-16 1e-20
5949.31 9.6112037e-16 1e-20
5950.78 9.6590233e-16 1e-20
5952.25 9.4925505e-16 1e-20
5953.72 9.8781908e-16 1e-20
5955.19 9.9489361e-16 1e-20
5956.66 9.9798775e-16 1e-20
5958.13 9.911797e-16 1e-20
5959.6 9.8461533e-16 1e-20
5961.07 9.4808853e-16 1e-20
5962.54 9.0094209e-16 1e-20
5964.01 9.796105e-16 1e-20
5965.48 9.9214256e-16 1e-20
5966.95 9.352777e-16 1e-20
5968.42 9.6584815e-16 1e-20
5969.89 9.8739392e-16 1e-20
5971.36 9.7051662e-16 1e-20
5972.83 9.6325237e-16 1e-20
5974.3 9.5460522e-16 1e-20
5975.77 9.8525131e-16 1e-20
5977.24 1.0144595e-15 1e-20
5978.71 9.499954e-16 1e-20
5980.18 9.3710345e-16 1e-20
5981.65 9.2044741e-16 1e-20
5983.12 8.9895284e-16 1e-20
5984.59 9.7542262e-16 1e-20
5986.06 9.6804786e-16 1e-20
5987.53 9.7249532e-16 1e-20
5989.0 9.7405201e-16 1e-20
5990.47 9.9213755e-16 1e-20
5991.94 1.0465956e-15 1e-20
5993.41 9.9334073e-16 1e-20
5994.88 9.6432871e-16 1e-20
5996.35 9.719758e-16 1e-20
5997.82 9.6637028e-16 1e-20
5999.29 9.9923468e-16 1e-20
6000.76 1.0100951e-15 1e-20
6002.23 9.7420925e-16 1e-20
6003.7 9.3497831e-16 1e-20
6005.17 9.4999284e-16 1e-20
6006.64 9.824661e-16 1e-20
6008.11 9.961096e-16 1e-20
6009.58 9.967764e-16 1e-20
6011.05 9.992249e-16 1e-20
6012.52 9.697662e-16 1e-20
6013.99 9.7805488e-16 1e-20
6015.46 9.7816932e-16 1e-20
6016.93 1.0178664e-15 1e-20
6018.4 1.003055e-15 1e-20
6019.87 9.3281227e-16 1e-20
6021.34 9.5196152e-16 1e-20
6022.81 9.4428879e-16 1e-20
6024.28 9.6555722e-16 1e-20
6025.75 9.781155e-16 1e-20
6027.22 1.0011827e-15 1e-20
6028.69 9.5393795e-16 1e-20
6030.16 9.8822451e-16 1e-20
6031.63 9.9120009e-16 1e-20
6033.1 1.0175776e-15 1e-20
6034.57 9.9053675e-16 1e-20
6036.04 9.9689305e-16 1e-20
6037.51 9.9324244e-16 1e-20
6038.98 9.6413529e-16 1e-20
6040.45 9.6754307e-16 1e-20
6041.92 9.8501348e-16 1e-20
6043.39 1.0049154e-15 1e-20
6044.86 9.9328077e-16 1e-20
6046.33 9.7741044e-16 1e-20
6047.8 9.8509467e-16 1e-20
6049.27 9.4154626e-16 1e-20
6050.74 9.8823452e-16 1e-20
6052.21 9.8453641e-16 1e-20
6053.68 9.8143959e-16 1e-20
6055.15 1.0055679e-15 1e-20
6056.62 1.0265871e-15 1e-20
6058.09 9.7944605e-16 1e-20
6059.56 1.0354874e-15 1e-20
6061.03 1.0077573e-15 1e-20
6062.5 9.6872586e-16 1e-20
6063.97 9.3052322e-16 1e-20
6065.44 9.4536644e-16 1e-20
6066.91 9.9405485e-16 1e-20
6068.38 9.9046904e-16 1e-20
6069.85 9.5214939e-16 1e-20
6071.32 9.8486203e-16 1e-20
6072.79 9.6948469e-16 1e-20
6074.26 9.649089e-16 1e-20
6075.73 9.6917892e-16 1e-20
6077.2 9.6101165e-16 1e-20
6078.67 9.820407e-16 1e-20
6080.14 9.7735476e-16 1e-20
6081.61 9.2970628e-16 1e-20
6083.08 9.7640193e-16 1e-20
6084.55 9.9494308e-16 1e-20
6086.02 1.0158327e-15 1e-20
6087.49 9.9049264e-16 1e-20
6088.96 9.6161717e-16 1e-20
6090.43 1.0027417e-15 1e-20
6091.9 9.5634472e-16 1e-20
6093.37 9.6100754e-16 1e-20
6094.84 9.683004e-16 1e-20
6096.31 1.0093075e-15 1e-20
6097.78 9.7602743e-16 1e-20
6099.25 9.4414186e-16 1e-20
6100.72 9.2851001e-16 1e-20
6102.19 9.5103198e-16 1e-20
6103.66 9.6004951e-16 1e-20
6105.13 1.0102125e-15 1e-20
6106.6 9.8780608e-16 1e-20
6108.07 9.5797968e-16 1e-20
6109.54 1.0008317e-15 1e-20
6111.01 9.9384719e-16 1e-20
6112.48 9.2571783e-16 1e-20
6113.95 9.1250139e-16 1e-20
6115.42 8.9306265e-16 1e-20
6116.89 9.6646458e-16 1e-20
6118.36 9.3137062e-16 1e-20
6119.83 9.0652817e-16 1e-20
6121.3 9.2371416e-16 1e-20
6122.77 9.2818832e-16 1e-20
6124.24 9.9190199e-16 1e-20
6125.71 9.5445824e-16 1e-20
6127.18 9.180131e-16 1e-20
6128.65 9.6076524e-16 1e-20
6130.12 9.1904908e-16 1e-20
6131.59 9.1336197e-16 1e-20
6133.06 9.0716904e-16 1e-20
6134.53 8.7828451e-16 1e-20
6136.0 9.2977035e-16 1e-20
6137.47 9.4724488e-16 1e-20
6138.94 9.2191881e-16 1e-20
6140.41 9.2232281e-16 1e-20
6141.88 9.5140392e-16 1e-20
6143.35 9.2490077e-16 1e-20
6144.82 9.2735744e-16 1e-20
6146.29 9.3010676e-16 1e-20
6147.76 9.5273691e-16 1e-20
6149.23 9.3107784e-16 1e-20
6150.7 8.9582551e-16 1e-20
6152.17 8.7606704e-16 1e-20
6153.64 8.5980755e-16 1e-20
6155.11 9.2713201e-16 1e-20
6156.58 9.3943822e-16 1e-20
6158.05 9.0454358e-16 1e-20
6159.52 9.0674901e-16 1e-20
6160.99 9.0055037e-16 1e-20
6162.46 8.5245991e-16 1e-20
6163.93 8.4051263e-16 1e-20
6165.4 8.5617393e-16 1e-20
6166.87 8.6284494e-16 1e-20
6168.34 8.8582623e-16 1e-20
6169.81 8.6492372e-16 1e-20
6171.28 8.7179404e-16 1e-20
6172.75 9.0000075e-16 1e-20
6174.22 8.7770188e-16 1e-20
6175.69 8.6170405e-16 1e-20
6177.16 8.4756702e-16 1e-20
6178.63 8.3232355e-16 1e-20
6180.1 8.8811696e-16 1e-20
6181.57 9.0637386e-16 1e-20
6183.04 8.4780723e-16 1e-20
6184.51 8.9232975e-16 1e-20
6185.98 8.9451545e-16 1e-20
6187.45 8.289451e-16 1e-20
6188.92 8.538267e-16 1e-20
6190.39 8.4505302e-16 1e-20
6191.86 8.2524133e-16 1e-20
6193.33 8.5116261e-16 1e-20
6194.8 8.2127237e-16 1e-20
6196.27 8.2496595e-16 1e-20
6197.74 8.5936868e-16 1e-20
6199.21 8.2617885e-16 1e-20
6200.68 7.9566818e-16 1e-20
6202.15 8.3263165e-16 1e-20
6203.62 8.637526e-16 1e-20
6205.09 8.6720377e-16 1e-20
6206.56 8.4937829e-16 1e-20
6208.03 8.3034104e-16 1e-20
6209.5 8.4734988e-16 1e-20
6210.97 8.1668001e-16 1e-20
6212.44 8.2728523e-16 1e-20
6213.91 8.1406069e-16 1e-20
6215.38 8.3023024e-16 1e-20
6216.85 8.2431167e-16 1e-20
6218.32 7.878738e-16 1e-20
6219.79 7.9966956e-16 1e-20
6221.26 8.0974096e-16 1e-20
6222.73 7.8928453e-16 1e-20
6224.2 8.108294e-16 1e-20
6225.67 7.8209996e-16 1e-20
6227.14 7.8766698e-16 1e-20
6228.61 8.1546742e-16 1e-20
6230.08 7.6221102e-16 1e-20
6231.55 7.6910013e-16 1e-20
6233.02 8.1736273e-16 1e-20
6234.49 7.7373219e-16 1e-20
6235.96 7.586984e-16 1e-20
6237.43 8.4564131e-16 1e-20
6238.9 8.3839661e-16 1e-20
6240.37 7.4932635e-16 1e-20
6241.84 8.0214274e-16 1e-20
6243.31 7.4933559e-16 1e-20
6244.78 6.9370627e-16 1e-20
6246.25 7.3179924e-16 1e-20
6247.72 7.4220264e-16 1e-20
6249.19 7.4161911e-16 1e-20
6250.66 7.5023353e-16 1e-20
6252.13 7.5053018e-16 1e-20
6253.6 7.7196074e-16 1e-20
6255.07 7.5143653e-16 1e-20
6256.54 7.5329989e-16 1e-20
6258.01 7.2123402e-16 1e-20
6259.48 7.0859116e-16 1e-20
6260.95 6.957888e-16 1e-20
6262.42 7.0165366e-16 1e-20
6263.89 7.0645612e-16 1e-20
6265.36 7.1874225e-16 1e-20
6266.83 7.2679031e-16 1e-20
6268.3 7.4231404e-16 1e-20
6269.77 7.2383434e-16 1e-20
6271.24 6.942513e-16 1e-20
6272.71 7.146216e-16 1e-20
6274.18 7.3438215e-16 1e-20
6275.65 7.0970875e-16 1e-20
6277.12 7.1914637e-16 1e-20
6278.59 7.2876477e-16 1e-20
6280.06 7.4888498e-16 1e-20
6281.53 7.1662307e-16 1e-20
6283.0 7.2527254e-16 1e-20
6284.47 7.0973986e-16 1e-20
6285.94 6.6806698e-16 1e-20
6287.41 6.499756e-16 1e-20
6288.88 7.1736419e-16 1e-20
6290.35 7.3807359e-16 1e-20
6291.82 6.7976898e-16 1e-20
6293.29 6.4528596e-16 1e-20
6294.76 6.7000651e-16 1e-20
6296.23 6.7306525e-16 1e-20
6297.7 6.9796765e-16 1e-20
6299.17 7.051397e-16 1e-20
6300.64 6.499216e-16 1e-20
6302.11 6.7559886e-16 1e-20
6303.58 6.4011198e-16 1e-20
6305.05 6.3345444e-16 1e-20
6306.52 6.4266729e-16 1e-20
6307.99 6.2199974e-16 1e-20
6309.46 6.4796156e-16 1e-20
6310.93 6.6701806e-16 1e-20
6312.4 6.4109659e-16 1e-20
6313.87 6.618157e-16 1e-20
6315.34 6.108005e-16 1e-20
6316.81 6.2974954e-16 1e-20
6318.28 6.3125741e-16 1e-20
6319.75 6.6593635e-16 1e-20
6321.22 6.2061441e-16 1e-20
6322.69 6.5689039e-16 1e-20
6324.16 6.7406654e-16 1e-20
6325.63 6.5327603e-16 1e-20
6327.1 6.6523725e-16 1e-20
6328.57 6.6838002e-16 1e-20
6330.04 6.4659792e-16 1e-20
6331.51 6.6202724e-16 1e-20
6332.98 6.6855323e-16 1e-20
6334.45 6.425277e-16 1e-20
6335.92 6.5240097e-16 1e-20
6337.39 6.5027338e-16 1e-20
6338.86 6.8583018e-16 1e-20
6340.33 7.0153356e-16 1e-20
6341.8 6.9445097e-16 1e-20
6343.27 6.6971797e-16 1e-20
6344.74 6.9663453e-16 1e-20
6346.21 7.0701826e-16 1e-20
6347.68 6.5360993e-16 1e-20
6349.15 6.532194e-16 1e-20
6350.62 6.9355488e-16 1e-20
6352.09 6.7766505e-16 1e-20
6353.56 6.4922923e-16 1e-20
6355.03 6.6847038e-16 1e-20
6356.5 7.1308893e-16 1e-20
6357.97 7.170344e-16 1e-20
6359.44 7.5290161e-16 1e-20
6360.91 7.1104318e-16 1e-20
6362.38 6.8015647e-16 1e-20
6363.85 7.3949718e-16 1e-20
6365.32 7.41579e-16 1e-20
6366.79 6.9271129e-16 1e-20
6368.26 6.6603088e-16 1e-20
6369.73 7.1652073e-16 1e-20
6371.2 7.2811729e-16 1e-20
6372.67 7.3635077e-16 1e-20
6374.14 7.2083437e-16 1e-20
6375.61 7.0683557e-16 1e-20
6377.08 7.5184399e-16 1e-20
6378.55 7.3075557e-16 1e-20
6380.02 7.1325207e-16 1e-20
6381.49 7.3882371e-16 1e-20
6382.96 7.5438082e-16 1e-20
6384.43 7.2456133e-16 1e-20
6385.9 7.1317852e-16 1e-20
6387.37 7.7262777e-16 1e-20
6388.84 7.8545529e-16 1e-20
6390.31 7.2617531e-16 1e-20
6391.78 7.477988e-16 1e-20
6393.25 8.049162e-16 1e-20
6394.72 8.1930405e-16 1e-20
6396.19 7.4371547e-16 1e-20
6397.66 7.2321182e-16 1e-20
6399.13 7.7615863e-16 1e-20
6400.6 7.7728391e-16 1e-20
6402.07 7.8272694e-16 1e-20
6403.54 7.9127628e-16 1e-20
6405.01 7.7885681e-16 1e-20
6406.48 7.6735532e-16 1e-20
6407.95 7.9787475e-16 1e-20
6409.42 7.4718112e-16 1e-20
6410.89 7.5236058e-16 1e-20
6412.36 7.8482777e-16 1e-20
6413.83 7.5734848e-16 1e-20
6415.3 7.883001e-16 1e-20
6416.77 7.9218751e-16 1e-20
6418.24 7.9326791e-16 1e-20
6419.71 7.9989648e-16 1e-20
6421.18 8.0424327e-16 1e-20
6422.65 7.654292e-16 1e-20
6424.12 7.1477574e-16 1e-20
6425.59 7.8479528e-16 1e-20
6427.06 8.0379969e-16 1e-20
6428.53 7.9709655e-16 1e-20
6430.0 8.5401821e-16 1e-20
6431.47 8.3604318e-16 1e-20
6432.94 7.7842021e-16 1e-20
6434.41 7.9732943e-16 1e-20
6435.88 8.2047725e-16 1e-20
6437.35 7.618345e-16 1e-20
6438.82 7.9266167e-16 1e-20
6440.29 7.983368e-16 1e-20
6441.76 8.4334844e-16 1e-20
6443.23 8.4108645e-16 1e-20
6444.7 8.0661833e-16 1e-20
6446.17 8.1077832e-16 1e-20
6447.64 7.8748226e-16 1e-20
6449.11 8.1613672e-16 1e-20
6450.58 7.9674095e-16 1e-20
6452.05 8.2114297e-16 1e-20
6453.52 7.9087543e-16 1e-20
6454.99 7.7667964e-16 1e-20
6456.46 7.3445255e-16 1e-20
6457.93 7.7360153e-16 1e-20
6459.4 7.6700866e-16 1e-20
6460.87 7.9658747e-16 1e-20
6462.34 8.5137773e-16 1e-20
6463.81 8.8522792e-16 1e-20
6465.28 8.3812666e-16 1e-20
6466.75 7.9431081e-16 1e-20
6468.22 8.0087721e-16 1e-20
6469.69 7.9716766e-16 1e-20
6471.16 7.7926385e-16 1e-20
6472.63 7.7047843e-16 1e-20
6474.1 7.995308e-16 1e-20
6475.57 7.8857446e-16 1e-20
6477.04 7.7844703e-16 1e-20
6478.51 7.3635387e-16 1e-20
6479.98 7.7903521e-16 1e-20
6481.45 7.3767698e-16 1e-20
6482.92 7.7914947e-16 1e-20
6484.39 8.4083515e-16 1e-20
6485.86 8.0358636e-16 1e-20
6487.33 8.3528394e-16 1e-20
6488.8 8.6567074e-16 1e-20
6490.27 8.1929016e-16 1e-20
6491.74 8.2398194e-16 1e-20
6493.21 8.1064761e-16 1e-20
6494.68 7.9949617e-16 1e-20
6496.15 8.0824417e-16 1e-20
6497.62 8.1827372e-16 1e-20
6499.09 8.2271516e-16 1e-20
6500.56 7.8456926e-16 1e-20
6502.03 7.6054734e-16 1e-20
6503.5 8.0570382e-16 1e-20
6504.97 8.2376987e-16 1e-20
6506.44 7.7347392e-16 1e-20
6507.91 7.7575219e-16 1e-20
6509.38 7.5884819e-16 1e-20
6510.85 7.7902424e-16 1e-20
6512.32 8.0850297e-16 1e-20
6513.79 8.1407136e-16 1e-20
6515.26 7.9499823e-16 1e-20
6516.73 7.7582783e-16 1e-20
6518.2 7.5196737e-16 1e-20
6519.67 7.4721396e-16 1e-20
6521.14 7.8132123e-16 1e-20
6522.61 7.7705264e-16 1e-20
6524.08 7.6972312e-16 1e-20
6525.55 7.7136403e-16 1e-20
6527.02 7.7528089e-16 1e-20
6528.49 7.7719766e-16 1e-20
6529.96 7.5750053e-16 1e-20
6531.43 7.8032404e-16 1e-20
6532.9 7.7020186e-16 1e-20
6534.37 7.8698957e-16 1e-20
6535.84 8.1108975e-16 1e-20
6537.31 7.8617722e-16 1e-20
6538.78 7.5904578e-16 1e-20
6540.25 7.3404831e-16 1e-20
6541.72 7.2325999e-16 1e-20
6543.19 7.3099214e-16 1e-20
6544.66 7.5712132e-16 1e-20
6546.13 7.8232783e-16 1e-20
6547.6 7.9502755e-16 1e-20
6549.07 7.9562813e-16 1e-20
6550.54 7.9591948e-16 1e-20
6552.01 7.8198051e-16 1e-20
6553.48 8.0109966e-16 1e-20
6554.95 8.3109003e-16 1e-20
6556.42 8.2192034e-16 1e-20
6557.89 7.8617185e-16 1e-20
6559.36 7.2141844e-16 1e-20
6560.83 7.6050633e-16 1e-20
6562.3 7.6161605e-16 1e-20
6563.77 7.2374398e-16 1e-20
6565.24 7.4290776e-16 1e-20
6566.71 7.3183876e-16 1e-20
6568.18 7.1860951e-16 1e-20
6569.65 7.3199779e-16 1e-20
6571.12 7.5497663e-16 1e-20
6572.59 7.502588e-16 1e-20
6574.06 7.3507649e-16 1e-20
6575.53 7.632193e-16 1e-20
6577.0 7.7383924e-16 1e-20
6578.47 7.5871956e-16 1e-20
6579.94 7.6323086e-16 1e-20
6581.41 7.6432586e-16 1e-20
6582.88 7.1046782e-16 1e-20
6584.35 6.8610859e-16 1e-20
6585.82 7.1393877e-16 1e-20
6587.29 7.0730162e-16 1e-20
6588.76 7.2471428e-16 1e-20
6590.23 7.1599329e-16 1e-20
6591.7 7.0078933e-16 1e-20
6593.17 7.1623033e-16 1e-20
6594.64 6.9614464e-16 1e-20
6596.11 7.1784967e-16 1e-20
6597.58 7.41687e-16 1e-20
6599.05 7.2822922e-16 1e-20
6600.52 6.9291598e-16 1e-20
6601.99 6.696595e-16 1e-20
6603.46 6.9482583e-16 1e-20
6604.93 6.979875e-16 1e-20
6606.4 6.9473839e-16 1e-20
6607.87 7.0217919e-16 1e-20
6609.34 7.0751935e-16 1e-20
6610.81 6.9305021e-16 1e-20
6612.28 7.115317e-16 1e-20
6613.75 6.872471e-16 1e-20
6615.22 6.5979356e-16 1e-20
6616.69 6.278289e-16 1e-20
6618.16 6.3867927e-16 1e-20
6619.63 6.7994362e-16 1e-20
6621.1 7.1351576e-16 1e-20
6622.57 7.0838219e-16 1e-20
6624.04 6.9009155e-16 1e-20
6625.51 6.8616128e-16 1e-20
6626.98 6.7338347e-16 1e-20
6628.45 6.8335104e-16 1e-20
6629.92 6.7888814e-16 1e-20
6631.39 6.8829495e-16 1e-20
6632.86 7.0692229e-16 1e-20
6634.33 7.0182836e-16 1e-20
6635.8 6.7695546e-16 1e-20
6637.27 6.5826869e-16 1e-20
6638.74 6.8736202e-16 1e-20
6640.21 7.0151001e-16 1e-20
6641.68 7.0684868e-16 1e-20
6643.15 7.0858872e-16 1e-20
6644.62 6.5377325e-16 1e-20
6646.09 6.6679817e-16 1e-20
6647.56 6.9222051e-16 1e-20
6649.03 6.8526381e-16 1e-20
6650.5 7.1820843e-16 1e-20
6651.97 7.1836507e-16 1e-20
6653.44 7.0208478e-16 1e-20
6654.91 6.5895838e-16 1e-20
6656.38 6.5004569e-16 1e-20
6657.85 6.4838004e-16 1e-20
6659.32 6.2972915e-16 1e-20
6660.79 6.2451571e-16 1e-20
6662.26 6.4769852e-16 1e-20
6663.73 6.5875643e-16 1e-20
6665.2 6.6009521e-16 1e-20
6666.67 6.6220462e-16 1e-20
6668.14 6.7971474e-16 1e-20
6669.61 6.9376457e-16 1e-20
6671.08 6.6290736e-16 1e-20
6672.55 6.6097599e-16 1e-20
6674.02 6.6230369e-16 1e-20
6675.49 6.7432648e-16 1e-20
6676.96 6.6599149e-16 1e-20
6678.43 6.5307724e-16 1e-20
6679.9 6.3229114e-16 1e-20
6681.37 6.4110482e-16 1e-20
6682.84 6.3924885e-16 1e-20
6684.31 6.5936387e-16 1e-20
6685.78 6.4779115e-16 1e-20
6687.25 6.4930689e-16 1e-20
6688.72 6.7684686e-16 1e-20
6690.19 6.4276439e-16 1e-20
6691.66 6.4933115e-16 1e-20
6693.13 6.6931152e-16 1e-20
6694.6 6.7413926e-16 1e-20
6696.07 6.6220075e-16 1e-20
6697.54 6.4402193e-16 1e-20
6699.01 6.4398313e-16 1e-20
6700.48 6.4337766e-16 1e-20
6701.95 6.4264822e-16 1e-20
6703.42 6.3303483e-16 1e-20
6704.89 6.182493e-16 1e-20
6706.36 6.2070149e-16 1e-20
6707.83 6.3945651e-16 1e-20
6709.3 6.3147187e-16 1e-20
6710.77 6.022352e-16 1e-20
6712.24 6.2032503e-16 1e-20
6713.71 6.2464249e-16 1e-20
6715.18 6.4000416e-16 1e-20
6716.65 6.607548e-16 1e-20
6718.12 6.3153207e-16 1e-20
6719.59 5.3740168e-16 1e-20
6721.06 3.5357705e-16 1e-20
6722.53 1.5248595e-16 1e-20
6724.0 -7.4740358e-17 1e-20
6725.47 -1.2884091e-16 1e-20
6726.94 3.3721209e-17 1e-20
6728.41 3.1205505e-16 1e-20
6729.88 4.6258289e-16 1e-20
6731.35 5.3295571e-16 1e-20
6732.82 5.9528714e-16 1e-20
6734.29 6.1182982e-16 1e-20
6735.76 5.6888562e-16 1e-20
6737.23 5.9232497e-16 1e-20
6738.7 6.0997695e-16 1e-20
6740.17 6.1163521e-16 1e-20
6741.64 5.7800776e-16 1e-20
6743.11 5.4105872e-16 1e-20
6744.58 4.991208e-16 1e-20
6746.05 4.6895912e-16 1e-20
6747.52 5.0394875e-16 1e-20
6748.99 5.8571869e-16 1e-20
6750.46 7.0263422e-16 1e-20
6751.93 7.1095943e-16 1e-20
6753.4 6.4320761e-16 1e-20
6754.87 6.280998e-16 1e-20
6756.34 6.3382465e-16 1e-20
6757.81 6.1976385e-16 1e-20
6759.28 5.9612399e-16 1e-20
6760.75 5.9256977e-16 1e-20
6762.22 6.2203974e-16 1e-20
6763.69 6.3155127e-16 1e-20
6765.16 6.2301403e-16 1e-20
6766.63 6.3187838e-16 1e-20
6768.1 6.5302259e-16 1e-20
6769.57 6.6003084e-16 1e-20
6771.04 6.2721056e-16 1e-20
6772.51 5.9276164e-16 1e-20
6773.98 5.8619934e-16 1e-20
6775.45 5.7940191e-16 1e-20
6776.92 5.8523053e-16 1e-20
6778.39 6.2152368e-16 1e-20
6779.86 6.5423352e-16 1e-20
6781.33 6.3054371e-16 1e-20
6782.8 6.1784142e-16 1e-20
6784.27 6.4534616e-16 1e-20
6785.74 6.414066e-16 1e-20
6787.21 6.4399695e-16 1e-20
6788.68 6.4732176e-16 1e-20
6790.15 6.2320912e-16 1e-20
6791.62 6.1278343e-16 1e-20
6793.09 6.1601806e-16 1e-20
6794.56 6.2437397e-16 1e-20
6796.03 6.2849236e-16 1e-20
6797.5 6.2538266e-16 1e-20
6798.97 6.3588119e-16 1e-20
6800.44 6.1229271e-16 1e-20
6801.91 5.8384567e-16 1e-20
6803.38 5.7991743e-16 1e-20
6804.85 5.7382989e-16 1e-20
6806.32 5.7183295e-16 1e-20
6807.79 5.9912884e-16 1e-20
6809.26 6.0637271e-16 1e-20
6810.73 6.0121179e-16 1e-20
6812.2 5.9584504e-16 1e-20
6813.67 5.8695871e-16 1e-20
6815.14 6.1955023e-16 1e-20
6816.61 6.1907357e-16 1e-20
6818.08 5.6788796e-16 1e-20
6819.55 5.5280489e-16 1e-20
6821.02 5.6680202e-16 1e-20
6822.49 5.7274765e-16 1e-20
6823.96 5.5693883e-16 1e-20
6825.43 5.7746357e-16 1e-20
6826.9 5.9494221e-16 1e-20
6828.37 5.9040165e-16 1e-20
6829.84 6.0084105e-16 1e-20
6831.31 5.8047581e-16 1e-20
6832.78 5.9516019e-16 1e-20
6834.25 6.2140989e-16 1e-20
6835.72 6.0988629e-16 1e-20
6837.19 5.6991011e-16 1e-20
6838.66 5.4214555e-16 1e-20
6840.13 5.6511027e-16 1e-20
6841.6 5.8442813e-16 1e-20
6843.07 5.8158588e-16 1e-20
6844.54 5.9889048e-16 1e-20
6846.01 6.0552073e-16 1e-20
6847.48 5.7879603e-16 1e-20
6848.95 5.7172787e-16 1e-20
6850.42 6.0279506e-16 1e-20
6851.89 6.059823e-16 1e-20
6853.36 5.6563008e-16 1e-20
6854.83 5.6561732e-16 1e-20
6856.3 5.835095e-16 1e-20
6857.77 5.853408e-16 1e-20
6859.24 5.8050001e-16 1e-20
6860.71 5.7059276e-16 1e-20
6862.18 5.7426053e-16 1e-20
6863.65 6.0777336e-16 1e-20
6865.12 5.8787036e-16 1e-20
6866.59 5.6504464e-16 1e-20
6868.06 5.6036741e-16 1e-20
6869.53 5.7928765e-16 1e-20
6871.0 5.6328082e-16 1e-20
6872.47 5.2502036e-16 1e-20
6873.94 5.6375057e-16 1e-20
6875.41 6.208095e-16 1e-20
6876.88 6.0053068e-16 1e-20
6878.35 5.6628352e-16 1e-20
6879.82 5.2113688e-16 1e-20
6881.29 4.5417035e-16 1e-20
6882.76 4.3062499e-16 1e-20
6884.23 4.7274491e-16 1e-20
6885.7 5.314132e-16 1e-20
6887.17 5.5796754e-16 1e-20
6888.64 5.60772e-16 1e-20
6890.11 5.8217323e-16 1e-20
6891.58 5.9599501e-16 1e-20
6893.05 5.5426365e-16 1e-20
6894.52 5.0425023e-16 1e-20
6895.99 4.8571989e-16 1e-20
6897.46 4.7710526e-16 1e-20
6898.93 4.8832998e-16 1e-20
6900.4 4.9775827e-16 1e-20
6901.87 5.6920302e-16 1e-20
6903.34 5.8044016e-16 1e-20
6904.81 5.7858306e-16 1e-20
6906.28 5.7364231e-16 1e-20
6907.75 5.5379373e-16 1e-20
6909.22 5.4919559e-16 1e-20
6910.69 5.751279e-16 1e-20
6912.16 5.886724e-16 1e-20
6913.63 5.8460146e-16 1e-20
6915.1 5.888738e-16 1e-20
6916.57 5.8074492e-16 1e-20
6918.04 5.4560804e-16 1e-20
6919.51 5.5852813e-16 1e-20
6920.98 5.628168e-16 1e-20
6922.45 5.8683592e-16 1e-20
6923.92 5.8097237e-16 1e-20
6925.39 5.8392769e-16 1e-20
6926.86 5.6483006e-16 1e-20
6928.33 5.5009264e-16 1e-20
6929.8 5.3770012e-16 1e-20
6931.27 5.4136145e-16 1e-20
6932.74 5.5513108e-16 1e-20
6934.21 5.4795986e-16 1e-20
6935.68 5.6200719e-16 1e-20
6937.15 5.754087e-16 1e-20
6938.62 5.5627471e-16 1e-20
6940.09 5.3438044e-16 1e-20
6941.56 5.3033394e-16 1e-20
6943.03 5.7034278e-16 1e-20
6944.5 5.5602419e-16 1e-20
6945.97 5.323348e-16 1e-20
6947.44 5.460887e-16 1e-20
6948.91 5.356341e-16 1e-20
6950.38 5.2975446e-16 1e-20
6951.85 5.430969e-16 1e-20
6953.32 5.2806908e-16 1e-20
6954.79 5.2539325e-16 1e-20
6956.26 5.2864134e-16 1e-20
6957.73 5.2549517e-16 1e-20
6959.2 5.4155016e-16 1e-20
6960.67 5.6693739e-16 1e-20
6962.14 5.5059916e-16 1e-20
6963.61 5.4148436e-16 1e-20
6965.08 5.3315336e-16 1e-20
6966.55 5.3201842e-16 1e-20
6968.02 5.2691311e-16 1e-20
6969.49 5.2070099e-16 1e-20
6970.96 5.050751e-16 1e-20
6972.43 5.2534074e-16 1e-20
6973.9 5.5184066e-16 1e-20
6975.37 5.7188731e-16 1e-20
6976.84 5.74054e-16 1e-20
6978.31 5.4244888e-16 1e-20
6979.78 5.3236246e-16 1e-20
6981.25 5.5215502e-16 1e-20
6982.72 5.5603516e-16 1e-20
6984.19 5.4656124e-16 1e-20
6985.66 5.3720176e-16 1e-20
6987.13 5.1452249e-16 1e-20
6988.6 5.1967394e-16 1e-20
6990.07 5.3191304e-16 1e-20
6991.54 5.192318e-16 1e-20
6993.01 5.2438748e-16 1e-20
6994.48 5.1999485e-16 1e-20
6995.95 5.3444654e-16 1e-20
6997.42 5.2715719e-16 1e-20
6998.89 5.2981424e-16 1e-20
7000.36 5.2819878e-16 1e-20
7001.83 5.2966213e-16 1e-20
7003.3 5.2300656e-16 1e-20
7004.77 5.2810854e-16 1e-20
7006.24 5.2207649e-16 1e-20
7007.71 5.1524419e-16 1e-20
7009.18 5.3064179e-16 1e-20
7010.65 5.5520177e-16 1e-20
7012.12 5.4620135e-16 1e-20
7013.59 5.4803568e-16 1e-20
7015.06 5.2277589e-16 1e-20
7016.53 5.0665265e-16 1e-20
7018.0 5.383203e-16 1e-20
7019.47 5.160743e-16 1e-20
7020.94 5.0346094e-16 1e-20
7022.41 5.3271872e-16 1e-20
7023.88 5.4982412e-16 1e-20
7025.35 5.3365248e-16 1e-20
7026.82 5.0132364e-16 1e-20
7028.29 4.9060574e-16 1e-20
7029.76 5.1503348e-16 1e-20
7031.23 5.2076828e-16 1e-20
7032.7 5.2650309e-16 1e-20
7034.17 5.3223789e-16 1e-20
7035.64 5.3797269e-16 1e-20
7037.11 5.3797269e-16 1e-20
7038.58 5.0616151e-16 1e-20
7040.05 4.843438e-16 1e-20
7041.52 5.121482e-16 1e-20
7042.99 5.2560163e-16 1e-20
7044.46 5.1072299e-16 1e-20
7045.93 5.3233916e-16 1e-20
7047.4 5.1976472e-16 1e-20
7048.87 4.9680221e-16 1e-20
7050.34 5.0645906e-16 1e-20
7051.81 5.1078939e-16 1e-20
7053.28 5.0404036e-16 1e-20
7054.75 4.7800693e-16 1e-20
7056.22 4.6362734e-16 1e-20
7057.69 5.1100326e-16 1e-20
7059.16 5.2854681e-16 1e-20
7060.63 5.0063908e-16 1e-20
7062.1 5.0823915e-16 1e-20
7063.57 5.2889204e-16 1e-20
7065.04 5.0475311e-16 1e-20
7066.51 5.0102735e-16 1e-20
7067.98 5.0984102e-16 1e-20
7069.45 4.8351282e-16 1e-20
7070.92 4.832074e-16 1e-20
7072.39 5.1914752e-16 1e-20
7073.86 5.0476009e-16 1e-20
7075.33 4.6388298e-16 1e-20
7076.8 4.9330813e-16 1e-20
7078.27 5.1689166e-16 1e-20
7079.74 4.8846424e-16 1e-20
7081.21 4.8648369e-16 1e-20
7082.68 5.1602423e-16 1e-20
7084.15 5.2640522e-16 1e-20
7085.62 5.0234556e-16 1e-20
7087.09 5.0689626e-16 1e-20
7088.56 5.2383476e-16 1e-20
7090.03 4.9780512e-16 1e-20
7091.5 4.9497902e-16 1e-20
7092.97 5.1525396e-16 1e-20
7094.44 5.3661072e-16 1e-20
7095.91 5.660156e-16 1e-20
7097.38 5.5624342e-16 1e-20
7098.85 5.3554887e-16 1e-20
7100.32 5.1814049e-16 1e-20
7101.79 4.9411348e-16 1e-20
7103.26 4.9203265e-16 1e-20
7104.73 5.0291753e-16 1e-20
7106.2 5.1489431e-16 1e-20
7107.67 5.3110039e-16 1e-20
7109.14 5.3022468e-16 1e-20
7110.61 5.1198447e-16 1e-20
7112.08 5.0130653e-16 1e-20
7113.55 5.0431556e-16 1e-20
7115.02 5.1435661e-16 1e-20
7116.49 5.2090442e-16 1e-20
7117.96 5.2524066e-16 1e-20
7119.43 5.0831312e-16 1e-20
7120.9 4.8615676e-16 1e-20
7122.37 5.0034744e-16 1e-20
7123.84 5.0633383e-16 1e-20
7125.31 4.9830645e-16 1e-20
7126.78 5.1317972e-16 1e-20
7128.25 5.2838355e-16 1e-20
7129.72 5.3333253e-16 1e-20
7131.19 5.2982974e-16 1e-20
7132.66 5.3270954e-16 1e-20
7134.13 5.533911e-16 1e-20
7135.6 5.5697769e-16 1e-20
7137.07 5.0270623e-16 1e-20
7138.54 4.5427275e-16 1e-20
7140.01 4.8987272e-16 1e-20
7141.48 5.3487629e-16 1e-20
7142.95 5.5484426e-16 1e-20
7144.42 5.5043918e-16 1e-20
7145.89 5.2822387e-16 1e-20
7147.36 5.1610363e-16 1e-20
7148.83 5.1280904e-16 1e-20
7150.3 5.2965105e-16 1e-20
7151.77 5.4231232e-16 1e-20
7153.24 5.3822833e-16 1e-20
7154.71 5.3634024e-16 1e-20
7156.18 5.3284436e-16 1e-20
7157.65 5.2405274e-16 1e-20
7159.12 5.19768e-16 1e-20
7160.59 5.2934313e-16 1e-20
7162.06 5.0917155e-16 1e-20
7163.53 4.9203441e-16 1e-20
7165.0 5.2644116e-16 1e-20
7166.47 5.0332397e-16 1e-20
7167.94 4.7472537e-16 1e-20
7169.41 4.8869461e-16 1e-20
7170.88 4.9308389e-16 1e-20
7172.35 5.1691222e-16 1e-20
7173.82 5.1585507e-16 1e-20
7175.29 4.9172002e-16 1e-20
7176.76 4.7369847e-16 1e-20
7178.23 4.7805491e-16 1e-20
7179.7 5.1019734e-16 1e-20
7181.17 5.2597076e-16 1e-20
7182.64 5.2032465e-16 1e-20
7184.11 5.2967149e-16 1e-20
7185.58 5.3216034e-16 1e-20
7187.05 5.2596003e-16 1e-20
7188.52 5.222612e-16 1e-20
7189.99 5.2478725e-16 1e-20
7191.46 5.181123e-16 1e-20
7192.93 5.1430708e-16 1e-20
7194.4 5.2010512e-16 1e-20
7195.87 4.9706057e-16 1e-20
7197.34 5.1578897e-16 1e-20
7198.81 5.4253739e-16 1e-20
7200.28 5.0292569e-16 1e-20
7201.75 4.8711905e-16 1e-20
7203.22 4.9334875e-16 1e-20
7204.69 5.1747626e-16 1e-20
7206.16 5.1986444e-16 1e-20
7207.63 4.9778709e-16 1e-20
7209.1 5.0930029e-16 1e-20
7210.57 5.2078646e-16 1e-20
7212.04 5.1719296e-16 1e-20
7213.51 4.9579975e-16 1e-20
7214.98 5.0191849e-16 1e-20
7216.45 5.3371614e-16 1e-20
7217.92 5.2431089e-16 1e-20
7219.39 5.0817424e-16 1e-20
7220.86 4.9024314e-16 1e-20
7222.33 4.84689e-16 1e-20
7223.8 4.8651141e-16 1e-20
7225.27 4.9406907e-16 1e-20
7226.74 5.1967394e-16 1e-20
7228.21 5.0159258e-16 1e-20
7229.68 4.7471213e-16 1e-20
7231.15 5.0159353e-16 1e-20
7232.62 5.1634425e-16 1e-20
7234.09 4.9688503e-16 1e-20
7235.56 4.9363917e-16 1e-20
7237.03 4.8069605e-16 1e-20
7238.5 4.9264446e-16 1e-20
7239.97 5.2969027e-16 1e-20
7241.44 4.8167259e-16 1e-20
7242.91 4.4947377e-16 1e-20
7244.38 5.0742239e-16 1e-20
7245.85 5.0669348e-16 1e-20
7247.32 5.0059623e-16 1e-20
7248.79 5.2737945e-16 1e-20
7250.26 4.9849418e-16 1e-20
7251.73 4.9656388e-16 1e-20
7253.2 4.837825e-16 1e-20
7254.67 4.8493752e-16 1e-20
7256.14 5.0862974e-16 1e-20
7257.61 4.9312359e-16 1e-20
7259.08 4.7830608e-16 1e-20
7260.55 4.5773786e-16 1e-20
7262.02 4.5608839e-16 1e-20
7263.49 4.8683527e-16 1e-20
7264.96 4.8453903e-16 1e-20
7266.43 4.9474496e-16 1e-20
7267.9 4.9473062e-16 1e-20
7269.37 4.581731e-16 1e-20
7270.84 4.7101259e-16 1e-20
7272.31 5.3297698e-16 1e-20
7273.78 5.4182887e-16 1e-20
7275.25 5.3277504e-16 1e-20
7276.72 5.190509e-16 1e-20
7278.19 5.0688231e-16 1e-20
7279.66 4.8602679e-16 1e-20
7281.13 4.7180533e-16 1e-20
7282.6 4.9325952e-16 1e-20
7284.07 5.0242287e-16 1e-20
7285.54 4.8336798e-16 1e-20
7287.01 5.1065361e-16 1e-20
7288.48 5.1767474e-16 1e-20
7289.95 4.9328783e-16 1e-20
7291.42 4.6471852e-16 1e-20
7292.89 4.6940106e-16 1e-20
7294.36 5.007689e-16 1e-20
7295.83 5.0176543e-16 1e-20
7297.3 4.7427019e-16 1e-20
7298.77 4.7376624e-16 1e-20
7300.24 4.8090938e-16 1e-20
7301.71 4.7596022e-16 1e-20
7303.18 4.9239802e-16 1e-20
7304.65 4.9932045e-16 1e-20
7306.12 4.8220921e-16 1e-20
7307.59 4.8215631e-16 1e-20
7309.06 4.6419007e-16 1e-20
7310.53 4.7874954e-16 1e-20
7312.0 4.9446839e-16 1e-20
7313.47 4.6083322e-16 1e-20
7314.94 4.626832e-16 1e-20
7316.41 5.0119829e-16 1e-20
7317.88 4.9611714e-16 1e-20
7319.35 4.4628713e-16 1e-20
7320.82 4.4222608e-16 1e-20
7322.29 4.7878039e-16 1e-20
7323.76 4.9429449e-16 1e-20
7325.23 4.9508485e-16 1e-20
7326.7 4.851037e-16 1e-20
7328.17 4.728536e-16 1e-20
7329.64 4.7350341e-16 1e-20
7331.11 4.7553998e-16 1e-20
7332.58 4.8796436e-16 1e-20
7334.05 4.8567623e-16 1e-20
7335.52 4.7986022e-16 1e-20
7336.99 4.8138469e-16 1e-20
7338.46 5.1087141e-16 1e-20
7339.93 5.1839435e-16 1e-20
7341.4 5.2099138e-16 1e-20
7342.87 4.9362087e-16 1e-20
7344.34 4.3365002e-16 1e-20
7345.81 4.5932251e-16 1e-20
7347.28 4.9140808e-16 1e-20
7348.75 4.6582615e-16 1e-20
7350.22 4.353168e-16 1e-20
7351.69 4.4534034e-16 1e-20
7353.16 4.6106896e-16 1e-20
7354.63 4.7673807e-16 1e-20
7356.1 4.8604015e-16 1e-20
7357.57 4.8248851e-16 1e-20
7359.04 4.642559e-16 1e-20
7360.51 4.5580128e-16 1e-20
7361.98 4.6594486e-16 1e-20
7363.45 4.7058672e-16 1e-20
7364.92 4.7046599e-16 1e-20
7366.39 4.5034847e-16 1e-20
7367.86 4.4121546e-16 1e-20
7369.33 4.7565463e-16 1e-20
7370.8 4.7852665e-16 1e-20
7372.27 4.5689017e-16 1e-20
7373.74 4.9188209e-16 1e-20
7375.21 4.999373e-16 1e-20
7376.68 5.0806218e-16 1e-20
7378.15 4.4950739e-16 1e-20
7379.62 4.2366064e-16 1e-20
7381.09 4.4020724e-16 1e-20
7382.56 4.4809732e-16 1e-20
7384.03 3.8902065e-16 1e-20
7385.5 3.971861e-16 1e-20
7386.97 4.3722022e-16 1e-20
7388.44 4.4758844e-16 1e-20
7389.91 4.9944934e-16 1e-20
7391.38 4.7483566e-16 1e-20
7392.85 4.2285991e-16 1e-20
7394.32 4.5664647e-16 1e-20
7395.79 4.8193562e-16 1e-20
7397.26 4.6014991e-16 1e-20
7398.73 4.8089558e-16 1e-20
7400.2 4.5974115e-16 1e-20
7401.67 4.543303e-16 1e-20
7403.14 4.5512235e-16 1e-20
7404.61 4.5555803e-16 1e-20
7406.08 4.8483986e-16 1e-20
7407.55 4.6507517e-16 1e-20
7409.02 4.3518904e-16 1e-20
7410.49 4.5685068e-16 1e-20
