3478.0 3.3212125e-17 1e-20
3479.47 -4.2912456e-17 1e-20
3480.94 6.5874652e-17 1e-20
3482.41 6.6315718e-17 1e-20
3483.88 3.1145818e-17 1e-20
3485.35 6.5482972e-17 1e-20
3486.82 5.5175233e-17 1e-20
3488.29 -6.3525639e-18 1e-20
3489.76 -1.4139539e-17 1e-20
3491.23 8.972082e-17 1e-20
3492.7 1.3514053e-16 1e-20
3494.17 1.5360265e-16 1e-20
3495.64 7.7615641e-17 1e-20
3497.11 6.2146979e-17 1e-20
3498.58 1.4027128e-16 1e-20
3500.05 1.2422313e-16 1e-20
3501.52 6.5081293e-17 1e-20
3502.99 6.6516498e-17 1e-20
3504.46 6.5660393e-17 1e-20
3505.93 4.7783345e-17 1e-20
3507.4 3.6569708e-17 1e-20
3508.87 9.7721377e-17 1e-20
3510.34 1.4530783e-16 1e-20
3511.81 1.0741373e-16 1e-20
3513.28 4.6150339e-17 1e-20
3514.75 8.2440665e-17 1e-20
3516.22 1.2281074e-16 1e-20
3517.69 9.6708524e-17 1e-20
3519.16 4.5848146e-17 1e-20
3520.63 6.4594097e-17 1e-20
3522.1 8.3463808e-17 1e-20
3523.57 1.4634644e-16 1e-20
3525.04 1.8214841e-16 1e-20
3526.51 1.6909349e-16 1e-20
3527.98 1.2565914e-16 1e-20
3529.45 1.1739505e-16 1e-20
3530.92 1.0001853e-16 1e-20
3532.39 9.8210519e-17 1e-20
3533.86 6.6658065e-17 1e-20
3535.33 7.673329e-17 1e-20
3536.8 8.9056832e-17 1e-20
3538.27 1.0717843e-16 1e-20
3539.74 1.0143413e-16 1e-20
3541.21 1.381732e-16 1e-20
3542.68 1.8967711e-16 1e-20
3544.15 1.1756846e-16 1e-20
3545.62 1.1055643e-16 1e-20
3547.09 9.6447314e-17 1e-20
3548.56 1.6271867e-16 1e-20
3550.03 1.2719667e-16 1e-20
3551.5 9.4190223e-17 1e-20
3552.97 6.7685642e-17 1e-20
3554.44 5.1068682e-17 1e-20
3555.91 1.0048196e-16 1e-20
3557.38 1.1060746e-16 1e-20
3558.85 1.0446487e-16 1e-20
3560.32 9.7305378e-17 1e-20
3561.79 1.4095702e-16 1e-20
3563.26 1.5796933e-16 1e-20
3564.73 1.2975515e-16 1e-20
3566.2 1.3860273e-16 1e-20
3567.67 1.2846278e-16 1e-20
3569.14 1.3129467e-16 1e-20
3570.61 1.4130562e-16 1e-20
3572.08 9.7938773e-17 1e-20
3573.55 1.4987606e-16 1e-20
3575.02 1.62145e-16 1e-20
3576.49 1.9357583e-16 1e-20
3577.96 1.3826689e-16 1e-20
3579.43 5.5797316e-17 1e-20
3580.9 7.9448699e-17 1e-20
3582.37 8.5606377e-17 1e-20
3583.84 8.186187e-17 1e-20
3585.31 1.2459335e-16 1e-20
3586.78 1.337672e-16 1e-20
3588.25 4.4971676e-17 1e-20
3589.72 3.5628419e-17 1e-20
3591.19 8.8174277e-17 1e-20
3592.66 1.2600534e-16 1e-20
3594.13 9.4060044e-17 1e-20
3595.6 1.1462604e-16 1e-20
3597.07 1.7607565e-16 1e-20
3598.54 1.026819e-16 1e-20
3600.01 5.395448e-17 1e-20
3601.48 6.5411458e-17 1e-20
3602.95 8.5116389e-17 1e-20
3604.42 8.9886243e-17 1e-20
3605.89 1.1416497e-16 1e-20
3607.36 6.9030274e-17 1e-20
3608.83 4.002009e-17 1e-20
3610.3 6.4059487e-17 1e-20
3611.77 7.057364e-17 1e-20
3613.24 9.7556226e-17 1e-20
3614.71 6.5001772e-17 1e-20
3616.18 6.7083269e-17 1e-20
3617.65 1.0145865e-16 1e-20
3619.12 1.1226044e-16 1e-20
3620.59 1.2418557e-16 1e-20
3622.06 1.1491736e-16 1e-20
3623.53 8.3521677e-17 1e-20
3625.0 4.7615772e-17 1e-20
3626.47 9.0578355e-17 1e-20
3627.94 5.9549235e-17 1e-20
3629.41 6.3906809e-17 1e-20
3630.88 6.8203596e-17 1e-20
3632.35 5.5482494e-17 1e-20
3633.82 8.1645618e-17 1e-20
3635.29 1.3024914e-16 1e-20
3636.76 9.8624268e-17 1e-20
3638.23 5.2845072e-17 1e-20
3639.7 4.4147202e-17 1e-20
3641.17 8.4455743e-17 1e-20
3642.64 9.8766139e-17 1e-20
3644.11 4.6607607e-17 1e-20
3645.58 7.5510109e-18 1e-20
3647.05 -2.7229731e-18 1e-20
3648.52 5.3934158e-17 1e-20
3649.99 8.4272433e-17 1e-20
3651.46 4.1276921e-17 1e-20
3652.93 3.8555805e-17 1e-20
3654.4 7.3071243e-17 1e-20
3655.87 6.4280569e-17 1e-20
3657.34 6.4732018e-17 1e-20
3658.81 8.2055463e-17 1e-20
3660.28 8.8454426e-17 1e-20
3661.75 8.5380405e-17 1e-20
3663.22 1.2778949e-16 1e-20
3664.69 9.8347182e-17 1e-20
3666.16 3.1547759e-17 1e-20
3667.63 8.9946257e-17 1e-20
3669.1 9.8607572e-17 1e-20
3670.57 8.9339986e-17 1e-20
3672.04 7.8475948e-17 1e-20
3673.51 1.1107835e-17 1e-20
3674.98 5.6737767e-17 1e-20
3676.45 6.640596e-17 1e-20
3677.92 2.7281879e-17 1e-20
3679.39 6.6081778e-17 1e-20
3680.86 5.8254479e-17 1e-20
3682.33 4.6635341e-17 1e-20
3683.8 6.9971215e-17 1e-20
3685.27 6.7536749e-17 1e-20
3686.74 1.1429698e-16 1e-20
3688.21 1.3436124e-16 1e-20
3689.68 7.4136175e-17 1e-20
3691.15 2.7375321e-17 1e-20
3692.62 4.083347e-17 1e-20
3694.09 2.8543257e-17 1e-20
3695.56 4.1640613e-17 1e-20
3697.03 2.6418724e-17 1e-20
3698.5 4.1003439e-17 1e-20
3699.97 5.1323884e-17 1e-20
3701.44 1.1303171e-17 1e-20
3702.91 1.4786229e-17 1e-20
3704.38 4.7214358e-17 1e-20
3705.85 7.8240559e-17 1e-20
3707.32 1.0083641e-16 1e-20
3708.79 4.7262552e-17 1e-20
3710.26 4.5412791e-17 1e-20
3711.73 1.0377622e-16 1e-20
3713.2 8.1274386e-17 1e-20
3714.67 3.6902142e-17 1e-20
3716.14 3.8073473e-17 1e-20
3717.61 3.8604159e-17 1e-20
3719.08 4.8827135e-17 1e-20
3720.55 3.9057351e-17 1e-20
3722.02 2.3483128e-17 1e-20
3723.49 2.3505265e-17 1e-20
3724.96 2.0841325e-17 1e-20
3726.43 6.2066236e-18 1e-20
3727.9 2.3342691e-17 1e-20
3729.37 1.2789311e-17 1e-20
3730.84 -1.7385116e-17 1e-20
3732.31 4.1075155e-17 1e-20
3733.78 5.9374568e-17 1e-20
3735.25 2.9365746e-17 1e-20
3736.72 3.9095094e-17 1e-20
3738.19 6.0435146e-17 1e-20
3739.66 2.9116089e-17 1e-20
3741.13 2.9450783e-17 1e-20
3742.6 4.8672882e-17 1e-20
3744.07 1.1044938e-17 1e-20
3745.54 2.3903599e-17 1e-20
3747.01 5.1425127e-17 1e-20
3748.48 3.0440015e-17 1e-20
3749.95 5.1857273e-17 1e-20
3751.42 4.8856205e-17 1e-20
3752.89 5.4046664e-17 1e-20
3754.36 7.7294754e-17 1e-20
3755.83 2.7837476e-17 1e-20
3757.3 2.9913421e-18 1e-20
3758.77 3.0363168e-18 1e-20
3760.24 2.9153183e-17 1e-20
3761.71 2.8887248e-17 1e-20
3763.18 4.1117848e-17 1e-20
3764.65 6.1372229e-17 1e-20
3766.12 7.174641e-17 1e-20
3767.59 7.1726247e-17 1e-20
3769.06 6.139492e-17 1e-20
3770.53 8.8537724e-18 1e-20
3772.0 3.0014662e-17 1e-20
3773.47 3.8274924e-17 1e-20
3774.94 4.2829735e-17 1e-20
3776.41 6.2703215e-17 1e-20
3777.88 5.0454811e-17 1e-20
3779.35 6.4377949e-18 1e-20
3780.82 6.6263511e-19 1e-20
3782.29 1.7249004e-17 1e-20
3783.76 2.0120048e-17 1e-20
3785.23 5.6179288e-17 1e-20
3786.7 5.6931745e-17 1e-20
3788.17 3.6945728e-17 1e-20
3789.64 1.888292e-17 1e-20
3791.11 2.7997665e-17 1e-20
3792.58 5.1664742e-17 1e-20
3794.05 5.5509262e-17 1e-20
3795.52 4.8357065e-17 1e-20
3796.99 8.6666135e-17 1e-20
3798.46 6.9960283e-17 1e-20
3799.93 5.6718107e-17 1e-20
3801.4 6.5949271e-17 1e-20
3802.87 5.7424744e-17 1e-20
3804.34 3.9339065e-17 1e-20
3805.81 5.4281723e-17 1e-20
3807.28 7.9594131e-17 1e-20
3808.75 6.313818e-17 1e-20
3810.22 4.3190786e-17 1e-20
3811.69 3.8280913e-17 1e-20
3813.16 6.732556e-17 1e-20
3814.63 8.3919716e-17 1e-20
3816.1 7.069922e-17 1e-20
3817.57 5.2835473e-17 1e-20
3819.04 6.6857548e-17 1e-20
3820.51 1.1366059e-16 1e-20
3821.98 9.7042348e-17 1e-20
3823.45 4.2511429e-17 1e-20
3824.92 4.7337161e-17 1e-20
3826.39 6.5755432e-17 1e-20
3827.86 7.0333771e-17 1e-20
3829.33 5.6023388e-17 1e-20
3830.8 3.8095565e-17 1e-20
3832.27 5.667921e-17 1e-20
3833.74 8.281999e-17 1e-20
3835.21 5.5300829e-17 1e-20
3836.68 2.9763209e-17 1e-20
3838.15 3.2896705e-17 1e-20
3839.62 5.2375124e-17 1e-20
3841.09 7.9110607e-17 1e-20
3842.56 5.9544874e-17 1e-20
3844.03 2.8946719e-17 1e-20
3845.5 5.3053488e-17 1e-20
3846.97 8.289216e-17 1e-20
3848.44 7.2835198e-17 1e-20
3849.91 8.4182694e-17 1e-20
3851.38 9.8070686e-17 1e-20
3852.85 6.7502894e-17 1e-20
3854.32 4.6685104e-17 1e-20
3855.79 7.1132675e-17 1e-20
3857.26 6.975802e-17 1e-20
3858.73 4.6826049e-17 1e-20
3860.2 4.0114359e-17 1e-20
3861.67 4.6261568e-17 1e-20
3863.14 9.0897898e-17 1e-20
3864.61 8.8407833e-17 1e-20
3866.08 6.894201e-17 1e-20
3867.55 6.3649609e-17 1e-20
3869.02 1.0384266e-16 1e-20
3870.49 1.0818196e-16 1e-20
3871.96 1.0798532e-16 1e-20
3873.43 1.1665064e-16 1e-20
3874.9 8.460181e-17 1e-20
3876.37 8.0949192e-17 1e-20
3877.84 6.6309081e-17 1e-20
3879.31 8.6656149e-17 1e-20
3880.78 8.3564399e-17 1e-20
3882.25 7.7885527e-17 1e-20
3883.72 9.2326737e-17 1e-20
3885.19 9.8909387e-17 1e-20
3886.66 8.589957e-17 1e-20
3888.13 9.656437e-17 1e-20
3889.6 1.0421558e-16 1e-20
3891.07 9.0338578e-17 1e-20
3892.54 1.1969018e-16 1e-20
3894.01 1.0708786e-16 1e-20
3895.48 9.5607362e-17 1e-20
3896.95 9.9240743e-17 1e-20
3898.42 7.7365786e-17 1e-20
3899.89 6.6887611e-17 1e-20
3901.36 1.0415668e-16 1e-20
3902.83 1.2047904e-16 1e-20
3904.3 1.0812082e-16 1e-20
3905.77 1.1118324e-16 1e-20
3907.24 1.0033666e-16 1e-20
3908.71 1.0319551e-16 1e-20
3910.18 1.0741266e-16 1e-20
3911.65 8.9115853e-17 1e-20
3913.12 1.1239177e-16 1e-20
3914.59 1.2362123e-16 1e-20
3916.06 1.0815791e-16 1e-20
3917.53 1.2814515e-16 1e-20
3919.0 1.1926845e-16 1e-20
3920.47 9.8192632e-17 1e-20
3921.94 1.1189943e-16 1e-20
3923.41 1.1022127e-16 1e-20
3924.88 1.0063712e-16 1e-20
3926.35 1.1695458e-16 1e-20
3927.82 1.333302e-16 1e-20
3929.29 1.1257978e-16 1e-20
3930.76 8.7099372e-17 1e-20
3932.23 9.93665e-17 1e-20
3933.7 1.2472076e-16 1e-20
3935.17 1.1599163e-16 1e-20
3936.64 1.2601345e-16 1e-20
3938.11 1.2197139e-16 1e-20
3939.58 1.0995649e-16 1e-20
3941.05 1.4859952e-16 1e-20
3942.52 1.4706309e-16 1e-20
3943.99 1.2514716e-16 1e-20
3945.46 1.3793773e-16 1e-20
3946.93 1.4220372e-16 1e-20
3948.4 1.3127943e-16 1e-20
3949.87 1.1808003e-16 1e-20
3951.34 1.0691554e-16 1e-20
3952.81 1.343271e-16 1e-20
3954.28 1.2739237e-16 1e-20
3955.75 1.1195383e-16 1e-20
3957.22 1.1998294e-16 1e-20
3958.69 1.2220328e-16 1e-20
3960.16 1.2660963e-16 1e-20
3961.63 1.4132119e-16 1e-20
3963.1 1.3076215e-16 1e-20
3964.57 1.1485355e-16 1e-20
3966.04 1.2091426e-16 1e-20
3967.51 1.1447936e-16 1e-20
3968.98 1.0791856e-16 1e-20
3970.45 1.0949065e-16 1e-20
3971.92 1.4039287e-16 1e-20
3973.39 1.3227314e-16 1e-20
3974.86 1.2057282e-16 1e-20
3976.33 1.2878813e-16 1e-20
3977.8 1.5306677e-16 1e-20
3979.27 1.4395764e-16 1e-20
3980.74 1.330571e-16 1e-20
3982.21 1.2522634e-16 1e-20
3983.68 1.4892576e-16 1e-20
3985.15 1.6237e-16 1e-20
3986.62 1.2645638e-16 1e-20
3988.09 1.1221905e-16 1e-20
3989.56 1.2664306e-16 1e-20
3991.03 1.5096046e-16 1e-20
3992.5 1.4730226e-16 1e-20
3993.97 1.3743688e-16 1e-20
3995.44 1.4494723e-16 1e-20
3996.91 1.494744e-16 1e-20
3998.38 1.2413277e-16 1e-20
3999.85 1.4173566e-16 1e-20
4001.32 1.6211512e-16 1e-20
4002.79 1.3888037e-16 1e-20
4004.26 1.3487913e-16 1e-20
4005.73 1.176126e-16 1e-20
4007.2 1.2358037e-16 1e-20
4008.67 1.3839969e-16 1e-20
4010.14 1.233735e-16 1e-20
4011.61 1.3771805e-16 1e-20
4013.08 1.6255593e-16 1e-20
4014.55 1.5889597e-16 1e-20
4016.02 1.4533696e-16 1e-20
4017.49 1.5791327e-16 1e-20
4018.96 1.6380861e-16 1e-20
4020.43 1.4905589e-16 1e-20
4021.9 1.3544267e-16 1e-20
4023.37 1.2097297e-16 1e-20
4024.84 1.4319613e-16 1e-20
4026.31 1.5899555e-16 1e-20
4027.78 1.3932797e-16 1e-20
4029.25 1.3134506e-16 1e-20
4030.72 1.5156576e-16 1e-20
4032.19 1.6437328e-16 1e-20
4033.66 1.6158124e-16 1e-20
4035.13 1.6667511e-16 1e-20
4036.6 1.7221296e-16 1e-20
4038.07 1.5698111e-16 1e-20
4039.54 1.5036406e-16 1e-20
4041.01 1.5570033e-16 1e-20
4042.48 1.4377772e-16 1e-20
4043.95 1.3919347e-16 1e-20
4045.42 1.3863044e-16 1e-20
4046.89 1.5374013e-16 1e-20
4048.36 1.6668814e-16 1e-20
4049.83 1.5043414e-16 1e-20
4051.3 1.2162847e-16 1e-20
4052.77 1.2188553e-16 1e-20
4054.24 1.1617209e-16 1e-20
4055.71 1.0514275e-16 1e-20
4057.18 1.2866006e-16 1e-20
4058.65 1.4952043e-16 1e-20
4060.12 1.425413e-16 1e-20
4061.59 1.2199606e-16 1e-20
4063.06 9.8865441e-17 1e-20
4064.53 8.071371e-17 1e-20
4066.0 8.8216814e-17 1e-20
4067.47 1.1105751e-16 1e-20
4068.94 1.3108961e-16 1e-20
4070.41 1.4142205e-16 1e-20
4071.88 1.3338589e-16 1e-20
4073.35 1.2755603e-16 1e-20
4074.82 1.4360857e-16 1e-20
4076.29 1.391859e-16 1e-20
4077.76 1.3610336e-16 1e-20
4079.23 1.3933859e-16 1e-20
4080.7 1.4074421e-16 1e-20
4082.17 1.3667934e-16 1e-20
4083.64 1.4141629e-16 1e-20
4085.11 1.5649708e-16 1e-20
4086.58 1.4363692e-16 1e-20
4088.05 1.2845089e-16 1e-20
4089.52 1.5559641e-16 1e-20
4090.99 1.440818e-16 1e-20
4092.46 1.2554542e-16 1e-20
4093.93 1.3637556e-16 1e-20
4095.4 1.3727707e-16 1e-20
4096.87 1.2485901e-16 1e-20
4098.34 1.4576112e-16 1e-20
4099.81 1.3016744e-16 1e-20
4101.28 1.1765436e-16 1e-20
4102.75 1.3500781e-16 1e-20
4104.22 1.4245596e-16 1e-20
4105.69 1.4357387e-16 1e-20
4107.16 1.2957157e-16 1e-20
4108.63 1.2567798e-16 1e-20
4110.1 1.2044149e-16 1e-20
4111.57 1.3229731e-16 1e-20
4113.04 1.5242926e-16 1e-20
4114.51 1.5029637e-16 1e-20
4115.98 1.4381738e-16 1e-20
4117.45 1.4438156e-16 1e-20
4118.92 1.5282e-16 1e-20
4120.39 1.3413698e-16 1e-20
4121.86 1.1500068e-16 1e-20
4123.33 1.2149819e-16 1e-20
4124.8 1.4265916e-16 1e-20
4126.27 1.4494102e-16 1e-20
4127.74 1.351956e-16 1e-20
4129.21 1.2876697e-16 1e-20
4130.68 1.2273072e-16 1e-20
4132.15 1.4004463e-16 1e-20
4133.62 1.6536547e-16 1e-20
4135.09 1.6066035e-16 1e-20
4136.56 1.4599465e-16 1e-20
4138.03 1.3380493e-16 1e-20
4139.5 1.4253884e-16 1e-20
4140.97 1.5856417e-16 1e-20
4142.44 1.3174643e-16 1e-20
4143.91 1.1478276e-16 1e-20
4145.38 1.2071903e-16 1e-20
4146.85 1.2858805e-16 1e-20
4148.32 1.3990067e-16 1e-20
4149.79 1.4468457e-16 1e-20
4151.26 1.1992883e-16 1e-20
4152.73 1.0295343e-16 1e-20
4154.2 1.0436349e-16 1e-20
4155.67 1.2592327e-16 1e-20
4157.14 1.4891435e-16 1e-20
4158.61 1.5234529e-16 1e-20
4160.08 1.5460648e-16 1e-20
4161.55 1.531941e-16 1e-20
4163.02 1.3643309e-16 1e-20
4164.49 1.3220448e-16 1e-20
4165.96 1.2852562e-16 1e-20
4167.43 1.3441567e-16 1e-20
4168.9 1.3493613e-16 1e-20
4170.37 1.2071061e-16 1e-20
4171.84 1.237197e-16 1e-20
4173.31 1.3086089e-16 1e-20
4174.78 1.3003065e-16 1e-20
4176.25 1.2523021e-16 1e-20
4177.72 1.4969865e-16 1e-20
4179.19 1.5467622e-16 1e-20
4180.66 1.2576852e-16 1e-20
4182.13 1.2974979e-16 1e-20
4183.6 1.3916193e-16 1e-20
4185.07 1.2596463e-16 1e-20
4186.54 1.1512893e-16 1e-20
4188.01 1.26694e-16 1e-20
4189.48 1.4326829e-16 1e-20
4190.95 1.2902593e-16 1e-20
4192.42 1.181936e-16 1e-20
4193.89 1.2999605e-16 1e-20
4195.36 1.2266109e-16 1e-20
4196.83 1.0701969e-16 1e-20
4198.3 1.1677121e-16 1e-20
4199.77 1.2659176e-16 1e-20
4201.24 1.4441145e-16 1e-20
4202.71 1.5265301e-16 1e-20
4204.18 1.2638073e-16 1e-20
4205.65 1.1032116e-16 1e-20
4207.12 1.1610743e-16 1e-20
4208.59 1.2886919e-16 1e-20
4210.06 1.2584617e-16 1e-20
4211.53 1.0457757e-16 1e-20
4213.0 9.2342956e-17 1e-20
4214.47 1.0614533e-16 1e-20
4215.94 1.2024547e-16 1e-20
4217.41 1.0837717e-16 1e-20
4218.88 1.0767564e-16 1e-20
4220.35 1.285134e-16 1e-20
4221.82 1.270164e-16 1e-20
4223.29 1.1204558e-16 1e-20
4224.76 1.0376865e-16 1e-20
4226.23 9.8810814e-17 1e-20
4227.7 9.7125589e-17 1e-20
4229.17 1.1117543e-16 1e-20
4230.64 1.158645e-16 1e-20
4232.11 1.2329349e-16 1e-20
4233.58 1.1473206e-16 1e-20
4235.05 1.1168591e-16 1e-20
4236.52 1.3251841e-16 1e-20
4237.99 1.2424176e-16 1e-20
4239.46 9.683773e-17 1e-20
4240.93 9.4724032e-17 1e-20
4242.4 1.2776928e-16 1e-20
4243.87 1.2206081e-16 1e-20
4245.34 9.5622344e-17 1e-20
4246.81 1.0974898e-16 1e-20
4248.28 1.2304282e-16 1e-20
4249.75 1.0520137e-16 1e-20
4251.22 1.1889984e-16 1e-20
4252.69 1.3044049e-16 1e-20
4254.16 1.254365e-16 1e-20
4255.63 1.0949383e-16 1e-20
4257.1 1.0091523e-16 1e-20
4258.57 8.7690972e-17 1e-20
4260.04 9.4659108e-17 1e-20
4261.51 1.0725199e-16 1e-20
4262.98 1.1853277e-16 1e-20
4264.45 1.26084e-16 1e-20
4265.92 1.1724316e-16 1e-20
4267.39 1.0298498e-16 1e-20
4268.86 1.0441997e-16 1e-20
4270.33 1.2157112e-16 1e-20
4271.8 1.1205178e-16 1e-20
4273.27 1.0805902e-16 1e-20
4274.74 1.1223171e-16 1e-20
4276.21 1.2277851e-16 1e-20
4277.68 1.2128794e-16 1e-20
4279.15 9.1064611e-17 1e-20
4280.62 8.5597325e-17 1e-20
4282.09 1.0276452e-16 1e-20
4283.56 9.7779882e-17 1e-20
4285.03 9.3671289e-17 1e-20
4286.5 9.7194986e-17 1e-20
4287.97 1.1463834e-16 1e-20
4289.44 1.3084081e-16 1e-20
4290.91 1.1746673e-16 1e-20
4292.38 9.6877289e-17 1e-20
4293.85 9.8061898e-17 1e-20
4295.32 9.4994513e-17 1e-20
4296.79 7.765297e-17 1e-20
4298.26 8.1442674e-17 1e-20
4299.73 8.1274922e-17 1e-20
4301.2 7.9141293e-17 1e-20
4302.67 9.9823157e-17 1e-20
4304.14 8.9520325e-17 1e-20
4305.61 7.2101754e-17 1e-20
4307.08 8.7085747e-17 1e-20
4308.55 9.5248153e-17 1e-20
4310.02 8.2866676e-17 1e-20
4311.49 7.7066552e-17 1e-20
4312.96 7.3583545e-17 1e-20
4314.43 9.4655442e-17 1e-20
4315.9 1.2116953e-16 1e-20
4317.37 1.0686829e-16 1e-20
4318.84 9.9596569e-17 1e-20
4320.31 1.0320374e-16 1e-20
4321.78 8.9997495e-17 1e-20
4323.25 7.7194645e-17 1e-20
4324.72 7.6672225e-17 1e-20
4326.19 8.6892782e-17 1e-20
4327.66 9.0875002e-17 1e-20
4329.13 8.8979216e-17 1e-20
4330.6 8.1959689e-17 1e-20
4332.07 7.7659442e-17 1e-20
4333.54 7.8656035e-17 1e-20
4335.01 7.9991581e-17 1e-20
4336.48 8.1730361e-17 1e-20
4337.95 8.2150973e-17 1e-20
4339.42 7.8818189e-17 1e-20
4340.89 7.2897482e-17 1e-20
4342.36 8.3470551e-17 1e-20
4343.83 9.1771454e-17 1e-20
4345.3 8.4685884e-17 1e-20
4346.77 7.250471e-17 1e-20
4348.24 6.1449448e-17 1e-20
4349.71 7.0343644e-17 1e-20
4351.18 7.8650688e-17 1e-20
4352.65 8.1073381e-17 1e-20
4354.12 6.9782465e-17 1e-20
4355.59 6.0700274e-17 1e-20
4357.06 7.7897034e-17 1e-20
4358.53 8.5730448e-17 1e-20
4360.0 9.7097769e-17 1e-20
4361.47 8.0193791e-17 1e-20
4362.94 5.8831957e-17 1e-20
4364.41 7.2981729e-17 1e-20
4365.88 7.9310891e-17 1e-20
4367.35 7.0127578e-17 1e-20
4368.82 7.3259661e-17 1e-20
4370.29 7.6852901e-17 1e-20
4371.76 6.3758354e-17 1e-20
4373.23 6.4817846e-17 1e-20
4374.7 7.4666484e-17 1e-20
4376.17 8.2421719e-17 1e-20
4377.64 8.7692818e-17 1e-20
4379.11 8.1683166e-17 1e-20
4380.58 7.5183346e-17 1e-20
4382.05 8.4018958e-17 1e-20
4383.52 7.3867871e-17 1e-20
4384.99 5.1067798e-17 1e-20
4386.46 7.1354419e-17 1e-20
4387.93 9.07838e-17 1e-20
4389.4 7.8050738e-17 1e-20
4390.87 6.8966435e-17 1e-20
4392.34 7.3330375e-17 1e-20
4393.81 7.7937751e-17 1e-20
4395.28 8.0477375e-17 1e-20
4396.75 7.9348723e-17 1e-20
4398.22 7.2314664e-17 1e-20
4399.69 7.4252655e-17 1e-20
4401.16 7.6044745e-17 1e-20
4402.63 6.1509594e-17 1e-20
4404.1 5.713177e-17 1e-20
4405.57 8.34595e-17 1e-20
4407.04 9.8662007e-17 1e-20
4408.51 9.1709137e-17 1e-20
4409.98 8.3164434e-17 1e-20
4411.45 7.7161916e-17 1e-20
4412.92 6.9413496e-17 1e-20
4414.39 6.1578726e-17 1e-20
4415.86 6.7985538e-17 1e-20
4417.33 8.2530887e-17 1e-20
4418.8 6.9272161e-17 1e-20
4420.27 6.6335683e-17 1e-20
4421.74 8.0968832e-17 1e-20
4423.21 8.2225095e-17 1e-20
4424.68 9.0729392e-17 1e-20
4426.15 8.600848e-17 1e-20
4427.62 7.221071e-17 1e-20
4429.09 8.0221227e-17 1e-20
4430.56 8.7239828e-17 1e-20
4432.03 7.6004273e-17 1e-20
4433.5 6.8091986e-17 1e-20
4434.97 8.3437e-17 1e-20
4436.44 8.9920303e-17 1e-20
4437.91 8.9326917e-17 1e-20
4439.38 9.7566555e-17 1e-20
4440.85 7.8026352e-17 1e-20
4442.32 6.7739945e-17 1e-20
4443.79 7.5879389e-17 1e-20
4445.26 7.5317614e-17 1e-20
4446.73 7.8783917e-17 1e-20
4448.2 9.4819846e-17 1e-20
4449.67 8.7436452e-17 1e-20
4451.14 6.6546019e-17 1e-20
4452.61 8.8778754e-17 1e-20
4454.08 1.0320286e-16 1e-20
4455.55 7.7772917e-17 1e-20
4457.02 7.4431948e-17 1e-20
4458.49 8.2227596e-17 1e-20
4459.96 7.6764339e-17 1e-20
4461.43 8.743483e-17 1e-20
4462.9 9.2975491e-17 1e-20
4464.37 8.3187231e-17 1e-20
4465.84 7.4153652e-17 1e-20
4467.31 8.36056e-17 1e-20
4468.78 8.9588557e-17 1e-20
4470.25 6.8406328e-17 1e-20
4471.72 7.2096764e-17 1e-20
4473.19 9.1952309e-17 1e-20
4474.66 8.9092189e-17 1e-20
4476.13 7.4937574e-17 1e-20
4477.6 6.4332099e-17 1e-20
4479.07 6.6887982e-17 1e-20
4480.54 6.5373129e-17 1e-20
4482.01 6.7597974e-17 1e-20
4483.48 6.8862415e-17 1e-20
4484.95 6.8260016e-17 1e-20
4486.42 7.7277258e-17 1e-20
4487.89 7.771483e-17 1e-20
4489.36 6.9275893e-17 1e-20
4490.83 6.2863192e-17 1e-20
4492.3 6.3570339e-17 1e-20
4493.77 8.6419139e-17 1e-20
4495.24 9.0034467e-17 1e-20
4496.71 7.911567e-17 1e-20
4498.18 8.3515907e-17 1e-20
4499.65 8.8895148e-17 1e-20
4501.12 9.9105204e-17 1e-20
4502.59 8.9386944e-17 1e-20
4504.06 9.3466135e-17 1e-20
4505.53 8.4270858e-17 1e-20
4507.0 5.4058655e-17 1e-20
4508.47 4.5866086e-17 1e-20
4509.94 4.6837921e-17 1e-20
4511.41 6.2600896e-17 1e-20
4512.88 7.4541613e-17 1e-20
4514.35 7.6083927e-17 1e-20
4515.82 8.1678077e-17 1e-20
4517.29 7.2462947e-17 1e-20
4518.76 6.5238074e-17 1e-20
4520.23 7.4979879e-17 1e-20
4521.7 7.9603303e-17 1e-20
4523.17 9.2330198e-17 1e-20
4524.64 9.8943348e-17 1e-20
4526.11 8.0978507e-17 1e-20
4527.58 6.8962048e-17 1e-20
4529.05 7.8009127e-17 1e-20
4530.52 7.9975329e-17 1e-20
4531.99 7.3525696e-17 1e-20
4533.46 8.5416238e-17 1e-20
4534.93 1.0099676e-16 1e-20
4536.4 9.0634021e-17 1e-20
4537.87 8.8658376e-17 1e-20
4539.34 9.8081373e-17 1e-20
4540.81 8.2851542e-17 1e-20
4542.28 7.4637817e-17 1e-20
4543.75 7.6118179e-17 1e-20
4545.22 7.6365016e-17 1e-20
4546.69 7.9586064e-17 1e-20
4548.16 7.999397e-17 1e-20
4549.63 8.7443883e-17 1e-20
4551.1 1.0302398e-16 1e-20
4552.57 1.0554931e-16 1e-20
4554.04 8.6567634e-17 1e-20
4555.51 8.9694986e-17 1e-20
4556.98 1.0198572e-16 1e-20
4558.45 9.5235547e-17 1e-20
4559.92 8.119327e-17 1e-20
4561.39 7.8524672e-17 1e-20
4562.86 9.0174003e-17 1e-20
4564.33 9.4333318e-17 1e-20
4565.8 1.0084073e-16 1e-20
4567.27 9.1536296e-17 1e-20
4568.74 8.1776114e-17 1e-20
4570.21 8.8193421e-17 1e-20
4571.68 8.4848687e-17 1e-20
4573.15 8.5213566e-17 1e-20
4574.62 9.387148e-17 1e-20
4576.09 8.912932e-17 1e-20
4577.56 9.7598399e-17 1e-20
4579.03 1.155547e-16 1e-20
4580.5 1.053979e-16 1e-20
4581.97 9.5193454e-17 1e-20
4583.44 9.2168639e-17 1e-20
4584.91 9.2624429e-17 1e-20
4586.38 1.0199534e-16 1e-20
4587.85 1.0369712e-16 1e-20
4589.32 9.7972304e-17 1e-20
4590.79 8.3788129e-17 1e-20
4592.26 7.4400754e-17 1e-20
4593.73 9.3806914e-17 1e-20
4595.2 1.2652257e-16 1e-20
4596.67 1.179757e-16 1e-20
4598.14 1.0268256e-16 1e-20
4599.61 1.1183385e-16 1e-20
4601.08 9.9649495e-17 1e-20
4602.55 9.1149083e-17 1e-20
4604.02 9.4835046e-17 1e-20
4605.49 9.636537e-17 1e-20
4606.96 9.57286e-17 1e-20
4608.43 8.5122516e-17 1e-20
4609.9 6.9304765e-17 1e-20
4611.37 7.4984273e-17 1e-20
4612.84 9.5566214e-17 1e-20
4614.31 1.0589407e-16 1e-20
4615.78 1.0483821e-16 1e-20
4617.25 9.2206253e-17 1e-20
4618.72 8.6290621e-17 1e-20
4620.19 9.3205586e-17 1e-20
4621.66 8.1546866e-17 1e-20
4623.13 7.3595457e-17 1e-20
4624.6 8.7696312e-17 1e-20
4626.07 8.6801653e-17 1e-20
4627.54 7.9158597e-17 1e-20
4629.01 8.7927096e-17 1e-20
4630.48 9.9332771e-17 1e-20
4631.95 9.8425573e-17 1e-20
4633.42 9.1419452e-17 1e-20
4634.89 9.3286518e-17 1e-20
4636.36 1.0700614e-16 1e-20
4637.83 1.0717428e-16 1e-20
4639.3 9.2525022e-17 1e-20
4640.77 8.2735829e-17 1e-20
4642.24 8.3472397e-17 1e-20
4643.71 9.9106124e-17 1e-20
4645.18 1.0419389e-16 1e-20
4646.65 9.5897146e-17 1e-20
4648.12 9.9118273e-17 1e-20
4649.59 9.6394613e-17 1e-20
4651.06 9.2651018e-17 1e-20
4652.53 9.8364235e-17 1e-20
4654.0 9.9784319e-17 1e-20
4655.47 9.1424845e-17 1e-20
4656.94 9.0162674e-17 1e-20
4658.41 1.0255627e-16 1e-20
4659.88 1.0013929e-16 1e-20
4661.35 9.9755375e-17 1e-20
4662.82 9.778233e-17 1e-20
4664.29 9.4635735e-17 1e-20
4665.76 9.594642e-17 1e-20
4667.23 9.3260802e-17 1e-20
4668.7 9.4072551e-17 1e-20
4670.17 8.8211487e-17 1e-20
4671.64 8.2833827e-17 1e-20
4673.11 7.0095682e-17 1e-20
4674.58 5.9365561e-17 1e-20
4676.05 7.5776878e-17 1e-20
4677.52 9.6422399e-17 1e-20
4678.99 9.6456625e-17 1e-20
4680.46 7.9893014e-17 1e-20
4681.93 8.9538152e-17 1e-20
4683.4 9.9869023e-17 1e-20
4684.87 9.1716258e-17 1e-20
4686.34 8.5332693e-17 1e-20
4687.81 8.7961559e-17 1e-20
4689.28 8.5690915e-17 1e-20
4690.75 7.2417684e-17 1e-20
4692.22 7.3539354e-17 1e-20
4693.69 9.7020821e-17 1e-20
4695.16 1.0321597e-16 1e-20
4696.63 8.4748082e-17 1e-20
4698.1 8.1882523e-17 1e-20
4699.57 8.9538536e-17 1e-20
4701.04 8.8993622e-17 1e-20
4702.51 8.2468339e-17 1e-20
4703.98 8.6748085e-17 1e-20
4705.45 8.8835399e-17 1e-20
4706.92 8.5899775e-17 1e-20
4708.39 9.622786e-17 1e-20
4709.86 9.0254279e-17 1e-20
4711.33 8.0945771e-17 1e-20
4712.8 8.7242481e-17 1e-20
4714.27 8.2608794e-17 1e-20
4715.74 8.1905075e-17 1e-20
4717.21 9.611353e-17 1e-20
4718.68 9.7234267e-17 1e-20
4720.15 8.3181904e-17 1e-20
4721.62 7.9890738e-17 1e-20
4723.09 8.3787149e-17 1e-20
4724.56 8.6208108e-17 1e-20
4726.03 8.5349237e-17 1e-20
4727.5 7.8405545e-17 1e-20
4728.97 8.331019e-17 1e-20
4730.44 8.0933078e-17 1e-20
4731.91 7.4386864e-17 1e-20
4733.38 8.7689688e-17 1e-20
4734.85 8.7883784e-17 1e-20
4736.32 8.1248254e-17 1e-20
4737.79 8.2704535e-17 1e-20
4739.26 8.1003475e-17 1e-20
4740.73 7.789041e-17 1e-20
4742.2 7.7090877e-17 1e-20
4743.67 8.2096213e-17 1e-20
4745.14 8.7407275e-17 1e-20
4746.61 8.661843e-17 1e-20
4748.08 7.8310181e-17 1e-20
4749.55 7.0099262e-17 1e-20
4751.02 7.8930527e-17 1e-20
4752.49 8.9780741e-17 1e-20
4753.96 9.021693e-17 1e-20
4755.43 9.2742114e-17 1e-20
4756.9 9.2340852e-17 1e-20
4758.37 7.7112695e-17 1e-20
4759.84 7.1160978e-17 1e-20
4761.31 8.9636223e-17 1e-20
4762.78 9.6701066e-17 1e-20
4764.25 8.6566675e-17 1e-20
4765.72 9.1594847e-17 1e-20
4767.19 9.0609556e-17 1e-20
4768.66 7.8995133e-17 1e-20
4770.13 7.6297406e-17 1e-20
4771.6 7.0986701e-17 1e-20
4773.07 6.9732232e-17 1e-20
4774.54 7.9223706e-17 1e-20
4776.01 8.6710405e-17 1e-20
4777.48 9.276869e-17 1e-20
4778.95 8.8511264e-17 1e-20
4780.42 7.6251964e-17 1e-20
4781.89 6.4011061e-17 1e-20
4783.36 6.4709062e-17 1e-20
4784.83 6.8120269e-17 1e-20
4786.3 6.3577797e-17 1e-20
4787.77 6.4864916e-17 1e-20
4789.24 7.4048811e-17 1e-20
4790.71 7.7839582e-17 1e-20
4792.18 7.8819083e-17 1e-20
4793.65 8.9324534e-17 1e-20
4795.12 8.9331959e-17 1e-20
4796.59 8.5900086e-17 1e-20
4798.06 7.948354e-17 1e-20
4799.53 7.0382436e-17 1e-20
4801.0 8.3973027e-17 1e-20
4802.47 9.5476151e-17 1e-20
4803.94 8.9321775e-17 1e-20
4805.41 7.2772829e-17 1e-20
4806.88 6.1521452e-17 1e-20
4808.35 6.1539293e-17 1e-20
4809.82 7.3479837e-17 1e-20
4811.29 8.1322647e-17 1e-20
4812.76 7.6235195e-17 1e-20
4814.23 8.1870102e-17 1e-20
4815.7 8.5531832e-17 1e-20
4817.17 7.4006731e-17 1e-20
4818.64 7.5978167e-17 1e-20
4820.11 7.7493311e-17 1e-20
4821.58 5.5743205e-17 1e-20
4823.05 6.5704538e-17 1e-20
4824.52 8.2483142e-17 1e-20
4825.99 8.1271263e-17 1e-20
4827.46 7.7791876e-17 1e-20
4828.93 7.3553482e-17 1e-20
4830.4 7.5979683e-17 1e-20
4831.87 7.7021202e-17 1e-20
4833.34 7.348081e-17 1e-20
4834.81 6.9473053e-17 1e-20
4836.28 7.5377932e-17 1e-20
4837.75 7.4856252e-17 1e-20
4839.22 7.4918026e-17 1e-20
4840.69 8.1478362e-17 1e-20
4842.16 8.4055334e-17 1e-20
4843.63 7.747408e-17 1e-20
4845.1 7.8677575e-17 1e-20
4846.57 9.0551839e-17 1e-20
4848.04 8.6316542e-17 1e-20
4849.51 6.292216e-17 1e-20
4850.98 5.8275847e-17 1e-20
4852.45 5.692837e-17 1e-20
4853.92 5.2790372e-17 1e-20
4855.39 6.9216038e-17 1e-20
4856.86 7.7605006e-17 1e-20
4858.33 6.8807716e-17 1e-20
4859.8 7.8445925e-17 1e-20
4861.27 9.3019094e-17 1e-20
4862.74 8.6266322e-17 1e-20
4864.21 7.9993983e-17 1e-20
4865.68 9.1129701e-17 1e-20
4867.15 9.2975081e-17 1e-20
4868.62 7.9536136e-17 1e-20
4870.09 7.9101528e-17 1e-20
4871.56 7.8249612e-17 1e-20
4873.03 7.6633645e-17 1e-20
4874.5 7.7303807e-17 1e-20
4875.97 7.3694176e-17 1e-20
4877.44 7.0536516e-17 1e-20
4878.91 6.2463128e-17 1e-20
4880.38 6.1249429e-17 1e-20
4881.85 7.1493002e-17 1e-20
4883.32 8.6478636e-17 1e-20
4884.79 7.7089957e-17 1e-20
4886.26 6.4474156e-17 1e-20
4887.73 7.4668151e-17 1e-20
4889.2 6.7763059e-17 1e-20
4890.67 6.4892822e-17 1e-20
4892.14 5.8361523e-17 1e-20
4893.61 5.4126663e-17 1e-20
4895.08 6.6634739e-17 1e-20
4896.55 7.3077059e-17 1e-20
4898.02 7.1775818e-17 1e-20
4899.49 7.5333899e-17 1e-20
4900.96 8.1318604e-17 1e-20
4902.43 7.9409392e-17 1e-20
4903.9 7.2537837e-17 1e-20
4905.37 7.4632324e-17 1e-20
4906.84 8.1608567e-17 1e-20
4908.31 7.7698921e-17 1e-20
4909.78 7.996312e-17 1e-20
4911.25 8.6053803e-17 1e-20
4912.72 7.0732902e-17 1e-20
4914.19 6.7102632e-17 1e-20
4915.66 8.4460997e-17 1e-20
4917.13 8.4140534e-17 1e-20
4918.6 6.3391668e-17 1e-20
4920.07 5.9064216e-17 1e-20
4921.54 6.0784514e-17 1e-20
4923.01 6.670268e-17 1e-20
4924.48 7.3784802e-17 1e-20
4925.95 7.5013397e-17 1e-20
4927.42 7.6714881e-17 1e-20
4928.89 8.222526e-17 1e-20
4930.36 7.8961437e-17 1e-20
4931.83 6.4256495e-17 1e-20
4933.3 5.9259861e-17 1e-20
4934.77 7.5503452e-17 1e-20
4936.24 8.4979626e-17 1e-20
4937.71 8.2908571e-17 1e-20
4939.18 7.6322976e-17 1e-20
4940.65 6.2717952e-17 1e-20
4942.12 6.7988886e-17 1e-20
4943.59 7.726393e-17 1e-20
4945.06 7.7387954e-17 1e-20
4946.53 7.3006709e-17 1e-20
4948.0 6.6313865e-17 1e-20
4949.47 7.3585081e-17 1e-20
4950.94 8.4506234e-17 1e-20
4952.41 8.2021224e-17 1e-20
4953.88 5.9220739e-17 1e-20
4955.35 5.6989158e-17 1e-20
4956.82 6.6475265e-17 1e-20
4958.29 6.2991776e-17 1e-20
4959.76 6.0051142e-17 1e-20
4961.23 5.6938005e-17 1e-20
4962.7 6.3533844e-17 1e-20
4964.17 6.7836215e-17 1e-20
4965.64 6.4993513e-17 1e-20
4967.11 6.5678597e-17 1e-20
4968.58 5.6860885e-17 1e-20
4970.05 5.9345444e-17 1e-20
4971.52 7.0080244e-17 1e-20
4972.99 6.8031933e-17 1e-20
4974.46 6.8060719e-17 1e-20
4975.93 6.5163932e-17 1e-20
4977.4 5.6017776e-17 1e-20
4978.87 7.1522503e-17 1e-20
4980.34 8.0270017e-17 1e-20
4981.81 6.3802744e-17 1e-20
4983.28 4.7941909e-17 1e-20
4984.75 5.2479051e-17 1e-20
4986.22 5.6863671e-17 1e-20
4987.69 5.8100366e-17 1e-20
4989.16 6.3272011e-17 1e-20
4990.63 7.0978522e-17 1e-20
4992.1 7.5916612e-17 1e-20
4993.57 5.7772974e-17 1e-20
4995.04 5.1079415e-17 1e-20
4996.51 6.1486651e-17 1e-20
4997.98 6.108216e-17 1e-20
4999.45 6.3235126e-17 1e-20
5000.92 5.6624907e-17 1e-20
5002.39 5.2508721e-17 1e-20
5003.86 5.9996541e-17 1e-20
5005.33 6.2509198e-17 1e-20
5006.8 5.9901561e-17 1e-20
5008.27 6.6519582e-17 1e-20
5009.74 6.6819723e-17 1e-20
5011.21 3.883428e-17 1e-20
5012.68 4.8156705e-17 1e-20
5014.15 7.3399905e-17 1e-20
5015.62 7.1336202e-17 1e-20
5017.09 6.7773899e-17 1e-20
5018.56 6.4060844e-17 1e-20
5020.03 5.9764746e-17 1e-20
5021.5 6.4090569e-17 1e-20
5022.97 6.7093169e-17 1e-20
5024.44 6.3200854e-17 1e-20
5025.91 5.9898623e-17 1e-20
5027.38 6.5901704e-17 1e-20
5028.85 7.1399464e-17 1e-20
5030.32 5.9964209e-17 1e-20
5031.79 5.2478942e-17 1e-20
5033.26 5.9353107e-17 1e-20
5034.73 6.462952e-17 1e-20
5036.2 7.0546297e-17 1e-20
5037.67 6.0464659e-17 1e-20
5039.14 5.8839865e-17 1e-20
5040.61 6.193405e-17 1e-20
5042.08 6.7656552e-17 1e-20
5043.55 7.2483005e-17 1e-20
5045.02 6.4983832e-17 1e-20
5046.49 6.5141294e-17 1e-20
5047.96 6.4804036e-17 1e-20
5049.43 5.7127548e-17 1e-20
5050.9 5.4427085e-17 1e-20
5052.37 6.4162666e-17 1e-20
5053.84 6.6265485e-17 1e-20
5055.31 4.8288736e-17 1e-20
5056.78 5.0580668e-17 1e-20
5058.25 6.8356644e-17 1e-20
5059.72 7.4178864e-17 1e-20
5061.19 6.742727e-17 1e-20
5062.66 5.7904516e-17 1e-20
5064.13 7.0054786e-17 1e-20
5065.6 7.1729397e-17 1e-20
5067.07 6.6347343e-17 1e-20
5068.54 6.6666277e-17 1e-20
5070.01 6.477926e-17 1e-20
5071.48 6.1789968e-17 1e-20
5072.95 6.2011395e-17 1e-20
5074.42 6.3826381e-17 1e-20
5075.89 6.8769837e-17 1e-20
5077.36 7.2961711e-17 1e-20
5078.83 6.8973668e-17 1e-20
5080.3 6.087915e-17 1e-20
5081.77 6.0534692e-17 1e-20
5083.24 6.9123606e-17 1e-20
5084.71 5.3579354e-17 1e-20
5086.18 3.547154e-17 1e-20
5087.65 4.0440698e-17 1e-20
5089.12 6.2949795e-17 1e-20
5090.59 6.5621681e-17 1e-20
5092.06 5.7478762e-17 1e-20
5093.53 6.7863856e-17 1e-20
5095.0 6.7982282e-17 1e-20
5096.47 6.3868607e-17 1e-20
5097.94 6.6940809e-17 1e-20
5099.41 6.2788236e-17 1e-20
5100.88 6.559036e-17 1e-20
5102.35 6.7429778e-17 1e-20
5103.82 7.1396255e-17 1e-20
5105.29 7.7473822e-17 1e-20
5106.76 7.0255579e-17 1e-20
5108.23 6.5468103e-17 1e-20
5109.7 6.5774272e-17 1e-20
5111.17 7.2468446e-17 1e-20
5112.64 8.1104781e-17 1e-20
5114.11 7.1233459e-17 1e-20
5115.58 6.1126543e-17 1e-20
5117.05 6.4539523e-17 1e-20
5118.52 6.2302893e-17 1e-20
5119.99 7.1354664e-17 1e-20
5121.46 8.1776458e-17 1e-20
5122.93 7.4430486e-17 1e-20
5124.4 7.4413816e-17 1e-20
5125.87 8.1033611e-17 1e-20
5127.34 7.4420096e-17 1e-20
5128.81 7.0405703e-17 1e-20
5130.28 6.9660499e-17 1e-20
5131.75 7.0065765e-17 1e-20
5133.22 8.1587047e-17 1e-20
5134.69 7.1919602e-17 1e-20
5136.16 6.4367602e-17 1e-20
5137.63 7.3058365e-17 1e-20
5139.1 7.0865701e-17 1e-20
5140.57 7.9948912e-17 1e-20
5142.04 8.2060287e-17 1e-20
5143.51 6.6564786e-17 1e-20
5144.98 6.8186556e-17 1e-20
5146.45 6.8303883e-17 1e-20
5147.92 6.3935456e-17 1e-20
5149.39 7.0059749e-17 1e-20
5150.86 7.2701069e-17 1e-20
5152.33 6.8428682e-17 1e-20
5153.8 7.3933489e-17 1e-20
5155.27 7.273912e-17 1e-20
5156.74 7.2310971e-17 1e-20
5158.21 8.4591797e-17 1e-20
5159.68 7.5005092e-17 1e-20
5161.15 6.6126248e-17 1e-20
5162.62 7.3701726e-17 1e-20
5164.09 6.9190601e-17 1e-20
5165.56 7.6563712e-17 1e-20
5167.03 8.1086907e-17 1e-20
5168.5 7.264895e-17 1e-20
5169.97 7.4794902e-17 1e-20
5171.44 7.2304519e-17 1e-20
5172.91 7.1178468e-17 1e-20
5174.38 8.2645759e-17 1e-20
5175.85 9.1337012e-17 1e-20
5177.32 8.063131e-17 1e-20
5178.79 8.5984968e-17 1e-20
5180.26 8.7418803e-17 1e-20
5181.73 7.9531861e-17 1e-20
5183.2 7.9734196e-17 1e-20
5184.67 7.3041961e-17 1e-20
5186.14 6.907105e-17 1e-20
5187.61 7.4565614e-17 1e-20
5189.08 7.9659902e-17 1e-20
5190.55 8.0478301e-17 1e-20
5192.02 7.2216613e-17 1e-20
5193.49 7.5893159e-17 1e-20
5194.96 7.2473376e-17 1e-20
5196.43 7.4366872e-17 1e-20
5197.9 8.9124052e-17 1e-20
5199.37 8.0603913e-17 1e-20
5200.84 6.9619703e-17 1e-20
5202.31 6.8071247e-17 1e-20
5203.78 8.2518737e-17 1e-20
5205.25 7.4724869e-17 1e-20
5206.72 6.9738856e-17 1e-20
5208.19 7.7271706e-17 1e-20
5209.66 7.3925734e-17 1e-20
5211.13 7.4785843e-17 1e-20
5212.6 8.1019681e-17 1e-20
5214.07 8.9561379e-17 1e-20
5215.54 8.4080103e-17 1e-20
5217.01 7.6538506e-17 1e-20
5218.48 6.5094641e-17 1e-20
5219.95 6.8269995e-17 1e-20
5221.42 8.1402076e-17 1e-20
5222.89 8.4489062e-17 1e-20
5224.36 7.5225969e-17 1e-20
5225.83 8.2228503e-17 1e-20
5227.3 7.8761398e-17 1e-20
5228.77 8.0573897e-17 1e-20
5230.24 8.0284006e-17 1e-20
5231.71 7.348881e-17 1e-20
5233.18 7.4221626e-17 1e-20
5234.65 7.9425829e-17 1e-20
5236.12 9.025138e-17 1e-20
5237.59 9.2187393e-17 1e-20
5239.06 7.4399126e-17 1e-20
5240.53 6.9528825e-17 1e-20
5242.0 8.1084174e-17 1e-20
5243.47 8.3725541e-17 1e-20
5244.94 8.2706355e-17 1e-20
5246.41 7.0895546e-17 1e-20
5247.88 6.8978942e-17 1e-20
5249.35 8.259861e-17 1e-20
5250.82 9.2311226e-17 1e-20
5252.29 8.6020616e-17 1e-20
5253.76 8.1557937e-17 1e-20
5255.23 7.7691635e-17 1e-20
5256.7 7.9589386e-17 1e-20
5258.17 8.4178121e-17 1e-20
5259.64 9.1089149e-17 1e-20
5261.11 9.0734189e-17 1e-20
5262.58 7.586301e-17 1e-20
5264.05 7.2913423e-17 1e-20
5265.52 8.283965e-17 1e-20
5266.99 7.9860596e-17 1e-20
5268.46 7.1202231e-17 1e-20
5269.93 7.3192646e-17 1e-20
5271.4 7.4815846e-17 1e-20
5272.87 7.6779434e-17 1e-20
5274.34 8.9151005e-17 1e-20
5275.81 8.5468635e-17 1e-20
5277.28 7.7123144e-17 1e-20
5278.75 7.7809902e-17 1e-20
5280.22 7.7474782e-17 1e-20
5281.69 6.8568482e-17 1e-20
5283.16 5.5980335e-17 1e-20
5284.63 6.0270523e-17 1e-20
5286.1 7.5659213e-17 1e-20
5287.57 7.6134676e-17 1e-20
5289.04 7.9329857e-17 1e-20
5290.51 7.7306216e-17 1e-20
5291.98 7.0676581e-17 1e-20
5293.45 7.4439995e-17 1e-20
5294.92 8.1246242e-17 1e-20
5296.39 7.5899678e-17 1e-20
5297.86 6.9808902e-17 1e-20
5299.33 7.8351388e-17 1e-20
5300.8 8.4209567e-17 1e-20
5302.27 8.0984416e-17 1e-20
5303.74 7.6866956e-17 1e-20
5305.21 6.9207767e-17 1e-20
5306.68 6.795975e-17 1e-20
5308.15 8.1143798e-17 1e-20
5309.62 7.4083129e-17 1e-20
5311.09 5.7570368e-17 1e-20
5312.56 5.9761847e-17 1e-20
5314.03 6.8905813e-17 1e-20
5315.5 6.2901209e-17 1e-20
5316.97 5.619693e-17 1e-20
5318.44 6.6500821e-17 1e-20
5319.91 7.8147935e-17 1e-20
5321.38 8.1578861e-17 1e-20
5322.85 7.5698746e-17 1e-20
5324.32 6.5218493e-17 1e-20
5325.79 7.2269658e-17 1e-20
5327.26 8.0152319e-17 1e-20
5328.73 7.5349609e-17 1e-20
5330.2 6.6032386e-17 1e-20
5331.67 6.514586e-17 1e-20
5333.14 7.0957922e-17 1e-20
5334.61 6.3201959e-17 1e-20
5336.08 6.7024552e-17 1e-20
5337.55 7.2247861e-17 1e-20
5339.02 6.9804475e-17 1e-20
5340.49 7.3377452e-17 1e-20
5341.96 7.1733758e-17 1e-20
5343.43 7.0739057e-17 1e-20
5344.9 6.9304765e-17 1e-20
5346.37 6.8265714e-17 1e-20
5347.84 6.8190725e-17 1e-20
5349.31 6.6758134e-17 1e-20
5350.78 6.9732702e-17 1e-20
5352.25 7.2467586e-17 1e-20
5353.72 7.0146809e-17 1e-20
5355.19 7.1304398e-17 1e-20
5356.66 7.3510767e-17 1e-20
5358.13 7.2225765e-17 1e-20
5359.6 7.3088911e-17 1e-20
5361.07 6.754966e-17 1e-20
5362.54 6.0342614e-17 1e-20
5364.01 6.1208996e-17 1e-20
5365.48 6.6327828e-17 1e-20
5366.95 7.4811161e-17 1e-20
5368.42 6.7284956e-17 1e-20
5369.89 5.6993505e-17 1e-20
5371.36 6.5551714e-17 1e-20
5372.83 6.4079055e-17 1e-20
5374.3 6.274333e-17 1e-20
5375.77 6.7869521e-17 1e-20
5377.24 6.7204004e-17 1e-20
5378.71 7.2197489e-17 1e-20
5380.18 6.7076936e-17 1e-20
5381.65 6.060446e-17 1e-20
5383.12 6.8756728e-17 1e-20
5384.59 7.555244e-17 1e-20
5386.06 8.0595145e-17 1e-20
5387.53 7.1395606e-17 1e-20
5389.0 5.5664398e-17 1e-20
5390.47 6.2029129e-17 1e-20
5391.94 7.4595022e-17 1e-20
5393.41 6.6643388e-17 1e-20
5394.88 5.8787064e-17 1e-20
5396.35 5.7273178e-17 1e-20
5397.82 6.3367329e-17 1e-20
5399.29 6.5054791e-17 1e-20
5400.76 5.4104137e-17 1e-20
5402.23 6.1243208e-17 1e-20
5403.7 6.6916278e-17 1e-20
5405.17 7.1426239e-17 1e-20
5406.64 7.8127652e-17 1e-20
5408.11 8.0597183e-17 1e-20
5409.58 8.4059881e-17 1e-20
5411.05 7.668227e-17 1e-20
5412.52 6.4374339e-17 1e-20
5413.99 6.0900623e-17 1e-20
5415.46 6.5449501e-17 1e-20
5416.93 7.2631778e-17 1e-20
5418.4 6.7085751e-17 1e-20
5419.87 6.2939107e-17 1e-20
5421.34 6.9881833e-17 1e-20
5422.81 6.4967367e-17 1e-20
5424.28 6.0893344e-17 1e-20
5425.75 6.2108334e-17 1e-20
5427.22 6.2420822e-17 1e-20
5428.69 6.2802318e-17 1e-20
5430.16 5.5623443e-17 1e-20
5431.63 4.6316794e-17 1e-20
5433.1 4.8547028e-17 1e-20
5434.57 5.4408089e-17 1e-20
5436.04 6.3146326e-17 1e-20
5437.51 6.2841838e-17 1e-20
5438.98 5.2667251e-17 1e-20
5440.45 4.6342648e-17 1e-20
5441.92 5.0206736e-17 1e-20
5443.39 5.3790414e-17 1e-20
5444.86 7.0651607e-17 1e-20
5446.33 7.7497169e-17 1e-20
5447.8 6.8533892e-17 1e-20
5449.27 7.0800367e-17 1e-20
5450.74 6.674439e-17 1e-20
5452.21 5.1697015e-17 1e-20
5453.68 5.0802697e-17 1e-20
5455.15 6.3621902e-17 1e-20
5456.62 6.5043931e-17 1e-20
5458.09 6.1117914e-17 1e-20
5459.56 6.8896131e-17 1e-20
5461.03 5.0900992e-17 1e-20
5462.5 4.9038291e-17 1e-20
5463.97 5.2844165e-17 1e-20
5465.44 5.7176067e-17 1e-20
5466.91 5.3071392e-17 1e-20
5468.38 5.6266817e-17 1e-20
5469.85 6.021771e-17 1e-20
5471.32 6.9663093e-17 1e-20
5472.79 6.9534695e-17 1e-20
5474.26 7.035404e-17 1e-20
5475.73 6.9444678e-17 1e-20
5477.2 5.7587699e-17 1e-20
5478.67 5.421532e-17 1e-20
5480.14 5.5584168e-17 1e-20
5481.61 5.2615748e-17 1e-20
5483.08 5.026637e-17 1e-20
5484.55 5.1212165e-17 1e-20
5486.02 6.0115305e-17 1e-20
5487.49 6.1815207e-17 1e-20
5488.96 6.2787826e-17 1e-20
5490.43 6.6132349e-17 1e-20
5491.9 6.1332471e-17 1e-20
5493.37 5.6370354e-17 1e-20
5494.84 5.1903056e-17 1e-20
5496.31 5.9864199e-17 1e-20
5497.78 6.4038761e-17 1e-20
5499.25 6.0014991e-17 1e-20
5500.72 5.9930599e-17 1e-20
5502.19 5.1582976e-17 1e-20
5503.66 5.2622498e-17 1e-20
5505.13 6.2681841e-17 1e-20
5506.6 5.8797249e-17 1e-20
5508.07 7.10039e-17 1e-20
5509.54 6.4737008e-17 1e-20
5511.01 5.1227732e-17 1e-20
5512.48 5.4029747e-17 1e-20
5513.95 6.2755228e-17 1e-20
5515.42 5.8801067e-17 1e-20
5516.89 5.7827396e-17 1e-20
5518.36 5.6474221e-17 1e-20
5519.83 5.1984205e-17 1e-20
5521.3 4.8535706e-17 1e-20
5522.77 5.5926343e-17 1e-20
5524.24 6.2498319e-17 1e-20
5525.71 5.7960307e-17 1e-20
5527.18 5.2308341e-17 1e-20
5528.65 5.0371137e-17 1e-20
5530.12 4.0159969e-17 1e-20
5531.59 4.5869061e-17 1e-20
5533.06 5.3381049e-17 1e-20
5534.53 5.3801779e-17 1e-20
5536.0 6.6617977e-17 1e-20
5537.47 6.9778746e-17 1e-20
5538.94 6.6827769e-17 1e-20
5540.41 6.0463389e-17 1e-20
5541.88 5.1380883e-17 1e-20
5543.35 5.3188385e-17 1e-20
5544.82 4.8688003e-17 1e-20
5546.29 5.2785101e-17 1e-20
5547.76 5.5706366e-17 1e-20
5549.23 6.2667944e-17 1e-20
5550.7 6.7208372e-17 1e-20
5552.17 7.4166688e-17 1e-20
5553.64 7.2509931e-17 1e-20
5555.11 5.3149213e-17 1e-20
5556.58 4.3310151e-17 1e-20
5558.05 5.011305e-17 1e-20
5559.52 5.501797e-17 1e-20
5560.99 5.0205674e-17 1e-20
5562.46 5.6337511e-17 1e-20
5563.93 6.5992072e-17 1e-20
5565.4 5.7172646e-17 1e-20
5566.87 5.7920338e-17 1e-20
5568.34 5.7277923e-17 1e-20
5569.81 5.6635501e-17 1e-20
5571.28 5.5993087e-17 1e-20
5572.75 5.5350668e-17 1e-20
5574.22 5.470825e-17 1e-20
5575.69 5.4065832e-17 1e-20
5577.16 5.3423414e-17 1e-20
5578.63 5.2780999e-17 1e-20
5580.1 5.2138577e-17 1e-20
5581.57 5.1496159e-17 1e-20
5583.04 5.0853741e-17 1e-20
5584.51 5.0211322e-17 1e-20
5585.98 4.9568907e-17 1e-20
5587.45 4.8926489e-17 1e-20
5588.92 4.8284068e-17 1e-20
5590.39 4.8284068e-17 1e-20
5591.86 5.9190431e-17 1e-20
5593.33 6.4158881e-17 1e-20
5594.8 5.4409539e-17 1e-20
5596.27 5.2123413e-17 1e-20
5597.74 5.7636873e-17 1e-20
5599.21 5.502459e-17 1e-20
5600.68 4.8984534e-17 1e-20
5602.15 5.0725048e-17 1e-20
5603.62 6.2802841e-17 1e-20
5605.09 6.8723297e-17 1e-20
5606.56 5.8613813e-17 1e-20
5608.03 4.9926087e-17 1e-20
5609.5 5.0571904e-17 1e-20
5610.97 5.2699561e-17 1e-20
5612.44 5.51515e-17 1e-20
5613.91 5.7524476e-17 1e-20
5615.38 5.9048831e-17 1e-20
5616.85 5.9404975e-17 1e-20
5618.32 6.1199606e-17 1e-20
5619.79 6.2101564e-17 1e-20
5621.26 5.9820742e-17 1e-20
5622.73 5.4611897e-17 1e-20
5624.2 5.626284e-17 1e-20
5625.67 6.1975581e-17 1e-20
5627.14 6.0193589e-17 1e-20
5628.61 6.402724e-17 1e-20
5630.08 5.6116899e-17 1e-20
5631.55 4.4578993e-17 1e-20
5633.02 5.7689694e-17 1e-20
5634.49 6.6844062e-17 1e-20
5635.96 6.4192041e-17 1e-20
5637.43 6.3442874e-17 1e-20
5638.9 5.3647153e-17 1e-20
5640.37 4.997272e-17 1e-20
5641.84 5.8108584e-17 1e-20
5643.31 6.230196e-17 1e-20
5644.78 6.0635277e-17 1e-20
5646.25 5.0139298e-17 1e-20
5647.72 4.6587083e-17 1e-20
5649.19 4.5658547e-17 1e-20
5650.66 4.4651094e-17 1e-20
5652.13 5.4790416e-17 1e-20
5653.6 6.1414197e-17 1e-20
5655.07 6.143755e-17 1e-20
5656.54 4.7705498e-17 1e-20
5658.01 4.3054837e-17 1e-20
5659.48 4.8522997e-17 1e-20
5660.95 5.1021774e-17 1e-20
5662.42 6.1887231e-17 1e-20
5663.89 6.3577042e-17 1e-20
5665.36 5.5607878e-17 1e-20
5666.83 5.0268484e-17 1e-20
5668.3 4.1700875e-17 1e-20
5669.77 4.771642e-17 1e-20
5671.24 5.6765746e-17 1e-20
5672.71 5.2327317e-17 1e-20
5674.18 4.5606438e-17 1e-20
5675.65 5.1372598e-17 1e-20
5677.12 6.9756558e-17 1e-20
5678.59 5.909917e-17 1e-20
5680.06 4.3583448e-17 1e-20
5681.53 5.534508e-17 1e-20
5683.0 6.7670488e-17 1e-20
5684.47 5.619785e-17 1e-20
5685.94 5.597645e-17 1e-20
5687.41 5.9845028e-17 1e-20
5688.88 4.0921829e-17 1e-20
5690.35 4.6564303e-17 1e-20
5691.82 6.3138557e-17 1e-20
5693.29 5.9126294e-17 1e-20
5694.76 5.8863397e-17 1e-20
5696.23 5.8600499e-17 1e-20
5697.7 5.8337601e-17 1e-20
5699.17 5.8074703e-17 1e-20
5700.64 5.7811799e-17 1e-20
5702.11 5.7548901e-17 1e-20
5703.58 5.7286003e-17 1e-20
5705.05 5.7023105e-17 1e-20
5706.52 5.6760207e-17 1e-20
5707.99 5.6497309e-17 1e-20
5709.46 5.6234411e-17 1e-20
5710.93 5.5971514e-17 1e-20
5712.4 5.5708616e-17 1e-20
5713.87 5.5708616e-17 1e-20
5715.34 5.4319336e-17 1e-20
5716.81 5.8726766e-17 1e-20
5718.28 4.8089545e-17 1e-20
5719.75 4.2719726e-17 1e-20
5721.22 5.1149626e-17 1e-20
5722.69 5.4010513e-17 1e-20
5724.16 5.5894599e-17 1e-20
5725.63 6.4394641e-17 1e-20
5727.1 6.0868198e-17 1e-20
5728.57 6.1775364e-17 1e-20
5730.04 6.4692155e-17 1e-20
5731.51 6.2622853e-17 1e-20
5732.98 4.8820269e-17 1e-20
5734.45 5.8032834e-17 1e-20
5735.92 6.698721e-17 1e-20
5737.39 6.5517714e-17 1e-20
5738.86 5.0860252e-17 1e-20
5740.33 5.6018809e-17 1e-20
5741.8 6.0218127e-17 1e-20
5743.27 5.9027417e-17 1e-20
5744.74 5.7686193e-17 1e-20
5746.21 6.3489169e-17 1e-20
5747.68 5.7040707e-17 1e-20
5749.15 4.9414165e-17 1e-20
5750.62 5.7284845e-17 1e-20
5752.09 7.6906323e-17 1e-20
5753.56 7.7690338e-17 1e-20
5755.03 6.0903614e-17 1e-20
5756.5 5.8540988e-17 1e-20
5757.97 6.2669897e-17 1e-20
5759.44 6.0572881e-17 1e-20
5760.91 6.1279121e-17 1e-20
5762.38 5.9906564e-17 1e-20
5763.85 6.1944102e-17 1e-20
5765.32 6.6835591e-17 1e-20
5766.79 6.6194427e-17 1e-20
5768.26 5.1934045e-17 1e-20
5769.73 3.7290764e-17 1e-20
5771.2 5.1589567e-17 1e-20
5772.67 6.7963482e-17 1e-20
5774.14 6.4160913e-17 1e-20
5775.61 5.2218023e-17 1e-20
5777.08 5.0083172e-17 1e-20
5778.55 5.8095197e-17 1e-20
5780.02 6.2589475e-17 1e-20
5781.49 5.7256535e-17 1e-20
5782.96 6.0691347e-17 1e-20
5784.43 5.5205961e-17 1e-20
5785.9 5.2457343e-17 1e-20
5787.37 6.1747233e-17 1e-20
5788.84 5.2296668e-17 1e-20
5790.31 6.6647484e-17 1e-20
5791.78 6.4580181e-17 1e-20
5793.25 5.0365072e-17 1e-20
5794.72 5.1846069e-17 1e-20
5796.19 5.0974559e-17 1e-20
5797.66 5.8901824e-17 1e-20
5799.13 6.389014e-17 1e-20
5800.6 5.6457969e-17 1e-20
5802.07 4.7830167e-17 1e-20
5803.54 5.2087312e-17 1e-20
5805.01 5.9382052e-17 1e-20
5806.48 5.8265544e-17 1e-20
5807.95 6.3788774e-17 1e-20
5809.42 6.7213295e-17 1e-20
5810.89 5.7220656e-17 1e-20
5812.36 5.4018441e-17 1e-20
5813.83 5.5542068e-17 1e-20
5815.3 5.1982442e-17 1e-20
5816.77 5.0767542e-17 1e-20
5818.24 5.5865641e-17 1e-20
5819.71 5.8045904e-17 1e-20
5821.18 5.9837101e-17 1e-20
5822.65 6.8499257e-17 1e-20
5824.12 5.1178641e-17 1e-20
5825.59 5.733028e-17 1e-20
5827.06 7.074535e-17 1e-20
5828.53 6.664172e-17 1e-20
5830.0 6.9722293e-17 1e-20
5831.47 5.991698e-17 1e-20
5832.94 5.4377275e-17 1e-20
5834.41 5.8556519e-17 1e-20
5835.88 5.1568325e-17 1e-20
5837.35 5.2204053e-17 1e-20
5838.82 5.7889276e-17 1e-20
5840.29 5.8556698e-17 1e-20
5841.76 5.3551924e-17 1e-20
5843.23 5.7308562e-17 1e-20
5844.7 5.5058783e-17 1e-20
5846.17 4.5952477e-17 1e-20
5847.64 5.7076475e-17 1e-20
5849.11 6.360373e-17 1e-20
5850.58 6.096742e-17 1e-20
5852.05 5.6617727e-17 1e-20
5853.52 4.6834185e-17 1e-20
5854.99 4.1814228e-17 1e-20
5856.46 4.6594773e-17 1e-20
5857.93 5.0302765e-17 1e-20
5859.4 5.0495982e-17 1e-20
5860.87 5.2279145e-17 1e-20
5862.34 6.2701832e-17 1e-20
5863.81 6.895721e-17 1e-20
5865.28 6.3057983e-17 1e-20
5866.75 6.8743057e-17 1e-20
5868.22 6.4131306e-17 1e-20
5869.69 4.9593653e-17 1e-20
5871.16 5.7989596e-17 1e-20
5872.63 6.4599755e-17 1e-20
5874.1 7.069509e-17 1e-20
5875.57 6.8297742e-17 1e-20
5877.04 6.2077867e-17 1e-20
5878.51 5.5708933e-17 1e-20
5879.98 5.9026543e-17 1e-20
5881.45 5.8109888e-17 1e-20
5882.92 6.1264338e-17 1e-20
5884.39 6.1554579e-17 1e-20
5885.86 5.9469746e-17 1e-20
5887.33 4.9752809e-17 1e-20
5888.8 4.9611673e-17 1e-20
5890.27 5.6360189e-17 1e-20
5891.74 5.1300249e-17 1e-20
5893.21 4.7956683e-17 1e-20
5894.68 5.7082814e-17 1e-20
5896.15 6.7574211e-17 1e-20
5897.62 6.8605043e-17 1e-20
5899.09 4.0115467e-17 1e-20
5900.56 4.2100363e-17 1e-20
5902.03 4.5998769e-17 1e-20
5903.5 5.6135408e-17 1e-20
5904.97 6.8236418e-17 1e-20
5906.44 6.0628607e-17 1e-20
5907.91 4.8619559e-17 1e-20
5909.38 5.0020452e-17 1e-20
5910.85 5.0071224e-17 1e-20
5912.32 4.9274286e-17 1e-20
5913.79 4.3629727e-17 1e-20
5915.26 5.8244871e-17 1e-20
5916.73 6.540484e-17 1e-20
5918.2 6.354099e-17 1e-20
5919.67 6.9470042e-17 1e-20
5921.14 8.6391074e-17 1e-20
5922.61 9.3263039e-17 1e-20
5924.08 7.3581196e-17 1e-20
5925.55 4.9738152e-17 1e-20
5927.02 5.562384e-17 1e-20
5928.49 6.4171567e-17 1e-20
5929.96 6.3777213e-17 1e-20
5931.43 4.8288376e-17 1e-20
5932.9 5.5248826e-17 1e-20
5934.37 6.8105856e-17 1e-20
5935.84 5.6952676e-17 1e-20
5937.31 6.3843553e-17 1e-20
5938.78 5.7450135e-17 1e-20
5940.25 5.0788026e-17 1e-20
5941.72 4.9017036e-17 1e-20
5943.19 6.1855064e-17 1e-20
5944.66 6.3225041e-17 1e-20
5946.13 5.4920505e-17 1e-20
5947.6 5.8476633e-17 1e-20
5949.07 4.6666357e-17 1e-20
5950.54 4.0020011e-17 1e-20
5952.01 5.1853822e-17 1e-20
5953.48 5.7746319e-17 1e-20
5954.95 5.2828648e-17 1e-20
5956.42 5.1220671e-17 1e-20
5957.89 4.9368829e-17 1e-20
5959.36 4.4957789e-17 1e-20
5960.83 4.4464816e-17 1e-20
5962.3 5.4557458e-17 1e-20
5963.77 5.1922809e-17 1e-20
5965.24 5.6139497e-17 1e-20
5966.71 6.0947521e-17 1e-20
5968.18 5.2572533e-17 1e-20
5969.65 4.1898855e-17 1e-20
5971.12 3.5162591e-17 1e-20
5972.59 5.9994278e-17 1e-20
5974.06 5.641786e-17 1e-20
5975.53 4.2769979e-17 1e-20
5977.0 5.0762923e-17 1e-20
5978.47 4.667273e-17 1e-20
5979.94 4.5692273e-17 1e-20
5981.41 4.2730413e-17 1e-20
5982.88 4.2008606e-17 1e-20
5984.35 4.8664448e-17 1e-20
5985.82 4.3935979e-17 1e-20
5987.29 4.7328555e-17 1e-20
5988.76 5.1322848e-17 1e-20
5990.23 5.6631207e-17 1e-20
5991.7 4.0049068e-17 1e-20
5993.17 4.5579098e-17 1e-20
5994.64 6.1482773e-17 1e-20
5996.11 5.2929521e-17 1e-20
5997.58 4.6705953e-17 1e-20
5999.05 5.3602376e-17 1e-20
6000.52 6.56782e-17 1e-20
6001.99 4.9297503e-17 1e-20
6003.46 4.6298341e-17 1e-20
6004.93 5.5857297e-17 1e-20
6006.4 5.2012978e-17 1e-20
6007.87 5.3419847e-17 1e-20
6009.34 6.6276133e-17 1e-20
6010.81 5.9995165e-17 1e-20
6012.28 4.6240445e-17 1e-20
6013.75 3.0276372e-17 1e-20
6015.22 4.7719209e-17 1e-20
6016.69 5.4299017e-17 1e-20
6018.16 5.3931769e-17 1e-20
6019.63 5.1951422e-17 1e-20
6021.1 5.6078902e-17 1e-20
6022.57 4.8285239e-17 1e-20
6024.04 5.1836335e-17 1e-20
6025.51 5.6229395e-17 1e-20
6026.98 5.2701593e-17 1e-20
6028.45 5.7866843e-17 1e-20
6029.92 5.2113527e-17 1e-20
6031.39 3.9901032e-17 1e-20
6032.86 4.6659614e-17 1e-20
6034.33 5.318229e-17 1e-20
6035.8 5.1754613e-17 1e-20
6037.27 5.3532512e-17 1e-20
6038.74 5.3618694e-17 1e-20
6040.21 5.3332149e-17 1e-20
6041.68 5.6935622e-17 1e-20
6043.15 5.6706963e-17 1e-20
6044.62 5.7306332e-17 1e-20
6046.09 4.5288754e-17 1e-20
6047.56 3.8906477e-17 1e-20
6049.03 4.984105e-17 1e-20
6050.5 4.4499597e-17 1e-20
6051.97 3.1638378e-17 1e-20
6053.44 4.1761067e-17 1e-20
6054.91 4.8056136e-17 1e-20
6056.38 4.7992721e-17 1e-20
6057.85 5.9591124e-17 1e-20
6059.32 5.9892297e-17 1e-20
6060.79 5.3530087e-17 1e-20
6062.26 5.1657998e-17 1e-20
6063.73 5.3441112e-17 1e-20
6065.2 5.8177022e-17 1e-20
6066.67 6.0071921e-17 1e-20
6068.14 5.5309035e-17 1e-20
6069.61 4.7661528e-17 1e-20
6071.08 3.8686476e-17 1e-20
6072.55 5.1542792e-17 1e-20
6074.02 5.4417582e-17 1e-20
6075.49 4.3835378e-17 1e-20
6076.96 4.4818168e-17 1e-20
6078.43 4.2153984e-17 1e-20
6079.9 4.2346615e-17 1e-20
6081.37 3.6022773e-17 1e-20
6082.84 3.204684e-17 1e-20
6084.31 3.926007e-17 1e-20
6085.78 4.6046719e-17 1e-20
6087.25 4.1544786e-17 1e-20
6088.72 3.3493529e-17 1e-20
6090.19 2.6767278e-17 1e-20
6091.66 2.6826336e-17 1e-20
6093.13 3.6241605e-17 1e-20
6094.6 4.1866344e-17 1e-20
6096.07 5.414769e-17 1e-20
6097.54 4.4225556e-17 1e-20
6099.01 3.5130202e-17 1e-20
6100.48 4.0977049e-17 1e-20
6101.95 3.7036846e-17 1e-20
6103.42 3.862182e-17 1e-20
6104.89 3.1943525e-17 1e-20
6106.36 3.2709808e-17 1e-20
6107.83 4.389786e-17 1e-20
6109.3 4.1814708e-17 1e-20
6110.77 3.7753847e-17 1e-20
6112.24 3.9832277e-17 1e-20
6113.71 4.0385813e-17 1e-20
6115.18 3.2256884e-17 1e-20
6116.65 3.6982315e-17 1e-20
6118.12 3.1519714e-17 1e-20
6119.59 3.6253473e-17 1e-20
6121.06 3.6370334e-17 1e-20
6122.53 3.3765059e-17 1e-20
6124.0 4.1548184e-17 1e-20
6125.47 3.459666e-17 1e-20
6126.94 2.5722706e-17 1e-20
6128.41 3.4121045e-17 1e-20
6129.88 4.544748e-17 1e-20
6131.35 4.3248023e-17 1e-20
6132.82 4.0245411e-17 1e-20
6134.29 4.0678387e-17 1e-20
6135.76 3.1197262e-17 1e-20
6137.23 3.0762447e-17 1e-20
6138.7 3.2806099e-17 1e-20
6140.17 3.5059484e-17 1e-20
6141.64 3.5181715e-17 1e-20
6143.11 2.717291e-17 1e-20
6144.58 3.1590812e-17 1e-20
6146.05 3.9686048e-17 1e-20
6147.52 3.2983847e-17 1e-20
6148.99 3.3360641e-17 1e-20
6150.46 4.4173096e-17 1e-20
6151.93 4.1426502e-17 1e-20
6153.4 2.5930418e-17 1e-20
6154.87 3.001181e-17 1e-20
6156.34 3.9089958e-17 1e-20
6157.81 3.0900467e-17 1e-20
6159.28 2.42783e-17 1e-20
6160.75 3.37981e-17 1e-20
6162.22 3.0238276e-17 1e-20
6163.69 4.2271001e-17 1e-20
6165.16 4.1728373e-17 1e-20
6166.63 4.9782257e-17 1e-20
6168.1 3.0663149e-17 1e-20
6169.57 2.6837516e-17 1e-20
6171.04 3.8020245e-17 1e-20
6172.51 3.36511e-17 1e-20
6173.98 3.7102151e-17 1e-20
6175.45 2.9454859e-17 1e-20
6176.92 3.0195669e-17 1e-20
6178.39 3.3555902e-17 1e-20
6179.86 3.0176141e-17 1e-20
6181.33 2.5594369e-17 1e-20
6182.8 3.0224405e-17 1e-20
6184.27 3.2593858e-17 1e-20
6185.74 3.1756499e-17 1e-20
6187.21 3.5763382e-17 1e-20
6188.68 3.1168543e-17 1e-20
6190.15 3.5395369e-17 1e-20
6191.62 4.8418504e-17 1e-20
6193.09 4.0232553e-17 1e-20
6194.56 2.4694781e-17 1e-20
6196.03 4.0202093e-17 1e-20
6197.5 4.8100824e-17 1e-20
6198.97 4.4471572e-17 1e-20
6200.44 2.8096056e-17 1e-20
6201.91 3.7810959e-17 1e-20
6203.38 3.2087041e-17 1e-20
6204.85 2.9124871e-17 1e-20
6206.32 2.9414751e-17 1e-20
6207.79 3.8239091e-17 1e-20
6209.26 3.9134818e-17 1e-20
6210.73 3.1397629e-17 1e-20
6212.2 3.6439083e-17 1e-20
6213.67 4.6692754e-17 1e-20
6215.14 4.011013e-17 1e-20
6216.61 3.0046121e-17 1e-20
6218.08 4.9122448e-17 1e-20
6219.55 5.37416e-17 1e-20
6221.02 4.7075451e-17 1e-20
6222.49 9.1937022e-17 1e-20
6223.96 7.6442474e-17 1e-20
6225.43 5.0576357e-17 1e-20
6226.9 4.1788023e-17 1e-20
6228.37 3.9724456e-17 1e-20
6229.84 4.2365339e-17 1e-20
6231.31 3.4720688e-17 1e-20
6232.78 3.4006983e-17 1e-20
6234.25 3.5641856e-17 1e-20
6235.72 4.7406852e-17 1e-20
6237.19 3.7531199e-17 1e-20
6238.66 3.8126455e-17 1e-20
6240.13 4.5746291e-17 1e-20
6241.6 3.4806453e-17 1e-20
6243.07 2.8072875e-17 1e-20
6244.54 3.0004081e-17 1e-20
6246.01 3.7769699e-17 1e-20
6247.48 4.648539e-17 1e-20
6248.95 4.0816496e-17 1e-20
6250.42 3.6906592e-17 1e-20
6251.89 4.732693e-17 1e-20
6253.36 4.4884044e-17 1e-20
6254.83 4.3216276e-17 1e-20
6256.3 5.6491546e-17 1e-20
6257.77 5.0348155e-17 1e-20
6259.24 3.3683655e-17 1e-20
6260.71 3.4384571e-17 1e-20
6262.18 4.784317e-17 1e-20
6263.65 5.9291698e-17 1e-20
6265.12 4.7021499e-17 1e-20
6266.59 3.7752285e-17 1e-20
6268.06 3.8961825e-17 1e-20
6269.53 3.6866325e-17 1e-20
6271.0 3.3839347e-17 1e-20
6272.47 3.1062793e-17 1e-20
6273.94 3.2004296e-17 1e-20
6275.41 4.1070758e-17 1e-20
6276.88 4.623256e-17 1e-20
6278.35 4.3888387e-17 1e-20
6279.82 5.3460422e-17 1e-20
6281.29 4.7532352e-17 1e-20
6282.76 4.3344992e-17 1e-20
6284.23 5.102764e-17 1e-20
6285.7 4.9195697e-17 1e-20
6287.17 4.9868423e-17 1e-20
6288.64 4.7309705e-17 1e-20
6290.11 4.7626667e-17 1e-20
6291.58 5.3805237e-17 1e-20
6293.05 4.7675306e-17 1e-20
6294.52 4.0301629e-17 1e-20
6295.99 3.0412294e-17 1e-20
6297.46 3.3381413e-17 1e-20
6298.93 5.9357654e-17 1e-20
6300.4 8.514894e-17 1e-20
6301.87 6.978678e-17 1e-20
6303.34 5.9698816e-17 1e-20
6304.81 4.9390402e-17 1e-20
6306.28 3.9056269e-17 1e-20
6307.75 4.5688994e-17 1e-20
6309.22 4.5897112e-17 1e-20
6310.69 4.5708998e-17 1e-20
6312.16 4.4827511e-17 1e-20
6313.63 5.0680105e-17 1e-20
6315.1 3.8163364e-17 1e-20
6316.57 4.4501298e-17 1e-20
6318.04 4.9133347e-17 1e-20
6319.51 5.3437396e-17 1e-20
6320.98 5.7616425e-17 1e-20
6322.45 5.1087677e-17 1e-20
6323.92 4.4638871e-17 1e-20
6325.39 5.0944373e-17 1e-20
6326.86 4.6182016e-17 1e-20
6328.33 4.2005469e-17 1e-20
6329.8 5.4966304e-17 1e-20
6331.27 5.384161e-17 1e-20
6332.74 5.0721991e-17 1e-20
6334.21 4.4211778e-17 1e-20
6335.68 4.4550234e-17 1e-20
6337.15 5.0022937e-17 1e-20
6338.62 4.1494285e-17 1e-20
6340.09 4.4632571e-17 1e-20
6341.56 5.9538535e-17 1e-20
6343.03 5.4046247e-17 1e-20
6344.5 5.8422092e-17 1e-20
6345.97 4.8485271e-17 1e-20
6347.44 4.6484774e-17 1e-20
6348.91 4.8271653e-17 1e-20
6350.38 5.5473789e-17 1e-20
6351.85 4.1810658e-17 1e-20
6353.32 4.3865067e-17 1e-20
6354.79 4.2897689e-17 1e-20
6356.26 4.998393e-17 1e-20
6357.73 4.9278584e-17 1e-20
6359.2 3.8671392e-17 1e-20
6360.67 4.5483045e-17 1e-20
6362.14 6.2490094e-17 1e-20
6363.61 6.3211541e-17 1e-20
6365.08 6.2110729e-17 1e-20
6366.55 5.9819366e-17 1e-20
6368.02 5.865813e-17 1e-20
6369.49 4.7140011e-17 1e-20
6370.96 4.773349e-17 1e-20
6372.43 5.088205e-17 1e-20
6373.9 4.9769509e-17 1e-20
6375.37 4.880223e-17 1e-20
6376.84 5.3152237e-17 1e-20
6378.31 4.7060744e-17 1e-20
6379.78 6.2421425e-17 1e-20
6381.25 5.1464246e-17 1e-20
6382.72 4.931179e-17 1e-20
6384.19 5.3910709e-17 1e-20
6385.66 5.6281885e-17 1e-20
6387.13 5.353456e-17 1e-20
6388.6 3.9397153e-17 1e-20
6390.07 3.6845037e-17 1e-20
6391.54 4.7911413e-17 1e-20
6393.01 4.555275e-17 1e-20
6394.48 5.3260174e-17 1e-20
6395.95 6.2424853e-17 1e-20
6397.42 6.8048787e-17 1e-20
6398.89 6.1906594e-17 1e-20
6400.36 5.299813e-17 1e-20
6401.83 4.8969215e-17 1e-20
6403.3 5.6874742e-17 1e-20
6404.77 6.3343374e-17 1e-20
6406.24 4.9431222e-17 1e-20
6407.71 4.4772752e-17 1e-20
6409.18 4.6450221e-17 1e-20
6410.65 6.1984806e-17 1e-20
6412.12 5.3970832e-17 1e-20
6413.59 5.5567135e-17 1e-20
6415.06 5.550012e-17 1e-20
6416.53 5.3618334e-17 1e-20
6418.0 6.6358024e-17 1e-20
6419.47 5.6467617e-17 1e-20
6420.94 5.4387794e-17 1e-20
6422.41 5.6941922e-17 1e-20
6423.88 5.0785184e-17 1e-20
6425.35 4.477576e-17 1e-20
6426.82 4.8267931e-17 1e-20
6428.29 5.508157e-17 1e-20
6429.76 5.2442136e-17 1e-20
6431.23 4.9395401e-17 1e-20
6432.7 5.051325e-17 1e-20
6434.17 5.5196998e-17 1e-20
6435.64 5.0751339e-17 1e-20
6437.11 5.0416437e-17 1e-20
6438.58 6.2225773e-17 1e-20
6440.05 5.3486299e-17 1e-20
6441.52 4.4362282e-17 1e-20
6442.99 4.6992104e-17 1e-20
6444.46 4.8150276e-17 1e-20
6445.93 4.6309319e-17 1e-20
6447.4 4.7099667e-17 1e-20
6448.87 5.8075934e-17 1e-20
6450.34 5.9664293e-17 1e-20
6451.81 4.9318374e-17 1e-20
6453.28 4.6191234e-17 1e-20
6454.75 5.2864904e-17 1e-20
6456.22 5.4219188e-17 1e-20
6457.69 5.5384394e-17 1e-20
6459.16 5.8969011e-17 1e-20
6460.63 6.0335844e-17 1e-20
6462.1 7.4335168e-17 1e-20
6463.57 6.9189013e-17 1e-20
6465.04 5.3477614e-17 1e-20
6466.51 5.3738784e-17 1e-20
6467.98 4.9308637e-17 1e-20
6469.45 5.4823708e-17 1e-20
6470.92 4.882504e-17 1e-20
6472.39 4.284373e-17 1e-20
6473.86 5.1618145e-17 1e-20
6475.33 4.7308077e-17 1e-20
6476.8 5.4182438e-17 1e-20
6478.27 6.0774746e-17 1e-20
6479.74 5.5289215e-17 1e-20
6481.21 4.6381327e-17 1e-20
6482.68 4.27372e-17 1e-20
6484.15 5.097657e-17 1e-20
6485.62 5.3796753e-17 1e-20
6487.09 4.6687718e-17 1e-20
6488.56 4.8242927e-17 1e-20
6490.03 6.2740611e-17 1e-20
6491.5 5.5757744e-17 1e-20
6492.97 4.6677418e-17 1e-20
6494.44 5.9709748e-17 1e-20
6495.91 5.0120663e-17 1e-20
6497.38 2.9472769e-17 1e-20
6498.85 5.3186357e-17 1e-20
6500.32 6.8273747e-17 1e-20
6501.79 5.9640662e-17 1e-20
6503.26 5.646143e-17 1e-20
6504.73 5.33715e-17 1e-20
6506.2 5.5476592e-17 1e-20
6507.67 5.1154371e-17 1e-20
6509.14 6.1251136e-17 1e-20
6510.61 5.392041e-17 1e-20
6512.08 5.5978277e-17 1e-20
6513.55 4.6761159e-17 1e-20
6515.02 5.1879435e-17 1e-20
6516.49 5.731782e-17 1e-20
6517.96 5.3038851e-17 1e-20
6519.43 4.7401793e-17 1e-20
6520.9 5.3428436e-17 1e-20
6522.37 5.9413339e-17 1e-20
6523.84 4.9044799e-17 1e-20
6525.31 5.2525853e-17 1e-20
6526.78 5.7057145e-17 1e-20
6528.25 5.4368477e-17 1e-20
6529.72 6.057259e-17 1e-20
6531.19 5.8176314e-17 1e-20
6532.66 5.8434189e-17 1e-20
6534.13 5.1682903e-17 1e-20
6535.6 5.149863e-17 1e-20
6537.07 5.4724632e-17 1e-20
6538.54 4.7690943e-17 1e-20
6540.01 5.8418526e-17 1e-20
6541.48 6.8118535e-17 1e-20
6542.95 6.8079783e-17 1e-20
6544.42 4.7633771e-17 1e-20
6545.89 4.6373386e-17 1e-20
6547.36 6.973564e-17 1e-20
6548.83 5.9368705e-17 1e-20
6550.3 5.1913859e-17 1e-20
6551.77 5.3037124e-17 1e-20
6553.24 4.7811102e-17 1e-20
6554.71 5.3984345e-17 1e-20
6556.18 6.5668069e-17 1e-20
6557.65 5.823638e-17 1e-20
6559.12 5.5461501e-17 1e-20
6560.59 4.4840928e-17 1e-20
6562.06 3.8156101e-17 1e-20
6563.53 5.2559278e-17 1e-20
6565.0 4.8744949e-17 1e-20
6566.47 4.3614997e-17 1e-20
6567.94 5.4896993e-17 1e-20
6569.41 4.8812037e-17 1e-20
6570.88 4.460862e-17 1e-20
6572.35 4.7893529e-17 1e-20
6573.82 5.8391268e-17 1e-20
6575.29 5.385449e-17 1e-20
6576.76 4.793327e-17 1e-20
6578.23 4.5658219e-17 1e-20
6579.7 4.8878887e-17 1e-20
6581.17 6.1022497e-17 1e-20
6582.64 6.8583431e-17 1e-20
6584.11 5.4844265e-17 1e-20
6585.58 5.3854709e-17 1e-20
6587.05 5.2483362e-17 1e-20
6588.52 5.7836376e-17 1e-20
6589.99 6.3740751e-17 1e-20
6591.46 4.5599728e-17 1e-20
6592.93 4.9712949e-17 1e-20
6594.4 5.4993124e-17 1e-20
6595.87 5.3810283e-17 1e-20
6597.34 5.2721713e-17 1e-20
6598.81 5.3693031e-17 1e-20
6600.28 5.5127922e-17 1e-20
6601.75 4.8496904e-17 1e-20
6603.22 5.9061185e-17 1e-20
6604.69 4.8606857e-17 1e-20
6606.16 5.2033727e-17 1e-20
6607.63 5.3640833e-17 1e-20
6609.1 4.5784563e-17 1e-20
6610.57 6.2365018e-17 1e-20
6612.04 5.7481158e-17 1e-20
6613.51 3.7970224e-17 1e-20
6614.98 4.0282726e-17 1e-20
6616.45 4.9138194e-17 1e-20
6617.92 5.4840781e-17 1e-20
6619.39 5.3167643e-17 1e-20
6620.86 4.5622333e-17 1e-20
6622.33 4.7352103e-17 1e-20
6623.8 4.8298963e-17 1e-20
6625.27 3.8870375e-17 1e-20
6626.74 4.2258593e-17 1e-20
6628.21 5.5226525e-17 1e-20
6629.68 5.3382316e-17 1e-20
6631.15 5.2363352e-17 1e-20
6632.62 4.6380775e-17 1e-20
6634.09 4.1883526e-17 1e-20
6635.56 4.698867e-17 1e-20
6637.03 4.7268187e-17 1e-20
6638.5 5.2342295e-17 1e-20
6639.97 6.0001954e-17 1e-20
6641.44 5.5725901e-17 1e-20
6642.91 6.1830699e-17 1e-20
6644.38 5.8527561e-17 1e-20
6645.85 4.6127657e-17 1e-20
6647.32 4.6109373e-17 1e-20
6648.79 4.44333e-17 1e-20
6650.26 4.5007632e-17 1e-20
6651.73 4.8815303e-17 1e-20
6653.2 5.0271164e-17 1e-20
6654.67 5.5105426e-17 1e-20
6656.14 5.0405266e-17 1e-20
6657.61 3.707219e-17 1e-20
6659.08 4.8054138e-17 1e-20
6660.55 5.410681e-17 1e-20
6662.02 5.3387947e-17 1e-20
6663.49 5.1319112e-17 1e-20
6664.96 4.2279613e-17 1e-20
6666.43 4.3854856e-17 1e-20
6667.9 5.2481831e-17 1e-20
6669.37 4.5692809e-17 1e-20
6670.84 4.5056515e-17 1e-20
6672.31 5.7997332e-17 1e-20
6673.78 4.2322739e-17 1e-20
6675.25 3.5073798e-17 1e-20
6676.72 4.6121262e-17 1e-20
6678.19 5.3876411e-17 1e-20
6679.66 4.7373474e-17 1e-20
6681.13 4.2594862e-17 1e-20
6682.6 4.8001142e-17 1e-20
6684.07 4.5200593e-17 1e-20
6685.54 4.1670474e-17 1e-20
6687.01 4.4073139e-17 1e-20
6688.48 4.5543297e-17 1e-20
6689.95 3.9666268e-17 1e-20
6691.42 3.6847406e-17 1e-20
6692.89 4.3522869e-17 1e-20
6694.36 5.3650385e-17 1e-20
6695.83 5.0939562e-17 1e-20
6697.3 5.1542845e-17 1e-20
6698.77 5.1773784e-17 1e-20
6700.24 3.7414229e-17 1e-20
6701.71 4.3809322e-17 1e-20
6703.18 5.719993e-17 1e-20
6704.65 6.0097166e-17 1e-20
6706.12 4.7665783e-17 1e-20
6707.59 3.6786065e-17 1e-20
6709.06 4.816279e-17 1e-20
6710.53 4.793154e-17 1e-20
6712.0 2.8722242e-17 1e-20
6713.47 3.9247096e-17 1e-20
6714.94 4.651857e-17 1e-20
6716.41 4.697656e-17 1e-20
6717.88 5.2372371e-17 1e-20
6719.35 5.3182466e-17 1e-20
6720.82 4.3979413e-17 1e-20
6722.29 4.2685736e-17 1e-20
6723.76 4.6497903e-17 1e-20
6725.23 4.5923003e-17 1e-20
6726.7 5.0010807e-17 1e-20
6728.17 4.8218105e-17 1e-20
6729.64 4.482006e-17 1e-20
6731.11 4.1876091e-17 1e-20
6732.58 4.7069532e-17 1e-20
6734.05 4.6771697e-17 1e-20
6735.52 5.4736725e-17 1e-20
6736.99 5.0091583e-17 1e-20
6738.46 5.4078474e-17 1e-20
6739.93 4.7308342e-17 1e-20
6741.4 4.5651221e-17 1e-20
6742.87 5.0041863e-17 1e-20
6744.34 4.7207621e-17 1e-20
6745.81 4.4162237e-17 1e-20
6747.28 4.6779433e-17 1e-20
6748.75 4.9581838e-17 1e-20
6750.22 4.9289099e-17 1e-20
6751.69 4.6711395e-17 1e-20
6753.16 4.505268e-17 1e-20
6754.63 6.7391238e-17 1e-20
6756.1 4.6968751e-17 1e-20
6757.57 3.8946638e-17 1e-20
6759.04 4.3282702e-17 1e-20
6760.51 4.5038261e-17 1e-20
6761.98 5.5428205e-17 1e-20
6763.45 5.1535222e-17 1e-20
6764.92 6.2081367e-17 1e-20
6766.39 5.2172746e-17 1e-20
6767.86 5.5062422e-17 1e-20
6769.33 5.2487783e-17 1e-20
6770.8 5.4887153e-17 1e-20
6772.27 4.5194065e-17 1e-20
6773.74 4.8584175e-17 1e-20
6775.21 4.4093945e-17 1e-20
6776.68 5.3857902e-17 1e-20
6778.15 4.5302667e-17 1e-20
6779.62 4.6587504e-17 1e-20
6781.09 4.5745735e-17 1e-20
6782.56 4.0533905e-17 1e-20
6784.03 4.2519674e-17 1e-20
6785.5 3.858068e-17 1e-20
6786.97 4.0905153e-17 1e-20
6788.44 4.573029e-17 1e-20
6789.91 5.1099307e-17 1e-20
6791.38 4.5317216e-17 1e-20
6792.85 4.6792764e-17 1e-20
6794.32 4.5618392e-17 1e-20
6795.79 5.0220557e-17 1e-20
6797.26 4.1248288e-17 1e-20
6798.73 3.4712694e-17 1e-20
6800.2 3.9199828e-17 1e-20
6801.67 5.0795107e-17 1e-20
6803.14 5.3169032e-17 1e-20
6804.61 4.3933471e-17 1e-20
6806.08 3.6874001e-17 1e-20
6807.55 5.7795731e-17 1e-20
6809.02 4.3415603e-17 1e-20
6810.49 4.784278e-17 1e-20
6811.96 4.912803e-17 1e-20
6813.43 4.4548146e-17 1e-20
6814.9 5.3741663e-17 1e-20
6816.37 5.0921854e-17 1e-20
6817.84 3.5692615e-17 1e-20
6819.31 3.422168e-17 1e-20
6820.78 2.2864885e-17 1e-20
6822.25 2.8565445e-17 1e-20
6823.72 3.4033158e-17 1e-20
6825.19 4.7385147e-17 1e-20
6826.66 4.2996799e-17 1e-20
6828.13 4.8822446e-17 1e-20
6829.6 6.4437026e-17 1e-20
6831.07 5.4044189e-17 1e-20
6832.54 4.939878e-17 1e-20
6834.01 3.9235949e-17 1e-20
6835.48 4.3633615e-17 1e-20
6836.95 4.9354572e-17 1e-20
6838.42 4.5647826e-17 1e-20
6839.89 4.4947277e-17 1e-20
6841.36 4.1474078e-17 1e-20
6842.83 4.7233307e-17 1e-20
6844.3 4.7047009e-17 1e-20
6845.77 2.7756343e-17 1e-20
6847.24 3.2797397e-17 1e-20
6848.71 4.6484182e-17 1e-20
6850.18 4.3093116e-17 1e-20
6851.65 4.6217622e-17 1e-20
6853.12 5.320605e-17 1e-20
6854.59 5.5975855e-17 1e-20
6856.06 4.8948036e-17 1e-20
6857.53 4.4227226e-17 1e-20
6859.0 6.4144687e-17 1e-20
6860.47 5.5258993e-17 1e-20
6861.94 2.900308e-17 1e-20
6863.41 3.9449855e-17 1e-20
6864.88 4.715046e-17 1e-20
6866.35 3.8052118e-17 1e-20
6867.82 3.2447126e-17 1e-20
6869.29 4.4037908e-17 1e-20
6870.76 5.0463397e-17 1e-20
6872.23 5.091699e-17 1e-20
6873.7 3.7695683e-17 1e-20
6875.17 2.9035737e-17 1e-20
6876.64 3.1671816e-17 1e-20
6878.11 3.6833082e-17 1e-20
6879.58 3.366192e-17 1e-20
6881.05 3.3627562e-17 1e-20
6882.52 4.5055327e-17 1e-20
6883.99 4.827072e-17 1e-20
6885.46 3.4817054e-17 1e-20
6886.93 3.3747748e-17 1e-20
6888.4 4.4343217e-17 1e-20
6889.87 4.1108871e-17 1e-20
6891.34 3.0478942e-17 1e-20
6892.81 3.789002e-17 1e-20
6894.28 4.8175257e-17 1e-20
6895.75 3.7279445e-17 1e-20
6897.22 3.0181504e-17 1e-20
6898.69 3.4524719e-17 1e-20
6900.16 3.6186181e-17 1e-20
6901.63 4.3627881e-17 1e-20
6903.1 4.1038088e-17 1e-20
6904.57 4.0958275e-17 1e-20
6906.04 4.9085748e-17 1e-20
6907.51 3.574399e-17 1e-20
6908.98 3.4641427e-17 1e-20
6910.45 3.6009333e-17 1e-20
6911.92 2.846935e-17 1e-20
6913.39 4.1016631e-17 1e-20
6914.86 4.3272994e-17 1e-20
6916.33 3.5761863e-17 1e-20
6917.8 4.530324e-17 1e-20
6919.27 3.9583686e-17 1e-20
6920.74 3.729581e-17 1e-20
6922.21 4.1685029e-17 1e-20
6923.68 3.7418001e-17 1e-20
6925.15 3.5467946e-17 1e-20
6926.62 2.7391783e-17 1e-20
6928.09 3.3989497e-17 1e-20
6929.56 2.776168e-17 1e-20
6931.03 3.3872507e-17 1e-20
6932.5 4.7666233e-17 1e-20
6933.97 4.42572e-17 1e-20
6935.44 4.5245985e-17 1e-20
6936.91 3.2602814e-17 1e-20
6938.38 3.3152029e-17 1e-20
6939.85 3.8581656e-17 1e-20
6941.32 4.5577122e-17 1e-20
6942.79 4.7330967e-17 1e-20
6944.26 3.3607548e-17 1e-20
6945.73 2.5943426e-17 1e-20
6947.2 4.0528641e-17 1e-20
6948.67 5.2593235e-17 1e-20
6950.14 4.9299594e-17 1e-20
6951.61 4.4023813e-17 1e-20
6953.08 4.5847508e-17 1e-20
6954.55 4.0954936e-17 1e-20
6956.02 4.1729429e-17 1e-20
6957.49 4.0936153e-17 1e-20
6958.96 4.2138036e-17 1e-20
6960.43 3.4088738e-17 1e-20
6961.9 3.6715232e-17 1e-20
6963.37 3.784932e-17 1e-20
6964.84 3.8106682e-17 1e-20
6966.31 3.9070255e-17 1e-20
6967.78 4.6873801e-17 1e-20
6969.25 3.7691894e-17 1e-20
6970.72 3.2991354e-17 1e-20
6972.19 4.4211424e-17 1e-20
6973.66 4.0256402e-17 1e-20
6975.13 4.7334782e-17 1e-20
6976.6 3.0432269e-17 1e-20
6978.07 2.7628367e-17 1e-20
6979.54 2.2803847e-17 1e-20
6981.01 3.8648416e-17 1e-20
6982.48 3.4000101e-17 1e-20
6983.95 3.8958e-17 1e-20
6985.42 3.5396812e-17 1e-20
6986.89 3.1000063e-17 1e-20
6988.36 2.6929573e-17 1e-20
6989.83 3.0595584e-17 1e-20
6991.3 3.7759521e-17 1e-20
6992.77 4.676539e-17 1e-20
6994.24 3.9553596e-17 1e-20
6995.71 4.2632445e-17 1e-20
6997.18 3.1953934e-17 1e-20
6998.65 4.0765648e-17 1e-20
7000.12 3.8195058e-17 1e-20
7001.59 3.7786742e-17 1e-20
7003.06 4.0076193e-17 1e-20
7004.53 4.1260348e-17 1e-20
7006.0 3.8163516e-17 1e-20
7007.47 2.4882792e-17 1e-20
7008.94 1.935417e-17 1e-20
7010.41 3.9983125e-17 1e-20
7011.88 5.3741005e-17 1e-20
7013.35 5.0134517e-17 1e-20
7014.82 4.7835091e-17 1e-20
7016.29 4.7729463e-17 1e-20
7017.76 4.1786948e-17 1e-20
7019.23 4.5756472e-17 1e-20
7020.7 4.3654549e-17 1e-20
7022.17 4.3741638e-17 1e-20
7023.64 4.4027433e-17 1e-20
7025.11 4.792485e-17 1e-20
7026.58 4.1488855e-17 1e-20
7028.05 3.7612038e-17 1e-20
7029.52 3.6165111e-17 1e-20
7030.99 3.2318999e-17 1e-20
7032.46 3.8288182e-17 1e-20
7033.93 3.6371102e-17 1e-20
7035.4 5.4542824e-17 1e-20
7036.87 4.768502e-17 1e-20
7038.34 3.1746457e-17 1e-20
7039.81 3.5653867e-17 1e-20
7041.28 3.4573536e-17 1e-20
7042.75 3.7836965e-17 1e-20
7044.22 4.5648634e-17 1e-20
7045.69 3.9087354e-17 1e-20
7047.16 3.4238322e-17 1e-20
7048.63 2.409947e-17 1e-20
7050.1 2.6884324e-17 1e-20
7051.57 3.8022528e-17 1e-20
7053.04 3.6067368e-17 1e-20
7054.51 3.5737597e-17 1e-20
7055.98 4.4499892e-17 1e-20
7057.45 4.1105225e-17 1e-20
7058.92 3.7000877e-17 1e-20
7060.39 3.1579357e-17 1e-20
7061.86 5.0367537e-17 1e-20
7063.33 4.4168841e-17 1e-20
7064.8 3.751315e-17 1e-20
7066.27 3.7022801e-17 1e-20
7067.74 3.4723173e-17 1e-20
7069.21 3.8124007e-17 1e-20
7070.68 3.8278726e-17 1e-20
7072.15 3.8816734e-17 1e-20
7073.62 4.7534678e-17 1e-20
7075.09 3.1692482e-17 1e-20
7076.56 3.7672323e-17 1e-20
7078.03 3.4659837e-17 1e-20
7079.5 3.0377894e-17 1e-20
7080.97 4.638683e-17 1e-20
7082.44 3.7358123e-17 1e-20
7083.91 3.6966619e-17 1e-20
7085.38 3.8319023e-17 1e-20
7086.85 2.4414127e-17 1e-20
7088.32 3.4137238e-17 1e-20
7089.79 3.620559e-17 1e-20
7091.26 3.5713225e-17 1e-20
7092.73 3.3916298e-17 1e-20
7094.2 2.9549727e-17 1e-20
7095.67 3.7840191e-17 1e-20
7097.14 3.801784e-17 1e-20
7098.61 3.6721069e-17 1e-20
7100.08 3.0968239e-17 1e-20
7101.55 3.4742459e-17 1e-20
7103.02 3.1973039e-17 1e-20
7104.49 3.5694524e-17 1e-20
7105.96 3.6707655e-17 1e-20
7107.43 4.0882939e-17 1e-20
7108.9 4.1713071e-17 1e-20
7110.37 4.7063559e-17 1e-20
7111.84 4.5871076e-17 1e-20
7113.31 4.1164438e-17 1e-20
7114.78 3.4909232e-17 1e-20
7116.25 2.5774021e-17 1e-20
7117.72 4.003133e-17 1e-20
7119.19 4.6851622e-17 1e-20
7120.66 3.9695468e-17 1e-20
7122.13 4.5441395e-17 1e-20
7123.6 5.7938993e-17 1e-20
7125.07 5.2537996e-17 1e-20
7126.54 4.5703694e-17 1e-20
7128.01 4.4790477e-17 1e-20
7129.48 3.5893127e-17 1e-20
7130.95 3.4178524e-17 1e-20
7132.42 3.7887172e-17 1e-20
7133.89 4.3357519e-17 1e-20
7135.36 3.2231142e-17 1e-20
7136.83 3.9611357e-17 1e-20
7138.3 3.9598764e-17 1e-20
7139.77 4.4306113e-17 1e-20
7141.24 3.6568259e-17 1e-20
7142.71 2.4015707e-17 1e-20
7144.18 3.5461517e-17 1e-20
7145.65 4.4589856e-17 1e-20
7147.12 3.3597257e-17 1e-20
7148.59 2.7209226e-17 1e-20
7150.06 3.6215135e-17 1e-20
7151.53 2.9214656e-17 1e-20
7153.0 3.1088617e-17 1e-20
7154.47 3.6905116e-17 1e-20
7155.94 3.2853215e-17 1e-20
7157.41 4.0447845e-17 1e-20
7158.88 4.3497283e-17 1e-20
7160.35 4.1036417e-17 1e-20
7161.82 3.3696235e-17 1e-20
7163.29 3.7625065e-17 1e-20
7164.76 3.6426609e-17 1e-20
7166.23 3.5912748e-17 1e-20
7167.7 4.0545991e-17 1e-20
7169.17 3.4870606e-17 1e-20
7170.64 2.7962583e-17 1e-20
7172.11 4.1962959e-17 1e-20
7173.58 3.9193852e-17 1e-20
7175.05 3.2839841e-17 1e-20
7176.52 3.8188133e-17 1e-20
7177.99 2.3530883e-17 1e-20
7179.46 2.5175596e-17 1e-20
7180.93 4.1936538e-17 1e-20
7182.4 3.7879042e-17 1e-20
7183.87 3.0557157e-17 1e-20
7185.34 3.2084304e-17 1e-20
7186.81 3.2862026e-17 1e-20
7188.28 3.4715199e-17 1e-20
7189.75 4.4293685e-17 1e-20
7191.22 4.8987456e-17 1e-20
7192.69 4.0714895e-17 1e-20
7194.16 3.8571789e-17 1e-20
7195.63 3.8523532e-17 1e-20
7197.1 3.1173317e-17 1e-20
7198.57 3.1558962e-17 1e-20
7200.04 4.313333e-17 1e-20
7201.51 4.183366e-17 1e-20
7202.98 4.3420418e-17 1e-20
7204.45 4.0632326e-17 1e-20
7205.92 3.1976622e-17 1e-20
7207.39 3.7053794e-17 1e-20
7208.86 4.1526128e-17 1e-20
7210.33 4.5330044e-17 1e-20
7211.8 4.5294829e-17 1e-20
7213.27 3.2537146e-17 1e-20
7214.74 2.5178403e-17 1e-20
7216.21 3.2669617e-17 1e-20
7217.68 3.6702629e-17 1e-20
7219.15 4.5314337e-17 1e-20
7220.62 4.3817081e-17 1e-20
7222.09 4.0256498e-17 1e-20
7223.56 3.4464801e-17 1e-20
7225.03 3.625621e-17 1e-20
7226.5 3.50924e-17 1e-20
7227.97 2.6776169e-17 1e-20
7229.44 3.0770053e-17 1e-20
7230.91 4.0951102e-17 1e-20
7232.38 4.4540089e-17 1e-20
7233.85 3.2141893e-17 1e-20
7235.32 3.7983353e-17 1e-20
7236.79 3.1543782e-17 1e-20
7238.26 2.6699106e-17 1e-20
7239.73 2.8591673e-17 1e-20
7241.2 5.0903785e-17 1e-20
7242.67 6.6698021e-17 1e-20
7244.14 7.2581115e-17 1e-20
7245.61 4.7740746e-17 1e-20
7247.08 2.6221278e-17 1e-20
7248.55 4.10454e-17 1e-20
7250.02 4.1710275e-17 1e-20
7251.49 4.3663271e-17 1e-20
7252.96 3.4253179e-17 1e-20
7254.43 2.6577288e-17 1e-20
7255.9 4.7123996e-17 1e-20
7257.37 5.836421e-17 1e-20
7258.84 5.0204089e-17 1e-20
7260.31 5.6991798e-17 1e-20
7261.78 4.1990957e-17 1e-20
7263.25 2.999702e-17 1e-20
7264.72 4.5316772e-17 1e-20
7266.19 3.8512312e-17 1e-20
7267.66 2.5989411e-17 1e-20
7269.13 3.7574583e-17 1e-20
7270.6 3.2809686e-17 1e-20
7272.07 4.2405308e-17 1e-20
7273.54 4.2833017e-17 1e-20
7275.01 4.689679e-17 1e-20
7276.48 3.6654848e-17 1e-20
7277.95 6.311527e-17 1e-20
7279.42 6.0737828e-17 1e-20
7280.89 3.3209856e-17 1e-20
7282.36 4.3764111e-17 1e-20
7283.83 4.968868e-17 1e-20
7285.3 3.8260131e-17 1e-20
7286.77 3.9364814e-17 1e-20
7288.24 4.7887348e-17 1e-20
7289.71 3.7843255e-17 1e-20
7291.18 2.4502991e-17 1e-20
7292.65 2.2774736e-17 1e-20
7294.12 3.9418809e-17 1e-20
7295.59 5.0785756e-17 1e-20
7297.06 3.1097504e-17 1e-20
7298.53 3.0638029e-17 1e-20
7300.0 3.2604386e-17 1e-20
7301.47 5.2191242e-17 1e-20
7302.94 4.9591059e-17 1e-20
7304.41 3.0530469e-17 1e-20
7305.88 3.0593381e-17 1e-20
7307.35 4.0207747e-17 1e-20
7308.82 3.3136369e-17 1e-20
7310.29 4.6090275e-17 1e-20
7311.76 1.7279886e-17 1e-20
7313.23 5.0475173e-18 1e-20
7314.7 3.4307227e-17 1e-20
7316.17 6.4307853e-17 1e-20
7317.64 4.7405479e-17 1e-20
7319.11 3.962395e-17 1e-20
7320.58 2.2584234e-17 1e-20
7322.05 3.6600095e-17 1e-20
7323.52 3.6938306e-17 1e-20
7324.99 4.7293919e-17 1e-20
7326.46 2.9527228e-17 1e-20
7327.93 3.9337282e-17 1e-20
7329.4 4.4438369e-17 1e-20
7330.87 3.3464786e-17 1e-20
7332.34 6.1212384e-17 1e-20
7333.81 3.420635e-17 1e-20
7335.28 3.370092e-17 1e-20
7336.75 2.0591225e-17 1e-20
7338.22 1.8378881e-17 1e-20
7339.69 3.0322046e-17 1e-20
7341.16 2.5382171e-17 1e-20
7342.63 5.0836615e-17 1e-20
7344.1 5.816122e-17 1e-20
7345.57 4.1226592e-17 1e-20
7347.04 4.0749812e-17 1e-20
7348.51 3.3642766e-17 1e-20
7349.98 5.0584454e-17 1e-20
7351.45 4.9263906e-17 1e-20
7352.92 3.6677218e-17 1e-20
7354.39 3.3693995e-17 1e-20
7355.86 3.1013122e-17 1e-20
7357.33 2.6536138e-17 1e-20
7358.8 2.5706671e-17 1e-20
7360.27 2.2610059e-17 1e-20
7361.74 2.5568525e-17 1e-20
7363.21 2.9319959e-17 1e-20
7364.68 4.0599388e-17 1e-20
7366.15 3.9514491e-17 1e-20
7367.62 5.2315392e-17 1e-20
7369.09 3.186806e-17 1e-20
7370.56 4.1612284e-17 1e-20
7372.03 3.2059118e-17 1e-20
7373.5 3.7629511e-17 1e-20
7374.97 4.2564941e-17 1e-20
7376.44 3.9728079e-17 1e-20
7377.91 3.2304321e-17 1e-20
7379.38 4.0597763e-17 1e-20
7380.85 3.3025471e-17 1e-20
7382.32 2.3700556e-17 1e-20
7383.79 3.0311818e-17 1e-20
7385.26 4.8389159e-17 1e-20
7386.73 4.1399506e-17 1e-20
7388.2 2.622702e-17 1e-20
7389.67 3.4506931e-17 1e-20
7391.14 2.3268971e-17 1e-20
7392.61 3.9189604e-17 1e-20
7394.08 5.6461588e-17 1e-20
7395.55 1.9628655e-17 1e-20
7397.02 1.6321135e-17 1e-20
7398.49 1.8883756e-17 1e-20
7399.96 4.9381829e-17 1e-20
7401.43 4.3805864e-17 1e-20
7402.9 1.8422052e-17 1e-20
7404.37 1.4472203e-17 1e-20
7405.84 2.0172804e-17 1e-20
7407.31 3.2400493e-17 1e-20
7408.78 4.230785e-17 1e-20
7410.25 4.2284262e-17 1e-20
7411.72 5.1274878e-17 1e-20
7413.19 3.3146226e-17 1e-20
7414.66 3.7261314e-17 1e-20
