3720.0 2.5730601e-15 1e-20
3721.5 2.5427499e-15 1e-20
3723.0 2.2188699e-15 1e-20
3724.5 2.16628e-15 1e-20
3726.0 2.2536e-15 1e-20
3727.5 2.3647398e-15 1e-20
3729.0 2.52257e-15 1e-20
3730.5 2.31377e-15 1e-20
3732.0 1.9940401e-15 1e-20
3733.5 1.9904899e-15 1e-20
3735.0 2.16333e-15 1e-20
3736.5 1.9983199e-15 1e-20
3738.0 2.13086e-15 1e-20
3739.5 2.1683601e-15 1e-20
3741.0 2.0861102e-15 1e-20
3742.5 1.9212501e-15 1e-20
3744.0 1.74562e-15 1e-20
3745.5 1.64169e-15 1e-20
3747.0 1.7220301e-15 1e-20
3748.5 1.64737e-15 1e-20
3750.0 1.6424001e-15 1e-20
3751.5 1.63743e-15 1e-20
3753.0 1.63246e-15 1e-20
3754.5 1.6274901e-15 1e-20
3756.0 1.62252e-15 1e-20
3757.5 1.6175601e-15 1e-20
3759.0 1.6175601e-15 1e-20
3760.5 1.64171e-15 1e-20
3762.0 1.66586e-15 1e-20
3763.5 1.69001e-15 1e-20
3765.0 1.69001e-15 1e-20
3766.5 1.71004e-15 1e-20
3768.0 1.75569e-15 1e-20
3769.5 1.6133401e-15 1e-20
3771.0 1.55415e-15 1e-20
3772.5 1.78428e-15 1e-20
3774.0 1.72827e-15 1e-20
3775.5 1.4665199e-15 1e-20
3777.0 1.6451e-15 1e-20
3778.5 1.66045e-15 1e-20
3780.0 1.61374e-15 1e-20
3781.5 1.58819e-15 1e-20
3783.0 1.54049e-15 1e-20
3784.5 1.52643e-15 1e-20
3786.0 1.58129e-15 1e-20
3787.5 1.6351399e-15 1e-20
3789.0 1.6056401e-15 1e-20
3790.5 1.56961e-15 1e-20
3792.0 1.5991401e-15 1e-20
3793.5 1.58545e-15 1e-20
3795.0 1.67443e-15 1e-20
3796.5 1.74259e-15 1e-20
3798.0 1.72875e-15 1e-20
3799.5 1.68464e-15 1e-20
3801.0 1.61391e-15 1e-20
3802.5 1.63974e-15 1e-20
3804.0 1.66637e-15 1e-20
3805.5 1.71056e-15 1e-20
3807.0 1.60427e-15 1e-20
3808.5 1.63995e-15 1e-20
3810.0 1.71997e-15 1e-20
3811.5 1.76198e-15 1e-20
3813.0 1.80247e-15 1e-20
3814.5 1.7334301e-15 1e-20
3816.0 1.8127699e-15 1e-20
3817.5 1.73483e-15 1e-20
3819.0 1.79558e-15 1e-20
3820.5 1.8299001e-15 1e-20
3822.0 1.7834099e-15 1e-20
3823.5 1.82045e-15 1e-20
3825.0 1.8340201e-15 1e-20
3826.5 2.0316898e-15 1e-20
3828.0 2.24207e-15 1e-20
3829.5 2.3319601e-15 1e-20
3831.0 2.13874e-15 1e-20
3832.5 2.3319899e-15 1e-20
3834.0 2.4813699e-15 1e-20
3835.5 2.4687601e-15 1e-20
3837.0 2.4889301e-15 1e-20
3838.5 2.65482e-15 1e-20
3840.0 2.5261199e-15 1e-20
3841.5 2.6252998e-15 1e-20
3843.0 2.5002401e-15 1e-20
3844.5 2.5615699e-15 1e-20
3846.0 2.78569e-15 1e-20
3847.5 2.80192e-15 1e-20
3849.0 2.7693998e-15 1e-20
3850.5 2.8374702e-15 1e-20
3852.0 2.9559701e-15 1e-20
3853.5 3.0516702e-15 1e-20
3855.0 3.06602e-15 1e-20
3856.5 3.1355e-15 1e-20
3858.0 3.2430101e-15 1e-20
3859.5 3.0882298e-15 1e-20
3861.0 3.1883199e-15 1e-20
3862.5 3.21482e-15 1e-20
3864.0 3.28072e-15 1e-20
3865.5 3.5753201e-15 1e-20
3867.0 3.5784499e-15 1e-20
3868.5 3.5967302e-15 1e-20
3870.0 3.7324799e-15 1e-20
3871.5 3.8900001e-15 1e-20
3873.0 3.9078699e-15 1e-20
3874.5 4.0213999e-15 1e-20
3876.0 3.93678e-15 1e-20
3877.5 3.9296501e-15 1e-20
3879.0 4.1736697e-15 1e-20
3880.5 4.2617103e-15 1e-20
3882.0 4.1150597e-15 1e-20
3883.5 4.1676304e-15 1e-20
3885.0 4.1399299e-15 1e-20
3886.5 4.21274e-15 1e-20
3888.0 4.3821902e-15 1e-20
3889.5 4.3644698e-15 1e-20
3891.0 4.45411e-15 1e-20
3892.5 4.7954703e-15 1e-20
3894.0 4.7586497e-15 1e-20
3895.5 4.5677501e-15 1e-20
3897.0 4.7059698e-15 1e-20
3898.5 4.81367e-15 1e-20
3900.0 4.9857702e-15 1e-20
3901.5 4.8247399e-15 1e-20
3903.0 4.84185e-15 1e-20
3904.5 4.8881302e-15 1e-20
3906.0 4.8670996e-15 1e-20
3907.5 5.0770401e-15 1e-20
3909.0 5.2629998e-15 1e-20
3910.5 4.9938797e-15 1e-20
3912.0 5.1527e-15 1e-20
3913.5 5.2773401e-15 1e-20
3915.0 5.23019e-15 1e-20
3916.5 5.22782e-15 1e-20
3918.0 5.2561101e-15 1e-20
3919.5 5.5280199e-15 1e-20
3921.0 5.7216402e-15 1e-20
3922.5 5.5609598e-15 1e-20
3924.0 5.50556e-15 1e-20
3925.5 5.4604203e-15 1e-20
3927.0 5.4720001e-15 1e-20
3928.5 5.4898302e-15 1e-20
3930.0 5.3992802e-15 1e-20
3931.5 5.3493502e-15 1e-20
3933.0 5.4377398e-15 1e-20
3934.5 5.3803702e-15 1e-20
3936.0 4.9599399e-15 1e-20
3937.5 5.1127701e-15 1e-20
3939.0 5.4955002e-15 1e-20
3940.5 5.5044097e-15 1e-20
3942.0 5.6792204e-15 1e-20
3943.5 5.7561001e-15 1e-20
3945.0 5.5610699e-15 1e-20
3946.5 5.6102499e-15 1e-20
3948.0 5.5515399e-15 1e-20
3949.5 5.6865904e-15 1e-20
3951.0 5.85716e-15 1e-20
3952.5 5.74932e-15 1e-20
3954.0 5.8368003e-15 1e-20
3955.5 5.8395298e-15 1e-20
3957.0 5.7039499e-15 1e-20
3958.5 5.74262e-15 1e-20
3960.0 5.7254298e-15 1e-20
3961.5 5.7474197e-15 1e-20
3963.0 5.7635103e-15 1e-20
3964.5 5.92767e-15 1e-20
3966.0 5.6422e-15 1e-20
3967.5 5.5932499e-15 1e-20
3969.0 5.45584e-15 1e-20
3970.5 5.5162601e-15 1e-20
3972.0 5.5433402e-15 1e-20
3973.5 5.5516399e-15 1e-20
3975.0 5.5576801e-15 1e-20
3976.5 5.7907501e-15 1e-20
3978.0 5.8249003e-15 1e-20
3979.5 5.63187e-15 1e-20
3981.0 5.53998e-15 1e-20
3982.5 5.56752e-15 1e-20
3984.0 5.57334e-15 1e-20
3985.5 5.7947697e-15 1e-20
3987.0 5.8046397e-15 1e-20
3988.5 5.8731397e-15 1e-20
3990.0 5.8217002e-15 1e-20
3991.5 5.4380104e-15 1e-20
3993.0 5.3434099e-15 1e-20
3994.5 5.4030902e-15 1e-20
3996.0 5.3447199e-15 1e-20
3997.5 5.3630802e-15 1e-20
3999.0 5.5967897e-15 1e-20
4000.5 5.6195003e-15 1e-20
4002.0 5.3432397e-15 1e-20
4003.5 5.22406e-15 1e-20
4005.0 5.3148099e-15 1e-20
4006.5 5.1415899e-15 1e-20
4008.0 5.08744e-15 1e-20
4009.5 5.2703699e-15 1e-20
4011.0 5.36892e-15 1e-20
4012.5 5.2717099e-15 1e-20
4014.0 5.1019903e-15 1e-20
4015.5 4.9899003e-15 1e-20
4017.0 5.1307704e-15 1e-20
4018.5 5.0239201e-15 1e-20
4020.0 4.8677904e-15 1e-20
4021.5 4.9510003e-15 1e-20
4023.0 5.2296301e-15 1e-20
4024.5 5.1122699e-15 1e-20
4026.0 4.6382601e-15 1e-20
4027.5 4.6824396e-15 1e-20
4029.0 4.98406e-15 1e-20
4030.5 5.1469898e-15 1e-20
4032.0 4.7424303e-15 1e-20
4033.5 4.8239699e-15 1e-20
4035.0 4.7091097e-15 1e-20
4036.5 4.8855302e-15 1e-20
4038.0 5.0352403e-15 1e-20
4039.5 4.8808198e-15 1e-20
4041.0 4.9384901e-15 1e-20
4042.5 5.0159703e-15 1e-20
4044.0 5.0434497e-15 1e-20
4045.5 5.0892501e-15 1e-20
4047.0 4.9718598e-15 1e-20
4048.5 5.0012997e-15 1e-20
4050.0 4.98012e-15 1e-20
4051.5 4.88294e-15 1e-20
4053.0 4.7968103e-15 1e-20
4054.5 4.7657398e-15 1e-20
4056.0 4.8471901e-15 1e-20
4057.5 5.01325e-15 1e-20
4059.0 5.0247303e-15 1e-20
4060.5 5.10795e-15 1e-20
4062.0 5.0379199e-15 1e-20
4063.5 4.9674302e-15 1e-20
4065.0 5.0374998e-15 1e-20
4066.5 5.1089203e-15 1e-20
4068.0 5.02185e-15 1e-20
4069.5 4.97471e-15 1e-20
4071.0 5.0987601e-15 1e-20
4072.5 5.1211701e-15 1e-20
4074.0 5.0941201e-15 1e-20
4075.5 5.0686202e-15 1e-20
4077.0 5.1448997e-15 1e-20
4078.5 5.2785403e-15 1e-20
4080.0 5.2604498e-15 1e-20
4081.5 5.1189801e-15 1e-20
4083.0 4.9762402e-15 1e-20
4084.5 5.2197698e-15 1e-20
4086.0 5.3974201e-15 1e-20
4087.5 5.2804398e-15 1e-20
4089.0 5.0686998e-15 1e-20
4090.5 5.1481498e-15 1e-20
4092.0 5.3871003e-15 1e-20
4093.5 5.4207102e-15 1e-20
4095.0 5.2684899e-15 1e-20
4096.5 5.2637202e-15 1e-20
4098.0 5.2949198e-15 1e-20
4099.5 5.40532e-15 1e-20
4101.0 5.58323e-15 1e-20
4102.5 5.5531997e-15 1e-20
4104.0 5.2971103e-15 1e-20
4105.5 5.24052e-15 1e-20
4107.0 5.2189897e-15 1e-20
4108.5 5.4078497e-15 1e-20
4110.0 5.7066202e-15 1e-20
4111.5 5.70197e-15 1e-20
4113.0 5.3526502e-15 1e-20
4114.5 5.4639203e-15 1e-20
4116.0 5.39808e-15 1e-20
4117.5 5.3860699e-15 1e-20
4119.0 5.42552e-15 1e-20
4120.5 5.2989102e-15 1e-20
4122.0 5.3071599e-15 1e-20
4123.5 5.5053703e-15 1e-20
4125.0 5.4836002e-15 1e-20
4126.5 5.4000803e-15 1e-20
4128.0 5.4717799e-15 1e-20
4129.5 5.4112602e-15 1e-20
4131.0 5.3075e-15 1e-20
4132.5 5.3596001e-15 1e-20
4134.0 5.4473502e-15 1e-20
4135.5 5.3839201e-15 1e-20
4137.0 5.4223598e-15 1e-20
4138.5 5.2710898e-15 1e-20
4140.0 5.07487e-15 1e-20
4141.5 5.18266e-15 1e-20
4143.0 5.3144897e-15 1e-20
4144.5 5.4298903e-15 1e-20
4146.0 5.3570201e-15 1e-20
4147.5 5.2331601e-15 1e-20
4149.0 5.1915204e-15 1e-20
4150.5 5.1672902e-15 1e-20
4152.0 5.2306999e-15 1e-20
4153.5 5.2966901e-15 1e-20
4155.0 5.3353301e-15 1e-20
4156.5 5.2540899e-15 1e-20
4158.0 4.9354302e-15 1e-20
4159.5 4.9018796e-15 1e-20
4161.0 5.05243e-15 1e-20
4162.5 5.1117502e-15 1e-20
4164.0 5.15352e-15 1e-20
4165.5 4.98769e-15 1e-20
4167.0 5.0032102e-15 1e-20
4168.5 5.0889604e-15 1e-20
4170.0 4.8821903e-15 1e-20
4171.5 4.8916602e-15 1e-20
4173.0 4.9606599e-15 1e-20
4174.5 4.7944801e-15 1e-20
4176.0 4.7481499e-15 1e-20
4177.5 4.7873997e-15 1e-20
4179.0 4.7702498e-15 1e-20
4180.5 4.9618203e-15 1e-20
4182.0 4.7359399e-15 1e-20
4183.5 4.7852504e-15 1e-20
4185.0 4.8059201e-15 1e-20
4186.5 4.7747599e-15 1e-20
4188.0 4.81274e-15 1e-20
4189.5 4.7075499e-15 1e-20
4191.0 4.8279502e-15 1e-20
4192.5 5.0809898e-15 1e-20
4194.0 5.0814099e-15 1e-20
4195.5 4.95067e-15 1e-20
4197.0 4.8416001e-15 1e-20
4198.5 4.7661799e-15 1e-20
4200.0 4.8113597e-15 1e-20
4201.5 4.7342903e-15 1e-20
4203.0 4.7030001e-15 1e-20
4204.5 4.6131803e-15 1e-20
4206.0 4.7345e-15 1e-20
4207.5 4.8133401e-15 1e-20
4209.0 4.7532203e-15 1e-20
4210.5 4.7758297e-15 1e-20
4212.0 4.7951001e-15 1e-20
4213.5 4.6980399e-15 1e-20
4215.0 4.6933998e-15 1e-20
4216.5 4.8384902e-15 1e-20
4218.0 4.8273301e-15 1e-20
4219.5 4.7393497e-15 1e-20
4221.0 4.6430704e-15 1e-20
4222.5 4.5861303e-15 1e-20
4224.0 4.5429901e-15 1e-20
4225.5 4.5571097e-15 1e-20
4227.0 4.6438298e-15 1e-20
4228.5 4.4996199e-15 1e-20
4230.0 4.3740303e-15 1e-20
4231.5 4.3999702e-15 1e-20
4233.0 4.41469e-15 1e-20
4234.5 4.4430999e-15 1e-20
4236.0 4.2339001e-15 1e-20
4237.5 4.0684801e-15 1e-20
4239.0 4.19757e-15 1e-20
4240.5 4.46946e-15 1e-20
4242.0 4.3302302e-15 1e-20
4243.5 4.30131e-15 1e-20
4245.0 4.1489901e-15 1e-20
4246.5 4.0403899e-15 1e-20
4248.0 4.0897398e-15 1e-20
4249.5 4.1997198e-15 1e-20
4251.0 4.2755297e-15 1e-20
4252.5 4.2386698e-15 1e-20
4254.0 4.2006998e-15 1e-20
4255.5 4.0716802e-15 1e-20
4257.0 4.2886299e-15 1e-20
4258.5 4.2574802e-15 1e-20
4260.0 4.2261803e-15 1e-20
4261.5 4.1676304e-15 1e-20
4263.0 4.0636901e-15 1e-20
4264.5 4.0933198e-15 1e-20
4266.0 4.1069197e-15 1e-20
4267.5 4.0021502e-15 1e-20
4269.0 4.0257401e-15 1e-20
4270.5 4.1622903e-15 1e-20
4272.0 4.1514902e-15 1e-20
4273.5 3.9337099e-15 1e-20
4275.0 3.89971e-15 1e-20
4276.5 3.9094602e-15 1e-20
4278.0 3.9333402e-15 1e-20
4279.5 3.9538799e-15 1e-20
4281.0 3.84205e-15 1e-20
4282.5 3.8924302e-15 1e-20
4284.0 3.9036903e-15 1e-20
4285.5 3.84883e-15 1e-20
4287.0 3.7758001e-15 1e-20
4288.5 3.6478499e-15 1e-20
4290.0 3.6164601e-15 1e-20
4291.5 3.6544097e-15 1e-20
4293.0 3.7300997e-15 1e-20
4294.5 3.7265299e-15 1e-20
4296.0 3.7339e-15 1e-20
4297.5 3.5563e-15 1e-20
4299.0 3.5288799e-15 1e-20
4300.5 3.5325602e-15 1e-20
4302.0 3.4792499e-15 1e-20
4303.5 3.4030298e-15 1e-20
4305.0 3.3866601e-15 1e-20
4306.5 3.44774e-15 1e-20
4308.0 3.5040902e-15 1e-20
4309.5 3.5207299e-15 1e-20
4311.0 3.4451e-15 1e-20
4312.5 3.4532199e-15 1e-20
4314.0 3.38091e-15 1e-20
4315.5 3.4084102e-15 1e-20
4317.0 3.24624e-15 1e-20
4318.5 3.23941e-15 1e-20
4320.0 3.3493199e-15 1e-20
4321.5 3.3564602e-15 1e-20
4323.0 3.23783e-15 1e-20
4324.5 3.3286199e-15 1e-20
4326.0 3.2733e-15 1e-20
4327.5 3.27329e-15 1e-20
4329.0 3.34367e-15 1e-20
4330.5 3.1593399e-15 1e-20
4332.0 3.0578999e-15 1e-20
4333.5 3.1851101e-15 1e-20
4335.0 3.23641e-15 1e-20
4336.5 3.1543901e-15 1e-20
4338.0 3.1764701e-15 1e-20
4339.5 3.1893302e-15 1e-20
4341.0 3.1396401e-15 1e-20
4342.5 3.0965199e-15 1e-20
4344.0 3.12288e-15 1e-20
4345.5 3.1051e-15 1e-20
4347.0 3.07992e-15 1e-20
4348.5 3.05525e-15 1e-20
4350.0 3.05972e-15 1e-20
4351.5 2.9749601e-15 1e-20
4353.0 2.9200201e-15 1e-20
4354.5 2.86183e-15 1e-20
4356.0 2.8134602e-15 1e-20
4357.5 2.9552501e-15 1e-20
4359.0 3.0848999e-15 1e-20
4360.5 3.0015e-15 1e-20
4362.0 2.90891e-15 1e-20
4363.5 3.0121099e-15 1e-20
4365.0 3.0927898e-15 1e-20
4366.5 3.0098299e-15 1e-20
4368.0 2.99413e-15 1e-20
4369.5 3.0361e-15 1e-20
4371.0 3.05237e-15 1e-20
4372.5 3.03374e-15 1e-20
4374.0 3.00034e-15 1e-20
4375.5 3.0516401e-15 1e-20
4377.0 3.1087699e-15 1e-20
4378.5 3.22187e-15 1e-20
4380.0 3.2204199e-15 1e-20
4381.5 3.1131599e-15 1e-20
4383.0 3.1729901e-15 1e-20
4384.5 3.20972e-15 1e-20
4386.0 3.23802e-15 1e-20
4387.5 3.32225e-15 1e-20
4389.0 3.3792199e-15 1e-20
4390.5 3.32041e-15 1e-20
4392.0 3.3468201e-15 1e-20
4393.5 3.4096898e-15 1e-20
4395.0 3.4178701e-15 1e-20
4396.5 3.41874e-15 1e-20
4398.0 3.3458299e-15 1e-20
4399.5 3.29529e-15 1e-20
4401.0 3.31014e-15 1e-20
4402.5 3.3764701e-15 1e-20
4404.0 3.32163e-15 1e-20
4405.5 3.3367099e-15 1e-20
4407.0 3.35185e-15 1e-20
4408.5 3.4950801e-15 1e-20
4410.0 3.50631e-15 1e-20
4411.5 3.38144e-15 1e-20
4413.0 3.37345e-15 1e-20
4414.5 3.4279102e-15 1e-20
4416.0 3.37974e-15 1e-20
4417.5 3.36052e-15 1e-20
4419.0 3.38565e-15 1e-20
4420.5 3.3318901e-15 1e-20
4422.0 3.3006401e-15 1e-20
4423.5 3.3866899e-15 1e-20
4425.0 3.5884602e-15 1e-20
4426.5 3.5674402e-15 1e-20
4428.0 3.4640702e-15 1e-20
4429.5 3.43312e-15 1e-20
4431.0 3.4189602e-15 1e-20
4432.5 3.5430901e-15 1e-20
4434.0 3.58616e-15 1e-20
4435.5 3.4130299e-15 1e-20
4437.0 3.39629e-15 1e-20
4438.5 3.33687e-15 1e-20
4440.0 3.2671198e-15 1e-20
4441.5 3.27415e-15 1e-20
4443.0 3.3779699e-15 1e-20
4444.5 3.4444101e-15 1e-20
4446.0 3.4442899e-15 1e-20
4447.5 3.4275601e-15 1e-20
4449.0 3.2943299e-15 1e-20
4450.5 3.35811e-15 1e-20
4452.0 3.23613e-15 1e-20
4453.5 3.2979399e-15 1e-20
4455.0 3.4055301e-15 1e-20
4456.5 3.3769501e-15 1e-20
4458.0 3.4473701e-15 1e-20
4459.5 3.3642499e-15 1e-20
4461.0 3.2748498e-15 1e-20
4462.5 3.3819499e-15 1e-20
4464.0 3.4923899e-15 1e-20
4465.5 3.4303701e-15 1e-20
4467.0 3.6185599e-15 1e-20
4468.5 3.6462702e-15 1e-20
4470.0 3.4281901e-15 1e-20
4471.5 3.5938498e-15 1e-20
4473.0 3.5788701e-15 1e-20
4474.5 3.4937799e-15 1e-20
4476.0 3.6341902e-15 1e-20
4477.5 3.51996e-15 1e-20
4479.0 3.5791902e-15 1e-20
4480.5 3.53971e-15 1e-20
4482.0 3.5023701e-15 1e-20
4483.5 3.4727599e-15 1e-20
4485.0 3.5137701e-15 1e-20
4486.5 3.6133003e-15 1e-20
4488.0 3.8013102e-15 1e-20
4489.5 3.6218599e-15 1e-20
4491.0 3.54481e-15 1e-20
4492.5 3.6526898e-15 1e-20
4494.0 3.72594e-15 1e-20
4495.5 3.6904899e-15 1e-20
4497.0 3.6395799e-15 1e-20
4498.5 3.6435601e-15 1e-20
4500.0 3.6705999e-15 1e-20
4501.5 3.6713199e-15 1e-20
4503.0 3.7063299e-15 1e-20
4504.5 3.7687401e-15 1e-20
4506.0 3.8014602e-15 1e-20
4507.5 3.7033898e-15 1e-20
4509.0 3.6349602e-15 1e-20
4510.5 3.71244e-15 1e-20
4512.0 3.7287902e-15 1e-20
4513.5 3.7443197e-15 1e-20
4515.0 3.7878001e-15 1e-20
4516.5 3.7597201e-15 1e-20
4518.0 3.8093401e-15 1e-20
4519.5 3.7845301e-15 1e-20
4521.0 3.8490702e-15 1e-20
4522.5 3.78723e-15 1e-20
4524.0 3.95077e-15 1e-20
4525.5 3.9564401e-15 1e-20
4527.0 3.8686701e-15 1e-20
4528.5 3.7772998e-15 1e-20
4530.0 3.7377501e-15 1e-20
4531.5 3.8256099e-15 1e-20
4533.0 3.7294399e-15 1e-20
4534.5 3.76948e-15 1e-20
4536.0 3.6856597e-15 1e-20
4537.5 3.7448398e-15 1e-20
4539.0 3.7489098e-15 1e-20
4540.5 3.8464101e-15 1e-20
4542.0 3.8707902e-15 1e-20
4543.5 3.7638299e-15 1e-20
4545.0 3.8272803e-15 1e-20
4546.5 3.8826898e-15 1e-20
4548.0 3.8638001e-15 1e-20
4549.5 3.83373e-15 1e-20
4551.0 3.7700399e-15 1e-20
4552.5 3.92176e-15 1e-20
4554.0 4.0052999e-15 1e-20
4555.5 3.9135599e-15 1e-20
4557.0 3.9756101e-15 1e-20
4558.5 3.9436198e-15 1e-20
4560.0 3.9103001e-15 1e-20
4561.5 3.9596901e-15 1e-20
4563.0 3.9261002e-15 1e-20
4564.5 3.9267698e-15 1e-20
4566.0 3.91228e-15 1e-20
4567.5 3.9548498e-15 1e-20
4569.0 3.9694501e-15 1e-20
4570.5 3.88028e-15 1e-20
4572.0 3.9104699e-15 1e-20
4573.5 3.9081702e-15 1e-20
4575.0 3.7853301e-15 1e-20
4576.5 3.8388499e-15 1e-20
4578.0 3.8817301e-15 1e-20
4579.5 3.8033101e-15 1e-20
4581.0 3.81758e-15 1e-20
4582.5 3.7663299e-15 1e-20
4584.0 3.7430699e-15 1e-20
4585.5 3.8386902e-15 1e-20
4587.0 3.86279e-15 1e-20
4588.5 3.7986001e-15 1e-20
4590.0 3.78411e-15 1e-20
4591.5 3.8111803e-15 1e-20
4593.0 3.8089098e-15 1e-20
4594.5 3.8108601e-15 1e-20
4596.0 3.6907102e-15 1e-20
4597.5 3.6920599e-15 1e-20
4599.0 3.71989e-15 1e-20
4600.5 3.6988099e-15 1e-20
4602.0 3.7095799e-15 1e-20
4603.5 3.7154499e-15 1e-20
4605.0 3.66365e-15 1e-20
4606.5 3.6064702e-15 1e-20
4608.0 3.60102e-15 1e-20
4609.5 3.59229e-15 1e-20
4611.0 3.54124e-15 1e-20
4612.5 3.6279298e-15 1e-20
4614.0 3.6914102e-15 1e-20
4615.5 3.7228402e-15 1e-20
4617.0 3.84079e-15 1e-20
4618.5 3.8458803e-15 1e-20
4620.0 3.7643097e-15 1e-20
4621.5 3.7015001e-15 1e-20
4623.0 3.7216201e-15 1e-20
4624.5 3.7604599e-15 1e-20
4626.0 3.7781998e-15 1e-20
4627.5 3.88162e-15 1e-20
4629.0 3.84342e-15 1e-20
4630.5 3.7843598e-15 1e-20
4632.0 3.7725797e-15 1e-20
4633.5 3.7476998e-15 1e-20
4635.0 3.7253597e-15 1e-20
4636.5 3.7237301e-15 1e-20
4638.0 3.7354301e-15 1e-20
4639.5 3.7868399e-15 1e-20
4641.0 3.7850497e-15 1e-20
4642.5 3.7060698e-15 1e-20
4644.0 3.7728902e-15 1e-20
4645.5 3.8607101e-15 1e-20
4647.0 3.8544298e-15 1e-20
4648.5 3.8000401e-15 1e-20
4650.0 3.7473801e-15 1e-20
4651.5 3.7427599e-15 1e-20
4653.0 3.7785001e-15 1e-20
4654.5 3.79756e-15 1e-20
4656.0 3.7949198e-15 1e-20
4657.5 3.8784601e-15 1e-20
4659.0 3.8303499e-15 1e-20
4660.5 3.7905499e-15 1e-20
4662.0 3.8319902e-15 1e-20
4663.5 3.7596099e-15 1e-20
4665.0 3.69181e-15 1e-20
4666.5 3.64312e-15 1e-20
4668.0 3.75289e-15 1e-20
4669.5 3.67153e-15 1e-20
4671.0 3.6246602e-15 1e-20
4672.5 3.7322499e-15 1e-20
4674.0 3.5497999e-15 1e-20
4675.5 3.48151e-15 1e-20
4677.0 3.5723399e-15 1e-20
4678.5 3.4342699e-15 1e-20
4680.0 3.3900601e-15 1e-20
4681.5 3.3493599e-15 1e-20
4683.0 3.3533899e-15 1e-20
4684.5 3.3840101e-15 1e-20
4686.0 3.4575502e-15 1e-20
4687.5 3.40451e-15 1e-20
4689.0 3.3585801e-15 1e-20
4690.5 3.2729002e-15 1e-20
4692.0 3.3761401e-15 1e-20
4693.5 3.3659402e-15 1e-20
4695.0 3.3616601e-15 1e-20
4696.5 3.32708e-15 1e-20
4698.0 3.3569301e-15 1e-20
4699.5 3.3773402e-15 1e-20
4701.0 3.3092101e-15 1e-20
4702.5 3.24878e-15 1e-20
4704.0 3.26279e-15 1e-20
4705.5 3.2820202e-15 1e-20
4707.0 3.2592398e-15 1e-20
4708.5 3.2978101e-15 1e-20
4710.0 3.3260199e-15 1e-20
4711.5 3.3239701e-15 1e-20
4713.0 3.3098399e-15 1e-20
4714.5 3.2959098e-15 1e-20
4716.0 3.2669699e-15 1e-20
4717.5 3.2271299e-15 1e-20
4719.0 3.20261e-15 1e-20
4720.5 3.2705401e-15 1e-20
4722.0 3.4050301e-15 1e-20
4723.5 3.36017e-15 1e-20
4725.0 3.3378201e-15 1e-20
4726.5 3.4219699e-15 1e-20
4728.0 3.4084699e-15 1e-20
4729.5 3.3087299e-15 1e-20
4731.0 3.34035e-15 1e-20
4732.5 3.4003301e-15 1e-20
4734.0 3.4039099e-15 1e-20
4735.5 3.3738502e-15 1e-20
4737.0 3.44627e-15 1e-20
4738.5 3.3292799e-15 1e-20
4740.0 3.21195e-15 1e-20
4741.5 3.2802998e-15 1e-20
4743.0 3.2370901e-15 1e-20
4744.5 3.2869899e-15 1e-20
4746.0 3.3747201e-15 1e-20
4747.5 3.3190899e-15 1e-20
4749.0 3.1178201e-15 1e-20
4750.5 3.1341199e-15 1e-20
4752.0 3.2307999e-15 1e-20
4753.5 3.24423e-15 1e-20
4755.0 3.2243601e-15 1e-20
4756.5 3.2211001e-15 1e-20
4758.0 3.15235e-15 1e-20
4759.5 3.1073402e-15 1e-20
4761.0 3.1037299e-15 1e-20
4762.5 3.0829899e-15 1e-20
4764.0 3.04571e-15 1e-20
4765.5 3.0261e-15 1e-20
4767.0 3.0790501e-15 1e-20
4768.5 3.14695e-15 1e-20
4770.0 3.1125299e-15 1e-20
4771.5 3.1291299e-15 1e-20
4773.0 3.07197e-15 1e-20
4774.5 3.0674e-15 1e-20
4776.0 3.0430501e-15 1e-20
4777.5 3.018e-15 1e-20
4779.0 2.9739001e-15 1e-20
4780.5 2.9745099e-15 1e-20
4782.0 2.9450099e-15 1e-20
4783.5 2.9975901e-15 1e-20
4785.0 2.89902e-15 1e-20
4786.5 2.8157499e-15 1e-20
4788.0 2.8898202e-15 1e-20
4789.5 2.9054501e-15 1e-20
4791.0 2.8879199e-15 1e-20
4792.5 2.85463e-15 1e-20
4794.0 2.7963399e-15 1e-20
4795.5 2.79141e-15 1e-20
4797.0 2.85441e-15 1e-20
4798.5 2.8935598e-15 1e-20
4800.0 2.8556801e-15 1e-20
4801.5 2.72399e-15 1e-20
4803.0 2.74402e-15 1e-20
4804.5 2.7364098e-15 1e-20
4806.0 2.6759401e-15 1e-20
4807.5 2.78506e-15 1e-20
4809.0 2.7711699e-15 1e-20
4810.5 2.73213e-15 1e-20
4812.0 2.70803e-15 1e-20
4813.5 2.7392899e-15 1e-20
4815.0 2.8019801e-15 1e-20
4816.5 2.8487999e-15 1e-20
4818.0 2.68818e-15 1e-20
4819.5 2.74581e-15 1e-20
4821.0 2.8208999e-15 1e-20
4822.5 2.8445101e-15 1e-20
4824.0 2.83787e-15 1e-20
4825.5 2.8674401e-15 1e-20
4827.0 2.97106e-15 1e-20
4828.5 2.87221e-15 1e-20
4830.0 2.8141302e-15 1e-20
4831.5 2.82369e-15 1e-20
4833.0 2.76927e-15 1e-20
4834.5 2.80088e-15 1e-20
4836.0 2.8456199e-15 1e-20
4837.5 2.9479e-15 1e-20
4839.0 2.8940799e-15 1e-20
4840.5 2.79213e-15 1e-20
4842.0 2.76024e-15 1e-20
4843.5 2.69399e-15 1e-20
4845.0 2.7874899e-15 1e-20
4846.5 2.78143e-15 1e-20
4848.0 2.7082e-15 1e-20
4849.5 2.7474001e-15 1e-20
4851.0 2.72372e-15 1e-20
4852.5 2.68897e-15 1e-20
4854.0 2.63416e-15 1e-20
4855.5 2.5787101e-15 1e-20
4857.0 2.5927801e-15 1e-20
4858.5 2.6035599e-15 1e-20
4860.0 2.5277401e-15 1e-20
4861.5 2.4693001e-15 1e-20
4863.0 2.4819901e-15 1e-20
4864.5 2.50156e-15 1e-20
4866.0 2.5236002e-15 1e-20
4867.5 2.4554702e-15 1e-20
4869.0 2.3546201e-15 1e-20
4870.5 2.3166999e-15 1e-20
4872.0 2.28829e-15 1e-20
4873.5 2.2550198e-15 1e-20
4875.0 2.37068e-15 1e-20
4876.5 2.2894801e-15 1e-20
4878.0 2.2183499e-15 1e-20
4879.5 2.30475e-15 1e-20
4881.0 2.2782901e-15 1e-20
4882.5 2.2217299e-15 1e-20
4884.0 2.1512799e-15 1e-20
4885.5 2.21135e-15 1e-20
4887.0 2.1553399e-15 1e-20
4888.5 2.14231e-15 1e-20
4890.0 2.17867e-15 1e-20
4891.5 2.1268102e-15 1e-20
4893.0 2.0710699e-15 1e-20
4894.5 1.9606901e-15 1e-20
4896.0 1.99338e-15 1e-20
4897.5 2.0207701e-15 1e-20
4899.0 2.0989e-15 1e-20
4900.5 2.13292e-15 1e-20
4902.0 2.0465199e-15 1e-20
4903.5 2.0729001e-15 1e-20
4905.0 2.0300301e-15 1e-20
4906.5 1.9625601e-15 1e-20
4908.0 1.99294e-15 1e-20
4909.5 2.0381201e-15 1e-20
4911.0 1.99338e-15 1e-20
4912.5 2.0555601e-15 1e-20
4914.0 2.04247e-15 1e-20
4915.5 2.02003e-15 1e-20
4917.0 2.0494699e-15 1e-20
4918.5 2.0759202e-15 1e-20
4920.0 2.0330999e-15 1e-20
4921.5 2.0109898e-15 1e-20
4923.0 2.06107e-15 1e-20
4924.5 2.09062e-15 1e-20
4926.0 2.0801302e-15 1e-20
4927.5 2.1068901e-15 1e-20
4929.0 2.1047001e-15 1e-20
4930.5 2.0848801e-15 1e-20
4932.0 2.14642e-15 1e-20
4933.5 2.1744901e-15 1e-20
4935.0 2.1375501e-15 1e-20
4936.5 2.18273e-15 1e-20
4938.0 2.2437301e-15 1e-20
4939.5 2.2539799e-15 1e-20
4941.0 2.2020299e-15 1e-20
4942.5 2.19543e-15 1e-20
4944.0 2.2432401e-15 1e-20
4945.5 2.3014902e-15 1e-20
4947.0 2.28937e-15 1e-20
4948.5 2.2838901e-15 1e-20
4950.0 2.2344602e-15 1e-20
4951.5 2.3069501e-15 1e-20
4953.0 2.3198699e-15 1e-20
4954.5 2.2843202e-15 1e-20
4956.0 2.2750001e-15 1e-20
4957.5 2.2978901e-15 1e-20
4959.0 2.27036e-15 1e-20
4960.5 2.31806e-15 1e-20
4962.0 2.39867e-15 1e-20
4963.5 2.3529502e-15 1e-20
4965.0 2.41625e-15 1e-20
4966.5 2.3690701e-15 1e-20
4968.0 2.35648e-15 1e-20
4969.5 2.3214399e-15 1e-20
4971.0 2.51255e-15 1e-20
4972.5 2.4128699e-15 1e-20
4974.0 2.4031799e-15 1e-20
4975.5 2.3943999e-15 1e-20
4977.0 2.45335e-15 1e-20
4978.5 2.3844501e-15 1e-20
4980.0 2.3867701e-15 1e-20
4981.5 2.34052e-15 1e-20
4983.0 2.3490701e-15 1e-20
4984.5 2.38169e-15 1e-20
4986.0 2.4171601e-15 1e-20
4987.5 2.4341099e-15 1e-20
4989.0 2.40669e-15 1e-20
4990.5 2.33604e-15 1e-20
4992.0 2.37127e-15 1e-20
4993.5 2.4160901e-15 1e-20
4995.0 2.45399e-15 1e-20
4996.5 2.45152e-15 1e-20
4998.0 2.51819e-15 1e-20
4999.5 2.51425e-15 1e-20
5001.0 2.49216e-15 1e-20
5002.5 2.5005399e-15 1e-20
5004.0 2.4972702e-15 1e-20
5005.5 2.49319e-15 1e-20
5007.0 2.4784902e-15 1e-20
5008.5 2.4854001e-15 1e-20
5010.0 2.4917801e-15 1e-20
5011.5 2.3858199e-15 1e-20
5013.0 2.36828e-15 1e-20
5014.5 2.4306599e-15 1e-20
5016.0 2.4602599e-15 1e-20
5017.5 2.41289e-15 1e-20
5019.0 2.42667e-15 1e-20
5020.5 2.4900899e-15 1e-20
5022.0 2.4660202e-15 1e-20
5023.5 2.43468e-15 1e-20
5025.0 2.47691e-15 1e-20
5026.5 2.5196299e-15 1e-20
5028.0 2.4526e-15 1e-20
5029.5 2.4724701e-15 1e-20
5031.0 2.4634799e-15 1e-20
5032.5 2.4763701e-15 1e-20
5034.0 2.5211e-15 1e-20
5035.5 2.46909e-15 1e-20
5037.0 2.47294e-15 1e-20
5038.5 2.5972499e-15 1e-20
5040.0 2.60259e-15 1e-20
5041.5 2.53781e-15 1e-20
5043.0 2.5270701e-15 1e-20
5044.5 2.5369899e-15 1e-20
5046.0 2.5112702e-15 1e-20
5047.5 2.54161e-15 1e-20
5049.0 2.5748601e-15 1e-20
5050.5 2.55914e-15 1e-20
5052.0 2.46891e-15 1e-20
5053.5 2.4994299e-15 1e-20
5055.0 2.5004599e-15 1e-20
5056.5 2.5432899e-15 1e-20
5058.0 2.54045e-15 1e-20
5059.5 2.57158e-15 1e-20
5061.0 2.5538799e-15 1e-20
5062.5 2.46851e-15 1e-20
5064.0 2.47928e-15 1e-20
5065.5 2.59684e-15 1e-20
5067.0 2.5743599e-15 1e-20
5068.5 2.4398001e-15 1e-20
5070.0 2.43998e-15 1e-20
5071.5 2.5108801e-15 1e-20
5073.0 2.50813e-15 1e-20
5074.5 2.5179299e-15 1e-20
5076.0 2.5950601e-15 1e-20
5077.5 2.58444e-15 1e-20
5079.0 2.5202502e-15 1e-20
5080.5 2.51903e-15 1e-20
5082.0 2.4931801e-15 1e-20
5083.5 2.5294299e-15 1e-20
5085.0 2.57845e-15 1e-20
5086.5 2.5684099e-15 1e-20
5088.0 2.60386e-15 1e-20
5089.5 2.6132601e-15 1e-20
5091.0 2.58964e-15 1e-20
5092.5 2.59991e-15 1e-20
5094.0 2.6033498e-15 1e-20
5095.5 2.6830298e-15 1e-20
5097.0 2.70105e-15 1e-20
5098.5 2.68034e-15 1e-20
5100.0 2.66341e-15 1e-20
5101.5 2.6552802e-15 1e-20
5103.0 2.6666401e-15 1e-20
5104.5 2.7323798e-15 1e-20
5106.0 2.7565601e-15 1e-20
5107.5 2.71679e-15 1e-20
5109.0 2.7766299e-15 1e-20
5110.5 2.7275901e-15 1e-20
5112.0 2.8086901e-15 1e-20
5113.5 2.75203e-15 1e-20
5115.0 2.6685801e-15 1e-20
5116.5 2.7158599e-15 1e-20
5118.0 2.75657e-15 1e-20
5119.5 2.8001899e-15 1e-20
5121.0 2.8377899e-15 1e-20
5122.5 2.7802402e-15 1e-20
5124.0 2.7944e-15 1e-20
5125.5 2.79039e-15 1e-20
5127.0 2.83518e-15 1e-20
5128.5 2.8690101e-15 1e-20
5130.0 2.9221599e-15 1e-20
5131.5 2.88003e-15 1e-20
5133.0 2.9132298e-15 1e-20
5134.5 2.92885e-15 1e-20
5136.0 2.9175101e-15 1e-20
5137.5 2.9675801e-15 1e-20
5139.0 2.9637899e-15 1e-20
5140.5 2.9465e-15 1e-20
5142.0 2.9843601e-15 1e-20
5143.5 2.9981599e-15 1e-20
5145.0 2.9681102e-15 1e-20
5146.5 2.9239099e-15 1e-20
5148.0 2.8672499e-15 1e-20
5149.5 2.9101301e-15 1e-20
5151.0 2.97002e-15 1e-20
5152.5 2.9425099e-15 1e-20
5154.0 2.93645e-15 1e-20
5155.5 3.0337201e-15 1e-20
5157.0 3.0221301e-15 1e-20
5158.5 2.9495398e-15 1e-20
5160.0 2.96153e-15 1e-20
5161.5 2.96412e-15 1e-20
5163.0 2.9348601e-15 1e-20
5164.5 2.9985e-15 1e-20
5166.0 2.92241e-15 1e-20
5167.5 2.9705501e-15 1e-20
5169.0 2.9227801e-15 1e-20
5170.5 2.9655e-15 1e-20
5172.0 2.9678099e-15 1e-20
5173.5 2.8711501e-15 1e-20
5175.0 2.7687599e-15 1e-20
5176.5 2.8523199e-15 1e-20
5178.0 2.9134101e-15 1e-20
5179.5 2.756e-15 1e-20
5181.0 2.7347001e-15 1e-20
5182.5 2.73964e-15 1e-20
5184.0 2.7536499e-15 1e-20
5185.5 2.8642002e-15 1e-20
5187.0 2.7785499e-15 1e-20
5188.5 2.74492e-15 1e-20
5190.0 2.7623e-15 1e-20
5191.5 2.8019399e-15 1e-20
5193.0 2.7783401e-15 1e-20
5194.5 2.8427601e-15 1e-20
5196.0 2.7768899e-15 1e-20
5197.5 2.786e-15 1e-20
5199.0 2.7438199e-15 1e-20
5200.5 2.7763701e-15 1e-20
5202.0 2.7402301e-15 1e-20
5203.5 2.6740201e-15 1e-20
5205.0 2.7197298e-15 1e-20
5206.5 2.73678e-15 1e-20
5208.0 2.8064499e-15 1e-20
5209.5 2.82079e-15 1e-20
5211.0 2.81998e-15 1e-20
5212.5 2.8114701e-15 1e-20
5214.0 2.8170601e-15 1e-20
5215.5 2.7718401e-15 1e-20
5217.0 2.75502e-15 1e-20
5218.5 2.7413499e-15 1e-20
5220.0 2.70896e-15 1e-20
5221.5 2.7558501e-15 1e-20
5223.0 2.8117299e-15 1e-20
5224.5 2.8668499e-15 1e-20
5226.0 2.8213302e-15 1e-20
5227.5 2.7999799e-15 1e-20
5229.0 2.80982e-15 1e-20
5230.5 2.8315699e-15 1e-20
5232.0 2.8727201e-15 1e-20
5233.5 2.8748499e-15 1e-20
5235.0 2.8334601e-15 1e-20
5236.5 2.81148e-15 1e-20
5238.0 2.97588e-15 1e-20
5239.5 2.8786701e-15 1e-20
5241.0 2.8153501e-15 1e-20
5242.5 2.82449e-15 1e-20
5244.0 2.8527602e-15 1e-20
5245.5 2.8879599e-15 1e-20
5247.0 2.88928e-15 1e-20
5248.5 2.8771501e-15 1e-20
5250.0 2.8090702e-15 1e-20
5251.5 2.84073e-15 1e-20
5253.0 2.84318e-15 1e-20
5254.5 2.8189398e-15 1e-20
5256.0 2.7746798e-15 1e-20
5257.5 2.7563001e-15 1e-20
5259.0 2.7299499e-15 1e-20
5260.5 2.70739e-15 1e-20
5262.0 2.78023e-15 1e-20
5263.5 2.7950999e-15 1e-20
5265.0 2.7469799e-15 1e-20
5266.5 2.70709e-15 1e-20
5268.0 2.68295e-15 1e-20
5269.5 2.68598e-15 1e-20
5271.0 2.6796999e-15 1e-20
5272.5 2.6819401e-15 1e-20
5274.0 2.6474099e-15 1e-20
5275.5 2.6391899e-15 1e-20
5277.0 2.6158499e-15 1e-20
5278.5 2.54948e-15 1e-20
5280.0 2.5710899e-15 1e-20
5281.5 2.6013602e-15 1e-20
5283.0 2.56018e-15 1e-20
5284.5 2.516e-15 1e-20
5286.0 2.47903e-15 1e-20
5287.5 2.4601401e-15 1e-20
5289.0 2.4294e-15 1e-20
5290.5 2.3845201e-15 1e-20
5292.0 2.4378e-15 1e-20
5293.5 2.4606299e-15 1e-20
5295.0 2.3696001e-15 1e-20
5296.5 2.34762e-15 1e-20
5298.0 2.38217e-15 1e-20
5299.5 2.3578001e-15 1e-20
5301.0 2.32079e-15 1e-20
5302.5 2.3390601e-15 1e-20
5304.0 2.36612e-15 1e-20
5305.5 2.2499101e-15 1e-20
5307.0 2.1642302e-15 1e-20
5308.5 2.2393601e-15 1e-20
5310.0 2.25507e-15 1e-20
5311.5 2.2067298e-15 1e-20
5313.0 2.1640101e-15 1e-20
5314.5 2.1708e-15 1e-20
5316.0 2.1755099e-15 1e-20
5317.5 2.2144499e-15 1e-20
5319.0 2.2419501e-15 1e-20
5320.5 2.1846199e-15 1e-20
5322.0 2.1185999e-15 1e-20
5323.5 2.08512e-15 1e-20
5325.0 2.1293699e-15 1e-20
5326.5 2.1568601e-15 1e-20
5328.0 2.1799401e-15 1e-20
5329.5 2.14536e-15 1e-20
5331.0 2.1553099e-15 1e-20
5332.5 2.1523399e-15 1e-20
5334.0 2.1069602e-15 1e-20
5335.5 2.1796201e-15 1e-20
5337.0 2.22086e-15 1e-20
5338.5 2.1943401e-15 1e-20
5340.0 2.19265e-15 1e-20
5341.5 2.19927e-15 1e-20
5343.0 2.19699e-15 1e-20
5344.5 2.14974e-15 1e-20
5346.0 2.14052e-15 1e-20
5347.5 2.1548201e-15 1e-20
5349.0 2.1867e-15 1e-20
5350.5 2.2003701e-15 1e-20
5352.0 2.1341601e-15 1e-20
5353.5 2.12152e-15 1e-20
5355.0 2.16409e-15 1e-20
5356.5 2.1621001e-15 1e-20
5358.0 2.1320802e-15 1e-20
5359.5 2.1277599e-15 1e-20
5361.0 2.12519e-15 1e-20
5362.5 2.1173501e-15 1e-20
5364.0 2.09788e-15 1e-20
5365.5 2.09198e-15 1e-20
5367.0 2.1468599e-15 1e-20
5368.5 2.1469501e-15 1e-20
5370.0 2.0701201e-15 1e-20
5371.5 2.04614e-15 1e-20
5373.0 2.0924001e-15 1e-20
5374.5 2.1004401e-15 1e-20
5376.0 2.08071e-15 1e-20
5377.5 2.0970399e-15 1e-20
5379.0 2.08794e-15 1e-20
5380.5 2.08772e-15 1e-20
5382.0 2.17893e-15 1e-20
5383.5 2.1056e-15 1e-20
5385.0 2.0526099e-15 1e-20
5386.5 2.09255e-15 1e-20
5388.0 2.09823e-15 1e-20
5389.5 2.1259e-15 1e-20
5391.0 2.1365299e-15 1e-20
5392.5 2.1487301e-15 1e-20
5394.0 2.1729601e-15 1e-20
5395.5 2.1448501e-15 1e-20
5397.0 2.11356e-15 1e-20
5398.5 2.1231698e-15 1e-20
5400.0 2.26683e-15 1e-20
5401.5 2.1626401e-15 1e-20
5403.0 2.1212399e-15 1e-20
5404.5 2.0550398e-15 1e-20
5406.0 2.1300001e-15 1e-20
5407.5 2.1297599e-15 1e-20
5409.0 2.1867098e-15 1e-20
5410.5 2.16136e-15 1e-20
5412.0 2.1071802e-15 1e-20
5413.5 2.15797e-15 1e-20
5415.0 2.1547201e-15 1e-20
5416.5 2.1040298e-15 1e-20
5418.0 2.1635e-15 1e-20
5419.5 2.1347799e-15 1e-20
5421.0 2.1069e-15 1e-20
5422.5 2.1024499e-15 1e-20
5424.0 2.1315802e-15 1e-20
5425.5 2.0723099e-15 1e-20
5427.0 2.0646801e-15 1e-20
5428.5 2.09925e-15 1e-20
5430.0 2.1098399e-15 1e-20
5431.5 2.06716e-15 1e-20
5433.0 1.9901101e-15 1e-20
5434.5 2.01995e-15 1e-20
5436.0 2.0698701e-15 1e-20
5437.5 2.07999e-15 1e-20
5439.0 2.0947699e-15 1e-20
5440.5 2.0878699e-15 1e-20
5442.0 2.0299399e-15 1e-20
5443.5 2.02164e-15 1e-20
5445.0 2.0454399e-15 1e-20
5446.5 2.09001e-15 1e-20
5448.0 2.0480399e-15 1e-20
5449.5 1.96486e-15 1e-20
5451.0 1.9714499e-15 1e-20
5452.5 2.0390601e-15 1e-20
5454.0 1.99995e-15 1e-20
5455.5 1.9191801e-15 1e-20
5457.0 2.0059599e-15 1e-20
5458.5 1.96968e-15 1e-20
5460.0 1.9588899e-15 1e-20
5461.5 1.90352e-15 1e-20
5463.0 1.95931e-15 1e-20
5464.5 1.92632e-15 1e-20
5466.0 1.8724301e-15 1e-20
5467.5 2.00197e-15 1e-20
5469.0 1.9314299e-15 1e-20
5470.5 1.9275499e-15 1e-20
5472.0 1.9353301e-15 1e-20
5473.5 1.98149e-15 1e-20
5475.0 1.9245899e-15 1e-20
5476.5 1.8681e-15 1e-20
5478.0 1.85165e-15 1e-20
5479.5 1.84915e-15 1e-20
5481.0 1.7948399e-15 1e-20
5482.5 1.74334e-15 1e-20
5484.0 1.73329e-15 1e-20
5485.5 1.7299201e-15 1e-20
5487.0 1.7692401e-15 1e-20
5488.5 1.74508e-15 1e-20
5490.0 1.76397e-15 1e-20
5491.5 1.79613e-15 1e-20
5493.0 1.74921e-15 1e-20
5494.5 1.7283e-15 1e-20
5496.0 1.69548e-15 1e-20
5497.5 1.69185e-15 1e-20
5499.0 1.70093e-15 1e-20
5500.5 1.72699e-15 1e-20
5502.0 1.7422101e-15 1e-20
5503.5 1.75774e-15 1e-20
5505.0 1.69059e-15 1e-20
5506.5 1.62989e-15 1e-20
5508.0 1.65573e-15 1e-20
5509.5 1.69698e-15 1e-20
5511.0 1.70691e-15 1e-20
5512.5 1.6489299e-15 1e-20
5514.0 1.65538e-15 1e-20
5515.5 1.69942e-15 1e-20
5517.0 1.7004101e-15 1e-20
5518.5 1.7464e-15 1e-20
5520.0 1.72679e-15 1e-20
5521.5 1.74413e-15 1e-20
5523.0 1.8336101e-15 1e-20
5524.5 1.81262e-15 1e-20
5526.0 1.77356e-15 1e-20
5527.5 1.81696e-15 1e-20
5529.0 1.77842e-15 1e-20
5530.5 1.8405901e-15 1e-20
5532.0 1.87732e-15 1e-20
5533.5 1.84281e-15 1e-20
5535.0 1.84445e-15 1e-20
5536.5 1.8231899e-15 1e-20
5538.0 1.82634e-15 1e-20
5539.5 1.85362e-15 1e-20
5541.0 1.8454201e-15 1e-20
5542.5 1.9024301e-15 1e-20
5544.0 1.9275101e-15 1e-20
5545.5 1.89297e-15 1e-20
5547.0 1.9167e-15 1e-20
5548.5 1.92033e-15 1e-20
5550.0 1.9582099e-15 1e-20
5551.5 1.95631e-15 1e-20
5553.0 1.88971e-15 1e-20
5554.5 1.88376e-15 1e-20
5556.0 1.9202701e-15 1e-20
5557.5 1.8889199e-15 1e-20
5559.0 1.85465e-15 1e-20
5560.5 1.95046e-15 1e-20
5562.0 2.0066501e-15 1e-20
5563.5 2.01515e-15 1e-20
5565.0 2.02459e-15 1e-20
5566.5 1.95883e-15 1e-20
5568.0 1.94433e-15 1e-20
5569.5 1.96427e-15 1e-20
5571.0 1.92883e-15 1e-20
5572.5 1.9457399e-15 1e-20
5574.0 2.02012e-15 1e-20
5575.5 2.0978899e-15 1e-20
5577.0 2.1333598e-15 1e-20
5578.5 2.08741e-15 1e-20
5580.0 2.07262e-15 1e-20
5581.5 2.0637901e-15 1e-20
5583.0 1.997e-15 1e-20
5584.5 1.9634399e-15 1e-20
5586.0 1.9692201e-15 1e-20
5587.5 1.95096e-15 1e-20
5589.0 1.9876799e-15 1e-20
5590.5 2.05142e-15 1e-20
5592.0 1.98046e-15 1e-20
5593.5 1.95445e-15 1e-20
5595.0 1.98941e-15 1e-20
5596.5 1.9645301e-15 1e-20
5598.0 2.0323101e-15 1e-20
5599.5 2.0229199e-15 1e-20
5601.0 2.0051999e-15 1e-20
5602.5 2.0583701e-15 1e-20
5604.0 2.0204599e-15 1e-20
5605.5 2.0151401e-15 1e-20
5607.0 2.0502301e-15 1e-20
5608.5 2.0451702e-15 1e-20
5610.0 2.0551101e-15 1e-20
5611.5 2.1212399e-15 1e-20
5613.0 2.0664402e-15 1e-20
5614.5 2.0396699e-15 1e-20
5616.0 2.1201798e-15 1e-20
5617.5 2.1522999e-15 1e-20
5619.0 2.1000501e-15 1e-20
5620.5 2.0477199e-15 1e-20
5622.0 2.0440099e-15 1e-20
5623.5 2.1492099e-15 1e-20
5625.0 2.18765e-15 1e-20
5626.5 2.1155501e-15 1e-20
5628.0 2.0877399e-15 1e-20
5629.5 2.1112699e-15 1e-20
5631.0 2.11293e-15 1e-20
5632.5 2.11133e-15 1e-20
5634.0 2.1464901e-15 1e-20
5635.5 2.15242e-15 1e-20
5637.0 2.1524799e-15 1e-20
5638.5 2.1964901e-15 1e-20
5640.0 2.23183e-15 1e-20
5641.5 2.1869601e-15 1e-20
5643.0 2.1039199e-15 1e-20
5644.5 2.0896999e-15 1e-20
5646.0 2.12738e-15 1e-20
5647.5 2.1378301e-15 1e-20
5649.0 2.1324999e-15 1e-20
5650.5 2.1454502e-15 1e-20
5652.0 2.0940399e-15 1e-20
5653.5 2.0787002e-15 1e-20
5655.0 2.11088e-15 1e-20
5656.5 2.08509e-15 1e-20
5658.0 2.1521299e-15 1e-20
5659.5 2.19435e-15 1e-20
5661.0 2.0810299e-15 1e-20
5662.5 2.0442801e-15 1e-20
5664.0 2.04516e-15 1e-20
5665.5 2.0874e-15 1e-20
5667.0 2.1374199e-15 1e-20
5668.5 2.0930099e-15 1e-20
5670.0 2.10748e-15 1e-20
5671.5 2.0775499e-15 1e-20
5673.0 2.02572e-15 1e-20
5674.5 2.1384899e-15 1e-20
5676.0 2.1427299e-15 1e-20
5677.5 2.09903e-15 1e-20
5679.0 2.0223401e-15 1e-20
5680.5 2.0077902e-15 1e-20
5682.0 2.08075e-15 1e-20
5683.5 2.1612501e-15 1e-20
5685.0 2.1264301e-15 1e-20
5686.5 2.1255801e-15 1e-20
5688.0 2.14209e-15 1e-20
5689.5 2.1117101e-15 1e-20
5691.0 2.0784499e-15 1e-20
5692.5 2.08199e-15 1e-20
5694.0 2.14201e-15 1e-20
5695.5 2.0657401e-15 1e-20
5697.0 2.04771e-15 1e-20
5698.5 2.0785301e-15 1e-20
5700.0 2.10235e-15 1e-20
5701.5 2.05597e-15 1e-20
5703.0 2.03037e-15 1e-20
5704.5 1.9806701e-15 1e-20
5706.0 2.00837e-15 1e-20
5707.5 2.0314601e-15 1e-20
5709.0 1.9368601e-15 1e-20
5710.5 1.9345e-15 1e-20
5712.0 2.0086101e-15 1e-20
5713.5 2.0057001e-15 1e-20
5715.0 1.9997601e-15 1e-20
5716.5 2.0288099e-15 1e-20
5718.0 2.0515102e-15 1e-20
5719.5 2.0657999e-15 1e-20
5721.0 2.0170499e-15 1e-20
5722.5 1.9721701e-15 1e-20
5724.0 2.0240299e-15 1e-20
5725.5 2.0272501e-15 1e-20
5727.0 1.9414901e-15 1e-20
5728.5 1.9244301e-15 1e-20
5730.0 1.99003e-15 1e-20
5731.5 1.9918801e-15 1e-20
5733.0 1.8914801e-15 1e-20
5734.5 1.9569e-15 1e-20
5736.0 1.9334399e-15 1e-20
5737.5 1.9099901e-15 1e-20
5739.0 1.92448e-15 1e-20
5740.5 1.954e-15 1e-20
5742.0 1.9943399e-15 1e-20
5743.5 1.97599e-15 1e-20
5745.0 1.86882e-15 1e-20
5746.5 1.85804e-15 1e-20
5748.0 1.8907899e-15 1e-20
5749.5 1.9136799e-15 1e-20
5751.0 1.96299e-15 1e-20
5752.5 1.98668e-15 1e-20
5754.0 1.93986e-15 1e-20
5755.5 1.9163199e-15 1e-20
5757.0 1.9028801e-15 1e-20
5758.5 1.89758e-15 1e-20
5760.0 1.85702e-15 1e-20
5761.5 1.7869299e-15 1e-20
5763.0 1.79734e-15 1e-20
5764.5 1.77138e-15 1e-20
5766.0 1.8160901e-15 1e-20
5767.5 1.80305e-15 1e-20
5769.0 1.8180999e-15 1e-20
5770.5 1.8191e-15 1e-20
5772.0 1.8278101e-15 1e-20
5773.5 1.8121999e-15 1e-20
5775.0 1.71401e-15 1e-20
5776.5 1.71849e-15 1e-20
5778.0 1.74933e-15 1e-20
5779.5 1.75343e-15 1e-20
5781.0 1.7342101e-15 1e-20
5782.5 1.74853e-15 1e-20
5784.0 1.75839e-15 1e-20
5785.5 1.7648601e-15 1e-20
5787.0 1.71977e-15 1e-20
5788.5 1.71802e-15 1e-20
5790.0 1.7516901e-15 1e-20
5791.5 1.7329399e-15 1e-20
5793.0 1.69837e-15 1e-20
5794.5 1.6550099e-15 1e-20
5796.0 1.62789e-15 1e-20
5797.5 1.68976e-15 1e-20
5799.0 1.7545101e-15 1e-20
5800.5 1.73526e-15 1e-20
5802.0 1.71287e-15 1e-20
5803.5 1.6376801e-15 1e-20
5805.0 1.63783e-15 1e-20
5806.5 1.57684e-15 1e-20
5808.0 1.5913201e-15 1e-20
5809.5 1.66643e-15 1e-20
5811.0 1.7131e-15 1e-20
5812.5 1.68416e-15 1e-20
5814.0 1.64195e-15 1e-20
5815.5 1.6467e-15 1e-20
5817.0 1.65283e-15 1e-20
5818.5 1.63567e-15 1e-20
5820.0 1.6368e-15 1e-20
5821.5 1.66871e-15 1e-20
5823.0 1.60975e-15 1e-20
5824.5 1.5722099e-15 1e-20
5826.0 1.59574e-15 1e-20
5827.5 1.54923e-15 1e-20
5829.0 1.6770001e-15 1e-20
5830.5 1.68449e-15 1e-20
5832.0 1.63519e-15 1e-20
5833.5 1.6877801e-15 1e-20
5835.0 1.66159e-15 1e-20
5836.5 1.6767e-15 1e-20
5838.0 1.72917e-15 1e-20
5839.5 1.71107e-15 1e-20
5841.0 1.6821999e-15 1e-20
5842.5 1.6646001e-15 1e-20
5844.0 1.7261899e-15 1e-20
5845.5 1.7665301e-15 1e-20
5847.0 1.6926101e-15 1e-20
5848.5 1.67897e-15 1e-20
5850.0 1.77615e-15 1e-20
5851.5 1.7974101e-15 1e-20
5853.0 1.7587101e-15 1e-20
5854.5 1.7589601e-15 1e-20
5856.0 1.78713e-15 1e-20
5857.5 1.7784801e-15 1e-20
5859.0 1.77183e-15 1e-20
5860.5 1.79835e-15 1e-20
5862.0 1.76784e-15 1e-20
5863.5 1.7945901e-15 1e-20
5865.0 1.79922e-15 1e-20
5866.5 1.7913701e-15 1e-20
5868.0 1.83516e-15 1e-20
5869.5 1.7817601e-15 1e-20
5871.0 1.73196e-15 1e-20
5872.5 1.79058e-15 1e-20
5874.0 1.7976201e-15 1e-20
5875.5 1.74193e-15 1e-20
5877.0 1.75206e-15 1e-20
5878.5 1.73541e-15 1e-20
5880.0 1.74656e-15 1e-20
5881.5 1.78916e-15 1e-20
5883.0 1.79558e-15 1e-20
5884.5 1.8151501e-15 1e-20
5886.0 1.80033e-15 1e-20
5887.5 1.7502199e-15 1e-20
5889.0 1.68503e-15 1e-20
5890.5 1.73847e-15 1e-20
5892.0 1.9554401e-15 1e-20
5893.5 1.9432799e-15 1e-20
5895.0 1.78764e-15 1e-20
5896.5 1.8373801e-15 1e-20
5898.0 1.8464001e-15 1e-20
5899.5 1.80069e-15 1e-20
5901.0 1.79072e-15 1e-20
5902.5 1.8336701e-15 1e-20
5904.0 1.8431299e-15 1e-20
5905.5 1.86364e-15 1e-20
5907.0 1.8219101e-15 1e-20
5908.5 1.8310999e-15 1e-20
5910.0 1.8087601e-15 1e-20
5911.5 1.7851601e-15 1e-20
5913.0 1.86108e-15 1e-20
5914.5 1.9121801e-15 1e-20
5916.0 1.8604401e-15 1e-20
5917.5 1.82107e-15 1e-20
5919.0 1.8104899e-15 1e-20
5920.5 1.8198501e-15 1e-20
5922.0 1.81598e-15 1e-20
5923.5 1.8665599e-15 1e-20
5925.0 1.8475601e-15 1e-20
5926.5 1.82688e-15 1e-20
5928.0 1.9049701e-15 1e-20
5929.5 1.91224e-15 1e-20
5931.0 1.87284e-15 1e-20
5932.5 1.90696e-15 1e-20
5934.0 1.9060001e-15 1e-20
5935.5 1.8708599e-15 1e-20
5937.0 1.8869999e-15 1e-20
5938.5 1.92403e-15 1e-20
5940.0 1.92538e-15 1e-20
5941.5 1.8772601e-15 1e-20
5943.0 1.8269601e-15 1e-20
5944.5 1.8501899e-15 1e-20
5946.0 1.83739e-15 1e-20
5947.5 1.7882901e-15 1e-20
5949.0 1.7920901e-15 1e-20
5950.5 1.83977e-15 1e-20
5952.0 1.82443e-15 1e-20
5953.5 1.78034e-15 1e-20
5955.0 1.83144e-15 1e-20
5956.5 1.87366e-15 1e-20
5958.0 1.8877601e-15 1e-20
5959.5 1.8745e-15 1e-20
5961.0 1.93454e-15 1e-20
5962.5 1.9287601e-15 1e-20
5964.0 1.8701799e-15 1e-20
5965.5 1.8777799e-15 1e-20
5967.0 1.90661e-15 1e-20
5968.5 1.8975399e-15 1e-20
5970.0 1.87007e-15 1e-20
5971.5 1.8698199e-15 1e-20
5973.0 1.87947e-15 1e-20
5974.5 1.8735799e-15 1e-20
5976.0 1.7989701e-15 1e-20
5977.5 1.8865899e-15 1e-20
5979.0 1.8441e-15 1e-20
5980.5 1.8891101e-15 1e-20
5982.0 1.87727e-15 1e-20
5983.5 1.84369e-15 1e-20
5985.0 1.8386701e-15 1e-20
5986.5 1.8373e-15 1e-20
5988.0 1.8483199e-15 1e-20
5989.5 1.83346e-15 1e-20
5991.0 1.8371001e-15 1e-20
5992.5 1.82102e-15 1e-20
5994.0 1.7884499e-15 1e-20
5995.5 1.84348e-15 1e-20
5997.0 1.875e-15 1e-20
5998.5 1.84267e-15 1e-20
6000.0 1.8420999e-15 1e-20
6001.5 1.84816e-15 1e-20
6003.0 1.80005e-15 1e-20
6004.5 1.77922e-15 1e-20
6006.0 1.7624201e-15 1e-20
6007.5 1.8061701e-15 1e-20
6009.0 1.7806799e-15 1e-20
6010.5 1.8004799e-15 1e-20
6012.0 1.8270901e-15 1e-20
6013.5 1.75056e-15 1e-20
6015.0 1.7435301e-15 1e-20
6016.5 1.74231e-15 1e-20
6018.0 1.72955e-15 1e-20
6019.5 1.7701599e-15 1e-20
6021.0 1.7660201e-15 1e-20
6022.5 1.78056e-15 1e-20
6024.0 1.74084e-15 1e-20
6025.5 1.66284e-15 1e-20
6027.0 1.71127e-15 1e-20
6028.5 1.67425e-15 1e-20
6030.0 1.64894e-15 1e-20
6031.5 1.64433e-15 1e-20
6033.0 1.66187e-15 1e-20
6034.5 1.57542e-15 1e-20
6036.0 1.5366401e-15 1e-20
6037.5 1.58564e-15 1e-20
6039.0 1.5475e-15 1e-20
6040.5 1.5595301e-15 1e-20
6042.0 1.53214e-15 1e-20
6043.5 1.4825401e-15 1e-20
6045.0 1.4727401e-15 1e-20
6046.5 1.53905e-15 1e-20
6048.0 1.48968e-15 1e-20
6049.5 1.4566099e-15 1e-20
6051.0 1.42355e-15 1e-20
6052.5 1.3904801e-15 1e-20
6054.0 1.35741e-15 1e-20
6055.5 1.35741e-15 1e-20
6057.0 1.3193901e-15 1e-20
6058.5 1.31824e-15 1e-20
6060.0 1.30131e-15 1e-20
6061.5 1.25073e-15 1e-20
6063.0 1.2301e-15 1e-20
6064.5 1.21665e-15 1e-20
6066.0 1.20361e-15 1e-20
6067.5 1.13981e-15 1e-20
6069.0 1.09825e-15 1e-20
6070.5 1.08816e-15 1e-20
6072.0 1.1143801e-15 1e-20
6073.5 1.12547e-15 1e-20
6075.0 1.10583e-15 1e-20
6076.5 1.07566e-15 1e-20
6078.0 1.06833e-15 1e-20
6079.5 1.0282201e-15 1e-20
6081.0 1.0179501e-15 1e-20
6082.5 1.02517e-15 1e-20
6084.0 9.7566898e-16 1e-20
6085.5 9.6700902e-16 1e-20
6087.0 9.6355196e-16 1e-20
6088.5 9.3153401e-16 1e-20
6090.0 9.2427896e-16 1e-20
6091.5 9.4782606e-16 1e-20
6093.0 9.2720303e-16 1e-20
6094.5 9.1064396e-16 1e-20
6096.0 9.0761899e-16 1e-20
6097.5 8.8848801e-16 1e-20
6099.0 8.9807304e-16 1e-20
6100.5 9.1376601e-16 1e-20
6102.0 8.2763303e-16 1e-20
6103.5 7.66778e-16 1e-20
6105.0 8.4773302e-16 1e-20
6106.5 8.6539e-16 1e-20
6108.0 8.5038296e-16 1e-20
6109.5 8.1651096e-16 1e-20
6111.0 7.8965504e-16 1e-20
6112.5 7.7984799e-16 1e-20
6114.0 7.7765798e-16 1e-20
6115.5 7.8295898e-16 1e-20
6117.0 7.8416299e-16 1e-20
6118.5 7.6920804e-16 1e-20
6120.0 7.4533304e-16 1e-20
6121.5 7.3355901e-16 1e-20
6123.0 7.1895098e-16 1e-20
6124.5 7.1663397e-16 1e-20
6126.0 6.72444e-16 1e-20
6127.5 7.1730398e-16 1e-20
6129.0 7.5410099e-16 1e-20
6130.5 7.1388503e-16 1e-20
6132.0 6.8452105e-16 1e-20
6133.5 6.3546503e-16 1e-20
6135.0 6.2127903e-16 1e-20
6136.5 6.3656802e-16 1e-20
6138.0 6.3652202e-16 1e-20
6139.5 6.2554098e-16 1e-20
6141.0 6.1766897e-16 1e-20
6142.5 6.0362098e-16 1e-20
6144.0 6.0889699e-16 1e-20
6145.5 6.2673905e-16 1e-20
6147.0 6.2920201e-16 1e-20
6148.5 6.0866999e-16 1e-20
6150.0 5.8429301e-16 1e-20
6151.5 5.8785198e-16 1e-20
6153.0 6.0548403e-16 1e-20
6154.5 6.1236104e-16 1e-20
6156.0 6.2583601e-16 1e-20
6157.5 6.1264803e-16 1e-20
6159.0 5.8940502e-16 1e-20
6160.5 6.2184903e-16 1e-20
6162.0 5.9373097e-16 1e-20
6163.5 5.8357399e-16 1e-20
6165.0 6.0230702e-16 1e-20
6166.5 5.8754096e-16 1e-20
6168.0 6.2116499e-16 1e-20
6169.5 6.2091999e-16 1e-20
6171.0 6.1344498e-16 1e-20
6172.5 5.9807996e-16 1e-20
6174.0 6.0011098e-16 1e-20
6175.5 6.0163601e-16 1e-20
6177.0 6.1500103e-16 1e-20
6178.5 6.2518602e-16 1e-20
6180.0 6.1797602e-16 1e-20
6181.5 6.8735601e-16 1e-20
6183.0 6.9280101e-16 1e-20
6184.5 7.0484301e-16 1e-20
6186.0 6.6038601e-16 1e-20
6187.5 6.9102398e-16 1e-20
6189.0 7.2054202e-16 1e-20
6190.5 7.0168501e-16 1e-20
6192.0 7.2891097e-16 1e-20
6193.5 7.2243101e-16 1e-20
6195.0 7.6378501e-16 1e-20
6196.5 7.7569096e-16 1e-20
6198.0 7.9680501e-16 1e-20
6199.5 7.9025501e-16 1e-20
6201.0 7.9845e-16 1e-20
6202.5 8.1414403e-16 1e-20
6204.0 8.2855704e-16 1e-20
6205.5 8.6462699e-16 1e-20
6207.0 8.5716897e-16 1e-20
6208.5 8.7067501e-16 1e-20
6210.0 8.8977095e-16 1e-20
6211.5 8.7526503e-16 1e-20
6213.0 8.9779701e-16 1e-20
6214.5 9.0492998e-16 1e-20
6216.0 8.9479396e-16 1e-20
6217.5 8.9727704e-16 1e-20
6219.0 9.0683104e-16 1e-20
6220.5 9.5222099e-16 1e-20
6222.0 9.8665998e-16 1e-20
6223.5 9.7435206e-16 1e-20
6225.0 9.5664399e-16 1e-20
6226.5 9.87053e-16 1e-20
6228.0 9.9317101e-16 1e-20
6229.5 9.89279e-16 1e-20
6231.0 1.0109299e-15 1e-20
6232.5 1.06092e-15 1e-20
6234.0 1.02264e-15 1e-20
6235.5 1.03204e-15 1e-20
6237.0 1.07526e-15 1e-20
6238.5 1.1636e-15 1e-20
6240.0 1.20455e-15 1e-20
6241.5 1.1514899e-15 1e-20
6243.0 1.18732e-15 1e-20
6244.5 1.12211e-15 1e-20
6246.0 1.14817e-15 1e-20
6247.5 1.08506e-15 1e-20
6249.0 1.1196701e-15 1e-20
6250.5 1.20222e-15 1e-20
6252.0 1.20082e-15 1e-20
6253.5 1.23947e-15 1e-20
6255.0 1.2915899e-15 1e-20
6256.5 1.24887e-15 1e-20
6258.0 1.31633e-15 1e-20
6259.5 1.2741501e-15 1e-20
6261.0 1.28388e-15 1e-20
6262.5 1.24385e-15 1e-20
6264.0 1.28148e-15 1e-20
6265.5 1.30993e-15 1e-20
6267.0 1.3019e-15 1e-20
6268.5 1.3077701e-15 1e-20
6270.0 1.2793e-15 1e-20
6271.5 1.33675e-15 1e-20
6273.0 1.37228e-15 1e-20
6274.5 1.40152e-15 1e-20
6276.0 1.38947e-15 1e-20
6277.5 1.36948e-15 1e-20
6279.0 1.32485e-15 1e-20
6280.5 1.3572201e-15 1e-20
6282.0 1.4169001e-15 1e-20
6283.5 1.41582e-15 1e-20
6285.0 1.45338e-15 1e-20
6286.5 1.4665101e-15 1e-20
6288.0 1.4449801e-15 1e-20
6289.5 1.43927e-15 1e-20
6291.0 1.47481e-15 1e-20
6292.5 1.51275e-15 1e-20
6294.0 1.55655e-15 1e-20
6295.5 1.56262e-15 1e-20
6297.0 1.5154001e-15 1e-20
6298.5 1.5423401e-15 1e-20
6300.0 1.56938e-15 1e-20
6301.5 1.57611e-15 1e-20
6303.0 1.5809701e-15 1e-20
6304.5 1.5764901e-15 1e-20
6306.0 1.58463e-15 1e-20
6307.5 1.54839e-15 1e-20
6309.0 1.58482e-15 1e-20
6310.5 1.60453e-15 1e-20
6312.0 1.5548399e-15 1e-20
6313.5 1.5913e-15 1e-20
6315.0 1.60803e-15 1e-20
6316.5 1.59058e-15 1e-20
6318.0 1.6185e-15 1e-20
6319.5 1.63635e-15 1e-20
6321.0 1.6136301e-15 1e-20
6322.5 1.61175e-15 1e-20
6324.0 1.5951e-15 1e-20
6325.5 1.52558e-15 1e-20
6327.0 1.6847e-15 1e-20
6328.5 1.7366299e-15 1e-20
6330.0 1.70905e-15 1e-20
6331.5 1.65371e-15 1e-20
6333.0 1.70623e-15 1e-20
6334.5 1.69595e-15 1e-20
6336.0 1.7227699e-15 1e-20
6337.5 1.71746e-15 1e-20
6339.0 1.6234401e-15 1e-20
6340.5 1.65608e-15 1e-20
6342.0 1.6936199e-15 1e-20
6343.5 1.69137e-15 1e-20
6345.0 1.6904e-15 1e-20
6346.5 1.67129e-15 1e-20
6348.0 1.6620501e-15 1e-20
6349.5 1.73064e-15 1e-20
6351.0 1.7509399e-15 1e-20
6352.5 1.73212e-15 1e-20
6354.0 1.73489e-15 1e-20
6355.5 1.70689e-15 1e-20
6357.0 1.70252e-15 1e-20
6358.5 1.71427e-15 1e-20
6360.0 1.7247e-15 1e-20
6361.5 1.7433799e-15 1e-20
6363.0 1.72656e-15 1e-20
6364.5 1.71991e-15 1e-20
6366.0 1.71044e-15 1e-20
6367.5 1.68404e-15 1e-20
6369.0 1.68734e-15 1e-20
6370.5 1.69862e-15 1e-20
6372.0 1.70197e-15 1e-20
6373.5 1.6669299e-15 1e-20
6375.0 1.67459e-15 1e-20
6376.5 1.7558e-15 1e-20
6378.0 1.7808e-15 1e-20
6379.5 1.7127e-15 1e-20
6381.0 1.64916e-15 1e-20
6382.5 1.60325e-15 1e-20
6384.0 1.6138099e-15 1e-20
6385.5 1.57977e-15 1e-20
6387.0 1.6513899e-15 1e-20
6388.5 1.67772e-15 1e-20
6390.0 1.6482e-15 1e-20
6391.5 1.6608699e-15 1e-20
6393.0 1.6592799e-15 1e-20
6394.5 1.6079299e-15 1e-20
6396.0 1.6203801e-15 1e-20
6397.5 1.64118e-15 1e-20
6399.0 1.54688e-15 1e-20
6400.5 1.58546e-15 1e-20
6402.0 1.58689e-15 1e-20
6403.5 1.6051399e-15 1e-20
6405.0 1.6007e-15 1e-20
6406.5 1.63868e-15 1e-20
6408.0 1.6660301e-15 1e-20
6409.5 1.60501e-15 1e-20
6411.0 1.60097e-15 1e-20
6412.5 1.57602e-15 1e-20
6414.0 1.58247e-15 1e-20
6415.5 1.62208e-15 1e-20
6417.0 1.6366301e-15 1e-20
6418.5 1.6227501e-15 1e-20
6420.0 1.64889e-15 1e-20
6421.5 1.66044e-15 1e-20
6423.0 1.67794e-15 1e-20
6424.5 1.65976e-15 1e-20
6426.0 1.6481001e-15 1e-20
6427.5 1.66112e-15 1e-20
6429.0 1.6472501e-15 1e-20
6430.5 1.67002e-15 1e-20
6432.0 1.70902e-15 1e-20
6433.5 1.6937799e-15 1e-20
6435.0 1.6914901e-15 1e-20
6436.5 1.66734e-15 1e-20
6438.0 1.61997e-15 1e-20
6439.5 1.59715e-15 1e-20
6441.0 1.6129e-15 1e-20
6442.5 1.63915e-15 1e-20
6444.0 1.6083501e-15 1e-20
6445.5 1.63788e-15 1e-20
6447.0 1.67051e-15 1e-20
6448.5 1.66984e-15 1e-20
6450.0 1.65274e-15 1e-20
6451.5 1.6317399e-15 1e-20
6453.0 1.64079e-15 1e-20
6454.5 1.64987e-15 1e-20
6456.0 1.66332e-15 1e-20
6457.5 1.64303e-15 1e-20
6459.0 1.6318299e-15 1e-20
6460.5 1.6731499e-15 1e-20
6462.0 1.64256e-15 1e-20
6463.5 1.6157399e-15 1e-20
6465.0 1.6577899e-15 1e-20
6466.5 1.6518801e-15 1e-20
6468.0 1.70918e-15 1e-20
6469.5 1.6759599e-15 1e-20
6471.0 1.61619e-15 1e-20
6472.5 1.59313e-15 1e-20
6474.0 1.6604199e-15 1e-20
6475.5 1.68269e-15 1e-20
6477.0 1.64262e-15 1e-20
6478.5 1.62475e-15 1e-20
6480.0 1.67067e-15 1e-20
6481.5 1.64165e-15 1e-20
6483.0 1.60914e-15 1e-20
6484.5 1.6491099e-15 1e-20
6486.0 1.66671e-15 1e-20
6487.5 1.6411001e-15 1e-20
6489.0 1.65301e-15 1e-20
6490.5 1.6646201e-15 1e-20
6492.0 1.63844e-15 1e-20
6493.5 1.63484e-15 1e-20
6495.0 1.62605e-15 1e-20
6496.5 1.6201399e-15 1e-20
6498.0 1.61572e-15 1e-20
6499.5 1.60854e-15 1e-20
6501.0 1.60978e-15 1e-20
6502.5 1.5980999e-15 1e-20
6504.0 1.59191e-15 1e-20
6505.5 1.58083e-15 1e-20
6507.0 1.60298e-15 1e-20
6508.5 1.64511e-15 1e-20
6510.0 1.63158e-15 1e-20
6511.5 1.58469e-15 1e-20
6513.0 1.58431e-15 1e-20
6514.5 1.5986901e-15 1e-20
6516.0 1.60486e-15 1e-20
6517.5 1.61217e-15 1e-20
6519.0 1.6052001e-15 1e-20
6520.5 1.61554e-15 1e-20
6522.0 1.6192e-15 1e-20
6523.5 1.6517299e-15 1e-20
6525.0 1.66307e-15 1e-20
6526.5 1.6316299e-15 1e-20
6528.0 1.60691e-15 1e-20
6529.5 1.60137e-15 1e-20
6531.0 1.5973001e-15 1e-20
6532.5 1.57917e-15 1e-20
6534.0 1.6033699e-15 1e-20
6535.5 1.5593099e-15 1e-20
6537.0 1.58044e-15 1e-20
6538.5 1.6187201e-15 1e-20
6540.0 1.62124e-15 1e-20
6541.5 1.5920101e-15 1e-20
6543.0 1.5197601e-15 1e-20
6544.5 1.5920101e-15 1e-20
6546.0 1.64881e-15 1e-20
6547.5 1.5642701e-15 1e-20
6549.0 1.50729e-15 1e-20
6550.5 1.52259e-15 1e-20
6552.0 1.56467e-15 1e-20
6553.5 1.6379e-15 1e-20
6555.0 1.61332e-15 1e-20
6556.5 1.52342e-15 1e-20
6558.0 1.51029e-15 1e-20
6559.5 1.52836e-15 1e-20
6561.0 1.53465e-15 1e-20
6562.5 1.56239e-15 1e-20
6564.0 1.5707001e-15 1e-20
6565.5 1.6318501e-15 1e-20
6567.0 1.64304e-15 1e-20
6568.5 1.5904e-15 1e-20
6570.0 1.54611e-15 1e-20
6571.5 1.5737799e-15 1e-20
6573.0 1.62444e-15 1e-20
6574.5 1.6028101e-15 1e-20
6576.0 1.57321e-15 1e-20
6577.5 1.5628601e-15 1e-20
6579.0 1.56329e-15 1e-20
6580.5 1.5768301e-15 1e-20
6582.0 1.5661201e-15 1e-20
6583.5 1.5772e-15 1e-20
6585.0 1.54505e-15 1e-20
6586.5 1.55451e-15 1e-20
6588.0 1.6188801e-15 1e-20
6589.5 1.62982e-15 1e-20
6591.0 1.59113e-15 1e-20
6592.5 1.55348e-15 1e-20
6594.0 1.55701e-15 1e-20
6595.5 1.5154299e-15 1e-20
6597.0 1.54792e-15 1e-20
6598.5 1.52747e-15 1e-20
6600.0 1.4934601e-15 1e-20
6601.5 1.5354e-15 1e-20
6603.0 1.55521e-15 1e-20
6604.5 1.5638e-15 1e-20
6606.0 1.50596e-15 1e-20
6607.5 1.5201401e-15 1e-20
6609.0 1.5428e-15 1e-20
6610.5 1.56084e-15 1e-20
6612.0 1.53513e-15 1e-20
6613.5 1.49619e-15 1e-20
6615.0 1.53466e-15 1e-20
6616.5 1.54372e-15 1e-20
6618.0 1.5702899e-15 1e-20
6619.5 1.53698e-15 1e-20
6621.0 1.5034699e-15 1e-20
6622.5 1.5391801e-15 1e-20
6624.0 1.5166e-15 1e-20
6625.5 1.49557e-15 1e-20
6627.0 1.46373e-15 1e-20
6628.5 1.5207401e-15 1e-20
6630.0 1.54689e-15 1e-20
6631.5 1.49273e-15 1e-20
6633.0 1.47768e-15 1e-20
6634.5 1.52677e-15 1e-20
6636.0 1.55156e-15 1e-20
6637.5 1.47517e-15 1e-20
6639.0 1.42753e-15 1e-20
6640.5 1.42304e-15 1e-20
6642.0 1.4340399e-15 1e-20
6643.5 1.4528e-15 1e-20
6645.0 1.4994201e-15 1e-20
6646.5 1.4850001e-15 1e-20
6648.0 1.47667e-15 1e-20
6649.5 1.4928201e-15 1e-20
6651.0 1.49116e-15 1e-20
6652.5 1.48857e-15 1e-20
6654.0 1.4719e-15 1e-20
6655.5 1.4592201e-15 1e-20
6657.0 1.46545e-15 1e-20
6658.5 1.45859e-15 1e-20
6660.0 1.47424e-15 1e-20
6661.5 1.48212e-15 1e-20
6663.0 1.4356199e-15 1e-20
6664.5 1.4742901e-15 1e-20
6666.0 1.47503e-15 1e-20
6667.5 1.4767e-15 1e-20
6669.0 1.5029401e-15 1e-20
6670.5 1.45672e-15 1e-20
6672.0 1.46632e-15 1e-20
6673.5 1.46981e-15 1e-20
6675.0 1.3988201e-15 1e-20
6676.5 1.4613201e-15 1e-20
6678.0 1.4779e-15 1e-20
6679.5 1.47134e-15 1e-20
6681.0 1.45138e-15 1e-20
6682.5 1.3665e-15 1e-20
6684.0 1.3928099e-15 1e-20
6685.5 1.4499701e-15 1e-20
6687.0 1.4297301e-15 1e-20
6688.5 1.3947999e-15 1e-20
6690.0 1.3785401e-15 1e-20
6691.5 1.3765101e-15 1e-20
6693.0 1.36883e-15 1e-20
6694.5 1.4046399e-15 1e-20
6696.0 1.4478901e-15 1e-20
6697.5 1.40255e-15 1e-20
6699.0 1.38468e-15 1e-20
6700.5 1.39582e-15 1e-20
6702.0 1.4300099e-15 1e-20
6703.5 1.42906e-15 1e-20
6705.0 1.4120801e-15 1e-20
6706.5 1.36998e-15 1e-20
6708.0 1.3465199e-15 1e-20
6709.5 1.36815e-15 1e-20
6711.0 1.41226e-15 1e-20
6712.5 1.3814301e-15 1e-20
6714.0 1.38295e-15 1e-20
6715.5 1.42309e-15 1e-20
6717.0 1.38719e-15 1e-20
6718.5 1.38532e-15 1e-20
6720.0 1.40045e-15 1e-20
6721.5 1.38995e-15 1e-20
6723.0 1.3867901e-15 1e-20
6724.5 1.4245e-15 1e-20
6726.0 1.4280601e-15 1e-20
6727.5 1.3757301e-15 1e-20
6729.0 1.36331e-15 1e-20
6730.5 1.38808e-15 1e-20
6732.0 1.3816101e-15 1e-20
6733.5 1.35024e-15 1e-20
6735.0 1.35236e-15 1e-20
6736.5 1.376e-15 1e-20
6738.0 1.4059101e-15 1e-20
6739.5 1.4139301e-15 1e-20
6741.0 1.36011e-15 1e-20
6742.5 1.3097399e-15 1e-20
6744.0 1.34248e-15 1e-20
6745.5 1.3876801e-15 1e-20
6747.0 1.37975e-15 1e-20
6748.5 1.36521e-15 1e-20
6750.0 1.34454e-15 1e-20
6751.5 1.3691501e-15 1e-20
6753.0 1.3559099e-15 1e-20
6754.5 1.2905e-15 1e-20
6756.0 1.29134e-15 1e-20
6757.5 1.2901999e-15 1e-20
6759.0 1.35243e-15 1e-20
6760.5 1.32917e-15 1e-20
6762.0 1.33647e-15 1e-20
6763.5 1.40632e-15 1e-20
6765.0 1.37334e-15 1e-20
6766.5 1.33141e-15 1e-20
6768.0 1.33435e-15 1e-20
6769.5 1.3120199e-15 1e-20
6771.0 1.3153e-15 1e-20
6772.5 1.32658e-15 1e-20
6774.0 1.306e-15 1e-20
6775.5 1.28297e-15 1e-20
6777.0 1.26389e-15 1e-20
6778.5 1.2939599e-15 1e-20
6780.0 1.30309e-15 1e-20
6781.5 1.26587e-15 1e-20
6783.0 1.26942e-15 1e-20
6784.5 1.30802e-15 1e-20
6786.0 1.29897e-15 1e-20
6787.5 1.26791e-15 1e-20
6789.0 1.2617199e-15 1e-20
6790.5 1.27661e-15 1e-20
6792.0 1.2632101e-15 1e-20
6793.5 1.27773e-15 1e-20
6795.0 1.29135e-15 1e-20
6796.5 1.26309e-15 1e-20
6798.0 1.2700501e-15 1e-20
6799.5 1.27554e-15 1e-20
6801.0 1.26178e-15 1e-20
6802.5 1.2664599e-15 1e-20
6804.0 1.2767299e-15 1e-20
6805.5 1.2620799e-15 1e-20
6807.0 1.2305799e-15 1e-20
6808.5 1.26046e-15 1e-20
6810.0 1.25387e-15 1e-20
6811.5 1.26983e-15 1e-20
6813.0 1.2371401e-15 1e-20
6814.5 1.2625999e-15 1e-20
6816.0 1.2899999e-15 1e-20
6817.5 1.25824e-15 1e-20
6819.0 1.21891e-15 1e-20
6820.5 1.17935e-15 1e-20
6822.0 1.22188e-15 1e-20
6823.5 1.2147799e-15 1e-20
6825.0 1.1744699e-15 1e-20
6826.5 1.24842e-15 1e-20
6828.0 1.24531e-15 1e-20
6829.5 1.18461e-15 1e-20
6831.0 1.17436e-15 1e-20
6832.5 1.25033e-15 1e-20
6834.0 1.24271e-15 1e-20
6835.5 1.17682e-15 1e-20
6837.0 1.22644e-15 1e-20
6838.5 1.22299e-15 1e-20
6840.0 1.2449101e-15 1e-20
6841.5 1.1944701e-15 1e-20
6843.0 1.20073e-15 1e-20
6844.5 1.1806801e-15 1e-20
6846.0 1.15301e-15 1e-20
6847.5 1.18817e-15 1e-20
6849.0 1.19183e-15 1e-20
6850.5 1.2107901e-15 1e-20
6852.0 1.2611e-15 1e-20
6853.5 1.28378e-15 1e-20
6855.0 1.2493599e-15 1e-20
6856.5 1.22545e-15 1e-20
6858.0 1.21297e-15 1e-20
6859.5 1.18633e-15 1e-20
6861.0 1.22952e-15 1e-20
6862.5 1.24711e-15 1e-20
6864.0 1.23986e-15 1e-20
6865.5 1.21611e-15 1e-20
6867.0 1.1424101e-15 1e-20
6868.5 1.14255e-15 1e-20
6870.0 1.2094701e-15 1e-20
6871.5 1.15578e-15 1e-20
6873.0 1.1134401e-15 1e-20
6874.5 1.1342301e-15 1e-20
6876.0 1.20154e-15 1e-20
6877.5 1.20603e-15 1e-20
6879.0 1.1296701e-15 1e-20
6880.5 1.11036e-15 1e-20
6882.0 1.16912e-15 1e-20
6883.5 1.18307e-15 1e-20
6885.0 1.2635301e-15 1e-20
6886.5 1.2193e-15 1e-20
6888.0 1.15228e-15 1e-20
6889.5 1.1727299e-15 1e-20
6891.0 1.2147501e-15 1e-20
6892.5 1.20418e-15 1e-20
6894.0 1.23886e-15 1e-20
6895.5 1.21201e-15 1e-20
6897.0 1.1201901e-15 1e-20
6898.5 1.1376299e-15 1e-20
6900.0 1.2225799e-15 1e-20
6901.5 1.18217e-15 1e-20
6903.0 1.15334e-15 1e-20
6904.5 1.24014e-15 1e-20
6906.0 1.2076401e-15 1e-20
6907.5 1.21503e-15 1e-20
6909.0 1.26806e-15 1e-20
6910.5 1.17472e-15 1e-20
6912.0 1.15451e-15 1e-20
6913.5 1.1945401e-15 1e-20
6915.0 1.13139e-15 1e-20
6916.5 1.1095001e-15 1e-20
6918.0 1.16091e-15 1e-20
6919.5 1.18387e-15 1e-20
6921.0 1.1671899e-15 1e-20
6922.5 1.1838501e-15 1e-20
6924.0 1.18514e-15 1e-20
6925.5 1.12634e-15 1e-20
6927.0 1.0791901e-15 1e-20
6928.5 1.1027599e-15 1e-20
6930.0 1.16527e-15 1e-20
6931.5 1.19449e-15 1e-20
6933.0 1.15662e-15 1e-20
6934.5 1.11996e-15 1e-20
6936.0 1.11728e-15 1e-20
6937.5 1.16528e-15 1e-20
6939.0 1.16449e-15 1e-20
6940.5 1.13348e-15 1e-20
6942.0 1.1962201e-15 1e-20
6943.5 1.2139601e-15 1e-20
6945.0 1.16718e-15 1e-20
6946.5 1.16139e-15 1e-20
6948.0 1.1623301e-15 1e-20
6949.5 1.1539001e-15 1e-20
6951.0 1.1232001e-15 1e-20
6952.5 1.11816e-15 1e-20
6954.0 1.15934e-15 1e-20
6955.5 1.13248e-15 1e-20
6957.0 1.0939699e-15 1e-20
6958.5 1.1220699e-15 1e-20
6960.0 1.1420999e-15 1e-20
6961.5 1.1640001e-15 1e-20
6963.0 1.16084e-15 1e-20
6964.5 1.11138e-15 1e-20
6966.0 1.14948e-15 1e-20
6967.5 1.1761001e-15 1e-20
6969.0 1.1675399e-15 1e-20
6970.5 1.18698e-15 1e-20
6972.0 1.0691e-15 1e-20
6973.5 1.0702799e-15 1e-20
6975.0 1.09695e-15 1e-20
6976.5 1.08652e-15 1e-20
6978.0 1.09074e-15 1e-20
6979.5 1.08942e-15 1e-20
6981.0 1.06962e-15 1e-20
6982.5 1.11954e-15 1e-20
6984.0 1.10105e-15 1e-20
6985.5 1.11145e-15 1e-20
6987.0 1.14026e-15 1e-20
6988.5 1.11519e-15 1e-20
6990.0 1.12069e-15 1e-20
6991.5 1.1116001e-15 1e-20
6993.0 1.07596e-15 1e-20
6994.5 1.0686899e-15 1e-20
6996.0 1.10202e-15 1e-20
6997.5 1.1023999e-15 1e-20
6999.0 1.07659e-15 1e-20
7000.5 1.10205e-15 1e-20
7002.0 1.1182801e-15 1e-20
7003.5 1.1012501e-15 1e-20
7005.0 1.11016e-15 1e-20
7006.5 1.14479e-15 1e-20
7008.0 1.10619e-15 1e-20
7009.5 1.06339e-15 1e-20
7011.0 1.0671099e-15 1e-20
7012.5 1.09749e-15 1e-20
7014.0 1.07101e-15 1e-20
7015.5 1.06432e-15 1e-20
7017.0 1.12109e-15 1e-20
7018.5 1.14536e-15 1e-20
7020.0 1.0880801e-15 1e-20
7021.5 1.03476e-15 1e-20
7023.0 1.06244e-15 1e-20
7024.5 1.0687501e-15 1e-20
7026.0 1.07602e-15 1e-20
7027.5 1.0590201e-15 1e-20
7029.0 1.03592e-15 1e-20
7030.5 1.0733e-15 1e-20
7032.0 1.0293601e-15 1e-20
7033.5 1.0457999e-15 1e-20
7035.0 1.0085501e-15 1e-20
7036.5 1.03038e-15 1e-20
7038.0 1.01062e-15 1e-20
7039.5 1.0034799e-15 1e-20
7041.0 1.02664e-15 1e-20
7042.5 1.03934e-15 1e-20
7044.0 1.02615e-15 1e-20
7045.5 1.10974e-15 1e-20
7047.0 1.0376101e-15 1e-20
7048.5 9.9150596e-16 1e-20
7050.0 9.6719802e-16 1e-20
7051.5 9.7839399e-16 1e-20
7053.0 1.0219e-15 1e-20
7054.5 1.05623e-15 1e-20
7056.0 9.8901197e-16 1e-20
7057.5 9.8640004e-16 1e-20
7059.0 1.05291e-15 1e-20
7060.5 1.05212e-15 1e-20
7062.0 1.04665e-15 1e-20
7063.5 1.03169e-15 1e-20
7065.0 1.03222e-15 1e-20
7066.5 1.01668e-15 1e-20
7068.0 1.0049501e-15 1e-20
7069.5 1.0061199e-15 1e-20
7071.0 9.8189594e-16 1e-20
7072.5 9.8882594e-16 1e-20
7074.0 1.00205e-15 1e-20
7075.5 1.0512701e-15 1e-20
7077.0 1.05888e-15 1e-20
7078.5 1.0478999e-15 1e-20
7080.0 1.04405e-15 1e-20
7081.5 1.01808e-15 1e-20
7083.0 1.0287301e-15 1e-20
7084.5 1.04989e-15 1e-20
7086.0 1.02926e-15 1e-20
7087.5 9.9072499e-16 1e-20
7089.0 1.0097899e-15 1e-20
7090.5 1.0270801e-15 1e-20
7092.0 1.00839e-15 1e-20
7093.5 1.00377e-15 1e-20
7095.0 1.00771e-15 1e-20
7096.5 1.01221e-15 1e-20
7098.0 1.02731e-15 1e-20
7099.5 1.0224399e-15 1e-20
7101.0 1.0700299e-15 1e-20
7102.5 1.0742001e-15 1e-20
7104.0 1.0947799e-15 1e-20
7105.5 1.0340399e-15 1e-20
7107.0 1.0308e-15 1e-20
7108.5 1.03537e-15 1e-20
7110.0 1.0044301e-15 1e-20
7111.5 1.0466201e-15 1e-20
7113.0 9.5866194e-16 1e-20
7114.5 1.04145e-15 1e-20
7116.0 1.03911e-15 1e-20
7117.5 9.8372797e-16 1e-20
7119.0 1.0405199e-15 1e-20
7120.5 1.09657e-15 1e-20
7122.0 9.7489797e-16 1e-20
7123.5 1.03129e-15 1e-20
7125.0 1.09824e-15 1e-20
7126.5 1.0642101e-15 1e-20
7128.0 1.02017e-15 1e-20
7129.5 1.0786e-15 1e-20
7131.0 1.09561e-15 1e-20
7132.5 1.0430699e-15 1e-20
7134.0 1.07795e-15 1e-20
7135.5 1.09932e-15 1e-20
7137.0 1.05368e-15 1e-20
7138.5 1.08059e-15 1e-20
7140.0 1.0632e-15 1e-20
7141.5 1.07981e-15 1e-20
7143.0 1.12719e-15 1e-20
7144.5 1.14945e-15 1e-20
7146.0 1.1310101e-15 1e-20
7147.5 1.12007e-15 1e-20
7149.0 1.10469e-15 1e-20
7150.5 1.08492e-15 1e-20
7152.0 1.0771399e-15 1e-20
7153.5 1.02536e-15 1e-20
7155.0 9.9318996e-16 1e-20
7156.5 9.8632296e-16 1e-20
7158.0 1.0017999e-15 1e-20
7159.5 1.05727e-15 1e-20
7161.0 1.0840201e-15 1e-20
7162.5 1.0945501e-15 1e-20
7164.0 1.05007e-15 1e-20
7165.5 1.05883e-15 1e-20
7167.0 1.05778e-15 1e-20
7168.5 1.0362701e-15 1e-20
7170.0 1.07671e-15 1e-20
7171.5 1.09664e-15 1e-20
7173.0 1.09673e-15 1e-20
7174.5 1.10777e-15 1e-20
7176.0 1.13001e-15 1e-20
7177.5 1.13491e-15 1e-20
7179.0 1.11636e-15 1e-20
7180.5 1.09782e-15 1e-20
7182.0 1.07927e-15 1e-20
7183.5 1.07927e-15 1e-20
7185.0 1.05697e-15 1e-20
7186.5 1.07901e-15 1e-20
7188.0 1.07154e-15 1e-20
7189.5 1.0859801e-15 1e-20
7191.0 1.06501e-15 1e-20
7192.5 1.08552e-15 1e-20
7194.0 1.0980801e-15 1e-20
7195.5 1.0154801e-15 1e-20
7197.0 1.02161e-15 1e-20
7198.5 1.0667401e-15 1e-20
7200.0 1.07667e-15 1e-20
7201.5 1.07339e-15 1e-20
7203.0 1.10121e-15 1e-20
7204.5 1.04847e-15 1e-20
7206.0 9.9423499e-16 1e-20
7207.5 1.0211601e-15 1e-20
7209.0 1.05786e-15 1e-20
7210.5 1.05896e-15 1e-20
7212.0 1.0305999e-15 1e-20
7213.5 1.06295e-15 1e-20
7215.0 1.09026e-15 1e-20
7216.5 1.0991599e-15 1e-20
7218.0 1.12309e-15 1e-20
7219.5 1.1070499e-15 1e-20
7221.0 1.0896501e-15 1e-20
7222.5 1.0704401e-15 1e-20
7224.0 1.04397e-15 1e-20
7225.5 1.05696e-15 1e-20
7227.0 1.0598e-15 1e-20
7228.5 1.03203e-15 1e-20
7230.0 1.0305299e-15 1e-20
7231.5 1.06268e-15 1e-20
7233.0 1.1073801e-15 1e-20
7234.5 1.11918e-15 1e-20
7236.0 1.11159e-15 1e-20
7237.5 1.1639399e-15 1e-20
7239.0 1.13844e-15 1e-20
7240.5 1.02631e-15 1e-20
7242.0 9.1321894e-16 1e-20
7243.5 9.9047904e-16 1e-20
7245.0 1.07036e-15 1e-20
7246.5 1.0397101e-15 1e-20
7248.0 9.9050603e-16 1e-20
7249.5 9.6835803e-16 1e-20
7251.0 1.01931e-15 1e-20
7252.5 9.7092697e-16 1e-20
7254.0 9.19761e-16 1e-20
7255.5 9.7498606e-16 1e-20
7257.0 1.02254e-15 1e-20
7258.5 1.0818e-15 1e-20
7260.0 1.0397101e-15 1e-20
7261.5 9.9805098e-16 1e-20
7263.0 1.02499e-15 1e-20
7264.5 1.0290299e-15 1e-20
7266.0 1.04179e-15 1e-20
7267.5 1.06125e-15 1e-20
7269.0 1.03307e-15 1e-20
7270.5 1.0075099e-15 1e-20
7272.0 9.5202205e-16 1e-20
7273.5 9.2242301e-16 1e-20
7275.0 9.5371198e-16 1e-20
7276.5 9.6185398e-16 1e-20
7278.0 9.6550999e-16 1e-20
7279.5 9.7091596e-16 1e-20
7281.0 9.7222399e-16 1e-20
7282.5 9.7728004e-16 1e-20
7284.0 9.6880304e-16 1e-20
7285.5 9.51652e-16 1e-20
7287.0 9.5870005e-16 1e-20
7288.5 9.9447798e-16 1e-20
7290.0 1.02749e-15 1e-20
7291.5 1.00948e-15 1e-20
7293.0 1.00114e-15 1e-20
7294.5 1.0286601e-15 1e-20
7296.0 1.02904e-15 1e-20
7297.5 9.8795297e-16 1e-20
7299.0 9.30192e-16 1e-20
7300.5 9.2064297e-16 1e-20
7302.0 9.5292805e-16 1e-20
7303.5 9.1808196e-16 1e-20
7305.0 9.1787603e-16 1e-20
7306.5 9.6974102e-16 1e-20
7308.0 9.5693198e-16 1e-20
7309.5 9.32065e-16 1e-20
7311.0 9.36481e-16 1e-20
7312.5 9.6038501e-16 1e-20
7314.0 9.1936098e-16 1e-20
7315.5 9.3235998e-16 1e-20
7317.0 9.5363406e-16 1e-20
7318.5 9.1363801e-16 1e-20
7320.0 9.3818407e-16 1e-20
7321.5 9.7264095e-16 1e-20
7323.0 1.0176099e-15 1e-20
7324.5 9.7268594e-16 1e-20
7326.0 9.3100801e-16 1e-20
7327.5 9.89043e-16 1e-20
7329.0 9.7774601e-16 1e-20
7330.5 9.2905697e-16 1e-20
7332.0 9.9169802e-16 1e-20
7333.5 9.9832605e-16 1e-20
7335.0 9.5727905e-16 1e-20
7336.5 9.0583196e-16 1e-20
7338.0 9.0988999e-16 1e-20
7339.5 9.3542401e-16 1e-20
7341.0 9.4359799e-16 1e-20
7342.5 9.06173e-16 1e-20
7344.0 9.5325003e-16 1e-20
7345.5 9.5090004e-16 1e-20
7347.0 9.26673e-16 1e-20
7348.5 9.2777096e-16 1e-20
7350.0 9.6470605e-16 1e-20
7351.5 9.0826602e-16 1e-20
7353.0 8.8776999e-16 1e-20
7354.5 9.2807198e-16 1e-20
7356.0 9.22666e-16 1e-20
7357.5 9.2539694e-16 1e-20
7359.0 9.4564908e-16 1e-20
7360.5 9.4767497e-16 1e-20
7362.0 9.2330096e-16 1e-20
7363.5 9.19399e-16 1e-20
7365.0 9.0287105e-16 1e-20
7366.5 9.08968e-16 1e-20
7368.0 9.3363402e-16 1e-20
7369.5 9.3607602e-16 1e-20
7371.0 9.1248001e-16 1e-20
7372.5 9.0421e-16 1e-20
7374.0 8.81014e-16 1e-20
7375.5 8.82388e-16 1e-20
7377.0 8.7755101e-16 1e-20
7378.5 8.8864302e-16 1e-20
7380.0 8.9164702e-16 1e-20
7381.5 8.9784995e-16 1e-20
7383.0 9.1287102e-16 1e-20
7384.5 8.8447302e-16 1e-20
7386.0 8.9533193e-16 1e-20
7387.5 9.2045302e-16 1e-20
7389.0 8.8953801e-16 1e-20
7390.5 8.43677e-16 1e-20
7392.0 8.6139201e-16 1e-20
7393.5 9.0044197e-16 1e-20
7395.0 9.4323503e-16 1e-20
7396.5 8.5452702e-16 1e-20
7398.0 8.2252701e-16 1e-20
7399.5 8.5637101e-16 1e-20
7401.0 7.9845296e-16 1e-20
7402.5 7.8232699e-16 1e-20
7404.0 8.3195502e-16 1e-20
7405.5 7.9377903e-16 1e-20
7407.0 8.2334901e-16 1e-20
7408.5 8.9311397e-16 1e-20
7410.0 8.97451e-16 1e-20
7411.5 8.6736603e-16 1e-20
7413.0 8.5259404e-16 1e-20
7414.5 8.4206404e-16 1e-20
7416.0 8.7129499e-16 1e-20
7417.5 8.4812101e-16 1e-20
7419.0 8.1130203e-16 1e-20
7420.5 8.0835599e-16 1e-20
7422.0 8.33725e-16 1e-20
7423.5 8.1534396e-16 1e-20
7425.0 7.9868801e-16 1e-20
7426.5 8.4737097e-16 1e-20
7428.0 8.3937699e-16 1e-20
7429.5 8.27465e-16 1e-20
7431.0 8.1289e-16 1e-20
7432.5 8.02341e-16 1e-20
7434.0 7.91584e-16 1e-20
7435.5 7.9813405e-16 1e-20
7437.0 7.93655e-16 1e-20
7438.5 7.8082504e-16 1e-20
7440.0 7.8331002e-16 1e-20
7441.5 8.1915498e-16 1e-20
7443.0 8.1793398e-16 1e-20
7444.5 7.9572202e-16 1e-20
7446.0 8.0206799e-16 1e-20
7447.5 8.1667402e-16 1e-20
7449.0 8.1097401e-16 1e-20
7450.5 8.0546401e-16 1e-20
7452.0 8.1145301e-16 1e-20
7453.5 8.26171e-16 1e-20
7455.0 8.20923e-16 1e-20
7456.5 8.0527105e-16 1e-20
7458.0 7.8004302e-16 1e-20
7459.5 7.7678104e-16 1e-20
7461.0 7.3901899e-16 1e-20
7462.5 7.5823303e-16 1e-20
7464.0 7.7455996e-16 1e-20
7465.5 7.8948299e-16 1e-20
7467.0 7.99527e-16 1e-20
7468.5 8.20897e-16 1e-20
7470.0 8.1478603e-16 1e-20
7471.5 7.8683103e-16 1e-20
7473.0 8.06502e-16 1e-20
7474.5 7.5486099e-16 1e-20
7476.0 8.2033701e-16 1e-20
7477.5 8.1536101e-16 1e-20
7479.0 7.9053701e-16 1e-20
7480.5 7.4221701e-16 1e-20
7482.0 7.7147904e-16 1e-20
7483.5 8.2428e-16 1e-20
7485.0 8.0228801e-16 1e-20
7486.5 8.00188e-16 1e-20
7488.0 7.8380697e-16 1e-20
7489.5 7.4061199e-16 1e-20
7491.0 7.8651101e-16 1e-20
7492.5 8.3630501e-16 1e-20
7494.0 7.8112103e-16 1e-20
7495.5 7.7069199e-16 1e-20
7497.0 7.87938e-16 1e-20
7498.5 7.5984901e-16 1e-20
7500.0 7.5583e-16 1e-20
7501.5 7.59196e-16 1e-20
7503.0 7.6660802e-16 1e-20
7504.5 7.6473803e-16 1e-20
7506.0 7.2482902e-16 1e-20
7507.5 7.6887203e-16 1e-20
7509.0 7.9243797e-16 1e-20
7510.5 7.7299501e-16 1e-20
7512.0 7.4153102e-16 1e-20
7513.5 7.3375796e-16 1e-20
7515.0 7.2704401e-16 1e-20
7516.5 7.4321e-16 1e-20
7518.0 7.2965504e-16 1e-20
7519.5 7.22049e-16 1e-20
7521.0 7.4435e-16 1e-20
7522.5 7.3623199e-16 1e-20
7524.0 7.1048404e-16 1e-20
7525.5 7.6802404e-16 1e-20
7527.0 7.36469e-16 1e-20
7528.5 7.0132703e-16 1e-20
7530.0 7.00055e-16 1e-20
7531.5 6.7470505e-16 1e-20
7533.0 6.7449101e-16 1e-20
7534.5 6.4467604e-16 1e-20
7536.0 6.3789702e-16 1e-20
7537.5 6.3318699e-16 1e-20
7539.0 6.4547299e-16 1e-20
7540.5 6.3172797e-16 1e-20
