3617.160934 -5.046455445e-14 1e-20
3620.101075 3.494784353e-14 1e-20
3623.042719 5.86113852e-14 1e-20
3625.985864 -5.886077885e-14 1e-20
3628.930507 3.217094982e-14 1e-20
3631.876645 1.067658516e-14 1e-20
3634.824276 5.728367479e-14 1e-20
3637.773396 9.359939865e-14 1e-20
3640.724004 5.952988502e-15 1e-20
3643.676097 -5.571623263e-15 1e-20
3646.629672 1.39199347e-14 1e-20
3649.584726 1.446621545e-14 1e-20
3652.541257 -1.721081787e-15 1e-20
3655.499261 2.457542283e-14 1e-20
3658.458738 -3.541372344e-15 1e-20
3661.419683 2.176692051e-15 1e-20
3664.382094 -1.481766631e-14 1e-20
3667.345969 1.246129341e-14 1e-20
3670.311305 -4.835974318e-15 1e-20
3673.278099 5.710645579e-15 1e-20
3676.246349 1.447919368e-16 1e-20
3679.216051 -4.681277217e-15 1e-20
3682.187205 2.391852442e-15 1e-20
3685.159806 -1.377771469e-15 1e-20
3688.133852 -1.008050353e-15 1e-20
3691.109342 -9.457102876e-16 1e-20
3694.086271 -2.18136255e-15 1e-20
3697.064637 1.064867998e-15 1e-20
3700.044439 9.187461959e-16 1e-20
3703.025673 9.561341163e-16 1e-20
3706.008337 2.03510618e-15 1e-20
3708.992427 1.939451946e-15 1e-20
3711.977943 3.468534767e-16 1e-20
3714.96488 -1.704379884e-15 1e-20
3717.953237 -7.445952066e-16 1e-20
3720.943011 -5.272208678e-16 1e-20
3723.934199 1.768979778e-15 1e-20
3726.926799 8.113574867e-16 1e-20
3729.920808 3.01534288e-16 1e-20
3732.916224 3.163033308e-16 1e-20
3735.913044 -1.077580323e-15 1e-20
3738.911266 -9.151470383e-16 1e-20
3741.910887 1.252459294e-15 1e-20
3744.911904 6.881809259e-17 1e-20
3747.914315 2.333376577e-16 1e-20
3750.918118 1.242280983e-16 1e-20
3753.92331 5.019754163e-16 1e-20
3756.929888 -2.551830778e-16 1e-20
3759.93785 2.933479e-16 1e-20
3762.947194 2.600438405e-18 1e-20
3765.957917 2.654578783e-16 1e-20
3768.970016 2.140590341e-16 1e-20
3771.983489 1.392264199e-16 1e-20
3774.998333 -1.020887398e-16 1e-20
3778.014546 1.731722811e-16 1e-20
3781.032126 4.209744077e-17 1e-20
3784.05107 -1.500297424e-16 1e-20
3787.071375 -7.212128305e-17 1e-20
3790.09304 -8.234186701e-17 1e-20
3793.11606 4.792368981e-16 1e-20
3796.140435 5.250751634e-17 1e-20
3799.166162 6.564900187e-17 1e-20
3802.193238 1.236465503e-16 1e-20
3805.22166 2.312241202e-17 1e-20
3808.251427 7.414453537e-17 1e-20
3811.282535 3.186447212e-17 1e-20
3814.314983 -3.976480394e-17 1e-20
3817.348767 9.334973787e-17 1e-20
3820.383886 -1.483190946e-17 1e-20
3823.420337 -4.624086243e-17 1e-20
3826.458118 -1.114236833e-17 1e-20
3829.497225 9.711064232e-17 1e-20
3832.537658 1.194491096e-17 1e-20
3835.579413 3.96085927e-17 1e-20
3838.622487 -1.131843624e-17 1e-20
3841.666879 -1.234968406e-20 1e-20
3844.712586 -5.551428515e-17 1e-20
3847.759606 1.334007281e-17 1e-20
3850.807936 -3.8963638e-17 1e-20
3853.857574 -9.780917656e-19 1e-20
3856.908517 4.457422371e-18 1e-20
3859.960763 3.634355657e-18 1e-20
3863.01431 1.831642265e-17 1e-20
3866.069155 4.071985444e-17 1e-20
3869.125296 1.244127854e-17 1e-20
3872.18273 1.616318273e-17 1e-20
3875.241455 2.531227749e-17 1e-20
3878.30147 2.629792508e-17 1e-20
3881.36277 5.872249497e-18 1e-20
3884.425355 2.597357442e-17 1e-20
3887.489221 -4.994918217e-18 1e-20
3890.554366 1.905423382e-17 1e-20
3893.620788 2.101207277e-17 1e-20
3896.688485 1.169999989e-17 1e-20
3899.757454 1.336134746e-17 1e-20
3902.827693 1.328417974e-17 1e-20
3905.8992 9.199938027e-18 1e-20
3908.971971 1.378280927e-17 1e-20
3912.046006 6.453807765e-18 1e-20
3915.1213 -4.282926632e-18 1e-20
3918.197853 4.012039449e-18 1e-20
3921.275662 2.054388735e-18 1e-20
3924.354725 2.165445484e-17 1e-20
3927.435038 1.434381578e-17 1e-20
3930.516601 9.587235668e-18 1e-20
3933.59941 1.34640338e-17 1e-20
3936.683463 -5.519656981e-18 1e-20
3939.768758 7.167074628e-18 1e-20
3942.855293 4.291004062e-18 1e-20
3945.943066 1.510324616e-17 1e-20
3949.032073 1.663848948e-17 1e-20
3952.122313 6.168383754e-18 1e-20
3955.213783 1.530026025e-17 1e-20
3958.306482 5.216136307e-18 1e-20
3961.400407 1.290017084e-17 1e-20
3964.495555 6.380770459e-18 1e-20
3967.591925 1.180419436e-17 1e-20
3970.689514 1.313938382e-17 1e-20
3973.788319 7.849032403e-18 1e-20
3976.888339 8.81112413e-18 1e-20
3979.989572 1.129609056e-17 1e-20
3983.092014 1.266780549e-17 1e-20
3986.195665 6.543479307e-18 1e-20
3989.30052 1.110689447e-17 1e-20
3992.406579 2.70574128e-17 1e-20
3995.513839 1.487785031e-17 1e-20
3998.622298 1.573695437e-17 1e-20
4001.731954 2.142103331e-17 1e-20
4004.842804 9.924030439e-18 1e-20
4007.954845 1.37777788e-17 1e-20
4011.068077 1.494173542e-17 1e-20
4014.182497 1.458484108e-17 1e-20
4017.298101 2.08673585e-17 1e-20
4020.414889 1.277273853e-17 1e-20
4023.532858 2.419796444e-17 1e-20
4026.652006 2.670692023e-17 1e-20
4029.772331 1.758050368e-17 1e-20
4032.893829 1.598394347e-17 1e-20
4036.0165 5.44052013e-18 1e-20
4039.140341 2.03776054e-17 1e-20
4042.26535 1.302791382e-17 1e-20
4045.391524 2.359620559e-17 1e-20
4048.518862 1.399446807e-17 1e-20
4051.647361 1.647137703e-17 1e-20
4054.777019 1.620403582e-17 1e-20
4057.907833 2.122546929e-17 1e-20
4061.039803 2.599047796e-17 1e-20
4064.172925 2.719372554e-17 1e-20
4067.307197 1.619307874e-17 1e-20
4070.442618 2.764735237e-17 1e-20
4073.579184 2.765747455e-17 1e-20
4076.716895 1.496591322e-17 1e-20
4079.855747 4.247599312e-17 1e-20
4082.995738 2.063199559e-17 1e-20
4086.136868 2.528518947e-17 1e-20
4089.279132 2.356247564e-17 1e-20
4092.422529 2.293121789e-17 1e-20
4095.567058 1.446075389e-17 1e-20
4098.712715 1.577014038e-17 1e-20
4101.859499 2.680912235e-17 1e-20
4105.007408 1.748956254e-17 1e-20
4108.156439 1.585408166e-17 1e-20
4111.306591 1.960308127e-17 1e-20
4114.45786 2.523483283e-17 1e-20
4117.610246 2.180843007e-17 1e-20
4120.763746 2.004452589e-17 1e-20
4123.918358 2.198729564e-17 1e-20
4127.074079 2.20811937e-17 1e-20
4130.230908 2.315453924e-17 1e-20
4133.388843 1.11929261e-17 1e-20
4136.547882 2.097527071e-17 1e-20
4139.708021 2.112615436e-17 1e-20
4142.86926 2.068827033e-17 1e-20
4146.031597 2.312163913e-17 1e-20
4149.195028 2.517357465e-17 1e-20
4152.359553 1.710241497e-17 1e-20
4155.525168 2.583095301e-17 1e-20
4158.691873 2.017606521e-17 1e-20
4161.859664 2.403572625e-17 1e-20
4165.02854 2.386846948e-17 1e-20
4168.198499 3.474344082e-17 1e-20
4171.369538 2.410330446e-17 1e-20
4174.541656 2.694451007e-17 1e-20
4177.714851 3.511834305e-17 1e-20
4180.88912 3.356378416e-17 1e-20
4184.064462 2.695075319e-17 1e-20
4187.240874 2.967550681e-17 1e-20
4190.418354 2.680750438e-17 1e-20
4193.596901 2.605117945e-17 1e-20
4196.776512 2.751380222e-17 1e-20
4199.957185 2.474068346e-17 1e-20
4203.138919 2.414160378e-17 1e-20
4206.321711 3.097965948e-17 1e-20
4209.505559 2.923808915e-17 1e-20
4212.690461 2.267871929e-17 1e-20
4215.876415 2.611893796e-17 1e-20
4219.06342 2.339192312e-17 1e-20
4222.251472 2.457506765e-17 1e-20
4225.440571 1.585955913e-17 1e-20
4228.630714 2.215153394e-17 1e-20
4231.821899 2.079956299e-17 1e-20
4235.014124 1.732522574e-17 1e-20
4238.207387 1.724370485e-17 1e-20
4241.401687 1.994530914e-17 1e-20
4244.597021 9.246828891e-18 1e-20
4247.793387 1.773507059e-17 1e-20
4250.990783 2.351803437e-17 1e-20
4254.189207 1.299945829e-17 1e-20
4257.388657 2.033307027e-17 1e-20
4260.589132 1.98752255e-17 1e-20
4263.79063 1.922337341e-17 1e-20
4266.993147 1.815459891e-17 1e-20
4270.196683 2.686444687e-17 1e-20
4273.401235 1.845817223e-17 1e-20
4276.606802 1.930441531e-17 1e-20
4279.813382 1.727725893e-17 1e-20
4283.020971 1.490438662e-17 1e-20
4286.22957 1.340605439e-17 1e-20
4289.439175 1.583421083e-17 1e-20
4292.649785 1.619899298e-17 1e-20
4295.861398 1.425157272e-17 1e-20
4299.074012 1.55537394e-17 1e-20
4302.287625 1.44254552e-17 1e-20
4305.502234 1.100785743e-17 1e-20
4308.717839 1.118114907e-17 1e-20
4311.934437 1.101388713e-17 1e-20
4315.152026 1.315177739e-17 1e-20
4318.370605 1.257096474e-17 1e-20
4321.590171 1.803044591e-17 1e-20
4324.810722 1.081064673e-17 1e-20
4328.032258 1.049864029e-17 1e-20
4331.254774 1.183043728e-17 1e-20
4334.478271 1.441387104e-17 1e-20
4337.702746 1.566588574e-17 1e-20
4340.928196 1.202636797e-17 1e-20
4344.154621 1.876110325e-17 1e-20
4347.382018 1.83123843e-17 1e-20
4350.610385 1.36900306e-17 1e-20
4353.839721 1.783279632e-17 1e-20
4357.070024 1.690747521e-17 1e-20
4360.301291 1.542573609e-17 1e-20
4363.533521 1.646008167e-17 1e-20
4366.766712 1.720011762e-17 1e-20
4370.000862 1.501747279e-17 1e-20
4373.23597 1.818950742e-17 1e-20
4376.472032 1.871318456e-17 1e-20
4379.709049 2.557298415e-17 1e-20
4382.947017 2.17134992e-17 1e-20
4386.185935 2.516978857e-17 1e-20
4389.4258 2.029698623e-17 1e-20
4392.666612 2.357117401e-17 1e-20
4395.908369 2.809632961e-17 1e-20
4399.151067 2.45056568e-17 1e-20
4402.394707 2.316822777e-17 1e-20
4405.639285 2.982378642e-17 1e-20
4408.8848 2.660689435e-17 1e-20
4412.13125 2.429400798e-17 1e-20
4415.378634 3.215464883e-17 1e-20
4418.626949 3.298383101e-17 1e-20
4421.876194 2.760410408e-17 1e-20
4425.126366 3.595145917e-17 1e-20
4428.377465 3.19590856e-17 1e-20
4431.629488 3.538076082e-17 1e-20
4434.882433 3.512880373e-17 1e-20
4438.136299 3.847380478e-17 1e-20
4441.391084 3.85069992e-17 1e-20
4444.646786 3.38238965e-17 1e-20
4447.903403 3.631512075e-17 1e-20
4451.160933 3.308678765e-17 1e-20
4454.419375 3.828834829e-17 1e-20
4457.678727 3.7560287e-17 1e-20
4460.938987 4.352392168e-17 1e-20
4464.200154 3.879794515e-17 1e-20
4467.462225 4.076411255e-17 1e-20
4470.725198 4.346969782e-17 1e-20
4473.989073 3.676283842e-17 1e-20
4477.253847 3.866723867e-17 1e-20
4480.519518 3.978213779e-17 1e-20
4483.786085 3.762957253e-17 1e-20
4487.053546 4.429123256e-17 1e-20
4490.321899 4.043487603e-17 1e-20
4493.591143 4.305919139e-17 1e-20
4496.861275 3.598692164e-17 1e-20
4500.132294 3.711153405e-17 1e-20
4503.404198 4.019315057e-17 1e-20
4506.676986 3.960306997e-17 1e-20
4509.950655 4.131001999e-17 1e-20
4513.225205 4.193067502e-17 1e-20
4516.500632 4.003604554e-17 1e-20
4519.776937 3.579959961e-17 1e-20
4523.054115 3.509337693e-17 1e-20
4526.332167 3.566176057e-17 1e-20
4529.611091 3.853002357e-17 1e-20
4532.890884 3.707375784e-17 1e-20
4536.171544 3.224853067e-17 1e-20
4539.453071 3.127956116e-17 1e-20
4542.735463 3.256937631e-17 1e-20
4546.018717 2.75426043e-17 1e-20
4549.302832 2.732819836e-17 1e-20
4552.587807 2.991044026e-17 1e-20
4555.873639 3.154328484e-17 1e-20
4559.160327 2.655877419e-17 1e-20
4562.44787 2.919690802e-17 1e-20
4565.736265 3.423305585e-17 1e-20
4569.025511 3.19921067e-17 1e-20
4572.315606 2.893399171e-17 1e-20
4575.606549 2.979038512e-17 1e-20
4578.898338 3.179586769e-17 1e-20
4582.190971 2.710757279e-17 1e-20
4585.484446 3.192730429e-17 1e-20
4588.778762 2.946173577e-17 1e-20
4592.073917 2.945733679e-17 1e-20
4595.36991 3.202552142e-17 1e-20
4598.666739 2.815904642e-17 1e-20
4601.964402 2.990116516e-17 1e-20
4605.262897 3.365995744e-17 1e-20
4608.562223 3.33890448e-17 1e-20
4611.862379 3.074596066e-17 1e-20
4615.163362 3.058559406e-17 1e-20
4618.465171 4.013334905e-17 1e-20
4621.767804 3.24043954e-17 1e-20
4625.07126 2.965545167e-17 1e-20
4628.375537 2.879203883e-17 1e-20
4631.680633 2.817630458e-17 1e-20
4634.986547 2.569356679e-17 1e-20
4638.293277 2.619203028e-17 1e-20
4641.600822 2.755113283e-17 1e-20
4644.90918 2.57528394e-17 1e-20
4648.218348 2.658549002e-17 1e-20
4651.528327 3.136271406e-17 1e-20
4654.839113 2.551551723e-17 1e-20
4658.150706 3.298636508e-17 1e-20
4661.463104 2.851472368e-17 1e-20
4664.776305 3.166026698e-17 1e-20
4668.090307 2.892412705e-17 1e-20
4671.40511 3.368780367e-17 1e-20
4674.720711 3.548192127e-17 1e-20
4678.037109 3.430482927e-17 1e-20
4681.354302 3.263697684e-17 1e-20
4684.672288 3.496615614e-17 1e-20
4687.991067 3.771503862e-17 1e-20
4691.310636 3.453850273e-17 1e-20
4694.630994 3.448914321e-17 1e-20
4697.952139 3.328408344e-17 1e-20
4701.27407 3.707168932e-17 1e-20
4704.596785 3.629888265e-17 1e-20
4707.920283 3.43218111e-17 1e-20
4711.244562 3.687970766e-17 1e-20
4714.56962 3.50257016e-17 1e-20
4717.895456 3.655531435e-17 1e-20
4721.222068 3.557278486e-17 1e-20
4724.549455 3.666113327e-17 1e-20
4727.877616 3.237995622e-17 1e-20
4731.206548 3.559513491e-17 1e-20
4734.53625 3.110718941e-17 1e-20
4737.866721 3.519811908e-17 1e-20
4741.197959 3.657633789e-17 1e-20
4744.529962 3.520036212e-17 1e-20
4747.862729 3.523481082e-17 1e-20
4751.196259 3.661539238e-17 1e-20
4754.530549 3.266673935e-17 1e-20
4757.865599 3.572246963e-17 1e-20
4761.201407 3.339056471e-17 1e-20
4764.537971 3.617842322e-17 1e-20
4767.87529 3.47407955e-17 1e-20
4771.213362 3.162023624e-17 1e-20
4774.552186 3.292520653e-17 1e-20
4777.89176 3.754211045e-17 1e-20
4781.232082 3.666555909e-17 1e-20
4784.573152 3.379014826e-17 1e-20
4787.914968 3.516177267e-17 1e-20
4791.257528 3.769299796e-17 1e-20
4794.600831 3.438621181e-17 1e-20
4797.944875 3.695270272e-17 1e-20
4801.289658 3.186971263e-17 1e-20
4804.63518 3.022888098e-17 1e-20
4807.981438 3.148668012e-17 1e-20
4811.328432 2.992359928e-17 1e-20
4814.67616 3.566732893e-17 1e-20
4818.02462 3.149090594e-17 1e-20
4821.37381 3.389456119e-17 1e-20
4824.72373 3.403064096e-17 1e-20
4828.074378 3.320744496e-17 1e-20
4831.425752 3.56450846e-17 1e-20
4834.777851 3.373233926e-17 1e-20
4838.130674 3.208224315e-17 1e-20
4841.484219 3.580316357e-17 1e-20
4844.838484 3.116758666e-17 1e-20
4848.193468 3.40386587e-17 1e-20
4851.54917 3.389831625e-17 1e-20
4854.905588 3.216965666e-17 1e-20
4858.26272 3.256278754e-17 1e-20
4861.620566 3.150666161e-17 1e-20
4864.979124 3.182890742e-17 1e-20
4868.338392 2.985526143e-17 1e-20
4871.698369 3.072571926e-17 1e-20
4875.059053 2.88534397e-17 1e-20
4878.420444 2.766183086e-17 1e-20
4881.782539 2.980597572e-17 1e-20
4885.145338 3.450015436e-17 1e-20
4888.508838 2.469180076e-17 1e-20
4891.873038 2.857797097e-17 1e-20
4895.237938 2.7834316e-17 1e-20
4898.603535 2.854412997e-17 1e-20
4901.969828 2.835806614e-17 1e-20
4905.336816 2.506366749e-17 1e-20
4908.704497 2.469854674e-17 1e-20
4912.072869 2.578623116e-17 1e-20
4915.441933 2.29137191e-17 1e-20
4918.811685 2.315257419e-17 1e-20
4922.182125 3.04460941e-17 1e-20
4925.553251 2.455742688e-17 1e-20
4928.925062 2.243732674e-17 1e-20
4932.297557 2.224035961e-17 1e-20
4935.670733 2.643386526e-17 1e-20
4939.044591 2.172517418e-17 1e-20
4942.419127 2.296937845e-17 1e-20
4945.794342 2.255902209e-17 1e-20
4949.170233 2.022703134e-17 1e-20
4952.546799 2.295690893e-17 1e-20
4955.924039 2.143278545e-17 1e-20
4959.301951 2.085668552e-17 1e-20
4962.680534 2.67639234e-17 1e-20
4966.059787 1.725971563e-17 1e-20
4969.439708 1.833498994e-17 1e-20
4972.820296 1.761914984e-17 1e-20
4976.20155 2.417331383e-17 1e-20
4979.583468 2.286193702e-17 1e-20
4982.966049 1.995051606e-17 1e-20
4986.349291 1.917945707e-17 1e-20
4989.733193 1.918030792e-17 1e-20
4993.117754 2.268136763e-17 1e-20
4996.502973 1.873868765e-17 1e-20
4999.888848 1.895240678e-17 1e-20
5003.275377 1.820565567e-17 1e-20
5006.66256 1.605111558e-17 1e-20
5010.050395 1.911050699e-17 1e-20
5013.438881 1.945967047e-17 1e-20
5016.828016 1.773105898e-17 1e-20
5020.217799 2.206360268e-17 1e-20
5023.608229 2.140499866e-17 1e-20
5026.999304 2.298605908e-17 1e-20
5030.391024 2.049463399e-17 1e-20
5033.783386 1.867687554e-17 1e-20
5037.17639 2.390532935e-17 1e-20
5040.570034 2.185936255e-17 1e-20
5043.964317 2.143196232e-17 1e-20
5047.359237 2.239929202e-17 1e-20
5050.754793 2.440994167e-17 1e-20
5054.150985 2.650365972e-17 1e-20
5057.54781 2.645046918e-17 1e-20
5060.945267 2.581514471e-17 1e-20
5064.343356 2.333400909e-17 1e-20
5067.742074 2.925315957e-17 1e-20
5071.141421 2.377397893e-17 1e-20
5074.541394 2.594289435e-17 1e-20
5077.941994 2.653992477e-17 1e-20
5081.343218 2.278103465e-17 1e-20
5084.745066 2.606199258e-17 1e-20
5088.147535 2.934645674e-17 1e-20
5091.550625 2.700275238e-17 1e-20
5094.954335 2.709984767e-17 1e-20
5098.358663 3.033918238e-17 1e-20
5101.763608 2.880352853e-17 1e-20
5105.169168 2.847703933e-17 1e-20
5108.575343 3.241037264e-17 1e-20
5111.982131 3.095413008e-17 1e-20
5115.38953 3.07889752e-17 1e-20
5118.797541 3.26189693e-17 1e-20
5122.20616 3.19590716e-17 1e-20
5125.615388 3.287498406e-17 1e-20
5129.025223 3.020598641e-17 1e-20
5132.435663 3.367672231e-17 1e-20
5135.846707 3.385767815e-17 1e-20
5139.258355 3.57253297e-17 1e-20
5142.670604 3.290536356e-17 1e-20
5146.083454 3.818481423e-17 1e-20
5149.496903 3.444597041e-17 1e-20
5152.910951 3.668125157e-17 1e-20
5156.325595 3.855413697e-17 1e-20
5159.740835 3.7055334e-17 1e-20
5163.156669 3.859879741e-17 1e-20
5166.573097 3.663962338e-17 1e-20
5169.990116 4.111289149e-17 1e-20
5173.407727 3.712236531e-17 1e-20
5176.825927 3.712718405e-17 1e-20
5180.244715 3.812999814e-17 1e-20
5183.66409 4.04924133e-17 1e-20
5187.084051 4.071535981e-17 1e-20
5190.504597 3.803292494e-17 1e-20
5193.925726 4.252253526e-17 1e-20
5197.347438 3.86295077e-17 1e-20
5200.769731 4.033317709e-17 1e-20
5204.192603 3.679165492e-17 1e-20
5207.616054 4.005241307e-17 1e-20
5211.040083 4.001054848e-17 1e-20
5214.464688 3.607018729e-17 1e-20
5217.889868 4.279258155e-17 1e-20
5221.315621 4.036449916e-17 1e-20
5224.741948 4.122869391e-17 1e-20
5228.168846 3.983290745e-17 1e-20
5231.596314 4.114236005e-17 1e-20
5235.024352 3.854704688e-17 1e-20
5238.452957 4.037839997e-17 1e-20
5241.882129 3.701765197e-17 1e-20
5245.311867 4.028098971e-17 1e-20
5248.74217 3.982312885e-17 1e-20
5252.173035 3.929125841e-17 1e-20
5255.604463 4.244156681e-17 1e-20
5259.036452 4.095589454e-17 1e-20
5262.469 3.827057847e-17 1e-20
5265.902107 4.166095067e-17 1e-20
5269.335772 3.618556081e-17 1e-20
5272.769992 3.91960244e-17 1e-20
5276.204768 3.537627702e-17 1e-20
5279.640098 3.466659078e-17 1e-20
5283.075981 3.806453703e-17 1e-20
5286.512416 4.062701409e-17 1e-20
5289.949401 3.863756958e-17 1e-20
5293.386935 3.772019831e-17 1e-20
5296.825018 3.823988288e-17 1e-20
5300.263648 3.459344999e-17 1e-20
5303.702824 3.590434817e-17 1e-20
5307.142545 3.234744738e-17 1e-20
5310.582809 3.473581065e-17 1e-20
5314.023616 3.479152596e-17 1e-20
5317.464965 3.084002187e-17 1e-20
5320.906854 3.140052955e-17 1e-20
5324.349282 3.172207621e-17 1e-20
5327.792248 3.414254863e-17 1e-20
5331.235751 3.367851751e-17 1e-20
5334.67979 3.27712505e-17 1e-20
5338.124364 3.297895742e-17 1e-20
5341.569472 3.304194703e-17 1e-20
5345.015112 2.747654524e-17 1e-20
5348.461283 3.062947667e-17 1e-20
5351.907985 3.206183419e-17 1e-20
5355.355216 3.153342379e-17 1e-20
5358.802975 2.818024388e-17 1e-20
5362.251261 2.173108043e-17 1e-20
5365.700073 2.840756814e-17 1e-20
5369.14941 2.529064151e-17 1e-20
5372.599271 2.345602483e-17 1e-20
5376.049654 2.616500965e-17 1e-20
5379.500559 2.467635349e-17 1e-20
5382.951984 2.44659245e-17 1e-20
5386.403929 2.484071903e-17 1e-20
5389.856392 2.212084018e-17 1e-20
5393.309372 2.215090223e-17 1e-20
5396.762868 2.164098858e-17 1e-20
5400.21688 1.934663278e-17 1e-20
5403.671405 2.186434079e-17 1e-20
5407.126443 1.807465085e-17 1e-20
5410.581994 1.967905432e-17 1e-20
5414.038055 1.873903389e-17 1e-20
5417.494625 1.899989598e-17 1e-20
5420.951704 2.026207313e-17 1e-20
5424.409291 1.886384051e-17 1e-20
5427.867385 2.07023704e-17 1e-20
5431.325984 2.0521543e-17 1e-20
5434.785087 2.008952173e-17 1e-20
5438.244694 2.193027874e-17 1e-20
5441.704803 2.229212166e-17 1e-20
5445.165413 1.988277941e-17 1e-20
5448.626524 2.020985584e-17 1e-20
5452.088133 1.852966266e-17 1e-20
5455.550241 1.747111862e-17 1e-20
5459.012846 2.141267062e-17 1e-20
5462.475947 2.011154323e-17 1e-20
5465.939543 2.131894961e-17 1e-20
5469.403633 1.919556142e-17 1e-20
5472.868216 1.456028827e-17 1e-20
5476.333291 1.678599108e-17 1e-20
5479.798857 1.855054594e-17 1e-20
5483.264912 1.420238462e-17 1e-20
5486.731457 1.780963708e-17 1e-20
5490.198489 1.784391267e-17 1e-20
5493.666009 1.66160728e-17 1e-20
5497.134014 1.448578188e-17 1e-20
5500.602503 1.344740104e-17 1e-20
5504.071477 1.36204011e-17 1e-20
5507.540933 1.681611777e-17 1e-20
5511.010871 1.787577731e-17 1e-20
5514.48129 1.791855477e-17 1e-20
5517.952188 1.7317644e-17 1e-20
5521.423565 1.821527249e-17 1e-20
5524.89542 1.698599836e-17 1e-20
5528.367752 1.806076098e-17 1e-20
5531.840559 1.758757405e-17 1e-20
5535.313842 1.687638676e-17 1e-20
5538.787597 1.563415772e-17 1e-20
5542.261826 1.613154225e-17 1e-20
5545.736526 1.836738443e-17 1e-20
5549.211697 2.107890014e-17 1e-20
5552.687338 2.16760165e-17 1e-20
5556.163448 2.07236357e-17 1e-20
5559.640026 2.270996288e-17 1e-20
5563.11707 2.136764965e-17 1e-20
5566.59458 2.085635981e-17 1e-20
5570.072555 2.425021331e-17 1e-20
5573.550995 2.7584072e-17 1e-20
5577.029897 3.090163425e-17 1e-20
5580.509261 2.029693696e-17 1e-20
5583.989086 2.675984114e-17 1e-20
5587.469371 2.277812686e-17 1e-20
5590.950115 2.465872398e-17 1e-20
5594.431317 2.489136173e-17 1e-20
5597.912976 2.267243957e-17 1e-20
5601.395092 2.275937948e-17 1e-20
5604.877663 2.803201734e-17 1e-20
5608.360688 2.397283279e-17 1e-20
5611.844166 2.396825529e-17 1e-20
5615.328097 2.301280795e-17 1e-20
5618.812479 2.608755329e-17 1e-20
5622.297312 2.189171676e-17 1e-20
5625.782594 2.289488265e-17 1e-20
5629.268325 2.278747694e-17 1e-20
5632.754504 2.071319981e-17 1e-20
5636.241129 1.918538351e-17 1e-20
5639.7282 2.406835986e-17 1e-20
5643.215716 2.0734479e-17 1e-20
5646.703676 1.941794203e-17 1e-20
5650.192079 1.899521394e-17 1e-20
5653.680924 1.70668568e-17 1e-20
5657.17021 1.738061792e-17 1e-20
5660.659937 1.747614116e-17 1e-20
5664.150102 1.707725014e-17 1e-20
5667.640706 1.615789176e-17 1e-20
5671.131748 1.588501622e-17 1e-20
5674.623225 1.668383046e-17 1e-20
5678.115139 1.831363939e-17 1e-20
5681.607487 1.364606428e-17 1e-20
5685.100269 1.244281051e-17 1e-20
5688.593484 1.387643989e-17 1e-20
5692.087131 1.443436919e-17 1e-20
5695.581209 1.535875252e-17 1e-20
5699.075717 1.533896576e-17 1e-20
5702.570655 1.614674246e-17 1e-20
5706.06602 1.520541652e-17 1e-20
5709.561814 1.556617715e-17 1e-20
5713.058033 1.804905517e-17 1e-20
5716.554679 1.735000847e-17 1e-20
5720.051749 1.552340486e-17 1e-20
5723.549243 1.739771073e-17 1e-20
5727.04716 1.812675946e-17 1e-20
5730.545499 1.782841687e-17 1e-20
5734.04426 1.64481404e-17 1e-20
5737.543441 1.911719632e-17 1e-20
5741.043041 2.040325759e-17 1e-20
5744.543059 1.809891267e-17 1e-20
5748.043496 1.834933905e-17 1e-20
5751.544349 1.592071223e-17 1e-20
5755.045618 1.638599511e-17 1e-20
5758.547303 1.80064048e-17 1e-20
5762.049401 1.687026508e-17 1e-20
5765.551913 1.832059928e-17 1e-20
5769.054837 1.928091444e-17 1e-20
5772.558173 2.042740018e-17 1e-20
5776.06192 1.805707457e-17 1e-20
5779.566076 1.881931755e-17 1e-20
5783.070642 1.683644164e-17 1e-20
5786.575615 1.705676101e-17 1e-20
5790.080996 1.916588618e-17 1e-20
5793.586784 1.72103416e-17 1e-20
5797.092977 1.762063986e-17 1e-20
5800.599574 1.890059523e-17 1e-20
5804.106576 1.847043192e-17 1e-20
5807.61398 1.989907145e-17 1e-20
5811.121787 2.222821555e-17 1e-20
5814.629995 2.34067444e-17 1e-20
5818.138604 2.136850853e-17 1e-20
5821.647612 1.917035348e-17 1e-20
5825.157019 2.111927509e-17 1e-20
5828.666824 2.323509852e-17 1e-20
5832.177027 2.293383361e-17 1e-20
5835.687625 2.317007766e-17 1e-20
5839.198619 2.467575867e-17 1e-20
5842.710008 2.403614887e-17 1e-20
5846.22179 2.291064557e-17 1e-20
5849.733966 2.204159862e-17 1e-20
5853.246534 2.151189034e-17 1e-20
5856.759493 2.121340613e-17 1e-20
5860.272842 2.280041071e-17 1e-20
5863.786581 2.69664926e-17 1e-20
5867.30071 2.610138593e-17 1e-20
5870.815226 2.490438709e-17 1e-20
5874.330129 2.423278956e-17 1e-20
5877.845419 2.827537664e-17 1e-20
5881.361095 2.414464987e-17 1e-20
5884.877155 2.672481428e-17 1e-20
5888.393599 2.864689008e-17 1e-20
5891.910427 2.753856885e-17 1e-20
5895.427637 2.888928968e-17 1e-20
5898.945229 2.967260687e-17 1e-20
5902.463201 3.016163429e-17 1e-20
5905.981553 2.861199209e-17 1e-20
5909.500285 3.081083933e-17 1e-20
5913.019395 3.157194256e-17 1e-20
5916.538883 3.496369e-17 1e-20
5920.058747 2.996261951e-17 1e-20
5923.578988 2.910878954e-17 1e-20
5927.099603 2.903329937e-17 1e-20
5930.620593 3.34890214e-17 1e-20
5934.141957 3.009462608e-17 1e-20
5937.663694 3.052278832e-17 1e-20
5941.185803 3.27398993e-17 1e-20
5944.708283 3.017224736e-17 1e-20
5948.231134 3.384818179e-17 1e-20
5951.754354 3.205251011e-17 1e-20
5955.277943 3.371993871e-17 1e-20
5958.801901 3.185427772e-17 1e-20
5962.326226 3.269750621e-17 1e-20
5965.850918 2.923395688e-17 1e-20
5969.375975 3.288650909e-17 1e-20
5972.901398 2.745926449e-17 1e-20
5976.427185 3.428086432e-17 1e-20
5979.953336 3.39819163e-17 1e-20
5983.479849 3.083521207e-17 1e-20
5987.006725 2.908758212e-17 1e-20
5990.533962 3.2837867e-17 1e-20
5994.061559 3.197912671e-17 1e-20
5997.589516 3.339915398e-17 1e-20
6001.117833 3.173143458e-17 1e-20
6004.646507 3.143815609e-17 1e-20
6008.175539 3.222097622e-17 1e-20
6011.704928 2.806445471e-17 1e-20
6015.234673 3.01532304e-17 1e-20
6018.764774 3.114716794e-17 1e-20
6022.295228 3.009574597e-17 1e-20
6025.826037 3.317024067e-17 1e-20
6029.357199 2.970761013e-17 1e-20
6032.888713 2.780802921e-17 1e-20
6036.420578 3.0871372e-17 1e-20
6039.952795 3.021928479e-17 1e-20
6043.485361 3.246634379e-17 1e-20
6047.018277 3.066105329e-17 1e-20
6050.551541 3.210003158e-17 1e-20
6054.085154 2.741646307e-17 1e-20
6057.619113 3.023269687e-17 1e-20
6061.15342 3.027116747e-17 1e-20
6064.688071 2.760056495e-17 1e-20
6068.223068 2.99854273e-17 1e-20
6071.758409 2.788082184e-17 1e-20
6075.294094 2.652384287e-17 1e-20
6078.830121 2.627940698e-17 1e-20
6082.366491 3.023005418e-17 1e-20
6085.903202 2.671158618e-17 1e-20
6089.440254 3.159267366e-17 1e-20
6092.977645 2.73405109e-17 1e-20
6096.515376 2.824458241e-17 1e-20
6100.053446 2.904131178e-17 1e-20
6103.591853 2.767271585e-17 1e-20
6107.130597 2.85857087e-17 1e-20
6110.669678 2.695445661e-17 1e-20
6114.209095 2.642809794e-17 1e-20
6117.748846 2.859938959e-17 1e-20
6121.288932 2.825927627e-17 1e-20
6124.829352 2.552444503e-17 1e-20
6128.370104 2.406790719e-17 1e-20
6131.911189 2.575096868e-17 1e-20
6135.452605 2.578518966e-17 1e-20
6138.994352 2.259917329e-17 1e-20
6142.536429 2.540671883e-17 1e-20
6146.078836 2.629182436e-17 1e-20
6149.621571 2.351083815e-17 1e-20
6153.164634 2.474223783e-17 1e-20
6156.708025 2.530576275e-17 1e-20
6160.251743 2.534127147e-17 1e-20
6163.795786 2.687973109e-17 1e-20
6167.340155 2.257001446e-17 1e-20
6170.884848 2.398134652e-17 1e-20
6174.429866 2.571333654e-17 1e-20
6177.975207 2.099596595e-17 1e-20
6181.52087 2.49291664e-17 1e-20
6185.066855 2.445424769e-17 1e-20
6188.613162 2.230263855e-17 1e-20
6192.159789 2.295705261e-17 1e-20
6195.706736 2.30557493e-17 1e-20
6199.254002 2.01234075e-17 1e-20
6202.801587 2.399360685e-17 1e-20
6206.34949 2.011951988e-17 1e-20
6209.89771 2.218899569e-17 1e-20
6213.446246 2.257868375e-17 1e-20
6216.995099 2.401184966e-17 1e-20
6220.544267 2.287968009e-17 1e-20
6224.093749 2.315580672e-17 1e-20
6227.643545 2.386045625e-17 1e-20
6231.193655 2.218130406e-17 1e-20
6234.744077 2.469793178e-17 1e-20
6238.294812 2.360273519e-17 1e-20
6241.845857 2.319334171e-17 1e-20
6245.397213 2.032900861e-17 1e-20
6248.94888 2.068340295e-17 1e-20
6252.500855 2.183261145e-17 1e-20
6256.05314 2.279404931e-17 1e-20
6259.605732 2.164565711e-17 1e-20
6263.158632 2.242149868e-17 1e-20
6266.711839 2.179162994e-17 1e-20
6270.265352 2.342562584e-17 1e-20
6273.81917 2.311365301e-17 1e-20
6277.373294 2.219280584e-17 1e-20
6280.927721 2.151849303e-17 1e-20
6284.482452 2.039281382e-17 1e-20
6288.037487 1.99961581e-17 1e-20
6291.592823 1.823828742e-17 1e-20
6295.148461 2.191759973e-17 1e-20
6298.704401 2.291296691e-17 1e-20
6302.26064 2.100595246e-17 1e-20
6305.81718 2.842095907e-17 1e-20
6309.374019 2.559178094e-17 1e-20
6312.931156 2.07189482e-17 1e-20
6316.488591 2.199949827e-17 1e-20
6320.046324 2.041374459e-17 1e-20
6323.604353 2.330312196e-17 1e-20
6327.162679 1.99321914e-17 1e-20
6330.7213 1.968261954e-17 1e-20
6334.280216 2.249660845e-17 1e-20
6337.839426 1.913265065e-17 1e-20
6341.398929 2.201832731e-17 1e-20
6344.958726 2.047877035e-17 1e-20
6348.518815 2.111215001e-17 1e-20
6352.079196 2.253086903e-17 1e-20
6355.639868 2.220787841e-17 1e-20
6359.200831 2.212407186e-17 1e-20
6362.762083 2.215721134e-17 1e-20
6366.323625 2.02353693e-17 1e-20
6369.885456 1.802527074e-17 1e-20
6373.447575 2.093031645e-17 1e-20
6377.009981 2.152611557e-17 1e-20
6380.572675 1.947727068e-17 1e-20
6384.135655 1.961657437e-17 1e-20
6387.69892 2.242612823e-17 1e-20
6391.262471 2.024310582e-17 1e-20
6394.826306 1.908921837e-17 1e-20
6398.390426 1.69168538e-17 1e-20
6401.954828 1.969027915e-17 1e-20
6405.519514 1.824748636e-17 1e-20
6409.084481 1.998904858e-17 1e-20
6412.649731 1.868003353e-17 1e-20
6416.215261 1.946708626e-17 1e-20
6419.781072 2.012403842e-17 1e-20
6423.347163 2.08159959e-17 1e-20
6426.913533 1.867057178e-17 1e-20
6430.480181 1.878489982e-17 1e-20
6434.047108 1.890614319e-17 1e-20
6437.614312 2.026563886e-17 1e-20
6441.181794 1.793305226e-17 1e-20
6444.749552 1.872311664e-17 1e-20
6448.317585 1.769512247e-17 1e-20
6451.885894 1.909842809e-17 1e-20
6455.454477 1.84826044e-17 1e-20
6459.023335 1.844656044e-17 1e-20
6462.592466 1.841590068e-17 1e-20
6466.16187 1.743091061e-17 1e-20
6469.731546 1.776103142e-17 1e-20
6473.301494 1.852534362e-17 1e-20
6476.871714 1.794394067e-17 1e-20
6480.442204 1.851817979e-17 1e-20
6484.012964 1.867839608e-17 1e-20
6487.583994 1.80328471e-17 1e-20
6491.155293 1.804883826e-17 1e-20
6494.72686 1.862342812e-17 1e-20
6498.298696 1.756928069e-17 1e-20
6501.870798 1.90728175e-17 1e-20
6505.443167 1.881258513e-17 1e-20
6509.015803 1.671467539e-17 1e-20
6512.588704 1.994170445e-17 1e-20
6516.16187 1.804496924e-17 1e-20
6519.735301 1.959078705e-17 1e-20
6523.308996 2.042021193e-17 1e-20
6526.882954 1.410092568e-17 1e-20
6530.457176 1.918196748e-17 1e-20
6534.031659 1.933522118e-17 1e-20
6537.606405 1.91371299e-17 1e-20
6541.181411 1.766620399e-17 1e-20
6544.756679 1.536006203e-17 1e-20
6548.332206 1.775315091e-17 1e-20
6551.907994 1.784042154e-17 1e-20
6555.48404 1.669531559e-17 1e-20
6559.060345 1.869617406e-17 1e-20
6562.636908 1.784424571e-17 1e-20
6566.213729 2.122650275e-17 1e-20
6569.790806 1.769987946e-17 1e-20
6573.36814 1.840508754e-17 1e-20
6576.94573 1.562469951e-17 1e-20
6580.523575 1.802658586e-17 1e-20
6584.101675 1.834717835e-17 1e-20
6587.680029 1.807931853e-17 1e-20
6591.258638 2.039969022e-17 1e-20
6594.837499 1.761259078e-17 1e-20
6598.416613 1.992627381e-17 1e-20
6601.995979 1.994414576e-17 1e-20
6605.575597 1.801834644e-17 1e-20
6609.155466 2.046714093e-17 1e-20
6612.735586 2.128121755e-17 1e-20
6616.315956 2.241561198e-17 1e-20
6619.896575 2.183380763e-17 1e-20
6623.477444 1.905152745e-17 1e-20
6627.058561 2.132758344e-17 1e-20
6630.639926 2.306738161e-17 1e-20
6634.221539 2.11050581e-17 1e-20
6637.803399 2.185242749e-17 1e-20
6641.385505 1.843978528e-17 1e-20
6644.967857 2.125830281e-17 1e-20
6648.550454 2.075533511e-17 1e-20
6652.133297 2.245944531e-17 1e-20
6655.716384 2.349102835e-17 1e-20
6659.299715 2.069791638e-17 1e-20
6662.88329 2.194183626e-17 1e-20
6666.467107 2.188772368e-17 1e-20
6670.051167 2.128733496e-17 1e-20
6673.635469 2.039035864e-17 1e-20
6677.220012 2.197250117e-17 1e-20
6680.804796 2.337082715e-17 1e-20
6684.38982 2.326868216e-17 1e-20
6687.975085 2.303164165e-17 1e-20
6691.560589 2.361867547e-17 1e-20
6695.146332 2.283882082e-17 1e-20
6698.732313 2.280318754e-17 1e-20
6702.318532 2.437778608e-17 1e-20
6705.904989 2.39471104e-17 1e-20
6709.491682 2.347929299e-17 1e-20
6713.078612 2.362930499e-17 1e-20
6716.665778 2.431740993e-17 1e-20
6720.25318 2.020642728e-17 1e-20
6723.840816 2.17859555e-17 1e-20
6727.428687 2.331370173e-17 1e-20
6731.016793 2.555101866e-17 1e-20
6734.605131 2.447765686e-17 1e-20
6738.193703 2.266696765e-17 1e-20
6741.782507 2.426774325e-17 1e-20
6745.371543 2.387371671e-17 1e-20
6748.960811 2.410766427e-17 1e-20
6752.55031 2.094991691e-17 1e-20
6756.14004 2.199183924e-17 1e-20
6759.729999 2.245532541e-17 1e-20
6763.320189 2.562241136e-17 1e-20
6766.910608 2.350966393e-17 1e-20
6770.501255 2.212990752e-17 1e-20
6774.092131 2.548744926e-17 1e-20
6777.683234 2.370471657e-17 1e-20
6781.274565 2.333622188e-17 1e-20
6784.866122 2.136570978e-17 1e-20
6788.457906 2.494745146e-17 1e-20
6792.049916 2.481592257e-17 1e-20
6795.642151 2.107188724e-17 1e-20
6799.234612 2.122432462e-17 1e-20
6802.827296 2.252838973e-17 1e-20
6806.420205 2.218839295e-17 1e-20
6810.013337 2.119525699e-17 1e-20
6813.606693 2.022604849e-17 1e-20
6817.200271 2.199094634e-17 1e-20
6820.794071 2.200158825e-17 1e-20
6824.388093 2.003104201e-17 1e-20
6827.982336 1.873060053e-17 1e-20
6831.5768 1.612450171e-17 1e-20
6835.171484 2.050911805e-17 1e-20
6838.766388 1.780902386e-17 1e-20
6842.361511 2.243156967e-17 1e-20
6845.956854 2.065751199e-17 1e-20
6849.552415 1.988391393e-17 1e-20
6853.148194 2.042607336e-17 1e-20
6856.74419 2.004642587e-17 1e-20
6860.340404 1.99920144e-17 1e-20
6863.936834 1.781210299e-17 1e-20
6867.533481 1.837190667e-17 1e-20
6871.130343 1.838979386e-17 1e-20
6874.727421 1.780442359e-17 1e-20
6878.324714 1.857090169e-17 1e-20
6881.922221 1.773632544e-17 1e-20
6885.519942 1.936840447e-17 1e-20
6889.117876 1.596832393e-17 1e-20
6892.716024 1.825340633e-17 1e-20
6896.314384 1.707841634e-17 1e-20
6899.912957 1.848015253e-17 1e-20
6903.511741 1.54879425e-17 1e-20
6907.110737 1.719026245e-17 1e-20
6910.709943 1.4948108e-17 1e-20
6914.30936 1.346436042e-17 1e-20
6917.908987 1.505491037e-17 1e-20
6921.508824 1.018704505e-17 1e-20
6925.10887 1.250989379e-17 1e-20
6928.709124 1.010329428e-17 1e-20
6932.309587 1.233658212e-17 1e-20
6935.910257 8.307347884e-18 1e-20
6939.511135 7.919750065e-18 1e-20
6943.11222 8.897321517e-18 1e-20
6946.713511 1.089857788e-17 1e-20
6950.315009 6.851701584e-18 1e-20
6953.916712 7.401841456e-18 1e-20
6957.51862 8.548793585e-18 1e-20
6961.120734 7.556767751e-18 1e-20
6964.723051 6.671194539e-18 1e-20
6968.325573 6.084674572e-18 1e-20
6971.928298 6.250578874e-18 1e-20
6975.531226 4.478310541e-18 1e-20
6979.134357 5.137959063e-18 1e-20
6982.73769 4.268707757e-18 1e-20
6986.341225 7.498056075e-18 1e-20
6989.944962 7.981678423e-18 1e-20
6993.548899 8.397210522e-18 1e-20
6997.153037 5.782752398e-18 1e-20
7000.757375 8.998579078e-18 1e-20
7004.361913 8.262525299e-18 1e-20
7007.96665 6.662134763e-18 1e-20
7011.571586 6.602519696e-18 1e-20
7015.176721 8.030421967e-18 1e-20
7018.782054 8.736440173e-18 1e-20
7022.387584 6.669378656e-18 1e-20
7025.993311 1.093639028e-17 1e-20
7029.599236 1.159512817e-17 1e-20
7033.205356 8.810317645e-18 1e-20
7036.811673 1.126105156e-17 1e-20
7040.418185 1.097801628e-17 1e-20
7044.024893 1.324647539e-17 1e-20
7047.631795 1.199094868e-17 1e-20
7051.238892 1.212842842e-17 1e-20
7054.846182 1.509907326e-17 1e-20
7058.453666 1.574470224e-17 1e-20
7062.061343 1.419137497e-17 1e-20
7065.669213 1.188395833e-17 1e-20
7069.277275 1.51197795e-17 1e-20
7072.88553 1.277994397e-17 1e-20
7076.493975 1.586320336e-17 1e-20
7080.102612 1.341856552e-17 1e-20
7083.711439 1.34290442e-17 1e-20
7087.320457 1.613425994e-17 1e-20
7090.929665 1.78300022e-17 1e-20
7094.539062 1.671172257e-17 1e-20
7098.148648 1.357442667e-17 1e-20
7101.758423 1.687047625e-17 1e-20
7105.368386 1.34085647e-17 1e-20
7108.978537 1.802247929e-17 1e-20
7112.588876 1.617457052e-17 1e-20
7116.199402 1.497034022e-17 1e-20
7119.810114 1.665122681e-17 1e-20
7123.421013 1.785842825e-17 1e-20
7127.032098 1.755315282e-17 1e-20
7130.643368 1.599636764e-17 1e-20
7134.254824 1.620851917e-17 1e-20
7137.866464 1.860646756e-17 1e-20
7141.478288 1.78334038e-17 1e-20
7145.090297 1.500057619e-17 1e-20
7148.702489 1.695045176e-17 1e-20
7152.314864 1.859705269e-17 1e-20
7155.927422 1.677030403e-17 1e-20
7159.540162 1.747307769e-17 1e-20
7163.153085 1.499611908e-17 1e-20
7166.766189 1.745197412e-17 1e-20
7170.379474 1.564703003e-17 1e-20
7173.99294 1.580793118e-17 1e-20
7177.606587 1.758128237e-17 1e-20
7181.220413 1.613675253e-17 1e-20
7184.83442 1.753274201e-17 1e-20
7188.448606 1.909357767e-17 1e-20
7192.06297 1.763979148e-17 1e-20
7195.677513 1.437293462e-17 1e-20
7199.292235 1.686240941e-17 1e-20
7202.907134 1.897001643e-17 1e-20
7206.522211 1.622221713e-17 1e-20
7210.137464 1.831389931e-17 1e-20
7213.752895 1.656569199e-17 1e-20
7217.368501 1.876175186e-17 1e-20
7220.984284 1.657143867e-17 1e-20
7224.600242 1.633366575e-17 1e-20
7228.216375 1.6271676e-17 1e-20
7231.832683 1.494026478e-17 1e-20
7235.449165 1.319588764e-17 1e-20
7239.065821 1.922679592e-17 1e-20
7242.682651 2.085304369e-17 1e-20
7246.299654 1.8593276e-17 1e-20
7249.916831 1.782222114e-17 1e-20
7253.534179 1.805129295e-17 1e-20
7257.1517 1.886726584e-17 1e-20
7260.769393 1.866043863e-17 1e-20
7264.387257 1.788394647e-17 1e-20
7268.005292 1.767240345e-17 1e-20
7271.623497 1.602359311e-17 1e-20
7275.241874 1.402883323e-17 1e-20
7278.860419 1.671941726e-17 1e-20
7282.479135 1.792520602e-17 1e-20
7286.09802 1.526124462e-17 1e-20
7289.717073 1.624535193e-17 1e-20
7293.336295 1.820402838e-17 1e-20
7296.955685 1.718227153e-17 1e-20
7300.575243 1.621470195e-17 1e-20
7304.194969 1.299840976e-17 1e-20
7307.814861 1.73919071e-17 1e-20
7311.43492 1.47597998e-17 1e-20
7315.055145 1.727369264e-17 1e-20
7318.675536 1.517664435e-17 1e-20
7322.296093 1.548540029e-17 1e-20
7325.916814 1.829410777e-17 1e-20
7329.537701 1.424399179e-17 1e-20
7333.158752 1.559303038e-17 1e-20
7336.779968 1.685517609e-17 1e-20
7340.401347 1.649872709e-17 1e-20
7344.022889 1.598423485e-17 1e-20
7347.644594 1.82033935e-17 1e-20
7351.266462 1.685291469e-17 1e-20
7354.888493 1.747916129e-17 1e-20
7358.510685 1.375583627e-17 1e-20
7362.133039 1.865711996e-17 1e-20
7365.755555 1.393390932e-17 1e-20
7369.378231 1.489805576e-17 1e-20
7373.001067 1.670360044e-17 1e-20
7376.624064 1.603925395e-17 1e-20
7380.247221 1.472092684e-17 1e-20
7383.870537 1.685548111e-17 1e-20
7387.494012 1.508180667e-17 1e-20
7391.117647 1.420388389e-17 1e-20
7394.741439 1.412294952e-17 1e-20
7398.36539 1.457782046e-17 1e-20
7401.989498 1.19136154e-17 1e-20
7405.613763 1.536228699e-17 1e-20
7409.238186 1.664270548e-17 1e-20
7412.862765 1.61963411e-17 1e-20
7416.487501 1.56940038e-17 1e-20
7420.112393 1.57789398e-17 1e-20
7423.73744 1.732178658e-17 1e-20
7427.362642 1.685502325e-17 1e-20
7430.988 1.748529955e-17 1e-20
7434.613512 1.542940859e-17 1e-20
7438.239178 1.543809557e-17 1e-20
7441.864998 1.647158412e-17 1e-20
7445.490972 1.460392223e-17 1e-20
7449.117098 1.550917577e-17 1e-20
7452.743378 1.511108925e-17 1e-20
7456.36981 1.601604005e-17 1e-20
7459.996395 1.464046669e-17 1e-20
7463.623131 1.471557957e-17 1e-20
7467.250018 1.058682077e-17 1e-20
7470.877057 1.992806752e-17 1e-20
7474.504246 1.44061216e-17 1e-20
7478.131586 1.412208043e-17 1e-20
7481.759076 1.239995219e-17 1e-20
7485.386716 1.282914069e-17 1e-20
7489.014505 1.484677339e-17 1e-20
7492.642443 1.350327596e-17 1e-20
7496.27053 1.540491876e-17 1e-20
7499.898766 1.496860283e-17 1e-20
7503.527149 1.570256583e-17 1e-20
7507.15568 1.483296239e-17 1e-20
7510.784359 1.488174649e-17 1e-20
7514.413184 1.404706497e-17 1e-20
7518.042156 1.516822186e-17 1e-20
7521.671275 1.946950215e-17 1e-20
7525.30054 1.458958774e-17 1e-20
7528.92995 1.403485451e-17 1e-20
7532.559506 1.51591249e-17 1e-20
7536.189206 1.137587488e-17 1e-20
7539.819051 1.543907262e-17 1e-20
7543.449041 1.571316069e-17 1e-20
7547.079175 1.490538188e-17 1e-20
7550.709452 1.375509435e-17 1e-20
7554.339873 1.49286721e-17 1e-20
7557.970436 1.328848402e-17 1e-20
7561.601142 1.259746456e-17 1e-20
7565.231991 1.233063899e-17 1e-20
7568.862982 1.066906329e-17 1e-20
7572.494114 1.253176661e-17 1e-20
7576.125387 1.352837835e-17 1e-20
7579.756802 1.096342931e-17 1e-20
7583.388357 9.641035878e-18 1e-20
7587.020053 1.151771734e-17 1e-20
7590.651888 1.27716868e-17 1e-20
7594.283864 1.144277917e-17 1e-20
7597.915978 1.239460604e-17 1e-20
7601.548232 1.057468043e-17 1e-20
7605.180624 9.020894815e-18 1e-20
7608.813154 9.401034797e-18 1e-20
7612.445823 1.152170543e-17 1e-20
7616.078629 1.112733793e-17 1e-20
7619.711573 1.237106915e-17 1e-20
7623.344654 7.007105446e-18 1e-20
7626.977871 6.034223601e-18 1e-20
7630.611225 7.663358833e-18 1e-20
7634.244714 1.323083809e-17 1e-20
7637.87834 1.090089453e-17 1e-20
7641.512101 9.299876972e-18 1e-20
7645.145997 1.129922638e-17 1e-20
7648.780027 9.307808374e-18 1e-20
7652.414192 1.014196785e-17 1e-20
7656.048491 9.506949563e-18 1e-20
7659.682924 1.079123696e-17 1e-20
7663.31749 1.050108816e-17 1e-20
7666.95219 1.116740673e-17 1e-20
7670.587022 9.394787125e-18 1e-20
7674.221986 1.190243716e-17 1e-20
7677.857083 1.120837523e-17 1e-20
7681.492312 9.081496429e-18 1e-20
7685.127672 8.709313023e-18 1e-20
7688.763163 1.032090948e-17 1e-20
7692.398784 8.520965164e-18 1e-20
7696.034537 1.145892857e-17 1e-20
7699.670419 1.141295685e-17 1e-20
7703.306432 8.60048206e-18 1e-20
7706.942574 8.961632406e-18 1e-20
7710.578845 1.265985288e-17 1e-20
7714.215245 1.202774803e-17 1e-20
7717.851773 1.136176092e-17 1e-20
7721.48843 1.354046293e-17 1e-20
7725.125215 9.845893912e-18 1e-20
7728.762127 1.112672346e-17 1e-20
7732.399167 8.40918428e-18 1e-20
7736.036333 1.01596819e-17 1e-20
7739.673626 8.629121578e-18 1e-20
7743.311045 1.505833847e-18 1e-20
7746.948591 8.441110168e-18 1e-20
7750.586262 1.087358589e-17 1e-20
7754.224058 7.896300015e-18 1e-20
7757.861979 1.43478076e-17 1e-20
7761.500025 8.319762978e-18 1e-20
7765.138196 7.241800551e-18 1e-20
7768.77649 7.500086522e-18 1e-20
7772.414908 9.776219503e-18 1e-20
7776.05345 1.40112582e-17 1e-20
7779.692114 1.410712994e-17 1e-20
7783.330902 1.166685445e-17 1e-20
7786.969812 8.423245347e-18 1e-20
7790.608844 1.164429049e-17 1e-20
7794.247997 1.220252072e-17 1e-20
7797.887273 1.063577967e-17 1e-20
7801.526669 1.133754799e-17 1e-20
7805.166186 1.084783578e-17 1e-20
7808.805824 8.928503354e-18 1e-20
7812.445582 1.268731616e-17 1e-20
7816.08546 4.891811295e-18 1e-20
7819.725457 9.502648438e-18 1e-20
7823.365574 9.784344423e-18 1e-20
7827.00581 8.278910969e-18 1e-20
7830.646164 7.565521508e-18 1e-20
7834.286637 1.092011443e-17 1e-20
7837.927227 1.024157545e-17 1e-20
7841.567935 8.988449079e-18 1e-20
7845.208761 9.643522683e-18 1e-20
7848.849703 7.374452734e-18 1e-20
7852.490763 7.603537509e-18 1e-20
7856.131938 1.661231804e-17 1e-20
7859.77323 9.70601166e-18 1e-20
7863.414637 1.20561504e-17 1e-20
7867.05616 -5.752795515e-18 1e-20
7870.697798 7.705331744e-18 1e-20
7874.339551 9.787682159e-18 1e-20
7877.981418 6.188940179e-18 1e-20
7881.6234 1.222824161e-17 1e-20
7885.265495 1.063683879e-17 1e-20
7888.907704 8.604360678e-18 1e-20
7892.550026 5.843284375e-18 1e-20
7896.192461 9.550116359e-18 1e-20
7899.835009 9.293911991e-18 1e-20
7903.477668 6.078465348e-18 1e-20
7907.12044 7.771126118e-18 1e-20
7910.763323 9.847689574e-18 1e-20
7914.406318 1.269030937e-17 1e-20
7918.049424 4.811564417e-18 1e-20
7921.69264 6.549230009e-18 1e-20
7925.335967 9.703140044e-18 1e-20
7928.979404 7.071646552e-18 1e-20
7932.62295 6.768435497e-18 1e-20
7936.266606 1.14414932e-17 1e-20
7939.910371 9.511409376e-18 1e-20
7943.554245 1.134291555e-17 1e-20
7947.198227 1.080633058e-17 1e-20
7950.842317 8.109090738e-18 1e-20
7954.486515 8.916359496e-18 1e-20
7958.130821 1.142229462e-17 1e-20
7961.775234 7.840835747e-18 1e-20
7965.419754 7.520272258e-18 1e-20
7969.06438 1.390453346e-17 1e-20
7972.709113 9.883815883e-18 1e-20
7976.353951 9.658826113e-18 1e-20
7979.998895 9.292713519e-18 1e-20
7983.643945 1.136121865e-17 1e-20
7987.289099 1.052634138e-17 1e-20
7990.934358 4.590746363e-18 1e-20
7994.579722 9.947076188e-18 1e-20
7998.225189 6.715602977e-18 1e-20
8001.87076 8.628713782e-18 1e-20
8005.516435 4.665143047e-18 1e-20
8009.162212 8.265709616e-18 1e-20
8012.808092 8.918993824e-18 1e-20
8016.454075 8.694471434e-18 1e-20
8020.10016 9.791747243e-18 1e-20
8023.746347 6.930072197e-18 1e-20
8027.392635 4.544495443e-18 1e-20
8031.039024 7.323102292e-18 1e-20
8034.685515 9.500310507e-18 1e-20
8038.332105 7.882724229e-18 1e-20
8041.978796 6.168259193e-18 1e-20
8045.625587 1.016221711e-17 1e-20
8049.272478 8.977142872e-18 1e-20
8052.919467 1.04986173e-17 1e-20
8056.566556 4.851325691e-18 1e-20
8060.213743 6.90915197e-18 1e-20
8063.861029 6.177953938e-18 1e-20
8067.508413 1.043321715e-17 1e-20
8071.155894 1.053235681e-17 1e-20
8074.803473 8.735362357e-18 1e-20
8078.451148 8.765814147e-18 1e-20
8082.098921 9.425114578e-18 1e-20
8085.74679 6.386335964e-18 1e-20
8089.394755 4.875245584e-18 1e-20
8093.042815 8.687368746e-18 1e-20
8096.690971 8.039980725e-18 1e-20
8100.339223 6.629805537e-18 1e-20
8103.987569 7.994912283e-18 1e-20
8107.636009 7.058236825e-18 1e-20
8111.284544 6.378859e-18 1e-20
8114.933173 7.568739217e-18 1e-20
8118.581895 7.13018542e-18 1e-20
8122.23071 8.189456728e-18 1e-20
8125.879618 5.215018727e-18 1e-20
8129.528619 7.030898232e-18 1e-20
8133.177712 5.651839132e-18 1e-20
8136.826897 5.652774064e-18 1e-20
8140.476174 6.869850944e-18 1e-20
8144.125542 7.997483188e-18 1e-20
8147.775 8.791818134e-18 1e-20
8151.42455 7.457805906e-18 1e-20
8155.07419 7.1694985e-18 1e-20
8158.72392 8.809222737e-18 1e-20
8162.373739 6.297219328e-18 1e-20
8166.023648 8.018546407e-18 1e-20
8169.673646 7.559260127e-18 1e-20
8173.323733 7.769560297e-18 1e-20
8176.973908 7.2157508e-18 1e-20
8180.624171 7.928829323e-18 1e-20
8184.274522 7.69976045e-18 1e-20
8187.92496 4.007326491e-18 1e-20
8191.575486 1.089677345e-17 1e-20
8195.226098 7.357482276e-18 1e-20
8198.876796 7.397336364e-18 1e-20
8202.527581 6.7356413e-18 1e-20
8206.178452 9.164549624e-18 1e-20
8209.829408 7.501503115e-18 1e-20
8213.480449 6.891755468e-18 1e-20
8217.131576 8.825583866e-18 1e-20
8220.782786 6.514599977e-18 1e-20
8224.434081 6.214325997e-18 1e-20
8228.08546 7.363507581e-18 1e-20
8231.736922 7.749848797e-18 1e-20
8235.388468 6.069702241e-18 1e-20
8239.040096 7.45442462e-18 1e-20
8242.691807 8.502432933e-18 1e-20
8246.3436 6.527880775e-18 1e-20
8249.995475 7.386794004e-18 1e-20
8253.647432 7.583941254e-18 1e-20
8257.29947 7.497475659e-18 1e-20
8260.951589 8.082677001e-18 1e-20
8264.603789 7.948313339e-18 1e-20
8268.256069 8.40523306e-18 1e-20
8271.908428 8.013628074e-18 1e-20
8275.560868 8.697888838e-18 1e-20
8279.213386 3.504156123e-18 1e-20
8282.865984 2.738678587e-18 1e-20
8286.518661 5.030273172e-18 1e-20
8290.171415 5.12202632e-18 1e-20
8293.824248 1.099840065e-17 1e-20
8297.477158 9.434409886e-18 1e-20
8301.130146 1.189436295e-17 1e-20
8304.78321 8.350711493e-18 1e-20
8308.436352 7.378082354e-18 1e-20
8312.089569 9.792360233e-18 1e-20
8315.742863 4.799143233e-18 1e-20
8319.396232 6.87194399e-18 1e-20
8323.049677 9.014690795e-18 1e-20
8326.703197 8.894038506e-18 1e-20
8330.356791 7.219715392e-18 1e-20
8334.01046 7.519754237e-18 1e-20
8337.664202 -3.117075688e-18 1e-20
8341.318019 1.016874087e-17 1e-20
8344.971908 9.832749085e-18 1e-20
8348.625871 3.714214891e-18 1e-20
8352.279906 4.744143824e-18 1e-20
8355.934014 5.127084265e-18 1e-20
8359.588194 9.075076542e-18 1e-20
8363.242445 6.151765249e-18 1e-20
8366.896768 7.615984834e-18 1e-20
8370.551162 8.386797532e-18 1e-20
8374.205626 7.389830977e-18 1e-20
8377.860161 4.830548205e-18 1e-20
8381.514766 4.983910648e-18 1e-20
8385.16944 7.208974715e-18 1e-20
8388.824184 5.213738346e-18 1e-20
8392.478997 4.913457781e-18 1e-20
8396.133878 6.611670737e-18 1e-20
8399.788828 7.322207133e-18 1e-20
8403.443846 8.240027792e-18 1e-20
8407.098931 5.554255897e-18 1e-20
8410.754084 1.095656531e-17 1e-20
8414.409303 6.507259124e-18 1e-20
8418.064589 3.644252019e-18 1e-20
8421.719942 3.402837689e-18 1e-20
8425.37536 5.073350229e-18 1e-20
8429.030844 1.027995789e-17 1e-20
8432.686393 4.693766144e-19 1e-20
8436.342007 6.895935511e-18 1e-20
8439.997686 7.203870768e-18 1e-20
8443.653429 6.442765166e-18 1e-20
8447.309235 6.142201864e-18 1e-20
8450.965106 8.732301547e-18 1e-20
8454.621039 1.003782859e-17 1e-20
8458.277036 5.514350077e-18 1e-20
8461.933094 3.68858338e-18 1e-20
8465.589215 7.25028286e-18 1e-20
8469.245398 2.480281986e-18 1e-20
8472.901642 8.076106772e-18 1e-20
8476.557948 8.799463841e-18 1e-20
8480.214314 5.991244433e-18 1e-20
8483.87074 8.925853473e-18 1e-20
8487.527227 1.021976914e-17 1e-20
8491.183773 4.533560829e-18 1e-20
8494.840379 8.722360658e-18 1e-20
8498.497044 8.32629079e-18 1e-20
8502.153767 2.823743282e-18 1e-20
8505.810549 4.836598996e-18 1e-20
8509.467389 9.630992749e-18 1e-20
8513.124286 7.778041559e-18 1e-20
8516.781241 4.338205331e-18 1e-20
8520.438252 4.375914117e-18 1e-20
8524.09532 5.501367446e-18 1e-20
8527.752445 7.02023158e-18 1e-20
8531.409625 7.202262457e-18 1e-20
8535.06686 5.008865666e-18 1e-20
8538.724151 4.199818297e-18 1e-20
8542.381497 6.322270788e-18 1e-20
8546.038897 5.975494242e-18 1e-20
8549.696351 5.03083947e-18 1e-20
8553.353859 4.803410867e-18 1e-20
8557.011421 5.695385502e-18 1e-20
8560.669035 7.662479104e-18 1e-20
8564.326702 4.081668841e-18 1e-20
8567.984421 6.01996819e-18 1e-20
8571.642193 5.225725681e-18 1e-20
8575.300015 5.718708172e-18 1e-20
8578.95789 3.53177284e-18 1e-20
8582.615814 3.19078222e-18 1e-20
8586.27379 4.639006792e-18 1e-20
8589.931816 5.054502862e-18 1e-20
8593.589891 1.516045534e-18 1e-20
8597.248016 5.207904489e-18 1e-20
8600.90619 6.111979794e-18 1e-20
8604.564412 4.571340656e-18 1e-20
8608.222683 3.002094232e-18 1e-20
8611.881002 2.255079984e-18 1e-20
8615.539369 4.726073408e-18 1e-20
8619.197783 6.97594654e-18 1e-20
8622.856243 5.333552895e-18 1e-20
8626.51475 5.873904171e-18 1e-20
8630.173304 5.009383204e-18 1e-20
8633.831903 8.477531215e-18 1e-20
8637.490547 4.909490568e-18 1e-20
8641.149237 6.701620419e-18 1e-20
8644.807971 4.466943053e-18 1e-20
8648.466749 2.449617216e-18 1e-20
8652.125572 5.677339818e-18 1e-20
8655.784438 8.182343256e-18 1e-20
8659.443347 4.262524107e-18 1e-20
8663.102299 1.151895437e-17 1e-20
8666.761294 2.600050066e-18 1e-20
8670.42033 7.749082609e-18 1e-20
8674.079408 2.890531632e-18 1e-20
8677.738528 4.486876856e-18 1e-20
8681.397688 5.782201431e-18 1e-20
8685.05689 2.367157996e-18 1e-20
8688.716131 5.201226826e-18 1e-20
8692.375412 5.522715841e-18 1e-20
8696.034733 3.96778696e-18 1e-20
8699.694092 7.330189798e-18 1e-20
8703.35349 5.06566107e-18 1e-20
8707.012927 5.428644973e-18 1e-20
8710.672402 5.800034809e-18 1e-20
8714.331914 6.244391585e-18 1e-20
8717.991463 3.583860295e-18 1e-20
8721.651049 4.856648612e-18 1e-20
8725.310672 4.394591903e-18 1e-20
8728.97033 6.525162151e-18 1e-20
8732.630024 8.041244812e-18 1e-20
8736.289754 3.25808984e-18 1e-20
8739.949518 5.552947048e-18 1e-20
8743.609317 5.291530182e-18 1e-20
8747.26915 5.286773063e-18 1e-20
8750.929016 6.997784971e-18 1e-20
8754.588916 -3.787400592e-18 1e-20
8758.248849 2.421494531e-20 1e-20
8761.908815 3.635617345e-18 1e-20
8765.568812 4.878902741e-18 1e-20
8769.228841 3.567579262e-18 1e-20
8772.888902 5.750304828e-18 1e-20
8776.548994 8.304395504e-18 1e-20
8780.209116 8.058871181e-18 1e-20
8783.869269 1.191829622e-17 1e-20
8787.529451 2.700329868e-18 1e-20
8791.189663 8.538158559e-19 1e-20
8794.849904 4.541257629e-18 1e-20
8798.510173 6.029331001e-18 1e-20
8802.170471 5.60278578e-18 1e-20
8805.830797 3.714085393e-18 1e-20
8809.49115 4.905864053e-18 1e-20
8813.15153 3.132021153e-18 1e-20
8816.811936 -1.771590206e-19 1e-20
8820.472369 5.677897762e-18 1e-20
8824.132828 3.161927565e-18 1e-20
8827.793312 -2.530555316e-19 1e-20
8831.453822 -5.071962822e-18 1e-20
8835.114356 5.521231718e-18 1e-20
8838.774914 4.202032975e-19 1e-20
8842.435496 4.734275186e-18 1e-20
8846.096101 8.299935346e-18 1e-20
8849.75673 7.290481531e-18 1e-20
8853.417381 2.649861752e-18 1e-20
8857.078055 6.255662932e-18 1e-20
8860.73875 6.400897412e-18 1e-20
8864.399466 2.820620944e-18 1e-20
8868.060204 9.050866462e-18 1e-20
8871.720962 4.263823124e-18 1e-20
8875.38174 6.459317325e-18 1e-20
8879.042539 4.482006408e-19 1e-20
8882.703356 1.526594406e-18 1e-20
8886.364192 6.788301321e-18 1e-20
8890.025047 -4.764748428e-19 1e-20
8893.68592 9.850924726e-18 1e-20
8897.346811 6.75427551e-18 1e-20
8901.007719 4.169027503e-18 1e-20
8904.668644 2.774253501e-18 1e-20
8908.329586 6.099248577e-18 1e-20
8911.990543 -3.009551826e-18 1e-20
8915.651516 3.517774886e-18 1e-20
8919.312504 1.680218639e-18 1e-20
8922.973508 5.478087824e-18 1e-20
8926.634525 8.618421928e-18 1e-20
8930.295556 7.624183836e-18 1e-20
8933.956601 5.232544751e-18 1e-20
8937.617659 8.672234348e-18 1e-20
8941.27873 7.539092436e-18 1e-20
8944.939813 5.435106219e-18 1e-20
8948.600907 6.32700168e-18 1e-20
8952.262013 1.26341604e-17 1e-20
8955.92313 3.990130161e-18 1e-20
8959.584258 6.910510278e-18 1e-20
8963.245396 8.56288491e-18 1e-20
8966.906543 4.515099142e-18 1e-20
8970.5677 7.205116255e-18 1e-20
8974.228865 7.973715051e-18 1e-20
8977.890039 3.196126288e-18 1e-20
8981.551221 -3.026487594e-19 1e-20
8985.21241 6.822435033e-18 1e-20
8988.873607 6.992109339e-18 1e-20
8992.53481 2.790711107e-18 1e-20
8996.196019 9.610600931e-18 1e-20
8999.857234 1.038613839e-17 1e-20
9003.518455 4.730738515e-18 1e-20
9007.17968 2.894657729e-18 1e-20
9010.84091 6.00948227e-18 1e-20
9014.502144 5.231044858e-18 1e-20
9018.163381 5.915603082e-18 1e-20
9021.824622 5.166869568e-18 1e-20
9025.485865 4.598119686e-18 1e-20
9029.14711 3.992949604e-18 1e-20
9032.808358 7.943857154e-18 1e-20
9036.469606 1.030632461e-17 1e-20
9040.130856 6.015204607e-18 1e-20
9043.792106 3.174954488e-18 1e-20
9047.453356 8.958257334e-20 1e-20
9051.114606 4.830424262e-18 1e-20
9054.775854 6.368213038e-18 1e-20
9058.437102 6.100582547e-18 1e-20
9062.098348 4.546156626e-18 1e-20
9065.759591 7.073665002e-18 1e-20
9069.420832 8.072763817e-18 1e-20
9073.082069 5.924775063e-18 1e-20
9076.743304 8.413227356e-18 1e-20
9080.404534 8.614612784e-18 1e-20
9084.065759 5.253271559e-18 1e-20
9087.72698 6.453695974e-18 1e-20
9091.388195 5.545373031e-18 1e-20
9095.049404 6.469305049e-18 1e-20
9098.710607 7.112480586e-18 1e-20
9102.371803 7.25729785e-18 1e-20
9106.032992 2.723737957e-18 1e-20
9109.694173 3.918818129e-18 1e-20
9113.355346 6.721050081e-18 1e-20
9117.01651 3.509725228e-18 1e-20
9120.677665 6.0399063e-18 1e-20
9124.33881 5.281853349e-18 1e-20
9127.999946 7.564784412e-18 1e-20
9131.661071 4.541998442e-18 1e-20
9135.322185 4.51343926e-18 1e-20
9138.983287 2.782354389e-18 1e-20
9142.644377 5.18107783e-18 1e-20
9146.305455 4.462114029e-18 1e-20
9149.966521 6.170370639e-18 1e-20
9153.627572 5.908644179e-18 1e-20
9157.28861 8.398320567e-18 1e-20
9160.949634 7.547559837e-18 1e-20
9164.610643 5.236424589e-18 1e-20
9168.271636 4.020023771e-18 1e-20
9171.932614 7.685302568e-18 1e-20
9175.593576 5.063945969e-18 1e-20
9179.254521 5.539844655e-18 1e-20
9182.915448 5.791532579e-18 1e-20
9186.576358 3.76805091e-18 1e-20
9190.23725 6.090306274e-18 1e-20
9193.898123 5.648513237e-18 1e-20
9197.558977 5.1784412e-18 1e-20
9201.219812 6.124772333e-18 1e-20
9204.880626 4.274777158e-18 1e-20
9208.541419 5.640009929e-18 1e-20
9212.202192 3.866253813e-18 1e-20
9215.862943 6.676536344e-18 1e-20
9219.523672 2.874259801e-18 1e-20
9223.184378 8.078685061e-18 1e-20
9226.845061 5.40497732e-18 1e-20
9230.505721 5.617333469e-18 1e-20
9234.166356 3.499834109e-18 1e-20
9237.826968 5.811112898e-18 1e-20
9241.487553 5.141962491e-18 1e-20
9245.148114 5.061047739e-18 1e-20
9248.808648 1.920173384e-18 1e-20
9252.469156 6.32513253e-18 1e-20
9256.129637 2.686836345e-18 1e-20
9259.79009 2.408559707e-18 1e-20
9263.450515 3.535255716e-18 1e-20
9267.110911 3.335526291e-18 1e-20
9270.771279 4.019881821e-18 1e-20
9274.431616 1.566865491e-18 1e-20
9278.091924 4.190441285e-18 1e-20
9281.752201 5.946638911e-18 1e-20
9285.412447 3.325667777e-18 1e-20
9289.072661 2.229900459e-18 1e-20
9292.732843 2.942256674e-18 1e-20
9296.392993 -2.02300732e-18 1e-20
9300.053109 2.359585257e-18 1e-20
9303.713192 2.929411246e-18 1e-20
9307.37324 -2.280324886e-18 1e-20
9311.033253 1.155868394e-18 1e-20
9314.693232 6.972893241e-18 1e-20
9318.353174 -2.924768986e-18 1e-20
9322.01308 2.877226199e-18 1e-20
9325.67295 2.870679192e-18 1e-20
9329.332782 7.055003743e-18 1e-20
9332.992576 1.364742856e-17 1e-20
9336.652332 2.775109784e-18 1e-20
9340.312048 7.736075589e-18 1e-20
9343.971726 -4.920209589e-18 1e-20
9347.631363 3.355502099e-18 1e-20
9351.29096 1.999439093e-18 1e-20
9354.950515 1.630032898e-18 1e-20
9358.61003 3.033238401e-18 1e-20
9362.269502 8.201322819e-18 1e-20
9365.928931 3.67413312e-18 1e-20
9369.588317 7.923799218e-18 1e-20
9373.247659 4.277892086e-18 1e-20
9376.906958 -1.188435142e-17 1e-20
9380.566211 -6.895138264e-18 1e-20
9384.225419 -6.970341142e-18 1e-20
9387.884581 -3.71117246e-18 1e-20
9391.543696 7.490649398e-20 1e-20
9395.202765 2.804750562e-18 1e-20
9398.861786 -7.275493186e-19 1e-20
9402.520759 4.62247456e-18 1e-20
9406.179683 3.514329889e-18 1e-20
9409.838558 1.576712065e-18 1e-20
9413.497384 9.537045778e-18 1e-20
9417.156159 4.313736822e-18 1e-20
9420.814883 1.678843525e-19 1e-20
9424.473556 1.458394468e-18 1e-20
9428.132177 1.413644365e-18 1e-20
9431.790745 1.117811682e-18 1e-20
9435.44926 2.039347527e-17 1e-20
9439.107722 -2.104227873e-18 1e-20
9442.766129 1.086101335e-17 1e-20
9446.424482 4.710392519e-18 1e-20
9450.082779 9.150018719e-18 1e-20
9453.741021 2.274862062e-18 1e-20
9457.399206 6.982123522e-18 1e-20
9461.057334 9.791422856e-18 1e-20
9464.715405 2.049969459e-19 1e-20
9468.373417 1.583377904e-18 1e-20
9472.031371 -6.406161387e-18 1e-20
9475.689265 1.691737763e-17 1e-20
9479.347099 1.121094317e-17 1e-20
9483.004873 1.409671466e-18 1e-20
9486.662586 6.356251308e-18 1e-20
9490.320238 3.286275686e-18 1e-20
9493.977827 3.358598148e-19 1e-20
9497.635353 4.839295733e-18 1e-20
9501.292817 8.6033561e-18 1e-20
9504.950216 2.620989908e-18 1e-20
9508.607551 6.463389054e-18 1e-20
9512.26482 3.466514806e-18 1e-20
9515.922024 1.033492965e-17 1e-20
9519.579162 1.237105027e-17 1e-20
9523.236233 2.554412175e-19 1e-20
9526.893237 6.112515656e-18 1e-20
9530.550172 4.855699123e-18 1e-20
9534.207039 5.785038263e-18 1e-20
9537.863837 4.108694624e-18 1e-20
9541.520565 7.021331565e-18 1e-20
9545.177222 3.012121724e-18 1e-20
9548.833809 3.093010855e-18 1e-20
9552.490324 5.64175322e-18 1e-20
9556.146767 8.8852504e-18 1e-20
9559.803137 2.28502761e-18 1e-20
9563.459433 3.43535756e-19 1e-20
9567.115656 1.208032456e-18 1e-20
9570.771804 8.447828277e-18 1e-20
9574.427877 1.352625555e-17 1e-20
9578.083874 7.577964355e-18 1e-20
9581.739794 5.707471701e-18 1e-20
9585.395638 9.311500436e-18 1e-20
9589.051404 4.339779159e-18 1e-20
9592.707092 5.128060369e-18 1e-20
9596.362701 8.826220678e-18 1e-20
9600.01823 9.9541285e-18 1e-20
9603.673679 -1.729775199e-18 1e-20
9607.329048 -4.6536224e-18 1e-20
9610.984335 -3.285430476e-18 1e-20
9614.63954 7.668409182e-18 1e-20
9618.294663 6.673521796e-18 1e-20
9621.949703 7.71394607e-18 1e-20
9625.604658 8.523694999e-18 1e-20
9629.25953 6.155824581e-18 1e-20
9632.914316 9.395555572e-18 1e-20
9636.569017 5.486591667e-18 1e-20
9640.223631 8.412703663e-18 1e-20
9643.878158 8.699772638e-18 1e-20
9647.532598 8.247154204e-18 1e-20
9651.186949 7.169350473e-18 1e-20
9654.841212 6.45573629e-18 1e-20
9658.495385 5.082304071e-18 1e-20
9662.149468 4.311531788e-18 1e-20
9665.80346 1.035371589e-17 1e-20
9669.45736 1.326376414e-18 1e-20
9673.111169 2.710072758e-18 1e-20
9676.764885 8.01494103e-18 1e-20
9680.418508 6.761431282e-18 1e-20
9684.072036 2.664453561e-18 1e-20
9687.72547 -4.454989757e-18 1e-20
9691.378809 1.620585646e-17 1e-20
9695.032052 7.813769763e-18 1e-20
9698.685198 6.661123473e-18 1e-20
9702.338247 4.974666067e-18 1e-20
9705.991198 1.301487791e-17 1e-20
9709.64405 3.174420877e-18 1e-20
9713.296803 -5.924213726e-18 1e-20
9716.949457 -2.549401875e-19 1e-20
9720.60201 2.75928899e-18 1e-20
