3363.807475 1.838747804e-15 1e-20
3368.080872 -1.528088518e-15 1e-20
3372.35427 1.266840264e-15 1e-20
3376.627668 1.692355206e-15 1e-20
3380.901065 2.54716148e-15 1e-20
3385.174463 2.046048106e-15 1e-20
3389.447861 -1.321671777e-15 1e-20
3393.721258 -7.002909478e-16 1e-20
3397.994656 1.293882637e-15 1e-20
3402.268053 1.873948376e-15 1e-20
3406.541451 1.308339161e-15 1e-20
3410.814849 3.69095242e-16 1e-20
3415.088246 -1.813707048e-16 1e-20
3419.361644 -6.636015039e-16 1e-20
3423.635042 1.527063185e-15 1e-20
3427.908439 -1.41427736e-15 1e-20
3432.181837 1.096670815e-15 1e-20
3436.455234 1.089124691e-16 1e-20
3440.728632 8.455829327e-17 1e-20
3445.00203 1.26914017e-15 1e-20
3449.275427 3.502064073e-15 1e-20
3453.548825 3.765001364e-16 1e-20
3457.822223 1.07064721e-15 1e-20
3462.09562 1.53064571e-15 1e-20
3466.369018 2.118718663e-15 1e-20
3470.642415 5.713109645e-16 1e-20
3474.915813 8.825001226e-16 1e-20
3479.189211 7.980124507e-16 1e-20
3483.462608 1.071851691e-15 1e-20
3487.736006 6.372063691e-16 1e-20
3492.009404 7.641057747e-16 1e-20
3496.282801 1.456536363e-15 1e-20
3500.556199 7.108319552e-16 1e-20
3504.829596 1.219088887e-15 1e-20
3509.102994 2.681914893e-16 1e-20
3513.376392 1.038384149e-15 1e-20
3517.649789 -2.412646031e-16 1e-20
3521.923187 6.570915792e-16 1e-20
3526.196585 9.35004201e-16 1e-20
3530.469982 2.291350383e-16 1e-20
3534.74338 9.137492856e-16 1e-20
3539.016777 1.591354573e-15 1e-20
3543.290175 3.980635041e-16 1e-20
3547.563573 3.908658351e-17 1e-20
3551.83697 9.476498735e-16 1e-20
3556.110368 4.144847466e-16 1e-20
3560.383766 4.890553832e-16 1e-20
3564.657163 9.363702534e-16 1e-20
3568.930561 2.617141225e-16 1e-20
3573.203958 4.754588633e-16 1e-20
3577.477356 9.202842242e-17 1e-20
3581.750754 1.099339181e-15 1e-20
3586.024151 6.070264263e-16 1e-20
3590.297549 4.574736026e-18 1e-20
3594.570947 3.356442963e-16 1e-20
3598.844344 1.904024054e-16 1e-20
3603.117742 4.45785658e-16 1e-20
3607.391139 3.843472879e-16 1e-20
3611.664537 2.230962757e-16 1e-20
3615.937935 6.596568185e-16 1e-20
3620.211332 4.429082077e-16 1e-20
3624.48473 1.451491143e-16 1e-20
3628.758128 3.040360244e-17 1e-20
3633.031525 6.740295912e-16 1e-20
3637.304923 4.968111875e-16 1e-20
3641.57832 4.883396933e-16 1e-20
3645.851718 5.281925406e-16 1e-20
3650.125116 2.782255739e-16 1e-20
3654.398513 1.59918669e-16 1e-20
3658.671911 -7.398890366e-17 1e-20
3662.945309 3.194537909e-16 1e-20
3667.218706 5.804605085e-16 1e-20
3671.492104 5.641823352e-16 1e-20
3675.765501 4.913523248e-16 1e-20
3680.038899 2.93132295e-16 1e-20
3684.312297 2.936611347e-16 1e-20
3688.585694 4.050162153e-16 1e-20
3692.859092 7.836321606e-16 1e-20
3697.13249 8.567533385e-16 1e-20
3701.405887 6.264397333e-16 1e-20
3705.679285 5.558837417e-16 1e-20
3709.952682 7.689534502e-16 1e-20
3714.22608 8.802076279e-16 1e-20
3718.499478 8.712299257e-16 1e-20
3722.772875 9.568363693e-16 1e-20
3727.046273 8.734938859e-16 1e-20
3731.319671 1.208283394e-15 1e-20
3735.593068 1.1938418e-15 1e-20
3739.866466 1.097606257e-15 1e-20
3744.139864 1.13018505e-15 1e-20
3748.413261 1.335925965e-15 1e-20
3752.686659 1.423702613e-15 1e-20
3756.960056 1.401467257e-15 1e-20
3761.233454 1.394834459e-15 1e-20
3765.506852 1.56277007e-15 1e-20
3769.780249 1.603688432e-15 1e-20
3774.053647 1.773531137e-15 1e-20
3778.327045 1.9160889e-15 1e-20
3782.600442 1.841456827e-15 1e-20
3786.87384 1.962523035e-15 1e-20
3791.147237 1.87532184e-15 1e-20
3795.420635 1.968008843e-15 1e-20
3799.694033 2.049707924e-15 1e-20
3803.96743 2.264462116e-15 1e-20
3808.240828 2.168849884e-15 1e-20
3812.514226 2.276825833e-15 1e-20
3816.787623 2.311057822e-15 1e-20
3821.061021 2.178157929e-15 1e-20
3825.334418 2.444897075e-15 1e-20
3829.607816 2.369519825e-15 1e-20
3833.881214 2.350608967e-15 1e-20
3838.154611 2.323349753e-15 1e-20
3842.428009 2.226611602e-15 1e-20
3846.701407 2.331492916e-15 1e-20
3850.974804 2.377603907e-15 1e-20
3855.248202 2.275847721e-15 1e-20
3859.521599 2.280080557e-15 1e-20
3863.794997 2.227135704e-15 1e-20
3868.068395 2.173650232e-15 1e-20
3872.341792 2.258166544e-15 1e-20
3876.61519 2.230756981e-15 1e-20
3880.888588 2.199218345e-15 1e-20
3885.161985 2.072834465e-15 1e-20
3889.435383 2.180445342e-15 1e-20
3893.70878 2.132930182e-15 1e-20
3897.982178 2.054972446e-15 1e-20
3902.255576 2.11405977e-15 1e-20
3906.528973 1.992299631e-15 1e-20
3910.802371 2.106716206e-15 1e-20
3915.075769 2.076710487e-15 1e-20
3919.349166 2.060685471e-15 1e-20
3923.622564 2.062148509e-15 1e-20
3927.895961 1.966269673e-15 1e-20
3932.169359 2.049548682e-15 1e-20
3936.442757 2.12253137e-15 1e-20
3940.716154 2.048754377e-15 1e-20
3944.989552 2.0992206e-15 1e-20
3949.26295 1.986774858e-15 1e-20
3953.536347 1.983640836e-15 1e-20
3957.809745 2.136595293e-15 1e-20
3962.083142 2.110192853e-15 1e-20
3966.35654 2.030737139e-15 1e-20
3970.629938 1.987001016e-15 1e-20
3974.903335 2.004102823e-15 1e-20
3979.176733 2.014206444e-15 1e-20
3983.450131 1.948147615e-15 1e-20
3987.723528 1.931747575e-15 1e-20
3991.996926 2.107979132e-15 1e-20
3996.270323 2.17319961e-15 1e-20
4000.543721 2.163062955e-15 1e-20
4004.817119 2.197810576e-15 1e-20
4009.090516 2.334857754e-15 1e-20
4013.363914 2.260784723e-15 1e-20
4017.637312 2.237797096e-15 1e-20
4021.910709 2.234196782e-15 1e-20
4026.184107 2.331991183e-15 1e-20
4030.457504 2.402471947e-15 1e-20
4034.730902 2.416025957e-15 1e-20
4039.0043 2.404518802e-15 1e-20
4043.277697 2.389973553e-15 1e-20
4047.551095 2.429425594e-15 1e-20
4051.824493 2.437407821e-15 1e-20
4056.09789 2.414548731e-15 1e-20
4060.371288 2.409778665e-15 1e-20
4064.644685 2.441985399e-15 1e-20
4068.918083 2.44262385e-15 1e-20
4073.191481 2.395915912e-15 1e-20
4077.464878 2.37739596e-15 1e-20
4081.738276 2.342828546e-15 1e-20
4086.011674 2.296835504e-15 1e-20
4090.285071 2.309572762e-15 1e-20
4094.558469 2.38160042e-15 1e-20
4098.831867 2.314122599e-15 1e-20
4103.105264 2.29574029e-15 1e-20
4107.378662 2.219345118e-15 1e-20
4111.652059 2.249893573e-15 1e-20
4115.925457 2.314453154e-15 1e-20
4120.198855 2.281149936e-15 1e-20
4124.472252 2.281380752e-15 1e-20
4128.74565 2.314014179e-15 1e-20
4133.019048 2.254293486e-15 1e-20
4137.292445 2.432174852e-15 1e-20
4141.565843 2.323292366e-15 1e-20
4145.83924 2.285344231e-15 1e-20
4150.112638 2.290252364e-15 1e-20
4154.386036 2.259047246e-15 1e-20
4158.659433 2.197376895e-15 1e-20
4162.932831 2.133292923e-15 1e-20
4167.206229 2.103762602e-15 1e-20
4171.479626 2.030123887e-15 1e-20
4175.753024 2.019204997e-15 1e-20
4180.026421 1.975955706e-15 1e-20
4184.299819 1.933349526e-15 1e-20
4188.573217 1.915960151e-15 1e-20
4192.846614 1.843274983e-15 1e-20
4197.120012 1.735940133e-15 1e-20
4201.39341 1.705620165e-15 1e-20
4205.666807 1.671359165e-15 1e-20
4209.940205 1.704571115e-15 1e-20
4214.213602 1.690607247e-15 1e-20
4218.487 1.633161473e-15 1e-20
4222.760398 1.537744376e-15 1e-20
4227.033795 1.518176856e-15 1e-20
4231.307193 1.468971865e-15 1e-20
4235.580591 1.44384728e-15 1e-20
4239.853988 1.410886157e-15 1e-20
4244.127386 1.375734502e-15 1e-20
4248.400783 1.328132415e-15 1e-20
4252.674181 1.278339583e-15 1e-20
4256.947579 1.304076361e-15 1e-20
4261.220976 1.335263691e-15 1e-20
4265.494374 1.336094524e-15 1e-20
4269.767772 1.302420306e-15 1e-20
4274.041169 1.336386221e-15 1e-20
4278.314567 1.250151809e-15 1e-20
4282.587964 1.244003091e-15 1e-20
4286.861362 1.249475135e-15 1e-20
4291.13476 1.267751142e-15 1e-20
4295.408157 1.319661768e-15 1e-20
4299.681555 1.309806857e-15 1e-20
4303.954953 1.359396401e-15 1e-20
4308.22835 1.373427607e-15 1e-20
4312.501748 1.402321913e-15 1e-20
4316.775145 1.413533665e-15 1e-20
4321.048543 1.486063931e-15 1e-20
4325.321941 1.544400573e-15 1e-20
4329.595338 1.477026513e-15 1e-20
4333.868736 1.511515365e-15 1e-20
4338.142134 1.522465278e-15 1e-20
4342.415531 1.583495166e-15 1e-20
4346.688929 1.632724404e-15 1e-20
4350.962326 1.686020987e-15 1e-20
4355.235724 1.719188045e-15 1e-20
4359.509122 1.777220178e-15 1e-20
4363.782519 1.827661201e-15 1e-20
4368.055917 1.834536144e-15 1e-20
4372.329315 1.879554251e-15 1e-20
4376.602712 1.962489788e-15 1e-20
4380.87611 2.034659748e-15 1e-20
4385.149507 2.053971464e-15 1e-20
4389.422905 2.163878013e-15 1e-20
4393.696303 2.240356617e-15 1e-20
4397.9697 2.255583305e-15 1e-20
4402.243098 2.282416674e-15 1e-20
4406.516496 2.378395036e-15 1e-20
4410.789893 2.404276127e-15 1e-20
4415.063291 2.411298454e-15 1e-20
4419.336688 2.508415228e-15 1e-20
4423.610086 2.562355981e-15 1e-20
4427.883484 2.548187237e-15 1e-20
4432.156881 2.581163288e-15 1e-20
4436.430279 2.653400376e-15 1e-20
4440.703677 2.707860359e-15 1e-20
4444.977074 2.743304876e-15 1e-20
4449.250472 2.756401911e-15 1e-20
4453.523869 2.784019209e-15 1e-20
4457.797267 2.795345734e-15 1e-20
4462.070665 2.825168917e-15 1e-20
4466.344062 2.886716236e-15 1e-20
4470.61746 2.839246181e-15 1e-20
4474.890858 2.845256938e-15 1e-20
4479.164255 2.830019451e-15 1e-20
4483.437653 2.797834528e-15 1e-20
4487.711051 2.862570715e-15 1e-20
4491.984448 2.893095241e-15 1e-20
4496.257846 2.859463163e-15 1e-20
4500.531243 2.85541011e-15 1e-20
4504.804641 2.896003741e-15 1e-20
4509.078039 2.830052697e-15 1e-20
4513.351436 2.831464489e-15 1e-20
4517.624834 2.796674728e-15 1e-20
4521.898232 2.756414829e-15 1e-20
4526.171629 2.741123555e-15 1e-20
4530.445027 2.726896578e-15 1e-20
4534.718424 2.709615623e-15 1e-20
4538.991822 2.723559691e-15 1e-20
4543.26522 2.601779435e-15 1e-20
4547.538617 2.543058452e-15 1e-20
4551.812015 2.550167388e-15 1e-20
4556.085413 2.524784775e-15 1e-20
4560.35881 2.396583586e-15 1e-20
4564.632208 2.398551667e-15 1e-20
4568.905605 2.34170411e-15 1e-20
4573.179003 2.257993114e-15 1e-20
4577.452401 2.239002e-15 1e-20
4581.725798 2.152091549e-15 1e-20
4585.999196 2.077638412e-15 1e-20
4590.272594 2.063849563e-15 1e-20
4594.545991 1.990621235e-15 1e-20
4598.819389 1.957720569e-15 1e-20
4603.092786 1.902308098e-15 1e-20
4607.366184 1.862235816e-15 1e-20
4611.639582 1.835356496e-15 1e-20
4615.912979 1.76027539e-15 1e-20
4620.186377 1.737129579e-15 1e-20
4624.459775 1.683761739e-15 1e-20
4628.733172 1.618247128e-15 1e-20
4633.00657 1.608034664e-15 1e-20
4637.279967 1.621019361e-15 1e-20
4641.553365 1.592097951e-15 1e-20
4645.826763 1.56285975e-15 1e-20
4650.10016 1.560039236e-15 1e-20
4654.373558 1.485308801e-15 1e-20
4658.646956 1.498443953e-15 1e-20
4662.920353 1.467840229e-15 1e-20
4667.193751 1.369243794e-15 1e-20
4671.467148 1.347308394e-15 1e-20
4675.740546 1.324039446e-15 1e-20
4680.013944 1.35831834e-15 1e-20
4684.287341 1.338430218e-15 1e-20
4688.560739 1.304554935e-15 1e-20
4692.834137 1.320879166e-15 1e-20
4697.107534 1.292863974e-15 1e-20
4701.380932 1.305867624e-15 1e-20
4705.654329 1.276063288e-15 1e-20
4709.927727 1.212804326e-15 1e-20
4714.201125 1.183155738e-15 1e-20
4718.474522 1.239439383e-15 1e-20
4722.74792 1.207283789e-15 1e-20
4727.021318 1.176777897e-15 1e-20
4731.294715 1.178719297e-15 1e-20
4735.568113 1.181710064e-15 1e-20
4739.84151 1.163390965e-15 1e-20
4744.114908 1.175096008e-15 1e-20
4748.388306 1.134258749e-15 1e-20
4752.661703 1.137027594e-15 1e-20
4756.935101 1.164207399e-15 1e-20
4761.208499 1.156566632e-15 1e-20
4765.481896 1.167315692e-15 1e-20
4769.755294 1.160444773e-15 1e-20
4774.028691 1.227848584e-15 1e-20
4778.302089 1.215603876e-15 1e-20
4782.575487 1.247761694e-15 1e-20
4786.848884 1.258820344e-15 1e-20
4791.122282 1.260886681e-15 1e-20
4795.39568 1.251634963e-15 1e-20
4799.669077 1.243081942e-15 1e-20
4803.942475 1.296914592e-15 1e-20
4808.215872 1.266640258e-15 1e-20
4812.48927 1.201470284e-15 1e-20
4816.762668 1.216246986e-15 1e-20
4821.036065 1.281186143e-15 1e-20
4825.309463 1.249149451e-15 1e-20
4829.582861 1.241149966e-15 1e-20
4833.856258 1.217689059e-15 1e-20
4838.129656 1.206227433e-15 1e-20
4842.403054 1.193329662e-15 1e-20
4846.676451 1.175230262e-15 1e-20
4850.949849 1.232724741e-15 1e-20
4855.223246 1.20414172e-15 1e-20
4859.496644 1.201385475e-15 1e-20
4863.770042 1.218529528e-15 1e-20
4868.043439 1.192190509e-15 1e-20
4872.316837 1.211626633e-15 1e-20
4876.590235 1.196086119e-15 1e-20
4880.863632 1.229870134e-15 1e-20
4885.13703 1.23115106e-15 1e-20
4889.410427 1.276395748e-15 1e-20
4893.683825 1.29565823e-15 1e-20
4897.957223 1.300917881e-15 1e-20
4902.23062 1.344210265e-15 1e-20
4906.504018 1.354365449e-15 1e-20
4910.777416 1.385036088e-15 1e-20
4915.050813 1.406923102e-15 1e-20
4919.324211 1.455115147e-15 1e-20
4923.597608 1.451772755e-15 1e-20
4927.871006 1.459417333e-15 1e-20
4932.144404 1.477224613e-15 1e-20
4936.417801 1.508234277e-15 1e-20
4940.691199 1.552172629e-15 1e-20
4944.964597 1.564946098e-15 1e-20
4949.237994 1.56473561e-15 1e-20
4953.511392 1.561492003e-15 1e-20
4957.784789 1.577963088e-15 1e-20
4962.058187 1.557284685e-15 1e-20
4966.331585 1.579158146e-15 1e-20
4970.604982 1.618929519e-15 1e-20
4974.87838 1.667988821e-15 1e-20
4979.151778 1.718813444e-15 1e-20
4983.425175 1.688781679e-15 1e-20
4987.698573 1.748189712e-15 1e-20
4991.97197 1.775526853e-15 1e-20
4996.245368 1.768072116e-15 1e-20
5000.518766 1.803104869e-15 1e-20
5004.792163 1.811602727e-15 1e-20
5009.065561 1.859165533e-15 1e-20
5013.338959 1.919275438e-15 1e-20
5017.612356 1.955920624e-15 1e-20
5021.885754 1.978246507e-15 1e-20
5026.159151 2.036240312e-15 1e-20
5030.432549 2.086862812e-15 1e-20
5034.705947 2.140856504e-15 1e-20
5038.979344 2.146384453e-15 1e-20
5043.252742 2.124431688e-15 1e-20
5047.52614 2.185953174e-15 1e-20
5051.799537 2.206973143e-15 1e-20
5056.072935 2.203656797e-15 1e-20
5060.346332 2.264041564e-15 1e-20
5064.61973 2.26659071e-15 1e-20
5068.893128 2.267949563e-15 1e-20
5073.166525 2.280173307e-15 1e-20
5077.439923 2.300516709e-15 1e-20
5081.713321 2.31991821e-15 1e-20
5085.986718 2.343915289e-15 1e-20
5090.260116 2.371727828e-15 1e-20
5094.533513 2.417929028e-15 1e-20
5098.806911 2.413774331e-15 1e-20
5103.080309 2.427473395e-15 1e-20
5107.353706 2.471205918e-15 1e-20
5111.627104 2.505612396e-15 1e-20
5115.900502 2.494982768e-15 1e-20
5120.173899 2.497729484e-15 1e-20
5124.447297 2.517836988e-15 1e-20
5128.720694 2.462041233e-15 1e-20
5132.994092 2.429851652e-15 1e-20
5137.26749 2.428625995e-15 1e-20
5141.540887 2.385490843e-15 1e-20
5145.814285 2.333524948e-15 1e-20
5150.087683 2.339579116e-15 1e-20
5154.36108 2.310796724e-15 1e-20
5158.634478 2.264543643e-15 1e-20
5162.907875 2.270767641e-15 1e-20
5167.181273 2.222320745e-15 1e-20
5171.454671 2.207323815e-15 1e-20
5175.728068 2.252111105e-15 1e-20
5180.001466 2.200937186e-15 1e-20
5184.274864 2.179181992e-15 1e-20
5188.548261 2.240769334e-15 1e-20
5192.821659 2.192897361e-15 1e-20
5197.095057 2.2010761e-15 1e-20
5201.368454 2.194546111e-15 1e-20
5205.641852 2.198538813e-15 1e-20
5209.915249 2.159312505e-15 1e-20
5214.188647 2.082689269e-15 1e-20
5218.462045 2.086456448e-15 1e-20
5222.735442 2.132468549e-15 1e-20
5227.00884 2.082962226e-15 1e-20
5231.282238 2.080493972e-15 1e-20
5235.555635 2.085669131e-15 1e-20
5239.829033 2.097001797e-15 1e-20
5244.10243 2.088107951e-15 1e-20
5248.375828 2.081714546e-15 1e-20
5252.649226 2.092005997e-15 1e-20
5256.922623 2.146087568e-15 1e-20
5261.196021 2.154270118e-15 1e-20
5265.469419 2.170231183e-15 1e-20
5269.742816 2.128440272e-15 1e-20
5274.016214 2.111062967e-15 1e-20
5278.289611 2.093682486e-15 1e-20
5282.563009 2.086275183e-15 1e-20
5286.836407 2.091561728e-15 1e-20
5291.109804 2.043709237e-15 1e-20
5295.383202 2.072449488e-15 1e-20
5299.6566 2.087760456e-15 1e-20
5303.929997 2.033273579e-15 1e-20
5308.203395 2.004008802e-15 1e-20
5312.476792 1.999196597e-15 1e-20
5316.75019 1.955913636e-15 1e-20
5321.023588 1.921583815e-15 1e-20
5325.296985 1.918445558e-15 1e-20
5329.570383 1.886935932e-15 1e-20
5333.843781 1.852482655e-15 1e-20
5338.117178 1.82073099e-15 1e-20
5342.390576 1.779993364e-15 1e-20
5346.663973 1.795997416e-15 1e-20
5350.937371 1.811697172e-15 1e-20
5355.210769 1.776603114e-15 1e-20
5359.484166 1.747333255e-15 1e-20
5363.757564 1.701769553e-15 1e-20
5368.030962 1.698503182e-15 1e-20
5372.304359 1.72668238e-15 1e-20
5376.577757 1.726844905e-15 1e-20
5380.851154 1.691413093e-15 1e-20
5385.124552 1.738348989e-15 1e-20
5389.39795 1.752520273e-15 1e-20
5393.671347 1.745210697e-15 1e-20
5397.944745 1.736300334e-15 1e-20
5402.218143 1.767626047e-15 1e-20
5406.49154 1.792774456e-15 1e-20
5410.764938 1.816977787e-15 1e-20
5415.038335 1.867600287e-15 1e-20
5419.311733 1.899675096e-15 1e-20
5423.585131 1.953800924e-15 1e-20
5427.858528 1.994171362e-15 1e-20
5432.131926 2.01877661e-15 1e-20
5436.405324 2.036992477e-15 1e-20
5440.678721 2.068374624e-15 1e-20
5444.952119 2.101201598e-15 1e-20
5449.225516 2.124589872e-15 1e-20
5453.498914 2.155405777e-15 1e-20
5457.772312 2.185059766e-15 1e-20
5462.045709 2.150526021e-15 1e-20
5466.319107 2.151968306e-15 1e-20
5470.592505 2.195530787e-15 1e-20
5474.865902 2.172855291e-15 1e-20
5479.1393 2.155764919e-15 1e-20
5483.412697 2.159381538e-15 1e-20
5487.686095 2.17203621e-15 1e-20
5491.959493 2.177560559e-15 1e-20
5496.23289 2.186472405e-15 1e-20
5500.506288 2.200603244e-15 1e-20
5504.779686 2.179769833e-15 1e-20
5509.053083 2.212821482e-15 1e-20
5513.326481 2.230782816e-15 1e-20
5517.599878 2.282420697e-15 1e-20
5521.873276 2.286727224e-15 1e-20
5526.146674 2.27602221e-15 1e-20
5530.420071 2.278036878e-15 1e-20
5534.693469 2.287627197e-15 1e-20
5538.966867 2.307496049e-15 1e-20
5543.240264 2.305450676e-15 1e-20
5547.513662 2.274683898e-15 1e-20
5551.787059 2.291223487e-15 1e-20
5556.060457 2.305084758e-15 1e-20
5560.333855 2.267621337e-15 1e-20
5564.607252 2.240293514e-15 1e-20
5568.88065 2.268060948e-15 1e-20
5573.154048 2.241062196e-15 1e-20
5577.427445 2.202764236e-15 1e-20
5581.700843 2.197483198e-15 1e-20
5585.974241 2.150416118e-15 1e-20
5590.247638 2.070990262e-15 1e-20
5594.521036 2.064309078e-15 1e-20
5598.794433 1.990545214e-15 1e-20
5603.067831 1.90848085e-15 1e-20
5607.341229 1.882466986e-15 1e-20
5611.614626 1.853538058e-15 1e-20
5615.888024 1.838634302e-15 1e-20
5620.161422 1.82560037e-15 1e-20
5624.434819 1.789987929e-15 1e-20
5628.708217 1.749570164e-15 1e-20
5632.981614 1.740752656e-15 1e-20
5637.255012 1.731811165e-15 1e-20
5641.52841 1.723617709e-15 1e-20
5645.801807 1.719514152e-15 1e-20
5650.075205 1.731410624e-15 1e-20
5654.348603 1.681940724e-15 1e-20
5658.622 1.662547481e-15 1e-20
5662.895398 1.690786606e-15 1e-20
5667.168795 1.680762819e-15 1e-20
5671.442193 1.711885244e-15 1e-20
5675.715591 1.711199148e-15 1e-20
5679.988988 1.717229281e-15 1e-20
5684.262386 1.692185058e-15 1e-20
5688.535784 1.75233615e-15 1e-20
5692.809181 1.733076315e-15 1e-20
5697.082579 1.734431567e-15 1e-20
5701.355976 1.748553406e-15 1e-20
5705.629374 1.774398393e-15 1e-20
5709.902772 1.760862489e-15 1e-20
5714.176169 1.761994866e-15 1e-20
5718.449567 1.789088592e-15 1e-20
5722.722965 1.779679326e-15 1e-20
5726.996362 1.826929577e-15 1e-20
5731.26976 1.861351513e-15 1e-20
5735.543157 1.871914014e-15 1e-20
5739.816555 1.912772131e-15 1e-20
5744.089953 1.874148487e-15 1e-20
5748.36335 1.882450469e-15 1e-20
5752.636748 1.901666258e-15 1e-20
5756.910146 1.916136546e-15 1e-20
5761.183543 1.900872377e-15 1e-20
5765.456941 1.93804717e-15 1e-20
5769.730338 1.979388943e-15 1e-20
5774.003736 1.947496882e-15 1e-20
5778.277134 1.965121096e-15 1e-20
5782.550531 2.027187012e-15 1e-20
5786.823929 2.053145184e-15 1e-20
5791.097327 2.06008556e-15 1e-20
5795.370724 2.088310392e-15 1e-20
5799.644122 2.114685727e-15 1e-20
5803.917519 2.087375903e-15 1e-20
5808.190917 2.158568175e-15 1e-20
5812.464315 2.228278139e-15 1e-20
5816.737712 2.186839594e-15 1e-20
5821.01111 2.174711352e-15 1e-20
5825.284508 2.249505209e-15 1e-20
5829.557905 2.305187249e-15 1e-20
5833.831303 2.29703138e-15 1e-20
5838.1047 2.28116243e-15 1e-20
5842.378098 2.281428822e-15 1e-20
5846.651496 2.266783622e-15 1e-20
5850.924893 2.263497981e-15 1e-20
5855.198291 2.289365732e-15 1e-20
5859.471689 2.246153923e-15 1e-20
5863.745086 2.199151217e-15 1e-20
5868.018484 2.227391508e-15 1e-20
5872.291881 2.196040489e-15 1e-20
5876.565279 2.157803304e-15 1e-20
5880.838677 2.131424157e-15 1e-20
5885.112074 2.082136792e-15 1e-20
5889.385472 2.007737018e-15 1e-20
5893.65887 1.916305105e-15 1e-20
5897.932267 1.855204595e-15 1e-20
5902.205665 1.805351624e-15 1e-20
5906.479062 1.704817284e-15 1e-20
5910.75246 1.561510744e-15 1e-20
5915.025858 1.411558384e-15 1e-20
5919.299255 1.295244243e-15 1e-20
5923.572653 1.266997494e-15 1e-20
5927.846051 1.292182431e-15 1e-20
5932.119448 1.297245147e-15 1e-20
5936.392846 1.276225706e-15 1e-20
5940.666244 1.236476568e-15 1e-20
5944.939641 1.205953735e-15 1e-20
5949.213039 1.190040104e-15 1e-20
5953.486436 1.13863738e-15 1e-20
5957.759834 1.11308409e-15 1e-20
5962.033232 1.095864228e-15 1e-20
5966.306629 1.057408932e-15 1e-20
5970.580027 1.045182964e-15 1e-20
5974.853425 1.026508747e-15 1e-20
5979.126822 1.004588063e-15 1e-20
5983.40022 9.673232725e-16 1e-20
5987.673617 9.705913373e-16 1e-20
5991.947015 9.694384196e-16 1e-20
5996.220413 9.648304545e-16 1e-20
6000.49381 9.532788309e-16 1e-20
6004.767208 9.163381359e-16 1e-20
6009.040606 9.043076211e-16 1e-20
6013.314003 8.991960949e-16 1e-20
6017.587401 8.860645431e-16 1e-20
6021.860798 9.092516465e-16 1e-20
6026.134196 9.140640642e-16 1e-20
6030.407594 8.7965748e-16 1e-20
6034.680991 9.052168051e-16 1e-20
6038.954389 9.428605374e-16 1e-20
6043.227787 9.120256794e-16 1e-20
6047.501184 9.117782399e-16 1e-20
6051.774582 9.460714276e-16 1e-20
6056.047979 9.428820309e-16 1e-20
6060.321377 9.73336677e-16 1e-20
6064.594775 9.632837723e-16 1e-20
6068.868172 1.002872822e-15 1e-20
6073.14157 1.00673561e-15 1e-20
6077.414968 1.045577364e-15 1e-20
6081.688365 1.11060853e-15 1e-20
6085.961763 1.124863142e-15 1e-20
6090.23516 1.151558444e-15 1e-20
6094.508558 1.188006484e-15 1e-20
6098.781956 1.23873984e-15 1e-20
6103.055353 1.267374424e-15 1e-20
6107.328751 1.29397507e-15 1e-20
6111.602149 1.346979851e-15 1e-20
6115.875546 1.398166581e-15 1e-20
6120.148944 1.432222494e-15 1e-20
6124.422341 1.436968949e-15 1e-20
6128.695739 1.505741671e-15 1e-20
6132.969137 1.544897252e-15 1e-20
6137.242534 1.596422795e-15 1e-20
6141.515932 1.60341124e-15 1e-20
6145.78933 1.665862768e-15 1e-20
6150.062727 1.712565518e-15 1e-20
6154.336125 1.765667072e-15 1e-20
6158.609522 1.792292706e-15 1e-20
6162.88292 1.830026965e-15 1e-20
6167.156318 1.865536068e-15 1e-20
6171.429715 1.865778955e-15 1e-20
6175.703113 1.867594782e-15 1e-20
6179.976511 1.909237039e-15 1e-20
6184.249908 1.976766952e-15 1e-20
6188.523306 2.038803645e-15 1e-20
6192.796703 2.03987853e-15 1e-20
6197.070101 2.030719139e-15 1e-20
6201.343499 2.063744954e-15 1e-20
6205.616896 2.062471863e-15 1e-20
6209.890294 2.06702043e-15 1e-20
6214.163692 2.08023118e-15 1e-20
6218.437089 2.123200949e-15 1e-20
6222.710487 2.196933473e-15 1e-20
6226.983884 2.175355309e-15 1e-20
6231.257282 2.192354202e-15 1e-20
6235.53068 2.220584539e-15 1e-20
6239.804077 2.202543373e-15 1e-20
6244.077475 2.207077964e-15 1e-20
6248.350873 2.217868104e-15 1e-20
6252.62427 2.235634832e-15 1e-20
6256.897668 2.215361946e-15 1e-20
6261.171065 2.220551081e-15 1e-20
6265.444463 2.214425763e-15 1e-20
6269.717861 2.183023075e-15 1e-20
6273.991258 2.173994339e-15 1e-20
6278.264656 2.140079351e-15 1e-20
6282.538054 2.102190085e-15 1e-20
6286.811451 2.124143909e-15 1e-20
6291.084849 2.168469567e-15 1e-20
6295.358247 2.184028715e-15 1e-20
6299.631644 2.18622253e-15 1e-20
6303.905042 2.169081336e-15 1e-20
6308.178439 2.173671408e-15 1e-20
6312.451837 2.165122728e-15 1e-20
6316.725235 2.185167974e-15 1e-20
6320.998632 2.208375194e-15 1e-20
6325.27203 2.165205525e-15 1e-20
6329.545428 2.157538606e-15 1e-20
6333.818825 2.160462988e-15 1e-20
6338.092223 2.146087991e-15 1e-20
6342.36562 2.170426213e-15 1e-20
6346.639018 2.128581938e-15 1e-20
6350.912416 2.091115553e-15 1e-20
6355.185813 2.1182727e-15 1e-20
6359.459211 2.110854597e-15 1e-20
6363.732609 2.130502162e-15 1e-20
6368.006006 2.130105539e-15 1e-20
6372.279404 2.127118053e-15 1e-20
6376.552801 2.114215836e-15 1e-20
6380.826199 2.115160701e-15 1e-20
6385.099597 2.086658042e-15 1e-20
6389.372994 2.046509528e-15 1e-20
6393.646392 2.073863398e-15 1e-20
6397.91979 2.062286999e-15 1e-20
6402.193187 2.071073695e-15 1e-20
6406.466585 2.031997312e-15 1e-20
6410.739982 2.015931638e-15 1e-20
6415.01338 2.019841119e-15 1e-20
6419.286778 2.005428006e-15 1e-20
6423.560175 1.972211186e-15 1e-20
6427.833573 1.986711754e-15 1e-20
6432.106971 2.010741444e-15 1e-20
6436.380368 1.964237429e-15 1e-20
6440.653766 1.955575459e-15 1e-20
6444.927163 1.964969266e-15 1e-20
6449.200561 1.960661256e-15 1e-20
6453.473959 1.927674193e-15 1e-20
6457.747356 1.909049421e-15 1e-20
6462.020754 1.928514026e-15 1e-20
6466.294152 1.922564255e-15 1e-20
6470.567549 1.887515302e-15 1e-20
6474.840947 1.851021523e-15 1e-20
6479.114344 1.835197889e-15 1e-20
6483.387742 1.840161714e-15 1e-20
6487.66114 1.87040566e-15 1e-20
6491.934537 1.854396738e-15 1e-20
6496.207935 1.831001899e-15 1e-20
6500.481333 1.849119299e-15 1e-20
6504.75473 1.83499566e-15 1e-20
6509.028128 1.80968081e-15 1e-20
6513.301525 1.828483882e-15 1e-20
6517.574923 1.811201869e-15 1e-20
6521.848321 1.75985992e-15 1e-20
6526.121718 1.760453478e-15 1e-20
6530.395116 1.769047898e-15 1e-20
6534.668514 1.76746924e-15 1e-20
6538.941911 1.768273286e-15 1e-20
6543.215309 1.746689828e-15 1e-20
6547.488706 1.739730711e-15 1e-20
6551.762104 1.693147287e-15 1e-20
6556.035502 1.683876406e-15 1e-20
6560.308899 1.682691618e-15 1e-20
6564.582297 1.697414639e-15 1e-20
6568.855695 1.681462362e-15 1e-20
6573.129092 1.658190132e-15 1e-20
6577.40249 1.673554992e-15 1e-20
6581.675887 1.674564867e-15 1e-20
6585.949285 1.66254674e-15 1e-20
6590.222683 1.63411682e-15 1e-20
6594.49608 1.634295756e-15 1e-20
6598.769478 1.615401098e-15 1e-20
6603.042876 1.621015232e-15 1e-20
6607.316273 1.615256784e-15 1e-20
6611.589671 1.588674032e-15 1e-20
6615.863068 1.5702751e-15 1e-20
6620.136466 1.544874805e-15 1e-20
6624.409864 1.537846549e-15 1e-20
6628.683261 1.516171506e-15 1e-20
6632.956659 1.517658895e-15 1e-20
6637.230057 1.538066672e-15 1e-20
6641.503454 1.522940781e-15 1e-20
6645.776852 1.477449288e-15 1e-20
6650.050249 1.46887255e-15 1e-20
6654.323647 1.489028123e-15 1e-20
6658.597045 1.466054578e-15 1e-20
6662.870442 1.464786569e-15 1e-20
6667.14384 1.489215211e-15 1e-20
6671.417238 1.457917767e-15 1e-20
6675.690635 1.442283022e-15 1e-20
6679.964033 1.429694418e-15 1e-20
6684.237431 1.40647841e-15 1e-20
6688.510828 1.390057935e-15 1e-20
6692.784226 1.411109986e-15 1e-20
6697.057623 1.4152668e-15 1e-20
6701.331021 1.411156678e-15 1e-20
6705.604419 1.372570939e-15 1e-20
6709.877816 1.344954701e-15 1e-20
6714.151214 1.354021765e-15 1e-20
6718.424612 1.369208642e-15 1e-20
6722.698009 1.345255609e-15 1e-20
6726.971407 1.290227584e-15 1e-20
6731.244804 1.32353599e-15 1e-20
6735.518202 1.345885802e-15 1e-20
6739.7916 1.317113363e-15 1e-20
6744.064997 1.342681688e-15 1e-20
6748.338395 1.328309339e-15 1e-20
6752.611793 1.288545801e-15 1e-20
6756.88519 1.285202032e-15 1e-20
6761.158588 1.286173155e-15 1e-20
6765.431985 1.290998173e-15 1e-20
6769.705383 1.298719301e-15 1e-20
6773.978781 1.300337029e-15 1e-20
6778.252178 1.291208343e-15 1e-20
6782.525576 1.283364288e-15 1e-20
6786.798974 1.280575962e-15 1e-20
6791.072371 1.26496885e-15 1e-20
6795.345769 1.255628512e-15 1e-20
6799.619166 1.269758292e-15 1e-20
6803.892564 1.277708226e-15 1e-20
6808.165962 1.302192772e-15 1e-20
6812.439359 1.291220201e-15 1e-20
6816.712757 1.259169533e-15 1e-20
6820.986155 1.279672707e-15 1e-20
6825.259552 1.293015064e-15 1e-20
6829.53295 1.276125227e-15 1e-20
6833.806347 1.251297844e-15 1e-20
6838.079745 1.27116352e-15 1e-20
6842.353143 1.270636348e-15 1e-20
6846.62654 1.252499361e-15 1e-20
6850.899938 1.259743186e-15 1e-20
6855.173336 1.257850279e-15 1e-20
6859.446733 1.233514917e-15 1e-20
6863.720131 1.205160171e-15 1e-20
6867.993528 1.15258346e-15 1e-20
6872.266926 1.091700002e-15 1e-20
6876.540324 1.099821778e-15 1e-20
6880.813721 1.233079119e-15 1e-20
6885.087119 1.22955292e-15 1e-20
6889.360517 1.171108918e-15 1e-20
6893.633914 1.127579471e-15 1e-20
6897.907312 1.165077725e-15 1e-20
6902.180709 1.202229543e-15 1e-20
6906.454107 1.226797099e-15 1e-20
6910.727505 1.214792736e-15 1e-20
6915.000902 1.193480752e-15 1e-20
6919.2743 1.201499507e-15 1e-20
6923.547698 1.214833182e-15 1e-20
6927.821095 1.211027463e-15 1e-20
6932.094493 1.181175163e-15 1e-20
6936.36789 1.192632131e-15 1e-20
6940.641288 1.201255244e-15 1e-20
6944.914686 1.196821344e-15 1e-20
6949.188083 1.192015067e-15 1e-20
6953.461481 1.23182318e-15 1e-20
6957.734879 1.206791345e-15 1e-20
6962.008276 1.1947837e-15 1e-20
6966.281674 1.200200264e-15 1e-20
6970.555071 1.204807806e-15 1e-20
6974.828469 1.199775901e-15 1e-20
6979.101867 1.178312721e-15 1e-20
6983.375264 1.16950559e-15 1e-20
6987.648662 1.188585642e-15 1e-20
6991.92206 1.200122866e-15 1e-20
6996.195457 1.205225922e-15 1e-20
7000.468855 1.212733599e-15 1e-20
7004.742252 1.196573163e-15 1e-20
7009.01565 1.200356118e-15 1e-20
7013.289048 1.192171027e-15 1e-20
7017.562445 1.195508125e-15 1e-20
7021.835843 1.168174584e-15 1e-20
7026.109241 1.171540904e-15 1e-20
7030.382638 1.201614703e-15 1e-20
7034.656036 1.184250316e-15 1e-20
7038.929434 1.189529978e-15 1e-20
7043.202831 1.18875759e-15 1e-20
7047.476229 1.196747334e-15 1e-20
7051.749626 1.212314635e-15 1e-20
7056.023024 1.211279032e-15 1e-20
7060.296422 1.208839471e-15 1e-20
7064.569819 1.182301082e-15 1e-20
7068.843217 1.197010762e-15 1e-20
7073.116615 1.200445374e-15 1e-20
7077.390012 1.167916239e-15 1e-20
7081.66341 1.171371604e-15 1e-20
7085.936807 1.173394742e-15 1e-20
7090.210205 1.199304633e-15 1e-20
7094.483603 1.178540785e-15 1e-20
7098.757 1.194784759e-15 1e-20
7103.030398 1.209174049e-15 1e-20
7107.303796 1.177083253e-15 1e-20
7111.577193 1.157388148e-15 1e-20
7115.850591 1.181607044e-15 1e-20
7120.123988 1.198703663e-15 1e-20
7124.397386 1.168627852e-15 1e-20
7128.670784 1.145733293e-15 1e-20
7132.944181 1.16644219e-15 1e-20
7137.217579 1.173132373e-15 1e-20
7141.490977 1.170814044e-15 1e-20
7145.764374 1.170553476e-15 1e-20
7150.037772 1.160386857e-15 1e-20
7154.311169 1.125319269e-15 1e-20
7158.584567 1.155776245e-15 1e-20
7162.857965 1.106084528e-15 1e-20
7167.131362 1.077055756e-15 1e-20
7171.40476 1.086457715e-15 1e-20
7175.678158 1.082796839e-15 1e-20
7179.951555 1.067438332e-15 1e-20
7184.224953 1.048880581e-15 1e-20
7188.49835 1.045948153e-15 1e-20
7192.771748 1.035549024e-15 1e-20
7197.045146 1.035499366e-15 1e-20
7201.318543 1.069884457e-15 1e-20
7205.591941 1.043495145e-15 1e-20
7209.865339 1.017619983e-15 1e-20
7214.138736 1.009911877e-15 1e-20
7218.412134 1.01017774e-15 1e-20
7222.685531 9.918073951e-16 1e-20
7226.958929 9.640944888e-16 1e-20
7231.232327 9.390629711e-16 1e-20
7235.505724 9.394834171e-16 1e-20
7239.779122 9.460346875e-16 1e-20
7244.05252 9.31305314e-16 1e-20
7248.325917 9.098277348e-16 1e-20
7252.599315 9.140981573e-16 1e-20
7256.872712 8.934350003e-16 1e-20
7261.14611 8.5624316e-16 1e-20
7265.419508 8.950634211e-16 1e-20
7269.692905 8.760245028e-16 1e-20
7273.966303 8.373850302e-16 1e-20
7278.239701 8.381909821e-16 1e-20
7282.513098 8.407792501e-16 1e-20
7286.786496 8.312318123e-16 1e-20
7291.059893 8.257773437e-16 1e-20
7295.333291 8.270168176e-16 1e-20
7299.606689 8.44926694e-16 1e-20
7303.880086 8.173981761e-16 1e-20
7308.153484 7.944270661e-16 1e-20
7312.426882 7.973040135e-16 1e-20
7316.700279 7.934285201e-16 1e-20
7320.973677 8.268409523e-16 1e-20
7325.247074 8.45692147e-16 1e-20
7329.520472 8.364136423e-16 1e-20
7333.79387 8.150110255e-16 1e-20
7338.067267 8.050287952e-16 1e-20
7342.340665 8.193104589e-16 1e-20
7346.614063 8.160715637e-16 1e-20
7350.88746 8.358237367e-16 1e-20
7355.160858 8.418842045e-16 1e-20
7359.434255 8.085880805e-16 1e-20
7363.707653 8.136516964e-16 1e-20
7367.981051 8.151759852e-16 1e-20
7372.254448 7.880336614e-16 1e-20
7376.527846 7.866919612e-16 1e-20
7380.801244 7.99469612e-16 1e-20
7385.074641 7.985298819e-16 1e-20
7389.348039 7.890453893e-16 1e-20
7393.621436 7.827702516e-16 1e-20
7397.894834 7.904144593e-16 1e-20
7402.168232 7.664623792e-16 1e-20
7406.441629 7.729837388e-16 1e-20
7410.715027 7.707353957e-16 1e-20
7414.988425 7.72954675e-16 1e-20
7419.261822 7.800036302e-16 1e-20
7423.53522 7.960305524e-16 1e-20
7427.808618 7.713940697e-16 1e-20
7432.082015 7.822783372e-16 1e-20
7436.355413 7.949401034e-16 1e-20
7440.62881 7.642010659e-16 1e-20
7444.902208 7.383217212e-16 1e-20
7449.175606 7.538132656e-16 1e-20
7453.449003 8.026385741e-16 1e-20
7457.722401 7.859651011e-16 1e-20
7461.995799 7.777120355e-16 1e-20
7466.269196 7.428475242e-16 1e-20
7470.542594 7.81081162e-16 1e-20
7474.815991 7.657850176e-16 1e-20
7479.089389 7.714664911e-16 1e-20
7483.362787 7.727300525e-16 1e-20
7487.636184 7.884217084e-16 1e-20
7491.909582 7.975655349e-16 1e-20
7496.18298 7.640081013e-16 1e-20
7500.456377 7.689356095e-16 1e-20
7504.729775 8.101828318e-16 1e-20
7509.003172 8.048062373e-16 1e-20
7513.27657 7.838934173e-16 1e-20
7517.549968 7.929841455e-16 1e-20
7521.823365 8.011220145e-16 1e-20
7526.096763 7.944337365e-16 1e-20
7530.370161 8.185223476e-16 1e-20
7534.643558 7.758317812e-16 1e-20
7538.916956 7.45645274e-16 1e-20
7543.190353 7.856828273e-16 1e-20
7547.463751 8.01351031e-16 1e-20
7551.737149 8.049696617e-16 1e-20
7556.010546 8.129631116e-16 1e-20
7560.283944 7.960942387e-16 1e-20
7564.557342 8.141396404e-16 1e-20
7568.830739 8.468500411e-16 1e-20
7573.104137 8.157141158e-16 1e-20
7577.377534 7.712367334e-16 1e-20
7581.650932 7.668439676e-16 1e-20
7585.92433 7.433878782e-16 1e-20
7590.197727 7.032478868e-16 1e-20
7594.471125 6.468656152e-16 1e-20
7598.744523 5.465232335e-16 1e-20
7603.01792 4.575326815e-16 1e-20
7607.291318 4.060097849e-16 1e-20
7611.564715 4.457028076e-16 1e-20
7615.838113 5.663724977e-16 1e-20
7620.111511 7.355591233e-16 1e-20
7624.384908 6.809301039e-16 1e-20
7628.658306 5.924951526e-16 1e-20
7632.931704 5.932354065e-16 1e-20
7637.205101 5.79058616e-16 1e-20
7641.478499 6.034342655e-16 1e-20
7645.751896 6.53459449e-16 1e-20
7650.025294 6.331918564e-16 1e-20
7654.298692 6.407241498e-16 1e-20
7658.572089 6.742667604e-16 1e-20
7662.845487 6.485682043e-16 1e-20
7667.118885 6.765765134e-16 1e-20
7671.392282 6.670966265e-16 1e-20
7675.66568 6.579452296e-16 1e-20
7679.939077 6.929981529e-16 1e-20
7684.212475 6.701772854e-16 1e-20
7688.485873 6.531770694e-16 1e-20
7692.75927 6.443319808e-16 1e-20
7697.032668 5.989209563e-16 1e-20
7701.306066 5.773925022e-16 1e-20
7705.579463 5.891187205e-16 1e-20
7709.852861 5.943442255e-16 1e-20
7714.126258 5.947386782e-16 1e-20
7718.399656 5.822467951e-16 1e-20
7722.673054 5.791209259e-16 1e-20
7726.946451 6.039872192e-16 1e-20
