3681.5658 2.41853e-15 1e-20
3683.5455 2.5202e-15 1e-20
3685.5252 2.59615e-15 1e-20
3687.5049 2.63254e-15 1e-20
3689.4847 2.54384e-15 1e-20
3691.4644 2.29964e-15 1e-20
3693.4441 2.38266e-15 1e-20
3695.4239 2.54479e-15 1e-20
3697.4036 2.57811e-15 1e-20
3699.3833 2.89569e-15 1e-20
3701.363 3.30412e-15 1e-20
3703.3428 3.2701e-15 1e-20
3705.3225 3.18111e-15 1e-20
3707.3022 3.34185e-15 1e-20
3709.2819 3.26477e-15 1e-20
3711.2617 3.06655e-15 1e-20
3713.2414 3.19764e-15 1e-20
3715.2211 3.3045e-15 1e-20
3717.2009 3.37303e-15 1e-20
3719.1806 3.71683e-15 1e-20
3721.1603 3.93184e-15 1e-20
3723.14 3.82967e-15 1e-20
3725.1198 3.75841e-15 1e-20
3727.0995 3.81732e-15 1e-20
3729.0792 3.89728e-15 1e-20
3731.059 3.87773e-15 1e-20
3733.0387 3.95646e-15 1e-20
3735.0184 4.10516e-15 1e-20
3736.9981 4.30343e-15 1e-20
3738.9779 4.47696e-15 1e-20
3740.9576 4.2276e-15 1e-20
3742.9373 4.18258e-15 1e-20
3744.9171 4.2244e-15 1e-20
3746.8968 4.36456e-15 1e-20
3748.8765 4.40299e-15 1e-20
3750.8562 4.37115e-15 1e-20
3752.836 4.46868e-15 1e-20
3754.8157 4.51056e-15 1e-20
3756.7954 4.80777e-15 1e-20
3758.7751 4.96461e-15 1e-20
3760.7549 4.84002e-15 1e-20
3762.7346 4.80362e-15 1e-20
3764.7143 4.83536e-15 1e-20
3766.6941 5.01121e-15 1e-20
3768.6738 5.06749e-15 1e-20
3770.6535 5.64075e-15 1e-20
3772.6332 5.31312e-15 1e-20
3774.613 5.11232e-15 1e-20
3776.5927 5.57227e-15 1e-20
3778.5724 5.81321e-15 1e-20
3780.5522 6.12148e-15 1e-20
3782.5319 6.14335e-15 1e-20
3784.5116 6.45325e-15 1e-20
3786.4913 6.55604e-15 1e-20
3788.4711 6.54849e-15 1e-20
3790.4508 6.81507e-15 1e-20
3792.4305 7.0186e-15 1e-20
3794.4102 6.77999e-15 1e-20
3796.39 6.92485e-15 1e-20
3798.3697 7.54851e-15 1e-20
3800.3494 7.28934e-15 1e-20
3802.3292 7.43614e-15 1e-20
3804.3089 7.5924e-15 1e-20
3806.2886 7.79343e-15 1e-20
3808.2683 8.04379e-15 1e-20
3810.2481 8.14798e-15 1e-20
3812.2278 8.32674e-15 1e-20
3814.2075 8.49626e-15 1e-20
3816.1873 8.45983e-15 1e-20
3818.167 9.07511e-15 1e-20
3820.1467 8.73502e-15 1e-20
3822.1264 8.75103e-15 1e-20
3824.1062 9.24392e-15 1e-20
3826.0859 9.2612e-15 1e-20
3828.0656 8.67757e-15 1e-20
3830.0453 8.89588e-15 1e-20
3832.0251 9.20413e-15 1e-20
3834.0048 9.23651e-15 1e-20
3835.9845 8.96135e-15 1e-20
3837.9643 8.78005e-15 1e-20
3839.944 8.70399e-15 1e-20
3841.9237 9.02357e-15 1e-20
3843.9034 8.62333e-15 1e-20
3845.8832 8.85379e-15 1e-20
3847.8629 8.70204e-15 1e-20
3849.8426 8.7053e-15 1e-20
3851.8224 8.44929e-15 1e-20
3853.8021 8.45038e-15 1e-20
3855.7818 8.61317e-15 1e-20
3857.7615 8.63489e-15 1e-20
3859.7413 8.77082e-15 1e-20
3861.721 8.94432e-15 1e-20
3863.7007 8.84727e-15 1e-20
3865.6804 8.78653e-15 1e-20
3867.6602 8.5151e-15 1e-20
3869.6399 8.39256e-15 1e-20
3871.6196 8.70291e-15 1e-20
3873.5994 9.06433e-15 1e-20
3875.5791 9.11725e-15 1e-20
3877.5588 8.65232e-15 1e-20
3879.5385 8.73922e-15 1e-20
3881.5183 8.67771e-15 1e-20
3883.498 8.6339e-15 1e-20
3885.4777 8.82177e-15 1e-20
3887.4575 8.93082e-15 1e-20
3889.4372 8.97242e-15 1e-20
3891.4169 8.85185e-15 1e-20
3893.3966 8.95268e-15 1e-20
3895.3764 8.51543e-15 1e-20
3897.3561 8.28206e-15 1e-20
3899.3358 8.52461e-15 1e-20
3901.3155 8.8023e-15 1e-20
3903.2953 8.96081e-15 1e-20
3905.275 9.03229e-15 1e-20
3907.2547 9.10515e-15 1e-20
3909.2345 9.02558e-15 1e-20
3911.2142 9.1319e-15 1e-20
3913.1939 8.88423e-15 1e-20
3915.1736 8.78988e-15 1e-20
3917.1534 8.83096e-15 1e-20
3919.1331 8.54335e-15 1e-20
3921.1128 8.75213e-15 1e-20
3923.0926 8.815e-15 1e-20
3925.0723 8.81807e-15 1e-20
3927.052 8.7373e-15 1e-20
3929.0317 8.58719e-15 1e-20
3931.0115 8.6484e-15 1e-20
3932.9912 8.524e-15 1e-20
3934.9709 8.45423e-15 1e-20
3936.9507 8.50401e-15 1e-20
3938.9304 8.35426e-15 1e-20
3940.9101 8.53907e-15 1e-20
3942.8898 8.92621e-15 1e-20
3944.8696 8.88078e-15 1e-20
3946.8493 8.73656e-15 1e-20
3948.829 8.74358e-15 1e-20
3950.8087 8.84062e-15 1e-20
3952.7885 8.80641e-15 1e-20
3954.7682 8.85348e-15 1e-20
3956.7479 8.77818e-15 1e-20
3958.7277 8.9585e-15 1e-20
3960.7074 8.87867e-15 1e-20
3962.6871 9.05845e-15 1e-20
3964.6668 8.89215e-15 1e-20
3966.6466 8.96812e-15 1e-20
3968.6263 9.1702e-15 1e-20
3970.606 9.26042e-15 1e-20
3972.5858 9.00974e-15 1e-20
3974.5655 8.97731e-15 1e-20
3976.5452 9.4611e-15 1e-20
3978.5249 9.12746e-15 1e-20
3980.5047 8.84036e-15 1e-20
3982.4844 9.4233e-15 1e-20
3984.4641 9.53193e-15 1e-20
3986.4438 9.62162e-15 1e-20
3988.4236 9.62848e-15 1e-20
3990.4033 9.34167e-15 1e-20
3992.383 9.62219e-15 1e-20
3994.3628 9.68628e-15 1e-20
3996.3425 9.61584e-15 1e-20
3998.3222 9.63297e-15 1e-20
4000.3019 9.96271e-15 1e-20
4002.2817 9.5673e-15 1e-20
4004.2614 9.69296e-15 1e-20
4006.2411 1.00595e-14 1e-20
4008.2209 9.67139e-15 1e-20
4010.2006 9.88049e-15 1e-20
4012.1803 1.00601e-14 1e-20
4014.16 1.02066e-14 1e-20
4016.1398 9.79735e-15 1e-20
4018.1195 9.92021e-15 1e-20
4020.0992 1.00028e-14 1e-20
4022.0789 9.12847e-15 1e-20
4024.0587 9.0937e-15 1e-20
4026.0384 9.38211e-15 1e-20
4028.0181 9.27778e-15 1e-20
4029.9979 9.61828e-15 1e-20
4031.9776 1.00971e-14 1e-20
4033.9573 9.58509e-15 1e-20
4035.937 9.80538e-15 1e-20
4037.9168 1.00493e-14 1e-20
4039.8965 9.7005e-15 1e-20
4041.8762 9.82698e-15 1e-20
4043.856 9.63244e-15 1e-20
4045.8357 9.60815e-15 1e-20
4047.8154 9.59117e-15 1e-20
4049.7951 9.64812e-15 1e-20
4051.7749 9.89676e-15 1e-20
4053.7546 1.00475e-14 1e-20
4055.7343 9.78249e-15 1e-20
4057.714 9.42942e-15 1e-20
4059.6938 9.59122e-15 1e-20
4061.6735 9.38605e-15 1e-20
4063.6532 9.50717e-15 1e-20
4065.633 9.30616e-15 1e-20
4067.6127 9.64766e-15 1e-20
4069.5924 9.70896e-15 1e-20
4071.5721 9.4067e-15 1e-20
4073.5519 9.20327e-15 1e-20
4075.5316 9.13157e-15 1e-20
4077.5113 8.84328e-15 1e-20
4079.4911 8.86938e-15 1e-20
4081.4708 8.66232e-15 1e-20
4083.4505 8.39603e-15 1e-20
4085.4302 8.0923e-15 1e-20
4087.41 7.94233e-15 1e-20
4089.3897 7.61168e-15 1e-20
4091.3694 7.25264e-15 1e-20
4093.3491 7.00782e-15 1e-20
4095.3289 6.78038e-15 1e-20
4097.3086 6.56784e-15 1e-20
4099.2883 6.44512e-15 1e-20
4101.2681 6.43922e-15 1e-20
4103.2478 6.55998e-15 1e-20
4105.2275 6.90636e-15 1e-20
4107.2072 7.44309e-15 1e-20
4109.187 7.98174e-15 1e-20
4111.1667 8.39427e-15 1e-20
4113.1464 8.2416e-15 1e-20
4115.1262 8.02929e-15 1e-20
4117.1059 8.28798e-15 1e-20
4119.0856 8.28422e-15 1e-20
4121.0653 8.27933e-15 1e-20
4123.0451 8.29014e-15 1e-20
4125.0248 7.91522e-15 1e-20
4127.0045 7.85092e-15 1e-20
4128.9843 7.88317e-15 1e-20
4130.964 8.039e-15 1e-20
4132.9437 7.87932e-15 1e-20
4134.9234 8.0018e-15 1e-20
4136.9032 7.86856e-15 1e-20
4138.8829 7.84904e-15 1e-20
4140.8626 7.89021e-15 1e-20
4142.8423 7.51962e-15 1e-20
4144.8221 7.26298e-15 1e-20
4146.8018 7.37658e-15 1e-20
4148.7815 7.3454e-15 1e-20
4150.7613 7.15465e-15 1e-20
4152.741 7.19435e-15 1e-20
4154.7207 7.07173e-15 1e-20
4156.7004 6.96548e-15 1e-20
4158.6802 6.83529e-15 1e-20
4160.6599 6.6745e-15 1e-20
4162.6396 6.67537e-15 1e-20
4164.6194 6.51587e-15 1e-20
4166.5991 6.43674e-15 1e-20
4168.5788 6.44154e-15 1e-20
4170.5585 6.17615e-15 1e-20
4172.5383 6.33121e-15 1e-20
4174.518 6.40678e-15 1e-20
4176.4977 6.10732e-15 1e-20
4178.4774 6.14316e-15 1e-20
4180.4572 5.97035e-15 1e-20
4182.4369 6.07658e-15 1e-20
4184.4166 5.88873e-15 1e-20
4186.3964 5.78715e-15 1e-20
4188.3761 5.6815e-15 1e-20
4190.3558 5.54673e-15 1e-20
4192.3355 5.48699e-15 1e-20
4194.3153 5.38914e-15 1e-20
4196.295 5.29548e-15 1e-20
4198.2747 5.22374e-15 1e-20
4200.2545 5.18328e-15 1e-20
4202.2342 5.1712e-15 1e-20
4204.2139 5.01289e-15 1e-20
4206.1936 4.9116e-15 1e-20
4208.1734 4.87216e-15 1e-20
4210.1531 4.87185e-15 1e-20
4212.1328 4.95402e-15 1e-20
4214.1125 4.71687e-15 1e-20
4216.0923 4.5617e-15 1e-20
4218.072 4.67481e-15 1e-20
4220.0517 4.69674e-15 1e-20
4222.0315 4.47085e-15 1e-20
4224.0112 4.44861e-15 1e-20
4225.9909 4.47413e-15 1e-20
4227.9706 4.38357e-15 1e-20
4229.9504 4.2173e-15 1e-20
4231.9301 4.31352e-15 1e-20
4233.9098 4.35248e-15 1e-20
4235.8896 4.34646e-15 1e-20
4237.8693 4.34872e-15 1e-20
4239.849 4.14709e-15 1e-20
4241.8287 4.23662e-15 1e-20
4243.8085 4.18421e-15 1e-20
4245.7882 4.33393e-15 1e-20
4247.7679 4.21749e-15 1e-20
4249.7476 4.35125e-15 1e-20
4251.7274 4.34986e-15 1e-20
4253.7071 4.27071e-15 1e-20
4255.6868 4.35295e-15 1e-20
4257.6666 4.41857e-15 1e-20
4259.6463 4.29855e-15 1e-20
4261.626 4.35656e-15 1e-20
4263.6057 4.43943e-15 1e-20
4265.5855 4.51777e-15 1e-20
4267.5652 4.53252e-15 1e-20
4269.5449 4.43969e-15 1e-20
4271.5247 4.40816e-15 1e-20
4273.5044 4.47911e-15 1e-20
4275.4841 4.70481e-15 1e-20
4277.4638 4.77292e-15 1e-20
4279.4436 4.73378e-15 1e-20
4281.4233 4.47158e-15 1e-20
4283.403 4.63549e-15 1e-20
4285.3827 4.83216e-15 1e-20
4287.3625 4.81138e-15 1e-20
4289.3422 4.7605e-15 1e-20
4291.3219 4.89522e-15 1e-20
4293.3017 5.04599e-15 1e-20
4295.2814 4.99464e-15 1e-20
4297.2611 5.07437e-15 1e-20
4299.2408 5.14404e-15 1e-20
4301.2206 5.04369e-15 1e-20
4303.2003 5.09682e-15 1e-20
4305.18 5.31979e-15 1e-20
4307.1598 5.43425e-15 1e-20
4309.1395 5.23401e-15 1e-20
4311.1192 5.41777e-15 1e-20
4313.0989 5.49536e-15 1e-20
4315.0787 5.52198e-15 1e-20
4317.0584 5.67971e-15 1e-20
4319.0381 5.81728e-15 1e-20
4321.0179 5.62696e-15 1e-20
4322.9976 5.61692e-15 1e-20
4324.9773 5.8243e-15 1e-20
4326.957 5.85991e-15 1e-20
4328.9368 5.84306e-15 1e-20
4330.9165 5.8618e-15 1e-20
4332.8962 5.82794e-15 1e-20
4334.8759 5.81431e-15 1e-20
4336.8557 5.80304e-15 1e-20
4338.8354 5.80468e-15 1e-20
4340.8151 5.87234e-15 1e-20
4342.7949 5.84343e-15 1e-20
4344.7746 5.79155e-15 1e-20
4346.7543 5.8404e-15 1e-20
4348.734 5.72396e-15 1e-20
4350.7138 5.59563e-15 1e-20
4352.6935 5.69155e-15 1e-20
4354.6732 5.78403e-15 1e-20
4356.653 5.56536e-15 1e-20
4358.6327 5.47312e-15 1e-20
4360.6124 5.47386e-15 1e-20
4362.5921 5.4925e-15 1e-20
4364.5719 5.4914e-15 1e-20
4366.5516 5.44957e-15 1e-20
4368.5313 5.60736e-15 1e-20
4370.511 5.47434e-15 1e-20
4372.4908 5.43645e-15 1e-20
4374.4705 5.48465e-15 1e-20
4376.4502 5.37519e-15 1e-20
4378.43 5.36119e-15 1e-20
4380.4097 5.49644e-15 1e-20
4382.3894 5.50469e-15 1e-20
4384.3691 5.55722e-15 1e-20
4386.3489 5.72003e-15 1e-20
4388.3286 5.61815e-15 1e-20
4390.3083 5.52804e-15 1e-20
4392.2881 5.79946e-15 1e-20
4394.2678 5.83435e-15 1e-20
4396.2475 5.73556e-15 1e-20
4398.2272 5.84538e-15 1e-20
4400.207 6.08822e-15 1e-20
4402.1867 6.1656e-15 1e-20
4404.1664 6.12182e-15 1e-20
4406.1461 6.20239e-15 1e-20
4408.1259 6.33922e-15 1e-20
4410.1056 6.40938e-15 1e-20
4412.0853 6.43995e-15 1e-20
4414.0651 6.4535e-15 1e-20
4416.0448 6.48213e-15 1e-20
4418.0245 6.61894e-15 1e-20
4420.0042 6.61822e-15 1e-20
4421.984 6.46992e-15 1e-20
4423.9637 6.62014e-15 1e-20
4425.9434 6.81244e-15 1e-20
4427.9232 6.9298e-15 1e-20
4429.9029 6.84407e-15 1e-20
4431.8826 6.92736e-15 1e-20
4433.8623 7.0792e-15 1e-20
4435.8421 6.94263e-15 1e-20
4437.8218 6.84127e-15 1e-20
4439.8015 7.03205e-15 1e-20
4441.7812 7.07775e-15 1e-20
4443.761 7.10424e-15 1e-20
4445.7407 7.18071e-15 1e-20
4447.7204 7.18833e-15 1e-20
4449.7002 7.12464e-15 1e-20
4451.6799 7.19668e-15 1e-20
4453.6596 7.30877e-15 1e-20
4455.6393 7.32708e-15 1e-20
4457.6191 7.26573e-15 1e-20
4459.5988 7.1619e-15 1e-20
4461.5785 7.1053e-15 1e-20
4463.5583 7.06045e-15 1e-20
4465.538 7.27028e-15 1e-20
4467.5177 7.24366e-15 1e-20
4469.4974 7.27752e-15 1e-20
4471.4772 7.34751e-15 1e-20
4473.4569 7.11722e-15 1e-20
4475.4366 7.07242e-15 1e-20
4477.4163 7.02783e-15 1e-20
4479.3961 7.1569e-15 1e-20
4481.3758 6.88339e-15 1e-20
4483.3555 7.13548e-15 1e-20
4485.3353 7.20838e-15 1e-20
4487.315 7.18493e-15 1e-20
4489.2947 7.10957e-15 1e-20
4491.2744 7.01045e-15 1e-20
4493.2542 6.97758e-15 1e-20
4495.2339 7.01116e-15 1e-20
4497.2136 7.04792e-15 1e-20
4499.1934 7.04744e-15 1e-20
4501.1731 7.17037e-15 1e-20
4503.1528 7.25735e-15 1e-20
4505.1325 7.33167e-15 1e-20
4507.1123 7.40146e-15 1e-20
4509.092 7.14495e-15 1e-20
4511.0717 7.02927e-15 1e-20
4513.0515 7.16292e-15 1e-20
4515.0312 7.19804e-15 1e-20
4517.0109 7.18826e-15 1e-20
4518.9906 7.11982e-15 1e-20
4520.9704 7.14423e-15 1e-20
4522.9501 7.29688e-15 1e-20
4524.9298 7.14134e-15 1e-20
4526.9095 6.9933e-15 1e-20
4528.8893 6.95583e-15 1e-20
4530.869 7.01479e-15 1e-20
4532.8487 7.00365e-15 1e-20
4534.8285 6.94418e-15 1e-20
4536.8082 6.91005e-15 1e-20
4538.7879 7.11406e-15 1e-20
4540.7676 7.00435e-15 1e-20
4542.7474 6.71175e-15 1e-20
4544.7271 6.58256e-15 1e-20
4546.7068 6.74939e-15 1e-20
4548.6866 6.66036e-15 1e-20
4550.6663 6.4766e-15 1e-20
4552.646 6.47339e-15 1e-20
4554.6257 6.43679e-15 1e-20
4556.6055 6.36653e-15 1e-20
4558.5852 6.27193e-15 1e-20
4560.5649 6.09459e-15 1e-20
4562.5446 6.19053e-15 1e-20
4564.5244 6.2279e-15 1e-20
4566.5041 6.08949e-15 1e-20
4568.4838 6.00159e-15 1e-20
4570.4636 5.96858e-15 1e-20
4572.4433 5.89524e-15 1e-20
4574.423 5.72564e-15 1e-20
4576.4027 5.64181e-15 1e-20
4578.3825 5.75846e-15 1e-20
4580.3622 5.69026e-15 1e-20
4582.3419 5.48984e-15 1e-20
4584.3217 5.42795e-15 1e-20
4586.3014 5.41677e-15 1e-20
4588.2811 5.40038e-15 1e-20
4590.2608 5.22579e-15 1e-20
4592.2406 5.11153e-15 1e-20
4594.2203 5.26348e-15 1e-20
4596.2 5.21059e-15 1e-20
4598.1797 5.20517e-15 1e-20
4600.1595 5.11096e-15 1e-20
4602.1392 5.02031e-15 1e-20
4604.1189 4.93176e-15 1e-20
4606.0987 4.90227e-15 1e-20
4608.0784 4.82472e-15 1e-20
4610.0581 4.86921e-15 1e-20
4612.0378 4.89231e-15 1e-20
4614.0176 4.83974e-15 1e-20
4615.9973 4.77114e-15 1e-20
4617.977 4.73678e-15 1e-20
4619.9568 4.78541e-15 1e-20
4621.9365 4.76708e-15 1e-20
4623.9162 4.72154e-15 1e-20
4625.8959 4.66931e-15 1e-20
4627.8757 4.65776e-15 1e-20
4629.8554 4.62664e-15 1e-20
4631.8351 4.54554e-15 1e-20
4633.8148 4.52393e-15 1e-20
4635.7946 4.57103e-15 1e-20
4637.7743 4.5916e-15 1e-20
4639.754 4.59769e-15 1e-20
4641.7338 4.55557e-15 1e-20
4643.7135 4.55475e-15 1e-20
4645.6932 4.47513e-15 1e-20
4647.6729 4.39731e-15 1e-20
4649.6527 4.46769e-15 1e-20
4651.6324 4.49052e-15 1e-20
4653.6121 4.45739e-15 1e-20
4655.5919 4.40344e-15 1e-20
4657.5716 4.42755e-15 1e-20
4659.5513 4.31243e-15 1e-20
4661.531 4.16818e-15 1e-20
4663.5108 4.23844e-15 1e-20
4665.4905 4.26409e-15 1e-20
4667.4702 4.20319e-15 1e-20
4669.4499 4.16189e-15 1e-20
4671.4297 4.08223e-15 1e-20
4673.4094 4.10046e-15 1e-20
4675.3891 4.03555e-15 1e-20
4677.3689 4.04366e-15 1e-20
4679.3486 4.02384e-15 1e-20
4681.3283 3.98748e-15 1e-20
4683.3081 3.92134e-15 1e-20
4685.2878 3.92685e-15 1e-20
4687.2675 3.88476e-15 1e-20
4689.2472 3.9237e-15 1e-20
4691.227 3.91697e-15 1e-20
4693.2067 3.83511e-15 1e-20
4695.1864 3.71146e-15 1e-20
4697.1661 3.86126e-15 1e-20
4699.1459 3.85048e-15 1e-20
4701.1256 3.77164e-15 1e-20
4703.1053 3.68088e-15 1e-20
4705.0851 3.80448e-15 1e-20
4707.0648 3.70952e-15 1e-20
4709.0445 3.74731e-15 1e-20
4711.0242 3.76001e-15 1e-20
4713.004 3.79333e-15 1e-20
4714.9837 3.75031e-15 1e-20
4716.9634 3.66049e-15 1e-20
4718.9431 3.69346e-15 1e-20
4720.9229 3.72757e-15 1e-20
4722.9026 3.71479e-15 1e-20
4724.8823 3.77018e-15 1e-20
4726.8621 3.7611e-15 1e-20
4728.8418 3.81058e-15 1e-20
4730.8215 3.84415e-15 1e-20
4732.8012 3.76703e-15 1e-20
4734.781 3.77325e-15 1e-20
4736.7607 3.7145e-15 1e-20
4738.7404 3.75524e-15 1e-20
4740.7202 3.78384e-15 1e-20
4742.6999 3.76615e-15 1e-20
4744.6796 3.77093e-15 1e-20
4746.6593 3.79192e-15 1e-20
4748.6391 3.77496e-15 1e-20
4750.6188 3.70854e-15 1e-20
4752.5985 3.75893e-15 1e-20
4754.5782 3.77403e-15 1e-20
4756.558 3.767e-15 1e-20
4758.5377 3.74768e-15 1e-20
4760.5174 3.62606e-15 1e-20
4762.4972 3.58453e-15 1e-20
4764.4769 3.54961e-15 1e-20
4766.4566 3.53475e-15 1e-20
4768.4363 3.56803e-15 1e-20
4770.4161 3.60442e-15 1e-20
4772.3958 3.59255e-15 1e-20
4774.3755 3.60638e-15 1e-20
4776.3553 3.52432e-15 1e-20
4778.335 3.49075e-15 1e-20
4780.3147 3.49104e-15 1e-20
4782.2944 3.46359e-15 1e-20
4784.2742 3.36202e-15 1e-20
4786.2539 3.3717e-15 1e-20
4788.2336 3.44945e-15 1e-20
4790.2133 3.41194e-15 1e-20
4792.1931 3.36286e-15 1e-20
4794.1728 3.3426e-15 1e-20
4796.1525 3.40208e-15 1e-20
4798.1323 3.37539e-15 1e-20
4800.112 3.37803e-15 1e-20
4802.0917 3.32305e-15 1e-20
4804.0714 3.28851e-15 1e-20
4806.0512 3.31641e-15 1e-20
4808.0309 3.26977e-15 1e-20
4810.0106 3.3029e-15 1e-20
4811.9904 3.32394e-15 1e-20
4813.9701 3.28352e-15 1e-20
4815.9498 3.27036e-15 1e-20
4817.9295 3.2621e-15 1e-20
4819.9093 3.23395e-15 1e-20
4821.889 3.17154e-15 1e-20
4823.8687 3.18135e-15 1e-20
4825.8484 3.18716e-15 1e-20
4827.8282 3.18152e-15 1e-20
4829.8079 3.20413e-15 1e-20
4831.7876 3.20461e-15 1e-20
4833.7674 3.18645e-15 1e-20
4835.7471 3.19796e-15 1e-20
4837.7268 3.12528e-15 1e-20
4839.7066 3.11435e-15 1e-20
4841.6863 3.12143e-15 1e-20
4843.666 3.10937e-15 1e-20
4845.6457 3.13924e-15 1e-20
4847.6255 3.15428e-15 1e-20
4849.6052 3.15691e-15 1e-20
4851.5849 3.19872e-15 1e-20
4853.5646 3.12553e-15 1e-20
4855.5444 3.10869e-15 1e-20
4857.5241 3.10497e-15 1e-20
4859.5038 3.10612e-15 1e-20
4861.4836 3.1193e-15 1e-20
4863.4633 3.14777e-15 1e-20
4865.443 3.14586e-15 1e-20
4867.4227 3.16055e-15 1e-20
4869.4025 3.17802e-15 1e-20
4871.3822 3.19655e-15 1e-20
4873.3619 3.2228e-15 1e-20
4875.3417 3.23169e-15 1e-20
4877.3214 3.23095e-15 1e-20
4879.3011 3.31974e-15 1e-20
4881.2808 3.32526e-15 1e-20
4883.2606 3.24435e-15 1e-20
4885.2403 3.34622e-15 1e-20
4887.22 3.28353e-15 1e-20
4889.1997 3.17248e-15 1e-20
4891.1795 3.33207e-15 1e-20
4893.1592 3.34265e-15 1e-20
4895.1389 3.35394e-15 1e-20
4897.1187 3.40363e-15 1e-20
4899.0984 3.33926e-15 1e-20
4901.0781 3.30126e-15 1e-20
4903.0578 3.30707e-15 1e-20
4905.0376 3.39219e-15 1e-20
4907.0173 3.35997e-15 1e-20
4908.997 3.31568e-15 1e-20
4910.9768 3.41148e-15 1e-20
4912.9565 3.44002e-15 1e-20
4914.9362 3.42906e-15 1e-20
4916.9159 3.44395e-15 1e-20
4918.8957 3.47967e-15 1e-20
4920.8754 3.48698e-15 1e-20
4922.8551 3.46113e-15 1e-20
4924.8348 3.42133e-15 1e-20
4926.8146 3.4707e-15 1e-20
4928.7943 3.50523e-15 1e-20
4930.774 3.47595e-15 1e-20
4932.7538 3.48696e-15 1e-20
4934.7335 3.39707e-15 1e-20
4936.7132 3.4853e-15 1e-20
4938.6929 3.57997e-15 1e-20
4940.6727 3.60793e-15 1e-20
4942.6524 3.61401e-15 1e-20
4944.6321 3.59329e-15 1e-20
4946.6118 3.63947e-15 1e-20
4948.5916 3.67041e-15 1e-20
4950.5713 3.70875e-15 1e-20
4952.551 3.75651e-15 1e-20
4954.5308 3.70134e-15 1e-20
4956.5105 3.81841e-15 1e-20
4958.4902 3.80458e-15 1e-20
4960.4699 3.82298e-15 1e-20
4962.4497 3.83645e-15 1e-20
4964.4294 3.8372e-15 1e-20
4966.4091 3.92355e-15 1e-20
4968.3889 3.92145e-15 1e-20
4970.3686 3.9493e-15 1e-20
4972.3483 4.00561e-15 1e-20
4974.328 4.18085e-15 1e-20
4976.3078 4.12034e-15 1e-20
4978.2875 4.13015e-15 1e-20
4980.2672 4.25683e-15 1e-20
4982.2469 4.26475e-15 1e-20
4984.2267 4.23252e-15 1e-20
4986.2064 4.23178e-15 1e-20
4988.1861 4.34084e-15 1e-20
4990.1659 4.33683e-15 1e-20
4992.1456 4.41699e-15 1e-20
4994.1253 4.49977e-15 1e-20
4996.105 4.56876e-15 1e-20
4998.0848 4.59635e-15 1e-20
5000.0645 4.56852e-15 1e-20
5002.0442 4.58408e-15 1e-20
5004.024 4.68183e-15 1e-20
5006.0037 4.75871e-15 1e-20
5007.9834 4.73307e-15 1e-20
5009.9631 4.75114e-15 1e-20
5011.9429 4.79333e-15 1e-20
5013.9226 4.82754e-15 1e-20
5015.9023 4.85283e-15 1e-20
5017.882 4.82217e-15 1e-20
5019.8618 4.81922e-15 1e-20
5021.8415 4.93861e-15 1e-20
5023.8212 4.94307e-15 1e-20
5025.801 4.99157e-15 1e-20
5027.7807 5.00799e-15 1e-20
5029.7604 4.97927e-15 1e-20
5031.7402 4.97735e-15 1e-20
5033.7199 5.05417e-15 1e-20
5035.6996 5.13239e-15 1e-20
5037.6793 5.16765e-15 1e-20
5039.6591 5.17689e-15 1e-20
5041.6388 5.14743e-15 1e-20
5043.6185 5.1192e-15 1e-20
5045.5982 5.17461e-15 1e-20
5047.578 5.13037e-15 1e-20
5049.5577 5.12888e-15 1e-20
5051.5374 5.11338e-15 1e-20
5053.5172 5.09314e-15 1e-20
5055.4969 5.12507e-15 1e-20
5057.4766 5.18927e-15 1e-20
5059.4563 5.11235e-15 1e-20
5061.4361 5.11886e-15 1e-20
5063.4158 5.22098e-15 1e-20
5065.3955 5.20455e-15 1e-20
5067.3753 5.17497e-15 1e-20
5069.355 5.16783e-15 1e-20
5071.3347 5.16175e-15 1e-20
5073.3144 5.22727e-15 1e-20
5075.2942 5.18878e-15 1e-20
5077.2739 5.20572e-15 1e-20
5079.2536 5.16833e-15 1e-20
5081.2333 5.11839e-15 1e-20
5083.2131 5.15589e-15 1e-20
5085.1928 5.10024e-15 1e-20
5087.1725 5.16578e-15 1e-20
5089.1523 5.21384e-15 1e-20
5091.132 5.23982e-15 1e-20
5093.1117 5.20422e-15 1e-20
5095.0914 5.18781e-15 1e-20
5097.0712 5.21718e-15 1e-20
5099.0509 5.22922e-15 1e-20
5101.0306 5.19902e-15 1e-20
5103.0104 5.2084e-15 1e-20
5104.9901 5.25106e-15 1e-20
5106.9698 5.11556e-15 1e-20
5108.9495 5.12874e-15 1e-20
5110.9293 5.09301e-15 1e-20
5112.909 5.14305e-15 1e-20
5114.8887 5.14959e-15 1e-20
5116.8684 5.08126e-15 1e-20
5118.8482 5.12872e-15 1e-20
5120.8279 5.04509e-15 1e-20
5122.8076 4.98242e-15 1e-20
5124.7874 5.01515e-15 1e-20
5126.7671 4.89601e-15 1e-20
5128.7468 4.8682e-15 1e-20
5130.7265 4.8587e-15 1e-20
5132.7063 4.85032e-15 1e-20
5134.686 4.78304e-15 1e-20
5136.6657 4.75982e-15 1e-20
5138.6455 4.66871e-15 1e-20
5140.6252 4.62352e-15 1e-20
5142.6049 4.59367e-15 1e-20
5144.5846 4.48367e-15 1e-20
5146.5644 4.46094e-15 1e-20
5148.5441 4.40711e-15 1e-20
5150.5238 4.36533e-15 1e-20
5152.5035 4.33115e-15 1e-20
5154.4833 4.27818e-15 1e-20
5156.463 4.19423e-15 1e-20
5158.4427 4.16697e-15 1e-20
5160.4225 4.10304e-15 1e-20
5162.4022 4.05345e-15 1e-20
5164.3819 4.02928e-15 1e-20
5166.3616 3.98326e-15 1e-20
5168.3414 3.97357e-15 1e-20
5170.3211 3.90725e-15 1e-20
5172.3008 3.83096e-15 1e-20
5174.2806 3.82002e-15 1e-20
5176.2603 3.84116e-15 1e-20
5178.24 3.8243e-15 1e-20
5180.2197 3.72866e-15 1e-20
5182.1995 3.7297e-15 1e-20
5184.1792 3.66419e-15 1e-20
5186.1589 3.58399e-15 1e-20
5188.1386 3.57817e-15 1e-20
5190.1184 3.60784e-15 1e-20
5192.0981 3.59158e-15 1e-20
5194.0778 3.54202e-15 1e-20
5196.0576 3.52901e-15 1e-20
5198.0373 3.50569e-15 1e-20
5200.017 3.5048e-15 1e-20
5201.9967 3.48972e-15 1e-20
5203.9765 3.50772e-15 1e-20
5205.9562 3.48385e-15 1e-20
5207.9359 3.49564e-15 1e-20
5209.9156 3.46406e-15 1e-20
5211.8954 3.44589e-15 1e-20
5213.8751 3.48001e-15 1e-20
5215.8548 3.47119e-15 1e-20
5217.8346 3.47033e-15 1e-20
5219.8143 3.47231e-15 1e-20
5221.794 3.51126e-15 1e-20
5223.7738 3.53387e-15 1e-20
5225.7535 3.48479e-15 1e-20
5227.7332 3.47426e-15 1e-20
5229.7129 3.48856e-15 1e-20
5231.6927 3.50003e-15 1e-20
5233.6724 3.48251e-15 1e-20
5235.6521 3.53225e-15 1e-20
5237.6318 3.51157e-15 1e-20
5239.6116 3.49781e-15 1e-20
5241.5913 3.51404e-15 1e-20
5243.571 3.52542e-15 1e-20
5245.5508 3.50168e-15 1e-20
5247.5305 3.51763e-15 1e-20
5249.5102 3.62605e-15 1e-20
5251.4899 3.68314e-15 1e-20
5253.4697 3.69558e-15 1e-20
5255.4494 3.68722e-15 1e-20
5257.4291 3.69277e-15 1e-20
5259.4089 3.70314e-15 1e-20
5261.3886 3.71128e-15 1e-20
5263.3683 3.73952e-15 1e-20
5265.348 3.75121e-15 1e-20
5267.3278 3.74855e-15 1e-20
5269.3075 3.76952e-15 1e-20
5271.2872 3.78144e-15 1e-20
5273.2669 3.79307e-15 1e-20
5275.2467 3.806e-15 1e-20
5277.2264 3.84934e-15 1e-20
5279.2061 3.80144e-15 1e-20
5281.1859 3.77359e-15 1e-20
5283.1656 3.85208e-15 1e-20
5285.1453 3.8799e-15 1e-20
5287.125 3.85004e-15 1e-20
5289.1048 3.83167e-15 1e-20
5291.0845 3.82526e-15 1e-20
5293.0642 3.81827e-15 1e-20
5295.044 3.79708e-15 1e-20
5297.0237 3.82795e-15 1e-20
5299.0034 3.88637e-15 1e-20
5300.9831 3.83103e-15 1e-20
5302.9629 3.80689e-15 1e-20
5304.9426 3.83122e-15 1e-20
5306.9223 3.80908e-15 1e-20
5308.902 3.75505e-15 1e-20
5310.8818 3.73366e-15 1e-20
5312.8615 3.74483e-15 1e-20
5314.8412 3.69877e-15 1e-20
5316.821 3.64626e-15 1e-20
5318.8007 3.68145e-15 1e-20
5320.7804 3.68067e-15 1e-20
5322.7601 3.66923e-15 1e-20
5324.7399 3.65578e-15 1e-20
5326.7196 3.63233e-15 1e-20
5328.6993 3.62763e-15 1e-20
5330.6791 3.58895e-15 1e-20
5332.6588 3.57654e-15 1e-20
5334.6385 3.53705e-15 1e-20
5336.6182 3.47306e-15 1e-20
5338.598 3.46583e-15 1e-20
5340.5777 3.47138e-15 1e-20
5342.5574 3.40974e-15 1e-20
5344.5371 3.38576e-15 1e-20
5346.5169 3.38819e-15 1e-20
5348.4966 3.37732e-15 1e-20
5350.4763 3.36054e-15 1e-20
5352.4561 3.30762e-15 1e-20
5354.4358 3.26422e-15 1e-20
5356.4155 3.24898e-15 1e-20
5358.3952 3.27876e-15 1e-20
5360.375 3.29734e-15 1e-20
5362.3547 3.22844e-15 1e-20
5364.3344 3.19386e-15 1e-20
5366.3142 3.26958e-15 1e-20
5368.2939 3.27167e-15 1e-20
5370.2736 3.26459e-15 1e-20
5372.2533 3.27675e-15 1e-20
5374.2331 3.28952e-15 1e-20
5376.2128 3.35672e-15 1e-20
5378.1925 3.33231e-15 1e-20
5380.1722 3.28263e-15 1e-20
5382.152 3.28237e-15 1e-20
5384.1317 3.30413e-15 1e-20
5386.1114 3.32197e-15 1e-20
5388.0912 3.35368e-15 1e-20
5390.0709 3.36294e-15 1e-20
5392.0506 3.34221e-15 1e-20
5394.0303 3.3693e-15 1e-20
5396.0101 3.40447e-15 1e-20
5397.9898 3.44629e-15 1e-20
5399.9695 3.48769e-15 1e-20
5401.9493 3.5227e-15 1e-20
5403.929 3.58251e-15 1e-20
5405.9087 3.63621e-15 1e-20
5407.8884 3.67791e-15 1e-20
5409.8682 3.65122e-15 1e-20
5411.8479 3.64303e-15 1e-20
5413.8276 3.70093e-15 1e-20
5415.8074 3.74194e-15 1e-20
5417.7871 3.81864e-15 1e-20
5419.7668 3.85541e-15 1e-20
5421.7465 3.83586e-15 1e-20
5423.7263 3.88796e-15 1e-20
5425.706 3.95647e-15 1e-20
5427.6857 3.97255e-15 1e-20
5429.6654 4.01106e-15 1e-20
5431.6452 4.06765e-15 1e-20
5433.6249 4.06467e-15 1e-20
5435.6046 4.01309e-15 1e-20
5437.5844 4.09281e-15 1e-20
5439.5641 4.15865e-15 1e-20
5441.5438 4.16711e-15 1e-20
5443.5235 4.20723e-15 1e-20
5445.5033 4.18051e-15 1e-20
5447.483 4.18305e-15 1e-20
5449.4627 4.24778e-15 1e-20
5451.4425 4.31795e-15 1e-20
5453.4222 4.34859e-15 1e-20
5455.4019 4.32311e-15 1e-20
5457.3816 4.30782e-15 1e-20
5459.3614 4.32113e-15 1e-20
5461.3411 4.4233e-15 1e-20
5463.3208 4.45065e-15 1e-20
5465.3005 4.40287e-15 1e-20
5467.2803 4.45624e-15 1e-20
5469.26 4.48441e-15 1e-20
5471.2397 4.48136e-15 1e-20
5473.2195 4.44871e-15 1e-20
5475.1992 4.4559e-15 1e-20
5477.1789 4.42672e-15 1e-20
5479.1586 4.34905e-15 1e-20
5481.1384 4.38592e-15 1e-20
5483.1181 4.40364e-15 1e-20
5485.0978 4.36072e-15 1e-20
5487.0776 4.40194e-15 1e-20
5489.0573 4.42791e-15 1e-20
5491.037 4.36392e-15 1e-20
5493.0167 4.27302e-15 1e-20
5494.9965 4.2913e-15 1e-20
5496.9762 4.29898e-15 1e-20
5498.9559 4.29281e-15 1e-20
5500.9356 4.2909e-15 1e-20
5502.9154 4.21528e-15 1e-20
5504.8951 4.23194e-15 1e-20
5506.8748 4.26996e-15 1e-20
5508.8546 4.18449e-15 1e-20
5510.8343 4.15148e-15 1e-20
5512.814 4.23287e-15 1e-20
5514.7937 4.27844e-15 1e-20
5516.7735 4.28021e-15 1e-20
5518.7532 4.27547e-15 1e-20
5520.7329 4.23022e-15 1e-20
5522.7127 4.25833e-15 1e-20
5524.6924 4.29569e-15 1e-20
5526.6721 4.30963e-15 1e-20
5528.6518 4.28587e-15 1e-20
5530.6316 4.28408e-15 1e-20
5532.6113 4.34287e-15 1e-20
5534.591 4.36735e-15 1e-20
5536.5707 4.34163e-15 1e-20
5538.5505 4.31439e-15 1e-20
5540.5302 4.30588e-15 1e-20
5542.5099 4.30671e-15 1e-20
5544.4897 4.30508e-15 1e-20
5546.4694 4.2818e-15 1e-20
5548.4491 4.29814e-15 1e-20
5550.4288 4.35752e-15 1e-20
5552.4086 4.3119e-15 1e-20
5554.3883 4.24141e-15 1e-20
5556.368 4.2455e-15 1e-20
5558.3478 4.22756e-15 1e-20
5560.3275 4.26488e-15 1e-20
5562.3072 4.22173e-15 1e-20
5564.2869 4.18679e-15 1e-20
5566.2667 4.25949e-15 1e-20
5568.2464 4.32132e-15 1e-20
5570.2261 4.3151e-15 1e-20
5572.2058 4.31461e-15 1e-20
5574.1856 4.27767e-15 1e-20
5576.1653 4.26112e-15 1e-20
5578.145 4.23159e-15 1e-20
5580.1248 4.19792e-15 1e-20
5582.1045 4.26329e-15 1e-20
5584.0842 4.26874e-15 1e-20
5586.0639 4.24819e-15 1e-20
5588.0437 4.20587e-15 1e-20
5590.0234 4.12687e-15 1e-20
5592.0031 4.15178e-15 1e-20
5593.9829 4.20424e-15 1e-20
5595.9626 4.23773e-15 1e-20
5597.9423 4.19454e-15 1e-20
5599.922 4.16273e-15 1e-20
5601.9018 4.20086e-15 1e-20
5603.8815 4.17243e-15 1e-20
5605.8612 4.17515e-15 1e-20
5607.841 4.22056e-15 1e-20
5609.8207 4.23787e-15 1e-20
5611.8004 4.28479e-15 1e-20
5613.7801 4.19975e-15 1e-20
5615.7599 4.16895e-15 1e-20
5617.7396 4.16085e-15 1e-20
5619.7193 4.10139e-15 1e-20
5621.699 4.11934e-15 1e-20
5623.6788 4.17807e-15 1e-20
5625.6585 4.11836e-15 1e-20
5627.6382 4.13639e-15 1e-20
5629.618 4.17907e-15 1e-20
5631.5977 4.16042e-15 1e-20
5633.5774 4.19832e-15 1e-20
5635.5571 4.18659e-15 1e-20
5637.5369 4.11025e-15 1e-20
5639.5166 4.12284e-15 1e-20
5641.4963 4.13181e-15 1e-20
5643.4761 4.08608e-15 1e-20
5645.4558 4.10932e-15 1e-20
5647.4355 4.07735e-15 1e-20
5649.4152 4.11299e-15 1e-20
5651.395 4.15918e-15 1e-20
5653.3747 4.10452e-15 1e-20
5655.3544 4.09229e-15 1e-20
5657.3341 4.06406e-15 1e-20
5659.3139 4.02988e-15 1e-20
5661.2936 4.04218e-15 1e-20
5663.2733 4.04061e-15 1e-20
5665.2531 4.03555e-15 1e-20
5667.2328 4.02495e-15 1e-20
5669.2125 4.0075e-15 1e-20
5671.1922 3.97249e-15 1e-20
5673.172 4.05962e-15 1e-20
5675.1517 4.05953e-15 1e-20
5677.1314 4.04484e-15 1e-20
5679.1112 4.03466e-15 1e-20
5681.0909 4.00094e-15 1e-20
5683.0706 3.99612e-15 1e-20
5685.0503 3.98818e-15 1e-20
5687.0301 3.94709e-15 1e-20
5689.0098 3.97711e-15 1e-20
5690.9895 3.97383e-15 1e-20
5692.9692 3.95015e-15 1e-20
5694.949 3.94698e-15 1e-20
5696.9287 3.93237e-15 1e-20
5698.9084 3.97305e-15 1e-20
5700.8882 3.98837e-15 1e-20
5702.8679 4.04979e-15 1e-20
5704.8476 3.95494e-15 1e-20
5706.8273 3.92983e-15 1e-20
5708.8071 3.97547e-15 1e-20
5710.7868 4.00053e-15 1e-20
5712.7665 3.98231e-15 1e-20
5714.7463 3.95181e-15 1e-20
5716.726 3.98019e-15 1e-20
5718.7057 4.02674e-15 1e-20
5720.6854 3.99402e-15 1e-20
5722.6652 3.92127e-15 1e-20
5724.6449 3.9535e-15 1e-20
5726.6246 3.94551e-15 1e-20
5728.6043 3.93877e-15 1e-20
5730.5841 4.00087e-15 1e-20
5732.5638 3.95065e-15 1e-20
5734.5435 3.93545e-15 1e-20
5736.5233 4.00034e-15 1e-20
5738.503 3.98855e-15 1e-20
5740.4827 3.99835e-15 1e-20
5742.4624 4.02587e-15 1e-20
5744.4422 3.97136e-15 1e-20
5746.4219 3.9224e-15 1e-20
5748.4016 3.95862e-15 1e-20
5750.3814 3.9962e-15 1e-20
5752.3611 3.99725e-15 1e-20
5754.3408 4.01934e-15 1e-20
5756.3205 4.03331e-15 1e-20
5758.3003 4.02346e-15 1e-20
5760.28 4.06971e-15 1e-20
5762.2597 4.04939e-15 1e-20
5764.2394 3.91859e-15 1e-20
5766.2192 3.96112e-15 1e-20
5768.1989 4.03708e-15 1e-20
5770.1786 3.98016e-15 1e-20
5772.1584 3.96674e-15 1e-20
5774.1381 4.00008e-15 1e-20
5776.1178 4.00883e-15 1e-20
5778.0975 3.9443e-15 1e-20
5780.0773 3.93538e-15 1e-20
5782.057 3.97553e-15 1e-20
5784.0367 3.94937e-15 1e-20
5786.0165 3.95247e-15 1e-20
5787.9962 4.00456e-15 1e-20
5789.9759 3.98341e-15 1e-20
5791.9556 3.99054e-15 1e-20
5793.9354 4.03909e-15 1e-20
5795.9151 3.97106e-15 1e-20
5797.8948 4.00218e-15 1e-20
5799.8746 4.01805e-15 1e-20
5801.8543 3.94092e-15 1e-20
5803.834 3.96548e-15 1e-20
5805.8137 4.02572e-15 1e-20
5807.7935 3.99821e-15 1e-20
5809.7732 3.95434e-15 1e-20
5811.7529 4.00389e-15 1e-20
5813.7326 4.04044e-15 1e-20
5815.7124 4.01925e-15 1e-20
5817.6921 3.99934e-15 1e-20
5819.6718 4.00533e-15 1e-20
5821.6516 4.05653e-15 1e-20
5823.6313 4.03876e-15 1e-20
5825.611 4.01389e-15 1e-20
5827.5907 4.01115e-15 1e-20
5829.5705 3.96742e-15 1e-20
5831.5502 3.92718e-15 1e-20
5833.5299 3.84482e-15 1e-20
5835.5097 3.77941e-15 1e-20
5837.4894 3.80242e-15 1e-20
5839.4691 3.80966e-15 1e-20
5841.4488 3.81259e-15 1e-20
5843.4286 3.81999e-15 1e-20
5845.4083 3.82786e-15 1e-20
5847.388 3.83783e-15 1e-20
5849.3677 3.81602e-15 1e-20
5851.3475 3.78993e-15 1e-20
5853.3272 3.78684e-15 1e-20
5855.3069 3.77294e-15 1e-20
5857.2867 3.75738e-15 1e-20
5859.2664 3.70679e-15 1e-20
5861.2461 3.64546e-15 1e-20
5863.2258 3.55538e-15 1e-20
5865.2056 3.52383e-15 1e-20
5867.1853 3.48192e-15 1e-20
5869.165 3.38588e-15 1e-20
5871.1448 3.32827e-15 1e-20
5873.1245 3.28249e-15 1e-20
5875.1042 3.2455e-15 1e-20
5877.0839 3.1731e-15 1e-20
5879.0637 3.11294e-15 1e-20
5881.0434 3.04885e-15 1e-20
5883.0231 2.99039e-15 1e-20
5885.0028 2.92142e-15 1e-20
5886.9826 2.91848e-15 1e-20
5888.9623 2.89564e-15 1e-20
5890.942 2.83885e-15 1e-20
5892.9218 2.79617e-15 1e-20
5894.9015 2.75221e-15 1e-20
5896.8812 2.71058e-15 1e-20
5898.8609 2.70342e-15 1e-20
5900.8407 2.64012e-15 1e-20
5902.8204 2.60456e-15 1e-20
5904.8001 2.61073e-15 1e-20
5906.7799 2.59755e-15 1e-20
5908.7596 2.53974e-15 1e-20
5910.7393 2.50598e-15 1e-20
5912.719 2.47907e-15 1e-20
5914.6988 2.4342e-15 1e-20
5916.6785 2.45244e-15 1e-20
5918.6582 2.4216e-15 1e-20
5920.6379 2.35184e-15 1e-20
5922.6177 2.38104e-15 1e-20
5924.5974 2.37315e-15 1e-20
5926.5771 2.29243e-15 1e-20
5928.5569 2.28445e-15 1e-20
5930.5366 2.27759e-15 1e-20
5932.5163 2.22871e-15 1e-20
5934.496 2.24053e-15 1e-20
5936.4758 2.22799e-15 1e-20
5938.4555 2.17763e-15 1e-20
5940.4352 2.14159e-15 1e-20
5942.415 2.09179e-15 1e-20
5944.3947 2.07803e-15 1e-20
5946.3744 2.07093e-15 1e-20
5948.3541 2.06504e-15 1e-20
5950.3339 2.05546e-15 1e-20
5952.3136 2.01359e-15 1e-20
5954.2933 2.00174e-15 1e-20
5956.273 1.97931e-15 1e-20
5958.2528 1.94621e-15 1e-20
5960.2325 1.91236e-15 1e-20
5962.2122 1.90785e-15 1e-20
5964.192 1.91796e-15 1e-20
5966.1717 1.88309e-15 1e-20
5968.1514 1.87866e-15 1e-20
5970.1311 1.86741e-15 1e-20
5972.1109 1.84834e-15 1e-20
5974.0906 1.82458e-15 1e-20
5976.0703 1.79158e-15 1e-20
5978.0501 1.789e-15 1e-20
5980.0298 1.78507e-15 1e-20
5982.0095 1.7498e-15 1e-20
5983.9892 1.75571e-15 1e-20
5985.969 1.74103e-15 1e-20
5987.9487 1.73041e-15 1e-20
5989.9284 1.70608e-15 1e-20
5991.9082 1.7016e-15 1e-20
5993.8879 1.69796e-15 1e-20
5995.8676 1.69112e-15 1e-20
5997.8473 1.63358e-15 1e-20
5999.8271 1.65101e-15 1e-20
6001.8068 1.66412e-15 1e-20
6003.7865 1.6638e-15 1e-20
6005.7662 1.66047e-15 1e-20
6007.746 1.63679e-15 1e-20
6009.7257 1.62333e-15 1e-20
6011.7054 1.60606e-15 1e-20
6013.6852 1.61495e-15 1e-20
6015.6649 1.61036e-15 1e-20
6017.6446 1.59989e-15 1e-20
6019.6243 1.59589e-15 1e-20
6021.6041 1.60039e-15 1e-20
6023.5838 1.62474e-15 1e-20
6025.5635 1.60017e-15 1e-20
6027.5433 1.58587e-15 1e-20
6029.523 1.6035e-15 1e-20
6031.5027 1.62542e-15 1e-20
6033.4824 1.62547e-15 1e-20
6035.4622 1.65119e-15 1e-20
6037.4419 1.66765e-15 1e-20
6039.4216 1.6225e-15 1e-20
6041.4013 1.6274e-15 1e-20
6043.3811 1.66107e-15 1e-20
6045.3608 1.6777e-15 1e-20
6047.3405 1.70549e-15 1e-20
6049.3203 1.67532e-15 1e-20
6051.3 1.66556e-15 1e-20
6053.2797 1.71622e-15 1e-20
6055.2594 1.72239e-15 1e-20
6057.2392 1.73387e-15 1e-20
6059.2189 1.75756e-15 1e-20
6061.1986 1.77009e-15 1e-20
6063.1784 1.78098e-15 1e-20
6065.1581 1.80427e-15 1e-20
6067.1378 1.84328e-15 1e-20
6069.1175 1.85128e-15 1e-20
6071.0973 1.84636e-15 1e-20
6073.077 1.84681e-15 1e-20
6075.0567 1.9121e-15 1e-20
6077.0364 1.94538e-15 1e-20
6079.0162 1.96003e-15 1e-20
6080.9959 2.01848e-15 1e-20
6082.9756 2.04276e-15 1e-20
6084.9554 2.06491e-15 1e-20
6086.9351 2.08414e-15 1e-20
6088.9148 2.13229e-15 1e-20
6090.8945 2.19889e-15 1e-20
6092.8743 2.21025e-15 1e-20
6094.854 2.23159e-15 1e-20
6096.8337 2.2616e-15 1e-20
6098.8135 2.29769e-15 1e-20
6100.7932 2.34903e-15 1e-20
6102.7729 2.35853e-15 1e-20
6104.7526 2.391e-15 1e-20
6106.7324 2.45845e-15 1e-20
6108.7121 2.50376e-15 1e-20
6110.6918 2.51918e-15 1e-20
6112.6715 2.52362e-15 1e-20
6114.6513 2.57059e-15 1e-20
6116.631 2.58522e-15 1e-20
6118.6107 2.60539e-15 1e-20
6120.5905 2.65315e-15 1e-20
6122.5702 2.71509e-15 1e-20
6124.5499 2.70932e-15 1e-20
6126.5296 2.72922e-15 1e-20
6128.5094 2.78989e-15 1e-20
6130.4891 2.80692e-15 1e-20
6132.4688 2.85168e-15 1e-20
6134.4486 2.88658e-15 1e-20
6136.4283 2.89834e-15 1e-20
6138.408 2.93361e-15 1e-20
6140.3877 2.99811e-15 1e-20
6142.3675 3.00319e-15 1e-20
6144.3472 2.98745e-15 1e-20
6146.3269 3.09167e-15 1e-20
6148.3067 3.13473e-15 1e-20
6150.2864 3.08306e-15 1e-20
6152.2661 3.0985e-15 1e-20
6154.2458 3.10527e-15 1e-20
6156.2256 3.17777e-15 1e-20
6158.2053 3.20084e-15 1e-20
6160.185 3.21316e-15 1e-20
6162.1647 3.22628e-15 1e-20
6164.1445 3.22113e-15 1e-20
6166.1242 3.24389e-15 1e-20
6168.1039 3.26448e-15 1e-20
6170.0837 3.30689e-15 1e-20
6172.0634 3.32999e-15 1e-20
6174.0431 3.33782e-15 1e-20
6176.0228 3.37127e-15 1e-20
6178.0026 3.39013e-15 1e-20
6179.9823 3.41299e-15 1e-20
6181.962 3.39293e-15 1e-20
6183.9418 3.36078e-15 1e-20
6185.9215 3.4105e-15 1e-20
6187.9012 3.45021e-15 1e-20
6189.8809 3.46902e-15 1e-20
6191.8607 3.4749e-15 1e-20
6193.8404 3.43648e-15 1e-20
6195.8201 3.44549e-15 1e-20
6197.7998 3.49647e-15 1e-20
6199.7796 3.50534e-15 1e-20
6201.7593 3.55008e-15 1e-20
6203.739 3.57124e-15 1e-20
6205.7188 3.59118e-15 1e-20
6207.6985 3.55648e-15 1e-20
6209.6782 3.54429e-15 1e-20
6211.6579 3.58261e-15 1e-20
6213.6377 3.6205e-15 1e-20
6215.6174 3.59828e-15 1e-20
6217.5971 3.5678e-15 1e-20
6219.5769 3.52789e-15 1e-20
6221.5566 3.49474e-15 1e-20
6223.5363 3.50421e-15 1e-20
6225.516 3.54067e-15 1e-20
6227.4958 3.58238e-15 1e-20
6229.4755 3.61081e-15 1e-20
6231.4552 3.66318e-15 1e-20
6233.4349 3.63291e-15 1e-20
6235.4147 3.62798e-15 1e-20
6237.3944 3.6708e-15 1e-20
6239.3741 3.67948e-15 1e-20
6241.3539 3.65315e-15 1e-20
6243.3336 3.71677e-15 1e-20
6245.3133 3.67784e-15 1e-20
6247.293 3.68869e-15 1e-20
6249.2728 3.71771e-15 1e-20
6251.2525 3.74695e-15 1e-20
6253.2322 3.78857e-15 1e-20
6255.212 3.76091e-15 1e-20
6257.1917 3.77689e-15 1e-20
6259.1714 3.81647e-15 1e-20
6261.1511 3.79592e-15 1e-20
6263.1309 3.7721e-15 1e-20
6265.1106 3.79113e-15 1e-20
6267.0903 3.83191e-15 1e-20
6269.07 3.83856e-15 1e-20
6271.0498 3.80817e-15 1e-20
6273.0295 3.80893e-15 1e-20
6275.0092 3.80035e-15 1e-20
6276.989 3.78966e-15 1e-20
6278.9687 3.83519e-15 1e-20
6280.9484 3.84406e-15 1e-20
6282.9281 3.8123e-15 1e-20
6284.9079 3.80485e-15 1e-20
6286.8876 3.84153e-15 1e-20
6288.8673 3.85526e-15 1e-20
6290.8471 3.80935e-15 1e-20
6292.8268 3.80961e-15 1e-20
6294.8065 3.80735e-15 1e-20
6296.7862 3.80683e-15 1e-20
6298.766 3.80734e-15 1e-20
6300.7457 3.80971e-15 1e-20
6302.7254 3.79907e-15 1e-20
6304.7051 3.79603e-15 1e-20
6306.6849 3.79412e-15 1e-20
6308.6646 3.81466e-15 1e-20
6310.6443 3.83237e-15 1e-20
6312.6241 3.83736e-15 1e-20
6314.6038 3.80745e-15 1e-20
6316.5835 3.77594e-15 1e-20
6318.5633 3.79125e-15 1e-20
6320.543 3.80969e-15 1e-20
6322.5227 3.74012e-15 1e-20
6324.5024 3.74096e-15 1e-20
6326.4822 3.77011e-15 1e-20
6328.4619 3.73284e-15 1e-20
6330.4416 3.74449e-15 1e-20
6332.4213 3.74507e-15 1e-20
6334.4011 3.74222e-15 1e-20
6336.3808 3.71811e-15 1e-20
6338.3605 3.73089e-15 1e-20
6340.3403 3.72073e-15 1e-20
6342.32 3.70431e-15 1e-20
6344.2997 3.67176e-15 1e-20
6346.2794 3.71785e-15 1e-20
6348.2592 3.71291e-15 1e-20
6350.2389 3.68065e-15 1e-20
6352.2186 3.66523e-15 1e-20
6354.1984 3.62569e-15 1e-20
6356.1781 3.60007e-15 1e-20
6358.1578 3.60238e-15 1e-20
6360.1375 3.61084e-15 1e-20
6362.1173 3.61736e-15 1e-20
6364.097 3.61064e-15 1e-20
6366.0767 3.58569e-15 1e-20
6368.0564 3.57077e-15 1e-20
6370.0362 3.58482e-15 1e-20
6372.0159 3.58189e-15 1e-20
6373.9956 3.57827e-15 1e-20
6375.9754 3.53678e-15 1e-20
6377.9551 3.50639e-15 1e-20
6379.9348 3.51137e-15 1e-20
6381.9145 3.48145e-15 1e-20
6383.8943 3.48137e-15 1e-20
6385.874 3.48917e-15 1e-20
6387.8537 3.48282e-15 1e-20
6389.8334 3.48851e-15 1e-20
6391.8132 3.51019e-15 1e-20
6393.7929 3.47419e-15 1e-20
6395.7726 3.42766e-15 1e-20
6397.7524 3.45125e-15 1e-20
6399.7321 3.44626e-15 1e-20
6401.7118 3.3843e-15 1e-20
6403.6915 3.38036e-15 1e-20
6405.6713 3.41153e-15 1e-20
6407.651 3.33633e-15 1e-20
6409.6307 3.3496e-15 1e-20
6411.6105 3.36221e-15 1e-20
6413.5902 3.33043e-15 1e-20
6415.5699 3.33576e-15 1e-20
6417.5496 3.35158e-15 1e-20
6419.5294 3.31913e-15 1e-20
6421.5091 3.30568e-15 1e-20
6423.4888 3.29705e-15 1e-20
6425.4685 3.2833e-15 1e-20
6427.4483 3.26906e-15 1e-20
6429.428 3.24443e-15 1e-20
6431.4077 3.2516e-15 1e-20
6433.3875 3.23814e-15 1e-20
6435.3672 3.20113e-15 1e-20
6437.3469 3.19963e-15 1e-20
6439.3266 3.15543e-15 1e-20
6441.3064 3.19054e-15 1e-20
6443.2861 3.20133e-15 1e-20
6445.2658 3.17074e-15 1e-20
6447.2456 3.18074e-15 1e-20
6449.2253 3.15886e-15 1e-20
6451.205 3.15975e-15 1e-20
6453.1847 3.14649e-15 1e-20
6455.1645 3.11467e-15 1e-20
6457.1442 3.08978e-15 1e-20
6459.1239 3.07736e-15 1e-20
6461.1036 3.05368e-15 1e-20
6463.0834 3.06957e-15 1e-20
6465.0631 3.06276e-15 1e-20
6467.0428 3.00978e-15 1e-20
6469.0226 3.02738e-15 1e-20
6471.0023 3.04772e-15 1e-20
6472.982 3.01156e-15 1e-20
6474.9617 2.99141e-15 1e-20
6476.9415 2.9996e-15 1e-20
6478.9212 2.9953e-15 1e-20
6480.9009 2.99309e-15 1e-20
6482.8807 2.99706e-15 1e-20
6484.8604 2.96217e-15 1e-20
6486.8401 2.93085e-15 1e-20
6488.8198 2.92654e-15 1e-20
6490.7996 2.944e-15 1e-20
6492.7793 2.92984e-15 1e-20
6494.759 2.9159e-15 1e-20
6496.7387 2.91213e-15 1e-20
6498.7185 2.89686e-15 1e-20
6500.6982 2.8863e-15 1e-20
6502.6779 2.8829e-15 1e-20
6504.6577 2.87121e-15 1e-20
6506.6374 2.9011e-15 1e-20
6508.6171 2.89199e-15 1e-20
6510.5969 2.86727e-15 1e-20
6512.5766 2.86489e-15 1e-20
6514.5563 2.80925e-15 1e-20
6516.536 2.82276e-15 1e-20
6518.5158 2.8344e-15 1e-20
6520.4955 2.83048e-15 1e-20
6522.4752 2.80165e-15 1e-20
6524.4549 2.80215e-15 1e-20
6526.4347 2.7875e-15 1e-20
6528.4144 2.77316e-15 1e-20
6530.3941 2.78288e-15 1e-20
6532.3739 2.75018e-15 1e-20
6534.3536 2.77362e-15 1e-20
6536.3333 2.79115e-15 1e-20
6538.313 2.73116e-15 1e-20
6540.2928 2.69181e-15 1e-20
6542.2725 2.71104e-15 1e-20
6544.2522 2.71637e-15 1e-20
6546.232 2.71942e-15 1e-20
6548.2117 2.73398e-15 1e-20
6550.1914 2.70866e-15 1e-20
6552.1711 2.67418e-15 1e-20
6554.1509 2.67502e-15 1e-20
6556.1306 2.68012e-15 1e-20
6558.1103 2.67488e-15 1e-20
6560.09 2.66865e-15 1e-20
6562.0698 2.67036e-15 1e-20
6564.0495 2.69093e-15 1e-20
6566.0292 2.68782e-15 1e-20
6568.009 2.65319e-15 1e-20
6569.9887 2.64722e-15 1e-20
6571.9684 2.6558e-15 1e-20
6573.9481 2.65906e-15 1e-20
6575.9279 2.65351e-15 1e-20
6577.9076 2.63116e-15 1e-20
6579.8873 2.62927e-15 1e-20
6581.8671 2.62674e-15 1e-20
6583.8468 2.59975e-15 1e-20
6585.8265 2.6096e-15 1e-20
6587.8062 2.59732e-15 1e-20
6589.786 2.62349e-15 1e-20
6591.7657 2.61995e-15 1e-20
6593.7454 2.60383e-15 1e-20
6595.7251 2.58488e-15 1e-20
6597.7049 2.60096e-15 1e-20
6599.6846 2.60744e-15 1e-20
6601.6643 2.60686e-15 1e-20
6603.6441 2.56669e-15 1e-20
6605.6238 2.59423e-15 1e-20
6607.6035 2.56899e-15 1e-20
6609.5832 2.5757e-15 1e-20
6611.563 2.5735e-15 1e-20
6613.5427 2.54977e-15 1e-20
6615.5224 2.56635e-15 1e-20
6617.5021 2.58153e-15 1e-20
6619.4819 2.58949e-15 1e-20
6621.4616 2.57161e-15 1e-20
6623.4413 2.51966e-15 1e-20
6625.4211 2.50405e-15 1e-20
6627.4008 2.53007e-15 1e-20
6629.3805 2.50684e-15 1e-20
6631.3602 2.51579e-15 1e-20
6633.34 2.5017e-15 1e-20
6635.3197 2.45713e-15 1e-20
6637.2994 2.4921e-15 1e-20
6639.2792 2.52347e-15 1e-20
6641.2589 2.50193e-15 1e-20
6643.2386 2.47113e-15 1e-20
6645.2183 2.48979e-15 1e-20
6647.1981 2.52715e-15 1e-20
6649.1778 2.51158e-15 1e-20
6651.1575 2.51411e-15 1e-20
6653.1372 2.51183e-15 1e-20
6655.117 2.47513e-15 1e-20
6657.0967 2.46286e-15 1e-20
6659.0764 2.46556e-15 1e-20
6661.0562 2.45068e-15 1e-20
6663.0359 2.44414e-15 1e-20
6665.0156 2.40497e-15 1e-20
6666.9953 2.37996e-15 1e-20
6668.9751 2.39264e-15 1e-20
6670.9548 2.44486e-15 1e-20
6672.9345 2.45909e-15 1e-20
6674.9143 2.43568e-15 1e-20
6676.894 2.4226e-15 1e-20
6678.8737 2.45938e-15 1e-20
6680.8534 2.42251e-15 1e-20
6682.8332 2.43464e-15 1e-20
6684.8129 2.44888e-15 1e-20
6686.7926 2.43416e-15 1e-20
6688.7723 2.41369e-15 1e-20
6690.7521 2.43383e-15 1e-20
6692.7318 2.38912e-15 1e-20
6694.7115 2.38092e-15 1e-20
6696.6913 2.37684e-15 1e-20
6698.671 2.37743e-15 1e-20
6700.6507 2.38754e-15 1e-20
6702.6305 2.39495e-15 1e-20
6704.6102 2.4003e-15 1e-20
6706.5899 2.41927e-15 1e-20
6708.5696 2.38023e-15 1e-20
6710.5494 2.34981e-15 1e-20
6712.5291 2.37897e-15 1e-20
6714.5088 2.37575e-15 1e-20
6716.4885 2.36936e-15 1e-20
6718.4683 2.39555e-15 1e-20
6720.448 2.37381e-15 1e-20
6722.4277 2.36396e-15 1e-20
6724.4075 2.37517e-15 1e-20
6726.3872 2.36466e-15 1e-20
6728.3669 2.36599e-15 1e-20
6730.3466 2.3661e-15 1e-20
6732.3264 2.38457e-15 1e-20
6734.3061 2.36943e-15 1e-20
6736.2858 2.33883e-15 1e-20
6738.2656 2.33517e-15 1e-20
6740.2453 2.30921e-15 1e-20
6742.225 2.31788e-15 1e-20
6744.2047 2.33553e-15 1e-20
6746.1845 2.33466e-15 1e-20
6748.1642 2.3053e-15 1e-20
6750.1439 2.31019e-15 1e-20
6752.1236 2.29008e-15 1e-20
6754.1034 2.27631e-15 1e-20
6756.0831 2.27396e-15 1e-20
6758.0628 2.29999e-15 1e-20
6760.0426 2.29349e-15 1e-20
6762.0223 2.31062e-15 1e-20
6764.002 2.29577e-15 1e-20
6765.9817 2.26212e-15 1e-20
6767.9615 2.28327e-15 1e-20
6769.9412 2.31951e-15 1e-20
6771.9209 2.29527e-15 1e-20
6773.9007 2.2891e-15 1e-20
6775.8804 2.2639e-15 1e-20
6777.8601 2.25314e-15 1e-20
6779.8398 2.26731e-15 1e-20
6781.8196 2.28714e-15 1e-20
6783.7993 2.27998e-15 1e-20
6785.779 2.23607e-15 1e-20
6787.7587 2.23366e-15 1e-20
6789.7385 2.22402e-15 1e-20
6791.7182 2.24175e-15 1e-20
6793.6979 2.26224e-15 1e-20
6795.6777 2.23041e-15 1e-20
6797.6574 2.2455e-15 1e-20
6799.6371 2.27185e-15 1e-20
6801.6168 2.26861e-15 1e-20
6803.5966 2.2655e-15 1e-20
6805.5763 2.19612e-15 1e-20
6807.556 2.17287e-15 1e-20
6809.5358 2.19613e-15 1e-20
6811.5155 2.16745e-15 1e-20
6813.4952 2.18557e-15 1e-20
6815.4749 2.19724e-15 1e-20
6817.4547 2.20931e-15 1e-20
6819.4344 2.20312e-15 1e-20
6821.4141 2.20219e-15 1e-20
6823.3938 2.19713e-15 1e-20
6825.3736 2.1837e-15 1e-20
6827.3533 2.20675e-15 1e-20
6829.333 2.20999e-15 1e-20
6831.3128 2.22147e-15 1e-20
6833.2925 2.22105e-15 1e-20
6835.2722 2.22276e-15 1e-20
6837.2519 2.21248e-15 1e-20
6839.2317 2.23189e-15 1e-20
6841.2114 2.18912e-15 1e-20
6843.1911 2.16426e-15 1e-20
6845.1708 2.12669e-15 1e-20
6847.1506 2.16642e-15 1e-20
6849.1303 2.18463e-15 1e-20
6851.11 2.13646e-15 1e-20
6853.0898 2.11961e-15 1e-20
6855.0695 2.15626e-15 1e-20
6857.0492 2.15888e-15 1e-20
6859.0289 2.16636e-15 1e-20
6861.0087 2.16213e-15 1e-20
6862.9884 2.17015e-15 1e-20
6864.9681 2.14615e-15 1e-20
6866.9479 2.15594e-15 1e-20
6868.9276 2.1584e-15 1e-20
6870.9073 2.16914e-15 1e-20
6872.887 2.1657e-15 1e-20
6874.8668 2.13636e-15 1e-20
6876.8465 2.12012e-15 1e-20
6878.8262 2.1374e-15 1e-20
6880.8059 2.14863e-15 1e-20
6882.7857 2.1367e-15 1e-20
6884.7654 2.11362e-15 1e-20
6886.7451 2.12892e-15 1e-20
6888.7249 2.15658e-15 1e-20
6890.7046 2.11981e-15 1e-20
6892.6843 2.09821e-15 1e-20
6894.6641 2.08435e-15 1e-20
6896.6438 2.08402e-15 1e-20
6898.6235 2.10239e-15 1e-20
6900.6032 2.12396e-15 1e-20
6902.583 2.12046e-15 1e-20
6904.5627 2.11696e-15 1e-20
6906.5424 2.11346e-15 1e-20
6908.5221 2.10996e-15 1e-20
6910.5019 2.0914e-15 1e-20
6912.4816 2.09722e-15 1e-20
6914.4613 2.12217e-15 1e-20
6916.4411 2.12457e-15 1e-20
6918.4208 2.10721e-15 1e-20
6920.4005 2.1092e-15 1e-20
6922.3802 2.11721e-15 1e-20
6924.36 2.09331e-15 1e-20
6926.3397 2.04962e-15 1e-20
6928.3194 2.04027e-15 1e-20
6930.2992 2.09577e-15 1e-20
6932.2789 2.12276e-15 1e-20
6934.2586 2.04883e-15 1e-20
6936.2383 2.05435e-15 1e-20
6938.2181 2.08435e-15 1e-20
6940.1978 2.07147e-15 1e-20
6942.1775 2.07067e-15 1e-20
6944.1572 2.04381e-15 1e-20
6946.137 2.05814e-15 1e-20
6948.1167 2.078e-15 1e-20
6950.0964 2.06881e-15 1e-20
6952.0762 2.08518e-15 1e-20
6954.0559 2.07356e-15 1e-20
6956.0356 2.05056e-15 1e-20
6958.0153 2.06189e-15 1e-20
6959.9951 2.07311e-15 1e-20
6961.9748 2.07058e-15 1e-20
6963.9545 2.05361e-15 1e-20
6965.9343 2.04927e-15 1e-20
6967.914 2.03596e-15 1e-20
6969.8937 2.03059e-15 1e-20
6971.8734 2.03501e-15 1e-20
6973.8532 2.02955e-15 1e-20
6975.8329 2.06556e-15 1e-20
6977.8126 2.0803e-15 1e-20
6979.7923 2.04605e-15 1e-20
6981.7721 2.01326e-15 1e-20
6983.7518 2.01608e-15 1e-20
6985.7315 2.00877e-15 1e-20
6987.7113 2.03735e-15 1e-20
6989.691 2.02242e-15 1e-20
6991.6707 2.02279e-15 1e-20
6993.6504 2.016e-15 1e-20
6995.6302 2.01041e-15 1e-20
6997.6099 2.04156e-15 1e-20
6999.5896 2.02753e-15 1e-20
7001.5694 2.00893e-15 1e-20
7003.5491 1.98981e-15 1e-20
7005.5288 2.02403e-15 1e-20
7007.5085 2.05011e-15 1e-20
7009.4883 2.03485e-15 1e-20
7011.468 1.99281e-15 1e-20
7013.4477 1.96944e-15 1e-20
7015.4274 1.98257e-15 1e-20
7017.4072 2.00231e-15 1e-20
7019.3869 2.01424e-15 1e-20
7021.3666 2.01561e-15 1e-20
7023.3464 2.01494e-15 1e-20
7025.3261 1.96844e-15 1e-20
7027.3058 1.97574e-15 1e-20
7029.2855 2.03457e-15 1e-20
7031.2653 2.0355e-15 1e-20
7033.245 1.9946e-15 1e-20
7035.2247 1.98292e-15 1e-20
7037.2045 2.00423e-15 1e-20
7039.1842 1.99286e-15 1e-20
7041.1639 1.98851e-15 1e-20
7043.1436 2.00193e-15 1e-20
7045.1234 1.98005e-15 1e-20
7047.1031 1.96714e-15 1e-20
7049.0828 1.97708e-15 1e-20
7051.0625 1.97651e-15 1e-20
7053.0423 1.94002e-15 1e-20
7055.022 1.94022e-15 1e-20
7057.0017 1.95636e-15 1e-20
7058.9815 1.97051e-15 1e-20
7060.9612 1.98679e-15 1e-20
7062.9409 1.98203e-15 1e-20
7064.9206 1.95669e-15 1e-20
7066.9004 1.94216e-15 1e-20
7068.8801 1.94643e-15 1e-20
7070.8598 1.94877e-15 1e-20
7072.8396 1.95631e-15 1e-20
7074.8193 1.97174e-15 1e-20
7076.799 1.95816e-15 1e-20
7078.7787 1.94668e-15 1e-20
7080.7585 1.95386e-15 1e-20
7082.7382 1.95029e-15 1e-20
7084.7179 1.94317e-15 1e-20
7086.6977 1.95956e-15 1e-20
7088.6774 1.97748e-15 1e-20
7090.6571 1.98905e-15 1e-20
7092.6368 1.95937e-15 1e-20
7094.6166 1.90993e-15 1e-20
7096.5963 1.89589e-15 1e-20
7098.576 1.91169e-15 1e-20
7100.5557 1.92483e-15 1e-20
7102.5355 1.89361e-15 1e-20
7104.5152 1.87659e-15 1e-20
7106.4949 1.88222e-15 1e-20
7108.4747 1.8763e-15 1e-20
7110.4544 1.87821e-15 1e-20
7112.4341 1.88865e-15 1e-20
7114.4138 1.87183e-15 1e-20
7116.3936 1.86243e-15 1e-20
7118.3733 1.88002e-15 1e-20
7120.353 1.86646e-15 1e-20
7122.3328 1.85977e-15 1e-20
7124.3125 1.85705e-15 1e-20
7126.2922 1.86137e-15 1e-20
7128.2719 1.83945e-15 1e-20
7130.2517 1.85241e-15 1e-20
7132.2314 1.87135e-15 1e-20
7134.2111 1.87294e-15 1e-20
7136.1908 1.84738e-15 1e-20
7138.1706 1.83925e-15 1e-20
7140.1503 1.82326e-15 1e-20
7142.13 1.81244e-15 1e-20
7144.1098 1.83577e-15 1e-20
7146.0895 1.84696e-15 1e-20
7148.0692 1.85993e-15 1e-20
7150.0489 1.84114e-15 1e-20
7152.0287 1.81638e-15 1e-20
7154.0084 1.81471e-15 1e-20
7155.9881 1.80893e-15 1e-20
7157.9679 1.78905e-15 1e-20
7159.9476 1.77708e-15 1e-20
7161.9273 1.7822e-15 1e-20
7163.907 1.80381e-15 1e-20
7165.8868 1.78881e-15 1e-20
7167.8665 1.76267e-15 1e-20
7169.8462 1.75426e-15 1e-20
7171.8259 1.76484e-15 1e-20
7173.8057 1.764e-15 1e-20
7175.7854 1.76676e-15 1e-20
7177.7651 1.73355e-15 1e-20
7179.7449 1.71818e-15 1e-20
7181.7246 1.74822e-15 1e-20
7183.7043 1.76292e-15 1e-20
7185.684 1.73333e-15 1e-20
7187.6638 1.70357e-15 1e-20
7189.6435 1.71229e-15 1e-20
7191.6232 1.70153e-15 1e-20
7193.603 1.70347e-15 1e-20
7195.5827 1.71452e-15 1e-20
7197.5624 1.68658e-15 1e-20
7199.5421 1.66746e-15 1e-20
7201.5219 1.67126e-15 1e-20
7203.5016 1.69197e-15 1e-20
7205.4813 1.6756e-15 1e-20
7207.461 1.65968e-15 1e-20
7209.4408 1.62392e-15 1e-20
7211.4205 1.62562e-15 1e-20
7213.4002 1.59679e-15 1e-20
7215.38 1.5922e-15 1e-20
7217.3597 1.57488e-15 1e-20
7219.3394 1.61476e-15 1e-20
7221.3191 1.62253e-15 1e-20
7223.2989 1.61178e-15 1e-20
7225.2786 1.59226e-15 1e-20
7227.2583 1.60477e-15 1e-20
7229.2381 1.56754e-15 1e-20
7231.2178 1.57377e-15 1e-20
7233.1975 1.59633e-15 1e-20
7235.1772 1.57348e-15 1e-20
7237.157 1.53704e-15 1e-20
7239.1367 1.52553e-15 1e-20
7241.1164 1.53938e-15 1e-20
7243.0962 1.52521e-15 1e-20
7245.0759 1.50711e-15 1e-20
7247.0556 1.54158e-15 1e-20
7249.0353 1.52055e-15 1e-20
7251.0151 1.50681e-15 1e-20
7252.9948 1.52305e-15 1e-20
7254.9745 1.5429e-15 1e-20
7256.9542 1.56736e-15 1e-20
7258.934 1.54043e-15 1e-20
7260.9137 1.5079e-15 1e-20
7262.8934 1.51417e-15 1e-20
7264.8732 1.53977e-15 1e-20
7266.8529 1.54187e-15 1e-20
7268.8326 1.56181e-15 1e-20
7270.8123 1.56167e-15 1e-20
7272.7921 1.54044e-15 1e-20
7274.7718 1.52068e-15 1e-20
7276.7515 1.52368e-15 1e-20
7278.7313 1.52702e-15 1e-20
7280.711 1.51447e-15 1e-20
7282.6907 1.50483e-15 1e-20
7284.6704 1.52992e-15 1e-20
7286.6502 1.53848e-15 1e-20
7288.6299 1.51641e-15 1e-20
7290.6096 1.53633e-15 1e-20
7292.5893 1.52131e-15 1e-20
7294.5691 1.50385e-15 1e-20
7296.5488 1.52386e-15 1e-20
7298.5285 1.53539e-15 1e-20
7300.5083 1.53881e-15 1e-20
7302.488 1.54359e-15 1e-20
7304.4677 1.52378e-15 1e-20
7306.4474 1.54628e-15 1e-20
7308.4272 1.54952e-15 1e-20
7310.4069 1.52599e-15 1e-20
7312.3866 1.51472e-15 1e-20
7314.3664 1.52029e-15 1e-20
7316.3461 1.51227e-15 1e-20
7318.3258 1.52489e-15 1e-20
7320.3055 1.54603e-15 1e-20
7322.2853 1.52553e-15 1e-20
7324.265 1.51176e-15 1e-20
7326.2447 1.52977e-15 1e-20
7328.2244 1.53651e-15 1e-20
7330.2042 1.51779e-15 1e-20
7332.1839 1.5293e-15 1e-20
7334.1636 1.56666e-15 1e-20
7336.1434 1.55366e-15 1e-20
7338.1231 1.54586e-15 1e-20
7340.1028 1.56349e-15 1e-20
7342.0825 1.53837e-15 1e-20
7344.0623 1.52167e-15 1e-20
7346.042 1.53359e-15 1e-20
7348.0217 1.56832e-15 1e-20
7350.0015 1.58336e-15 1e-20
7351.9812 1.54235e-15 1e-20
7353.9609 1.52223e-15 1e-20
7355.9406 1.54697e-15 1e-20
7357.9204 1.55656e-15 1e-20
7359.9001 1.55081e-15 1e-20
7361.8798 1.57863e-15 1e-20
7363.8595 1.5418e-15 1e-20
7365.8393 1.60709e-15 1e-20
7367.819 1.57899e-15 1e-20
7369.7987 1.57864e-15 1e-20
7371.7785 1.59562e-15 1e-20
7373.7582 1.5825e-15 1e-20
7375.7379 1.58615e-15 1e-20
7377.7176 1.59346e-15 1e-20
7379.6974 1.62637e-15 1e-20
7381.6771 1.62473e-15 1e-20
7383.6568 1.59235e-15 1e-20
7385.6366 1.59654e-15 1e-20
7387.6163 1.6041e-15 1e-20
7389.596 1.6036e-15 1e-20
7391.5757 1.60784e-15 1e-20
7393.5555 1.60532e-15 1e-20
7395.5352 1.5906e-15 1e-20
7397.5149 1.57351e-15 1e-20
7399.4946 1.58383e-15 1e-20
7401.4744 1.59312e-15 1e-20
7403.4541 1.59528e-15 1e-20
7405.4338 1.57811e-15 1e-20
7407.4136 1.57992e-15 1e-20
7409.3933 1.61546e-15 1e-20
7411.373 1.60861e-15 1e-20
7413.3527 1.60377e-15 1e-20
7415.3325 1.58883e-15 1e-20
7417.3122 1.59633e-15 1e-20
7419.2919 1.62305e-15 1e-20
7421.2717 1.60344e-15 1e-20
7423.2514 1.59339e-15 1e-20
7425.2311 1.6089e-15 1e-20
7427.2108 1.57371e-15 1e-20
7429.1906 1.55609e-15 1e-20
7431.1703 1.58943e-15 1e-20
7433.15 1.62469e-15 1e-20
7435.1298 1.57762e-15 1e-20
7437.1095 1.58969e-15 1e-20
7439.0892 1.6053e-15 1e-20
7441.0689 1.58156e-15 1e-20
7443.0487 1.56049e-15 1e-20
7445.0284 1.57199e-15 1e-20
7447.0081 1.60676e-15 1e-20
7448.9878 1.59089e-15 1e-20
7450.9676 1.58658e-15 1e-20
7452.9473 1.59687e-15 1e-20
7454.927 1.65243e-15 1e-20
7456.9068 1.67253e-15 1e-20
7458.8865 1.62257e-15 1e-20
7460.8662 1.59538e-15 1e-20
7462.8459 1.60436e-15 1e-20
7464.8257 1.57944e-15 1e-20
7466.8054 1.57044e-15 1e-20
7468.7851 1.5857e-15 1e-20
7470.7649 1.58186e-15 1e-20
7472.7446 1.58588e-15 1e-20
7474.7243 1.6044e-15 1e-20
7476.704 1.60463e-15 1e-20
7478.6838 1.59937e-15 1e-20
7480.6635 1.5952e-15 1e-20
7482.6432 1.60231e-15 1e-20
7484.6229 1.60904e-15 1e-20
7486.6027 1.59214e-15 1e-20
7488.5824 1.61646e-15 1e-20
7490.5621 1.6184e-15 1e-20
7492.5419 1.58781e-15 1e-20
7494.5216 1.57715e-15 1e-20
7496.5013 1.55622e-15 1e-20
7498.481 1.57196e-15 1e-20
7500.4608 1.62194e-15 1e-20
7502.4405 1.6185e-15 1e-20
7504.4202 1.5749e-15 1e-20
7506.4 1.58797e-15 1e-20
7508.3797 1.63503e-15 1e-20
7510.3594 1.60353e-15 1e-20
7512.3391 1.61446e-15 1e-20
7514.3189 1.58058e-15 1e-20
7516.2986 1.56889e-15 1e-20
7518.2783 1.59631e-15 1e-20
7520.258 1.59259e-15 1e-20
7522.2378 1.56919e-15 1e-20
7524.2175 1.56985e-15 1e-20
7526.1972 1.57051e-15 1e-20
7528.177 1.57117e-15 1e-20
7530.1567 1.57184e-15 1e-20
7532.1364 1.5725e-15 1e-20
7534.1161 1.57316e-15 1e-20
7536.0959 1.57382e-15 1e-20
7538.0756 1.57448e-15 1e-20
7540.0553 1.57514e-15 1e-20
7542.0351 1.5758e-15 1e-20
7544.0148 1.57647e-15 1e-20
7545.9945 1.57713e-15 1e-20
7547.9742 1.57779e-15 1e-20
7549.954 1.57845e-15 1e-20
7551.9337 1.5729e-15 1e-20
7553.9134 1.5359e-15 1e-20
7555.8931 1.53184e-15 1e-20
7557.8729 1.5362e-15 1e-20
7559.8526 1.52119e-15 1e-20
7561.8323 1.55012e-15 1e-20
7563.8121 1.49393e-15 1e-20
7565.7918 1.46503e-15 1e-20
7567.7715 1.49603e-15 1e-20
7569.7512 1.54728e-15 1e-20
7571.731 1.52137e-15 1e-20
7573.7107 1.54781e-15 1e-20
7575.6904 1.52425e-15 1e-20
7577.6702 1.5232e-15 1e-20
7579.6499 1.50222e-15 1e-20
7581.6296 1.47281e-15 1e-20
7583.6093 1.51757e-15 1e-20
7585.5891 1.50122e-15 1e-20
7587.5688 1.51501e-15 1e-20
7589.5485 1.52975e-15 1e-20
7591.5282 1.52043e-15 1e-20
7593.508 1.54538e-15 1e-20
7595.4877 1.55189e-15 1e-20
7597.4674 1.54615e-15 1e-20
7599.4472 1.57847e-15 1e-20
7601.4269 1.54256e-15 1e-20
7603.4066 1.56975e-15 1e-20
7605.3863 1.59099e-15 1e-20
7607.3661 1.55694e-15 1e-20
7609.3458 1.58076e-15 1e-20
7611.3255 1.55399e-15 1e-20
7613.3053 1.53962e-15 1e-20
7615.285 1.5566e-15 1e-20
7617.2647 1.56784e-15 1e-20
7619.2444 1.57058e-15 1e-20
7621.2242 1.57851e-15 1e-20
7623.2039 1.57734e-15 1e-20
7625.1836 1.54221e-15 1e-20
7627.1634 1.5487e-15 1e-20
7629.1431 1.57808e-15 1e-20
7631.1228 1.55741e-15 1e-20
7633.1025 1.54039e-15 1e-20
7635.0823 1.56295e-15 1e-20
7637.062 1.53608e-15 1e-20
7639.0417 1.52279e-15 1e-20
7641.0214 1.54134e-15 1e-20
7643.0012 1.55869e-15 1e-20
7644.9809 1.58177e-15 1e-20
7646.9606 1.58026e-15 1e-20
7648.9404 1.5368e-15 1e-20
7650.9201 1.53428e-15 1e-20
7652.8998 1.56699e-15 1e-20
7654.8795 1.55784e-15 1e-20
7656.8593 1.56233e-15 1e-20
7658.839 1.57046e-15 1e-20
7660.8187 1.54354e-15 1e-20
7662.7985 1.51987e-15 1e-20
7664.7782 1.51918e-15 1e-20
7666.7579 1.54078e-15 1e-20
7668.7376 1.57471e-15 1e-20
7670.7174 1.59006e-15 1e-20
7672.6971 1.58159e-15 1e-20
7674.6768 1.55312e-15 1e-20
7676.6565 1.54303e-15 1e-20
7678.6363 1.53046e-15 1e-20
7680.616 1.50992e-15 1e-20
7682.5957 1.54082e-15 1e-20
7684.5755 1.56693e-15 1e-20
7686.5552 1.57821e-15 1e-20
7688.5349 1.55343e-15 1e-20
7690.5146 1.52204e-15 1e-20
7692.4944 1.55414e-15 1e-20
7694.4741 1.55068e-15 1e-20
7696.4538 1.5216e-15 1e-20
7698.4336 1.49065e-15 1e-20
7700.4133 1.45743e-15 1e-20
7702.393 1.47707e-15 1e-20
7704.3727 1.47369e-15 1e-20
7706.3525 1.50633e-15 1e-20
7708.3322 1.53657e-15 1e-20
7710.3119 1.50296e-15 1e-20
7712.2916 1.50873e-15 1e-20
7714.2714 1.53906e-15 1e-20
7716.2511 1.56138e-15 1e-20
7718.2308 1.53493e-15 1e-20
7720.2106 1.49978e-15 1e-20
7722.1903 1.48461e-15 1e-20
7724.17 1.51203e-15 1e-20
7726.1497 1.45467e-15 1e-20
7728.1295 1.44734e-15 1e-20
7730.1092 1.4776e-15 1e-20
7732.0889 1.47871e-15 1e-20
7734.0687 1.45665e-15 1e-20
7736.0484 1.46596e-15 1e-20
7738.0281 1.45745e-15 1e-20
7740.0078 1.41664e-15 1e-20
7741.9876 1.42495e-15 1e-20
7743.9673 1.44665e-15 1e-20
7745.947 1.42294e-15 1e-20
7747.9267 1.39341e-15 1e-20
7749.9065 1.43063e-15 1e-20
7751.8862 1.39931e-15 1e-20
7753.8659 1.39623e-15 1e-20
7755.8457 1.42856e-15 1e-20
7757.8254 1.42325e-15 1e-20
7759.8051 1.38421e-15 1e-20
7761.7848 1.39395e-15 1e-20
7763.7646 1.42279e-15 1e-20
7765.7443 1.40576e-15 1e-20
7767.724 1.38964e-15 1e-20
7769.7038 1.38148e-15 1e-20
7771.6835 1.3441e-15 1e-20
7773.6632 1.34338e-15 1e-20
7775.6429 1.3626e-15 1e-20
7777.6227 1.32671e-15 1e-20
7779.6024 1.30512e-15 1e-20
7781.5821 1.30995e-15 1e-20
7783.5618 1.30991e-15 1e-20
7785.5416 1.29028e-15 1e-20
7787.5213 1.29857e-15 1e-20
7789.501 1.25675e-15 1e-20
7791.4808 1.26829e-15 1e-20
7793.4605 1.25e-15 1e-20
7795.4402 1.20011e-15 1e-20
7797.4199 1.24893e-15 1e-20
7799.3997 1.23173e-15 1e-20
7801.3794 1.19848e-15 1e-20
7803.3591 1.22886e-15 1e-20
7805.3389 1.23276e-15 1e-20
7807.3186 1.19476e-15 1e-20
7809.2983 1.15342e-15 1e-20
7811.278 1.16385e-15 1e-20
7813.2578 1.18953e-15 1e-20
7815.2375 1.18033e-15 1e-20
7817.2172 1.15347e-15 1e-20
7819.197 1.1356e-15 1e-20
7821.1767 1.13001e-15 1e-20
7823.1564 1.12054e-15 1e-20
7825.1361 1.09605e-15 1e-20
7827.1159 1.11741e-15 1e-20
7829.0956 1.10961e-15 1e-20
7831.0753 1.09637e-15 1e-20
7833.055 1.06707e-15 1e-20
7835.0348 1.04574e-15 1e-20
7837.0145 1.04968e-15 1e-20
7838.9942 1.06998e-15 1e-20
7840.974 1.04909e-15 1e-20
7842.9537 1.01457e-15 1e-20
7844.9334 1.03612e-15 1e-20
7846.9131 1.05015e-15 1e-20
7848.8929 1.03921e-15 1e-20
7850.8726 1.02668e-15 1e-20
7852.8523 1.01376e-15 1e-20
7854.8321 1.04156e-15 1e-20
7856.8118 1.022e-15 1e-20
7858.7915 9.72115e-16 1e-20
7860.7712 9.94176e-16 1e-20
7862.751 9.90871e-16 1e-20
7864.7307 9.73622e-16 1e-20
7866.7104 9.95359e-16 1e-20
7868.6901 9.92263e-16 1e-20
7870.6699 9.86863e-16 1e-20
7872.6496 9.79035e-16 1e-20
7874.6293 9.68537e-16 1e-20
7876.6091 9.71822e-16 1e-20
7878.5888 1.01036e-15 1e-20
7880.5685 9.99531e-16 1e-20
7882.5482 9.57668e-16 1e-20
7884.528 9.48786e-16 1e-20
7886.5077 9.62994e-16 1e-20
7888.4874 9.78141e-16 1e-20
7890.4672 9.80572e-16 1e-20
7892.4469 9.65887e-16 1e-20
7894.4266 9.78355e-16 1e-20
7896.4063 9.73045e-16 1e-20
7898.3861 9.58676e-16 1e-20
7900.3658 9.98149e-16 1e-20
7902.3455 9.93588e-16 1e-20
7904.3252 9.68087e-16 1e-20
7906.305 9.89054e-16 1e-20
7908.2847 9.61013e-16 1e-20
7910.2644 9.43707e-16 1e-20
7912.2442 9.52229e-16 1e-20
7914.2239 9.659e-16 1e-20
7916.2036 9.59508e-16 1e-20
7918.1833 9.53279e-16 1e-20
7920.1631 9.43612e-16 1e-20
7922.1428 9.26331e-16 1e-20
7924.1225 9.19128e-16 1e-20
7926.1023 9.00019e-16 1e-20
7928.082 8.96956e-16 1e-20
7930.0617 8.94019e-16 1e-20
7932.0414 9.0214e-16 1e-20
7934.0212 8.91864e-16 1e-20
7936.0009 8.65901e-16 1e-20
7937.9806 9.02496e-16 1e-20
7939.9603 9.18048e-16 1e-20
7941.9401 8.81086e-16 1e-20
7943.9198 8.86015e-16 1e-20
7945.8995 8.7844e-16 1e-20
7947.8793 8.51987e-16 1e-20
7949.859 8.75953e-16 1e-20
7951.8387 8.88126e-16 1e-20
7953.8184 8.8902e-16 1e-20
7955.7982 8.77171e-16 1e-20
7957.7779 8.83356e-16 1e-20
7959.7576 8.72672e-16 1e-20
7961.7374 8.69891e-16 1e-20
7963.7171 8.4308e-16 1e-20
7965.6968 8.36572e-16 1e-20
7967.6765 8.52046e-16 1e-20
7969.6563 8.53444e-16 1e-20
7971.636 8.55416e-16 1e-20
7973.6157 8.75368e-16 1e-20
7975.5954 8.53359e-16 1e-20
7977.5752 8.37505e-16 1e-20
7979.5549 8.52502e-16 1e-20
7981.5346 8.51393e-16 1e-20
7983.5144 8.22017e-16 1e-20
7985.4941 8.35889e-16 1e-20
7987.4738 8.44085e-16 1e-20
7989.4536 8.48638e-16 1e-20
7991.4333 8.61398e-16 1e-20
7993.413 8.50195e-16 1e-20
7995.3927 8.51711e-16 1e-20
7997.3725 8.63635e-16 1e-20
7999.3522 8.53457e-16 1e-20
8001.3319 8.41265e-16 1e-20
8003.3116 8.47055e-16 1e-20
8005.2914 8.34357e-16 1e-20
8007.2711 8.26399e-16 1e-20
8009.2508 8.49488e-16 1e-20
8011.2306 8.25934e-16 1e-20
8013.2103 8.21271e-16 1e-20
8015.19 8.5231e-16 1e-20
8017.1697 8.51134e-16 1e-20
8019.1495 8.62061e-16 1e-20
8021.1292 8.37316e-16 1e-20
8023.1089 8.2684e-16 1e-20
8025.0886 8.42166e-16 1e-20
8027.0684 8.4791e-16 1e-20
8029.0481 8.46211e-16 1e-20
8031.0278 8.68019e-16 1e-20
8033.0076 8.69315e-16 1e-20
8034.9873 8.58586e-16 1e-20
8036.967 8.59799e-16 1e-20
8038.9467 8.56274e-16 1e-20
8040.9265 8.55543e-16 1e-20
8042.9062 8.3636e-16 1e-20
8044.8859 8.3902e-16 1e-20
8046.8657 8.36654e-16 1e-20
8048.8454 8.52119e-16 1e-20
8050.8251 8.5533e-16 1e-20
8052.8048 8.58541e-16 1e-20
8054.7846 8.61752e-16 1e-20
8056.7643 8.64963e-16 1e-20
8058.744 8.3335e-16 1e-20
8060.7237 8.48647e-16 1e-20
8062.7035 8.59075e-16 1e-20
8064.6832 8.56248e-16 1e-20
8066.6629 8.36434e-16 1e-20
8068.6427 8.07371e-16 1e-20
8070.6224 8.3336e-16 1e-20
8072.6021 8.55447e-16 1e-20
8074.5818 8.47273e-16 1e-20
8076.5616 8.44202e-16 1e-20
8078.5413 8.51938e-16 1e-20
8080.521 8.62227e-16 1e-20
8082.5008 8.73087e-16 1e-20
8084.4805 8.8333e-16 1e-20
8086.4602 8.45575e-16 1e-20
8088.4399 8.33231e-16 1e-20
8090.4197 8.53728e-16 1e-20
8092.3994 8.26656e-16 1e-20
8094.3791 8.01901e-16 1e-20
8096.3588 8.33783e-16 1e-20
8098.3386 8.68337e-16 1e-20
8100.3183 8.52398e-16 1e-20
8102.298 8.49622e-16 1e-20
8104.2778 8.44917e-16 1e-20
8106.2575 8.58695e-16 1e-20
8108.2372 8.63462e-16 1e-20
8110.2169 8.62847e-16 1e-20
8112.1967 8.56294e-16 1e-20
8114.1764 8.66428e-16 1e-20
8116.1561 8.78657e-16 1e-20
8118.1359 9.01724e-16 1e-20
8120.1156 8.45283e-16 1e-20
8122.0953 8.50425e-16 1e-20
8124.075 8.57495e-16 1e-20
8126.0548 8.80134e-16 1e-20
8128.0345 8.91702e-16 1e-20
8130.0142 8.94337e-16 1e-20
8131.9939 9.04818e-16 1e-20
8133.9737 9.0459e-16 1e-20
8135.9534 9.10962e-16 1e-20
8137.9331 9.16425e-16 1e-20
8139.9129 9.12197e-16 1e-20
8141.8926 8.95328e-16 1e-20
8143.8723 8.94656e-16 1e-20
8145.852 9.1151e-16 1e-20
8147.8318 9.09487e-16 1e-20
8149.8115 8.94867e-16 1e-20
8151.7912 8.69322e-16 1e-20
8153.771 8.42584e-16 1e-20
8155.7507 8.7041e-16 1e-20
8157.7304 9.26797e-16 1e-20
8159.7101 9.38643e-16 1e-20
8161.6899 9.25661e-16 1e-20
8163.6696 9.34544e-16 1e-20
8165.6493 9.42805e-16 1e-20
8167.629 9.3905e-16 1e-20
8169.6088 9.5827e-16 1e-20
8171.5885 9.61218e-16 1e-20
8173.5682 9.65228e-16 1e-20
8175.548 9.73155e-16 1e-20
8177.5277 9.79851e-16 1e-20
8179.5074 9.97702e-16 1e-20
8181.4872 9.81598e-16 1e-20
8183.4669 9.71923e-16 1e-20
8185.4466 9.80128e-16 1e-20
8187.4263 1.03024e-15 1e-20
8189.4061 1.01752e-15 1e-20
8191.3858 9.99871e-16 1e-20
8193.3655 1.01995e-15 1e-20
8195.3452 1.03533e-15 1e-20
8197.325 1.00266e-15 1e-20
8199.3047 1.00362e-15 1e-20
8201.2844 1.04541e-15 1e-20
8203.2642 1.04787e-15 1e-20
8205.2439 1.04119e-15 1e-20
8207.2236 1.08304e-15 1e-20
8209.2033 1.05921e-15 1e-20
8211.1831 1.02925e-15 1e-20
8213.1628 1.06368e-15 1e-20
8215.1425 1.09081e-15 1e-20
8217.1223 1.06772e-15 1e-20
8219.102 1.07646e-15 1e-20
8221.0817 1.10224e-15 1e-20
8223.0614 1.11505e-15 1e-20
8225.0412 1.11522e-15 1e-20
8227.0209 1.11665e-15 1e-20
8229.0006 1.08723e-15 1e-20
8230.9803 1.07495e-15 1e-20
8232.9601 1.10913e-15 1e-20
8234.9398 1.12324e-15 1e-20
8236.9195 1.11298e-15 1e-20
8238.8993 1.11931e-15 1e-20
8240.879 1.13942e-15 1e-20
8242.8587 1.14702e-15 1e-20
8244.8384 1.15578e-15 1e-20
8246.8182 1.15548e-15 1e-20
8248.7979 1.15837e-15 1e-20
8250.7776 1.1725e-15 1e-20
8252.7574 1.15523e-15 1e-20
8254.7371 1.16104e-15 1e-20
8256.7168 1.19397e-15 1e-20
8258.6965 1.20038e-15 1e-20
8260.6763 1.16801e-15 1e-20
8262.656 1.18283e-15 1e-20
8264.6357 1.20867e-15 1e-20
8266.6154 1.21922e-15 1e-20
8268.5952 1.20398e-15 1e-20
8270.5749 1.17563e-15 1e-20
8272.5546 1.1975e-15 1e-20
8274.5344 1.22988e-15 1e-20
8276.5141 1.19289e-15 1e-20
8278.4938 1.22765e-15 1e-20
8280.4735 1.25164e-15 1e-20
8282.4533 1.23453e-15 1e-20
8284.433 1.23881e-15 1e-20
8286.4127 1.26265e-15 1e-20
8288.3924 1.29699e-15 1e-20
8290.3722 1.27402e-15 1e-20
8292.3519 1.27101e-15 1e-20
8294.3316 1.31169e-15 1e-20
8296.3114 1.31191e-15 1e-20
8298.2911 1.2797e-15 1e-20
8300.2708 1.314e-15 1e-20
8302.2505 1.32144e-15 1e-20
8304.2303 1.29208e-15 1e-20
8306.21 1.30277e-15 1e-20
8308.1897 1.28454e-15 1e-20
8310.1695 1.26889e-15 1e-20
8312.1492 1.27518e-15 1e-20
8314.1289 1.31576e-15 1e-20
8316.1086 1.34517e-15 1e-20
8318.0884 1.33142e-15 1e-20
8320.0681 1.32996e-15 1e-20
8322.0478 1.32462e-15 1e-20
8324.0275 1.31133e-15 1e-20
8326.0073 1.35943e-15 1e-20
8327.987 1.36648e-15 1e-20
8329.9667 1.35196e-15 1e-20
8331.9465 1.42882e-15 1e-20
8333.9262 1.43523e-15 1e-20
8335.9059 1.38639e-15 1e-20
8337.8856 1.38528e-15 1e-20
8339.8654 1.40755e-15 1e-20
8341.8451 1.38312e-15 1e-20
8343.8248 1.32839e-15 1e-20
8345.8046 1.33351e-15 1e-20
8347.7843 1.35981e-15 1e-20
8349.764 1.35848e-15 1e-20
8351.7437 1.3867e-15 1e-20
8353.7235 1.43522e-15 1e-20
8355.7032 1.40967e-15 1e-20
8357.6829 1.40348e-15 1e-20
8359.6626 1.39848e-15 1e-20
8361.6424 1.39086e-15 1e-20
8363.6221 1.44894e-15 1e-20
8365.6018 1.42231e-15 1e-20
8367.5816 1.42612e-15 1e-20
8369.5613 1.41895e-15 1e-20
8371.541 1.4376e-15 1e-20
8373.5208 1.44006e-15 1e-20
8375.5005 1.44252e-15 1e-20
8377.4802 1.44498e-15 1e-20
8379.4599 1.44744e-15 1e-20
8381.4397 1.42141e-15 1e-20
8383.4194 1.44142e-15 1e-20
8385.3991 1.47493e-15 1e-20
8387.3788 1.46545e-15 1e-20
8389.3586 1.44392e-15 1e-20
8391.3383 1.436e-15 1e-20
8393.318 1.45429e-15 1e-20
8395.2978 1.4398e-15 1e-20
8397.2775 1.45927e-15 1e-20
8399.2572 1.44492e-15 1e-20
8401.2369 1.42499e-15 1e-20
8403.2167 1.45971e-15 1e-20
8405.1964 1.48307e-15 1e-20
8407.1761 1.45658e-15 1e-20
8409.1559 1.44698e-15 1e-20
8411.1356 1.46143e-15 1e-20
8413.1153 1.4576e-15 1e-20
8415.095 1.41842e-15 1e-20
8417.0748 1.40156e-15 1e-20
8419.0545 1.44894e-15 1e-20
8421.0342 1.45755e-15 1e-20
8423.0139 1.4403e-15 1e-20
8424.9937 1.44938e-15 1e-20
8426.9734 1.43089e-15 1e-20
8428.9531 1.41258e-15 1e-20
8430.9329 1.48705e-15 1e-20
8432.9126 1.5327e-15 1e-20
8434.8923 1.50732e-15 1e-20
8436.872 1.47419e-15 1e-20
8438.8518 1.42355e-15 1e-20
8440.8315 1.47928e-15 1e-20
8442.8112 1.4348e-15 1e-20
8444.791 1.4114e-15 1e-20
8446.7707 1.42273e-15 1e-20
8448.7504 1.45184e-15 1e-20
8450.7301 1.48713e-15 1e-20
8452.7099 1.44929e-15 1e-20
8454.6896 1.43854e-15 1e-20
8456.6693 1.43651e-15 1e-20
8458.649 1.43921e-15 1e-20
8460.6288 1.44961e-15 1e-20
8462.6085 1.43395e-15 1e-20
8464.5882 1.46667e-15 1e-20
8466.568 1.41058e-15 1e-20
8468.5477 1.40361e-15 1e-20
8470.5274 1.49509e-15 1e-20
8472.5071 1.50303e-15 1e-20
8474.4869 1.52003e-15 1e-20
8476.4666 1.49875e-15 1e-20
8478.4463 1.47542e-15 1e-20
8480.4261 1.47972e-15 1e-20
8482.4058 1.48071e-15 1e-20
8484.3855 1.44573e-15 1e-20
8486.3652 1.44837e-15 1e-20
8488.345 1.47649e-15 1e-20
8490.3247 1.49408e-15 1e-20
8492.3044 1.48415e-15 1e-20
8494.2841 1.44994e-15 1e-20
8496.2639 1.45579e-15 1e-20
8498.2436 1.45835e-15 1e-20
8500.2233 1.43008e-15 1e-20
8502.2031 1.38971e-15 1e-20
8504.1828 1.38863e-15 1e-20
8506.1625 1.4093e-15 1e-20
8508.1422 1.35531e-15 1e-20
8510.122 1.33999e-15 1e-20
8512.1017 1.35534e-15 1e-20
8514.0814 1.35148e-15 1e-20
8516.0611 1.38853e-15 1e-20
8518.0409 1.42454e-15 1e-20
8520.0206 1.41912e-15 1e-20
8522.0003 1.4072e-15 1e-20
8523.9801 1.42684e-15 1e-20
8525.9598 1.41865e-15 1e-20
8527.9395 1.39353e-15 1e-20
8529.9193 1.40911e-15 1e-20
8531.899 1.42077e-15 1e-20
8533.8787 1.4107e-15 1e-20
8535.8584 1.37981e-15 1e-20
8537.8382 1.3645e-15 1e-20
8539.8179 1.38424e-15 1e-20
8541.7976 1.40919e-15 1e-20
8543.7773 1.41279e-15 1e-20
8545.7571 1.3498e-15 1e-20
8547.7368 1.35594e-15 1e-20
8549.7165 1.37084e-15 1e-20
8551.6963 1.35208e-15 1e-20
8553.676 1.3194e-15 1e-20
8555.6557 1.33128e-15 1e-20
8557.6354 1.38729e-15 1e-20
8559.6152 1.34487e-15 1e-20
8561.5949 1.31971e-15 1e-20
8563.5746 1.35111e-15 1e-20
8565.5544 1.36539e-15 1e-20
8567.5341 1.36022e-15 1e-20
8569.5138 1.36469e-15 1e-20
8571.4935 1.35621e-15 1e-20
8573.4733 1.33254e-15 1e-20
8575.453 1.40511e-15 1e-20
8577.4327 1.43438e-15 1e-20
8579.4124 1.39786e-15 1e-20
8581.3922 1.37622e-15 1e-20
8583.3719 1.33618e-15 1e-20
8585.3516 1.32457e-15 1e-20
8587.3314 1.36361e-15 1e-20
8589.3111 1.38651e-15 1e-20
8591.2908 1.33746e-15 1e-20
8593.2705 1.29335e-15 1e-20
8595.2503 1.28526e-15 1e-20
8597.23 1.29922e-15 1e-20
8599.2097 1.34066e-15 1e-20
8601.1895 1.30374e-15 1e-20
8603.1692 1.29618e-15 1e-20
8605.1489 1.33179e-15 1e-20
8607.1286 1.28433e-15 1e-20
8609.1084 1.25301e-15 1e-20
8611.0881 1.27689e-15 1e-20
8613.0678 1.33234e-15 1e-20
8615.0475 1.2939e-15 1e-20
8617.0273 1.2928e-15 1e-20
8619.007 1.31739e-15 1e-20
8620.9867 1.31391e-15 1e-20
8622.9665 1.35242e-15 1e-20
8624.9462 1.26586e-15 1e-20
8626.9259 1.21667e-15 1e-20
8628.9056 1.25786e-15 1e-20
8630.8854 1.26798e-15 1e-20
8632.8651 1.30194e-15 1e-20
8634.8448 1.32475e-15 1e-20
8636.8246 1.31164e-15 1e-20
8638.8043 1.29763e-15 1e-20
8640.784 1.26991e-15 1e-20
8642.7637 1.24662e-15 1e-20
8644.7435 1.30981e-15 1e-20
8646.7232 1.30967e-15 1e-20
8648.7029 1.26887e-15 1e-20
8650.6826 1.24879e-15 1e-20
8652.6624 1.28168e-15 1e-20
8654.6421 1.27726e-15 1e-20
8656.6218 1.29638e-15 1e-20
8658.6016 1.24241e-15 1e-20
8660.5813 1.27006e-15 1e-20
8662.561 1.30651e-15 1e-20
8664.5407 1.25133e-15 1e-20
8666.5205 1.23443e-15 1e-20
8668.5002 1.25815e-15 1e-20
8670.4799 1.26569e-15 1e-20
8672.4597 1.24644e-15 1e-20
8674.4394 1.24791e-15 1e-20
8676.4191 1.25196e-15 1e-20
8678.3988 1.23947e-15 1e-20
8680.3786 1.24698e-15 1e-20
8682.3583 1.27512e-15 1e-20
8684.338 1.23883e-15 1e-20
8686.3177 1.23171e-15 1e-20
8688.2975 1.22531e-15 1e-20
8690.2772 1.20429e-15 1e-20
8692.2569 1.18804e-15 1e-20
8694.2367 1.17992e-15 1e-20
8696.2164 1.20002e-15 1e-20
8698.1961 1.22389e-15 1e-20
8700.1758 1.21925e-15 1e-20
8702.1556 1.17747e-15 1e-20
8704.1353 1.20113e-15 1e-20
8706.115 1.22436e-15 1e-20
8708.0948 1.19366e-15 1e-20
8710.0745 1.17984e-15 1e-20
8712.0542 1.15001e-15 1e-20
8714.0339 1.13498e-15 1e-20
8716.0137 1.19196e-15 1e-20
8717.9934 1.20294e-15 1e-20
8719.9731 1.19165e-15 1e-20
8721.9529 1.18994e-15 1e-20
8723.9326 1.14893e-15 1e-20
8725.9123 1.17172e-15 1e-20
8727.892 1.19007e-15 1e-20
8729.8718 1.15788e-15 1e-20
8731.8515 1.15121e-15 1e-20
8733.8312 1.16463e-15 1e-20
8735.8109 1.16165e-15 1e-20
8737.7907 1.11034e-15 1e-20
8739.7704 1.10942e-15 1e-20
8741.7501 1.13992e-15 1e-20
8743.7299 1.13884e-15 1e-20
8745.7096 1.1732e-15 1e-20
8747.6893 1.21631e-15 1e-20
8749.669 1.17731e-15 1e-20
8751.6488 1.14045e-15 1e-20
8753.6285 1.10948e-15 1e-20
8755.6082 1.12389e-15 1e-20
8757.588 1.1499e-15 1e-20
8759.5677 1.14787e-15 1e-20
8761.5474 1.07622e-15 1e-20
8763.5271 1.06962e-15 1e-20
8765.5069 1.14246e-15 1e-20
8767.4866 1.16637e-15 1e-20
8769.4663 1.17687e-15 1e-20
8771.446 1.15265e-15 1e-20
8773.4258 1.10833e-15 1e-20
8775.4055 1.07726e-15 1e-20
8777.3852 1.09472e-15 1e-20
8779.365 1.09728e-15 1e-20
8781.3447 1.10117e-15 1e-20
8783.3244 1.0496e-15 1e-20
8785.3041 1.09068e-15 1e-20
8787.2839 1.12249e-15 1e-20
8789.2636 1.09902e-15 1e-20
8791.2433 1.09344e-15 1e-20
8793.2231 1.08005e-15 1e-20
8795.2028 1.09907e-15 1e-20
8797.1825 1.11521e-15 1e-20
8799.1622 1.08212e-15 1e-20
8801.142 1.08831e-15 1e-20
8803.1217 1.07342e-15 1e-20
8805.1014 1.02322e-15 1e-20
8807.0811 1.06166e-15 1e-20
8809.0609 1.09393e-15 1e-20
8811.0406 1.06071e-15 1e-20
8813.0203 1.02578e-15 1e-20
8815.0001 1.0494e-15 1e-20
8816.9798 1.06763e-15 1e-20
8818.9595 1.08716e-15 1e-20
8820.9392 1.05541e-15 1e-20
8822.919 1.01735e-15 1e-20
8824.8987 1.05603e-15 1e-20
8826.8784 1.04489e-15 1e-20
8828.8582 1.01577e-15 1e-20
8830.8379 9.88874e-16 1e-20
8832.8176 1.03819e-15 1e-20
8834.7973 1.05581e-15 1e-20
8836.7771 1.03871e-15 1e-20
8838.7568 1.05739e-15 1e-20
8840.7365 1.01901e-15 1e-20
8842.7162 1.03118e-15 1e-20
8844.696 1.03798e-15 1e-20
8846.6757 1.04441e-15 1e-20
8848.6554 1.04213e-15 1e-20
8850.6352 1.05661e-15 1e-20
8852.6149 1.03176e-15 1e-20
8854.5946 1.04347e-15 1e-20
8856.5743 1.01462e-15 1e-20
8858.5541 1.05278e-15 1e-20
8860.5338 1.0421e-15 1e-20
8862.5135 1.02402e-15 1e-20
8864.4933 9.72294e-16 1e-20
8866.473 1.00975e-15 1e-20
8868.4527 1.04297e-15 1e-20
8870.4324 1.02975e-15 1e-20
8872.4122 9.68657e-16 1e-20
8874.3919 1.01176e-15 1e-20
8876.3716 1.02785e-15 1e-20
8878.3513 1.01715e-15 1e-20
8880.3311 9.76484e-16 1e-20
8882.3108 9.33011e-16 1e-20
8884.2905 9.23419e-16 1e-20
8886.2703 9.8697e-16 1e-20
8888.25 1.04201e-15 1e-20
8890.2297 9.79126e-16 1e-20
8892.2094 9.81869e-16 1e-20
8894.1892 9.87743e-16 1e-20
8896.1689 9.24109e-16 1e-20
8898.1486 9.56123e-16 1e-20
8900.1284 9.66844e-16 1e-20
8902.1081 9.40467e-16 1e-20
8904.0878 9.45898e-16 1e-20
8906.0675 9.45275e-16 1e-20
8908.0473 9.23943e-16 1e-20
8910.027 9.63239e-16 1e-20
8912.0067 1.01118e-15 1e-20
8913.9865 9.77074e-16 1e-20
8915.9662 9.84707e-16 1e-20
8917.9459 9.19013e-16 1e-20
8919.9256 8.42709e-16 1e-20
8921.9054 8.74139e-16 1e-20
8923.8851 8.65703e-16 1e-20
8925.8648 9.15506e-16 1e-20
8927.8445 9.68808e-16 1e-20
8929.8243 1.01134e-15 1e-20
8931.804 9.56674e-16 1e-20
8933.7837 8.53214e-16 1e-20
8935.7635 8.93627e-16 1e-20
8937.7432 9.44401e-16 1e-20
8939.7229 9.25745e-16 1e-20
8941.7026 9.07169e-16 1e-20
8943.6824 8.90824e-16 1e-20
8945.6621 9.10733e-16 1e-20
8947.6418 9.15406e-16 1e-20
8949.6216 8.90524e-16 1e-20
8951.6013 9.06255e-16 1e-20
8953.581 9.34737e-16 1e-20
8955.5607 9.26877e-16 1e-20
8957.5405 9.23456e-16 1e-20
8959.5202 8.57373e-16 1e-20
8961.4999 9.01595e-16 1e-20
8963.4796 9.23155e-16 1e-20
8965.4594 9.20617e-16 1e-20
8967.4391 9.44707e-16 1e-20
8969.4188 8.92389e-16 1e-20
8971.3986 9.09874e-16 1e-20
8973.3783 8.97341e-16 1e-20
8975.358 9.26288e-16 1e-20
8977.3377 9.00014e-16 1e-20
8979.3175 9.23802e-16 1e-20
8981.2972 8.85157e-16 1e-20
8983.2769 8.70537e-16 1e-20
8985.2567 8.78835e-16 1e-20
8987.2364 8.50829e-16 1e-20
8989.2161 8.91859e-16 1e-20
8991.1958 8.81125e-16 1e-20
8993.1756 8.68592e-16 1e-20
8995.1553 8.64604e-16 1e-20
8997.135 8.17393e-16 1e-20
8999.1147 7.92261e-16 1e-20
9001.0945 8.42702e-16 1e-20
9003.0742 9.2106e-16 1e-20
9005.0539 9.2287e-16 1e-20
9007.0337 8.75052e-16 1e-20
9009.0134 8.659e-16 1e-20
9010.9931 8.61153e-16 1e-20
9012.9728 8.76306e-16 1e-20
9014.9526 8.66726e-16 1e-20
9016.9323 8.58988e-16 1e-20
9018.912 8.90477e-16 1e-20
9020.8918 8.66291e-16 1e-20
9022.8715 8.31716e-16 1e-20
9024.8512 8.14257e-16 1e-20
9026.8309 8.35011e-16 1e-20
9028.8107 8.51903e-16 1e-20
9030.7904 8.14931e-16 1e-20
9032.7701 8.42228e-16 1e-20
9034.7498 8.4927e-16 1e-20
9036.7296 8.18424e-16 1e-20
9038.7093 8.41437e-16 1e-20
9040.689 8.87826e-16 1e-20
9042.6688 9.15938e-16 1e-20
9044.6485 9.14761e-16 1e-20
9046.6282 8.59549e-16 1e-20
9048.6079 8.24979e-16 1e-20
9050.5877 8.49667e-16 1e-20
9052.5674 8.34846e-16 1e-20
9054.5471 8.30738e-16 1e-20
9056.5269 8.5952e-16 1e-20
9058.5066 8.77988e-16 1e-20
9060.4863 8.44658e-16 1e-20
9062.466 8.67848e-16 1e-20
9064.4458 9.03221e-16 1e-20
9066.4255 9.81603e-16 1e-20
9068.4052 1.00375e-15 1e-20
9070.3849 8.94127e-16 1e-20
9072.3647 8.0315e-16 1e-20
9074.3444 7.96863e-16 1e-20
9076.3241 8.29574e-16 1e-20
9078.3039 8.8899e-16 1e-20
9080.2836 8.59279e-16 1e-20
9082.2633 9.06061e-16 1e-20
9084.243 8.58008e-16 1e-20
9086.2228 8.9575e-16 1e-20
9088.2025 9.81993e-16 1e-20
9090.1822 8.68992e-16 1e-20
9092.162 8.0449e-16 1e-20
9094.1417 8.46344e-16 1e-20
9096.1214 8.48779e-16 1e-20
9098.1011 8.34873e-16 1e-20
9100.0809 9.12201e-16 1e-20
9102.0606 8.90225e-16 1e-20
9104.0403 8.79055e-16 1e-20
9106.0201 8.92176e-16 1e-20
9107.9998 8.72142e-16 1e-20
9109.9795 8.39059e-16 1e-20
9111.9592 8.4197e-16 1e-20
9113.939 8.97218e-16 1e-20
9115.9187 9.24455e-16 1e-20
9117.8984 9.24555e-16 1e-20
9119.8781 8.66796e-16 1e-20
9121.8579 8.16778e-16 1e-20
9123.8376 8.74488e-16 1e-20
9125.8173 8.42942e-16 1e-20
9127.7971 7.72733e-16 1e-20
9129.7768 8.34989e-16 1e-20
9131.7565 8.87618e-16 1e-20
9133.7362 8.87714e-16 1e-20
9135.716 8.42468e-16 1e-20
9137.6957 8.30427e-16 1e-20
9139.6754 9.146e-16 1e-20
9141.6552 9.08081e-16 1e-20
9143.6349 8.60931e-16 1e-20
9145.6146 8.7448e-16 1e-20
9147.5943 9.06812e-16 1e-20
9149.5741 8.51112e-16 1e-20
9151.5538 8.33132e-16 1e-20
9153.5335 9.58532e-16 1e-20
9155.5132 9.84669e-16 1e-20
9157.493 8.77886e-16 1e-20
9159.4727 8.64877e-16 1e-20
9161.4524 8.7067e-16 1e-20
9163.4322 8.23135e-16 1e-20
9165.4119 8.69468e-16 1e-20
9167.3916 9.14659e-16 1e-20
9169.3713 8.81561e-16 1e-20
9171.3511 9.22428e-16 1e-20
9173.3308 8.87323e-16 1e-20
9175.3105 8.27614e-16 1e-20
9177.2903 8.63765e-16 1e-20
9179.27 8.69519e-16 1e-20
9181.2497 9.32018e-16 1e-20
9183.2294 8.90525e-16 1e-20
9185.2092 8.26247e-16 1e-20
9187.1889 7.85051e-16 1e-20
9189.1686 8.44396e-16 1e-20
9191.1483 8.8652e-16 1e-20
9193.1281 8.38115e-16 1e-20
9195.1078 8.05206e-16 1e-20
9197.0875 7.89114e-16 1e-20
9199.0673 7.99882e-16 1e-20
9201.047 8.08013e-16 1e-20
9203.0267 8.96247e-16 1e-20
9205.0064 9.00376e-16 1e-20
9206.9862 8.15316e-16 1e-20
9208.9659 8.63576e-16 1e-20
9210.9456 9.23378e-16 1e-20
9212.9254 8.49149e-16 1e-20
9214.9051 7.90513e-16 1e-20
9216.8848 7.80499e-16 1e-20
9218.8645 8.51585e-16 1e-20
9220.8443 8.42946e-16 1e-20
9222.824 8.22972e-16 1e-20
9224.8037 8.1724e-16 1e-20
9226.7834 8.84403e-16 1e-20
9228.7632 9.47546e-16 1e-20
9230.7429 7.90239e-16 1e-20
9232.7226 7.74424e-16 1e-20
9234.7024 7.48936e-16 1e-20
9236.6821 7.62795e-16 1e-20
9238.6618 7.62245e-16 1e-20
9240.6415 7.1768e-16 1e-20
9242.6213 7.68476e-16 1e-20
9244.601 7.23382e-16 1e-20
9246.5807 7.86012e-16 1e-20
9248.5605 7.03383e-16 1e-20
9250.5402 6.75697e-16 1e-20
9252.5199 7.87644e-16 1e-20
9254.4996 8.019e-16 1e-20
9256.4794 7.12214e-16 1e-20
9258.4591 6.02581e-16 1e-20
9260.4388 7.03952e-16 1e-20
9262.4185 7.62313e-16 1e-20
9264.3983 7.72261e-16 1e-20
9266.378 8.4446e-16 1e-20
9268.3577 7.37925e-16 1e-20
9270.3375 6.28654e-16 1e-20
9272.3172 6.62929e-16 1e-20
9274.2969 7.55628e-16 1e-20
9276.2766 8.3e-16 1e-20
9278.2564 7.68375e-16 1e-20
9280.2361 7.24662e-16 1e-20
9282.2158 7.93385e-16 1e-20
9284.1956 7.46406e-16 1e-20
9286.1753 6.38649e-16 1e-20
9288.155 6.51862e-16 1e-20
9290.1347 6.991e-16 1e-20
9292.1145 6.69778e-16 1e-20
9294.0942 6.67297e-16 1e-20
9296.0739 6.73206e-16 1e-20
9298.0537 6.69698e-16 1e-20
9300.0334 7.14471e-16 1e-20
9302.0131 7.53128e-16 1e-20
9303.9928 7.33625e-16 1e-20
9305.9726 7.43882e-16 1e-20
9307.9523 7.74837e-16 1e-20
9309.932 7.12709e-16 1e-20
9311.9117 7.21925e-16 1e-20
9313.8915 8.00325e-16 1e-20
9315.8712 8.1816e-16 1e-20
9317.8509 7.33134e-16 1e-20
9319.8307 6.84277e-16 1e-20
9321.8104 7.44218e-16 1e-20
9323.7901 7.08222e-16 1e-20
9325.7698 6.64366e-16 1e-20
9327.7496 6.68369e-16 1e-20
9329.7293 6.49896e-16 1e-20
9331.709 6.55448e-16 1e-20
9333.6888 6.56963e-16 1e-20
9335.6685 6.69794e-16 1e-20
9337.6482 6.53873e-16 1e-20
9339.6279 6.56779e-16 1e-20
9341.6077 6.01397e-16 1e-20
9343.5874 6.89209e-16 1e-20
9345.5671 7.18561e-16 1e-20
9347.5468 7.18762e-16 1e-20
9349.5266 7.62856e-16 1e-20
9351.5063 6.28821e-16 1e-20
