# wavelength flux error
5.402083e+03 2.904541e-15 2.000000e-20
5.406250e+03 2.298361e-15 1.732051e-20
5.410416e+03 2.107174e-15 1.732051e-20
5.414582e+03 2.840236e-15 2.000000e-20
5.418749e+03 2.119162e-15 1.732051e-20
5.422915e+03 2.114261e-15 1.732051e-20
5.427082e+03 2.612949e-15 2.000000e-20
5.431248e+03 1.859131e-15 1.732051e-20
5.435414e+03 1.951988e-15 1.732051e-20
5.439581e+03 2.455698e-15 2.000000e-20
5.443747e+03 1.819933e-15 1.732051e-20
5.447914e+03 1.715176e-15 1.732051e-20
5.452080e+03 2.540382e-15 2.000000e-20
5.456247e+03 1.806544e-15 1.732051e-20
5.460413e+03 2.026368e-15 1.732051e-20
5.464579e+03 2.296714e-15 2.000000e-20
5.468746e+03 1.788265e-15 1.732051e-20
5.472912e+03 1.635733e-15 1.732051e-20
5.477079e+03 2.339038e-15 2.000000e-20
5.481245e+03 1.807435e-15 1.732051e-20
5.485411e+03 1.840357e-15 1.732051e-20
5.489578e+03 2.373147e-15 2.000000e-20
5.493744e+03 1.824266e-15 1.732051e-20
5.497911e+03 1.705025e-15 1.732051e-20
5.502077e+03 2.304405e-15 2.000000e-20
5.506243e+03 1.890343e-15 1.732051e-20
5.510410e+03 1.867733e-15 1.732051e-20
5.514576e+03 2.555803e-15 2.000000e-20
5.518743e+03 1.784678e-15 1.732051e-20
5.522909e+03 1.886850e-15 1.732051e-20
5.527075e+03 2.398251e-15 2.000000e-20
5.531242e+03 1.975852e-15 1.732051e-20
5.535408e+03 1.857029e-15 1.732051e-20
5.539575e+03 2.572778e-15 2.000000e-20
5.543741e+03 1.946813e-15 1.732051e-20
5.547908e+03 1.964503e-15 1.732051e-20
5.552074e+03 2.403140e-15 2.000000e-20
5.556240e+03 2.005806e-15 1.732051e-20
5.560407e+03 1.800099e-15 1.732051e-20
5.564573e+03 2.660911e-15 2.000000e-20
5.568740e+03 1.870539e-15 1.732051e-20
5.572906e+03 1.908719e-15 1.732051e-20
5.577072e+03 2.451972e-15 2.000000e-20
5.581239e+03 1.925281e-15 1.732051e-20
5.585405e+03 1.813050e-15 1.732051e-20
5.589572e+03 2.341629e-15 2.000000e-20
5.593738e+03 1.779679e-15 1.732051e-20
5.597904e+03 1.771775e-15 1.732051e-20
5.602071e+03 2.362108e-15 2.000000e-20
5.606237e+03 1.760386e-15 1.732051e-20
5.610404e+03 1.666640e-15 1.732051e-20
5.614570e+03 2.193089e-15 2.000000e-20
5.618736e+03 1.643626e-15 1.732051e-20
5.622903e+03 1.610963e-15 1.732051e-20
5.627069e+03 1.676694e-15 1.732051e-20
5.631236e+03 2.129715e-15 2.000000e-20
5.635402e+03 1.620197e-15 1.732051e-20
5.639569e+03 1.570331e-15 1.732051e-20
5.643735e+03 2.172966e-15 2.000000e-20
5.647901e+03 1.515493e-15 1.732051e-20
5.652068e+03 1.597653e-15 1.732051e-20
5.656234e+03 1.997363e-15 2.000000e-20
5.660401e+03 1.517519e-15 1.732051e-20
5.664567e+03 1.521010e-15 1.732051e-20
5.668733e+03 2.073146e-15 2.000000e-20
5.672900e+03 1.640573e-15 1.732051e-20
5.677066e+03 1.672629e-15 1.732051e-20
5.681233e+03 2.191142e-15 2.000000e-20
5.685399e+03 1.717256e-15 1.732051e-20
5.689565e+03 1.719416e-15 1.732051e-20
5.693732e+03 2.261443e-15 2.000000e-20
5.697898e+03 1.790225e-15 1.732051e-20
5.702065e+03 1.818656e-15 1.732051e-20
5.706231e+03 2.510073e-15 2.000000e-20
5.710397e+03 1.870541e-15 1.732051e-20
5.714564e+03 1.939308e-15 1.732051e-20
5.718730e+03 2.648568e-15 2.000000e-20
5.722897e+03 1.964861e-15 1.732051e-20
5.727063e+03 1.992584e-15 1.732051e-20
5.731230e+03 2.739600e-15 2.000000e-20
5.735396e+03 2.078691e-15 1.732051e-20
5.739562e+03 2.076587e-15 1.732051e-20
5.743729e+03 2.852775e-15 2.000000e-20
5.747895e+03 2.159931e-15 1.732051e-20
5.752062e+03 2.100973e-15 1.732051e-20
5.756228e+03 2.830227e-15 2.000000e-20
5.760394e+03 2.134374e-15 1.732051e-20
5.764561e+03 2.148331e-15 1.732051e-20
5.768727e+03 2.914918e-15 2.000000e-20
5.772894e+03 2.185217e-15 1.732051e-20
5.777060e+03 2.150372e-15 1.732051e-20
5.781226e+03 2.936723e-15 2.000000e-20
5.785393e+03 2.102807e-15 1.732051e-20
5.789559e+03 2.099675e-15 1.732051e-20
5.793726e+03 2.826047e-15 2.000000e-20
5.797892e+03 2.121724e-15 1.732051e-20
5.802058e+03 2.134061e-15 1.732051e-20
5.806225e+03 2.819523e-15 2.000000e-20
5.810391e+03 2.126756e-15 1.732051e-20
5.814558e+03 2.130003e-15 1.732051e-20
5.818724e+03 2.891416e-15 2.000000e-20
5.822891e+03 2.152148e-15 1.732051e-20
5.827057e+03 2.155305e-15 1.732051e-20
5.831223e+03 2.860909e-15 2.000000e-20
5.835390e+03 2.117558e-15 1.732051e-20
5.839556e+03 2.078174e-15 1.732051e-20
5.843723e+03 2.149178e-15 1.732051e-20
5.847889e+03 2.767429e-15 2.000000e-20
5.852055e+03 2.052553e-15 1.732051e-20
5.856222e+03 2.070170e-15 1.732051e-20
5.860388e+03 2.733530e-15 2.000000e-20
5.864555e+03 2.042202e-15 1.732051e-20
5.868721e+03 2.042113e-15 1.732051e-20
5.872887e+03 2.621402e-15 2.000000e-20
5.877054e+03 1.947982e-15 1.732051e-20
5.881220e+03 1.900684e-15 1.732051e-20
5.885387e+03 2.527389e-15 2.000000e-20
5.889553e+03 1.809431e-15 1.732051e-20
5.893719e+03 1.838944e-15 1.732051e-20
5.897886e+03 2.371504e-15 2.000000e-20
5.902052e+03 1.776897e-15 1.732051e-20
5.906219e+03 1.789032e-15 1.732051e-20
5.910385e+03 2.435136e-15 2.000000e-20
5.914552e+03 1.769680e-15 1.732051e-20
5.918718e+03 1.757877e-15 1.732051e-20
5.922884e+03 2.310032e-15 2.000000e-20
5.927051e+03 1.790437e-15 1.732051e-20
5.931217e+03 1.763629e-15 1.732051e-20
5.935384e+03 2.334796e-15 2.000000e-20
5.939550e+03 1.750468e-15 1.732051e-20
5.943716e+03 1.732367e-15 1.732051e-20
5.947883e+03 2.289069e-15 2.000000e-20
5.952049e+03 1.767783e-15 1.732051e-20
5.956216e+03 1.731511e-15 1.732051e-20
5.960382e+03 2.336691e-15 2.000000e-20
5.964548e+03 2.035276e-15 1.732051e-20
5.968715e+03 1.765683e-15 1.732051e-20
5.972881e+03 2.303415e-15 2.000000e-20
5.977048e+03 1.701093e-15 1.732051e-20
5.981214e+03 1.769224e-15 1.732051e-20
5.985380e+03 2.370629e-15 2.000000e-20
5.989547e+03 1.832670e-15 1.732051e-20
5.993713e+03 1.861325e-15 1.732051e-20
5.997880e+03 2.483424e-15 2.000000e-20
6.002046e+03 1.843382e-15 1.732051e-20
6.006213e+03 1.846364e-15 1.732051e-20
6.010379e+03 2.474075e-15 2.000000e-20
6.014545e+03 1.938855e-15 1.732051e-20
6.018712e+03 1.892318e-15 1.732051e-20
6.022878e+03 2.612761e-15 2.000000e-20
6.027045e+03 1.957980e-15 1.732051e-20
6.031211e+03 1.983515e-15 1.732051e-20
6.035377e+03 2.572441e-15 2.000000e-20
6.039544e+03 1.971809e-15 1.732051e-20
6.043710e+03 1.992213e-15 1.732051e-20
6.047877e+03 2.591934e-15 2.000000e-20
6.052043e+03 1.971845e-15 1.732051e-20
6.056209e+03 1.981262e-15 1.732051e-20
6.060376e+03 2.024837e-15 1.732051e-20
6.064542e+03 2.692993e-15 2.000000e-20
6.068709e+03 2.018236e-15 1.732051e-20
6.072875e+03 2.066083e-15 1.732051e-20
6.077041e+03 2.672810e-15 2.000000e-20
6.081208e+03 2.006062e-15 1.732051e-20
6.085374e+03 1.896525e-15 1.732051e-20
6.089541e+03 2.562256e-15 2.000000e-20
6.093707e+03 1.878596e-15 1.732051e-20
6.097874e+03 2.009452e-15 1.732051e-20
6.102040e+03 2.698848e-15 2.000000e-20
6.106206e+03 1.988542e-15 1.732051e-20
6.110373e+03 1.982628e-15 1.732051e-20
6.114539e+03 2.685596e-15 2.000000e-20
6.118706e+03 2.061307e-15 1.732051e-20
6.122872e+03 2.022556e-15 1.732051e-20
6.127038e+03 2.743934e-15 2.000000e-20
6.131205e+03 2.026089e-15 1.732051e-20
6.135371e+03 2.025625e-15 1.732051e-20
6.139538e+03 2.700554e-15 2.000000e-20
6.143704e+03 2.004577e-15 1.732051e-20
6.147870e+03 2.056185e-15 1.732051e-20
6.152037e+03 2.673924e-15 2.000000e-20
6.156203e+03 1.966724e-15 1.732051e-20
6.160370e+03 1.980104e-15 1.732051e-20
6.164536e+03 2.622115e-15 2.000000e-20
6.168702e+03 1.928170e-15 1.732051e-20
6.172869e+03 1.934744e-15 1.732051e-20
6.177035e+03 2.510316e-15 2.000000e-20
6.181202e+03 1.863819e-15 1.732051e-20
6.185368e+03 1.790597e-15 1.732051e-20
6.189535e+03 2.348852e-15 2.000000e-20
6.193701e+03 1.718678e-15 1.732051e-20
6.197867e+03 1.662715e-15 1.732051e-20
6.202034e+03 2.122711e-15 2.000000e-20
6.206200e+03 1.549628e-15 1.732051e-20
6.210367e+03 1.482538e-15 1.732051e-20
6.214533e+03 1.945627e-15 2.000000e-20
6.218699e+03 1.383884e-15 1.732051e-20
6.222866e+03 1.335939e-15 1.732051e-20
6.227032e+03 1.786381e-15 2.000000e-20
6.231199e+03 1.298093e-15 1.732051e-20
6.235365e+03 1.244495e-15 1.732051e-20
6.239531e+03 1.645189e-15 2.000000e-20
6.243698e+03 1.160108e-15 1.732051e-20
6.247864e+03 1.237168e-15 1.732051e-20
6.252031e+03 1.518409e-15 2.000000e-20
6.256197e+03 1.140085e-15 1.732051e-20
6.260363e+03 1.100368e-15 1.732051e-20
6.264530e+03 1.441695e-15 2.000000e-20
6.268696e+03 1.061325e-15 1.732051e-20
6.272863e+03 1.086810e-15 1.732051e-20
6.277029e+03 1.041310e-15 1.732051e-20
6.281196e+03 1.393082e-15 2.000000e-20
6.285362e+03 9.969599e-16 1.732051e-20
6.289528e+03 1.005850e-15 1.732051e-20
6.293695e+03 1.272661e-15 2.000000e-20
6.297861e+03 1.014343e-15 1.732051e-20
6.302028e+03 9.182934e-16 1.732051e-20
6.306194e+03 1.289955e-15 2.000000e-20
6.310360e+03 9.776142e-16 1.732051e-20
6.314527e+03 9.603439e-16 1.732051e-20
6.318693e+03 1.305220e-15 2.000000e-20
6.322860e+03 9.816424e-16 1.732051e-20
6.327026e+03 9.655078e-16 1.732051e-20
6.331192e+03 1.286735e-15 2.000000e-20
6.335359e+03 9.983588e-16 1.732051e-20
6.339525e+03 1.004123e-15 1.732051e-20
6.343692e+03 1.275576e-15 2.000000e-20
6.347858e+03 1.041207e-15 1.732051e-20
6.352024e+03 1.041632e-15 1.732051e-20
6.356191e+03 1.402670e-15 2.000000e-20
6.360357e+03 1.064140e-15 1.732051e-20
6.364524e+03 1.072850e-15 1.732051e-20
6.368690e+03 1.386251e-15 2.000000e-20
6.372857e+03 1.086150e-15 1.732051e-20
6.377023e+03 1.078350e-15 1.732051e-20
6.381189e+03 1.510828e-15 2.000000e-20
6.385356e+03 1.066029e-15 1.732051e-20
6.389522e+03 1.153807e-15 1.732051e-20
6.393689e+03 1.595222e-15 2.000000e-20
6.397855e+03 1.187006e-15 1.732051e-20
6.402021e+03 1.244901e-15 1.732051e-20
6.406188e+03 1.697815e-15 2.000000e-20
6.410354e+03 1.318210e-15 1.732051e-20
6.414521e+03 1.362524e-15 1.732051e-20
6.418687e+03 1.810057e-15 2.000000e-20
6.422853e+03 1.366379e-15 1.732051e-20
6.427020e+03 1.363214e-15 1.732051e-20
6.431186e+03 1.918706e-15 2.000000e-20
6.435353e+03 1.449967e-15 1.732051e-20
6.439519e+03 1.456846e-15 1.732051e-20
6.443685e+03 2.066777e-15 2.000000e-20
6.447852e+03 1.534954e-15 1.732051e-20
6.452018e+03 1.566581e-15 1.732051e-20
6.456185e+03 2.079335e-15 2.000000e-20
6.460351e+03 1.616366e-15 1.732051e-20
6.464518e+03 1.624808e-15 1.732051e-20
6.468684e+03 2.167092e-15 2.000000e-20
6.472850e+03 1.661393e-15 1.732051e-20
6.477017e+03 1.681378e-15 1.732051e-20
6.481183e+03 2.247567e-15 2.000000e-20
6.485350e+03 1.747345e-15 1.732051e-20
6.489516e+03 1.720507e-15 1.732051e-20
6.493682e+03 2.363090e-15 2.000000e-20
6.497849e+03 1.787736e-15 1.732051e-20
6.502015e+03 1.823861e-15 1.732051e-20
6.506182e+03 1.819437e-15 1.732051e-20
6.510348e+03 2.340961e-15 2.000000e-20
6.514514e+03 1.788990e-15 1.732051e-20
6.518681e+03 1.820360e-15 1.732051e-20
6.522847e+03 2.450317e-15 2.000000e-20
6.527014e+03 1.819776e-15 1.732051e-20
6.531180e+03 1.827093e-15 1.732051e-20
6.535347e+03 2.452254e-15 2.000000e-20
6.539513e+03 1.846344e-15 1.732051e-20
6.543679e+03 1.849067e-15 1.732051e-20
6.547846e+03 2.453805e-15 2.000000e-20
6.552012e+03 1.831016e-15 1.732051e-20
6.556179e+03 1.844517e-15 1.732051e-20
6.560345e+03 2.485959e-15 2.000000e-20
6.564511e+03 1.838270e-15 1.732051e-20
6.568678e+03 1.847919e-15 1.732051e-20
6.572844e+03 2.398957e-15 2.000000e-20
6.577011e+03 1.828424e-15 1.732051e-20
6.581177e+03 1.816471e-15 1.732051e-20
6.585343e+03 2.412856e-15 2.000000e-20
6.589510e+03 1.852460e-15 1.732051e-20
6.593676e+03 1.842020e-15 1.732051e-20
6.597843e+03 2.406032e-15 2.000000e-20
6.602009e+03 1.828128e-15 1.732051e-20
6.606175e+03 1.762992e-15 1.732051e-20
6.610342e+03 2.356288e-15 2.000000e-20
6.614508e+03 1.746169e-15 1.732051e-20
6.618675e+03 1.789837e-15 1.732051e-20
6.622841e+03 2.339150e-15 2.000000e-20
6.627008e+03 1.765323e-15 1.732051e-20
6.631174e+03 1.757240e-15 1.732051e-20
6.635340e+03 2.291969e-15 2.000000e-20
6.639507e+03 1.723184e-15 1.732051e-20
6.643673e+03 1.711013e-15 1.732051e-20
6.647840e+03 2.305785e-15 2.000000e-20
6.652006e+03 1.707868e-15 1.732051e-20
6.656172e+03 1.696040e-15 1.732051e-20
6.660339e+03 2.324669e-15 2.000000e-20
6.664505e+03 1.706222e-15 1.732051e-20
6.668672e+03 1.675387e-15 1.732051e-20
6.672838e+03 2.219770e-15 2.000000e-20
6.677004e+03 1.690143e-15 1.732051e-20
6.681171e+03 1.648950e-15 1.732051e-20
6.685337e+03 2.154299e-15 2.000000e-20
6.689504e+03 1.648667e-15 1.732051e-20
6.693670e+03 1.637569e-15 1.732051e-20
6.697836e+03 2.169156e-15 2.000000e-20
6.702003e+03 1.581341e-15 1.732051e-20
6.706169e+03 1.575368e-15 1.732051e-20
6.710336e+03 2.047143e-15 2.000000e-20
6.714502e+03 1.520549e-15 1.732051e-20
6.718669e+03 1.552419e-15 1.732051e-20
6.722835e+03 1.566910e-15 1.732051e-20
6.727001e+03 2.074470e-15 2.000000e-20
6.731168e+03 1.560286e-15 1.732051e-20
6.735334e+03 1.525275e-15 1.732051e-20
6.739501e+03 2.056220e-15 2.000000e-20
6.743667e+03 1.521442e-15 1.732051e-20
6.747833e+03 1.505977e-15 1.732051e-20
6.752000e+03 2.025293e-15 2.000000e-20
6.756166e+03 1.521299e-15 1.732051e-20
6.760333e+03 1.572060e-15 1.732051e-20
6.764499e+03 1.978083e-15 2.000000e-20
6.768665e+03 1.514301e-15 1.732051e-20
6.772832e+03 1.464137e-15 1.732051e-20
6.776998e+03 1.830269e-15 2.000000e-20
6.781165e+03 1.660536e-15 1.732051e-20
6.785331e+03 1.471784e-15 1.732051e-20
6.789497e+03 1.887448e-15 2.000000e-20
6.793664e+03 1.412663e-15 1.732051e-20
6.797830e+03 1.445258e-15 1.732051e-20
6.801997e+03 1.998523e-15 2.000000e-20
6.806163e+03 1.504720e-15 1.732051e-20
6.810330e+03 1.412634e-15 1.732051e-20
6.814496e+03 1.843069e-15 2.000000e-20
6.818662e+03 1.383209e-15 1.732051e-20
6.822829e+03 1.392665e-15 1.732051e-20
6.826995e+03 1.805420e-15 2.000000e-20
6.831162e+03 1.373477e-15 1.732051e-20
6.835328e+03 1.394516e-15 1.732051e-20
6.839494e+03 1.857680e-15 2.000000e-20
6.843661e+03 1.358786e-15 1.732051e-20
6.847827e+03 1.360318e-15 1.732051e-20
6.851994e+03 1.835516e-15 2.000000e-20
6.856160e+03 1.339140e-15 1.732051e-20
6.860326e+03 1.341974e-15 1.732051e-20
6.864493e+03 1.802294e-15 2.000000e-20
6.868659e+03 1.298125e-15 1.732051e-20
6.872826e+03 1.313619e-15 1.732051e-20
6.876992e+03 1.769067e-15 2.000000e-20
6.881158e+03 1.338367e-15 1.732051e-20
6.885325e+03 1.269614e-15 1.732051e-20
6.889491e+03 1.763504e-15 2.000000e-20
6.893658e+03 1.281982e-15 1.732051e-20
6.897824e+03 1.274484e-15 1.732051e-20
6.901991e+03 1.679904e-15 2.000000e-20
6.906157e+03 1.279301e-15 1.732051e-20
6.910323e+03 1.260743e-15 1.732051e-20
6.914490e+03 1.701792e-15 2.000000e-20
6.918656e+03 1.235605e-15 1.732051e-20
6.922823e+03 1.213568e-15 1.732051e-20
6.926989e+03 1.644520e-15 2.000000e-20
6.931155e+03 1.234940e-15 1.732051e-20
6.935322e+03 1.265783e-15 1.732051e-20
6.939488e+03 1.221646e-15 1.732051e-20
6.943655e+03 1.648850e-15 2.000000e-20
6.947821e+03 1.200473e-15 1.732051e-20
6.951987e+03 1.194954e-15 1.732051e-20
6.956154e+03 1.677222e-15 2.000000e-20
6.960320e+03 1.184067e-15 1.732051e-20
6.964487e+03 1.220201e-15 1.732051e-20
6.968653e+03 1.640916e-15 2.000000e-20
6.972819e+03 1.186913e-15 1.732051e-20
6.976986e+03 1.198298e-15 1.732051e-20
6.981152e+03 1.580753e-15 2.000000e-20
6.985319e+03 1.188814e-15 1.732051e-20
6.989485e+03 1.171436e-15 1.732051e-20
6.993652e+03 1.566515e-15 2.000000e-20
6.997818e+03 1.170407e-15 1.732051e-20
7.001984e+03 1.200787e-15 1.732051e-20
7.006151e+03 1.612010e-15 2.000000e-20
7.010317e+03 1.163513e-15 1.732051e-20
7.014484e+03 1.149323e-15 1.732051e-20
7.018650e+03 1.550830e-15 2.000000e-20
7.022816e+03 1.150871e-15 1.732051e-20
7.026983e+03 1.145535e-15 1.732051e-20
7.031149e+03 1.563132e-15 2.000000e-20
7.035316e+03 1.162441e-15 1.732051e-20
7.039482e+03 1.154260e-15 1.732051e-20
7.043648e+03 1.561108e-15 2.000000e-20
7.047815e+03 1.181675e-15 1.732051e-20
7.051981e+03 1.162740e-15 1.732051e-20
7.056148e+03 1.492972e-15 2.000000e-20
7.060314e+03 1.144679e-15 1.732051e-20
7.064480e+03 1.142585e-15 1.732051e-20
7.068647e+03 1.512889e-15 2.000000e-20
7.072813e+03 1.128968e-15 1.732051e-20
7.076980e+03 1.158426e-15 1.732051e-20
7.081146e+03 1.536010e-15 2.000000e-20
7.085313e+03 1.128924e-15 1.732051e-20
7.089479e+03 1.113336e-15 1.732051e-20
7.093645e+03 1.508565e-15 2.000000e-20
7.097812e+03 1.118084e-15 1.732051e-20
7.101978e+03 1.130438e-15 1.732051e-20
7.106145e+03 1.497548e-15 2.000000e-20
7.110311e+03 1.139128e-15 1.732051e-20
7.114477e+03 1.113427e-15 1.732051e-20
7.118644e+03 1.489370e-15 2.000000e-20
7.122810e+03 1.133430e-15 1.732051e-20
7.126977e+03 1.117242e-15 1.732051e-20
7.131143e+03 1.465618e-15 2.000000e-20
7.135309e+03 1.132639e-15 1.732051e-20
7.139476e+03 1.125669e-15 1.732051e-20
7.143642e+03 1.451099e-15 2.000000e-20
7.147809e+03 1.098295e-15 1.732051e-20
7.151975e+03 1.083082e-15 1.732051e-20
7.156141e+03 1.088403e-15 1.732051e-20
7.160308e+03 1.425063e-15 2.000000e-20
7.164474e+03 1.100692e-15 1.732051e-20
7.168641e+03 1.070496e-15 1.732051e-20
7.172807e+03 1.448465e-15 2.000000e-20
7.176974e+03 1.085025e-15 1.732051e-20
7.181140e+03 1.060324e-15 1.732051e-20
7.185306e+03 1.404088e-15 2.000000e-20
7.189473e+03 1.105259e-15 1.732051e-20
7.193639e+03 1.092373e-15 1.732051e-20
7.197806e+03 1.437629e-15 2.000000e-20
7.201972e+03 1.064185e-15 1.732051e-20
7.206138e+03 1.082271e-15 1.732051e-20
7.210305e+03 1.427138e-15 2.000000e-20
7.214471e+03 1.046964e-15 1.732051e-20
7.218638e+03 1.050211e-15 1.732051e-20
7.222804e+03 1.377200e-15 2.000000e-20
7.226970e+03 1.074105e-15 1.732051e-20
7.231137e+03 1.050080e-15 1.732051e-20
7.235303e+03 1.416087e-15 2.000000e-20
7.239470e+03 1.034059e-15 1.732051e-20
7.243636e+03 1.087214e-15 1.732051e-20
7.247802e+03 1.363898e-15 2.000000e-20
7.251969e+03 1.008566e-15 1.732051e-20
7.256135e+03 1.048786e-15 1.732051e-20
7.260302e+03 1.335999e-15 2.000000e-20
7.264468e+03 1.047505e-15 1.732051e-20
7.268635e+03 1.027195e-15 1.732051e-20
7.272801e+03 1.311432e-15 2.000000e-20
7.276967e+03 1.061201e-15 1.732051e-20
7.281134e+03 1.046196e-15 1.732051e-20
7.285300e+03 1.403276e-15 2.000000e-20
7.289467e+03 1.040307e-15 1.732051e-20
7.293633e+03 1.041064e-15 1.732051e-20
7.297799e+03 1.321466e-15 2.000000e-20
7.301966e+03 9.750580e-16 1.732051e-20
7.306132e+03 9.859913e-16 1.732051e-20
7.310299e+03 1.338433e-15 2.000000e-20
7.314465e+03 9.808693e-16 1.732051e-20
7.318631e+03 9.908120e-16 1.732051e-20
7.322798e+03 1.320917e-15 2.000000e-20
7.326964e+03 9.959897e-16 1.732051e-20
7.331131e+03 9.618298e-16 1.732051e-20
7.335297e+03 1.300110e-15 2.000000e-20
7.339463e+03 1.002906e-15 1.732051e-20
7.343630e+03 9.794100e-16 1.732051e-20
7.347796e+03 1.303975e-15 2.000000e-20
7.351963e+03 9.577821e-16 1.732051e-20
7.356129e+03 9.868215e-16 1.732051e-20
7.360296e+03 1.324768e-15 2.000000e-20
7.364462e+03 9.472024e-16 1.732051e-20
7.368628e+03 9.501731e-16 1.732051e-20
7.372795e+03 9.441111e-16 1.732051e-20
7.376961e+03 1.292056e-15 2.000000e-20
7.381128e+03 9.714640e-16 1.732051e-20
7.385294e+03 9.950758e-16 1.732051e-20
7.389460e+03 1.288247e-15 2.000000e-20
7.393627e+03 1.001171e-15 1.732051e-20
7.397793e+03 9.698222e-16 1.732051e-20
7.401960e+03 1.272212e-15 2.000000e-20
7.406126e+03 9.768069e-16 1.732051e-20
7.410292e+03 9.934280e-16 1.732051e-20
7.414459e+03 1.273203e-15 2.000000e-20
7.418625e+03 9.555417e-16 1.732051e-20
7.422792e+03 9.676066e-16 1.732051e-20
7.426958e+03 1.281006e-15 2.000000e-20
7.431124e+03 9.805503e-16 1.732051e-20
7.435291e+03 9.551097e-16 1.732051e-20
7.439457e+03 1.298591e-15 2.000000e-20
7.443624e+03 9.582880e-16 1.732051e-20
7.447790e+03 9.519299e-16 1.732051e-20
7.451957e+03 1.246824e-15 2.000000e-20
7.456123e+03 9.428084e-16 1.732051e-20
7.460289e+03 9.434790e-16 1.732051e-20
7.464456e+03 1.264968e-15 2.000000e-20
7.468622e+03 9.688995e-16 1.732051e-20
7.472789e+03 9.684686e-16 1.732051e-20
7.476955e+03 1.294684e-15 2.000000e-20
7.481121e+03 9.550951e-16 1.732051e-20
7.485288e+03 9.838800e-16 1.732051e-20
7.489454e+03 1.256884e-15 2.000000e-20
7.493621e+03 9.423887e-16 1.732051e-20
7.497787e+03 9.296002e-16 1.732051e-20
7.501953e+03 1.255572e-15 2.000000e-20
7.506120e+03 9.001370e-16 1.732051e-20
7.510286e+03 9.644087e-16 1.732051e-20
7.514453e+03 1.241713e-15 2.000000e-20
7.518619e+03 9.423923e-16 1.732051e-20
7.522785e+03 8.998448e-16 1.732051e-20
7.526952e+03 1.070682e-15 2.000000e-20
7.531118e+03 9.219491e-16 1.732051e-20
7.535285e+03 8.361890e-16 1.732051e-20
7.539451e+03 1.303782e-15 2.000000e-20
7.543618e+03 9.551968e-16 1.732051e-20
7.547784e+03 9.544364e-16 1.732051e-20
7.551950e+03 1.213013e-15 2.000000e-20
7.556117e+03 9.216372e-16 1.732051e-20
7.560283e+03 8.863980e-16 1.732051e-20
7.564450e+03 1.217254e-15 2.000000e-20
7.568616e+03 9.320391e-16 1.732051e-20
7.572782e+03 8.876978e-16 1.732051e-20
7.576949e+03 1.182042e-15 2.000000e-20
7.581115e+03 8.881229e-16 1.732051e-20
7.585282e+03 9.050386e-16 1.732051e-20
7.589448e+03 1.101831e-15 2.000000e-20
7.593614e+03 8.090717e-16 1.732051e-20
7.597781e+03 9.049829e-16 1.732051e-20
7.601947e+03 8.829218e-16 1.732051e-20
7.606114e+03 1.300045e-15 2.000000e-20
7.610280e+03 9.767471e-16 1.732051e-20
7.614446e+03 8.988091e-16 1.732051e-20
7.618613e+03 1.190808e-15 2.000000e-20
7.622779e+03 7.734885e-16 1.732051e-20
7.626946e+03 8.502383e-16 1.732051e-20
7.631112e+03 1.103035e-15 2.000000e-20
7.635279e+03 7.487518e-16 1.732051e-20
7.639445e+03 8.402098e-16 1.732051e-20
7.643611e+03 1.110318e-15 2.000000e-20
7.647778e+03 8.221283e-16 1.732051e-20
7.651944e+03 8.436886e-16 1.732051e-20
7.656111e+03 1.059902e-15 2.000000e-20
7.660277e+03 7.849909e-16 1.732051e-20
7.664443e+03 7.378121e-16 1.732051e-20
7.668610e+03 1.020660e-15 2.000000e-20
7.672776e+03 8.028574e-16 1.732051e-20
7.676943e+03 7.492042e-16 1.732051e-20
7.681109e+03 1.035596e-15 2.000000e-20
7.685275e+03 7.570229e-16 1.732051e-20
7.689442e+03 7.585454e-16 1.732051e-20
7.693608e+03 1.016138e-15 2.000000e-20
7.697775e+03 7.508516e-16 1.732051e-20
7.701941e+03 7.773792e-16 1.732051e-20
7.706107e+03 1.074370e-15 2.000000e-20
7.710274e+03 7.278163e-16 1.732051e-20
7.714440e+03 8.639511e-16 1.732051e-20
7.718607e+03 1.048018e-15 2.000000e-20
7.722773e+03 7.724297e-16 1.732051e-20
7.726940e+03 7.999289e-16 1.732051e-20
7.731106e+03 1.033786e-15 2.000000e-20
7.735272e+03 7.885076e-16 1.732051e-20
7.739439e+03 8.094953e-16 1.732051e-20
7.743605e+03 1.039044e-15 2.000000e-20
7.747772e+03 7.438327e-16 1.732051e-20
7.751938e+03 8.656940e-16 1.732051e-20
7.756104e+03 1.063910e-15 2.000000e-20
7.760271e+03 8.145337e-16 1.732051e-20
7.764437e+03 8.261630e-16 1.732051e-20
7.768604e+03 1.122346e-15 2.000000e-20
7.772770e+03 8.225601e-16 1.732051e-20
7.776936e+03 8.241812e-16 1.732051e-20
7.781103e+03 1.138349e-15 2.000000e-20
7.785269e+03 8.446427e-16 1.732051e-20
7.789436e+03 8.290697e-16 1.732051e-20
7.793602e+03 1.094145e-15 2.000000e-20
7.797768e+03 9.208645e-16 1.732051e-20
7.801935e+03 8.669579e-16 1.732051e-20
7.806101e+03 1.119473e-15 2.000000e-20
7.810268e+03 8.617477e-16 1.732051e-20
7.814434e+03 8.543921e-16 1.732051e-20
7.818601e+03 8.483211e-16 1.732051e-20
7.822767e+03 1.050351e-15 2.000000e-20
7.826933e+03 8.604110e-16 1.732051e-20
7.831100e+03 8.677485e-16 1.732051e-20
7.835266e+03 1.144596e-15 2.000000e-20
7.839433e+03 8.521528e-16 1.732051e-20
7.843599e+03 8.359827e-16 1.732051e-20
7.847765e+03 1.167085e-15 2.000000e-20
7.851932e+03 8.550892e-16 1.732051e-20
7.856098e+03 8.610381e-16 1.732051e-20
7.860265e+03 1.112719e-15 2.000000e-20
7.864431e+03 8.941352e-16 1.732051e-20
7.868597e+03 8.856508e-16 1.732051e-20
7.872764e+03 1.140080e-15 2.000000e-20
7.876930e+03 8.453285e-16 1.732051e-20
7.881097e+03 8.652523e-16 1.732051e-20
7.885263e+03 1.136700e-15 2.000000e-20
7.889429e+03 8.607954e-16 1.732051e-20
7.893596e+03 8.946507e-16 1.732051e-20
7.897762e+03 1.175672e-15 2.000000e-20
7.901929e+03 8.985184e-16 1.732051e-20
7.906095e+03 8.782763e-16 1.732051e-20
7.910262e+03 1.135874e-15 2.000000e-20
7.914428e+03 7.975150e-16 1.732051e-20
7.918594e+03 8.523183e-16 1.732051e-20
7.922761e+03 1.085968e-15 2.000000e-20
7.926927e+03 8.828948e-16 1.732051e-20
7.931094e+03 8.713295e-16 1.732051e-20
7.935260e+03 1.124098e-15 2.000000e-20
7.939426e+03 8.479614e-16 1.732051e-20
7.943593e+03 8.985233e-16 1.732051e-20
7.947759e+03 1.149835e-15 2.000000e-20
7.951926e+03 8.672356e-16 1.732051e-20
7.956092e+03 8.515464e-16 1.732051e-20
7.960258e+03 1.157922e-15 2.000000e-20
7.964425e+03 9.212458e-16 1.732051e-20
7.968591e+03 8.613978e-16 1.732051e-20
7.972758e+03 1.165571e-15 2.000000e-20
7.976924e+03 8.785245e-16 1.732051e-20
7.981090e+03 8.898424e-16 1.732051e-20
7.985257e+03 1.141346e-15 2.000000e-20
7.989423e+03 8.814844e-16 1.732051e-20
7.993590e+03 8.856894e-16 1.732051e-20
7.997756e+03 1.152440e-15 2.000000e-20
8.001923e+03 8.672721e-16 1.732051e-20
8.006089e+03 8.863425e-16 1.732051e-20
8.010255e+03 1.180277e-15 2.000000e-20
8.014422e+03 9.037432e-16 1.732051e-20
8.018588e+03 8.856265e-16 1.732051e-20
8.022755e+03 1.267726e-15 2.000000e-20
8.026921e+03 8.897510e-16 1.732051e-20
8.031087e+03 8.910899e-16 1.732051e-20
8.035254e+03 8.705467e-16 1.732051e-20
8.039420e+03 1.175512e-15 2.000000e-20
8.043587e+03 9.085562e-16 1.732051e-20
8.047753e+03 9.078712e-16 1.732051e-20
8.051919e+03 1.219165e-15 2.000000e-20
8.056086e+03 9.077849e-16 1.732051e-20
8.060252e+03 9.025006e-16 1.732051e-20
8.064419e+03 1.207596e-15 2.000000e-20
8.068585e+03 8.890161e-16 1.732051e-20
8.072751e+03 9.012679e-16 1.732051e-20
8.076918e+03 1.246812e-15 2.000000e-20
8.081084e+03 9.619491e-16 1.732051e-20
8.085251e+03 9.366688e-16 1.732051e-20
8.089417e+03 1.209863e-15 2.000000e-20
8.093584e+03 9.030667e-16 1.732051e-20
8.097750e+03 9.105739e-16 1.732051e-20
8.101916e+03 1.271130e-15 2.000000e-20
8.106083e+03 8.927575e-16 1.732051e-20
8.110249e+03 9.301792e-16 1.732051e-20
8.114416e+03 1.213103e-15 2.000000e-20
8.118582e+03 9.260147e-16 1.732051e-20
8.122748e+03 9.243703e-16 1.732051e-20
8.126915e+03 1.211856e-15 2.000000e-20
8.131081e+03 9.070563e-16 1.732051e-20
8.135248e+03 9.039888e-16 1.732051e-20
8.139414e+03 1.243621e-15 2.000000e-20
8.143580e+03 9.340252e-16 1.732051e-20
8.147747e+03 9.248950e-16 1.732051e-20
8.151913e+03 1.235704e-15 2.000000e-20
8.156080e+03 8.947841e-16 1.732051e-20
8.160246e+03 8.843527e-16 1.732051e-20
8.164412e+03 1.208712e-15 2.000000e-20
8.168579e+03 8.789820e-16 1.732051e-20
8.172745e+03 9.215417e-16 1.732051e-20
8.176912e+03 1.208946e-15 2.000000e-20
8.181078e+03 9.359701e-16 1.732051e-20
8.185245e+03 9.194551e-16 1.732051e-20
8.189411e+03 1.211555e-15 2.000000e-20
8.193577e+03 8.823386e-16 1.732051e-20
8.197744e+03 9.000964e-16 1.732051e-20
8.201910e+03 1.185514e-15 2.000000e-20
8.206077e+03 8.725077e-16 1.732051e-20
8.210243e+03 8.824201e-16 1.732051e-20
8.214409e+03 1.198611e-15 2.000000e-20
8.218576e+03 9.441040e-16 1.732051e-20
8.222742e+03 9.102792e-16 1.732051e-20
8.226909e+03 1.203946e-15 2.000000e-20
8.231075e+03 9.218332e-16 1.732051e-20
8.235241e+03 9.347846e-16 1.732051e-20
8.239408e+03 1.214249e-15 2.000000e-20
8.243574e+03 8.890535e-16 1.732051e-20
8.247741e+03 8.976228e-16 1.732051e-20
8.251907e+03 8.991954e-16 1.732051e-20
8.256073e+03 1.199695e-15 2.000000e-20
8.260240e+03 8.950570e-16 1.732051e-20
8.264406e+03 8.580602e-16 1.732051e-20
8.268573e+03 1.157055e-15 2.000000e-20
8.272739e+03 8.773268e-16 1.732051e-20
8.276906e+03 8.750777e-16 1.732051e-20
8.281072e+03 1.150245e-15 2.000000e-20
8.285238e+03 8.861108e-16 1.732051e-20
8.289405e+03 8.594171e-16 1.732051e-20
8.293571e+03 1.046110e-15 2.000000e-20
8.297738e+03 7.649790e-16 1.732051e-20
8.301904e+03 8.704104e-16 1.732051e-20
8.306070e+03 1.176769e-15 2.000000e-20
8.310237e+03 8.268838e-16 1.732051e-20
8.314403e+03 8.047824e-16 1.732051e-20
8.318570e+03 1.047048e-15 2.000000e-20
8.322736e+03 7.706585e-16 1.732051e-20
8.326902e+03 7.936879e-16 1.732051e-20
8.331069e+03 1.104034e-15 2.000000e-20
8.335235e+03 8.243405e-16 1.732051e-20
8.339402e+03 7.809079e-16 1.732051e-20
8.343568e+03 9.961410e-16 2.000000e-20
8.347734e+03 7.705948e-16 1.732051e-20
8.351901e+03 7.388515e-16 1.732051e-20
8.356067e+03 1.017951e-15 2.000000e-20
8.360234e+03 7.493670e-16 1.732051e-20
8.364400e+03 7.335205e-16 1.732051e-20
8.368567e+03 1.021019e-15 2.000000e-20
8.372733e+03 7.528945e-16 1.732051e-20
8.376899e+03 7.133670e-16 1.732051e-20
8.381066e+03 9.673271e-16 2.000000e-20
8.385232e+03 7.095032e-16 1.732051e-20
8.389399e+03 7.049622e-16 1.732051e-20
8.393565e+03 9.756875e-16 2.000000e-20
8.397731e+03 6.548651e-16 1.732051e-20
8.401898e+03 7.184027e-16 1.732051e-20
8.406064e+03 9.831410e-16 2.000000e-20
8.410231e+03 7.352018e-16 1.732051e-20
8.414397e+03 6.815238e-16 1.732051e-20
8.418563e+03 8.973716e-16 2.000000e-20
8.422730e+03 6.663142e-16 1.732051e-20
8.426896e+03 6.893142e-16 1.732051e-20
8.431063e+03 9.727056e-16 2.000000e-20
8.435229e+03 7.136817e-16 1.732051e-20
8.439395e+03 6.860200e-16 1.732051e-20
8.443562e+03 8.677318e-16 2.000000e-20
8.447728e+03 6.881013e-16 1.732051e-20
8.451895e+03 6.549549e-16 1.732051e-20
8.456061e+03 9.348297e-16 2.000000e-20
8.460228e+03 6.806005e-16 1.732051e-20
8.464394e+03 6.633178e-16 1.732051e-20
8.468560e+03 6.443861e-16 1.732051e-20
8.472727e+03 8.487645e-16 2.000000e-20
8.476893e+03 6.829514e-16 1.732051e-20
8.481060e+03 6.579776e-16 1.732051e-20
8.485226e+03 9.185425e-16 2.000000e-20
8.489392e+03 6.767027e-16 1.732051e-20
8.493559e+03 6.530577e-16 1.732051e-20
8.497725e+03 9.110290e-16 2.000000e-20
8.501892e+03 6.814925e-16 1.732051e-20
8.506058e+03 6.678356e-16 1.732051e-20
8.510224e+03 9.222180e-16 2.000000e-20
8.514391e+03 6.873390e-16 1.732051e-20
8.518557e+03 7.030577e-16 1.732051e-20
8.522724e+03 8.845933e-16 2.000000e-20
8.526890e+03 6.812104e-16 1.732051e-20
8.531056e+03 6.734184e-16 1.732051e-20
8.535223e+03 9.359250e-16 2.000000e-20
8.539389e+03 7.016602e-16 1.732051e-20
8.543556e+03 6.629994e-16 1.732051e-20
8.547722e+03 8.548129e-16 2.000000e-20
8.551889e+03 6.973398e-16 1.732051e-20
8.556055e+03 6.706932e-16 1.732051e-20
8.560221e+03 9.346037e-16 2.000000e-20
8.564388e+03 6.831950e-16 1.732051e-20
8.568554e+03 6.703530e-16 1.732051e-20
8.572721e+03 8.797761e-16 2.000000e-20
8.576887e+03 6.732029e-16 1.732051e-20
8.581053e+03 6.631981e-16 1.732051e-20
8.585220e+03 8.835653e-16 2.000000e-20
8.589386e+03 6.878976e-16 1.732051e-20
8.593553e+03 7.004012e-16 1.732051e-20
8.597719e+03 8.878002e-16 2.000000e-20
8.601885e+03 6.746994e-16 1.732051e-20
8.606052e+03 6.452644e-16 1.732051e-20
8.610218e+03 9.189922e-16 2.000000e-20
8.614385e+03 7.027857e-16 1.732051e-20
8.618551e+03 7.072913e-16 1.732051e-20
8.622718e+03 9.375294e-16 2.000000e-20
8.626884e+03 6.868424e-16 1.732051e-20
8.631050e+03 6.737528e-16 1.732051e-20
8.635217e+03 9.091646e-16 2.000000e-20
8.639383e+03 6.986486e-16 1.732051e-20
8.643550e+03 7.374655e-16 1.732051e-20
8.647716e+03 9.761269e-16 2.000000e-20
8.651882e+03 7.127679e-16 1.732051e-20
8.656049e+03 7.006974e-16 1.732051e-20
8.660215e+03 9.662425e-16 2.000000e-20
8.664382e+03 7.272763e-16 1.732051e-20
8.668548e+03 7.168559e-16 1.732051e-20
8.672714e+03 1.051469e-15 2.000000e-20
8.676881e+03 7.506029e-16 1.732051e-20
8.681047e+03 7.729503e-16 1.732051e-20
8.685214e+03 1.014164e-15 2.000000e-20
8.689380e+03 7.691060e-16 1.732051e-20
8.693546e+03 7.908787e-16 1.732051e-20
8.697713e+03 8.247779e-16 1.732051e-20
8.701879e+03 1.061349e-15 2.000000e-20
8.706046e+03 8.192981e-16 1.732051e-20
8.710212e+03 7.687075e-16 1.732051e-20
8.714379e+03 1.067838e-15 2.000000e-20
8.718545e+03 8.497242e-16 1.732051e-20
8.722711e+03 8.433853e-16 1.732051e-20
8.726878e+03 1.063474e-15 2.000000e-20
8.731044e+03 8.337378e-16 1.732051e-20
8.735211e+03 8.545864e-16 1.732051e-20
8.739377e+03 1.130948e-15 2.000000e-20
8.743543e+03 8.409695e-16 1.732051e-20
8.747710e+03 8.430729e-16 1.732051e-20
8.751876e+03 1.072842e-15 2.000000e-20
8.756043e+03 8.887676e-16 1.732051e-20
8.760209e+03 8.583710e-16 1.732051e-20
8.764375e+03 1.184860e-15 2.000000e-20
8.768542e+03 9.714669e-16 1.732051e-20
8.772708e+03 9.235618e-16 1.732051e-20
8.776875e+03 1.028684e-15 2.000000e-20
8.781041e+03 7.958286e-16 1.732051e-20
8.785207e+03 7.987333e-16 1.732051e-20
8.789374e+03 1.193096e-15 2.000000e-20
8.793540e+03 9.431613e-16 1.732051e-20
8.797707e+03 9.052360e-16 1.732051e-20
8.801873e+03 1.167912e-15 2.000000e-20
8.806040e+03 9.008772e-16 1.732051e-20
8.810206e+03 8.823002e-16 1.732051e-20
8.814372e+03 1.189167e-15 2.000000e-20
8.818539e+03 9.360412e-16 1.732051e-20
8.822705e+03 8.727033e-16 1.732051e-20
8.826872e+03 8.501499e-16 2.000000e-20
8.831038e+03 8.050539e-16 1.732051e-20
8.835204e+03 8.494187e-16 1.732051e-20
8.839371e+03 1.178170e-15 2.000000e-20
8.843537e+03 9.385252e-16 1.732051e-20
8.847704e+03 9.392826e-16 1.732051e-20
8.851870e+03 1.242872e-15 2.000000e-20
8.856036e+03 8.902174e-16 1.732051e-20
8.860203e+03 9.297766e-16 1.732051e-20
8.864369e+03 1.228268e-15 2.000000e-20
8.868536e+03 9.430660e-16 1.732051e-20
8.872702e+03 9.380149e-16 1.732051e-20
8.876868e+03 1.274797e-15 2.000000e-20
8.881035e+03 9.038744e-16 1.732051e-20
8.885201e+03 8.436715e-16 1.732051e-20
8.889368e+03 1.239207e-15 2.000000e-20
8.893534e+03 9.578920e-16 1.732051e-20
8.897701e+03 8.795413e-16 1.732051e-20
8.901867e+03 1.252975e-15 2.000000e-20
8.906033e+03 9.477930e-16 1.732051e-20
8.910200e+03 9.325416e-16 1.732051e-20
8.914366e+03 9.114239e-16 1.732051e-20
8.918533e+03 1.085909e-15 2.000000e-20
8.922699e+03 1.024329e-15 1.732051e-20
8.926865e+03 9.693188e-16 1.732051e-20
8.931032e+03 1.227746e-15 2.000000e-20
8.935198e+03 8.903667e-16 1.732051e-20
8.939365e+03 9.164368e-16 1.732051e-20
8.943531e+03 1.289844e-15 2.000000e-20
8.947697e+03 8.537640e-16 1.732051e-20
8.951864e+03 7.394320e-16 1.732051e-20
8.956030e+03 1.005373e-15 2.000000e-20
8.960197e+03 8.891514e-16 1.732051e-20
8.964363e+03 8.777035e-16 1.732051e-20
8.968529e+03 1.105307e-15 2.000000e-20
8.972696e+03 8.255834e-16 1.732051e-20
8.976862e+03 8.995726e-16 1.732051e-20
8.981029e+03 1.203151e-15 2.000000e-20
8.985195e+03 9.146116e-16 1.732051e-20
8.989362e+03 9.284382e-16 1.732051e-20
8.993528e+03 1.151186e-15 2.000000e-20
8.997694e+03 8.750950e-16 1.732051e-20
9.001861e+03 8.758331e-16 1.732051e-20
9.006027e+03 1.284969e-15 2.000000e-20
9.010194e+03 9.215562e-16 1.732051e-20
9.014360e+03 9.396090e-16 1.732051e-20
9.018526e+03 1.128540e-15 2.000000e-20
9.022693e+03 8.132743e-16 1.732051e-20
9.026859e+03 8.155565e-16 1.732051e-20
9.031026e+03 1.086207e-15 2.000000e-20
9.035192e+03 8.003469e-16 1.732051e-20
9.039358e+03 8.200329e-16 1.732051e-20
9.043525e+03 1.036770e-15 2.000000e-20
9.047691e+03 8.412289e-16 1.732051e-20
9.051858e+03 8.356937e-16 1.732051e-20
9.056024e+03 1.024298e-15 2.000000e-20
9.060190e+03 7.467476e-16 1.732051e-20
9.064357e+03 7.737774e-16 1.732051e-20
9.068523e+03 1.071667e-15 2.000000e-20
9.072690e+03 8.165299e-16 1.732051e-20
9.076856e+03 8.020305e-16 1.732051e-20
9.081023e+03 9.587266e-16 2.000000e-20
9.085189e+03 7.144575e-16 1.732051e-20
9.089355e+03 7.593215e-16 1.732051e-20
9.093522e+03 9.924142e-16 2.000000e-20
9.097688e+03 7.686033e-16 1.732051e-20
9.101855e+03 6.435739e-16 1.732051e-20
9.106021e+03 9.470860e-16 2.000000e-20
9.110187e+03 7.318795e-16 1.732051e-20
9.114354e+03 7.469734e-16 1.732051e-20
9.118520e+03 9.727221e-16 2.000000e-20
9.122687e+03 7.791848e-16 1.732051e-20
9.126853e+03 7.569184e-16 1.732051e-20
9.131019e+03 7.084884e-16 1.732051e-20
9.135186e+03 9.232166e-16 2.000000e-20
9.139352e+03 7.310512e-16 1.732051e-20
9.143519e+03 7.445800e-16 1.732051e-20
9.147685e+03 1.000734e-15 2.000000e-20
9.151851e+03 7.567131e-16 1.732051e-20
9.156018e+03 6.475760e-16 1.732051e-20
9.160184e+03 8.816906e-16 2.000000e-20
9.164351e+03 7.163985e-16 1.732051e-20
9.168517e+03 7.331749e-16 1.732051e-20
9.172684e+03 9.243160e-16 2.000000e-20
9.176850e+03 7.253601e-16 1.732051e-20
9.181016e+03 7.148222e-16 1.732051e-20
9.185183e+03 9.669362e-16 2.000000e-20
9.189349e+03 6.958812e-16 1.732051e-20
9.193516e+03 6.943196e-16 1.732051e-20
9.197682e+03 9.816718e-16 2.000000e-20
9.201848e+03 7.743854e-16 1.732051e-20
9.206015e+03 7.357606e-16 1.732051e-20
9.210181e+03 9.967636e-16 2.000000e-20
9.214348e+03 7.133510e-16 1.732051e-20
9.218514e+03 6.627294e-16 1.732051e-20
9.222680e+03 9.644067e-16 2.000000e-20
9.226847e+03 7.187301e-16 1.732051e-20
9.231013e+03 7.126229e-16 1.732051e-20
9.235180e+03 9.384085e-16 2.000000e-20
9.239346e+03 6.448498e-16 1.732051e-20
9.243512e+03 6.852120e-16 1.732051e-20
9.247679e+03 9.156206e-16 2.000000e-20
9.251845e+03 7.137514e-16 1.732051e-20
9.256012e+03 7.500241e-16 1.732051e-20
9.260178e+03 9.820217e-16 2.000000e-20
9.264345e+03 7.753366e-16 1.732051e-20
9.268511e+03 7.478696e-16 1.732051e-20
9.272677e+03 9.507226e-16 2.000000e-20
9.276844e+03 7.528872e-16 1.732051e-20
9.281010e+03 7.127771e-16 1.732051e-20
9.285177e+03 9.963548e-16 2.000000e-20
9.289343e+03 7.639316e-16 1.732051e-20
9.293509e+03 6.760434e-16 1.732051e-20
9.297676e+03 9.623435e-16 2.000000e-20
9.301842e+03 6.996036e-16 1.732051e-20
9.306009e+03 7.172337e-16 1.732051e-20
9.310175e+03 7.602275e-16 2.000000e-20
9.314341e+03 7.631717e-16 1.732051e-20
9.318508e+03 6.737313e-16 1.732051e-20
9.322674e+03 7.397126e-16 2.000000e-20
9.326841e+03 8.041757e-16 1.732051e-20
9.331007e+03 6.470248e-16 1.732051e-20
9.335173e+03 9.144945e-16 2.000000e-20
9.339340e+03 5.799118e-16 1.732051e-20
9.343506e+03 5.538571e-16 1.732051e-20
9.347673e+03 7.801987e-16 1.732051e-20
9.351839e+03 8.393704e-16 2.000000e-20
9.356006e+03 6.964115e-16 1.732051e-20
9.360172e+03 6.841079e-16 1.732051e-20
9.364338e+03 8.119586e-16 2.000000e-20
9.368505e+03 6.882459e-16 1.732051e-20
9.372671e+03 6.841637e-16 1.732051e-20
9.376838e+03 9.328478e-16 2.000000e-20
9.381004e+03 7.324217e-16 1.732051e-20
9.385170e+03 7.051165e-16 1.732051e-20
9.389337e+03 8.675481e-16 2.000000e-20
9.393503e+03 6.385759e-16 1.732051e-20
9.397670e+03 6.679797e-16 1.732051e-20
9.401836e+03 8.191798e-16 2.000000e-20
9.406002e+03 7.084878e-16 1.732051e-20
9.410169e+03 6.943888e-16 1.732051e-20
9.414335e+03 9.501064e-16 2.000000e-20
9.418502e+03 6.676117e-16 1.732051e-20
9.422668e+03 6.483909e-16 1.732051e-20
9.426834e+03 8.152828e-16 2.000000e-20
9.431001e+03 6.922764e-16 1.732051e-20
9.435167e+03 7.714671e-16 1.732051e-20
9.439334e+03 8.882295e-16 2.000000e-20
9.443500e+03 4.669141e-16 1.732051e-20
9.447667e+03 6.319535e-16 1.732051e-20
9.451833e+03 7.333769e-16 2.000000e-20
9.455999e+03 7.226992e-16 1.732051e-20
9.460166e+03 5.817774e-16 1.732051e-20
9.464332e+03 1.012715e-15 2.000000e-20
9.468499e+03 6.793657e-16 1.732051e-20
9.472665e+03 6.688974e-16 1.732051e-20
9.476831e+03 7.950574e-16 2.000000e-20
9.480998e+03 6.425519e-16 1.732051e-20
9.485164e+03 7.044975e-16 1.732051e-20
9.489331e+03 8.866992e-16 2.000000e-20
9.493497e+03 6.124805e-16 1.732051e-20
9.497663e+03 7.108776e-16 1.732051e-20
9.501830e+03 7.946937e-16 2.000000e-20
9.505996e+03 7.325888e-16 1.732051e-20
9.510163e+03 7.420820e-16 1.732051e-20
9.514329e+03 8.227390e-16 2.000000e-20
9.518495e+03 4.562881e-16 1.732051e-20
9.522662e+03 6.461949e-16 1.732051e-20
9.526828e+03 8.275321e-16 2.000000e-20
9.530995e+03 7.136649e-16 1.732051e-20
9.535161e+03 6.879608e-16 1.732051e-20
9.539328e+03 7.679006e-16 2.000000e-20
9.543494e+03 6.618025e-16 1.732051e-20
9.547660e+03 6.960669e-16 1.732051e-20
9.551827e+03 7.771196e-16 2.000000e-20
9.555993e+03 6.430263e-16 1.732051e-20
9.560160e+03 6.785210e-16 1.732051e-20
9.564326e+03 7.472593e-16 2.000000e-20
